0 1.000000 0.486857 1.000000 0.546675 0.993714 0.546614 0.988817 0.546197 0.988948 0.536534 0.991102 0.531964 0.987829 0.530177 0.979775 0.524774 0.974027 0.519515 0.966649 0.516780 0.966587 0.515950 0.969879 0.508724 0.965539 0.505418 0.966155 0.503630 0.965526 0.502905 0.964735 0.500628 0.965127 0.496793 0.965125 0.496722 0.965204 0.496042 0.965526 0.492882 0.971438 0.491543 0.975940 0.491991 0.976387 0.491787 0.982780 0.489300 0.984590 0.487880 0.991827 0.488452 0.995302 0.488075
0 0.938849 0.456641 0.935604 0.461847 0.935755 0.464375 0.931246 0.471825 0.927155 0.471610 0.919779 0.471489 0.915918 0.471697 0.911498 0.470166 0.911295 0.468524 0.910147 0.460686 0.913614 0.458221 0.913872 0.456772 0.918784 0.452418 0.921732 0.451268 0.924036 0.450096 0.933345 0.450887 0.936024 0.455722
0 0.743475 0.503559 0.742334 0.507055 0.738639 0.519460 0.737049 0.519082 0.737014 0.520214 0.735617 0.523174 0.730281 0.523174 0.727500 0.518492 0.725203 0.518096 0.721553 0.514258 0.719410 0.511208 0.721462 0.507280 0.721363 0.506130 0.723250 0.501195 0.724293 0.500711 0.725939 0.498193 0.728319 0.497957 0.729500 0.496898 0.732168 0.496602 0.740305 0.496898 0.741791 0.498384 0.742087 0.501833 0.742067 0.502431
0 0.467126 0.470864 0.468253 0.471907 0.470206 0.473469 0.473395 0.475663 0.472550 0.480500 0.467220 0.485107 0.462803 0.488589 0.457316 0.489875 0.455753 0.488313 0.455753 0.482844 0.459605 0.478992 0.460050 0.478547 0.457196 0.477682 0.454997 0.477649 0.456534 0.476594 0.448796 0.476550 0.448621 0.476534 0.449017 0.474640 0.449094 0.474472 0.449167 0.474181 0.450082 0.473546 0.450128 0.468406 0.450428 0.466114 0.458891 0.465166 0.461989 0.466119 0.462117 0.466230 0.463995 0.467968 0.467001 0.470748
0 0.113580 0.173711 0.115696 0.172840 0.123681 0.176992 0.127658 0.178798 0.130345 0.181973 0.127755 0.195799 0.126449 0.195818 0.112325 0.194359 0.111670 0.191913 0.112238 0.177211
0 0.152498 0.643274 0.152696 0.637477 0.162440 0.635232 0.166820 0.632806 0.174505 0.632800 0.176984 0.636638 0.180040 0.637087 0.185767 0.642813 0.183880 0.645795 0.171469 0.646879 0.167864 0.649702 0.162793 0.650086 0.155041 0.652837 0.151267 0.649845 0.153319 0.646307
0 0.025992 0.607061 0.026591 0.601550 0.028755 0.601242 0.031255 0.598789 0.031445 0.595359 0.034114 0.589416 0.042275 0.590108 0.045747 0.592142 0.051880 0.592055 0.056550 0.594768 0.060757 0.595614 0.061170 0.596559 0.062898 0.596781 0.067223 0.603923 0.070942 0.604777 0.074237 0.607486 0.070333 0.613785 0.067740 0.615765 0.071481 0.626013 0.069194 0.630641 0.060918 0.630765 0.056921 0.631818 0.053688 0.630691 0.051242 0.624802 0.041063 0.616236 0.037466 0.620800 0.036133 0.624357 0.030232 0.630347 0.027609 0.638463 0.024454 0.638673 0.015274 0.633682 0.017288 0.630601 0.017216 0.630561 0.015197 0.627760 0.013777 0.618661 0.014885 0.618364 0.014949 0.618270 0.018779 0.614831 0.020710 0.613952 0.025087 0.609833
0 0.039732 0.710024 0.046311 0.705520 0.050050 0.701712 0.055662 0.697796 0.060533 0.695538 0.064460 0.692458 0.069255 0.687651 0.075013 0.679516 0.078840 0.678301 0.086267 0.679263 0.087923 0.683527 0.091871 0.685726 0.097885 0.693356 0.106233 0.694030 0.119321 0.693462 0.124889 0.693734 0.134718 0.687517 0.136941 0.686778 0.137277 0.686550 0.139659 0.685875 0.149411 0.682634 0.163506 0.682759 0.168677 0.675635 0.175069 0.674413 0.181789 0.674413 0.185813 0.675605 0.188581 0.681705 0.194920 0.678878 0.200765 0.674540 0.210651 0.668209 0.217193 0.662716 0.221306 0.660337 0.231330 0.665093 0.228921 0.668921 0.225214 0.673469 0.220967 0.681651 0.216986 0.685180 0.215012 0.685797 0.206134 0.691963 0.193593 0.697720 0.192116 0.699198 0.180815 0.705428 0.173048 0.704876 0.167038 0.707499 0.163733 0.707779 0.160036 0.710048 0.154564 0.711720 0.152302 0.713579 0.142848 0.715648 0.137679 0.713989 0.134637 0.710587 0.130264 0.712680 0.123419 0.716627 0.114518 0.715843 0.108702 0.711044 0.104466 0.708706 0.099266 0.708524 0.089205 0.709070 0.083707 0.708677 0.077996 0.710552 0.073573 0.713050 0.068034 0.713717 0.062309 0.715963 0.058055 0.715245 0.047907 0.716403 0.040193 0.716127
0 0.416445 0.659884 0.413380 0.659026 0.413082 0.650163 0.422123 0.642995 0.426611 0.642417 0.432800 0.645558 0.444904 0.649459 0.447743 0.651907 0.455764 0.655632 0.456117 0.672153 0.459357 0.672505 0.466477 0.675719 0.473605 0.677530 0.476246 0.681679 0.467609 0.683973 0.464311 0.686879 0.456689 0.690198 0.450168 0.687625 0.442113 0.689188 0.435172 0.692171 0.428108 0.690921 0.433434 0.686222 0.433384 0.680175 0.419970 0.671371 0.419332 0.665788 0.421923 0.664292 0.428954 0.668198 0.432707 0.668065 0.432327 0.663807 0.428239 0.662063 0.425153 0.658871
0 0.516530 0.640212 0.517508 0.636026 0.519341 0.632857 0.525111 0.630992 0.528716 0.629732 0.536786 0.629732 0.540940 0.634667 0.544703 0.637258 0.546866 0.638639 0.547943 0.647948 0.547647 0.650616 0.541216 0.652493 0.538459 0.648685 0.527064 0.642248 0.518969 0.641731
0 0.611669 0.846036 0.613725 0.841772 0.627420 0.839434 0.632431 0.839339 0.634775 0.841293 0.636013 0.842845 0.643825 0.849171 0.644464 0.853974 0.638681 0.860929 0.635623 0.861225 0.633255 0.860564 0.624752 0.858194 0.620922 0.854364 0.618254 0.850134 0.613725 0.847559
0 0.573804 0.894979 0.580147 0.890245 0.593202 0.893355 0.593482 0.896900 0.591910 0.906898 0.581678 0.904218 0.580209 0.898912
0 0.678800 0.740221 0.687441 0.739380 0.692752 0.741550 0.701052 0.743045 0.710806 0.752799 0.718850 0.756655 0.720728 0.762962 0.716924 0.765030 0.707322 0.764895 0.699470 0.765035 0.694224 0.763947 0.689547 0.760317 0.683155 0.758113 0.678520 0.757142 0.674361 0.745632
0 0.652738 0.919773 0.664898 0.920522 0.669461 0.921029 0.672270 0.925934 0.672085 0.928634 0.671606 0.931243 0.671155 0.937552 0.668793 0.941250 0.661223 0.941488 0.654321 0.941250 0.650444 0.937373 0.650350 0.936800 0.647821 0.934821 0.647412 0.929920 0.644431 0.921565 0.648875 0.920375
0 0.026557 0.944143 0.030114 0.948273 0.032436 0.948892 0.035591 0.953475 0.037041 0.957273 0.040866 0.965350 0.035210 0.974978 0.030841 0.981896 0.024311 0.982718 0.020048 0.980805 0.015973 0.980144 0.012819 0.978737 0.004806 0.976332 0.000000 0.974344 0.000000 0.938215 0.003443 0.937855 0.009521 0.936344 0.012977 0.935156 0.015008 0.936236 0.022452 0.933216 0.023964 0.938859
