0 0.199219 0.343750 0.214844 0.347656 0.218750 0.347656 0.222656 0.359375 0.226562 0.363281 0.210938 0.394531 0.207031 0.398438 0.132812 0.394531 0.128906 0.390625 0.125000 0.375000 0.125000 0.371094 0.140625 0.351562 0.144531 0.347656 0.199219 0.343750
0 0.886719 0.144531 0.917969 0.144531 0.921875 0.144531 0.941406 0.156250 0.945312 0.160156 0.945312 0.230469 0.945312 0.234375 0.937500 0.250000 0.933594 0.253906 0.917969 0.257812 0.914062 0.261719 0.910156 0.261719 0.906250 0.261719 0.890625 0.246094 0.886719 0.246094 0.871094 0.265625 0.871094 0.269531 0.859375 0.273438 0.855469 0.273438 0.847656 0.253906 0.847656 0.250000 0.832031 0.238281 0.828125 0.238281 0.824219 0.226562 0.824219 0.222656 0.847656 0.207031 0.851562 0.203125 0.847656 0.175781 0.847656 0.171875 0.886719 0.144531
0 0.300781 0.035156 0.332031 0.039062 0.335938 0.039062 0.335938 0.058594 0.335938 0.062500 0.332031 0.066406 0.328125 0.070312 0.300781 0.070312 0.296875 0.070312 0.289062 0.058594 0.289062 0.054688 0.292969 0.042969 0.292969 0.039062 0.300781 0.035156
0 0.050781 0.574219 0.082031 0.574219 0.085938 0.578125 0.085938 0.589844 0.085938 0.593750 0.078125 0.605469 0.078125 0.609375 0.062500 0.617188 0.058594 0.621094 0.046875 0.621094 0.042969 0.621094 0.039062 0.597656 0.035156 0.593750 0.035156 0.589844 0.035156 0.585938 0.050781 0.574219
0 0.875000 0.746094 0.910156 0.761719 0.914062 0.765625 0.914062 0.789062 0.914062 0.792969 0.902344 0.804688 0.898438 0.808594 0.878906 0.808594 0.875000 0.808594 0.863281 0.792969 0.859375 0.789062 0.859375 0.769531 0.859375 0.765625 0.875000 0.746094
0 0.613281 0.644531 0.640625 0.644531 0.644531 0.644531 0.648438 0.648438 0.652344 0.648438 0.656250 0.664062 0.656250 0.667969 0.652344 0.671875 0.648438 0.675781 0.621094 0.671875 0.617188 0.671875 0.613281 0.667969 0.609375 0.664062 0.613281 0.644531
0 0.835938 0.394531 0.851562 0.398438 0.855469 0.402344 0.855469 0.421875 0.851562 0.425781 0.824219 0.425781 0.820312 0.421875 0.820312 0.414062 0.820312 0.410156 0.835938 0.394531
0 0.400631 0.146220 0.409916 0.138096 0.415720 0.136936 0.428486 0.118365 0.428486 0.098635 0.416880 0.098635 0.413398 0.106759 0.409916 0.109080 0.402953 0.109080 0.398310 0.105598 0.393668 0.105598 0.393668 0.103277 0.384382 0.104438 0.382061 0.109080 0.382061 0.119526 0.387864 0.128811 0.397150 0.132293 0.397150 0.134614 0.399471 0.134614 0.400631 0.136936
0 0.384382 0.176396 0.372777 0.175236 0.368134 0.172914 0.365812 0.167112 0.365812 0.157827 0.361170 0.146220 0.358849 0.145060 0.358849 0.134614 0.363491 0.125329 0.373937 0.124168 0.377419 0.127650 0.386704 0.128811 0.390186 0.138096 0.395989 0.143899 0.395989 0.147381 0.400631 0.154345 0.400631 0.168272 0.393668 0.172914
0 0.896883 0.947532 0.891216 0.940921 0.881771 0.922976 0.867605 0.908809 0.859104 0.886142 0.858160 0.824752 0.862882 0.821918 0.885549 0.821918 0.889327 0.823807 0.897827 0.846475 0.897827 0.855919 0.900661 0.858753 0.901605 0.871030 0.903494 0.871975 0.911050 0.888031 0.911050 0.892608 0.911050 0.894642 0.912939 0.898420 0.922384 0.908809 0.923328 0.938087 0.918605 0.943754 0.911050 0.944699 0.906328 0.947532
0 0.921584 0.891736 0.951226 0.891736 0.949482 0.882146 0.940764 0.862966 0.939021 0.855120 0.936405 0.851633 0.931174 0.850761 0.931174 0.844659 0.924200 0.839428 0.912866 0.838556 0.907635 0.840299 0.902404 0.846402 0.899789 0.863838 0.908507 0.869941 0.915482 0.888249
0 0.363491 0.412003 0.344921 0.412003 0.344921 0.409681 0.333315 0.402718 0.330994 0.400396 0.330994 0.381827 0.341439 0.372541 0.384382 0.370220 0.385543 0.399236 0.378580 0.406200 0.372777 0.416645
0 0.558594 0.000000 0.558594 0.019531 0.558594 0.023438 0.554688 0.027344 0.554688 0.031250 0.554688 0.035156 0.550781 0.039062 0.546875 0.042969 0.546875 0.050781 0.546875 0.054688 0.542969 0.058594 0.539062 0.058594 0.535156 0.062500 0.531250 0.062500 0.527344 0.066406 0.523438 0.066406 0.519531 0.062500 0.515625 0.058594 0.511719 0.058594 0.507812 0.058594 0.507812 0.054688 0.503906 0.050781 0.500000 0.046875 0.496094 0.046875 0.492188 0.042969 0.488281 0.042969 0.488281 0.035156 0.488281 0.031250 0.484375 0.027344 0.480469 0.023438 0.480469 0.015625 0.480469 0.011719 0.484375 0.007812 0.484375 0.000000
0 0.987173 0.019531 0.990417 0.026681 0.988281 0.031250 0.984375 0.035156 0.984375 0.046875 0.984375 0.050781 0.992188 0.058594 0.996094 0.058594 0.996094 0.078125 0.996094 0.082031 0.992188 0.085938 0.960938 0.085938 0.957031 0.085938 0.933594 0.085938 0.929688 0.085938 0.925781 0.085938 0.925781 0.082031 0.921875 0.078125 0.921875 0.074219 0.917969 0.070312 0.917969 0.062500 0.917969 0.058594 0.921875 0.058594 0.925781 0.054688 0.925781 0.050781 0.929688 0.046875 0.933594 0.042969 0.933594 0.039062 0.933594 0.035156 0.941406 0.027344 0.945312 0.023438 0.949219 0.023438 0.953125 0.023438 0.964844 0.011719 0.968750 0.007812 0.985780 0.011502
0 0.148438 0.035156 0.152344 0.035156 0.156250 0.035156 0.160156 0.039062 0.164062 0.042969 0.171875 0.042969 0.175781 0.042969 0.179688 0.046875 0.183594 0.046875 0.187500 0.046875 0.191406 0.050781 0.195312 0.050781 0.203125 0.058594 0.207031 0.062500 0.210938 0.062500 0.214844 0.062500 0.218750 0.066406 0.222656 0.066406 0.226562 0.066406 0.230469 0.070312 0.234375 0.070312 0.234375 0.082031 0.238281 0.085938 0.234375 0.085938 0.230469 0.089844 0.226562 0.093750 0.226562 0.097656 0.222656 0.101562 0.214844 0.101562 0.210938 0.105469 0.210938 0.128906 0.210938 0.132812 0.214844 0.136719 0.214844 0.140625 0.218750 0.144531 0.218750 0.156250 0.218750 0.160156 0.214844 0.164062 0.214844 0.171875 0.214844 0.175781 0.210938 0.179688 0.207031 0.183594 0.203125 0.183594 0.199219 0.179688 0.195312 0.175781 0.175781 0.175781 0.171875 0.175781 0.164062 0.167969 0.160156 0.164062 0.160156 0.160156 0.156250 0.156250 0.156250 0.152344 0.144531 0.140625 0.140625 0.140625 0.136719 0.136719 0.136719 0.132812 0.132812 0.128906 0.128906 0.128906 0.132812 0.128906 0.136719 0.125000 0.140625 0.125000 0.144531 0.121094 0.144531 0.109375 0.144531 0.105469 0.140625 0.101562 0.136719 0.101562 0.136719 0.097656 0.132812 0.093750 0.128906 0.089844 0.128906 0.085938 0.125000 0.082031 0.128906 0.078125 0.128906 0.074219 0.128906 0.070312 0.132812 0.070312 0.136719 0.066406 0.136719 0.058594 0.136719 0.054688 0.132812 0.050781 0.132812 0.046875 0.132812 0.042969 0.136719 0.039062 0.140625 0.039062 0.144531 0.039062 0.148438 0.035156
0 0.664062 0.082031 0.679688 0.082031 0.683594 0.082031 0.687500 0.085938 0.691406 0.085938 0.695312 0.089844 0.695312 0.125000 0.691406 0.128906 0.687500 0.128906 0.683594 0.128906 0.679688 0.125000 0.675781 0.125000 0.675781 0.121094 0.675781 0.117188 0.671875 0.113281 0.667969 0.109375 0.667969 0.105469 0.664062 0.101562 0.664062 0.097656 0.660156 0.093750 0.660156 0.089844 0.656250 0.085938 0.660156 0.085938 0.664062 0.082031
0 0.804688 0.097656 0.812500 0.097656 0.816406 0.101562 0.816406 0.105469 0.816406 0.109375 0.820312 0.113281 0.820312 0.121094 0.816406 0.125000 0.812500 0.125000 0.808594 0.121094 0.796875 0.121094 0.792969 0.121094 0.792969 0.109375 0.789062 0.105469 0.792969 0.101562 0.796875 0.101562 0.800781 0.101562 0.804688 0.097656
0 0.074219 0.191406 0.089844 0.191406 0.093750 0.191406 0.093750 0.210938 0.093750 0.214844 0.089844 0.218750 0.085938 0.222656 0.085938 0.226562 0.082031 0.230469 0.078125 0.234375 0.070312 0.234375 0.066406 0.234375 0.054688 0.222656 0.050781 0.218750 0.054688 0.214844 0.054688 0.210938 0.054688 0.207031 0.058594 0.203125 0.062500 0.199219 0.066406 0.199219 0.074219 0.191406
0 0.699219 0.191406 0.707031 0.191406 0.710938 0.191406 0.714844 0.195312 0.718750 0.195312 0.722656 0.195312 0.722656 0.203125 0.726562 0.207031 0.722656 0.210938 0.722656 0.222656 0.722656 0.226562 0.707031 0.242188 0.703125 0.246094 0.699219 0.246094 0.695312 0.242188 0.687500 0.242188 0.683594 0.238281 0.671875 0.238281 0.667969 0.238281 0.667969 0.226562 0.671875 0.222656 0.671875 0.210938 0.671875 0.207031 0.667969 0.203125 0.664062 0.203125 0.687500 0.203125 0.691406 0.203125 0.695312 0.199219 0.699219 0.195312 0.699219 0.191406
0 0.636719 0.460938 0.640625 0.464844 0.644531 0.464844 0.648438 0.464844 0.652344 0.468750 0.656250 0.468750 0.660156 0.472656 0.664062 0.476562 0.660156 0.480469 0.660156 0.484375 0.656250 0.488281 0.644531 0.488281 0.640625 0.492188 0.636719 0.492188 0.632812 0.488281 0.628906 0.488281 0.625000 0.488281 0.625000 0.468750 0.625000 0.464844 0.628906 0.464844 0.632812 0.464844 0.636719 0.460938
0 0.710938 0.500000 0.730469 0.500000 0.734375 0.500000 0.738281 0.503906 0.742188 0.503906 0.742188 0.507812 0.738281 0.511719 0.738281 0.515625 0.734375 0.519531 0.730469 0.519531 0.726562 0.523438 0.722656 0.523438 0.718750 0.523438 0.714844 0.527344 0.710938 0.527344 0.707031 0.523438 0.710938 0.519531 0.710938 0.500000
0 0.785156 0.761719 0.789062 0.761719 0.792969 0.761719 0.796875 0.765625 0.800781 0.765625 0.800781 0.769531 0.804688 0.773438 0.816406 0.773438 0.820312 0.773438 0.820312 0.781250 0.824219 0.785156 0.820312 0.789062 0.820312 0.796875 0.816406 0.800781 0.804688 0.800781 0.800781 0.800781 0.796875 0.796875 0.789062 0.796875 0.785156 0.792969 0.785156 0.761719
0 0.566406 0.878906 0.574219 0.878906 0.578125 0.882812 0.621094 0.882812 0.625000 0.882812 0.625000 0.906250 0.625000 0.910156 0.621094 0.914062 0.617188 0.917969 0.601562 0.917969 0.597656 0.917969 0.593750 0.921875 0.582031 0.921875 0.578125 0.921875 0.578125 0.910156 0.578125 0.906250 0.574219 0.902344 0.562500 0.902344 0.558594 0.902344 0.558594 0.894531 0.558594 0.890625 0.562500 0.886719 0.566406 0.882812 0.566406 0.878906
0 0.867188 0.964844 0.878906 0.964844 0.882812 0.964844 0.886719 0.968750 0.890625 0.972656 0.890625 0.984375 0.894531 0.988281 0.894531 0.992188 0.890625 0.996094 0.886719 1.000000 0.863281 1.000000 0.863281 1.000000 0.859375 1.000000 0.859375 0.992188 0.855469 0.988281 0.859375 0.984375 0.859375 0.980469 0.859375 0.976562 0.863281 0.972656 0.863281 0.968750 0.867188 0.964844
