0 0.144531 0.000000 0.144531 0.000000 0.140625 0.003906 0.140625 0.007812 0.136719 0.011719 0.136719 0.015625 0.132812 0.019531 0.128906 0.019531 0.125000 0.023438 0.097656 0.023438 0.093750 0.023438 0.089844 0.019531 0.085938 0.015625 0.085938 0.011719 0.082031 0.007812 0.082031 0.003906 0.078125 0.000000 0.078125 0.000000
0 0.578125 0.042969 0.585938 0.042969 0.589844 0.042969 0.593750 0.046875 0.597656 0.046875 0.601562 0.050781 0.601562 0.058594 0.601562 0.062500 0.597656 0.066406 0.589844 0.066406 0.585938 0.070312 0.585938 0.066406 0.582031 0.062500 0.582031 0.050781 0.582031 0.046875 0.578125 0.042969
0 0.332031 0.117188 0.339844 0.117188 0.343750 0.117188 0.343750 0.128906 0.343750 0.132812 0.339844 0.136719 0.335938 0.136719 0.332031 0.140625 0.328125 0.140625 0.324219 0.140625 0.324219 0.132812 0.324219 0.128906 0.328125 0.125000 0.332031 0.121094 0.332031 0.117188
0 0.000000 0.144531 0.000000 0.144531 0.003906 0.148438 0.007812 0.152344 0.007812 0.160156 0.011719 0.164062 0.007812 0.167969 0.007812 0.179688 0.007812 0.183594 0.003906 0.187500 0.003906 0.191406 0.003906 0.195312 0.000000 0.199219 0.000000 0.203125 0.000000 0.203125
0 0.558594 0.195312 0.570312 0.195312 0.574219 0.195312 0.578125 0.199219 0.582031 0.199219 0.582031 0.203125 0.585938 0.207031 0.589844 0.207031 0.589844 0.210938 0.593750 0.214844 0.601562 0.214844 0.605469 0.214844 0.605469 0.218750 0.601562 0.222656 0.601562 0.226562 0.597656 0.230469 0.593750 0.230469 0.585938 0.238281 0.585938 0.242188 0.582031 0.238281 0.566406 0.238281 0.562500 0.238281 0.554688 0.246094 0.550781 0.246094 0.550781 0.242188 0.546875 0.238281 0.542969 0.238281 0.539062 0.234375 0.539062 0.230469 0.535156 0.226562 0.531250 0.226562 0.527344 0.226562 0.523438 0.222656 0.515625 0.222656 0.511719 0.218750 0.511719 0.214844 0.507812 0.210938 0.515625 0.210938 0.519531 0.207031 0.550781 0.207031 0.554688 0.207031 0.558594 0.203125 0.558594 0.195312
0 0.062500 0.285156 0.093750 0.285156 0.097656 0.285156 0.097656 0.304688 0.097656 0.308594 0.093750 0.312500 0.089844 0.316406 0.089844 0.324219 0.085938 0.328125 0.085938 0.339844 0.085938 0.343750 0.078125 0.351562 0.074219 0.355469 0.058594 0.355469 0.054688 0.351562 0.054688 0.347656 0.054688 0.343750 0.050781 0.339844 0.050781 0.335938 0.046875 0.332031 0.046875 0.328125 0.046875 0.324219 0.042969 0.320312 0.039062 0.320312 0.039062 0.316406 0.035156 0.312500 0.035156 0.308594 0.035156 0.304688 0.039062 0.300781 0.039062 0.296875 0.039062 0.292969 0.042969 0.292969 0.046875 0.289062 0.054688 0.289062 0.058594 0.289062 0.062500 0.285156
0 0.589844 0.324219 0.597656 0.324219 0.601562 0.324219 0.605469 0.328125 0.609375 0.332031 0.605469 0.332031 0.601562 0.335938 0.597656 0.335938 0.593750 0.332031 0.589844 0.332031 0.589844 0.324219
0 0.945312 0.335938 0.957031 0.335938 0.960938 0.335938 0.960938 0.343750 0.960938 0.347656 0.957031 0.351562 0.957031 0.363281 0.957031 0.367188 0.953125 0.371094 0.949219 0.371094 0.945312 0.375000 0.941406 0.375000 0.937500 0.378906 0.933594 0.382812 0.929688 0.382812 0.925781 0.382812 0.925781 0.375000 0.921875 0.371094 0.925781 0.367188 0.925781 0.355469 0.925781 0.351562 0.933594 0.343750 0.937500 0.339844 0.941406 0.339844 0.945312 0.335938
0 0.957031 0.410156 0.964844 0.410156 0.968750 0.414062 0.968750 0.417969 0.968750 0.421875 0.972656 0.425781 0.972656 0.433594 0.972656 0.437500 0.960938 0.449219 0.957031 0.453125 0.953125 0.453125 0.949219 0.457031 0.945312 0.457031 0.941406 0.457031 0.937500 0.453125 0.933594 0.453125 0.933594 0.437500 0.933594 0.433594 0.937500 0.429688 0.937500 0.425781 0.937500 0.421875 0.941406 0.417969 0.945312 0.414062 0.949219 0.414062 0.953125 0.414062 0.957031 0.410156
0 1.000000 0.546875 1.000000 0.546875 0.996094 0.550781 0.992188 0.550781 0.988281 0.550781 0.984375 0.554688 0.980469 0.554688 0.976562 0.554688 0.976562 0.550781 0.976562 0.546875 0.980469 0.542969 0.980469 0.539062 0.984375 0.535156 0.984375 0.531250 0.984375 0.527344 0.988281 0.523438 0.988281 0.519531 0.992188 0.519531 0.996094 0.515625 0.996094 0.500000 0.992188 0.496094 0.996094 0.492188 0.996094 0.488281 1.000000 0.488281 1.000000 0.488281
0 0.761719 0.488281 0.777344 0.488281 0.781250 0.488281 0.785156 0.492188 0.789062 0.492188 0.792969 0.492188 0.789062 0.492188 0.785156 0.496094 0.785156 0.500000 0.777344 0.507812 0.773438 0.511719 0.773438 0.515625 0.769531 0.519531 0.765625 0.519531 0.761719 0.519531 0.757812 0.515625 0.757812 0.511719 0.753906 0.507812 0.757812 0.503906 0.757812 0.500000 0.757812 0.496094 0.761719 0.492188 0.761719 0.488281
0 0.675781 0.570312 0.679688 0.574219 0.687500 0.574219 0.691406 0.578125 0.691406 0.585938 0.691406 0.589844 0.687500 0.593750 0.683594 0.597656 0.679688 0.597656 0.675781 0.593750 0.671875 0.593750 0.671875 0.578125 0.671875 0.574219 0.675781 0.570312
0 0.199219 0.582031 0.210938 0.582031 0.214844 0.582031 0.214844 0.585938 0.218750 0.589844 0.222656 0.589844 0.226562 0.593750 0.226562 0.597656 0.222656 0.601562 0.218750 0.601562 0.210938 0.609375 0.207031 0.609375 0.203125 0.605469 0.203125 0.597656 0.203125 0.593750 0.199219 0.589844 0.199219 0.582031
0 0.832031 0.683594 0.847656 0.683594 0.851562 0.687500 0.851562 0.691406 0.847656 0.695312 0.847656 0.699219 0.843750 0.703125 0.839844 0.707031 0.835938 0.707031 0.832031 0.703125 0.828125 0.703125 0.824219 0.703125 0.824219 0.695312 0.824219 0.691406 0.832031 0.683594
0 0.472656 0.695312 0.488281 0.695312 0.492188 0.695312 0.496094 0.699219 0.492188 0.703125 0.492188 0.707031 0.492188 0.710938 0.488281 0.714844 0.484375 0.714844 0.480469 0.718750 0.476562 0.714844 0.472656 0.714844 0.472656 0.710938 0.468750 0.707031 0.468750 0.703125 0.468750 0.699219 0.472656 0.695312
0 0.542969 0.710938 0.546875 0.710938 0.550781 0.710938 0.550781 0.722656 0.550781 0.726562 0.554688 0.730469 0.554688 0.734375 0.558594 0.738281 0.550781 0.746094 0.546875 0.750000 0.542969 0.746094 0.539062 0.742188 0.539062 0.738281 0.535156 0.734375 0.535156 0.726562 0.535156 0.722656 0.539062 0.718750 0.539062 0.714844 0.542969 0.710938
0 0.496094 0.738281 0.503906 0.738281 0.507812 0.738281 0.511719 0.742188 0.511719 0.746094 0.511719 0.750000 0.515625 0.753906 0.515625 0.757812 0.519531 0.761719 0.519531 0.773438 0.519531 0.777344 0.515625 0.781250 0.515625 0.785156 0.511719 0.789062 0.507812 0.792969 0.507812 0.800781 0.503906 0.804688 0.500000 0.804688 0.496094 0.804688 0.496094 0.800781 0.492188 0.796875 0.488281 0.796875 0.484375 0.792969 0.480469 0.789062 0.464844 0.789062 0.460938 0.789062 0.460938 0.781250 0.457031 0.777344 0.460938 0.773438 0.460938 0.769531 0.460938 0.765625 0.464844 0.761719 0.464844 0.757812 0.468750 0.753906 0.472656 0.750000 0.476562 0.750000 0.480469 0.746094 0.484375 0.746094 0.488281 0.742188 0.492188 0.742188 0.496094 0.738281
0 0.339844 0.812500 0.355469 0.812500 0.359375 0.812500 0.363281 0.816406 0.363281 0.820312 0.363281 0.824219 0.367188 0.828125 0.371094 0.828125 0.375000 0.828125 0.375000 0.832031 0.382812 0.839844 0.386719 0.839844 0.386719 0.847656 0.386719 0.851562 0.390625 0.855469 0.394531 0.859375 0.402344 0.859375 0.406250 0.859375 0.406250 0.863281 0.406250 0.867188 0.410156 0.871094 0.414062 0.875000 0.414062 0.878906 0.414062 0.882812 0.410156 0.886719 0.406250 0.890625 0.406250 0.894531 0.406250 0.898438 0.402344 0.902344 0.398438 0.906250 0.394531 0.906250 0.390625 0.910156 0.386719 0.910156 0.382812 0.914062 0.382812 0.917969 0.378906 0.921875 0.375000 0.925781 0.375000 0.937500 0.375000 0.941406 0.371094 0.945312 0.371094 0.949219 0.371094 0.953125 0.367188 0.957031 0.363281 0.960938 0.363281 0.972656 0.367188 0.976562 0.375000 0.976562 0.378906 0.976562 0.382812 0.980469 0.390625 0.980469 0.394531 0.980469 0.394531 0.984375 0.398438 0.988281 0.402344 0.992188 0.402344 1.000000 0.347656 1.000000 0.347656 1.000000 0.343750 0.996094 0.335938 0.996094 0.332031 0.996094 0.328125 1.000000 0.328125 1.000000 0.250000 1.000000 0.250000 0.984375 0.250000 0.980469 0.253906 0.976562 0.253906 0.960938 0.253906 0.957031 0.257812 0.957031 0.261719 0.953125 0.261719 0.949219 0.265625 0.949219 0.269531 0.945312 0.269531 0.941406 0.273438 0.941406 0.277344 0.937500 0.277344 0.933594 0.285156 0.925781 0.289062 0.921875 0.289062 0.917969 0.292969 0.914062 0.292969 0.890625 0.296875 0.886719 0.304688 0.886719 0.308594 0.886719 0.312500 0.890625 0.316406 0.894531 0.328125 0.894531 0.332031 0.890625 0.332031 0.886719 0.332031 0.882812 0.335938 0.878906 0.335938 0.871094 0.335938 0.867188 0.339844 0.863281 0.339844 0.855469 0.339844 0.851562 0.335938 0.847656 0.308594 0.847656 0.304688 0.847656 0.304688 0.835938 0.304688 0.832031 0.308594 0.828125 0.312500 0.828125 0.316406 0.824219 0.320312 0.824219 0.324219 0.820312 0.328125 0.820312 0.332031 0.816406 0.335938 0.816406 0.339844 0.812500
0 0.687500 0.824219 0.691406 0.828125 0.703125 0.828125 0.707031 0.828125 0.710938 0.832031 0.714844 0.832031 0.714844 0.847656 0.714844 0.851562 0.710938 0.855469 0.707031 0.859375 0.703125 0.859375 0.699219 0.859375 0.695312 0.855469 0.691406 0.855469 0.687500 0.855469 0.683594 0.851562 0.675781 0.851562 0.671875 0.851562 0.671875 0.847656 0.671875 0.843750 0.675781 0.839844 0.679688 0.835938 0.679688 0.832031 0.679688 0.828125 0.683594 0.828125 0.687500 0.824219
0 0.859375 0.828125 0.875000 0.828125 0.878906 0.828125 0.882812 0.832031 0.886719 0.832031 0.890625 0.832031 0.890625 0.835938 0.894531 0.839844 0.890625 0.843750 0.886719 0.847656 0.882812 0.847656 0.878906 0.847656 0.871094 0.855469 0.867188 0.855469 0.863281 0.859375 0.863281 0.863281 0.863281 0.867188 0.855469 0.875000 0.851562 0.875000 0.847656 0.878906 0.847656 0.882812 0.843750 0.886719 0.839844 0.886719 0.835938 0.890625 0.832031 0.894531 0.828125 0.894531 0.824219 0.890625 0.820312 0.890625 0.816406 0.890625 0.816406 0.886719 0.812500 0.882812 0.816406 0.878906 0.816406 0.859375 0.816406 0.855469 0.820312 0.851562 0.820312 0.847656 0.824219 0.847656 0.828125 0.843750 0.832031 0.843750 0.835938 0.839844 0.847656 0.839844 0.851562 0.839844 0.855469 0.835938 0.855469 0.832031 0.859375 0.828125
0 0.945312 0.847656 0.953125 0.847656 0.957031 0.847656 0.957031 0.851562 0.960938 0.855469 0.960938 0.863281 0.964844 0.867188 0.964844 0.878906 0.968750 0.882812 0.964844 0.882812 0.960938 0.886719 0.960938 0.890625 0.957031 0.894531 0.953125 0.894531 0.949219 0.898438 0.945312 0.898438 0.945312 0.894531 0.945312 0.890625 0.933594 0.878906 0.929688 0.875000 0.925781 0.875000 0.921875 0.871094 0.921875 0.867188 0.921875 0.863281 0.925781 0.859375 0.929688 0.855469 0.937500 0.855469 0.941406 0.855469 0.945312 0.851562 0.945312 0.847656
0 0.667969 0.871094 0.671875 0.871094 0.675781 0.871094 0.679688 0.875000 0.683594 0.875000 0.683594 0.878906 0.687500 0.882812 0.683594 0.882812 0.679688 0.886719 0.675781 0.890625 0.671875 0.890625 0.667969 0.890625 0.667969 0.886719 0.664062 0.882812 0.667969 0.878906 0.667969 0.871094
0 0.648438 0.988281 0.664062 0.988281 0.667969 0.988281 0.671875 0.992188 0.675781 0.992188 0.675781 0.996094 0.675781 1.000000 0.675781 1.000000 0.640625 1.000000 0.640625 1.000000 0.640625 0.996094 0.640625 0.992188 0.644531 0.992188 0.648438 0.988281
0 0.734375 0.988281 0.738281 0.988281 0.742188 0.988281 0.750000 0.996094 0.753906 0.996094 0.753906 1.000000 0.710938 1.000000 0.710938 1.000000 0.714844 0.996094 0.718750 0.996094 0.722656 0.996094 0.726562 0.992188 0.730469 0.992188 0.734375 0.988281
0 0.625540 0.182452 0.614426 0.189643 0.600697 0.189643 0.598082 0.188336 0.596775 0.186374 0.592852 0.184413 0.591545 0.182452 0.591545 0.162839 0.586968 0.153686 0.586968 0.147149 0.587622 0.145188 0.590237 0.141265 0.594159 0.139304 0.598082 0.138650 0.603966 0.138650 0.606581 0.134727 0.606581 0.131459 0.608542 0.127536 0.610504 0.125575 0.611157 0.123613 0.613772 0.120998 0.615734 0.120998 0.617695 0.119037 0.619656 0.119037 0.628809 0.116422 0.632731 0.116422 0.634693 0.120345 0.634693 0.132112 0.633385 0.136035 0.630116 0.142572 0.627501 0.143880 0.624232 0.147802 0.624886 0.151725 0.630116 0.154994 0.631424 0.156955 0.634039 0.166108 0.634039 0.172645 0.631424 0.178529
0 0.200400 0.123220 0.196826 0.123220 0.186104 0.114484 0.184913 0.112498 0.184119 0.107733 0.184516 0.102174 0.188884 0.096218 0.190472 0.095027 0.196032 0.093835 0.205561 0.094232 0.213503 0.096218 0.218665 0.100586 0.221048 0.103762 0.222239 0.113293 0.220651 0.117263 0.214695 0.121234 0.204767 0.124014
0 0.231372 0.133941 0.232166 0.127587 0.233357 0.125205 0.233357 0.112895 0.234152 0.108527 0.217871 0.098203 0.215886 0.097806 0.211915 0.093438 0.207547 0.090659 0.207150 0.088673 0.207150 0.085100 0.208738 0.081129 0.210327 0.067628 0.213106 0.058495 0.217474 0.052141 0.221445 0.052936 0.227004 0.056907 0.230181 0.060083 0.237328 0.069613 0.241299 0.071598 0.242093 0.073584 0.242093 0.080334 0.243682 0.081923 0.247255 0.083908 0.253212 0.083511 0.255991 0.082320 0.257977 0.080732 0.263139 0.069613 0.266712 0.066437 0.272271 0.064054 0.300464 0.063260 0.306024 0.065642 0.308803 0.069216 0.309995 0.073584 0.310391 0.090659 0.307215 0.098203 0.299273 0.106542 0.298479 0.110513 0.298479 0.116866 0.300862 0.124014 0.301656 0.127984 0.301656 0.132352 0.298082 0.141485 0.295700 0.145456 0.294111 0.146647 0.274654 0.152207 0.267109 0.154986 0.259168 0.155383 0.255197 0.154192 0.244476 0.147045 0.242490 0.146647 0.238520 0.144265 0.233754 0.138309
0 0.090804 0.247507 0.088025 0.249095 0.070553 0.249492 0.068965 0.248301 0.065391 0.241550 0.064597 0.234800 0.059435 0.223682 0.059435 0.214152 0.063405 0.198268 0.068171 0.192312 0.074524 0.180002 0.076112 0.178811 0.078495 0.178414 0.092790 0.178811 0.099540 0.181591 0.103511 0.185562 0.112247 0.187944 0.113041 0.210975 0.114629 0.215740 0.114232 0.226461 0.110261 0.235594 0.106688 0.239565 0.093584 0.244330
0 0.170221 0.141485 0.165853 0.143074 0.157117 0.149824 0.154735 0.150618 0.150764 0.150221 0.148382 0.148633 0.141234 0.146647 0.130513 0.145456 0.124159 0.142279 0.120586 0.136323 0.120983 0.122028 0.124557 0.112498 0.128527 0.108527 0.130910 0.108527 0.144411 0.104954 0.150764 0.104557 0.157514 0.102174 0.163868 0.102571 0.178163 0.112101 0.191266 0.129970 0.191664 0.140294 0.189678 0.146250 0.186502 0.149427 0.182530 0.151015 0.177766 0.150618 0.176177 0.149427 0.173398 0.143868
0 0.613772 0.115768 0.607889 0.116422 0.604620 0.110538 0.602659 0.109231 0.594813 0.100732 0.594813 0.092233 0.595467 0.090272 0.599389 0.084388 0.603312 0.083734 0.617041 0.083734 0.619002 0.085042 0.624886 0.085042 0.628809 0.087003 0.629463 0.088964 0.629463 0.104654 0.628809 0.106616 0.624232 0.112500 0.619656 0.113807
0 0.632802 0.850152 0.627061 0.851427 0.611750 0.851427 0.596439 0.843772 0.588784 0.841220 0.586232 0.841220 0.572197 0.838030 0.570283 0.836754 0.569007 0.834841 0.569007 0.829737 0.569645 0.826547 0.572197 0.822720 0.577300 0.816978 0.579214 0.816340 0.609198 0.816340 0.617491 0.814426 0.628975 0.814426 0.632802 0.815702 0.636630 0.818254 0.641096 0.819530 0.646200 0.822720 0.650027 0.823995 0.658321 0.823995 0.660235 0.825909 0.660235 0.828461 0.658959 0.831651 0.657683 0.838668 0.652579 0.844410 0.650027 0.848875 0.644286 0.851427 0.639182 0.851427
