0 0.503906 0.050781 0.531250 0.050781 0.535156 0.050781 0.542969 0.058594 0.546875 0.058594 0.546875 0.062500 0.546875 0.066406 0.554688 0.074219 0.558594 0.078125 0.566406 0.078125 0.570312 0.078125 0.574219 0.074219 0.578125 0.070312 0.578125 0.066406 0.582031 0.062500 0.582031 0.058594 0.585938 0.062500 0.593750 0.062500 0.597656 0.062500 0.601562 0.066406 0.601562 0.070312 0.605469 0.074219 0.609375 0.078125 0.613281 0.078125 0.613281 0.082031 0.605469 0.089844 0.601562 0.093750 0.601562 0.097656 0.601562 0.101562 0.593750 0.109375 0.589844 0.113281 0.589844 0.117188 0.585938 0.121094 0.582031 0.125000 0.566406 0.125000 0.562500 0.125000 0.558594 0.121094 0.558594 0.117188 0.554688 0.113281 0.539062 0.113281 0.535156 0.113281 0.531250 0.117188 0.527344 0.117188 0.519531 0.109375 0.515625 0.105469 0.511719 0.105469 0.507812 0.101562 0.507812 0.097656 0.503906 0.093750 0.503906 0.089844 0.500000 0.085938 0.500000 0.082031 0.496094 0.078125 0.496094 0.062500 0.496094 0.058594 0.503906 0.050781
0 0.308594 0.089844 0.316406 0.089844 0.320312 0.089844 0.324219 0.093750 0.339844 0.093750 0.343750 0.093750 0.347656 0.097656 0.355469 0.097656 0.359375 0.097656 0.363281 0.101562 0.363281 0.105469 0.367188 0.109375 0.371094 0.113281 0.375000 0.113281 0.378906 0.117188 0.378906 0.121094 0.382812 0.125000 0.382812 0.132812 0.382812 0.136719 0.386719 0.140625 0.386719 0.144531 0.390625 0.148438 0.394531 0.152344 0.394531 0.164062 0.394531 0.167969 0.390625 0.171875 0.378906 0.171875 0.375000 0.171875 0.371094 0.175781 0.367188 0.175781 0.363281 0.179688 0.359375 0.179688 0.355469 0.179688 0.343750 0.167969 0.339844 0.167969 0.339844 0.164062 0.335938 0.160156 0.335938 0.148438 0.335938 0.144531 0.332031 0.140625 0.328125 0.140625 0.328125 0.136719 0.324219 0.132812 0.324219 0.128906 0.320312 0.125000 0.320312 0.121094 0.316406 0.117188 0.312500 0.117188 0.308594 0.117188 0.308594 0.113281 0.307862 0.109375 0.308594 0.097656 0.308594 0.089844
0 0.917969 0.113281 0.921875 0.117188 0.925781 0.121094 0.929688 0.121094 0.933594 0.125000 0.949219 0.125000 0.953125 0.125000 0.957031 0.128906 0.960938 0.128906 0.964844 0.132812 0.968750 0.132812 0.972656 0.136719 0.972656 0.160156 0.972656 0.164062 0.968750 0.167969 0.968750 0.171875 0.964844 0.175781 0.960938 0.175781 0.957031 0.179688 0.953125 0.179688 0.945312 0.187500 0.941406 0.191406 0.929688 0.191406 0.925781 0.191406 0.925781 0.179688 0.925781 0.175781 0.921875 0.171875 0.917969 0.167969 0.910156 0.167969 0.906250 0.167969 0.902344 0.164062 0.898438 0.164062 0.898438 0.148438 0.898438 0.144531 0.902344 0.140625 0.906250 0.136719 0.906250 0.125000 0.906250 0.121094 0.910156 0.117188 0.914062 0.117188 0.917969 0.113281
0 0.074219 0.117188 0.082031 0.117188 0.085938 0.121094 0.097656 0.121094 0.101562 0.121094 0.105469 0.117188 0.117188 0.117188 0.121094 0.117188 0.125000 0.121094 0.125000 0.125000 0.125000 0.128906 0.128906 0.132812 0.132812 0.136719 0.144531 0.136719 0.148438 0.136719 0.152344 0.132812 0.160156 0.132812 0.164062 0.132812 0.167969 0.128906 0.171875 0.125000 0.199219 0.125000 0.203125 0.121094 0.207031 0.125000 0.207031 0.148438 0.207031 0.152344 0.203125 0.156250 0.203125 0.164062 0.203125 0.167969 0.199219 0.171875 0.199219 0.175781 0.199219 0.179688 0.195312 0.183594 0.191406 0.183594 0.187500 0.187500 0.183594 0.191406 0.183594 0.195312 0.179688 0.199219 0.175781 0.203125 0.167969 0.203125 0.164062 0.203125 0.160156 0.207031 0.156250 0.210938 0.152344 0.210938 0.148438 0.214844 0.144531 0.214844 0.140625 0.218750 0.136719 0.218750 0.132812 0.222656 0.128906 0.222656 0.125000 0.226562 0.121094 0.226562 0.117188 0.230469 0.117188 0.234375 0.113281 0.238281 0.109375 0.238281 0.109375 0.234375 0.109375 0.230469 0.105469 0.226562 0.101562 0.226562 0.097656 0.226562 0.097656 0.222656 0.089844 0.214844 0.089844 0.210938 0.074219 0.195312 0.070312 0.195312 0.070312 0.191406 0.066406 0.187500 0.066406 0.179688 0.066406 0.175781 0.062500 0.171875 0.054688 0.171875 0.050781 0.171875 0.042969 0.164062 0.039062 0.164062 0.039062 0.156250 0.039062 0.152344 0.042969 0.152344 0.046875 0.148438 0.046875 0.144531 0.046875 0.140625 0.050781 0.140625 0.058594 0.132812 0.058594 0.128906 0.062500 0.125000 0.066406 0.125000 0.074219 0.117188
0 0.695312 0.136719 0.699219 0.136719 0.703125 0.136719 0.707031 0.140625 0.714844 0.140625 0.718750 0.140625 0.722656 0.144531 0.722656 0.148438 0.722656 0.152344 0.718750 0.156250 0.714844 0.160156 0.710938 0.160156 0.707031 0.164062 0.703125 0.164062 0.699219 0.167969 0.695312 0.167969 0.691406 0.167969 0.691406 0.164062 0.687500 0.160156 0.687500 0.144531 0.687500 0.140625 0.691406 0.140625 0.695312 0.136719
0 0.445312 0.156250 0.453125 0.156250 0.457031 0.156250 0.460938 0.160156 0.464844 0.160156 0.464844 0.175781 0.460938 0.179688 0.453125 0.179688 0.449219 0.179688 0.449219 0.171875 0.445312 0.167969 0.445312 0.156250
0 0.808594 0.175781 0.816406 0.175781 0.820312 0.175781 0.820312 0.179688 0.824219 0.183594 0.824219 0.187500 0.824219 0.191406 0.820312 0.195312 0.816406 0.195312 0.812500 0.199219 0.804688 0.199219 0.800781 0.199219 0.800781 0.183594 0.800781 0.179688 0.804688 0.179688 0.808594 0.175781
0 0.507812 0.187500 0.511719 0.187500 0.515625 0.187500 0.515625 0.195312 0.515625 0.199219 0.523438 0.207031 0.523438 0.210938 0.519531 0.214844 0.515625 0.218750 0.515625 0.222656 0.515625 0.226562 0.511719 0.230469 0.503906 0.230469 0.500000 0.230469 0.496094 0.234375 0.496094 0.238281 0.496094 0.242188 0.500000 0.246094 0.503906 0.250000 0.511719 0.250000 0.515625 0.253906 0.507812 0.261719 0.503906 0.265625 0.503906 0.269531 0.500000 0.273438 0.496094 0.277344 0.492188 0.277344 0.488281 0.281250 0.484375 0.285156 0.480469 0.285156 0.476562 0.285156 0.472656 0.281250 0.468750 0.281250 0.464844 0.277344 0.460938 0.277344 0.460938 0.269531 0.460938 0.265625 0.464844 0.261719 0.464844 0.257812 0.472656 0.250000 0.476562 0.246094 0.492188 0.246094 0.496094 0.242188 0.496094 0.218750 0.496094 0.214844 0.500000 0.210938 0.500000 0.195312 0.500000 0.191406 0.503906 0.191406 0.507812 0.187500
0 0.246094 0.226562 0.257812 0.226562 0.261719 0.230469 0.261719 0.234375 0.253906 0.242188 0.250000 0.246094 0.246094 0.246094 0.242188 0.246094 0.242188 0.242188 0.242188 0.238281 0.246094 0.234375 0.246094 0.226562
0 0.941406 0.242188 0.960938 0.242188 0.964844 0.242188 0.968750 0.246094 0.968750 0.250000 0.972656 0.253906 0.976562 0.257812 0.972656 0.261719 0.968750 0.265625 0.964844 0.265625 0.960938 0.265625 0.953125 0.273438 0.949219 0.277344 0.945312 0.273438 0.941406 0.273438 0.937500 0.269531 0.937500 0.265625 0.933594 0.261719 0.933594 0.253906 0.933594 0.250000 0.941406 0.242188
0 0.652344 0.273438 0.660156 0.273438 0.664062 0.277344 0.664062 0.289062 0.664062 0.292969 0.660156 0.296875 0.660156 0.312500 0.660156 0.316406 0.667969 0.324219 0.671875 0.328125 0.671875 0.332031 0.675781 0.335938 0.675781 0.339844 0.671875 0.343750 0.671875 0.347656 0.671875 0.351562 0.660156 0.363281 0.660156 0.367188 0.656250 0.371094 0.652344 0.375000 0.644531 0.375000 0.640625 0.375000 0.636719 0.371094 0.632812 0.371094 0.628906 0.367188 0.628906 0.351562 0.625000 0.347656 0.625000 0.343750 0.625000 0.339844 0.628906 0.335938 0.628906 0.332031 0.632812 0.328125 0.632812 0.324219 0.636719 0.324219 0.640625 0.320312 0.640625 0.308594 0.640625 0.304688 0.636719 0.300781 0.632812 0.296875 0.617188 0.296875 0.613281 0.296875 0.613281 0.292969 0.613281 0.289062 0.617188 0.285156 0.621094 0.285156 0.625000 0.285156 0.628906 0.281250 0.632812 0.281250 0.636719 0.281250 0.640625 0.277344 0.644531 0.277344 0.648438 0.277344 0.652344 0.273438
0 0.304688 0.281250 0.320312 0.281250 0.324219 0.285156 0.320312 0.289062 0.316406 0.292969 0.308594 0.292969 0.304688 0.292969 0.304688 0.281250
0 0.867188 0.308594 0.871094 0.312500 0.878906 0.312500 0.882812 0.312500 0.878906 0.316406 0.878906 0.320312 0.878906 0.324219 0.875000 0.328125 0.871094 0.332031 0.867188 0.332031 0.863281 0.335938 0.863281 0.328125 0.859375 0.324219 0.863281 0.324219 0.867188 0.320312 0.867188 0.308594
0 0.023438 0.312500 0.027344 0.312500 0.031250 0.312500 0.031250 0.316406 0.035156 0.320312 0.035156 0.324219 0.031250 0.328125 0.027344 0.328125 0.023438 0.328125 0.019531 0.324219 0.015625 0.320312 0.023438 0.312500
0 0.000000 0.347656 0.000000 0.347656 0.003906 0.351562 0.007812 0.351562 0.011719 0.351562 0.019531 0.359375 0.019531 0.363281 0.015625 0.367188 0.011719 0.367188 0.007812 0.371094 0.003906 0.371094 0.000000 0.371094 0.000000 0.367188 0.000000 0.367188
0 0.957031 0.386719 0.972656 0.386719 0.976562 0.390625 0.976562 0.410156 0.972656 0.414062 0.960938 0.414062 0.957031 0.410156 0.957031 0.406250 0.953125 0.402344 0.953125 0.394531 0.953125 0.390625 0.957031 0.386719
0 0.136719 0.406250 0.148438 0.406250 0.152344 0.406250 0.152344 0.410156 0.152344 0.414062 0.156250 0.417969 0.160156 0.421875 0.156250 0.421875 0.152344 0.425781 0.148438 0.425781 0.144531 0.429688 0.144531 0.433594 0.140625 0.437500 0.140625 0.445312 0.136719 0.449219 0.125000 0.449219 0.121094 0.449219 0.117188 0.445312 0.109375 0.445312 0.105469 0.445312 0.101562 0.441406 0.097656 0.441406 0.093750 0.437500 0.093750 0.425781 0.089844 0.421875 0.093750 0.417969 0.097656 0.414062 0.109375 0.414062 0.113281 0.417969 0.128906 0.417969 0.132812 0.417969 0.136719 0.414062 0.136719 0.406250
0 0.230469 0.445312 0.238281 0.445312 0.242188 0.445312 0.246094 0.449219 0.250000 0.449219 0.253906 0.453125 0.257812 0.453125 0.257812 0.460938 0.257812 0.464844 0.250000 0.472656 0.246094 0.476562 0.242188 0.476562 0.238281 0.472656 0.238281 0.468750 0.238281 0.464844 0.230469 0.457031 0.226562 0.457031 0.226562 0.453125 0.226562 0.449219 0.230469 0.445312
0 0.753906 0.511719 0.761719 0.511719 0.765625 0.511719 0.765625 0.531250 0.769531 0.535156 0.777344 0.535156 0.781250 0.535156 0.785156 0.539062 0.785156 0.546875 0.789062 0.550781 0.800781 0.550781 0.804688 0.550781 0.812500 0.558594 0.812500 0.562500 0.808594 0.566406 0.804688 0.570312 0.781250 0.570312 0.777344 0.570312 0.773438 0.574219 0.769531 0.578125 0.753906 0.578125 0.750000 0.578125 0.746094 0.574219 0.742188 0.574219 0.738281 0.570312 0.738281 0.554688 0.738281 0.550781 0.742188 0.546875 0.742188 0.539062 0.742188 0.535156 0.738281 0.531250 0.734375 0.531250 0.730469 0.531250 0.730469 0.527344 0.726562 0.523438 0.730469 0.519531 0.734375 0.519531 0.738281 0.519531 0.742188 0.515625 0.746094 0.515625 0.750000 0.515625 0.753906 0.511719
0 0.003906 0.554688 0.011719 0.554688 0.015625 0.554688 0.015625 0.558594 0.015625 0.562500 0.011719 0.566406 0.007812 0.570312 0.003906 0.566406 0.003906 0.554688
0 0.949219 0.589844 0.953125 0.589844 0.957031 0.589844 0.960938 0.593750 0.964844 0.597656 0.964844 0.605469 0.960938 0.609375 0.949219 0.609375 0.945312 0.609375 0.941406 0.605469 0.937500 0.601562 0.937500 0.597656 0.937500 0.593750 0.941406 0.593750 0.945312 0.593750 0.949219 0.589844
0 0.527344 0.609375 0.535156 0.609375 0.539062 0.609375 0.539062 0.613281 0.542969 0.617188 0.546875 0.617188 0.546875 0.621094 0.546875 0.625000 0.542969 0.628906 0.531250 0.628906 0.527344 0.628906 0.527344 0.625000 0.523438 0.621094 0.523438 0.617188 0.523438 0.613281 0.527344 0.609375
0 0.242188 0.640625 0.253906 0.640625 0.257812 0.644531 0.257812 0.648438 0.257655 0.653950 0.253906 0.656250 0.255356 0.663370 0.250000 0.664062 0.246094 0.660156 0.242188 0.660156 0.238281 0.656250 0.238281 0.652344 0.238281 0.648438 0.242188 0.644531 0.242188 0.640625
0 0.578125 0.644531 0.589844 0.644531 0.593750 0.644531 0.597656 0.648438 0.601562 0.648438 0.605469 0.652344 0.609375 0.652344 0.613281 0.656250 0.621094 0.656250 0.625000 0.656250 0.625000 0.660156 0.625000 0.664062 0.621094 0.667969 0.601562 0.667969 0.597656 0.667969 0.593750 0.664062 0.589844 0.664062 0.585938 0.660156 0.582031 0.660156 0.578125 0.656250 0.574219 0.656250 0.574219 0.652344 0.574219 0.648438 0.578125 0.644531
0 0.718750 0.664062 0.726562 0.664062 0.730469 0.664062 0.734375 0.667969 0.738281 0.667969 0.738281 0.671875 0.742188 0.675781 0.742188 0.679688 0.746094 0.683594 0.746094 0.687500 0.742188 0.691406 0.738281 0.695312 0.738281 0.699219 0.734375 0.703125 0.730469 0.703125 0.726562 0.703125 0.718750 0.695312 0.714844 0.691406 0.714844 0.675781 0.714844 0.671875 0.718750 0.667969 0.718750 0.664062
0 0.562500 0.679688 0.566406 0.679688 0.570312 0.679688 0.570312 0.699219 0.570312 0.703125 0.574219 0.707031 0.574219 0.710938 0.570312 0.714844 0.570312 0.722656 0.566406 0.726562 0.554688 0.726562 0.550781 0.726562 0.542969 0.718750 0.539062 0.714844 0.535156 0.714844 0.531250 0.710938 0.542969 0.699219 0.546875 0.699219 0.554688 0.691406 0.558594 0.687500 0.558594 0.683594 0.562500 0.679688
0 0.878906 0.683594 0.886719 0.683594 0.890625 0.683594 0.894531 0.687500 0.898438 0.687500 0.898438 0.691406 0.906250 0.699219 0.910156 0.703125 0.910156 0.710938 0.914062 0.714844 0.910156 0.718750 0.910156 0.722656 0.890625 0.742188 0.886719 0.746094 0.882812 0.746094 0.878906 0.750000 0.867188 0.750000 0.863281 0.750000 0.863281 0.746094 0.859375 0.742188 0.859375 0.738281 0.855469 0.734375 0.851562 0.730469 0.851562 0.726562 0.847656 0.722656 0.847656 0.714844 0.847656 0.710938 0.859375 0.699219 0.863281 0.695312 0.867188 0.695312 0.878906 0.683594
0 0.640625 0.808594 0.656250 0.808594 0.660156 0.808594 0.664062 0.812500 0.664062 0.816406 0.660156 0.820312 0.656250 0.820312 0.652344 0.824219 0.648438 0.828125 0.644531 0.828125 0.640625 0.828125 0.640625 0.820312 0.636719 0.816406 0.640625 0.812500 0.640625 0.808594
0 0.714844 0.878906 0.718750 0.878906 0.722656 0.878906 0.726562 0.882812 0.726562 0.890625 0.722656 0.894531 0.718750 0.894531 0.714844 0.890625 0.714844 0.878906
0 0.484375 0.914062 0.488281 0.914062 0.492188 0.914062 0.492188 0.917969 0.496094 0.921875 0.500000 0.925781 0.503906 0.925781 0.507812 0.929688 0.531250 0.929688 0.535156 0.929688 0.539062 0.925781 0.539062 0.917969 0.542969 0.914062 0.554688 0.914062 0.558594 0.914062 0.562500 0.917969 0.562500 0.921875 0.566406 0.925781 0.570312 0.925781 0.566406 0.929688 0.566406 0.945312 0.566406 0.949219 0.562500 0.953125 0.558594 0.957031 0.558594 0.960938 0.558594 0.964844 0.554688 0.968750 0.550781 0.968750 0.546875 0.972656 0.542969 0.972656 0.542969 0.968750 0.539062 0.964844 0.535156 0.960938 0.535156 0.945312 0.535156 0.941406 0.531250 0.937500 0.519531 0.937500 0.515625 0.937500 0.511719 0.941406 0.507812 0.941406 0.503906 0.945312 0.500000 0.945312 0.496094 0.949219 0.496094 0.968750 0.492188 0.972656 0.488281 0.972656 0.484375 0.972656 0.480469 0.968750 0.476562 0.968750 0.472656 0.968750 0.472656 0.964844 0.468750 0.960938 0.464844 0.960938 0.464844 0.957031 0.460938 0.953125 0.457031 0.953125 0.468750 0.953125 0.472656 0.949219 0.472656 0.945312 0.476562 0.941406 0.476562 0.929688 0.476562 0.925781 0.480469 0.921875 0.480469 0.917969 0.484375 0.914062
0 0.000000 0.680170 0.000157 0.680252 0.009955 0.713080 0.035156 0.713394 0.042812 0.725870 0.039820 0.752142 0.031250 0.753906 0.015625 0.757812 0.011719 0.757812 0.000000 0.751953
0 0.124021 0.716893 0.134891 0.717964 0.144531 0.726562 0.144531 0.730469 0.148438 0.734375 0.152344 0.738281 0.156250 0.738281 0.160156 0.742188 0.164062 0.742188 0.167969 0.746094 0.171875 0.746094 0.171875 0.753906 0.171875 0.757812 0.167969 0.761719 0.164062 0.765625 0.164062 0.769531 0.160156 0.773438 0.156250 0.777344 0.152344 0.777344 0.148438 0.773438 0.101562 0.773438 0.097656 0.773438 0.093750 0.777344 0.074219 0.777344 0.070312 0.777344 0.070312 0.773438 0.070312 0.769531 0.066406 0.765625 0.062500 0.765625 0.058594 0.761719 0.058594 0.757812 0.058594 0.753906 0.062500 0.750000 0.066406 0.746094 0.066406 0.742188 0.066406 0.738281 0.070312 0.734375 0.070312 0.730469 0.074219 0.726562 0.078125 0.722656 0.082031 0.722656 0.085938 0.718750 0.085938 0.714844 0.109375 0.714844 0.113281 0.714844
0 0.114357 0.711247 0.113286 0.706962 0.110608 0.702142 0.116499 0.697857 0.142208 0.697857 0.144350 0.704284 0.144350 0.714996 0.142208 0.714996 0.137923 0.716603 0.131496 0.716603 0.129354 0.717139 0.118642 0.717139 0.117035 0.715532
0 0.282776 0.113478 0.296267 0.113478 0.299442 0.110700 0.301426 0.103558 0.301426 0.101574 0.299442 0.100780 0.284760 0.100780 0.283173 0.101971 0.281189 0.101971 0.280395 0.103955 0.280395 0.108320 0.281189 0.110304
0 0.174450 0.067053 0.168498 0.065466 0.162150 0.065466 0.157785 0.064672 0.155404 0.060704 0.155404 0.058323 0.156595 0.056736 0.169292 0.056736 0.174054 0.051578 0.183974 0.051975 0.185561 0.053165 0.185958 0.057133 0.183180 0.060307 0.182386 0.062688 0.180402 0.063085 0.178022 0.066656
0 0.057062 0.523823 0.043304 0.524396 0.041584 0.523249 0.041584 0.518663 0.040438 0.516943 0.038145 0.516370 0.038145 0.514077 0.042157 0.512357 0.044450 0.511784 0.053623 0.511784 0.055342 0.516370 0.055342 0.518663
