0 0.957031 0.093750 0.976562 0.093750 0.980469 0.093750 0.992188 0.101562 0.996094 0.101562 1.000000 0.113281 1.000000 0.117188 0.976562 0.140625 0.972656 0.144531 0.953125 0.144531 0.949219 0.144531 0.941406 0.132812 0.937500 0.128906 0.941406 0.109375 0.941406 0.105469 0.957031 0.093750
0 0.820312 0.976562 0.839844 0.980469 0.843750 0.980469 0.855469 0.996094 0.859375 1.000000 0.859375 1.000000 0.784598 1.000000 0.792969 0.988281 0.796875 0.984375 0.820312 0.976562
0 0.156250 0.929688 0.187500 0.937500 0.191406 0.941406 0.218750 0.941406 0.222656 0.941406 0.265625 0.964844 0.269531 0.968750 0.269531 0.984375 0.269531 0.988281 0.255859 1.000000 0.128906 1.000000 0.128906 1.000000 0.128906 0.988281 0.128906 0.984375 0.148438 0.964844 0.152344 0.960938 0.148438 0.941406 0.148438 0.937500 0.156250 0.929688
0 0.425781 0.421875 0.476562 0.429688 0.480469 0.433594 0.476562 0.441406 0.476562 0.445312 0.460938 0.453125 0.457031 0.457031 0.417969 0.457031 0.414062 0.457031 0.410156 0.453125 0.406250 0.449219 0.406250 0.437500 0.406250 0.433594 0.425781 0.421875
0 0.605469 0.132812 0.628906 0.140625 0.632812 0.144531 0.628906 0.167969 0.628906 0.171875 0.613281 0.171875 0.609375 0.171875 0.597656 0.160156 0.593750 0.156250 0.593750 0.148438 0.593750 0.144531 0.605469 0.132812
0 0.680870 1.000000 0.680559 0.997207 0.694800 0.996112 0.703564 0.985157 0.707945 0.982967 0.718900 0.982967 0.726915 1.000000
0 0.262750 1.000000 0.262750 0.987696 0.265862 0.987696 0.270530 0.981472 0.278310 0.978360 0.296981 0.978360 0.300093 0.981472 0.301649 0.987696 0.306316 0.992363 0.306316 1.000000
0 0.792032 0.241748 0.786075 0.211959 0.815863 0.210470 0.815863 0.235790 0.803948 0.237280
0 0.570108 0.159829 0.559682 0.153872 0.558193 0.150893 0.559682 0.137488 0.562661 0.137488 0.565640 0.133020 0.576066 0.133020 0.576066 0.135999 0.579045 0.138977 0.579045 0.149404
0 0.796875 0.011719 0.800781 0.011719 0.804688 0.011719 0.808594 0.015625 0.812500 0.015625 0.812500 0.027344 0.812500 0.031250 0.808594 0.035156 0.804688 0.035156 0.800781 0.039062 0.796875 0.039062 0.792969 0.039062 0.792969 0.019531 0.792969 0.015625 0.796875 0.011719
0 0.015625 0.109375 0.027344 0.109375 0.031250 0.109375 0.035156 0.113281 0.039062 0.113281 0.039062 0.121094 0.039062 0.125000 0.035156 0.128906 0.035156 0.132812 0.031250 0.136719 0.011719 0.136719 0.007812 0.132812 0.007812 0.121094 0.007812 0.117188 0.011719 0.117188 0.015625 0.113281 0.015625 0.109375
0 0.089844 0.167969 0.109375 0.167969 0.113281 0.167969 0.113281 0.171875 0.117188 0.175781 0.117188 0.183594 0.117188 0.187500 0.121094 0.191406 0.125000 0.191406 0.121094 0.191406 0.117188 0.191406 0.113281 0.195312 0.109375 0.199219 0.109375 0.203125 0.109375 0.207031 0.101562 0.214844 0.097656 0.218750 0.089844 0.218750 0.085938 0.218750 0.082031 0.214844 0.078125 0.214844 0.074219 0.214844 0.074219 0.210938 0.070312 0.207031 0.070312 0.195312 0.070312 0.191406 0.078125 0.183594 0.082031 0.179688 0.082031 0.175781 0.089844 0.167969
0 0.421875 0.179688 0.425781 0.179688 0.429688 0.179688 0.433594 0.183594 0.437500 0.183594 0.445312 0.191406 0.449219 0.191406 0.445312 0.191406 0.441406 0.195312 0.441406 0.210938 0.441406 0.214844 0.437500 0.218750 0.429688 0.218750 0.425781 0.222656 0.421875 0.218750 0.410156 0.218750 0.406250 0.218750 0.406250 0.207031 0.402344 0.203125 0.402344 0.191406 0.402344 0.187500 0.414062 0.187500 0.417969 0.187500 0.421875 0.183594 0.421875 0.179688
0 0.394531 0.390625 0.398438 0.394531 0.402344 0.394531 0.406250 0.394531 0.402344 0.398438 0.398438 0.402344 0.394531 0.402344 0.390625 0.406250 0.386719 0.410156 0.382812 0.410156 0.378906 0.414062 0.375000 0.417969 0.371094 0.417969 0.371094 0.414062 0.367188 0.410156 0.363281 0.410156 0.363281 0.402344 0.363281 0.398438 0.375000 0.398438 0.378906 0.398438 0.382812 0.394531 0.386719 0.394531 0.390625 0.394531 0.394531 0.390625
0 0.875000 0.425781 0.878906 0.429688 0.882812 0.429688 0.886719 0.433594 0.886719 0.437500 0.890625 0.441406 0.894531 0.441406 0.894531 0.445312 0.898438 0.449219 0.898438 0.453125 0.898438 0.457031 0.894531 0.460938 0.890625 0.460938 0.878906 0.472656 0.875000 0.476562 0.867188 0.476562 0.863281 0.476562 0.859375 0.472656 0.855469 0.472656 0.851562 0.468750 0.851562 0.464844 0.851562 0.460938 0.847656 0.457031 0.847656 0.453125 0.847656 0.449219 0.851562 0.445312 0.851562 0.441406 0.855469 0.441406 0.859375 0.441406 0.863281 0.437500 0.863281 0.433594 0.867188 0.429688 0.871094 0.429688 0.875000 0.425781
0 0.812500 0.453125 0.816406 0.453125 0.820312 0.453125 0.824219 0.457031 0.828125 0.457031 0.828125 0.468750 0.824219 0.472656 0.812500 0.472656 0.808594 0.472656 0.808594 0.460938 0.808594 0.457031 0.812500 0.453125
0 0.714844 0.480469 0.734375 0.480469 0.738281 0.484375 0.738281 0.503906 0.738281 0.507812 0.734375 0.511719 0.730469 0.515625 0.726562 0.511719 0.722656 0.511719 0.722656 0.507812 0.718750 0.503906 0.714844 0.503906 0.714844 0.500000 0.710938 0.496094 0.710938 0.488281 0.710938 0.484375 0.714844 0.480469
0 0.894531 0.511719 0.902344 0.511719 0.906250 0.515625 0.902344 0.519531 0.902344 0.550781 0.902344 0.554688 0.906250 0.558594 0.925781 0.558594 0.929688 0.558594 0.929688 0.562500 0.933594 0.566406 0.933594 0.601562 0.929688 0.605469 0.910156 0.605469 0.906250 0.605469 0.902344 0.601562 0.902344 0.597656 0.898438 0.593750 0.894531 0.593750 0.894531 0.578125 0.894531 0.574219 0.890625 0.570312 0.890625 0.566406 0.886719 0.562500 0.882812 0.562500 0.878906 0.562500 0.878906 0.558594 0.875000 0.554688 0.875000 0.550781 0.871094 0.546875 0.871094 0.539062 0.871094 0.535156 0.882812 0.523438 0.882812 0.519531 0.886719 0.519531 0.890625 0.519531 0.894531 0.515625 0.894531 0.511719
0 0.523438 0.527344 0.527344 0.527344 0.531250 0.527344 0.535156 0.531250 0.535156 0.539062 0.539062 0.542969 0.550781 0.542969 0.554688 0.542969 0.550781 0.542969 0.546875 0.542969 0.542969 0.546875 0.542969 0.550781 0.542969 0.554688 0.539062 0.558594 0.535156 0.558594 0.531250 0.558594 0.527344 0.562500 0.527344 0.566406 0.523438 0.570312 0.511719 0.570312 0.507812 0.570312 0.507812 0.566406 0.503906 0.562500 0.500000 0.562500 0.500000 0.539062 0.500000 0.535156 0.511719 0.535156 0.515625 0.535156 0.523438 0.527344
0 0.292969 0.574219 0.296875 0.574219 0.300781 0.574219 0.304688 0.578125 0.308594 0.578125 0.312500 0.578125 0.324219 0.589844 0.328125 0.593750 0.335938 0.593750 0.339844 0.597656 0.339844 0.601562 0.339844 0.605469 0.335938 0.609375 0.335938 0.613281 0.332031 0.617188 0.328125 0.621094 0.312500 0.621094 0.308594 0.621094 0.300781 0.628906 0.296875 0.628906 0.296875 0.621094 0.296875 0.617188 0.292969 0.613281 0.289062 0.609375 0.289062 0.605469 0.285156 0.601562 0.285156 0.585938 0.285156 0.582031 0.289062 0.582031 0.292969 0.578125 0.292969 0.574219
0 0.425781 0.605469 0.433594 0.605469 0.437500 0.605469 0.437500 0.613281 0.441406 0.617188 0.445312 0.617188 0.449219 0.621094 0.453125 0.621094 0.457031 0.621094 0.460938 0.625000 0.464844 0.628906 0.464844 0.640625 0.464844 0.644531 0.460938 0.648438 0.457031 0.652344 0.437500 0.652344 0.433594 0.652344 0.429688 0.648438 0.421875 0.648438 0.417969 0.648438 0.414062 0.644531 0.410156 0.644531 0.406250 0.640625 0.410156 0.636719 0.410156 0.625000 0.410156 0.621094 0.414062 0.617188 0.417969 0.617188 0.421875 0.613281 0.421875 0.609375 0.425781 0.605469
0 0.769531 0.636719 0.777344 0.636719 0.781250 0.636719 0.785156 0.640625 0.796875 0.640625 0.800781 0.640625 0.804688 0.644531 0.804688 0.648438 0.808594 0.652344 0.812500 0.652344 0.812500 0.664062 0.812500 0.667969 0.824219 0.679688 0.824219 0.683594 0.828125 0.687500 0.832031 0.687500 0.835938 0.691406 0.839844 0.695312 0.839844 0.703125 0.839844 0.707031 0.835938 0.710938 0.832031 0.714844 0.832031 0.718750 0.828125 0.722656 0.828125 0.738281 0.828125 0.742188 0.832031 0.746094 0.835938 0.746094 0.835938 0.750000 0.843750 0.757812 0.847656 0.757812 0.847656 0.769531 0.847656 0.773438 0.843750 0.777344 0.843750 0.785156 0.843750 0.789062 0.839844 0.792969 0.839844 0.804688 0.839844 0.808594 0.835938 0.812500 0.835938 0.816406 0.832031 0.820312 0.832031 0.824219 0.828125 0.828125 0.816406 0.828125 0.812500 0.828125 0.804688 0.835938 0.800781 0.839844 0.800781 0.843750 0.796875 0.847656 0.792969 0.847656 0.785156 0.855469 0.781250 0.859375 0.777344 0.859375 0.773438 0.863281 0.769531 0.863281 0.765625 0.867188 0.757812 0.867188 0.753906 0.867188 0.746094 0.859375 0.742188 0.855469 0.726562 0.855469 0.722656 0.859375 0.664062 0.859375 0.660156 0.855469 0.597656 0.855469 0.593750 0.855469 0.593750 0.851562 0.589844 0.847656 0.585938 0.847656 0.582031 0.847656 0.578125 0.843750 0.574219 0.843750 0.574219 0.839844 0.570312 0.835938 0.566406 0.832031 0.562500 0.832031 0.558594 0.828125 0.558594 0.824219 0.554688 0.820312 0.550781 0.816406 0.550781 0.796875 0.550781 0.792969 0.554688 0.789062 0.554688 0.785156 0.554688 0.781250 0.558594 0.781250 0.562500 0.777344 0.562500 0.769531 0.562500 0.765625 0.574219 0.765625 0.578125 0.761719 0.578125 0.757812 0.582031 0.753906 0.582031 0.750000 0.585938 0.746094 0.589844 0.742188 0.589844 0.730469 0.589844 0.726562 0.593750 0.722656 0.593750 0.718750 0.597656 0.714844 0.601562 0.714844 0.605469 0.710938 0.605469 0.707031 0.609375 0.703125 0.613281 0.703125 0.617188 0.699219 0.617188 0.691406 0.617188 0.687500 0.621094 0.683594 0.625000 0.683594 0.640625 0.667969 0.644531 0.664062 0.644531 0.660156 0.648438 0.656250 0.652344 0.656250 0.656250 0.652344 0.660156 0.648438 0.703125 0.648438 0.707031 0.648438 0.710938 0.644531 0.722656 0.644531 0.726562 0.640625 0.761719 0.640625 0.765625 0.640625 0.769531 0.636719
0 1.000000 0.835938 1.000000 0.835938 1.000000 0.832031 0.996094 0.828125 0.992188 0.828125 0.988281 0.828125 0.988281 0.820312 0.988281 0.816406 0.984375 0.812500 0.980469 0.812500 0.976562 0.812500 0.976562 0.808594 0.972656 0.804688 0.972656 0.789062 0.972656 0.785156 0.984375 0.785156 0.988281 0.785156 1.000000 0.773438 1.000000 0.773438
0 0.363281 0.769531 0.382812 0.769531 0.386719 0.769531 0.390625 0.773438 0.390625 0.785156 0.394531 0.789062 0.390625 0.789062 0.386719 0.792969 0.378906 0.792969 0.375000 0.792969 0.371094 0.789062 0.367188 0.789062 0.367188 0.777344 0.367188 0.773438 0.363281 0.769531
0 0.351562 0.976562 0.375000 0.976562 0.378906 0.976562 0.382812 0.980469 0.386719 0.980469 0.390625 0.984375 0.390625 0.988281 0.390625 0.992188 0.394531 0.996094 0.398438 0.996094 0.394531 1.000000 0.394531 1.000000 0.347656 1.000000 0.347656 0.984375 0.347656 0.980469 0.351562 0.976562
0 0.617188 0.988281 0.625000 0.988281 0.628906 0.988281 0.632812 0.992188 0.636719 0.996094 0.636719 1.000000 0.636719 1.000000 0.609375 1.000000 0.609375 1.000000 0.605469 1.000000 0.609375 1.000000 0.613281 0.996094 0.613281 0.992188 0.617188 0.988281
