0 0.304688 0.203125 0.324219 0.210938 0.328125 0.214844 0.328125 0.234375 0.328125 0.238281 0.320312 0.242188 0.316406 0.246094 0.292969 0.238281 0.289062 0.234375 0.304688 0.203125
0 0.308594 0.261719 0.320312 0.261719 0.324219 0.265625 0.324219 0.285156 0.320312 0.289062 0.304688 0.281250 0.300781 0.277344 0.308594 0.261719
0 0.589844 0.269531 0.625000 0.273438 0.628906 0.273438 0.632812 0.281250 0.636719 0.285156 0.636719 0.316406 0.636719 0.320312 0.632812 0.328125 0.632812 0.332031 0.613281 0.347656 0.609375 0.351562 0.570312 0.359375 0.566406 0.359375 0.550781 0.343750 0.546875 0.339844 0.542969 0.308594 0.542969 0.304688 0.546875 0.300781 0.550781 0.296875 0.562500 0.296875 0.566406 0.296875 0.589844 0.269531
0 0.894531 0.261719 0.914062 0.261719 0.917969 0.261719 0.921875 0.265625 0.925781 0.269531 0.921875 0.285156 0.921875 0.289062 0.906250 0.289062 0.902344 0.289062 0.894531 0.277344 0.890625 0.273438 0.894531 0.261719
0 0.484375 0.992188 0.511719 0.992188 0.515625 0.992188 0.527344 1.000000 0.458333 1.000000 0.484375 0.992188
0 0.316406 0.937500 0.335938 0.941406 0.339844 0.941406 0.359375 0.960938 0.363281 0.964844 0.394531 0.976562 0.398438 0.976562 0.406250 0.988281 0.410156 0.992188 0.412109 1.000000 0.269531 1.000000 0.269531 1.000000 0.269531 0.996094 0.300781 0.949219 0.300781 0.945312 0.316406 0.937500
0 0.234375 0.812500 0.246094 0.812500 0.250000 0.812500 0.261719 0.820312 0.265625 0.820312 0.281250 0.847656 0.281250 0.851562 0.277344 0.855469 0.273438 0.859375 0.250000 0.863281 0.246094 0.867188 0.203125 0.871094 0.199219 0.871094 0.191406 0.859375 0.191406 0.855469 0.234375 0.812500
0 0.171875 0.597656 0.183594 0.601562 0.187500 0.605469 0.191406 0.636719 0.187500 0.640625 0.160156 0.636719 0.156250 0.632812 0.160156 0.609375 0.160156 0.605469 0.171875 0.597656
0 0.902344 0.000000 0.902344 0.000000 0.902344 0.003906 0.898438 0.007812 0.894531 0.007812 0.894531 0.003906 0.890625 0.000000 0.890625 0.000000
0 0.535156 0.093750 0.550781 0.093750 0.554688 0.093750 0.562500 0.101562 0.566406 0.105469 0.566406 0.109375 0.550781 0.125000 0.546875 0.128906 0.542969 0.128906 0.542969 0.125000 0.535156 0.117188 0.531250 0.113281 0.531250 0.109375 0.527344 0.105469 0.527344 0.101562 0.523438 0.097656 0.527344 0.097656 0.531250 0.097656 0.535156 0.093750
0 0.203125 0.304688 0.210938 0.304688 0.214844 0.308594 0.230469 0.308594 0.234375 0.308594 0.238281 0.312500 0.242188 0.312500 0.238281 0.316406 0.238281 0.320312 0.234375 0.324219 0.230469 0.328125 0.226562 0.328125 0.222656 0.328125 0.218750 0.332031 0.214844 0.332031 0.214844 0.328125 0.210938 0.324219 0.207031 0.324219 0.203125 0.324219 0.203125 0.304688
0 0.222656 0.472656 0.226562 0.476562 0.230469 0.476562 0.234375 0.476562 0.238281 0.480469 0.246094 0.480469 0.250000 0.480469 0.253906 0.484375 0.257812 0.488281 0.265625 0.488281 0.269531 0.492188 0.269531 0.496094 0.269531 0.500000 0.265625 0.503906 0.261719 0.507812 0.261719 0.515625 0.261719 0.519531 0.273438 0.531250 0.277344 0.531250 0.277344 0.550781 0.273438 0.554688 0.269531 0.554688 0.265625 0.558594 0.257812 0.558594 0.253906 0.554688 0.238281 0.554688 0.234375 0.554688 0.234375 0.550781 0.234375 0.546875 0.222656 0.535156 0.218750 0.535156 0.218750 0.531250 0.214844 0.527344 0.210938 0.523438 0.210938 0.507812 0.207031 0.503906 0.210938 0.500000 0.210938 0.492188 0.210938 0.488281 0.214844 0.484375 0.214844 0.480469 0.222656 0.472656
0 0.500000 0.593750 0.507812 0.593750 0.511719 0.593750 0.527344 0.609375 0.531250 0.609375 0.531250 0.617188 0.531250 0.621094 0.515625 0.636719 0.511719 0.640625 0.496094 0.640625 0.492188 0.644531 0.484375 0.636719 0.480469 0.636719 0.480469 0.632812 0.476562 0.628906 0.476562 0.621094 0.476562 0.617188 0.480469 0.613281 0.480469 0.609375 0.488281 0.601562 0.492188 0.597656 0.496094 0.597656 0.500000 0.593750
0 0.671875 0.605469 0.691406 0.605469 0.695312 0.605469 0.699219 0.609375 0.703125 0.613281 0.703125 0.621094 0.707031 0.625000 0.703125 0.625000 0.699219 0.628906 0.695312 0.632812 0.691406 0.632812 0.687500 0.628906 0.683594 0.628906 0.679688 0.625000 0.679688 0.621094 0.675781 0.617188 0.667969 0.617188 0.664062 0.613281 0.671875 0.605469
0 0.046875 0.667969 0.058594 0.667969 0.062500 0.667969 0.066406 0.671875 0.070312 0.671875 0.074219 0.675781 0.074219 0.683594 0.074219 0.687500 0.070312 0.691406 0.066406 0.691406 0.062500 0.695312 0.058594 0.695312 0.054688 0.699219 0.050781 0.699219 0.046875 0.695312 0.046875 0.667969
0 0.976562 0.683594 0.976562 0.687500 0.980469 0.691406 0.980469 0.695312 0.988281 0.703125 0.992188 0.703125 0.996094 0.707031 0.996094 0.710938 1.000000 0.714844 0.992188 0.722656 0.992188 0.726562 0.988281 0.730469 0.984375 0.730469 0.980469 0.734375 0.972656 0.734375 0.968750 0.738281 0.957031 0.738281 0.953125 0.742188 0.949219 0.738281 0.945312 0.738281 0.941406 0.738281 0.941406 0.726562 0.937500 0.722656 0.941406 0.722656 0.945312 0.722656 0.949219 0.718750 0.949219 0.714844 0.953125 0.710938 0.953125 0.703125 0.953125 0.699219 0.960938 0.699219 0.964844 0.699219 0.972656 0.691406 0.976562 0.687500 0.976562 0.683594
0 0.632812 0.726562 0.660156 0.726562 0.664062 0.726562 0.664062 0.730469 0.667969 0.734375 0.671875 0.734375 0.667969 0.734375 0.664062 0.738281 0.664062 0.742188 0.660156 0.746094 0.656250 0.750000 0.636719 0.750000 0.632812 0.750000 0.625000 0.742188 0.621094 0.742188 0.625000 0.742188 0.628906 0.738281 0.628906 0.734375 0.628906 0.730469 0.632812 0.726562
0 0.007812 0.765625 0.015625 0.765625 0.019531 0.769531 0.031250 0.769531 0.035156 0.769531 0.039062 0.773438 0.042969 0.773438 0.046875 0.773438 0.046875 0.789062 0.046875 0.792969 0.050781 0.796875 0.054688 0.796875 0.050781 0.800781 0.050781 0.804688 0.050781 0.808594 0.046875 0.812500 0.046875 0.816406 0.031250 0.832031 0.027344 0.835938 0.019531 0.835938 0.015625 0.839844 0.011719 0.839844 0.007812 0.835938 0.003906 0.835938 0.000000 0.835938 0.000000 0.832031 0.000000 0.832031 0.000000 0.773438 0.000000 0.773438 0.003906 0.773438 0.007812 0.769531 0.007812 0.765625
0 0.855469 0.796875 0.871094 0.796875 0.875000 0.796875 0.878906 0.800781 0.882812 0.804688 0.886719 0.804688 0.886719 0.808594 0.878906 0.816406 0.875000 0.820312 0.859375 0.820312 0.855469 0.824219 0.851562 0.820312 0.851562 0.816406 0.847656 0.812500 0.851562 0.808594 0.851562 0.804688 0.855469 0.800781 0.855469 0.796875
0 0.910156 0.992188 0.937500 0.992188 0.941406 0.992188 0.945312 0.996094 0.953125 0.996094 0.957031 1.000000 0.976562 1.000000 0.980469 1.000000 0.980469 1.000000 0.890625 1.000000 0.890625 1.000000 0.898438 1.000000 0.902344 1.000000 0.910156 0.992188
