0 0.187500 0.000000 0.187500 0.000000 0.191406 0.003906 0.195312 0.003906 0.195312 0.007812 0.191406 0.011719 0.183594 0.011719 0.179688 0.011719 0.175781 0.007812 0.171875 0.007812 0.167969 0.007812 0.167969 0.000000 0.167969 0.000000
0 0.515625 0.000000 0.515625 0.000000 0.511719 0.003906 0.511719 0.011719 0.507812 0.015625 0.503906 0.015625 0.503906 0.011719 0.500000 0.007812 0.500000 0.003906 0.500000 0.000000 0.500000 0.000000
0 0.812500 0.015625 0.816406 0.019531 0.820312 0.019531 0.820312 0.023438 0.812500 0.031250 0.808594 0.035156 0.804688 0.035156 0.800781 0.039062 0.796875 0.039062 0.792969 0.035156 0.796875 0.031250 0.796875 0.027344 0.800781 0.023438 0.804688 0.023438 0.808594 0.023438 0.812500 0.019531 0.812500 0.015625
0 0.632812 0.023438 0.648438 0.023438 0.652344 0.023438 0.648438 0.027344 0.648438 0.035156 0.644531 0.039062 0.640625 0.039062 0.636719 0.039062 0.636719 0.035156 0.632812 0.031250 0.632812 0.023438
0 0.410156 0.050781 0.414062 0.054688 0.425781 0.054688 0.429688 0.054688 0.429688 0.058594 0.429688 0.062500 0.425781 0.066406 0.417969 0.066406 0.414062 0.066406 0.410156 0.062500 0.406250 0.062500 0.406250 0.058594 0.406250 0.054688 0.410156 0.050781
0 0.339844 0.089844 0.343750 0.089844 0.347656 0.089844 0.343750 0.093750 0.339844 0.097656 0.339844 0.101562 0.339844 0.105469 0.335938 0.109375 0.332031 0.109375 0.328125 0.109375 0.328125 0.105469 0.328125 0.101562 0.332031 0.097656 0.332031 0.093750 0.335938 0.093750 0.339844 0.089844
0 0.835938 0.140625 0.839844 0.140625 0.843750 0.140625 0.847656 0.144531 0.851562 0.144531 0.855469 0.144531 0.855469 0.152344 0.855469 0.156250 0.851562 0.160156 0.847656 0.160156 0.843750 0.160156 0.839844 0.156250 0.835938 0.156250 0.832031 0.156250 0.832031 0.148438 0.832031 0.144531 0.835938 0.140625
0 0.187500 0.160156 0.191406 0.160156 0.195312 0.160156 0.199219 0.164062 0.203125 0.164062 0.203125 0.171875 0.203125 0.175781 0.199219 0.179688 0.191406 0.179688 0.187500 0.179688 0.183594 0.183594 0.179688 0.183594 0.179688 0.179688 0.175781 0.175781 0.175781 0.167969 0.175781 0.164062 0.179688 0.164062 0.183594 0.164062 0.187500 0.160156
0 0.539062 0.175781 0.546875 0.175781 0.550781 0.175781 0.554688 0.179688 0.554688 0.183594 0.554688 0.187500 0.550781 0.191406 0.542969 0.191406 0.539062 0.191406 0.539062 0.175781
0 0.519531 0.210938 0.523438 0.214844 0.535156 0.214844 0.539062 0.214844 0.542969 0.218750 0.546875 0.222656 0.546875 0.238281 0.546875 0.242188 0.542969 0.246094 0.542969 0.250000 0.535156 0.257812 0.531250 0.261719 0.527344 0.257812 0.523438 0.257812 0.523438 0.250000 0.519531 0.246094 0.523438 0.242188 0.523438 0.234375 0.523438 0.230469 0.519531 0.226562 0.519531 0.222656 0.515625 0.218750 0.519531 0.214844 0.519531 0.210938
0 0.460938 0.234375 0.472656 0.234375 0.476562 0.234375 0.472656 0.238281 0.472656 0.253906 0.468750 0.257812 0.464844 0.257812 0.460938 0.257812 0.460938 0.253906 0.457031 0.250000 0.457031 0.246094 0.457031 0.242188 0.460938 0.238281 0.460938 0.234375
0 0.625000 0.253906 0.632812 0.253906 0.632812 0.257812 0.617188 0.273438 0.613281 0.273438 0.613281 0.265625 0.613281 0.261719 0.617188 0.261719 0.625000 0.253906
0 0.996094 0.343750 1.000000 0.347656 1.000000 0.347656 1.000000 0.371094 1.000000 0.371094 1.000000 0.367188 0.996094 0.363281 0.992188 0.363281 0.992188 0.351562 0.992188 0.347656 0.996094 0.343750
0 0.457031 0.375000 0.460938 0.375000 0.464844 0.375000 0.468750 0.378906 0.472656 0.378906 0.476562 0.378906 0.476562 0.382812 0.480469 0.386719 0.480469 0.390625 0.476562 0.394531 0.476562 0.398438 0.472656 0.394531 0.468750 0.394531 0.464844 0.394531 0.464844 0.390625 0.460938 0.386719 0.457031 0.386719 0.457031 0.382812 0.453125 0.378906 0.457031 0.375000
0 0.203125 0.429688 0.207031 0.429688 0.210938 0.429688 0.207031 0.433594 0.207031 0.441406 0.210938 0.445312 0.222656 0.445312 0.226562 0.445312 0.230469 0.449219 0.242188 0.449219 0.246094 0.449219 0.250000 0.453125 0.261719 0.453125 0.265625 0.453125 0.265625 0.457031 0.269531 0.460938 0.265625 0.460938 0.261719 0.464844 0.257812 0.468750 0.246094 0.468750 0.242188 0.468750 0.238281 0.464844 0.234375 0.464844 0.234375 0.460938 0.230469 0.457031 0.214844 0.457031 0.210938 0.460938 0.210938 0.457031 0.207031 0.453125 0.207031 0.437500 0.207031 0.433594 0.203125 0.429688
0 0.429688 0.445312 0.441406 0.445312 0.445312 0.445312 0.449219 0.449219 0.453125 0.449219 0.457031 0.453125 0.460938 0.457031 0.460938 0.460938 0.464844 0.464844 0.464844 0.468750 0.468750 0.472656 0.464844 0.484375 0.460938 0.484375 0.457031 0.488281 0.457031 0.492188 0.453125 0.496094 0.449219 0.496094 0.445312 0.500000 0.441406 0.500000 0.437500 0.500000 0.433594 0.496094 0.429688 0.496094 0.429688 0.492188 0.425781 0.488281 0.421875 0.488281 0.421875 0.480469 0.417969 0.476562 0.417969 0.457031 0.417969 0.453125 0.421875 0.449219 0.425781 0.449219 0.429688 0.445312
0 0.000000 0.480469 0.011719 0.480469 0.015625 0.480469 0.015625 0.488281 0.015625 0.492188 0.019531 0.496094 0.023438 0.496094 0.027344 0.500000 0.031250 0.503906 0.035156 0.503906 0.039062 0.503906 0.039062 0.507812 0.039062 0.511719 0.042969 0.515625 0.042969 0.519531 0.039062 0.523438 0.035156 0.527344 0.023438 0.527344 0.019531 0.531250 0.015625 0.531250 0.011719 0.527344 0.007812 0.527344 0.003906 0.527344 0.000000 0.523438 0.000000 0.523438
0 0.875000 0.500000 0.882812 0.500000 0.886719 0.500000 0.890625 0.503906 0.894531 0.503906 0.898438 0.503906 0.898438 0.507812 0.898438 0.511719 0.890625 0.519531 0.890625 0.523438 0.886719 0.527344 0.882812 0.527344 0.878906 0.527344 0.875000 0.531250 0.871094 0.531250 0.871094 0.523438 0.871094 0.519531 0.867188 0.515625 0.867188 0.511719 0.867188 0.507812 0.875000 0.500000
0 0.097656 0.527344 0.105469 0.527344 0.109375 0.527344 0.113281 0.531250 0.117188 0.531250 0.121094 0.531250 0.125000 0.535156 0.128906 0.535156 0.132812 0.539062 0.136719 0.542969 0.132812 0.546875 0.132812 0.562500 0.128906 0.566406 0.125000 0.566406 0.121094 0.566406 0.121094 0.562500 0.117188 0.558594 0.113281 0.554688 0.113281 0.546875 0.113281 0.542969 0.109375 0.539062 0.101562 0.539062 0.097656 0.539062 0.097656 0.527344
0 0.882812 0.554688 0.886719 0.554688 0.890625 0.554688 0.894531 0.558594 0.898438 0.558594 0.902344 0.562500 0.906250 0.566406 0.898438 0.574219 0.894531 0.578125 0.871094 0.578125 0.867188 0.578125 0.867188 0.574219 0.863281 0.570312 0.867188 0.566406 0.867188 0.562500 0.871094 0.562500 0.875000 0.558594 0.878906 0.558594 0.882812 0.554688
0 0.664062 0.593750 0.667969 0.593750 0.671875 0.593750 0.671875 0.597656 0.671875 0.601562 0.667969 0.605469 0.664062 0.609375 0.664062 0.613281 0.664062 0.617188 0.660156 0.621094 0.656250 0.621094 0.656250 0.601562 0.656250 0.597656 0.660156 0.597656 0.664062 0.593750
0 0.332031 0.617188 0.339844 0.617188 0.343750 0.617188 0.343750 0.628906 0.347656 0.632812 0.347656 0.648438 0.347656 0.652344 0.351562 0.656250 0.355469 0.656250 0.359375 0.656250 0.359375 0.667969 0.355469 0.671875 0.351562 0.671875 0.347656 0.671875 0.347656 0.664062 0.343750 0.660156 0.332031 0.660156 0.328125 0.656250 0.328125 0.648438 0.332031 0.644531 0.332031 0.628906 0.328125 0.625000 0.332031 0.621094 0.332031 0.617188
0 0.058594 0.664062 0.078125 0.664062 0.082031 0.667969 0.078125 0.667969 0.066406 0.679688 0.062500 0.683594 0.058594 0.679688 0.054688 0.679688 0.054688 0.675781 0.054688 0.671875 0.050781 0.667969 0.046875 0.667969 0.050781 0.667969 0.054688 0.667969 0.058594 0.664062
0 0.851562 0.675781 0.855469 0.675781 0.859375 0.675781 0.867188 0.683594 0.871094 0.683594 0.871094 0.691406 0.871094 0.695312 0.875000 0.699219 0.875000 0.703125 0.878906 0.707031 0.875000 0.710938 0.875000 0.714844 0.871094 0.718750 0.867188 0.718750 0.863281 0.714844 0.859375 0.714844 0.855469 0.710938 0.851562 0.710938 0.851562 0.703125 0.847656 0.699219 0.847656 0.691406 0.847656 0.687500 0.851562 0.683594 0.851562 0.675781
0 0.730469 0.828125 0.738281 0.828125 0.742188 0.828125 0.742188 0.835938 0.742188 0.839844 0.738281 0.843750 0.734375 0.847656 0.730469 0.847656 0.730469 0.828125
0 0.230469 0.832031 0.242188 0.832031 0.246094 0.832031 0.250000 0.835938 0.250000 0.839844 0.246094 0.843750 0.238281 0.843750 0.234375 0.847656 0.230469 0.843750 0.230469 0.832031
0 0.792969 0.855469 0.796875 0.855469 0.804688 0.863281 0.808594 0.863281 0.808594 0.867188 0.808594 0.871094 0.812500 0.875000 0.812500 0.878906 0.812500 0.882812 0.808594 0.886719 0.804688 0.886719 0.800781 0.890625 0.781250 0.890625 0.777344 0.890625 0.777344 0.882812 0.777344 0.878906 0.781250 0.875000 0.781250 0.863281 0.781250 0.859375 0.782757 0.856281
0 0.144531 0.863281 0.152344 0.863281 0.156250 0.863281 0.160156 0.867188 0.164062 0.867188 0.160156 0.871094 0.160156 0.875000 0.156250 0.878906 0.152344 0.878906 0.148438 0.875000 0.144531 0.871094 0.144531 0.863281
0 0.515625 0.933594 0.527344 0.933594 0.531250 0.937500 0.527344 0.941406 0.523438 0.945312 0.523438 0.953125 0.519531 0.957031 0.515625 0.957031 0.511719 0.953125 0.507812 0.953125 0.503906 0.949219 0.503906 0.945312 0.503906 0.941406 0.507812 0.937500 0.511719 0.937500 0.515625 0.933594
0 0.867188 0.949219 0.875000 0.949219 0.878906 0.953125 0.878906 0.957031 0.875000 0.960938 0.875000 0.964844 0.875000 0.968750 0.867188 0.976562 0.863281 0.976562 0.863281 0.957031 0.863281 0.953125 0.867188 0.949219
0 0.035156 0.796875 0.050781 0.800781 0.054688 0.804688 0.058594 0.824219 0.054688 0.828125 0.027344 0.824219 0.023438 0.820312 0.023438 0.812500 0.023438 0.808594 0.035156 0.796875
0 0.991116 0.675560 1.000000 0.680170 1.000000 0.751953 0.988281 0.746094 0.984375 0.742188 0.976562 0.722656 0.976562 0.718750 0.988438 0.690557
0 0.935183 0.297684 0.936372 0.292928 0.934589 0.291145 0.933400 0.288172 0.933400 0.285794 0.932211 0.284011 0.932211 0.276877 0.935778 0.276283 0.945884 0.276283 0.947667 0.280444 0.955395 0.280444 0.957179 0.281633 0.958368 0.283416 0.960151 0.293522 0.960151 0.298278 0.958368 0.302439 0.955990 0.303034 0.941723 0.303034 0.939939 0.301845
0 0.972041 0.298278 0.967879 0.295900 0.965501 0.292334 0.963718 0.287578 0.963718 0.282227 0.967879 0.279850 0.976796 0.276877 0.986308 0.276877 0.986902 0.286389 0.989280 0.290550 0.989280 0.295900 0.987496 0.297684 0.980363 0.298873 0.978580 0.300062
0 0.730469 0.503906 0.746094 0.503906 0.750000 0.503906 0.757812 0.511719 0.761719 0.515625 0.761719 0.519531 0.765625 0.523438 0.765625 0.527344 0.761719 0.531250 0.761719 0.535156 0.761719 0.539062 0.753906 0.546875 0.750000 0.550781 0.742188 0.550781 0.738281 0.550781 0.734375 0.546875 0.730469 0.546875 0.730469 0.542969 0.722656 0.535156 0.718750 0.535156 0.718750 0.523438 0.718750 0.519531 0.722656 0.515625 0.726562 0.511719 0.726562 0.507812 0.730469 0.503906
0 0.979776 0.765782 0.992188 0.765246 0.996094 0.769531 1.000000 0.777344 1.000000 0.777344 1.000000 0.786788 0.992188 0.789441 0.988281 0.789062 0.974798 0.793883 0.968750 0.789062 0.964844 0.781250 0.964844 0.777344 0.975491 0.775958
0 0.031250 0.761719 0.035156 0.761719 0.039062 0.765625 0.039062 0.781250 0.039062 0.785156 0.023438 0.781250 0.019531 0.781250 0.019531 0.769531 0.019531 0.765625 0.031250 0.761719
0 0.105469 0.925781 0.117188 0.925781 0.121094 0.929688 0.117188 0.976562 0.117188 0.980469 0.093750 0.996094 0.089844 0.996094 0.086143 1.000000 0.050781 1.000000 0.050781 1.000000 0.054688 0.996094 0.085938 0.945312 0.085938 0.941406 0.105469 0.925781
