0 0.092783 0.087928 0.097234 0.087747 0.101197 0.085972 0.101902 0.086379 0.103225 0.089575 0.105655 0.096916 0.114337 0.103680 0.116154 0.109788 0.104704 0.111973 0.101761 0.111920 0.100250 0.113767 0.093748 0.112025 0.091621 0.111663 0.091503 0.111234 0.095304 0.098108 0.089962 0.088229
0 0.817458 0.170536 0.825315 0.176367 0.832000 0.185763 0.832113 0.189923 0.828413 0.192443 0.828731 0.192592 0.830566 0.192864 0.833405 0.194922 0.842157 0.202892 0.842382 0.207638 0.842157 0.211994 0.832366 0.212221 0.825234 0.212638 0.823170 0.211618 0.816124 0.207306 0.815934 0.203601 0.814686 0.200239 0.809547 0.197471 0.805039 0.192564 0.801915 0.190225 0.801325 0.186333 0.804127 0.174572 0.807020 0.172070 0.812066 0.168849
0 0.000000 0.536089 0.002319 0.533281 0.009466 0.533684 0.014974 0.537610 0.020100 0.539004 0.024459 0.542277 0.028390 0.547943 0.025251 0.550302 0.013030 0.554447 0.004027 0.554728 0.000000 0.555117
0 0.040172 0.454881 0.033480 0.448559 0.037098 0.444793 0.040948 0.441156 0.043702 0.434325 0.046833 0.434356 0.050648 0.433476 0.052457 0.432903 0.059534 0.432441 0.060732 0.438917 0.062993 0.443439 0.058857 0.449071 0.057125 0.453229 0.047483 0.456236 0.043756 0.455216
0 0.803741 0.605150 0.810085 0.602313 0.814205 0.600682 0.827570 0.603238 0.829109 0.605681 0.832396 0.612721 0.827135 0.616625 0.823048 0.623877 0.817780 0.624198 0.804904 0.624199 0.803170 0.618481 0.801966 0.615554 0.802071 0.611248 0.802387 0.608466
0 0.779710 0.720609 0.783280 0.722554 0.791941 0.726845 0.789995 0.738140 0.788597 0.741738 0.788625 0.746569 0.782795 0.752808 0.773430 0.750447 0.770914 0.748979 0.771257 0.745136 0.773978 0.736482 0.775619 0.732379 0.775699 0.729716 0.777728 0.722767
0 0.514385 0.789424 0.517734 0.785648 0.520825 0.781495 0.523851 0.783489 0.529362 0.786198 0.534895 0.789497 0.534900 0.791883 0.535814 0.795660 0.533456 0.797628 0.530083 0.801001 0.527486 0.801278 0.520773 0.799273 0.520421 0.799350 0.514166 0.796857 0.514166 0.792433 0.514985 0.791615
0 0.033564 0.782106 0.039626 0.784130 0.044856 0.793246 0.035720 0.802361 0.027755 0.804487 0.025021 0.804382 0.015646 0.804878 0.013159 0.804030 0.003385 0.801579 0.001553 0.798493 0.000000 0.796043 0.000000 0.783879 0.001050 0.782943 0.001336 0.781875 0.005842 0.778932 0.008290 0.777264 0.018380 0.776578 0.024000 0.777415 0.026061 0.778845 0.027805 0.778490
0 0.000000 0.806859 0.000199 0.807025 0.006678 0.810236 0.017948 0.809885 0.025298 0.810757 0.031359 0.813023 0.033596 0.814894 0.035639 0.812759 0.036212 0.807144 0.041550 0.801807 0.046221 0.801524 0.057223 0.802711 0.059396 0.805335 0.060254 0.811808 0.059848 0.816487 0.056701 0.818468 0.057134 0.823721 0.055367 0.830350 0.057321 0.831370 0.059872 0.831917 0.063800 0.834644 0.064104 0.837381 0.066290 0.841541 0.067887 0.841936 0.071093 0.843539 0.073751 0.845796 0.076302 0.846745 0.077496 0.848131 0.082714 0.850352 0.087546 0.856662 0.091531 0.859168 0.093388 0.861025 0.095460 0.862696 0.095854 0.864293 0.097518 0.866844 0.101450 0.869547 0.104163 0.879794 0.098825 0.884227 0.093476 0.885475 0.085712 0.887845 0.079411 0.890340 0.083814 0.895775 0.083362 0.902404 0.076954 0.905194 0.073502 0.907741 0.066932 0.908729 0.060640 0.911534 0.059396 0.915518 0.050440 0.928995 0.043944 0.929613 0.040040 0.932612 0.034734 0.933848 0.027480 0.936580 0.025117 0.938039 0.017507 0.938503 0.000097 0.930182 0.000000 0.930185
0 0.000000 0.688579 0.006426 0.695024 0.012363 0.695488 0.011640 0.700179 0.015880 0.703393 0.022791 0.707170 0.019557 0.717777 0.016482 0.724489 0.019154 0.727161 0.019743 0.729728 0.020087 0.731226 0.020268 0.732014 0.019921 0.735338 0.019897 0.736020 0.021554 0.739211 0.018182 0.746824 0.017338 0.746882 0.017334 0.747205 0.013857 0.746729 0.005393 0.753578 0.005905 0.757752 0.009032 0.758330 0.008939 0.757895 0.008939 0.756332 0.011217 0.752179 0.014666 0.751882 0.022869 0.751882 0.026318 0.752179 0.028221 0.754934 0.029834 0.755304 0.031721 0.760238 0.030682 0.765135 0.033740 0.767022 0.037179 0.776578 0.026061 0.778845 0.022231 0.776187 0.021125 0.774301 0.018391 0.771957 0.015508 0.770636 0.011932 0.770262 0.006072 0.770262 0.004488 0.769773 0.001061 0.769470 0.000441 0.769181 0.000000 0.769569
0 0.014889 0.695685 0.006426 0.695024 0.000000 0.688579 0.000000 0.648457 0.000253 0.648222 0.004600 0.647525 0.009206 0.650382 0.019683 0.650641 0.022586 0.654495 0.030103 0.654611 0.032555 0.652203 0.039789 0.651433 0.049115 0.658151 0.047939 0.666369 0.040871 0.674471 0.035380 0.679671 0.039008 0.679596 0.048707 0.680778 0.053786 0.683512 0.055257 0.686013 0.060740 0.689686 0.061032 0.692704 0.060235 0.693135 0.061173 0.695674 0.061806 0.700425 0.061300 0.702058 0.061568 0.707454 0.060859 0.709568 0.060668 0.709887 0.054721 0.716168 0.049407 0.718036 0.040540 0.719214 0.033606 0.718382 0.029386 0.713772 0.027813 0.704073 0.024717 0.699364
0 0.069001 0.690105 0.077239 0.689983 0.081157 0.684468 0.081339 0.683970 0.081741 0.683810 0.084778 0.680778 0.094477 0.678424 0.098031 0.680492 0.101756 0.683827 0.102052 0.687276 0.102022 0.688671 0.103352 0.689717 0.106263 0.696265 0.107038 0.702961 0.107389 0.703132 0.110817 0.704216 0.112236 0.705635 0.114332 0.706169 0.116183 0.707942 0.116550 0.707970 0.119275 0.713732 0.119477 0.714048 0.122068 0.717420 0.122370 0.720066 0.122768 0.720891 0.125231 0.723389 0.127950 0.728028 0.130163 0.734284 0.120746 0.737515 0.113154 0.739609 0.112379 0.740258 0.109893 0.741573 0.102680 0.747690 0.093696 0.747976 0.089399 0.748862 0.085304 0.748811 0.085360 0.750166 0.083787 0.753225 0.072993 0.756284 0.070011 0.754397 0.069318 0.751751 0.068696 0.747943 0.066645 0.747720 0.054830 0.745385 0.050897 0.740115 0.049405 0.736848 0.050071 0.724968 0.051651 0.721079 0.057642 0.714957 0.061610 0.708310 0.061300 0.702058 0.061806 0.700425 0.061173 0.695674 0.060235 0.693135 0.065571 0.690248 0.067152 0.690282
0 0.119176 0.597755 0.122249 0.593170 0.133511 0.589645 0.146313 0.593123 0.151661 0.598105 0.156491 0.600202 0.158447 0.603357 0.160403 0.603712 0.162680 0.607866 0.161184 0.610457 0.158516 0.610754 0.156368 0.610311 0.153468 0.610574 0.151793 0.615098 0.153680 0.619523 0.150377 0.623031 0.147210 0.628453 0.148602 0.634500 0.147507 0.638587 0.141000 0.638587 0.132796 0.637415 0.130769 0.635366 0.122326 0.631632 0.124367 0.625618 0.119027 0.618263 0.117698 0.608763 0.118084 0.602318
0 0.024319 0.558370 0.027833 0.554856 0.030667 0.554551 0.039130 0.554856 0.041039 0.558163 0.039544 0.568632 0.038343 0.571729 0.048006 0.577691 0.047507 0.585000 0.043775 0.588437 0.033731 0.589767 0.028332 0.589389 0.024841 0.587395 0.021997 0.584586 0.017693 0.586896 0.014519 0.587577 0.010214 0.590885 0.001410 0.590885 0.000000 0.585395 0.000000 0.575792 0.004900 0.571308 0.007259 0.570445 0.012877 0.565325
0 0.055378 0.485141 0.059459 0.483802 0.063749 0.482596 0.074798 0.484806 0.081541 0.485709 0.091116 0.485512 0.095577 0.487171 0.107932 0.488477 0.109998 0.499131 0.101429 0.505635 0.094799 0.505438 0.084119 0.505339 0.080736 0.505956 0.073818 0.505654 0.068291 0.505950 0.065294 0.505449 0.058832 0.504143 0.056767 0.502078 0.056000 0.497544 0.055678 0.496001 0.054323 0.493370 0.053159 0.490275 0.053400 0.488283
0 0.209918 0.367831 0.207159 0.359146 0.210504 0.347571 0.215519 0.346629 0.225281 0.347170 0.233742 0.354850 0.234148 0.358630 0.243888 0.361557 0.245070 0.376334 0.240718 0.379666 0.234589 0.398847 0.228406 0.399925 0.214343 0.399248 0.210234 0.395678 0.205816 0.395331 0.199252 0.389549 0.198851 0.378287 0.200738 0.374524 0.207003 0.371318
0 0.079271 0.015873 0.075332 0.015084 0.069225 0.015282 0.063119 0.017251 0.061543 0.018433 0.059376 0.021979 0.059179 0.025918 0.063119 0.030252 0.067255 0.031434 0.075529 0.031828 0.081438 0.030055 0.086757 0.024146 0.087741 0.022176 0.086954 0.020206 0.081832 0.017054
0 0.061864 0.303042 0.068279 0.300582 0.075802 0.292498 0.077116 0.288840 0.084786 0.286953 0.088873 0.288383 0.093247 0.300492 0.093196 0.303805 0.103345 0.308043 0.112134 0.306414 0.125763 0.306804 0.137262 0.318637 0.152320 0.335302 0.161997 0.341898 0.155813 0.348005 0.152723 0.348641 0.160434 0.352445 0.151583 0.360830 0.149487 0.369957 0.146257 0.373968 0.146372 0.386820 0.137454 0.399958 0.127183 0.406508 0.117670 0.407743 0.114016 0.415193 0.088759 0.414412 0.080302 0.407127 0.071895 0.408172 0.060961 0.400499 0.044618 0.395662 0.040464 0.391898 0.029774 0.387849 0.022525 0.379797 0.015398 0.376207 0.014083 0.369423 0.009929 0.363707 0.010183 0.350289 0.005632 0.344957 0.006742 0.330087 0.014606 0.320414 0.014711 0.313383 0.005489 0.308458 0.000087 0.308943 0.000000 0.308742 0.000000 0.301911 0.001583 0.300625 0.007559 0.301438 0.009729 0.297844 0.019614 0.289286 0.028176 0.289062 0.033839 0.284112 0.041486 0.285280 0.044314 0.293852 0.044370 0.303798 0.051132 0.303949
