0 0.921875 0.000000 0.921875 0.000000 0.925781 0.003906 0.921875 0.019531 0.921875 0.023438 0.910156 0.035156 0.906250 0.039062 0.898438 0.039062 0.894531 0.042969 0.867188 0.039062 0.863281 0.039062 0.855469 0.031250 0.851562 0.027344 0.851562 0.011719 0.851562 0.007812 0.856771 0.000000
0 0.718750 0.031250 0.738281 0.039062 0.742188 0.039062 0.746094 0.050781 0.750000 0.054688 0.750000 0.070312 0.750000 0.074219 0.734375 0.089844 0.730469 0.093750 0.714844 0.089844 0.710938 0.089844 0.695312 0.066406 0.691406 0.062500 0.699219 0.046875 0.699219 0.042969 0.718750 0.031250
0 0.753906 0.246094 0.785156 0.246094 0.789062 0.246094 0.832031 0.269531 0.835938 0.273438 0.839844 0.289062 0.839844 0.292969 0.828125 0.324219 0.824219 0.328125 0.789062 0.332031 0.785156 0.332031 0.765625 0.316406 0.761719 0.312500 0.750000 0.281250 0.746094 0.277344 0.746094 0.257812 0.746094 0.253906 0.753906 0.246094
0 0.906250 0.230469 0.929688 0.242188 0.933594 0.246094 0.933594 0.265625 0.937500 0.269531 0.933594 0.281250 0.929688 0.285156 0.914062 0.289062 0.910156 0.292969 0.890625 0.289062 0.886719 0.289062 0.863281 0.269531 0.859375 0.265625 0.863281 0.246094 0.867188 0.242188 0.906250 0.230469
0 0.683594 0.503906 0.687500 0.503906 0.691406 0.503906 0.707031 0.523438 0.710938 0.527344 0.746094 0.531250 0.750000 0.535156 0.750000 0.550781 0.750000 0.554688 0.730469 0.574219 0.726562 0.578125 0.703125 0.585938 0.699219 0.585938 0.679688 0.574219 0.675781 0.570312 0.667969 0.523438 0.667969 0.519531 0.683594 0.503906
0 0.140625 0.683594 0.140625 0.679688 0.136719 0.667969 0.132812 0.664062 0.101562 0.625000 0.046875 0.621094 0.003906 0.636719 0.000000 0.640625 0.000000 0.640625 0.000000 0.744488 0.000151 0.744445 0.008982 0.740369 0.014094 0.735936 0.019225 0.735615 0.027689 0.738667 0.035840 0.738667 0.044307 0.736972 0.046345 0.736293 0.049079 0.733558 0.049335 0.732623 0.053155 0.729482 0.056665 0.724990 0.062500 0.722656 0.109375 0.718750 0.113281 0.714844 0.128906 0.703125 0.128906 0.699219
0 0.199219 0.289062 0.210938 0.289062 0.214844 0.289062 0.246094 0.304688 0.250000 0.308594 0.277344 0.312500 0.281250 0.312500 0.289062 0.324219 0.292969 0.328125 0.292969 0.343750 0.292969 0.347656 0.285156 0.351562 0.281250 0.355469 0.187500 0.347656 0.183594 0.347656 0.175781 0.335938 0.171875 0.332031 0.171875 0.320312 0.167969 0.316406 0.175781 0.304688 0.175781 0.300781 0.199219 0.289062
0 1.000000 0.291052 0.999468 0.287326 0.998452 0.283615 0.995718 0.280881 0.992007 0.279865 0.988296 0.280881 0.985561 0.283615 0.984546 0.287326 0.984546 0.290862 0.985332 0.294264 0.985725 0.316012 0.978866 0.318600 0.972203 0.324084 0.966309 0.331549 0.960023 0.346873 0.957829 0.359227 0.957829 0.375336 0.959630 0.384155 0.962380 0.389656 0.965114 0.392390 0.969044 0.394748 0.973540 0.396156 0.980820 0.395298 0.983114 0.395926 0.990130 0.395592 0.993841 0.394577 0.998580 0.390506 0.999930 0.386127 0.999075 0.370363 0.999075 0.347698 0.999861 0.343511 1.000000 0.338020
0 0.999930 0.410182 0.999930 0.405839 0.998914 0.402128 0.996180 0.399393 0.992469 0.398378 0.984081 0.400730 0.979737 0.403402 0.972660 0.409812 0.965978 0.418499 0.962971 0.424513 0.960619 0.434237 0.960619 0.443592 0.963305 0.455990 0.965309 0.458996 0.969714 0.462733 0.973425 0.463749 0.986121 0.463749 0.994175 0.462065 0.997912 0.458662 0.999861 0.450381 0.998965 0.447109 0.999468 0.445273 0.999596 0.411404
0 0.721770 0.725624 0.720416 0.720899 0.717681 0.718164 0.714844 0.716929 0.714844 0.703125 0.718750 0.695312 0.707031 0.687500 0.710938 0.683594 0.707031 0.671875 0.714844 0.660156 0.714844 0.648438 0.707031 0.640625 0.707031 0.636719 0.691406 0.628906 0.675781 0.628906 0.671875 0.632812 0.636719 0.632812 0.621094 0.621094 0.619651 0.621094 0.619289 0.619773 0.614864 0.615347 0.611153 0.614332 0.602698 0.614332 0.595943 0.616362 0.589855 0.620759 0.584415 0.626199 0.582596 0.629708 0.577651 0.636345 0.576297 0.642762 0.577312 0.646473 0.578125 0.647286 0.578125 0.671875 0.574219 0.675781 0.574219 0.691406 0.570312 0.695312 0.570312 0.703125 0.574219 0.707031 0.578125 0.722656 0.585938 0.730469 0.597656 0.730469 0.601562 0.734375 0.601562 0.742188 0.613281 0.742188 0.617188 0.746094 0.660156 0.746094 0.664062 0.750000 0.675781 0.742188 0.675781 0.726562 0.681980 0.720363 0.686246 0.724967 0.694702 0.731732 0.702471 0.734438 0.709573 0.734777 0.713284 0.733761 0.718020 0.732070 0.720754 0.729335
