0 0.792969 0.000000 0.792969 0.000000 0.796875 0.003906 0.792969 0.003906 0.789062 0.007812 0.785156 0.007812 0.781250 0.007812 0.777344 0.003906 0.773438 0.000000 0.773438 0.000000
0 0.625000 0.000000 0.625000 0.007812 0.628906 0.011719 0.625000 0.015625 0.621094 0.019531 0.597656 0.019531 0.593750 0.019531 0.593750 0.007812 0.593750 0.003906 0.597656 0.000000 0.597656 0.000000
0 0.035156 0.019531 0.046875 0.019531 0.050781 0.019531 0.050781 0.023438 0.054688 0.027344 0.054688 0.031250 0.050781 0.035156 0.046875 0.039062 0.042969 0.035156 0.039062 0.035156 0.035156 0.035156 0.035156 0.019531
0 0.960938 0.027344 0.988281 0.027344 0.992188 0.027344 0.992188 0.031250 0.996094 0.035156 0.996094 0.042969 0.996094 0.046875 0.992188 0.050781 0.992188 0.054688 0.988281 0.058594 0.988281 0.062500 0.980469 0.070312 0.976562 0.074219 0.972656 0.070312 0.968750 0.070312 0.964844 0.066406 0.960938 0.066406 0.957031 0.062500 0.953125 0.062500 0.953125 0.054688 0.949219 0.050781 0.957031 0.042969 0.960938 0.039062 0.960938 0.027344
0 0.410156 0.121094 0.417969 0.121094 0.421875 0.121094 0.425781 0.125000 0.433594 0.125000 0.437500 0.128906 0.437500 0.140625 0.437500 0.144531 0.433594 0.148438 0.429688 0.148438 0.425781 0.152344 0.421875 0.152344 0.417969 0.156250 0.414062 0.160156 0.410156 0.156250 0.410156 0.148438 0.410156 0.144531 0.406250 0.140625 0.406250 0.136719 0.402344 0.132812 0.406250 0.128906 0.406250 0.125000 0.410156 0.121094
0 0.000000 0.156250 0.003906 0.156250 0.007812 0.160156 0.007812 0.175781 0.007812 0.179688 0.003906 0.183594 0.000000 0.187500 0.000000 0.187500
0 0.867188 0.175781 0.871094 0.179688 0.875000 0.179688 0.878906 0.179688 0.878906 0.191406 0.875000 0.195312 0.867188 0.195312 0.863281 0.191406 0.863281 0.183594 0.863281 0.179688 0.867188 0.175781
0 0.582031 0.187500 0.597656 0.187500 0.601562 0.187500 0.605469 0.191406 0.605469 0.195312 0.609375 0.199219 0.617188 0.199219 0.621094 0.199219 0.625000 0.203125 0.625000 0.207031 0.621094 0.210938 0.617188 0.214844 0.617188 0.222656 0.617188 0.226562 0.621094 0.230469 0.625000 0.230469 0.628906 0.234375 0.625000 0.234375 0.621094 0.238281 0.621094 0.234375 0.617188 0.230469 0.613281 0.234375 0.609375 0.234375 0.605469 0.234375 0.605469 0.230469 0.605469 0.226562 0.601562 0.222656 0.601562 0.218750 0.597656 0.214844 0.597656 0.210938 0.593750 0.207031 0.589844 0.203125 0.589844 0.199219 0.585938 0.195312 0.585938 0.191406 0.582031 0.187500
0 0.500000 0.214844 0.503906 0.218750 0.531250 0.218750 0.535156 0.218750 0.535156 0.222656 0.535156 0.226562 0.542969 0.234375 0.546875 0.234375 0.546875 0.238281 0.554688 0.246094 0.558594 0.246094 0.558594 0.250000 0.562500 0.253906 0.566406 0.257812 0.566406 0.261719 0.570312 0.265625 0.578125 0.265625 0.582031 0.265625 0.585938 0.269531 0.589844 0.269531 0.593750 0.269531 0.597656 0.273438 0.601562 0.273438 0.605469 0.277344 0.605469 0.281250 0.605469 0.285156 0.609375 0.289062 0.613281 0.292969 0.609375 0.296875 0.609375 0.300781 0.605469 0.304688 0.605469 0.308594 0.605469 0.312500 0.601562 0.316406 0.597656 0.320312 0.597656 0.324219 0.593750 0.328125 0.589844 0.332031 0.589844 0.339844 0.585938 0.343750 0.585938 0.359375 0.582031 0.363281 0.582031 0.378906 0.578125 0.382812 0.578125 0.394531 0.578125 0.398438 0.574219 0.402344 0.570312 0.402344 0.566406 0.406250 0.562500 0.406250 0.558594 0.410156 0.554688 0.410156 0.550781 0.410156 0.546875 0.414062 0.542969 0.414062 0.539062 0.417969 0.539062 0.445312 0.539062 0.449219 0.542969 0.453125 0.546875 0.453125 0.546875 0.464844 0.546875 0.468750 0.550781 0.472656 0.554688 0.472656 0.554688 0.484375 0.554688 0.488281 0.546875 0.496094 0.542969 0.500000 0.542969 0.503906 0.539062 0.507812 0.523438 0.507812 0.519531 0.507812 0.515625 0.511719 0.511719 0.511719 0.507812 0.515625 0.503906 0.515625 0.500000 0.519531 0.492188 0.519531 0.488281 0.523438 0.468750 0.523438 0.464844 0.523438 0.464844 0.519531 0.460938 0.515625 0.457031 0.515625 0.453125 0.511719 0.429688 0.511719 0.425781 0.511719 0.425781 0.500000 0.425781 0.496094 0.421875 0.492188 0.417969 0.488281 0.417969 0.480469 0.417969 0.476562 0.406250 0.464844 0.402344 0.460938 0.394531 0.460938 0.390625 0.460938 0.390625 0.453125 0.390625 0.449219 0.386719 0.445312 0.386719 0.441406 0.382812 0.437500 0.378906 0.433594 0.378906 0.429688 0.375000 0.425781 0.371094 0.421875 0.355469 0.421875 0.351562 0.421875 0.351562 0.406250 0.351562 0.402344 0.339844 0.390625 0.335938 0.386719 0.335938 0.382812 0.335938 0.378906 0.332031 0.375000 0.332031 0.371094 0.328125 0.367188 0.328125 0.355469 0.328125 0.351562 0.324219 0.347656 0.324219 0.343750 0.324219 0.339844 0.335938 0.339844 0.339844 0.339844 0.343750 0.335938 0.343750 0.328125 0.343750 0.324219 0.351562 0.316406 0.355469 0.312500 0.355469 0.308594 0.359375 0.304688 0.359375 0.257812 0.359375 0.253906 0.363281 0.250000 0.363281 0.246094 0.367188 0.250000 0.371094 0.250000 0.375000 0.250000 0.378906 0.253906 0.386719 0.253906 0.390625 0.253906 0.394531 0.257812 0.398438 0.257812 0.402344 0.261719 0.406250 0.265625 0.410156 0.265625 0.414062 0.269531 0.433594 0.269531 0.437500 0.269531 0.441406 0.265625 0.449219 0.265625 0.453125 0.265625 0.457031 0.261719 0.460938 0.257812 0.460938 0.246094 0.460938 0.242188 0.464844 0.238281 0.468750 0.238281 0.472656 0.234375 0.476562 0.234375 0.480469 0.230469 0.484375 0.230469 0.500000 0.214844
0 0.062500 0.257812 0.066406 0.261719 0.070312 0.261719 0.074219 0.265625 0.074219 0.269531 0.078125 0.273438 0.082031 0.273438 0.082031 0.277344 0.082031 0.281250 0.085938 0.285156 0.089844 0.289062 0.093750 0.289062 0.097656 0.292969 0.097656 0.296875 0.097656 0.300781 0.101562 0.304688 0.105469 0.304688 0.109375 0.308594 0.109375 0.312500 0.113281 0.316406 0.109375 0.320312 0.105469 0.324219 0.105469 0.328125 0.101562 0.332031 0.093750 0.332031 0.089844 0.335938 0.089844 0.351562 0.085938 0.355469 0.082031 0.355469 0.078125 0.351562 0.074219 0.347656 0.070312 0.347656 0.066406 0.343750 0.066406 0.324219 0.062500 0.320312 0.066406 0.316406 0.066406 0.300781 0.066406 0.296875 0.070312 0.292969 0.070312 0.285156 0.070312 0.281250 0.066406 0.277344 0.062500 0.277344 0.062500 0.273438 0.058594 0.269531 0.054688 0.269531 0.054688 0.265625 0.054688 0.261719 0.058594 0.261719 0.062500 0.257812
0 0.976562 0.257812 0.984375 0.257812 0.988281 0.257812 0.992188 0.261719 0.996094 0.261719 1.000000 0.265625 1.000000 0.273438 1.000000 0.273438 1.000000 0.281250 1.000000 0.281250 0.996094 0.285156 0.988281 0.285156 0.984375 0.289062 0.972656 0.277344 0.968750 0.277344 0.968750 0.265625 0.968750 0.261719 0.972656 0.261719 0.976562 0.257812
0 0.867188 0.347656 0.886719 0.347656 0.890625 0.347656 0.894531 0.351562 0.898438 0.351562 0.902344 0.355469 0.902344 0.371094 0.902344 0.375000 0.906250 0.378906 0.914062 0.378906 0.917969 0.378906 0.917969 0.382812 0.914062 0.386719 0.914062 0.390625 0.910156 0.386719 0.906250 0.386719 0.906250 0.382812 0.902344 0.378906 0.898438 0.382812 0.890625 0.382812 0.886719 0.382812 0.882812 0.378906 0.871094 0.378906 0.867188 0.378906 0.863281 0.375000 0.863281 0.367188 0.867188 0.363281 0.867188 0.347656
0 0.648438 0.363281 0.652344 0.363281 0.656250 0.363281 0.656250 0.367188 0.660156 0.371094 0.660156 0.378906 0.656250 0.382812 0.656250 0.417969 0.652344 0.421875 0.648438 0.421875 0.644531 0.421875 0.640625 0.417969 0.632812 0.417969 0.628906 0.417969 0.625000 0.414062 0.625000 0.410156 0.625000 0.406250 0.621094 0.402344 0.617188 0.402344 0.613281 0.398438 0.617188 0.394531 0.621094 0.390625 0.625000 0.390625 0.628906 0.390625 0.632812 0.386719 0.636719 0.382812 0.636719 0.371094 0.636719 0.367188 0.640625 0.367188 0.644531 0.367188 0.648438 0.363281
0 0.800781 0.367188 0.808594 0.367188 0.812500 0.367188 0.808594 0.371094 0.808594 0.375000 0.804688 0.378906 0.804688 0.390625 0.804688 0.394531 0.800781 0.398438 0.796875 0.398438 0.792969 0.402344 0.792969 0.410156 0.789062 0.414062 0.777344 0.414062 0.773438 0.414062 0.769531 0.410156 0.769531 0.406250 0.769531 0.402344 0.773438 0.398438 0.773438 0.394531 0.773438 0.390625 0.781250 0.382812 0.785156 0.378906 0.792969 0.378906 0.796875 0.378906 0.800781 0.375000 0.800781 0.367188
0 0.949219 0.402344 0.960938 0.402344 0.964844 0.402344 0.964844 0.406250 0.960938 0.410156 0.960938 0.417969 0.960938 0.421875 0.957031 0.425781 0.957031 0.429688 0.953125 0.433594 0.949219 0.433594 0.945312 0.429688 0.941406 0.429688 0.941406 0.421875 0.941406 0.417969 0.945312 0.414062 0.945312 0.410156 0.945312 0.406250 0.949219 0.402344
0 0.085938 0.472656 0.089844 0.476562 0.101562 0.476562 0.105469 0.476562 0.109375 0.472656 0.113281 0.472656 0.117188 0.472656 0.117188 0.484375 0.117188 0.488281 0.113281 0.492188 0.113281 0.496094 0.109375 0.500000 0.105469 0.500000 0.101562 0.496094 0.097656 0.496094 0.093750 0.496094 0.093750 0.492188 0.093750 0.488281 0.089844 0.484375 0.085938 0.484375 0.085938 0.472656
0 0.855469 0.503906 0.859375 0.503906 0.863281 0.503906 0.867188 0.507812 0.867188 0.511719 0.867188 0.515625 0.863281 0.519531 0.863281 0.523438 0.863281 0.527344 0.859375 0.531250 0.855469 0.535156 0.847656 0.535156 0.843750 0.535156 0.839844 0.531250 0.839844 0.515625 0.839844 0.511719 0.843750 0.511719 0.847656 0.507812 0.851562 0.507812 0.855469 0.503906
0 0.093750 0.550781 0.101562 0.558594 0.105469 0.558594 0.101562 0.562500 0.101562 0.574219 0.101562 0.578125 0.097656 0.582031 0.097656 0.585938 0.093750 0.582031 0.089844 0.582031 0.085938 0.582031 0.082031 0.578125 0.078125 0.578125 0.078125 0.574219 0.078125 0.570312 0.082031 0.566406 0.082031 0.562500 0.093750 0.550781
0 0.128906 0.585938 0.152344 0.585938 0.156250 0.585938 0.160156 0.589844 0.160156 0.601562 0.160156 0.605469 0.164062 0.609375 0.175781 0.609375 0.179688 0.609375 0.179688 0.617188 0.179688 0.621094 0.175781 0.625000 0.175781 0.628906 0.171875 0.632812 0.167969 0.636719 0.160156 0.636719 0.156250 0.636719 0.156250 0.628906 0.152344 0.625000 0.132812 0.625000 0.128906 0.625000 0.125000 0.628906 0.125000 0.632812 0.125000 0.636719 0.121094 0.640625 0.117188 0.644531 0.113281 0.640625 0.109375 0.640625 0.105469 0.636719 0.105469 0.632812 0.101562 0.628906 0.101562 0.621094 0.105469 0.617188 0.105469 0.593750 0.105469 0.589844 0.121094 0.589844 0.125000 0.589844 0.128906 0.585938
0 0.000000 0.589844 0.000000 0.589844 0.003906 0.593750 0.003906 0.597656 0.007812 0.601562 0.003906 0.605469 0.003906 0.609375 0.000000 0.613281 0.000000 0.617188 0.000000 0.617188
0 0.949219 0.601562 0.957031 0.601562 0.960938 0.601562 0.964844 0.605469 0.976562 0.605469 0.980469 0.605469 0.980469 0.609375 0.984375 0.613281 0.988281 0.613281 0.992188 0.617188 0.996094 0.621094 0.992188 0.625000 0.988281 0.628906 0.984375 0.628906 0.980469 0.632812 0.976562 0.636719 0.976562 0.640625 0.976562 0.644531 0.972656 0.648438 0.968750 0.652344 0.964844 0.652344 0.960938 0.648438 0.960938 0.644531 0.960938 0.640625 0.957031 0.636719 0.953125 0.632812 0.953125 0.625000 0.949219 0.621094 0.949219 0.601562
0 0.464844 0.667969 0.480469 0.667969 0.484375 0.667969 0.480469 0.671875 0.480469 0.683594 0.476562 0.687500 0.468750 0.687500 0.464844 0.687500 0.464844 0.683594 0.460938 0.679688 0.460938 0.675781 0.460938 0.671875 0.464844 0.667969
0 0.906250 0.691406 0.914062 0.691406 0.917969 0.695312 0.917969 0.707031 0.914062 0.710938 0.910156 0.710938 0.910156 0.707031 0.906250 0.703125 0.906250 0.699219 0.902344 0.695312 0.906250 0.691406
0 0.675781 0.710938 0.679688 0.710938 0.683594 0.710938 0.687500 0.714844 0.691406 0.714844 0.695312 0.714844 0.695312 0.718750 0.707031 0.730469 0.707031 0.734375 0.703125 0.738281 0.691406 0.738281 0.687500 0.742188 0.683594 0.742188 0.679688 0.742188 0.675781 0.738281 0.671875 0.738281 0.667969 0.734375 0.667969 0.722656 0.667969 0.718750 0.671875 0.718750 0.675781 0.714844 0.675781 0.710938
0 0.921875 0.761719 0.949219 0.761719 0.953125 0.761719 0.957031 0.765625 0.960938 0.765625 0.964844 0.769531 0.968750 0.769531 0.968750 0.773438 0.964844 0.777344 0.960938 0.781250 0.960938 0.785156 0.953125 0.792969 0.949219 0.796875 0.941406 0.796875 0.937500 0.800781 0.917969 0.800781 0.914062 0.800781 0.914062 0.796875 0.910156 0.792969 0.910156 0.789062 0.910156 0.785156 0.914062 0.781250 0.917969 0.777344 0.917969 0.769531 0.917969 0.765625 0.921875 0.761719
0 0.769531 0.839844 0.777344 0.839844 0.781250 0.839844 0.785156 0.843750 0.789062 0.847656 0.789062 0.859375 0.792969 0.863281 0.804688 0.863281 0.808594 0.863281 0.812500 0.859375 0.816406 0.859375 0.820312 0.855469 0.832031 0.855469 0.835938 0.855469 0.839844 0.859375 0.843750 0.859375 0.847656 0.863281 0.847656 0.867188 0.851562 0.871094 0.851562 0.875000 0.855469 0.878906 0.871094 0.878906 0.875000 0.875000 0.878906 0.878906 0.886719 0.878906 0.890625 0.882812 0.886719 0.886719 0.886719 0.890625 0.882812 0.894531 0.875000 0.894531 0.871094 0.898438 0.871094 0.910156 0.867188 0.914062 0.863281 0.914062 0.859375 0.914062 0.855469 0.917969 0.847656 0.917969 0.843750 0.921875 0.843750 0.937500 0.843750 0.941406 0.839844 0.945312 0.839844 0.949219 0.835938 0.953125 0.828125 0.953125 0.824219 0.953125 0.820312 0.949219 0.808594 0.949219 0.804688 0.949219 0.796875 0.957031 0.796875 0.960938 0.792969 0.964844 0.789062 0.964844 0.785156 0.968750 0.761719 0.968750 0.757812 0.968750 0.757812 0.964844 0.753906 0.960938 0.750000 0.960938 0.746094 0.960938 0.742188 0.957031 0.738281 0.957031 0.734375 0.953125 0.730469 0.949219 0.730469 0.941406 0.726562 0.937500 0.730469 0.933594 0.730469 0.929688 0.734375 0.925781 0.738281 0.921875 0.742188 0.921875 0.746094 0.917969 0.746094 0.914062 0.750000 0.914062 0.753906 0.914062 0.757812 0.910156 0.761719 0.906250 0.761719 0.898438 0.761719 0.894531 0.765625 0.890625 0.765625 0.878906 0.769531 0.875000 0.769531 0.863281 0.769531 0.859375 0.765625 0.855469 0.765625 0.851562 0.761719 0.847656 0.769531 0.839844
0 0.214844 0.886719 0.222656 0.886719 0.226562 0.886719 0.226562 0.894531 0.230469 0.898438 0.226562 0.898438 0.222656 0.902344 0.218750 0.902344 0.214844 0.898438 0.214844 0.886719
0 0.917969 0.886719 0.925781 0.886719 0.929688 0.886719 0.933594 0.890625 0.937500 0.890625 0.941406 0.894531 0.945312 0.898438 0.949219 0.898438 0.953125 0.902344 0.949219 0.902344 0.945312 0.906250 0.937500 0.906250 0.933594 0.906250 0.929688 0.910156 0.925781 0.910156 0.921875 0.906250 0.917969 0.906250 0.914062 0.902344 0.914062 0.894531 0.914062 0.890625 0.917969 0.886719
0 0.187500 0.980469 0.191406 0.980469 0.195312 0.980469 0.199219 0.984375 0.203125 0.984375 0.203125 0.988281 0.199219 0.992188 0.199219 0.996094 0.199219 1.000000 0.199219 1.000000 0.191406 1.000000 0.191406 0.996094 0.187500 0.992188 0.187500 0.980469
0 0.000000 0.509183 0.000000 0.485580 0.004296 0.485580 0.009857 0.489625 0.011880 0.493670 0.011375 0.500244 0.005307 0.507323 0.000756 0.508839
0 0.250000 0.015625 0.261719 0.019531 0.265625 0.019531 0.296875 0.050781 0.300781 0.054688 0.300781 0.082031 0.300781 0.085938 0.285156 0.105469 0.281250 0.109375 0.273438 0.109375 0.269531 0.109375 0.238281 0.082031 0.234375 0.078125 0.230469 0.042969 0.230469 0.039062 0.250000 0.015625
0 0.325109 0.822988 0.314092 0.829415 0.310420 0.829415 0.306747 0.826661 0.300321 0.815644 0.297566 0.806463 0.294812 0.803709 0.293894 0.796364 0.295730 0.792692 0.299403 0.789020 0.325109 0.789020 0.333371 0.794528 0.337044 0.794528 0.339798 0.788102 0.345306 0.785347 0.356323 0.783511 0.361832 0.783511 0.365504 0.793610 0.365504 0.809217 0.360914 0.819316 0.348979 0.822988 0.333371 0.822988
0 0.359996 0.851449 0.352651 0.849613 0.343470 0.843186 0.340716 0.835841 0.337044 0.832169 0.337044 0.824825 0.340716 0.824825 0.347143 0.819316 0.353569 0.818398 0.357241 0.815644 0.363668 0.815644 0.366422 0.816562 0.369177 0.822988 0.372849 0.824825 0.376521 0.830333 0.376521 0.836759 0.372849 0.844104 0.367340 0.848695
0 0.384784 0.822988 0.377439 0.820234 0.369177 0.812889 0.369177 0.804627 0.371012 0.800955 0.388456 0.794528 0.390292 0.796364 0.390292 0.815644
0 0.467666 0.825780 0.462982 0.830464 0.458298 0.832025 0.448930 0.832025 0.447369 0.826561 0.445807 0.825000 0.443466 0.817193 0.443466 0.803141 0.445807 0.803141 0.458298 0.798456 0.472351 0.798456 0.479377 0.797676 0.480157 0.800798 0.480157 0.813289 0.478596 0.814851 0.478596 0.817973 0.477035 0.822657 0.475473 0.824219
0 0.380193 0.789020 0.372849 0.792692 0.368258 0.790856 0.361832 0.783511 0.358159 0.776166 0.358159 0.766986 0.362750 0.761477 0.366422 0.759641 0.374685 0.759641 0.386620 0.764232 0.390292 0.775248 0.390292 0.780757 0.387538 0.783511
0 0.268568 0.012552 0.263961 0.013576 0.257819 0.013064 0.254747 0.012040 0.248093 0.007945 0.247581 0.005898 0.247581 0.000000 0.278321 0.000000 0.280340 0.002827 0.280852 0.004874 0.280340 0.006921 0.278805 0.008969 0.277269 0.013576 0.275734 0.015111 0.273686 0.015111
0 0.025532 0.507323 0.020982 0.506311 0.018959 0.499738 0.018959 0.493165 0.019970 0.491142 0.021993 0.489625 0.033117 0.485075 0.055870 0.485075 0.057893 0.486086 0.059410 0.487603 0.060421 0.490131 0.060421 0.508334 0.063455 0.514907 0.063455 0.521986 0.060421 0.526031 0.058398 0.527548 0.050308 0.528054 0.045757 0.527548 0.041207 0.526031 0.040196 0.523503 0.039690 0.518952 0.038173 0.517435 0.025027 0.513390 0.023510 0.511873 0.022498 0.504289
