0 0.833971 0.794444 0.833422 0.802304 0.820795 0.803773 0.817678 0.800655 0.817128 0.792246 0.818105 0.791639 0.824768 0.788631 0.828929 0.788127 0.833691 0.794266
0 0.959650 0.779364 0.965561 0.778809 0.967679 0.780975 0.983975 0.790590 0.983469 0.795154 0.974360 0.797712 0.970314 0.796207 0.969179 0.795951 0.957820 0.795486 0.957364 0.792511 0.955965 0.785352 0.955434 0.782736 0.956720 0.781197
0 0.894203 0.805570 0.897221 0.801481 0.899996 0.802898 0.903994 0.802726 0.909043 0.807240 0.913987 0.810505 0.916125 0.810999 0.921548 0.815347 0.924897 0.818371 0.926927 0.820804 0.931352 0.824793 0.939029 0.829784 0.942875 0.836373 0.945138 0.842109 0.952532 0.843816 0.956736 0.843937 0.957141 0.851934 0.956519 0.851106 0.952391 0.853490 0.946486 0.855247 0.931920 0.855320 0.929412 0.853964 0.923842 0.852075 0.923441 0.847394 0.922070 0.843216 0.917327 0.831332 0.916040 0.826461 0.902683 0.819382 0.901115 0.818323 0.896016 0.812788 0.895815 0.808739
0 0.872150 0.895721 0.875618 0.891664 0.879849 0.890873 0.888690 0.895884 0.888300 0.910986 0.876711 0.915654 0.869607 0.917905 0.863547 0.918264 0.859327 0.926287 0.863767 0.929164 0.865396 0.931965 0.867206 0.940673 0.862896 0.941384 0.860863 0.936047 0.853756 0.935373 0.851343 0.940282 0.840575 0.941077 0.838648 0.940565 0.836462 0.936204 0.834721 0.927664 0.824904 0.916521 0.830306 0.910805 0.835904 0.909780 0.841974 0.915924 0.846514 0.921897 0.849380 0.924180 0.853743 0.918227 0.856802 0.917045 0.860461 0.909556 0.865193 0.907333 0.869049 0.902087
0 0.963373 0.455487 0.965105 0.450233 0.966721 0.448806 0.966995 0.448755 0.970504 0.447549 0.973623 0.447164 0.978163 0.447162 0.983652 0.447159 0.986635 0.449359 0.992180 0.456000 0.989903 0.460935 0.984891 0.462012 0.975125 0.462012 0.967770 0.461716 0.964566 0.458249
0 0.918635 0.771407 0.922555 0.765652 0.925874 0.765621 0.936670 0.766101 0.938834 0.769391 0.937541 0.773187 0.938425 0.775577 0.937649 0.787135 0.929566 0.787555 0.926900 0.787301 0.925036 0.786267 0.923527 0.784999 0.920184 0.781656 0.918350 0.780100 0.917926 0.775534
0 0.849509 0.591216 0.853931 0.589204 0.861977 0.592287 0.863014 0.592720 0.864687 0.592653 0.872372 0.592646 0.874150 0.598415 0.874330 0.600353 0.874032 0.603587 0.870533 0.607455 0.867129 0.612021 0.864414 0.611389 0.859665 0.610527 0.857343 0.609877 0.855932 0.606917 0.851320 0.603469 0.849979 0.599791 0.848870 0.594084
0 0.578116 0.377842 0.572502 0.373040 0.572205 0.369591 0.572502 0.364579 0.573827 0.363792 0.576920 0.357377 0.577070 0.357286 0.577206 0.357091 0.577424 0.357134 0.579979 0.357081 0.588506 0.357768 0.589602 0.362636 0.588116 0.363836 0.587337 0.366320 0.587659 0.369343 0.586468 0.372186 0.591136 0.376800 0.595497 0.379599 0.596126 0.382543 0.595421 0.391750 0.588328 0.394123 0.585776 0.393832 0.581291 0.388533 0.580348 0.381666
0 0.628792 0.379422 0.633734 0.379118 0.636402 0.384520 0.644754 0.390919 0.647873 0.391304 0.650932 0.396630 0.650217 0.405862 0.645986 0.406158 0.640193 0.405471 0.635896 0.402346 0.630114 0.397345 0.627627 0.395716 0.621911 0.393829 0.622406 0.388779 0.624645 0.383024
0 0.833899 0.506876 0.844735 0.505936 0.847387 0.514716 0.845357 0.518380 0.836274 0.518540 0.830882 0.514711 0.831774 0.510147
0 0.871190 0.290051 0.873221 0.281033 0.876269 0.277204 0.882386 0.276423 0.888961 0.288780 0.887074 0.291761 0.875812 0.292162
0 0.922047 0.318814 0.931911 0.321507 0.931209 0.323693 0.932711 0.326279 0.929261 0.330433 0.926577 0.330948 0.923941 0.334253 0.917764 0.333801 0.917389 0.330403 0.915722 0.330043 0.916595 0.323186 0.916496 0.322287 0.918225 0.320557
0 0.907205 0.351343 0.913792 0.348154 0.915685 0.344654 0.921869 0.342691 0.924208 0.342390 0.931802 0.337089 0.937638 0.338574 0.937380 0.345307 0.938269 0.350020 0.938812 0.355221 0.939589 0.360098 0.942115 0.361842 0.946283 0.363551 0.951099 0.364576 0.952194 0.369445 0.947650 0.371227 0.933654 0.370540 0.923800 0.364983 0.919591 0.363509 0.917721 0.360466 0.915026 0.356828 0.912771 0.356413 0.908247 0.353427
0 0.745409 0.391759 0.741371 0.390966 0.730865 0.388494 0.728783 0.381277 0.730867 0.375519 0.735098 0.373946 0.741738 0.374051 0.751437 0.374347 0.756439 0.377786 0.758782 0.381692 0.759401 0.386513 0.759473 0.393438 0.752731 0.395762 0.750008 0.396327 0.748400 0.394135
0 0.791121 0.215162 0.809893 0.215175 0.817057 0.215443 0.821573 0.225847 0.821277 0.229296 0.813151 0.235860 0.807748 0.236157 0.803518 0.235470 0.800761 0.232444 0.792333 0.226628 0.788284 0.225313 0.782769 0.221795 0.778194 0.219988 0.779690 0.217396 0.784973 0.216698
0 0.814532 0.025467 0.817718 0.020584 0.821545 0.020003 0.830152 0.020183 0.832743 0.021679 0.833039 0.024738 0.828589 0.035857 0.827665 0.040296 0.823835 0.043735 0.813316 0.042849 0.809045 0.041574 0.806666 0.035284 0.806857 0.033007 0.810784 0.029542 0.811252 0.028428
0 0.851463 0.107538 0.856496 0.108125 0.866609 0.107255 0.868212 0.110720 0.870204 0.112719 0.874911 0.119577 0.869268 0.121704 0.866392 0.123152 0.859219 0.123630 0.856132 0.124243 0.849965 0.124332 0.848512 0.121654 0.844552 0.111734 0.844552 0.107960
0 0.828248 0.086866 0.831901 0.087023 0.833888 0.088374 0.837017 0.090040 0.837177 0.092770 0.838504 0.095691 0.832822 0.105434 0.830672 0.105584 0.822971 0.105394 0.821000 0.102236 0.820017 0.101705 0.821293 0.101534 0.823257 0.093787 0.823597 0.090865 0.825733 0.090920 0.828586 0.087995 0.827555 0.086934
0 0.979004 0.105238 0.987845 0.110675 0.994409 0.115492 0.997302 0.116034 0.998757 0.118597 0.995020 0.124595 0.989655 0.126443 0.980242 0.130464 0.978108 0.129425 0.975688 0.122394 0.975786 0.120463 0.972496 0.118345 0.969838 0.115687 0.969542 0.113019 0.975651 0.105855
0 0.546321 0.023245 0.539453 0.023245 0.536877 0.022386 0.535160 0.018093 0.535160 0.009937 0.539453 0.007790 0.543746 0.007361 0.548039 0.004785 0.554478 0.004785 0.558342 0.007361 0.560918 0.015088 0.560918 0.017664 0.556625 0.020239 0.549756 0.020669
0 0.227971 0.670485 0.220615 0.670781 0.218707 0.670677 0.217138 0.669624 0.215309 0.670248 0.212327 0.667970 0.211926 0.657880 0.213812 0.654899 0.219193 0.655768 0.223902 0.654107 0.230738 0.654264 0.232820 0.654508 0.235088 0.656775 0.235384 0.661005 0.235088 0.664455 0.228054 0.670370
0 0.651204 0.465677 0.653455 0.463362 0.653656 0.462751 0.654526 0.461100 0.655219 0.453376 0.658309 0.452829 0.658457 0.452328 0.666775 0.452966 0.671138 0.454986 0.671914 0.457323 0.673493 0.468982 0.672222 0.472129 0.672321 0.474841 0.671996 0.476196 0.672130 0.481434 0.669462 0.485198 0.666013 0.485494 0.659439 0.484807 0.658648 0.483396 0.658067 0.483292 0.655266 0.478538 0.653154 0.472129 0.651796 0.468883
0 0.549189 0.497345 0.549407 0.492376 0.557324 0.477323 0.563837 0.477719 0.570869 0.478891 0.574769 0.479276 0.583286 0.483105 0.582499 0.491963 0.581723 0.494691 0.578989 0.500160 0.575941 0.503209 0.572492 0.503505 0.563117 0.503609 0.555282 0.500776 0.552041 0.500056
0 0.683761 0.600057 0.686638 0.599975 0.692317 0.596562 0.699348 0.597057 0.703645 0.596952 0.705620 0.597832 0.708723 0.597838 0.718346 0.599230 0.718346 0.605347 0.717317 0.609920 0.724672 0.614932 0.725768 0.619019 0.721547 0.620895 0.719477 0.621241 0.717641 0.624802 0.715777 0.625104 0.702539 0.622848 0.697147 0.617847 0.695420 0.614557 0.688736 0.611029 0.684292 0.609321 0.678397 0.605347 0.680496 0.601583
0 0.861934 0.692864 0.869599 0.697400 0.877726 0.705785 0.871619 0.707176 0.860891 0.705461 0.855345 0.701164 0.858861 0.694523
0 0.961108 0.519421 0.965696 0.514277 0.969659 0.510695 0.972885 0.510180 0.980184 0.506800 0.986099 0.504895 0.989862 0.501522 1.000000 0.499264 1.000000 0.535548 0.989809 0.537747 0.984778 0.535320 0.976680 0.533073 0.963946 0.523570 0.961082 0.522542
0 0.888103 0.495461 0.890359 0.490132 0.890283 0.485681 0.890992 0.481031 0.894396 0.477296 0.903163 0.475414 0.909810 0.474939 0.916284 0.479132 0.918175 0.484347 0.919620 0.487597 0.918836 0.498570 0.907226 0.503090 0.904112 0.504054 0.893620 0.497742 0.890560 0.497831
0 0.473799 0.000000 0.473980 0.003926 0.471322 0.006584 0.466701 0.007661 0.463576 0.008547 0.452391 0.006270 0.452368 0.003363 0.451161 0.001876 0.449363 0.000000
0 0.724083 0.093350 0.726948 0.091391 0.727375 0.091118 0.732565 0.086693 0.735317 0.086070 0.738658 0.084143 0.743279 0.084439 0.746816 0.087856 0.751405 0.093738 0.751702 0.097968 0.751405 0.100636 0.745175 0.101048 0.742173 0.101246 0.731627 0.101741 0.727566 0.099708 0.726953 0.099440 0.726639 0.099243 0.726301 0.099074 0.726202 0.098894 0.725554 0.097709 0.725030 0.096752 0.724483 0.095963
0 0.736320 0.123429 0.744960 0.132720 0.742187 0.134167 0.741835 0.135845 0.739568 0.137721 0.732251 0.139179 0.728487 0.140989 0.723552 0.145924 0.720799 0.146212 0.713529 0.145534 0.709699 0.140532 0.711741 0.133936 0.712043 0.131290 0.720560 0.124335 0.732474 0.122740
0 0.892345 0.184801 0.901925 0.178824 0.904903 0.179765 0.912104 0.180485 0.920285 0.180387 0.924439 0.182664 0.927183 0.192754 0.927316 0.199213 0.931569 0.202564 0.936063 0.209941 0.935420 0.212714 0.923432 0.216350 0.922876 0.218078 0.917550 0.221918 0.911444 0.218078 0.908236 0.214870 0.901602 0.214095 0.893398 0.210189 0.890950 0.207741 0.886367 0.206673 0.883319 0.203234 0.885977 0.193287 0.891126 0.191601
0 0.825129 0.084437 0.828586 0.087995 0.825733 0.090920 0.823597 0.090865 0.823257 0.093787 0.821293 0.101534 0.816727 0.102150 0.808439 0.101816 0.800309 0.105145 0.795374 0.097922 0.796126 0.097456 0.796546 0.095579 0.796945 0.095211 0.796937 0.095188 0.797923 0.094025 0.797883 0.091661 0.796155 0.089977 0.795364 0.087700 0.795765 0.080735 0.797682 0.079893 0.797675 0.079477 0.800794 0.079097 0.805923 0.080021 0.806312 0.078782 0.816754 0.078963 0.820048 0.081109
0 0.957096 0.279858 0.959046 0.283558 0.959074 0.285235 0.961097 0.286358 0.963364 0.285774 0.966165 0.287403 0.964355 0.296111 0.961677 0.300289 0.959128 0.306026 0.957962 0.309926 0.954199 0.311813 0.951264 0.310669 0.949700 0.310669 0.944450 0.306221 0.943195 0.307505 0.939536 0.309211 0.930437 0.311802 0.927779 0.309536 0.927093 0.305305 0.929265 0.296073 0.931507 0.295756 0.936193 0.290087 0.936495 0.285879 0.942740 0.279581 0.943473 0.277991 0.943404 0.274512 0.945996 0.273016 0.948768 0.274303 0.956174 0.279475
0 0.900285 0.013981 0.898048 0.009808 0.899268 0.008412 0.900583 0.005535 0.902665 0.000777 0.903348 0.000000 0.919717 0.000000 0.923596 0.003544 0.926346 0.006732 0.927127 0.026131 0.922335 0.031314 0.919375 0.034920 0.915672 0.040809 0.912811 0.041818 0.907838 0.042088 0.905337 0.039303 0.901340 0.036629 0.896045 0.032113 0.892967 0.027112 0.893364 0.025360 0.898020 0.021540 0.901984 0.021283 0.902873 0.017518
0 1.000000 0.000000 1.000000 0.013963 0.994448 0.017455 0.990277 0.023575 0.979420 0.030948 0.971295 0.031700 0.964879 0.038425 0.954585 0.037623 0.952152 0.032252 0.946090 0.026310 0.941358 0.026221 0.933196 0.019489 0.935152 0.008155 0.937739 0.000000
0 0.806111 0.116153 0.799934 0.115123 0.793758 0.115638 0.791699 0.116668 0.783979 0.124903 0.771626 0.130564 0.770082 0.132109 0.768537 0.136226 0.768537 0.140344 0.770596 0.146520 0.775229 0.152182 0.777288 0.156300 0.777288 0.158359 0.775743 0.159903 0.773684 0.164020 0.773170 0.168138 0.776773 0.180491 0.778317 0.182035 0.778832 0.184094 0.781920 0.188211 0.785008 0.191299 0.793243 0.193873 0.820008 0.193873 0.823611 0.190785 0.824640 0.188726 0.827728 0.185637 0.831846 0.183579 0.833390 0.182035 0.835449 0.181520 0.837507 0.179976 0.847802 0.176888 0.849346 0.175344 0.851405 0.174829 0.853463 0.173285 0.854493 0.171226 0.854493 0.169167 0.852949 0.165050 0.849346 0.161961 0.843169 0.159388 0.834420 0.156814 0.828243 0.155785 0.822066 0.149609 0.823611 0.148064 0.835963 0.147550 0.846257 0.143947 0.848831 0.140344 0.849861 0.136226 0.849861 0.132109 0.846257 0.128506 0.840081 0.124903 0.811258 0.115638
