0 0.550781 0.121094 0.582031 0.121094 0.585938 0.121094 0.593750 0.136719 0.597656 0.140625 0.601562 0.167969 0.601562 0.171875 0.593750 0.183594 0.593750 0.187500 0.554688 0.222656 0.550781 0.226562 0.523438 0.230469 0.519531 0.230469 0.496094 0.195312 0.492188 0.191406 0.492188 0.175781 0.492188 0.171875 0.515625 0.140625 0.519531 0.136719 0.550781 0.121094
0 0.515625 0.035156 0.542969 0.035156 0.546875 0.035156 0.570312 0.042969 0.574219 0.042969 0.578125 0.046875 0.582031 0.046875 0.582031 0.054688 0.585938 0.058594 0.582031 0.082031 0.582031 0.085938 0.574219 0.093750 0.574219 0.097656 0.562500 0.109375 0.558594 0.113281 0.527344 0.125000 0.523438 0.128906 0.511719 0.128906 0.507812 0.128906 0.503906 0.117188 0.500000 0.113281 0.503906 0.085938 0.503906 0.082031 0.500000 0.070312 0.496094 0.066406 0.496094 0.042969 0.496094 0.039062 0.515625 0.035156
0 0.230469 0.019531 0.250000 0.019531 0.253906 0.023438 0.257812 0.031250 0.261719 0.035156 0.261719 0.058594 0.261719 0.062500 0.246094 0.085938 0.242188 0.089844 0.214844 0.097656 0.210938 0.101562 0.195312 0.093750 0.191406 0.089844 0.183594 0.050781 0.183594 0.046875 0.199219 0.031250 0.203125 0.027344 0.230469 0.019531
0 0.207031 0.125000 0.234375 0.132812 0.238281 0.132812 0.250000 0.148438 0.253906 0.152344 0.250000 0.175781 0.250000 0.179688 0.238281 0.191406 0.234375 0.195312 0.214844 0.203125 0.210938 0.207031 0.195312 0.203125 0.191406 0.203125 0.187500 0.195312 0.183594 0.191406 0.183594 0.175781 0.183594 0.171875 0.195312 0.140625 0.195312 0.136719 0.207031 0.125000
0 0.316406 0.132812 0.335938 0.136719 0.339844 0.136719 0.343750 0.152344 0.347656 0.156250 0.343750 0.171875 0.343750 0.175781 0.332031 0.183594 0.328125 0.187500 0.312500 0.187500 0.308594 0.187500 0.292969 0.171875 0.289062 0.167969 0.289062 0.156250 0.289062 0.152344 0.316406 0.132812
0 0.367188 0.179688 0.382812 0.183594 0.386719 0.183594 0.398438 0.195312 0.402344 0.199219 0.402344 0.214844 0.402344 0.218750 0.390625 0.226562 0.386719 0.230469 0.359375 0.222656 0.355469 0.218750 0.355469 0.195312 0.355469 0.191406 0.367188 0.179688
0 0.339844 0.246094 0.347656 0.250000 0.351562 0.253906 0.355469 0.277344 0.351562 0.281250 0.328125 0.281250 0.324219 0.277344 0.324219 0.265625 0.324219 0.261719 0.339844 0.246094
0 0.519531 0.367188 0.570312 0.378906 0.574219 0.382812 0.578125 0.402344 0.578125 0.406250 0.609375 0.429688 0.613281 0.433594 0.628906 0.460938 0.632812 0.464844 0.636719 0.500000 0.636719 0.503906 0.667969 0.523438 0.671875 0.527344 0.667969 0.535156 0.667969 0.539062 0.636719 0.570312 0.632812 0.574219 0.621094 0.574219 0.617188 0.574219 0.605469 0.558594 0.601562 0.554688 0.597656 0.554688 0.593750 0.554688 0.578125 0.539062 0.574219 0.535156 0.531250 0.519531 0.527344 0.519531 0.523438 0.515625 0.519531 0.511719 0.511719 0.484375 0.511719 0.480469 0.488281 0.472656 0.484375 0.468750 0.468750 0.417969 0.464844 0.414062 0.476562 0.394531 0.480469 0.390625 0.519531 0.367188
0 0.792969 0.453125 0.828125 0.464844 0.832031 0.464844 0.839844 0.480469 0.843750 0.484375 0.839844 0.503906 0.835938 0.507812 0.816406 0.515625 0.812500 0.519531 0.800781 0.519531 0.796875 0.519531 0.785156 0.511719 0.781250 0.507812 0.773438 0.472656 0.773438 0.468750 0.792969 0.453125
0 0.171875 0.792969 0.203125 0.796875 0.207031 0.800781 0.218750 0.832031 0.222656 0.835938 0.222656 0.847656 0.222656 0.851562 0.210938 0.871094 0.207031 0.875000 0.183594 0.875000 0.179688 0.875000 0.160156 0.843750 0.156250 0.839844 0.156250 0.812500 0.156250 0.808594 0.171875 0.792969
0 0.308594 0.730469 0.335938 0.734375 0.339844 0.734375 0.343750 0.738281 0.347656 0.742188 0.343750 0.753906 0.343750 0.757812 0.324219 0.765625 0.320312 0.769531 0.292969 0.769531 0.289062 0.769531 0.289062 0.750000 0.289062 0.746094 0.292969 0.738281 0.296875 0.734375 0.308594 0.730469
0 0.558594 0.816406 0.597656 0.828125 0.601562 0.828125 0.609375 0.835938 0.613281 0.839844 0.609375 0.863281 0.609375 0.867188 0.574219 0.894531 0.570312 0.898438 0.558594 0.894531 0.554688 0.890625 0.539062 0.855469 0.535156 0.851562 0.535156 0.835938 0.535156 0.832031 0.558594 0.816406
0 0.601562 0.878906 0.621094 0.882812 0.625000 0.882812 0.628906 0.894531 0.628906 0.898438 0.609375 0.902344 0.605469 0.902344 0.601562 0.898438 0.597656 0.894531 0.601562 0.878906
0 0.210938 0.773438 0.234375 0.777344 0.238281 0.777344 0.242188 0.796875 0.242188 0.800781 0.214587 0.804302 0.210681 0.789062 0.203125 0.781250 0.203125 0.777344 0.210938 0.773438
0 0.117188 0.000000 0.117188 0.000000 0.113281 0.003906 0.105469 0.003906 0.101562 0.003906 0.097656 0.007812 0.093750 0.007812 0.093750 0.003906 0.089844 0.000000 0.085938 0.000000 0.085938 0.000000
0 0.871094 0.058594 0.875000 0.058594 0.878906 0.058594 0.875000 0.062500 0.875000 0.078125 0.878906 0.082031 0.875000 0.082031 0.871094 0.085938 0.863281 0.085938 0.859375 0.085938 0.859375 0.082031 0.855469 0.078125 0.855469 0.074219 0.851562 0.070312 0.843750 0.070312 0.839844 0.070312 0.847656 0.070312 0.851562 0.070312 0.855469 0.066406 0.859375 0.066406 0.863281 0.062500 0.867188 0.062500 0.871094 0.058594
0 0.347656 0.074219 0.359375 0.074219 0.363281 0.074219 0.367188 0.078125 0.371094 0.078125 0.375000 0.082031 0.382812 0.082031 0.386719 0.082031 0.375000 0.093750 0.371094 0.097656 0.363281 0.097656 0.359375 0.097656 0.347656 0.085938 0.343750 0.085938 0.343750 0.082031 0.339844 0.078125 0.343750 0.078125 0.347656 0.074219
0 0.093750 0.199219 0.101562 0.199219 0.105469 0.199219 0.109375 0.203125 0.109375 0.207031 0.113281 0.210938 0.109375 0.210938 0.101562 0.218750 0.097656 0.222656 0.093750 0.222656 0.089844 0.222656 0.089844 0.210938 0.089844 0.207031 0.093750 0.203125 0.093750 0.199219
0 0.742188 0.226562 0.746094 0.226562 0.750000 0.226562 0.753906 0.230469 0.757812 0.230469 0.761719 0.230469 0.765625 0.234375 0.769531 0.234375 0.769531 0.242188 0.773438 0.246094 0.769531 0.250000 0.769531 0.253906 0.765625 0.257812 0.761719 0.257812 0.757812 0.257812 0.753906 0.253906 0.746094 0.253906 0.742188 0.250000 0.742188 0.242188 0.738281 0.238281 0.742188 0.234375 0.742188 0.226562
0 0.074219 0.242188 0.082031 0.242188 0.085938 0.242188 0.089844 0.246094 0.093750 0.246094 0.093750 0.253906 0.097656 0.257812 0.093750 0.261719 0.093750 0.277344 0.093750 0.281250 0.089844 0.285156 0.089844 0.289062 0.089844 0.292969 0.082031 0.300781 0.082031 0.304688 0.078125 0.300781 0.070312 0.300781 0.066406 0.296875 0.066406 0.289062 0.066406 0.285156 0.058594 0.277344 0.054688 0.273438 0.054688 0.257812 0.054688 0.253906 0.058594 0.253906 0.062500 0.250000 0.066406 0.246094 0.070312 0.246094 0.074219 0.242188
0 0.687500 0.320312 0.691406 0.320312 0.695312 0.320312 0.703125 0.328125 0.707031 0.332031 0.703125 0.335938 0.703125 0.339844 0.703125 0.343750 0.699219 0.347656 0.699219 0.351562 0.699219 0.355469 0.695312 0.359375 0.691406 0.363281 0.687500 0.363281 0.683594 0.363281 0.679688 0.359375 0.675781 0.359375 0.671875 0.355469 0.667969 0.355469 0.667969 0.339844 0.667969 0.335938 0.664062 0.332031 0.660156 0.332031 0.656250 0.332031 0.660156 0.332031 0.664062 0.332031 0.667969 0.328125 0.671875 0.324219 0.679688 0.324219 0.683594 0.324219 0.687500 0.320312
0 0.050781 0.328125 0.074219 0.328125 0.078125 0.328125 0.082031 0.332031 0.085938 0.332031 0.089844 0.335938 0.089844 0.343750 0.089844 0.347656 0.082031 0.355469 0.078125 0.359375 0.078125 0.367188 0.074219 0.371094 0.070312 0.371094 0.066406 0.371094 0.062500 0.375000 0.054688 0.375000 0.050781 0.375000 0.046875 0.371094 0.042969 0.371094 0.039062 0.367188 0.035156 0.363281 0.039062 0.359375 0.039062 0.355469 0.039062 0.351562 0.042969 0.347656 0.042969 0.343750 0.046875 0.339844 0.046875 0.335938 0.046875 0.332031 0.050781 0.328125
0 0.707031 0.414062 0.718750 0.414062 0.722656 0.414062 0.722656 0.433594 0.722656 0.437500 0.718750 0.441406 0.714844 0.445312 0.703125 0.445312 0.699219 0.445312 0.695312 0.441406 0.691406 0.437500 0.695312 0.433594 0.695312 0.425781 0.695312 0.421875 0.699219 0.417969 0.703125 0.417969 0.707031 0.414062
0 0.382812 0.488281 0.382812 0.492188 0.386719 0.496094 0.390625 0.496094 0.394531 0.500000 0.398438 0.503906 0.398438 0.507812 0.402344 0.511719 0.402344 0.519531 0.402344 0.523438 0.398438 0.527344 0.398438 0.531250 0.398438 0.535156 0.394531 0.539062 0.390625 0.542969 0.386719 0.542969 0.382812 0.542969 0.378906 0.546875 0.375000 0.546875 0.371094 0.550781 0.367188 0.550781 0.367188 0.546875 0.363281 0.542969 0.363281 0.531250 0.363281 0.527344 0.367188 0.523438 0.367188 0.507812 0.367188 0.503906 0.371094 0.500000 0.371094 0.496094 0.375000 0.496094 0.378906 0.496094 0.382812 0.492188 0.382812 0.488281
0 0.046875 0.500000 0.050781 0.500000 0.054688 0.500000 0.058594 0.503906 0.058594 0.511719 0.062500 0.515625 0.058594 0.515625 0.054688 0.519531 0.046875 0.519531 0.042969 0.519531 0.027344 0.535156 0.023438 0.535156 0.023438 0.527344 0.023438 0.523438 0.027344 0.519531 0.027344 0.515625 0.031250 0.515625 0.035156 0.515625 0.039062 0.511719 0.042969 0.511719 0.046875 0.507812 0.046875 0.500000
0 0.566406 0.582031 0.582031 0.582031 0.585938 0.582031 0.585938 0.593750 0.589844 0.597656 0.585938 0.601562 0.585938 0.609375 0.582031 0.613281 0.582031 0.628906 0.578125 0.632812 0.566406 0.632812 0.562500 0.632812 0.562500 0.628906 0.558594 0.625000 0.554688 0.625000 0.550781 0.625000 0.546875 0.621094 0.542969 0.617188 0.546875 0.613281 0.550781 0.609375 0.550781 0.605469 0.550781 0.601562 0.554688 0.597656 0.554688 0.593750 0.554688 0.589844 0.558594 0.585938 0.562500 0.585938 0.566406 0.582031
0 0.515625 0.679688 0.519531 0.679688 0.523438 0.679688 0.523438 0.683594 0.527344 0.687500 0.527344 0.691406 0.523438 0.695312 0.519531 0.699219 0.515625 0.699219 0.511719 0.699219 0.507812 0.695312 0.503906 0.695312 0.500000 0.695312 0.503906 0.695312 0.507812 0.695312 0.511719 0.691406 0.511719 0.687500 0.515625 0.683594 0.515625 0.679688
0 0.417969 0.699219 0.421875 0.699219 0.425781 0.699219 0.429688 0.703125 0.433594 0.703125 0.441406 0.710938 0.445312 0.714844 0.441406 0.718750 0.441406 0.722656 0.441406 0.726562 0.437500 0.730469 0.433594 0.734375 0.421875 0.734375 0.417969 0.734375 0.406250 0.722656 0.402344 0.722656 0.402344 0.718750 0.402344 0.714844 0.410156 0.707031 0.414062 0.707031 0.417969 0.703125 0.417969 0.699219
0 0.242188 0.703125 0.253906 0.703125 0.257812 0.703125 0.261719 0.707031 0.265625 0.707031 0.269531 0.710938 0.269531 0.718750 0.269531 0.722656 0.265625 0.726562 0.261719 0.726562 0.257812 0.730469 0.250000 0.730469 0.246094 0.734375 0.242188 0.730469 0.238281 0.730469 0.234375 0.730469 0.230469 0.726562 0.226562 0.726562 0.226562 0.718750 0.226562 0.714844 0.230469 0.710938 0.234375 0.710938 0.242188 0.703125
0 0.078125 0.781250 0.097656 0.781250 0.101562 0.781250 0.105469 0.785156 0.109375 0.785156 0.117188 0.792969 0.121094 0.796875 0.121094 0.812500 0.121094 0.816406 0.128906 0.824219 0.132812 0.828125 0.128906 0.828125 0.125000 0.832031 0.109375 0.832031 0.105469 0.832031 0.101562 0.835938 0.097656 0.835938 0.089844 0.828125 0.085938 0.824219 0.082031 0.824219 0.078125 0.824219 0.078125 0.820312 0.074219 0.816406 0.074219 0.812500 0.070312 0.808594 0.070312 0.800781 0.066406 0.796875 0.074219 0.789062 0.078125 0.785156 0.078125 0.781250
0 0.464844 0.894531 0.468750 0.898438 0.472656 0.898438 0.476562 0.902344 0.480469 0.902344 0.480469 0.906250 0.484375 0.910156 0.480469 0.914062 0.480469 0.917969 0.472656 0.925781 0.472656 0.929688 0.468750 0.933594 0.460938 0.933594 0.457031 0.933594 0.457031 0.929688 0.449219 0.921875 0.445312 0.917969 0.445312 0.914062 0.441406 0.910156 0.445312 0.910156 0.449219 0.906250 0.449219 0.902344 0.453125 0.898438 0.457031 0.898438 0.460938 0.898438 0.464844 0.894531
