0 0.731642 0.537658 0.734541 0.536869 0.742064 0.534567 0.745299 0.533332 0.746573 0.535263 0.749920 0.539131 0.746760 0.543919 0.745907 0.546686 0.742595 0.550238 0.737906 0.550244 0.730495 0.549782 0.727054 0.547553 0.728428 0.541301 0.729568 0.539541
0 0.782326 0.521161 0.795883 0.520801 0.798691 0.521941 0.801342 0.529377 0.794202 0.533341 0.784106 0.527091 0.782343 0.524077
0 0.136711 0.859467 0.141376 0.856774 0.150020 0.862160 0.153405 0.863149 0.154652 0.864089 0.162053 0.871239 0.161185 0.874478 0.152336 0.876849 0.149170 0.875582 0.144443 0.874009 0.143394 0.872948 0.140236 0.870075 0.136652 0.862009
0 0.159628 0.604355 0.166481 0.602386 0.170898 0.601473 0.174291 0.603687 0.180386 0.603540 0.184599 0.599454 0.190544 0.598895 0.195887 0.605661 0.190264 0.613343 0.182595 0.619060 0.171931 0.616716 0.168415 0.614373 0.164900 0.611638 0.162899 0.609157 0.157799 0.605885
0 0.233328 0.612888 0.234088 0.613004 0.236775 0.609043 0.242232 0.610087 0.243547 0.614136 0.244109 0.614888 0.246051 0.615389 0.246841 0.619111 0.246850 0.620829 0.248300 0.620995 0.251236 0.622855 0.251121 0.625790 0.246668 0.633641 0.243636 0.632538 0.237782 0.630117 0.236762 0.627806 0.231321 0.623657 0.230460 0.615345 0.232777 0.614061
0 0.730280 0.606760 0.730881 0.601270 0.731426 0.600053 0.738323 0.599879 0.743310 0.597368 0.746593 0.597478 0.754969 0.600864 0.755861 0.602052 0.756012 0.601986 0.758747 0.600032 0.763291 0.595488 0.764104 0.595543 0.765245 0.594316 0.768819 0.594196 0.773955 0.594707 0.776829 0.598752 0.777734 0.599657 0.778397 0.603836 0.779678 0.606551 0.775808 0.611392 0.769151 0.612536 0.768428 0.611814 0.766280 0.612918 0.763481 0.612336 0.758467 0.612528 0.756319 0.611980 0.748966 0.609930 0.748964 0.609925 0.748730 0.609908 0.745465 0.611693 0.738136 0.611066 0.732573 0.611029 0.731244 0.609423
0 0.489712 0.086333 0.498757 0.084213 0.508763 0.084866 0.516289 0.085535 0.521309 0.090120 0.520585 0.091731 0.520896 0.095896 0.515886 0.097558 0.510220 0.097882 0.499783 0.101696 0.494805 0.102175 0.488792 0.100398 0.484863 0.094900 0.483613 0.094371 0.482327 0.090513
0 0.821983 0.214853 0.827225 0.210858 0.831585 0.211648 0.834721 0.214048 0.840964 0.219891 0.841686 0.224275 0.833325 0.229120 0.830507 0.230547 0.828396 0.231321 0.825316 0.232884 0.820325 0.232499 0.820089 0.228407 0.819672 0.223239 0.819177 0.218943 0.820007 0.217500
0 0.751976 0.229217 0.755429 0.227984 0.758626 0.231005 0.762617 0.235215 0.764466 0.235892 0.776184 0.241361 0.778400 0.246037 0.768704 0.247696 0.761119 0.245804 0.758743 0.245510 0.754842 0.243432 0.752527 0.242936 0.751303 0.240853 0.749521 0.236718 0.749251 0.233674
0 0.698681 0.207684 0.704697 0.200377 0.708309 0.202245 0.723642 0.201749 0.726184 0.205445 0.729801 0.217893 0.722892 0.219434 0.719180 0.218703 0.712879 0.221153 0.709844 0.221690 0.697585 0.226115 0.692304 0.225205 0.688466 0.218095 0.690770 0.216005 0.696569 0.211557
0 0.668198 0.340592 0.672183 0.335046 0.683595 0.334010 0.689008 0.335668 0.689516 0.341551 0.691223 0.348478 0.695049 0.353824 0.702614 0.358607 0.709057 0.359623 0.709543 0.364727 0.700919 0.371080 0.698240 0.373327 0.695868 0.371576 0.695244 0.369398 0.692405 0.366563 0.686582 0.365863 0.685710 0.364982 0.680450 0.363191 0.678988 0.361529 0.675675 0.356317 0.675867 0.350522 0.669678 0.343281
0 0.638832 0.360168 0.637448 0.352594 0.644342 0.355320 0.651906 0.359298 0.661133 0.366957 0.669864 0.366645 0.672730 0.377457 0.672730 0.381871 0.663620 0.383479 0.661412 0.383305 0.659212 0.377199 0.652920 0.371614 0.646959 0.369634 0.641651 0.363985
0 0.054736 0.120591 0.056494 0.121562 0.061697 0.121364 0.063764 0.130624 0.058874 0.133447 0.057538 0.133093 0.055661 0.133777 0.050602 0.132495 0.045251 0.132223 0.041864 0.128445 0.043689 0.123768 0.047068 0.123100 0.053289 0.122210
0 0.139654 0.968607 0.142694 0.967862 0.144662 0.966657 0.147802 0.966496 0.152426 0.966260 0.156001 0.966657 0.157380 0.968036 0.158637 0.970627 0.161657 0.976846 0.156643 0.978718 0.154328 0.982604 0.147714 0.986179 0.139530 0.981557 0.138602 0.977488 0.138139 0.971864
0 0.312904 0.914045 0.310162 0.910826 0.308240 0.908760 0.309099 0.906243 0.310080 0.902793 0.312871 0.902466 0.315750 0.901732 0.324125 0.901732 0.329360 0.909164 0.333356 0.922404 0.328254 0.926622 0.324560 0.932771 0.315941 0.930257 0.313834 0.922493 0.313834 0.916212
0 0.688229 0.427914 0.691108 0.430626 0.692780 0.432735 0.695467 0.435447 0.698280 0.439012 0.702858 0.440748 0.707229 0.443926 0.704339 0.446646 0.701096 0.446030 0.698408 0.445905 0.668554 0.441289 0.662800 0.440222 0.659674 0.439050 0.657864 0.437240 0.654957 0.435271 0.650656 0.432099 0.653333 0.428559 0.656124 0.427411 0.660389 0.425264 0.661539 0.425362 0.672498 0.424482 0.677989 0.425753 0.680311 0.425654
0 0.628381 0.471352 0.637826 0.467988 0.640185 0.467743 0.641927 0.465880 0.650233 0.465382 0.651145 0.471680 0.651124 0.473752 0.656118 0.477748 0.655998 0.477955 0.657114 0.480570 0.654221 0.483962 0.649570 0.484504 0.640717 0.483800 0.641041 0.490127 0.640662 0.493532 0.636887 0.495921 0.632370 0.498931 0.628065 0.495027 0.626886 0.488863 0.621697 0.479686 0.620988 0.479475 0.619079 0.476168 0.623396 0.471850 0.628365 0.471577
0 0.681227 0.508342 0.685630 0.511248 0.688868 0.509504 0.698446 0.510070 0.702221 0.518441 0.692279 0.520592 0.687213 0.520107 0.682284 0.522638 0.675011 0.532604 0.661344 0.534054 0.658233 0.529367 0.663863 0.519724 0.667564 0.517519 0.667564 0.515836 0.667564 0.515084 0.667564 0.515066 0.666441 0.512063 0.667451 0.502675 0.676656 0.500779 0.681045 0.507162 0.681207 0.508341
0 0.742565 0.871101 0.745489 0.873375 0.753443 0.878636 0.754174 0.884573 0.753843 0.888757 0.748277 0.893689 0.741399 0.894209 0.736661 0.894134 0.734119 0.889520 0.737368 0.884684 0.735827 0.882884 0.735355 0.878095 0.732846 0.873587 0.735165 0.869936 0.739307 0.870213
0 0.590033 0.437973 0.598736 0.443631 0.606495 0.447104 0.607931 0.451545 0.608099 0.454689 0.608366 0.454786 0.609801 0.460634 0.606535 0.462504 0.606059 0.462891 0.601930 0.463241 0.601598 0.464150 0.597820 0.467147 0.592292 0.467372 0.583249 0.466756 0.581672 0.463616 0.579870 0.459209 0.581621 0.456204 0.582362 0.454402 0.584995 0.453264 0.582027 0.449402 0.581574 0.445958 0.580845 0.442966 0.579185 0.440427 0.579411 0.439670 0.577909 0.438369 0.577518 0.433173 0.581411 0.431754 0.581413 0.431739 0.581431 0.431755 0.582317 0.431796 0.582331 0.431748 0.582408 0.431804 0.586101 0.432911 0.587926 0.434736 0.588309 0.436113 0.589098 0.436689 0.589606 0.437920
0 0.810070 0.471172 0.813748 0.461718 0.816918 0.462622 0.822141 0.462182 0.829596 0.464632 0.832327 0.465055 0.836120 0.467798 0.840196 0.472346 0.846099 0.473987 0.856974 0.477983 0.862726 0.485238 0.846958 0.492807 0.843495 0.493116 0.838337 0.491977 0.833929 0.496336 0.823288 0.497446 0.820099 0.496312 0.816995 0.493152 0.815462 0.486476 0.812734 0.480823 0.811580 0.476783 0.811624 0.474522
0 0.789630 0.683285 0.793697 0.680573 0.803854 0.680573 0.807486 0.683815 0.803326 0.690972 0.795514 0.696441 0.788103 0.694225
0 0.801035 0.666296 0.805543 0.672737 0.807123 0.675218 0.797525 0.676459 0.792800 0.678135 0.790826 0.678591 0.784454 0.679361 0.779735 0.678112 0.776889 0.677187 0.783302 0.670346 0.785685 0.668392 0.788128 0.666763 0.789590 0.666631 0.794048 0.665048 0.798259 0.665298
0 0.715289 0.618157 0.711171 0.616871 0.712575 0.613190 0.715644 0.612875 0.717270 0.612292 0.721958 0.612501 0.725864 0.612292 0.730415 0.613064 0.735471 0.619456 0.729669 0.624218 0.727385 0.624902 0.725083 0.626198 0.715454 0.625425 0.713238 0.620749 0.715206 0.619171
0 0.685412 0.702295 0.690243 0.704015 0.688585 0.707172 0.690395 0.709763 0.693368 0.713780 0.692477 0.716496 0.692205 0.720675 0.690395 0.722095 0.683876 0.726007 0.677891 0.722237 0.676433 0.719217 0.673204 0.711183 0.676343 0.709215 0.680989 0.705425 0.682905 0.703467
0 0.584443 0.761143 0.587066 0.758520 0.595907 0.755967 0.601807 0.754399 0.604561 0.755633 0.606895 0.756086 0.608879 0.755823 0.614154 0.761135 0.610466 0.765637 0.603518 0.772110 0.599568 0.772654 0.593241 0.773370 0.591123 0.771190 0.585556 0.765048 0.584884 0.763996
0 1.000000 0.536089 1.000000 0.555117 0.996429 0.555462 0.993636 0.555237 0.991811 0.552630 0.991605 0.546869 0.992128 0.540941 0.999850 0.536271
0 0.877916 0.382392 0.883146 0.381636 0.885737 0.379435 0.891460 0.378662 0.894839 0.379435 0.897472 0.384096 0.902523 0.390362 0.898727 0.394250 0.896401 0.397265 0.881795 0.394886 0.879819 0.393871 0.873452 0.391340 0.874450 0.389227 0.875519 0.385747 0.876102 0.384828
0 0.061222 0.372236 0.064103 0.367423 0.069896 0.369386 0.074507 0.373607 0.074751 0.376470 0.073370 0.380586 0.074037 0.381414 0.072943 0.385502 0.070079 0.386136 0.061824 0.384406 0.060457 0.377039
0 0.023894 0.389841 0.025093 0.389610 0.029942 0.389484 0.038145 0.391437 0.043481 0.395211 0.040032 0.403270 0.036192 0.403566 0.028379 0.403566 0.027004 0.403448 0.026699 0.403320 0.026588 0.403319 0.021967 0.402632 0.018137 0.396850 0.017604 0.394754 0.017280 0.389246 0.021449 0.389769
0 0.044502 0.760221 0.053859 0.757929 0.056039 0.761361 0.056492 0.765868 0.056480 0.774093 0.059484 0.778660 0.062829 0.781928 0.059380 0.789207 0.051595 0.786758 0.047099 0.783216 0.042649 0.781300 0.040557 0.780823 0.041607 0.777397 0.040669 0.771343 0.040707 0.766387 0.042004 0.763254
0 0.147438 0.454470 0.155365 0.457812 0.158667 0.466416 0.154282 0.470802 0.153780 0.474969 0.152346 0.476355 0.148263 0.476792 0.136936 0.476688 0.132705 0.476105 0.131609 0.471237 0.135131 0.468106 0.135709 0.462988 0.136918 0.460384 0.140284 0.454647 0.143749 0.454067
0 0.557043 0.171011 0.552186 0.165461 0.550104 0.160604 0.550798 0.158522 0.552186 0.157135 0.554267 0.157135 0.559124 0.155747 0.567450 0.155747 0.569532 0.157135 0.577164 0.165461 0.577164 0.170318 0.576470 0.173093 0.573695 0.173787 0.561899 0.173787
0 0.521657 0.118973 0.521657 0.097465 0.523045 0.094689 0.523738 0.090526 0.531371 0.084282 0.534146 0.083588 0.540390 0.083588 0.543166 0.087057 0.543860 0.092608 0.543166 0.094689 0.541084 0.096771 0.540390 0.098852 0.534840 0.103015 0.534146 0.105791 0.534840 0.116892 0.528595 0.117586
0 0.551914 0.872105 0.562228 0.870997 0.568786 0.867438 0.570323 0.872851 0.573405 0.873196 0.580394 0.877880 0.571476 0.885939 0.566855 0.887121 0.559455 0.887023 0.555986 0.888743 0.553898 0.896486 0.541855 0.896497 0.539264 0.895001 0.539435 0.891837 0.543112 0.876902
0 0.513911 0.733252 0.507804 0.725214 0.512354 0.718838 0.520284 0.718057 0.522939 0.720846 0.528096 0.721572 0.530297 0.724164 0.537343 0.725741 0.537373 0.727597 0.534752 0.730793 0.533828 0.733671 0.531860 0.735248 0.522764 0.739077 0.519695 0.738820 0.516788 0.735546
0 0.515779 0.005796 0.519085 0.001929 0.520917 0.002828 0.524976 0.004351 0.527533 0.005858 0.528393 0.009657 0.527906 0.021667 0.526297 0.025191 0.524228 0.025828 0.520037 0.025320 0.517095 0.025182 0.515990 0.022909 0.519432 0.019929 0.519421 0.013363 0.515869 0.008166
0 0.537895 0.228451 0.540888 0.222413 0.544487 0.216159 0.549702 0.215551 0.553554 0.213713 0.556021 0.213663 0.563997 0.214442 0.563178 0.221047 0.563726 0.228020 0.563712 0.231669 0.561983 0.236911 0.559452 0.242812 0.556225 0.243319 0.547539 0.243498 0.536018 0.238776
0 0.291741 0.386820 0.295113 0.381488 0.301561 0.381633 0.307435 0.385999 0.315676 0.385918 0.320314 0.386938 0.321018 0.394541 0.317601 0.397689 0.316353 0.399158 0.310625 0.399759 0.299677 0.400334 0.290500 0.400370 0.286639 0.400273 0.289450 0.393428 0.291082 0.389938
0 0.298131 0.940006 0.308343 0.943020 0.315127 0.945507 0.320519 0.949727 0.316937 0.955520 0.314021 0.959168 0.320271 0.957996 0.323396 0.956825 0.334372 0.958893 0.338878 0.961055 0.336925 0.971079 0.332380 0.973746 0.328414 0.973730 0.325188 0.976687 0.320271 0.977157 0.311744 0.976080 0.306809 0.972317 0.292603 0.969049 0.289803 0.965467 0.287788 0.955655 0.291913 0.952695 0.291888 0.946145 0.294588 0.942349
0 0.689889 1.000000 0.689507 0.998326 0.683244 0.995729 0.680742 0.995198 0.678084 0.992540 0.678866 0.988376 0.680533 0.987100 0.681523 0.985339 0.681523 0.985328 0.681536 0.985323 0.681606 0.985245 0.681991 0.983689 0.684574 0.981112 0.685916 0.979174 0.690305 0.976131 0.694256 0.977741 0.695910 0.977896 0.697412 0.978303 0.699750 0.978687 0.703970 0.982907 0.704272 0.984772 0.704674 0.986505 0.704926 0.986521 0.713799 0.989834 0.712493 0.994026 0.714317 0.998843 0.712114 1.000000
0 0.596191 0.912115 0.605313 0.917885 0.606095 0.921222 0.606470 0.921182 0.609062 0.922678 0.609062 0.929576 0.598328 0.930275 0.595142 0.930291 0.592386 0.928630 0.589740 0.927937 0.587825 0.925136 0.585834 0.924812 0.584337 0.922221 0.590809 0.915134
0 0.437113 0.885283 0.442068 0.882833 0.443490 0.879305 0.454274 0.882377 0.459028 0.885568 0.461080 0.889062 0.464760 0.893072 0.465272 0.895117 0.465517 0.903003 0.454869 0.903863 0.448686 0.901964 0.445952 0.901287 0.436267 0.898326 0.435965 0.892946 0.435912 0.888771
0 0.424090 0.772661 0.427689 0.768600 0.430242 0.764484 0.437620 0.764963 0.442676 0.764864 0.448084 0.768396 0.453832 0.769934 0.457084 0.777276 0.464798 0.783157 0.468789 0.790816 0.472220 0.793314 0.471048 0.800603 0.468616 0.804162 0.472611 0.810759 0.468523 0.811854 0.455633 0.807557 0.445986 0.801170 0.435802 0.802671 0.432352 0.802479 0.432279 0.801604 0.430075 0.798716 0.430067 0.798328 0.429304 0.797868 0.428513 0.788950 0.428545 0.788434 0.427458 0.785749 0.426102 0.785682 0.421101 0.782243 0.424066 0.775170
0 0.128955 0.682487 0.131362 0.678309 0.134775 0.677204 0.140856 0.674952 0.148916 0.678011 0.153147 0.688491 0.158044 0.688234 0.161646 0.688789 0.169305 0.689025 0.173135 0.692855 0.173822 0.698257 0.173927 0.710757 0.172040 0.715302 0.168591 0.715598 0.161169 0.715598 0.159540 0.717255 0.155243 0.720770 0.152756 0.721590 0.152833 0.724820 0.150946 0.734052 0.144261 0.731124 0.141495 0.726420 0.132863 0.716226 0.124450 0.713254 0.121391 0.712958 0.119895 0.710366 0.122849 0.707099 0.130452 0.703402 0.133193 0.701052 0.131713 0.685779 0.130376 0.685223
0 0.044527 0.684186 0.054143 0.679830 0.066252 0.676705 0.069996 0.673832 0.077114 0.673100 0.080572 0.679307 0.082759 0.688877 0.086498 0.689997 0.087967 0.692515 0.087499 0.704697 0.088003 0.711841 0.090047 0.718768 0.084545 0.723304 0.064689 0.723210 0.059611 0.727612 0.054677 0.725725 0.053730 0.723997 0.039909 0.722276 0.036982 0.715578 0.036987 0.701985 0.040113 0.696259 0.040211 0.693509 0.037880 0.687967
0 0.046526 0.614024 0.056096 0.613867 0.063946 0.615935 0.070807 0.620766 0.062137 0.628968 0.059545 0.632732 0.054143 0.634695 0.056734 0.637238 0.054467 0.644450 0.049455 0.644746 0.039756 0.642497 0.036214 0.636919 0.035536 0.636271 0.035188 0.635302 0.035135 0.635218 0.035168 0.635187 0.036101 0.631517 0.035916 0.630869 0.046514 0.623636 0.046463 0.621494 0.046915 0.617007
0 0.034448 0.599605 0.033566 0.602609 0.026407 0.604525 0.018985 0.607259 0.015536 0.607577 0.010271 0.610908 0.006161 0.608365 0.002007 0.607336 0.000000 0.602759 0.000000 0.592540 0.001335 0.591799 0.006113 0.585063 0.016012 0.581288 0.021537 0.581305 0.028128 0.577766 0.031944 0.573346 0.036732 0.573119 0.040748 0.569947 0.044118 0.569264 0.054611 0.568904 0.057827 0.570345 0.057821 0.570379 0.055132 0.571727 0.056908 0.575850 0.056682 0.577206 0.058816 0.579768 0.060586 0.582891 0.059504 0.585104 0.059998 0.595695 0.057814 0.599609 0.049364 0.599852 0.048382 0.602402 0.040993 0.605697 0.038046 0.596060 0.035491 0.594313
0 0.057899 0.578151 0.055132 0.571727 0.060457 0.569059 0.073793 0.574133 0.087140 0.572766 0.087745 0.572779 0.089129 0.573453 0.089228 0.573839 0.091564 0.574656 0.091861 0.580449 0.092736 0.581688 0.093918 0.585918 0.093862 0.587222 0.095471 0.590344 0.089304 0.592214 0.088049 0.596594 0.081928 0.599477 0.074720 0.598925 0.070926 0.595736 0.061696 0.594173 0.060200 0.591582 0.060607 0.582928
0 0.077967 0.555935 0.079370 0.549848 0.078960 0.546336 0.092670 0.540801 0.095938 0.541725 0.096943 0.542721 0.103946 0.542902 0.107005 0.546392 0.114191 0.548459 0.125475 0.548459 0.133633 0.547199 0.136682 0.549857 0.137215 0.557812 0.140207 0.563853 0.136825 0.567236 0.130171 0.566821 0.127003 0.568102 0.115228 0.568086 0.100795 0.574925 0.091579 0.574647 0.087745 0.572779 0.083766 0.572694 0.080707 0.568931 0.080806 0.565047 0.078943 0.560745
0 0.000000 0.499264 0.003468 0.498491 0.008395 0.500059 0.014014 0.500340 0.020017 0.507200 0.021304 0.509582 0.020132 0.517785 0.016007 0.526238 0.014380 0.531052 0.010180 0.533096 0.005399 0.533746 0.001927 0.535132 0.000000 0.535548
0 0.192136 0.477916 0.192044 0.482261 0.193748 0.483800 0.194045 0.487250 0.192967 0.495777 0.188070 0.498720 0.184450 0.501559 0.177942 0.501559 0.175938 0.499905 0.174407 0.500293 0.167721 0.498679 0.166836 0.490104 0.166739 0.482916 0.166353 0.481677 0.166157 0.481648 0.162384 0.478265 0.165442 0.473330 0.170063 0.471367 0.172776 0.471465 0.182173 0.469128 0.184841 0.469424 0.188377 0.475784
0 0.021976 0.442570 0.028518 0.439812 0.033516 0.437330 0.038786 0.435893 0.042109 0.435766 0.047259 0.438635 0.051050 0.440052 0.054026 0.442553 0.060465 0.450798 0.056353 0.457191 0.053898 0.460121 0.037862 0.460013 0.029289 0.460608 0.019874 0.457746 0.019350 0.446470
0 0.572507 0.557949 0.573367 0.552735 0.578816 0.545460 0.582595 0.537737 0.585823 0.528247 0.591488 0.525624 0.601473 0.524179 0.604193 0.525835 0.604451 0.530556 0.602409 0.534551 0.601727 0.548591 0.598503 0.558379 0.595609 0.561739 0.587406 0.560854 0.575937 0.560734
0 0.650731 0.390623 0.665770 0.390570 0.673774 0.391057 0.675307 0.396547 0.676575 0.400098 0.666769 0.407171 0.661975 0.408080 0.659129 0.410827 0.657110 0.414799 0.648796 0.415202 0.646767 0.414588 0.645953 0.411736 0.644127 0.403245 0.642803 0.399846 0.642828 0.398566 0.643257 0.392521 0.645133 0.390645 0.650589 0.390720
0 0.570186 0.340946 0.570172 0.340490 0.569286 0.340591 0.565121 0.336036 0.565919 0.333362 0.566304 0.329852 0.568353 0.327825 0.569737 0.325935 0.569737 0.325916 0.569768 0.325906 0.571239 0.325231 0.571531 0.325336 0.573665 0.324645 0.576465 0.325257 0.577466 0.325330 0.583175 0.326724 0.585565 0.327247 0.589147 0.330048 0.588756 0.336165 0.583002 0.340234 0.578352 0.343520 0.574116 0.343113 0.572135 0.342521
0 0.497715 0.403714 0.499857 0.399358 0.501521 0.399872 0.506420 0.398538 0.507200 0.398659 0.515253 0.396758 0.527338 0.393316 0.530959 0.393627 0.535321 0.396348 0.537522 0.396908 0.538862 0.398248 0.544004 0.402160 0.544725 0.413164 0.544414 0.416786 0.542253 0.418946 0.538752 0.423678 0.532236 0.423585 0.527407 0.422858 0.525674 0.421945 0.516263 0.418767 0.507310 0.417116 0.500117 0.408282 0.498868 0.406862
0 0.587073 0.309161 0.587652 0.303053 0.592771 0.295070 0.601604 0.292458 0.607851 0.291288 0.612259 0.288456 0.615677 0.288171 0.624942 0.289457 0.631907 0.299080 0.629239 0.308312 0.622846 0.310017 0.614462 0.313009 0.605282 0.312643 0.597274 0.313009 0.590449 0.311978
0 0.493685 0.895586 0.501131 0.892988 0.500737 0.888209 0.498907 0.882479 0.497894 0.876264 0.498885 0.876548 0.504102 0.873006 0.505182 0.872126 0.505085 0.871911 0.504714 0.870274 0.504356 0.870344 0.495746 0.869732 0.489165 0.864823 0.490071 0.858416 0.491163 0.853948 0.494469 0.850700 0.498773 0.850756 0.507191 0.856269 0.516567 0.862797 0.526295 0.858041 0.535411 0.858184 0.552794 0.858027 0.559782 0.861595 0.555970 0.870588 0.546153 0.871411 0.542689 0.873322 0.538251 0.876841 0.535004 0.878568 0.536345 0.883079 0.531309 0.894953 0.521882 0.892854 0.518462 0.889433 0.518333 0.891918 0.521647 0.897435 0.521638 0.903521 0.521014 0.907440 0.515736 0.914729 0.507963 0.914090 0.500305 0.911635 0.495272 0.904133 0.493320 0.899634
0 0.584513 0.960718 0.585575 0.957473 0.585280 0.957037 0.587443 0.952663 0.589664 0.952795 0.590606 0.952548 0.590821 0.952521 0.592235 0.951387 0.595770 0.951713 0.596856 0.951377 0.598577 0.951537 0.600936 0.950528 0.609524 0.953637 0.609705 0.958489 0.607479 0.968798 0.600866 0.969962 0.598113 0.973062 0.607260 0.979661 0.613727 0.980386 0.618855 0.986925 0.621575 0.988628 0.626378 0.995243 0.626475 0.995263 0.629916 0.996232 0.630086 1.000000 0.601718 1.000000 0.600508 0.995246 0.603063 0.992278 0.601341 0.990305 0.595229 0.991563 0.589166 0.994034 0.586607 0.992713 0.580049 0.992705 0.569816 0.989137 0.573438 0.977513 0.570980 0.968649 0.579575 0.963554 0.583729 0.963539
0 0.838566 0.960599 0.842775 0.958723 0.843308 0.956236 0.847529 0.952406 0.859571 0.952005 0.864192 0.953969 0.867955 0.956951 0.870052 0.957484 0.871433 0.959647 0.874272 0.962486 0.875349 0.968670 0.875454 0.976092 0.870899 0.984476 0.867317 0.990792 0.858218 0.989373 0.856122 0.988839 0.852149 0.986010 0.847395 0.987277 0.838934 0.988839 0.834038 0.982770 0.832751 0.980388 0.832855 0.971404 0.833152 0.965611
0 0.888522 0.821133 0.891152 0.817352 0.894611 0.813416 0.894601 0.812134 0.894959 0.809446 0.894509 0.809175 0.887952 0.807184 0.880568 0.805997 0.879018 0.797797 0.883281 0.781005 0.883204 0.779782 0.877402 0.778413 0.871447 0.770649 0.866638 0.765388 0.867091 0.757402 0.879134 0.752295 0.884936 0.752969 0.885884 0.753379 0.891941 0.754874 0.893154 0.755856 0.893770 0.754237 0.901248 0.749352 0.897910 0.744657 0.891962 0.740517 0.889689 0.731550 0.889803 0.728863 0.886535 0.724691 0.885752 0.721646 0.882013 0.711730 0.886899 0.703680 0.891570 0.703397 0.905050 0.708800 0.912520 0.709106 0.917358 0.712993 0.919573 0.711505 0.919534 0.709845 0.923902 0.705025 0.934678 0.706845 0.940689 0.709136 0.944764 0.710156 0.949935 0.711564 0.954791 0.714425 0.959993 0.718528 0.962943 0.730271 0.966423 0.736656 0.981450 0.747679 0.979968 0.750702 0.979968 0.758397 0.981979 0.761950 0.983280 0.766548 0.989050 0.772109 0.995352 0.773651 0.998480 0.770904 0.998801 0.770968 0.997533 0.775700 0.989419 0.779884 0.987367 0.781887 0.987234 0.782478 0.986040 0.787199 0.990661 0.790413 0.992240 0.795743 0.995186 0.802854 1.000000 0.806859 1.000000 0.930185 0.983140 0.930695 0.978618 0.931268 0.971383 0.927077 0.959250 0.925829 0.957518 0.922830 0.959441 0.912003 0.958423 0.909264 0.952633 0.898863 0.947130 0.895169 0.941966 0.889570 0.941634 0.889831 0.941586 0.889866 0.938659 0.898334 0.931589 0.903684 0.919622 0.898411 0.911858 0.894264 0.909049 0.888743 0.899560 0.888297 0.896982 0.881321 0.891045 0.873540 0.894961 0.866911 0.899005 0.867025 0.905439 0.860140 0.911317 0.855166 0.916590 0.855166 0.922921 0.856522 0.930519 0.863217 0.931693 0.867770 0.934107 0.869211 0.938275 0.869495 0.944526 0.869470 0.938901 0.867496 0.933475 0.862522 0.919998 0.845879 0.918170 0.842644 0.912221 0.840364 0.906961 0.836912 0.903630 0.836295 0.902248 0.830773 0.898127 0.830880 0.891873 0.828607 0.889682 0.825913
0 0.947532 0.698703 0.956270 0.687702 0.955501 0.685370 0.958090 0.681290 0.969337 0.678335 0.976189 0.677873 0.983079 0.673389 0.983322 0.673498 0.983968 0.679580 0.990779 0.685248 0.995978 0.687538 0.999835 0.688414 1.000000 0.688579 1.000000 0.769569 0.995352 0.773651 0.989050 0.772109 0.983280 0.766548 0.981979 0.761950 0.979968 0.758397 0.979968 0.750702 0.981450 0.747679 0.966423 0.736656 0.962943 0.730271 0.959993 0.718528 0.954791 0.714425 0.948102 0.710484 0.947166 0.703662
0 1.000000 0.688579 0.999835 0.688414 0.995978 0.687538 0.990779 0.685248 0.983968 0.679580 0.982511 0.665858 0.988173 0.659520 0.991583 0.657282 0.994797 0.653289 1.000000 0.648457
0 0.110082 0.189871 0.115983 0.187342 0.120224 0.187451 0.129975 0.188628 0.133488 0.190639 0.132970 0.197853 0.133270 0.203313 0.135264 0.205277 0.137270 0.210278 0.132515 0.215033 0.131337 0.218938 0.126868 0.218938 0.126116 0.219472 0.117302 0.220005 0.114728 0.219018 0.109287 0.211173 0.107327 0.208077 0.107168 0.207488 0.105765 0.206515 0.105570 0.204900 0.103812 0.202609 0.103421 0.192976 0.108845 0.191458 0.109204 0.191099 0.109912 0.190918
0 0.068154 0.200970 0.073903 0.203437 0.075630 0.203934 0.081279 0.205071 0.082019 0.214285 0.074513 0.218146 0.073999 0.218237 0.058247 0.219780 0.057742 0.219663 0.052257 0.217766 0.056128 0.214697 0.056088 0.214482 0.054344 0.210125 0.055449 0.208199 0.055353 0.208027 0.052268 0.205556 0.051611 0.204259 0.051888 0.200069 0.055943 0.199422
0 0.228555 0.215080 0.233233 0.213800 0.234881 0.211978 0.238213 0.211634 0.243554 0.216192 0.249427 0.218435 0.253072 0.218679 0.254959 0.221661 0.249556 0.227377 0.245898 0.227911 0.245779 0.228113 0.245039 0.232141 0.241991 0.235189 0.235747 0.236746 0.233007 0.240268 0.226823 0.241345 0.222080 0.242214 0.209064 0.241830 0.207301 0.238774 0.207354 0.238692 0.206644 0.234551 0.207259 0.226239 0.206654 0.225500 0.208921 0.215163 0.212348 0.214470 0.221745 0.212809 0.224543 0.214775
0 0.823104 0.713393 0.816989 0.711266 0.808748 0.704354 0.797583 0.699303 0.793330 0.698771 0.791735 0.700101 0.789874 0.710734 0.786684 0.716317 0.786152 0.722697 0.789342 0.730406 0.792532 0.741039 0.794925 0.744761 0.798381 0.747420 0.808217 0.751141 0.811673 0.753534 0.812736 0.755395 0.813799 0.764167 0.813799 0.770813 0.814863 0.772674 0.820179 0.776927 0.822040 0.777725 0.828686 0.777991 0.832673 0.776661 0.846231 0.770281 0.847295 0.768421 0.847560 0.766294 0.841180 0.760180 0.840648 0.755926 0.841446 0.754065 0.843041 0.752736 0.849155 0.750609 0.854472 0.746888 0.858459 0.739445 0.858991 0.737318 0.858194 0.735457 0.851282 0.730406 0.849953 0.728811 0.848358 0.724823 0.849155 0.722697 0.852877 0.721102 0.853940 0.718975 0.854472 0.714456 0.853143 0.712861 0.851282 0.711532 0.842775 0.709937 0.838256 0.709937 0.829749 0.712063 0.825496 0.712329
0 0.823781 0.889596 0.821218 0.890557 0.817694 0.893120 0.811286 0.895363 0.807442 0.897605 0.796870 0.900489 0.793987 0.903372 0.793346 0.905294 0.793346 0.910100 0.795909 0.913623 0.801355 0.917148 0.807762 0.918749 0.814490 0.918749 0.829227 0.915866 0.835634 0.913303 0.845566 0.908177 0.855497 0.899527 0.858380 0.896324 0.859982 0.892479 0.860303 0.890237 0.859662 0.887994 0.853575 0.886392 0.843003 0.886392 0.840760 0.887033 0.838838 0.886392 0.837877 0.884470 0.837236 0.879985 0.833392 0.877102 0.831149 0.876781 0.824421 0.882548 0.823140 0.884150 0.822499 0.886392
0 0.803918 0.848909 0.801355 0.848589 0.797190 0.849871 0.795268 0.856278 0.795268 0.858520 0.796550 0.863326 0.800394 0.868772 0.802957 0.874539 0.803598 0.876781 0.803598 0.883509 0.804879 0.885111 0.807121 0.885752 0.811607 0.885752 0.815771 0.884150 0.827625 0.875180 0.828907 0.873257 0.829547 0.868772 0.828586 0.866530 0.825382 0.863967 0.817373 0.860763 0.808723 0.858520 0.807442 0.856919 0.805200 0.851152
