0 0.371094 0.097656 0.390625 0.097656 0.394531 0.097656 0.394531 0.105469 0.394531 0.109375 0.390625 0.113281 0.390625 0.117188 0.386719 0.121094 0.386719 0.125000 0.382812 0.128906 0.367188 0.128906 0.363281 0.128906 0.363281 0.109375 0.363281 0.105469 0.371094 0.097656
0 0.746094 0.140625 0.750000 0.140625 0.753906 0.140625 0.757812 0.144531 0.761719 0.144531 0.765625 0.144531 0.769531 0.148438 0.773438 0.148438 0.773438 0.152344 0.777344 0.156250 0.773438 0.160156 0.773438 0.164062 0.769531 0.167969 0.757812 0.167969 0.753906 0.164062 0.746094 0.152344 0.746094 0.140625
0 0.234375 0.156250 0.242188 0.156250 0.246094 0.156250 0.250000 0.160156 0.257812 0.160156 0.261719 0.160156 0.257812 0.164062 0.257812 0.179688 0.253906 0.183594 0.246094 0.183594 0.242188 0.183594 0.238281 0.179688 0.238281 0.175781 0.234375 0.171875 0.230469 0.171875 0.230469 0.164062 0.230469 0.160156 0.234375 0.156250
0 0.605469 0.171875 0.636719 0.171875 0.640625 0.171875 0.644531 0.175781 0.648438 0.175781 0.652344 0.179688 0.652344 0.187500 0.652344 0.191406 0.648438 0.195312 0.648438 0.199219 0.644531 0.203125 0.644531 0.214844 0.640625 0.218750 0.605469 0.218750 0.601562 0.214844 0.601562 0.207031 0.597656 0.203125 0.601562 0.199219 0.601562 0.183594 0.601562 0.179688 0.605469 0.175781 0.605469 0.171875
0 0.742188 0.222656 0.746094 0.222656 0.750000 0.222656 0.750000 0.226562 0.753906 0.230469 0.753906 0.234375 0.757812 0.238281 0.761719 0.238281 0.765625 0.242188 0.765625 0.246094 0.761719 0.250000 0.757812 0.253906 0.746094 0.253906 0.742188 0.250000 0.742188 0.246094 0.738281 0.242188 0.738281 0.238281 0.734375 0.234375 0.734375 0.230469 0.734375 0.226562 0.738281 0.226562 0.742188 0.222656
0 0.203125 0.269531 0.207031 0.273438 0.210938 0.277344 0.210938 0.281250 0.207031 0.285156 0.203125 0.289062 0.199219 0.289062 0.195312 0.292969 0.183594 0.292969 0.179688 0.289062 0.175781 0.292969 0.175781 0.296875 0.175781 0.292969 0.175781 0.289062 0.179688 0.289062 0.183594 0.285156 0.183594 0.281250 0.187500 0.277344 0.187500 0.273438 0.195312 0.273438 0.199219 0.273438 0.203125 0.269531
0 0.328125 0.285156 0.332031 0.289062 0.335938 0.289062 0.339844 0.292969 0.339844 0.296875 0.339844 0.300781 0.347656 0.308594 0.347656 0.312500 0.343750 0.316406 0.339844 0.320312 0.339844 0.324219 0.335938 0.328125 0.332031 0.328125 0.328125 0.328125 0.324219 0.332031 0.320312 0.332031 0.320312 0.328125 0.316406 0.324219 0.316406 0.320312 0.312500 0.316406 0.312500 0.312500 0.308594 0.308594 0.304688 0.308594 0.308594 0.308594 0.312500 0.304688 0.316406 0.300781 0.316406 0.296875 0.320312 0.292969 0.320312 0.289062 0.324219 0.289062 0.328125 0.285156
0 0.757812 0.304688 0.761719 0.304688 0.765625 0.304688 0.769531 0.308594 0.773438 0.312500 0.773438 0.316406 0.781250 0.324219 0.785156 0.324219 0.785156 0.328125 0.789062 0.332031 0.789062 0.335938 0.789062 0.339844 0.781250 0.347656 0.777344 0.351562 0.773438 0.351562 0.769531 0.347656 0.769531 0.343750 0.765625 0.339844 0.757812 0.339844 0.753906 0.339844 0.746094 0.332031 0.742188 0.328125 0.746094 0.324219 0.746094 0.320312 0.753906 0.312500 0.757812 0.308594 0.757812 0.304688
0 0.949219 0.308594 0.953125 0.308594 0.957031 0.308594 0.960938 0.312500 0.964844 0.316406 0.968750 0.316406 0.972656 0.320312 0.972656 0.339844 0.972656 0.343750 0.968750 0.347656 0.964844 0.347656 0.960938 0.347656 0.957031 0.351562 0.957031 0.355469 0.953125 0.359375 0.933594 0.359375 0.929688 0.359375 0.925781 0.355469 0.921875 0.351562 0.921875 0.347656 0.917969 0.343750 0.917969 0.339844 0.917969 0.335938 0.921875 0.332031 0.925781 0.332031 0.937500 0.320312 0.937500 0.316406 0.941406 0.316406 0.949219 0.308594
0 0.550781 0.496094 0.554688 0.496094 0.558594 0.496094 0.558594 0.500000 0.562500 0.503906 0.566406 0.503906 0.570312 0.507812 0.574219 0.511719 0.578125 0.511719 0.582031 0.515625 0.582031 0.527344 0.582031 0.531250 0.585938 0.535156 0.585938 0.539062 0.589844 0.542969 0.589844 0.546875 0.585938 0.550781 0.585938 0.554688 0.582031 0.558594 0.578125 0.562500 0.566406 0.562500 0.562500 0.562500 0.562500 0.558594 0.558594 0.554688 0.554688 0.550781 0.550781 0.550781 0.546875 0.546875 0.542969 0.542969 0.542969 0.539062 0.535156 0.531250 0.531250 0.527344 0.531250 0.523438 0.527344 0.519531 0.531250 0.515625 0.531250 0.511719 0.531250 0.507812 0.535156 0.503906 0.539062 0.500000 0.542969 0.500000 0.546875 0.500000 0.550781 0.496094
0 0.984375 0.683594 0.996094 0.683594 1.000000 0.683594 1.000000 0.715319 1.000000 0.730469 0.996094 0.734375 0.992188 0.734375 0.988281 0.734375 0.980469 0.726562 0.976562 0.722656 0.976562 0.714844 0.972656 0.710938 0.976562 0.707031 0.976562 0.703125 0.980469 0.699219 0.980469 0.691406 0.980469 0.687500 0.984375 0.683594
0 0.882812 0.765625 0.886719 0.769531 0.890625 0.769531 0.890625 0.773438 0.894531 0.777344 0.898438 0.781250 0.894531 0.785156 0.894531 0.789062 0.890625 0.792969 0.890625 0.796875 0.886719 0.800781 0.878906 0.800781 0.875000 0.800781 0.875000 0.789062 0.871094 0.785156 0.875000 0.781250 0.875000 0.777344 0.878906 0.773438 0.878906 0.769531 0.882812 0.765625
0 0.781250 0.902344 0.796875 0.902344 0.800781 0.906250 0.800781 0.914062 0.800781 0.917969 0.796875 0.921875 0.796875 0.925781 0.796875 0.929688 0.792969 0.933594 0.789062 0.933594 0.785156 0.937500 0.781250 0.933594 0.773438 0.933594 0.769531 0.933594 0.765625 0.929688 0.769531 0.925781 0.769531 0.921875 0.773438 0.917969 0.773438 0.914062 0.777344 0.910156 0.777344 0.906250 0.781250 0.902344
0 0.816406 0.437500 0.882812 0.441406 0.886719 0.441406 0.902344 0.449219 0.906250 0.449219 0.921875 0.472656 0.925781 0.476562 0.941406 0.476562 0.945312 0.476562 0.957031 0.484375 0.960938 0.488281 0.957031 0.503906 0.957031 0.507812 0.941406 0.531250 0.941406 0.535156 0.921875 0.550781 0.917969 0.550781 0.902344 0.570312 0.898438 0.574219 0.859375 0.593750 0.855469 0.597656 0.824219 0.589844 0.820312 0.589844 0.820312 0.574219 0.820312 0.570312 0.785156 0.539062 0.781250 0.535156 0.777344 0.523438 0.773438 0.519531 0.773438 0.500000 0.773438 0.496094 0.785156 0.468750 0.785156 0.464844 0.796875 0.449219 0.800781 0.445312 0.816406 0.437500
0 0.519531 0.714844 0.546875 0.718750 0.550781 0.718750 0.582031 0.753906 0.585938 0.757812 0.585938 0.777344 0.585938 0.781250 0.570312 0.812500 0.566406 0.816406 0.539062 0.820312 0.535156 0.820312 0.507812 0.804688 0.503906 0.800781 0.496094 0.761719 0.496094 0.757812 0.519531 0.714844
0 0.050781 0.726562 0.078125 0.730469 0.082031 0.730469 0.078125 0.757812 0.074219 0.761719 0.046875 0.765625 0.042969 0.761719 0.039062 0.742188 0.039062 0.738281 0.050781 0.726562
0 0.519531 0.835938 0.542969 0.839844 0.546875 0.843750 0.550781 0.855469 0.550781 0.859375 0.542969 0.867188 0.539062 0.871094 0.515625 0.867188 0.511719 0.867188 0.507812 0.859375 0.507812 0.855469 0.519531 0.835938
0 0.171875 0.000000 0.171875 0.000000 0.171875 0.003906 0.152344 0.042969 0.152344 0.046875 0.136719 0.046875 0.132812 0.046875 0.117188 0.031250 0.113281 0.027344 0.116319 0.000000
0 0.148438 0.054688 0.164062 0.062500 0.167969 0.066406 0.167969 0.085938 0.167969 0.089844 0.156250 0.101562 0.152344 0.105469 0.144531 0.105469 0.140625 0.105469 0.132812 0.082031 0.132812 0.078125 0.148438 0.054688
0 0.695312 0.382812 0.714844 0.390625 0.718750 0.394531 0.718750 0.421875 0.714844 0.425781 0.695312 0.425781 0.691406 0.425781 0.679688 0.417969 0.675781 0.414062 0.675781 0.398438 0.675781 0.394531 0.695312 0.382812
0 0.691406 0.335938 0.710938 0.339844 0.714844 0.339844 0.714844 0.359375 0.714844 0.363281 0.695312 0.363281 0.691406 0.363281 0.691406 0.335938
0 0.148438 0.941406 0.171875 0.941406 0.175781 0.941406 0.183594 0.960938 0.183594 0.964844 0.179688 0.968750 0.175781 0.972656 0.148438 0.972656 0.144531 0.972656 0.136719 0.957031 0.136719 0.953125 0.148438 0.941406
0 0.156712 0.613143 0.138558 0.610276 0.133781 0.601677 0.133781 0.592122 0.135692 0.588300 0.145246 0.584479 0.162445 0.572057 0.165311 0.572057 0.167222 0.575879 0.169133 0.588300 0.172000 0.593078 0.172000 0.606454 0.166267 0.613143
0 0.035156 0.558594 0.101562 0.566406 0.105469 0.566406 0.113281 0.570312 0.117188 0.574219 0.125000 0.589844 0.125000 0.593750 0.097656 0.625000 0.093750 0.628906 0.093750 0.648438 0.093750 0.652344 0.085938 0.664062 0.085938 0.667969 0.062500 0.687500 0.058594 0.691406 0.046875 0.714844 0.046875 0.718750 0.031250 0.734375 0.027344 0.738281 0.000000 0.744358 0.000000 0.671875 0.000000 0.671875 0.003906 0.667969 0.011719 0.628906 0.015625 0.625000 0.011719 0.613281 0.011719 0.609375 0.023438 0.578125 0.023438 0.574219 0.035156 0.558594
0 0.997720 0.871209 0.994346 0.866485 0.992996 0.863786 0.992321 0.860411 0.989622 0.855687 0.987598 0.855012 0.985573 0.850963 0.985573 0.848939 0.982874 0.837466 0.982874 0.829368 0.987598 0.825994 0.988273 0.821270 0.990297 0.820595 0.991647 0.816546 0.995696 0.813172 0.998395 0.813172
0 0.998395 0.805074 0.986248 0.805074 0.982199 0.804399 0.980849 0.802374 0.976800 0.801700 0.972076 0.799000 0.972076 0.796975 0.974101 0.792252 0.976800 0.790902 0.978825 0.786178 0.980849 0.784828 0.983548 0.780779 0.989622 0.777405 0.997720 0.775380
0 0.898900 0.215645 0.893381 0.207918 0.885655 0.202399 0.884551 0.181427 0.900004 0.181427 0.907730 0.184739 0.917664 0.184739 0.922079 0.189154 0.922079 0.209022 0.917664 0.211229 0.909938 0.211229 0.907730 0.213437
0 0.955694 0.000000 0.955750 0.000070 0.956485 0.002273 0.958689 0.005212 0.958689 0.010354 0.961627 0.016964 0.961627 0.019902 0.964565 0.022841 0.964565 0.025779 0.965299 0.027982 0.967503 0.030186 0.970441 0.030921 0.977787 0.027982 0.983663 0.027982 0.986601 0.030921 0.991008 0.036797 0.993212 0.043408 0.993212 0.054426 0.991008 0.055161 0.988805 0.058098 0.985866 0.063975 0.980725 0.069851 0.979256 0.072789 0.976318 0.075728 0.958689 0.075728 0.957954 0.072789 0.955750 0.068382 0.952078 0.064709 0.949874 0.063975 0.948405 0.062506 0.943998 0.061771 0.939591 0.058098 0.938121 0.055895 0.937387 0.052957 0.935183 0.051488 0.935183 0.046346 0.932980 0.041204 0.932980 0.039000 0.930041 0.043408 0.930041 0.048550 0.930776 0.050753 0.932980 0.050753 0.935183 0.052222 0.938121 0.052222 0.939591 0.053691 0.941059 0.058098 0.941794 0.078666 0.941059 0.081604 0.939591 0.083807 0.936652 0.084542 0.928572 0.084542 0.927838 0.080135 0.926369 0.078666 0.926369 0.076462 0.921227 0.063240 0.919023 0.061037 0.914616 0.059568 0.909474 0.059568 0.904332 0.056630 0.899191 0.050753 0.896987 0.050019 0.895518 0.044877 0.894049 0.043408 0.894049 0.031655 0.899191 0.031655 0.900660 0.030186 0.905067 0.028717 0.908005 0.023575 0.908005 0.019168 0.905802 0.018433 0.900660 0.014026 0.899191 0.009619 0.895518 0.002273 0.895518 0.000000
0 0.937532 0.228890 0.928702 0.224475 0.922079 0.210125 0.922079 0.199088 0.928702 0.194673 0.944155 0.195777 0.944155 0.200191 0.956296 0.207918 0.960712 0.215645 0.966230 0.220059 0.966230 0.228890 0.948570 0.228890
0 0.150979 0.542437 0.135692 0.533838 0.134736 0.526195 0.140469 0.516640 0.149068 0.512818 0.157668 0.512818 0.162445 0.521417 0.162445 0.527150 0.167222 0.534794 0.167222 0.548170 0.158623 0.547215
0 0.503906 0.972656 0.542969 0.972656 0.546875 0.972656 0.546875 0.976562 0.546875 0.980469 0.554688 0.988281 0.558594 0.992188 0.558594 1.000000 0.484375 1.000000 0.484375 0.996094 0.484375 0.992188 0.488281 0.988281 0.488281 0.984375 0.492188 0.980469 0.492188 0.976562 0.496094 0.976562 0.500000 0.976562 0.503906 0.972656
