0 0.078125 0.019531 0.105469 0.019531 0.109375 0.019531 0.113281 0.023438 0.117188 0.023438 0.117188 0.027344 0.121094 0.031250 0.121094 0.035156 0.121094 0.039062 0.117188 0.042969 0.117188 0.046875 0.113281 0.050781 0.109375 0.054688 0.105469 0.054688 0.101562 0.058594 0.093750 0.058594 0.089844 0.062500 0.085938 0.062500 0.082031 0.062500 0.078125 0.058594 0.074219 0.058594 0.070312 0.054688 0.070312 0.050781 0.066406 0.046875 0.066406 0.042969 0.066406 0.039062 0.070312 0.035156 0.070312 0.031250 0.070312 0.027344 0.078125 0.019531
0 0.617188 0.082031 0.621094 0.085938 0.625000 0.085938 0.628906 0.089844 0.628906 0.093750 0.636719 0.101562 0.640625 0.101562 0.628906 0.113281 0.625000 0.117188 0.621094 0.117188 0.617188 0.117188 0.613281 0.113281 0.609375 0.113281 0.605469 0.109375 0.601562 0.109375 0.605469 0.109375 0.609375 0.105469 0.609375 0.097656 0.609375 0.093750 0.613281 0.089844 0.613281 0.085938 0.617188 0.082031
0 0.937500 0.121094 0.957031 0.121094 0.960938 0.121094 0.964844 0.125000 0.968750 0.125000 0.972656 0.128906 0.976562 0.128906 0.980469 0.128906 0.980469 0.132812 0.988281 0.140625 0.988281 0.144531 0.980469 0.152344 0.976562 0.156250 0.968750 0.156250 0.964844 0.156250 0.960938 0.152344 0.960938 0.148438 0.957031 0.144531 0.949219 0.144531 0.945312 0.140625 0.945312 0.136719 0.945312 0.132812 0.941406 0.128906 0.941406 0.125000 0.937500 0.121094
0 0.074219 0.183594 0.085938 0.183594 0.089844 0.183594 0.093750 0.187500 0.097656 0.187500 0.101562 0.191406 0.105469 0.191406 0.101562 0.195312 0.101562 0.199219 0.097656 0.203125 0.097656 0.214844 0.093750 0.218750 0.085938 0.218750 0.082031 0.218750 0.082031 0.214844 0.078125 0.210938 0.074219 0.207031 0.074219 0.191406 0.070312 0.187500 0.074219 0.183594
0 0.945312 0.253906 0.949219 0.253906 0.953125 0.253906 0.957031 0.257812 0.960938 0.257812 0.960938 0.261719 0.964844 0.265625 0.960938 0.269531 0.960938 0.273438 0.957031 0.277344 0.953125 0.277344 0.949219 0.277344 0.945312 0.273438 0.941406 0.273438 0.937500 0.269531 0.937500 0.261719 0.937500 0.257812 0.941406 0.257812 0.945312 0.253906
0 0.558594 0.289062 0.562500 0.292969 0.566406 0.292969 0.570312 0.292969 0.570312 0.300781 0.566406 0.304688 0.550781 0.304688 0.546875 0.300781 0.550781 0.296875 0.550781 0.292969 0.554688 0.292969 0.558594 0.289062
0 0.605469 0.339844 0.613281 0.339844 0.617188 0.339844 0.621094 0.343750 0.625000 0.343750 0.628906 0.343750 0.628906 0.351562 0.628906 0.355469 0.625000 0.359375 0.621094 0.363281 0.617188 0.359375 0.613281 0.359375 0.609375 0.355469 0.605469 0.351562 0.605469 0.339844
0 0.335938 0.558594 0.355469 0.558594 0.359375 0.562500 0.359375 0.566406 0.355469 0.570312 0.355469 0.582031 0.355469 0.585938 0.351562 0.589844 0.347656 0.593750 0.343750 0.593750 0.339844 0.597656 0.308594 0.597656 0.304688 0.597656 0.300781 0.593750 0.300781 0.589844 0.296875 0.585938 0.296875 0.570312 0.296875 0.566406 0.304688 0.566406 0.308594 0.570312 0.320312 0.570312 0.324219 0.570312 0.328125 0.566406 0.332031 0.566406 0.335938 0.562500 0.335938 0.558594
0 0.949219 0.589844 0.953125 0.593750 0.957031 0.593750 0.960938 0.597656 0.964844 0.597656 0.964844 0.617188 0.964844 0.621094 0.960938 0.625000 0.960938 0.628906 0.957031 0.632812 0.953125 0.636719 0.949219 0.636719 0.949219 0.632812 0.945312 0.628906 0.941406 0.625000 0.933594 0.625000 0.929688 0.625000 0.929688 0.621094 0.929688 0.617188 0.933594 0.613281 0.937500 0.613281 0.941406 0.609375 0.941406 0.601562 0.941406 0.597656 0.949219 0.589844
0 0.929688 0.679688 0.941406 0.679688 0.945312 0.679688 0.949219 0.683594 0.953125 0.683594 0.957031 0.687500 0.941406 0.703125 0.937500 0.703125 0.937500 0.699219 0.933594 0.695312 0.933594 0.691406 0.929688 0.687500 0.929688 0.679688
0 0.988281 0.761719 0.996094 0.761719 1.000000 0.761719 1.000000 0.761719 1.000000 0.804688 0.980469 0.804688 0.976562 0.804688 0.972656 0.808594 0.960938 0.808594 0.957031 0.808594 0.953125 0.804688 0.949219 0.800781 0.949219 0.796875 0.949219 0.792969 0.953125 0.789062 0.953125 0.785156 0.953125 0.781250 0.957031 0.777344 0.957031 0.773438 0.960938 0.769531 0.976562 0.769531 0.980469 0.769531 0.988281 0.761719
0 0.628906 0.859375 0.632812 0.859375 0.636719 0.859375 0.640625 0.863281 0.644531 0.867188 0.648438 0.867188 0.652344 0.871094 0.656250 0.871094 0.656250 0.875000 0.656250 0.878906 0.652344 0.882812 0.648438 0.882812 0.644531 0.882812 0.640625 0.886719 0.636719 0.886719 0.632812 0.886719 0.628906 0.882812 0.628906 0.878906 0.628906 0.875000 0.625000 0.871094 0.621094 0.871094 0.625000 0.871094 0.628906 0.867188 0.628906 0.859375
0 0.800781 0.863281 0.804688 0.863281 0.808594 0.863281 0.812500 0.867188 0.816406 0.871094 0.812500 0.875000 0.812500 0.878906 0.808594 0.882812 0.800781 0.882812 0.796875 0.882812 0.796875 0.875000 0.796875 0.871094 0.800781 0.867188 0.800781 0.863281
0 0.664062 0.886719 0.667969 0.886719 0.671875 0.886719 0.675781 0.890625 0.679688 0.890625 0.683594 0.890625 0.683594 0.894531 0.687500 0.898438 0.687500 0.902344 0.683594 0.906250 0.679688 0.906250 0.675781 0.902344 0.671875 0.902344 0.667969 0.902344 0.664062 0.898438 0.664062 0.886719
0 0.718750 0.910156 0.730469 0.910156 0.734375 0.910156 0.738281 0.914062 0.742188 0.914062 0.746094 0.917969 0.753906 0.917969 0.757812 0.917969 0.765625 0.925781 0.769531 0.929688 0.769531 0.933594 0.769531 0.937500 0.765625 0.941406 0.757812 0.941406 0.753906 0.945312 0.734375 0.945312 0.730469 0.945312 0.730469 0.941406 0.730469 0.937500 0.726562 0.933594 0.722656 0.929688 0.718750 0.929688 0.714844 0.929688 0.714844 0.921875 0.714844 0.917969 0.718750 0.914062 0.718750 0.910156
0 0.066406 0.644531 0.082031 0.656250 0.085938 0.660156 0.089844 0.679688 0.093750 0.683594 0.089844 0.703125 0.089844 0.707031 0.117188 0.726562 0.121094 0.730469 0.121094 0.785156 0.121094 0.789062 0.113281 0.796875 0.109375 0.800781 0.085938 0.796875 0.082031 0.792969 0.023438 0.796875 0.019531 0.796875 0.003906 0.781250 0.000000 0.781250 0.000000 0.679688 0.000000 0.675781 0.031250 0.679688 0.035156 0.679688 0.050781 0.671875 0.054688 0.667969 0.066406 0.644531
0 0.199219 0.359375 0.210938 0.363281 0.214844 0.367188 0.269531 0.367188 0.273438 0.371094 0.343750 0.367188 0.347656 0.363281 0.417969 0.367188 0.421875 0.367188 0.460938 0.386719 0.464844 0.390625 0.464844 0.414062 0.464844 0.417969 0.457031 0.433594 0.453125 0.437500 0.449219 0.464844 0.449219 0.468750 0.425781 0.488281 0.421875 0.492188 0.414062 0.507812 0.410156 0.511719 0.390625 0.523438 0.386719 0.527344 0.328125 0.519531 0.324219 0.519531 0.308594 0.511719 0.304688 0.507812 0.289062 0.507812 0.285156 0.507812 0.269531 0.515625 0.265625 0.519531 0.242188 0.519531 0.238281 0.519531 0.222656 0.492188 0.218750 0.488281 0.187500 0.468750 0.183594 0.468750 0.125000 0.417969 0.121094 0.414062 0.125000 0.398438 0.128906 0.394531 0.199219 0.359375
0 0.492188 0.386719 0.500000 0.386719 0.503906 0.386719 0.542969 0.410156 0.546875 0.410156 0.566406 0.433594 0.570312 0.437500 0.574219 0.464844 0.574219 0.468750 0.570312 0.480469 0.566406 0.484375 0.566406 0.519531 0.562500 0.523438 0.535156 0.531250 0.531250 0.535156 0.507812 0.535156 0.503906 0.535156 0.460938 0.492188 0.457031 0.488281 0.457031 0.453125 0.457031 0.449219 0.480469 0.402344 0.480469 0.398438 0.492188 0.386719
0 0.457031 0.039062 0.468750 0.050781 0.472656 0.054688 0.472656 0.097656 0.472656 0.101562 0.527344 0.140625 0.531250 0.140625 0.542969 0.160156 0.546875 0.164062 0.550781 0.175781 0.550781 0.179688 0.539062 0.207031 0.535156 0.210938 0.476562 0.203125 0.472656 0.203125 0.457031 0.175781 0.453125 0.171875 0.402344 0.179688 0.398438 0.179688 0.363281 0.148438 0.359375 0.144531 0.363281 0.105469 0.363281 0.101562 0.457031 0.039062
0 0.802734 0.000000 0.796875 0.011719 0.796875 0.015625 0.777344 0.046875 0.773438 0.050781 0.757812 0.046875 0.753906 0.042969 0.718750 0.042969 0.714844 0.042969 0.710938 0.035156 0.707031 0.031250 0.714844 0.011719 0.714844 0.007812 0.721354 0.000000
0 0.380191 0.028236 0.369197 0.021639 0.366998 0.019440 0.362601 0.017975 0.356737 0.013577 0.357470 0.011378 0.361135 0.006980 0.363334 0.004782 0.365533 0.004782 0.369631 0.000000 0.393372 0.000000 0.394117 0.001117 0.396316 0.001850 0.396316 0.010645 0.393384 0.015043 0.393384 0.019440 0.391918 0.020906 0.391918 0.023105 0.388254 0.026770 0.387520 0.028968
0 0.757071 0.061816 0.760092 0.051243 0.760092 0.046711 0.761602 0.043690 0.765379 0.040669 0.778218 0.039159 0.780484 0.038404 0.787281 0.038404 0.794078 0.039914 0.796344 0.041425 0.797099 0.043690 0.798609 0.045201 0.799365 0.048222 0.799365 0.072389 0.800875 0.073900 0.801630 0.076166 0.801630 0.078432 0.804652 0.089760 0.804652 0.104110 0.800120 0.105620 0.794833 0.105620 0.791812 0.102599 0.785770 0.094292 0.783505 0.093536 0.781994 0.092026 0.779729 0.092026 0.775197 0.088250 0.772931 0.087495 0.771421 0.085229 0.764623 0.082208 0.760092 0.077676 0.759337 0.075411 0.757071 0.073900 0.757071 0.069369
0 0.683812 0.234768 0.687588 0.229481 0.689854 0.228725 0.689854 0.226460 0.691364 0.223439 0.696651 0.220418 0.698162 0.217397 0.702693 0.214376 0.710246 0.211355 0.717043 0.211355 0.717798 0.213621 0.720064 0.215131 0.720819 0.219663 0.722330 0.222684 0.722330 0.233257 0.714022 0.233257 0.713267 0.237788 0.714777 0.239299 0.714777 0.248362 0.713267 0.249872 0.708735 0.250628 0.701183 0.250628 0.695896 0.246096 0.695141 0.243830 0.693630 0.242320 0.691364 0.241565 0.689854 0.240054
0 0.829575 0.171327 0.826554 0.166040 0.825043 0.161509 0.825043 0.154711 0.825798 0.152446 0.828819 0.149425 0.831085 0.148670 0.849211 0.148670 0.849966 0.150935 0.850721 0.153956 0.850721 0.166795 0.849966 0.169061 0.845435 0.169061 0.840148 0.170571 0.837882 0.170571
0 0.870358 0.208334 0.862050 0.202292 0.856008 0.200781 0.857519 0.193984 0.859029 0.192474 0.859029 0.190208 0.861295 0.189453 0.868092 0.184166 0.870358 0.184166 0.874134 0.182655 0.881687 0.182655 0.886973 0.185677 0.888484 0.187187 0.889239 0.189453 0.889994 0.201537 0.879421 0.203047 0.877910 0.204558 0.871868 0.214376
0 0.230939 0.626892 0.223509 0.619461 0.219262 0.619461 0.207585 0.613091 0.203339 0.605661 0.199093 0.591860 0.199093 0.566383 0.205462 0.547275 0.210770 0.538782 0.219262 0.528166 0.243678 0.504812 0.265971 0.494196 0.287202 0.493135 0.297818 0.496320 0.307372 0.496320 0.309495 0.498443 0.315864 0.498443 0.324357 0.501628 0.325418 0.513305 0.328603 0.517551 0.329665 0.523920 0.329665 0.539844 0.331788 0.540905 0.331788 0.553644 0.324357 0.568506 0.319049 0.574875 0.296756 0.585491 0.290387 0.586552 0.279771 0.596107 0.279771 0.602476 0.276587 0.610968 0.265971 0.632200
0 0.208647 0.682093 0.198031 0.652369 0.216078 0.640692 0.219262 0.636446 0.226693 0.634323 0.233063 0.634323 0.236247 0.636446 0.244740 0.644938 0.250048 0.656616 0.255355 0.662985 0.259602 0.674662 0.259602 0.682093 0.257479 0.689524 0.255355 0.689524 0.254294 0.691647 0.212893 0.690586
0 0.125845 0.661923 0.115229 0.657677 0.109921 0.657677 0.107798 0.653431 0.105675 0.653431 0.105675 0.644938 0.106737 0.637507 0.115229 0.633261 0.117352 0.627954 0.126907 0.620522 0.146014 0.620522 0.148138 0.622646 0.154507 0.623707 0.155569 0.643877 0.147076 0.646000 0.137522 0.659800 0.135399 0.659800
0 0.048351 0.655554 0.023935 0.650246 0.021812 0.631138 0.037735 0.622646 0.048351 0.623707 0.049412 0.625830 0.051536 0.625830 0.052597 0.632200 0.056843 0.632200 0.061090 0.635384 0.062151 0.649185 0.058966 0.649185 0.056843 0.653431
0 0.316713 0.708859 0.300491 0.687230 0.299410 0.677497 0.300491 0.669927 0.303736 0.665602 0.325364 0.645054 0.342667 0.645054 0.357807 0.662357 0.363214 0.662357 0.374029 0.653706 0.385925 0.652624 0.388087 0.665602 0.390250 0.667764 0.390250 0.687230 0.366459 0.703452 0.366459 0.707778 0.359970 0.720755 0.353482 0.722918 0.346993 0.729406 0.346993 0.733732 0.337260 0.743465 0.329690 0.743465 0.329690 0.739139 0.327527 0.738058 0.316713 0.719673
0 0.311305 0.771582 0.289677 0.771582 0.282107 0.760768 0.275618 0.739139 0.275618 0.726162 0.281025 0.712104 0.286432 0.712104 0.292921 0.717511 0.297247 0.718592 0.308061 0.728325 0.318875 0.731569 0.327527 0.748872 0.327527 0.762931 0.318875 0.765094
0 0.246419 0.811596 0.223709 0.811596 0.222628 0.805107 0.215057 0.801862 0.212895 0.797537 0.222628 0.789967 0.222628 0.779152 0.224791 0.778071 0.225872 0.773745 0.229116 0.770501 0.236686 0.769420 0.239930 0.766175 0.255071 0.765094 0.257234 0.774827 0.257234 0.797537 0.251827 0.801862 0.251827 0.804025
0 0.842291 0.755361 0.841209 0.740221 0.835802 0.730488 0.835802 0.711022 0.840128 0.708859 0.882304 0.709941 0.883386 0.714266 0.885548 0.715348 0.885548 0.720755 0.889874 0.734814 0.892037 0.735895 0.897444 0.751035 0.893118 0.754279 0.881223 0.754279 0.866082 0.757524 0.860675 0.760768 0.850943 0.760768
0 0.846617 0.702370 0.854187 0.678579 0.870408 0.671009 0.896363 0.672090 0.896363 0.674253 0.898526 0.674253 0.899607 0.676416 0.899607 0.687230 0.897444 0.688312 0.895281 0.694800 0.890955 0.700207 0.875816 0.711022 0.867164 0.711022 0.862838 0.707778 0.856350 0.707778
0 0.394531 0.175781 0.414062 0.183594 0.417969 0.183594 0.421875 0.191406 0.425781 0.195312 0.421875 0.207031 0.421875 0.210938 0.410156 0.218750 0.406250 0.222656 0.386719 0.222656 0.382812 0.218750 0.378906 0.203125 0.378906 0.199219 0.394531 0.175781
