0 0.437500 0.417969 0.437500 0.414062 0.433594 0.410156 0.433594 0.382812 0.429688 0.378906 0.424049 0.380747 0.419412 0.376109 0.409646 0.373492 0.399881 0.376109 0.393586 0.382404 0.379949 0.388698 0.372391 0.397375 0.359375 0.398438 0.351562 0.406250 0.343750 0.406250 0.343750 0.421875 0.339844 0.425781 0.332031 0.425781 0.332031 0.433594 0.328125 0.437500 0.332031 0.441406 0.332031 0.464844 0.335938 0.464844 0.339844 0.468750 0.339844 0.476562 0.343750 0.480469 0.343750 0.484375 0.359375 0.484375 0.363281 0.480469 0.367188 0.480469 0.375000 0.468750 0.375000 0.460938 0.386719 0.449219 0.398438 0.449219 0.406250 0.437500 0.410156 0.437500 0.421875 0.425781 0.429688 0.425781
0 0.003906 0.449219 0.023438 0.449219 0.027344 0.449219 0.031250 0.453125 0.035156 0.453125 0.035156 0.457031 0.039062 0.460938 0.042969 0.460938 0.046875 0.464844 0.050781 0.464844 0.054688 0.468750 0.062500 0.468750 0.066406 0.468750 0.074219 0.476562 0.078125 0.480469 0.082031 0.480469 0.085938 0.484375 0.089844 0.484375 0.093750 0.484375 0.093750 0.492188 0.093750 0.496094 0.097656 0.500000 0.101562 0.500000 0.097656 0.500000 0.093750 0.500000 0.085938 0.507812 0.082031 0.511719 0.082031 0.515625 0.082031 0.519531 0.078125 0.523438 0.078125 0.527344 0.074219 0.531250 0.070312 0.535156 0.066406 0.535156 0.062500 0.539062 0.058594 0.539062 0.054688 0.535156 0.023438 0.535156 0.019531 0.535156 0.015625 0.539062 0.011719 0.539062 0.007812 0.542969 0.003906 0.546875 0.000000 0.542969 0.000000 0.542969 0.000000 0.460938 0.000000 0.460938 0.000000 0.457031 0.003906 0.453125 0.003906 0.449219
0 0.179688 0.847656 0.183594 0.851562 0.195312 0.851562 0.199219 0.851562 0.199219 0.855469 0.199219 0.859375 0.203125 0.863281 0.207031 0.863281 0.207031 0.867188 0.210938 0.871094 0.214844 0.875000 0.214844 0.890625 0.214844 0.894531 0.199219 0.910156 0.195312 0.914062 0.175781 0.914062 0.171875 0.914062 0.167969 0.910156 0.164062 0.910156 0.160156 0.906250 0.156250 0.906250 0.152344 0.906250 0.152344 0.902344 0.148438 0.898438 0.144531 0.898438 0.144531 0.894531 0.140625 0.890625 0.140625 0.875000 0.140625 0.871094 0.148438 0.871094 0.152344 0.871094 0.160156 0.863281 0.164062 0.859375 0.164062 0.855469 0.167969 0.851562 0.171875 0.851562 0.175781 0.851562 0.179688 0.847656
0 0.449219 0.941406 0.457031 0.941406 0.460938 0.941406 0.460938 0.945312 0.460938 0.949219 0.472656 0.960938 0.476562 0.964844 0.476562 0.968750 0.480469 0.972656 0.480469 0.976562 0.484375 0.980469 0.484375 0.984375 0.488281 0.988281 0.511719 0.988281 0.515625 0.992188 0.515625 1.000000 0.406250 1.000000 0.406250 1.000000 0.410156 0.996094 0.410156 0.992188 0.410156 0.988281 0.414062 0.984375 0.414062 0.980469 0.417969 0.976562 0.417969 0.964844 0.417969 0.960938 0.421875 0.960938 0.425781 0.960938 0.429688 0.957031 0.429688 0.953125 0.441406 0.953125 0.445312 0.953125 0.449219 0.949219 0.449219 0.941406
0 0.527344 0.792969 0.562500 0.792969 0.566406 0.792969 0.597656 0.816406 0.601562 0.820312 0.609375 0.855469 0.613281 0.859375 0.605469 0.898438 0.605469 0.902344 0.582031 0.902344 0.578125 0.902344 0.519531 0.859375 0.515625 0.855469 0.515625 0.812500 0.515625 0.808594 0.527344 0.792969
0 0.230469 0.187500 0.296875 0.222656 0.300781 0.222656 0.320312 0.253906 0.324219 0.257812 0.324219 0.304688 0.324219 0.308594 0.308594 0.343750 0.308594 0.347656 0.296875 0.355469 0.292969 0.359375 0.261719 0.359375 0.257812 0.359375 0.214844 0.332031 0.210938 0.332031 0.207031 0.320312 0.203125 0.316406 0.195312 0.246094 0.195312 0.242188 0.218750 0.199219 0.218750 0.195312 0.230469 0.187500
0 0.372968 0.361848 0.344098 0.358640 0.340890 0.352224 0.340890 0.307314 0.347305 0.304106 0.347305 0.297690 0.356929 0.294482 0.366553 0.284859 0.382592 0.284859 0.398631 0.307314 0.405047 0.336185 0.405047 0.352224 0.398631 0.358640
0 0.340890 0.272027 0.324850 0.249572 0.324850 0.236741 0.321643 0.233533 0.321643 0.204662 0.324850 0.204662 0.324850 0.195039 0.331266 0.195039 0.344098 0.185415 0.363345 0.185415 0.379384 0.195039 0.382592 0.204662 0.385800 0.204662 0.389008 0.214286 0.385800 0.239949 0.379384 0.243157 0.376176 0.249572 0.372968 0.249572 0.372968 0.255988 0.366553 0.259196
0 0.875000 0.351562 0.906250 0.351562 0.910156 0.351562 0.953125 0.378906 0.957031 0.382812 0.957031 0.394531 0.960938 0.398438 0.953125 0.429688 0.949219 0.433594 0.953125 0.468750 0.953125 0.472656 0.980469 0.492188 0.984375 0.496094 0.984375 0.507812 0.988281 0.511719 0.984375 0.519531 0.984375 0.523438 0.925781 0.582031 0.921875 0.585938 0.847656 0.578125 0.843750 0.578125 0.820312 0.562500 0.816406 0.558594 0.808594 0.539062 0.804688 0.535156 0.804688 0.480469 0.804688 0.476562 0.812500 0.457031 0.816406 0.453125 0.816406 0.437500 0.816406 0.433594 0.808594 0.417969 0.804688 0.414062 0.804688 0.390625 0.804688 0.386719 0.816406 0.371094 0.820312 0.367188 0.875000 0.351562
0 0.917969 0.199219 0.933594 0.203125 0.937500 0.203125 0.953125 0.222656 0.957031 0.226562 0.953125 0.308594 0.953125 0.312500 0.945312 0.339844 0.945312 0.343750 0.921875 0.347656 0.917969 0.347656 0.886719 0.339844 0.882812 0.339844 0.847656 0.351562 0.843750 0.355469 0.828125 0.355469 0.824219 0.359375 0.808594 0.351562 0.804688 0.351562 0.796875 0.343750 0.792969 0.339844 0.796875 0.328125 0.796875 0.324219 0.843750 0.308594 0.847656 0.304688 0.839844 0.289062 0.835938 0.285156 0.835938 0.250000 0.835938 0.246094 0.863281 0.230469 0.867188 0.230469 0.886719 0.210938 0.890625 0.207031 0.917969 0.199219
0 0.015625 0.167969 0.042969 0.167969 0.046875 0.167969 0.058594 0.175781 0.062500 0.175781 0.113281 0.226562 0.117188 0.230469 0.128906 0.300781 0.132812 0.304688 0.132812 0.335938 0.132812 0.339844 0.125000 0.347656 0.121094 0.351562 0.085938 0.359375 0.082031 0.359375 0.031250 0.332031 0.027344 0.332031 0.000000 0.295573 0.000000 0.175781 0.015625 0.167969
