0 0.906250 0.031250 0.914062 0.031250 0.917969 0.035156 0.933594 0.035156 0.937500 0.035156 0.941406 0.031250 0.953125 0.031250 0.957031 0.031250 0.957031 0.035156 0.960938 0.039062 0.972656 0.039062 0.976562 0.039062 0.980469 0.042969 0.984375 0.046875 0.988281 0.046875 0.992188 0.046875 0.992188 0.050781 0.996094 0.054688 0.996094 0.062500 0.996094 0.066406 1.000000 0.070312 1.000000 0.070312 1.000000 0.113281 1.000000 0.113281 0.988281 0.125000 0.984375 0.128906 0.964844 0.128906 0.960938 0.125000 0.949219 0.125000 0.945312 0.125000 0.941406 0.128906 0.941406 0.132812 0.937500 0.128906 0.933594 0.128906 0.929688 0.125000 0.925781 0.121094 0.925781 0.117188 0.921875 0.113281 0.921875 0.105469 0.917969 0.101562 0.917969 0.089844 0.917969 0.085938 0.914062 0.082031 0.910156 0.082031 0.914062 0.082031 0.917969 0.078125 0.917969 0.070312 0.917969 0.066406 0.914062 0.062500 0.910156 0.062500 0.906250 0.058594 0.902344 0.054688 0.902344 0.046875 0.906250 0.042969 0.906250 0.031250
0 0.148438 0.113281 0.156250 0.113281 0.160156 0.113281 0.164062 0.117188 0.167969 0.117188 0.167969 0.121094 0.160156 0.128906 0.156250 0.132812 0.152344 0.132812 0.148438 0.136719 0.144531 0.136719 0.144531 0.132812 0.140625 0.128906 0.140625 0.121094 0.140625 0.117188 0.144531 0.117188 0.148438 0.113281
0 0.507812 0.148438 0.515625 0.148438 0.519531 0.148438 0.531250 0.160156 0.535156 0.160156 0.535156 0.164062 0.535156 0.167969 0.531250 0.171875 0.527344 0.175781 0.523438 0.175781 0.519531 0.179688 0.515625 0.179688 0.511719 0.179688 0.507812 0.175781 0.503906 0.175781 0.500000 0.175781 0.496094 0.171875 0.496094 0.164062 0.496094 0.160156 0.500000 0.156250 0.503906 0.156250 0.507812 0.152344 0.507812 0.148438
0 0.945312 0.210938 0.949219 0.210938 0.953125 0.210938 0.957031 0.214844 0.960938 0.214844 0.964844 0.214844 0.964844 0.218750 0.968750 0.222656 0.976562 0.222656 0.980469 0.226562 0.976562 0.230469 0.976562 0.234375 0.976562 0.238281 0.972656 0.242188 0.968750 0.246094 0.964844 0.246094 0.960938 0.250000 0.957031 0.250000 0.953125 0.253906 0.941406 0.253906 0.937500 0.253906 0.933594 0.250000 0.933594 0.242188 0.929688 0.238281 0.929688 0.226562 0.929688 0.222656 0.933594 0.222656 0.945312 0.210938
0 0.277344 0.234375 0.285156 0.234375 0.289062 0.234375 0.292969 0.238281 0.296875 0.242188 0.296875 0.246094 0.296875 0.250000 0.292969 0.253906 0.289062 0.253906 0.285156 0.253906 0.285156 0.250000 0.281250 0.246094 0.277344 0.242188 0.277344 0.234375
0 0.363281 0.269531 0.370389 0.270207 0.367188 0.277344 0.367188 0.304688 0.367188 0.308594 0.363281 0.312500 0.359375 0.316406 0.343750 0.316406 0.339844 0.320312 0.335938 0.320312 0.332031 0.316406 0.328125 0.312500 0.324219 0.312500 0.320312 0.312500 0.320312 0.308594 0.316406 0.304688 0.312500 0.300781 0.312500 0.296875 0.312500 0.292969 0.320312 0.292969 0.324219 0.292969 0.328125 0.289062 0.328125 0.285156 0.332031 0.281250 0.347656 0.281250 0.351562 0.281250 0.355469 0.277344 0.359375 0.277344 0.358759 0.271068 0.363281 0.269531
0 0.585938 0.339844 0.601562 0.339844 0.605469 0.339844 0.609375 0.343750 0.609375 0.347656 0.613281 0.351562 0.609375 0.355469 0.609375 0.359375 0.605469 0.363281 0.601562 0.363281 0.597656 0.367188 0.593750 0.367188 0.589844 0.363281 0.585938 0.363281 0.582031 0.363281 0.582031 0.359375 0.578125 0.355469 0.578125 0.347656 0.578125 0.343750 0.582031 0.343750 0.585938 0.339844
0 0.843750 0.378906 0.847656 0.382812 0.851562 0.382812 0.855469 0.382812 0.859375 0.386719 0.859375 0.390625 0.863281 0.394531 0.867188 0.394531 0.867188 0.398438 0.867188 0.402344 0.863281 0.406250 0.863281 0.414062 0.863281 0.417969 0.859375 0.421875 0.859375 0.425781 0.843750 0.441406 0.839844 0.445312 0.828125 0.445312 0.824219 0.445312 0.820312 0.441406 0.812500 0.441406 0.808594 0.441406 0.804688 0.437500 0.800781 0.437500 0.796875 0.433594 0.796875 0.429688 0.792969 0.425781 0.792969 0.410156 0.792969 0.406250 0.796875 0.402344 0.796875 0.398438 0.804688 0.390625 0.808594 0.386719 0.812500 0.386719 0.816406 0.382812 0.835938 0.382812 0.839844 0.382812 0.843750 0.378906
0 0.589844 0.390625 0.597656 0.390625 0.601562 0.390625 0.601562 0.398438 0.605469 0.402344 0.605469 0.414062 0.605469 0.417969 0.601562 0.421875 0.597656 0.425781 0.593750 0.425781 0.589844 0.425781 0.589844 0.421875 0.585938 0.417969 0.585938 0.414062 0.582031 0.410156 0.578125 0.410156 0.574219 0.406250 0.566406 0.406250 0.562500 0.402344 0.562500 0.398438 0.562500 0.394531 0.582031 0.394531 0.585938 0.394531 0.589844 0.390625
0 0.781250 0.531250 0.785156 0.535156 0.800781 0.535156 0.804688 0.539062 0.804688 0.546875 0.804688 0.550781 0.808594 0.554688 0.808594 0.566406 0.808594 0.570312 0.804688 0.574219 0.789062 0.574219 0.785156 0.574219 0.781250 0.578125 0.777344 0.582031 0.773438 0.582031 0.769531 0.582031 0.765625 0.585938 0.757812 0.585938 0.753906 0.585938 0.753906 0.582031 0.746094 0.574219 0.742188 0.570312 0.742188 0.566406 0.738281 0.562500 0.738281 0.554688 0.738281 0.550781 0.746094 0.542969 0.746094 0.539062 0.769531 0.539062 0.773438 0.539062 0.781250 0.531250
0 0.621094 0.554688 0.628906 0.554688 0.632812 0.554688 0.636719 0.558594 0.640625 0.558594 0.640625 0.566406 0.640625 0.570312 0.636719 0.574219 0.632812 0.574219 0.628906 0.578125 0.625000 0.578125 0.621094 0.582031 0.617188 0.585938 0.613281 0.585938 0.609375 0.589844 0.605469 0.585938 0.601562 0.585938 0.597656 0.585938 0.593750 0.582031 0.593750 0.570312 0.593750 0.566406 0.597656 0.566406 0.601562 0.562500 0.605469 0.558594 0.613281 0.558594 0.617188 0.558594 0.621094 0.554688
0 0.390625 0.574219 0.394531 0.578125 0.398438 0.578125 0.398438 0.593750 0.398438 0.597656 0.394531 0.601562 0.390625 0.605469 0.382812 0.605469 0.378906 0.605469 0.375000 0.601562 0.375000 0.597656 0.375000 0.593750 0.378906 0.589844 0.378906 0.585938 0.382812 0.582031 0.382812 0.578125 0.386719 0.578125 0.390625 0.574219
0 0.867188 0.621094 0.875000 0.621094 0.878906 0.621094 0.878906 0.625000 0.878906 0.628906 0.875000 0.632812 0.867188 0.632812 0.863281 0.628906 0.859375 0.632812 0.859375 0.636719 0.859375 0.632812 0.859375 0.628906 0.863281 0.628906 0.867188 0.625000 0.867188 0.621094
0 0.957031 0.699219 0.960938 0.699219 0.964844 0.699219 0.964844 0.703125 0.968750 0.707031 0.976562 0.707031 0.980469 0.707031 0.984375 0.710938 0.984375 0.714844 0.980469 0.718750 0.972656 0.718750 0.968750 0.718750 0.964844 0.722656 0.960938 0.722656 0.957031 0.726562 0.953125 0.726562 0.953125 0.714844 0.953125 0.710938 0.957031 0.707031 0.957031 0.699219
0 0.097656 0.730469 0.101562 0.734375 0.105469 0.734375 0.109375 0.734375 0.113281 0.738281 0.117188 0.738281 0.113281 0.742188 0.113281 0.746094 0.109375 0.750000 0.105469 0.750000 0.101562 0.746094 0.097656 0.746094 0.097656 0.742188 0.093750 0.738281 0.097656 0.734375 0.097656 0.730469
0 0.285156 0.761719 0.292969 0.761719 0.296875 0.765625 0.296875 0.769531 0.296875 0.773438 0.289062 0.781250 0.285156 0.785156 0.281250 0.781250 0.281250 0.769531 0.277344 0.765625 0.281250 0.765625 0.285156 0.761719
0 0.171875 0.765625 0.175781 0.769531 0.179688 0.769531 0.179688 0.781250 0.175781 0.785156 0.171875 0.785156 0.167969 0.781250 0.164062 0.777344 0.167969 0.773438 0.167969 0.769531 0.171875 0.765625
0 0.531250 0.804688 0.535156 0.808594 0.539062 0.808594 0.542969 0.812500 0.546875 0.816406 0.554688 0.816406 0.558594 0.816406 0.562500 0.820312 0.566406 0.820312 0.566406 0.824219 0.562500 0.828125 0.562500 0.832031 0.558594 0.835938 0.554688 0.835938 0.550781 0.839844 0.546875 0.839844 0.542969 0.839844 0.539062 0.835938 0.535156 0.835938 0.531250 0.835938 0.527344 0.832031 0.523438 0.828125 0.523438 0.824219 0.523438 0.820312 0.527344 0.816406 0.527344 0.812500 0.527344 0.808594 0.531250 0.804688
0 0.515625 0.863281 0.566406 0.863281 0.570312 0.863281 0.574219 0.867188 0.578125 0.867188 0.582031 0.867188 0.585938 0.871094 0.585938 0.875000 0.589844 0.878906 0.621094 0.878906 0.625000 0.878906 0.636719 0.867188 0.640625 0.863281 0.644531 0.863281 0.648438 0.863281 0.652344 0.867188 0.656250 0.867188 0.660156 0.871094 0.664062 0.875000 0.671875 0.875000 0.675781 0.875000 0.679688 0.878906 0.683594 0.878906 0.687500 0.878906 0.691406 0.882812 0.691406 0.886719 0.687500 0.890625 0.687500 0.894531 0.683594 0.898438 0.675781 0.898438 0.671875 0.898438 0.667969 0.902344 0.664062 0.906250 0.664062 0.910156 0.660156 0.914062 0.656250 0.917969 0.636719 0.917969 0.632812 0.917969 0.625000 0.925781 0.621094 0.929688 0.621094 0.937500 0.621094 0.941406 0.625000 0.945312 0.625000 0.949219 0.609375 0.964844 0.605469 0.964844 0.601562 0.968750 0.601562 0.972656 0.597656 0.976562 0.593750 0.976562 0.585938 0.984375 0.582031 0.988281 0.566406 0.988281 0.562500 0.988281 0.562500 0.980469 0.558594 0.976562 0.554688 0.976562 0.550781 0.972656 0.546875 0.972656 0.542969 0.972656 0.539062 0.968750 0.535156 0.968750 0.531250 0.968750 0.527344 0.964844 0.527344 0.960938 0.523438 0.957031 0.527344 0.953125 0.527344 0.949219 0.531250 0.945312 0.531250 0.933594 0.527344 0.929688 0.527344 0.914062 0.527344 0.910156 0.523438 0.906250 0.507812 0.906250 0.503906 0.906250 0.500000 0.910156 0.496094 0.910156 0.492188 0.914062 0.488281 0.910156 0.488281 0.906250 0.484375 0.902344 0.484375 0.898438 0.480469 0.894531 0.476562 0.890625 0.476562 0.886719 0.472656 0.882812 0.472656 0.871094 0.472656 0.867188 0.507812 0.867188 0.511719 0.867188 0.515625 0.863281
0 0.304688 0.906250 0.316406 0.906250 0.320312 0.906250 0.324219 0.910156 0.328125 0.910156 0.328125 0.914062 0.324219 0.917969 0.320312 0.921875 0.320312 0.925781 0.320312 0.929688 0.320312 0.925781 0.316406 0.921875 0.308594 0.921875 0.304688 0.917969 0.304688 0.906250
0 0.273438 0.941406 0.285156 0.941406 0.289062 0.945312 0.289062 0.964844 0.292969 0.968750 0.292969 0.972656 0.289062 0.976562 0.285156 0.976562 0.281250 0.980469 0.277344 0.980469 0.273438 0.984375 0.273438 0.972656 0.273438 0.968750 0.269531 0.964844 0.265625 0.964844 0.265625 0.949219 0.265625 0.945312 0.269531 0.945312 0.273438 0.941406
0 0.097656 0.960938 0.101562 0.960938 0.105469 0.960938 0.109375 0.964844 0.113281 0.968750 0.121094 0.968750 0.125000 0.968750 0.128906 0.964844 0.132812 0.964844 0.136719 0.964844 0.144531 0.972656 0.148438 0.976562 0.148438 0.980469 0.152344 0.984375 0.148438 0.988281 0.148438 0.992188 0.144531 0.996094 0.144531 1.000000 0.144531 1.000000 0.078125 1.000000 0.078125 1.000000 0.078125 0.996094 0.078125 0.992188 0.085938 0.984375 0.089844 0.980469 0.089844 0.968750 0.089844 0.964844 0.093750 0.964844 0.097656 0.960938
0 0.203125 0.476562 0.218750 0.476562 0.222656 0.476562 0.226562 0.484375 0.230469 0.488281 0.234375 0.527344 0.234375 0.531250 0.253906 0.585938 0.253906 0.589844 0.203125 0.605469 0.199219 0.609375 0.179688 0.609375 0.175781 0.609375 0.140625 0.589844 0.136719 0.585938 0.132812 0.578125 0.128906 0.574219 0.125000 0.535156 0.125000 0.531250 0.136719 0.519531 0.136719 0.515625 0.203125 0.476562
0 0.154352 0.838693 0.149927 0.833636 0.142973 0.823521 0.141077 0.822257 0.139813 0.820361 0.139813 0.817200 0.142341 0.813407 0.146134 0.809614 0.154984 0.803925 0.168891 0.803925 0.173316 0.803293 0.174580 0.805821 0.174580 0.817832 0.173948 0.819729 0.172052 0.820361 0.169523 0.824154 0.168259 0.827314 0.162570 0.834900 0.161938 0.836796 0.160041 0.837429
0 0.387287 0.203823 0.378145 0.205347 0.375098 0.201538 0.373574 0.196205 0.372050 0.194682 0.371289 0.192396 0.369003 0.190111 0.366718 0.189349 0.365194 0.187825 0.365194 0.185540 0.367480 0.184016 0.370527 0.179446 0.373574 0.176398 0.380430 0.176398 0.382716 0.177160 0.384239 0.178684 0.385001 0.180969 0.385001 0.188587 0.386525 0.193158 0.388048 0.194682 0.388048 0.196967
0 0.191406 0.445312 0.207031 0.449219 0.210938 0.453125 0.207031 0.472656 0.203125 0.476562 0.183594 0.472656 0.179688 0.468750 0.179688 0.457031 0.179688 0.453125 0.191406 0.445312
0 0.003906 0.000000 0.011719 0.000000 0.015625 0.003906 0.015625 0.011719 0.015625 0.015625 0.019531 0.019531 0.019531 0.023438 0.023438 0.027344 0.023438 0.035156 0.023438 0.039062 0.019531 0.042969 0.019531 0.046875 0.019531 0.050781 0.015625 0.054688 0.011719 0.058594 0.000000 0.058594 0.000000 0.011719 0.000000 0.011719 0.003906 0.007812 0.003906 0.000000
0 0.000000 0.280864 0.019045 0.278983 0.066406 0.292969 0.070312 0.300781 0.070312 0.304688 0.054688 0.347656 0.050781 0.351562 0.042969 0.355469 0.039062 0.355469 0.019531 0.347656 0.019121 0.342252 0.019800 0.324219 0.009811 0.314319 0.000000 0.308957
