0 0.449219 0.015625 0.453125 0.019531 0.457031 0.019531 0.457031 0.023438 0.460938 0.027344 0.457031 0.031250 0.457031 0.039062 0.457031 0.042969 0.453125 0.046875 0.453125 0.050781 0.449219 0.054688 0.445312 0.058594 0.441406 0.058594 0.437500 0.058594 0.433594 0.062500 0.429688 0.062500 0.425781 0.062500 0.425781 0.058594 0.421875 0.054688 0.421875 0.039062 0.421875 0.035156 0.425781 0.031250 0.425781 0.023438 0.425781 0.019531 0.441406 0.019531 0.445312 0.019531 0.449219 0.015625
0 0.695312 0.039062 0.699219 0.042969 0.703125 0.042969 0.699219 0.046875 0.699219 0.054688 0.699219 0.058594 0.695312 0.062500 0.695312 0.066406 0.691406 0.062500 0.683594 0.062500 0.679688 0.058594 0.679688 0.054688 0.679688 0.050781 0.683594 0.046875 0.687500 0.046875 0.695312 0.039062
0 0.824219 0.054688 0.832031 0.054688 0.835938 0.054688 0.839844 0.058594 0.843750 0.058594 0.839844 0.062500 0.839844 0.078125 0.839844 0.082031 0.843750 0.085938 0.855469 0.085938 0.859375 0.085938 0.859375 0.089844 0.863281 0.093750 0.863281 0.097656 0.859375 0.101562 0.855469 0.101562 0.851562 0.101562 0.847656 0.105469 0.843750 0.105469 0.839844 0.109375 0.835938 0.109375 0.832031 0.113281 0.828125 0.113281 0.824219 0.117188 0.800781 0.117188 0.796875 0.117188 0.796875 0.113281 0.792969 0.109375 0.792969 0.101562 0.792969 0.097656 0.796875 0.093750 0.796875 0.085938 0.796875 0.082031 0.800781 0.078125 0.800781 0.070312 0.800781 0.066406 0.804688 0.062500 0.808594 0.062500 0.812500 0.062500 0.816406 0.058594 0.820312 0.058594 0.824219 0.054688
0 0.515625 0.062500 0.519531 0.062500 0.523438 0.062500 0.527344 0.066406 0.531250 0.066406 0.535156 0.066406 0.550781 0.082031 0.554688 0.082031 0.554688 0.089844 0.554688 0.093750 0.535156 0.113281 0.531250 0.117188 0.527344 0.117188 0.523438 0.113281 0.519531 0.113281 0.515625 0.113281 0.515625 0.109375 0.511719 0.105469 0.511719 0.101562 0.500000 0.089844 0.496094 0.085938 0.496094 0.070312 0.496094 0.066406 0.507812 0.066406 0.511719 0.066406 0.515625 0.062500
0 0.132812 0.093750 0.144531 0.093750 0.148438 0.097656 0.148438 0.105469 0.148438 0.109375 0.144531 0.113281 0.140625 0.117188 0.140625 0.121094 0.132812 0.128906 0.128906 0.128906 0.125000 0.125000 0.121094 0.121094 0.121094 0.109375 0.121094 0.105469 0.132812 0.093750
0 0.722656 0.109375 0.738281 0.109375 0.742188 0.109375 0.742188 0.121094 0.742188 0.125000 0.738281 0.128906 0.729897 0.152248 0.695312 0.152344 0.691406 0.148438 0.691406 0.132812 0.691406 0.128906 0.699219 0.121094 0.703125 0.117188 0.707031 0.117188 0.710938 0.113281 0.714844 0.113281 0.718750 0.113281 0.722656 0.109375
0 0.082031 0.144531 0.089844 0.144531 0.093750 0.144531 0.097656 0.148438 0.101562 0.148438 0.105469 0.152344 0.105469 0.164062 0.109375 0.167969 0.105469 0.171875 0.105469 0.187500 0.105469 0.191406 0.109375 0.195312 0.117188 0.195312 0.121094 0.195312 0.125000 0.199219 0.128906 0.199219 0.128906 0.203125 0.128906 0.207031 0.125000 0.210938 0.121094 0.214844 0.117188 0.214844 0.113281 0.218750 0.109375 0.218750 0.105469 0.222656 0.101562 0.222656 0.097656 0.226562 0.093750 0.226562 0.089844 0.230469 0.085938 0.234375 0.082031 0.234375 0.078125 0.238281 0.074219 0.234375 0.070312 0.234375 0.070312 0.226562 0.070312 0.222656 0.074219 0.218750 0.078125 0.214844 0.078125 0.203125 0.078125 0.199219 0.074219 0.195312 0.070312 0.195312 0.066406 0.191406 0.062500 0.191406 0.062500 0.171875 0.062500 0.167969 0.070312 0.160156 0.074219 0.156250 0.074219 0.152344 0.082031 0.144531
0 0.566406 0.144531 0.574219 0.144531 0.578125 0.144531 0.581910 0.145247 0.588796 0.149581 0.584063 0.152500 0.580983 0.153011 0.574219 0.152344 0.570312 0.156250 0.562500 0.156250 0.558594 0.156250 0.558594 0.152344 0.554688 0.148438 0.558594 0.148438 0.562500 0.148438 0.566406 0.144531
0 0.460938 0.148438 0.472656 0.148438 0.476562 0.148438 0.476562 0.152344 0.476562 0.156250 0.472656 0.160156 0.460938 0.160156 0.457031 0.160156 0.457031 0.156250 0.457031 0.152344 0.460938 0.148438
0 0.929688 0.175781 0.937500 0.175781 0.941406 0.175781 0.957031 0.191406 0.960938 0.195312 0.960938 0.203125 0.960938 0.207031 0.968750 0.214844 0.972656 0.218750 0.968750 0.222656 0.968750 0.238281 0.964844 0.242188 0.957031 0.242188 0.953125 0.238281 0.937500 0.238281 0.933594 0.238281 0.929688 0.234375 0.925781 0.234375 0.921875 0.230469 0.921875 0.218750 0.921875 0.214844 0.917969 0.210938 0.914062 0.210938 0.914062 0.207031 0.910156 0.203125 0.910156 0.191406 0.910156 0.187500 0.914062 0.187500 0.917969 0.187500 0.929688 0.175781
0 0.406250 0.183594 0.425781 0.183594 0.429688 0.183594 0.433594 0.187500 0.437500 0.187500 0.433594 0.191406 0.429688 0.195312 0.429688 0.207031 0.429688 0.210938 0.421875 0.218750 0.417969 0.222656 0.414062 0.222656 0.410156 0.226562 0.406250 0.226562 0.398438 0.218750 0.394531 0.214844 0.390625 0.214844 0.386719 0.210938 0.390625 0.207031 0.390625 0.199219 0.390625 0.195312 0.394531 0.191406 0.398438 0.187500 0.402344 0.187500 0.406250 0.183594
0 0.000000 0.203125 0.007812 0.203125 0.011719 0.207031 0.011719 0.218750 0.015625 0.222656 0.011719 0.226562 0.007812 0.230469 0.007812 0.238281 0.003906 0.242188 0.000000 0.238281 0.000000 0.203125
0 0.214844 0.203125 0.230469 0.203125 0.234375 0.203125 0.234375 0.210938 0.234375 0.214844 0.230469 0.218750 0.226562 0.222656 0.222656 0.222656 0.218750 0.218750 0.214844 0.218750 0.210938 0.218750 0.210938 0.214844 0.207031 0.210938 0.214844 0.203125
0 0.972656 0.250000 0.980469 0.250000 0.984375 0.250000 0.988281 0.253906 0.992188 0.253906 0.992188 0.265625 0.992188 0.269531 0.996094 0.273438 1.000000 0.273438 0.996094 0.273438 0.992188 0.273438 0.988281 0.277344 0.984375 0.281250 0.980469 0.281250 0.976562 0.281250 0.972656 0.277344 0.968750 0.277344 0.968750 0.269531 0.964844 0.265625 0.968750 0.261719 0.972656 0.257812 0.972656 0.250000
0 0.660156 0.285156 0.683594 0.285156 0.687500 0.285156 0.687500 0.296875 0.691406 0.300781 0.691406 0.304688 0.683594 0.312500 0.679688 0.316406 0.679688 0.320312 0.667969 0.332031 0.664062 0.335938 0.656250 0.328125 0.652344 0.324219 0.652344 0.320312 0.648438 0.316406 0.648438 0.300781 0.648438 0.296875 0.652344 0.296875 0.656250 0.292969 0.660156 0.289062 0.660156 0.285156
0 0.890625 0.289062 0.898438 0.289062 0.902344 0.289062 0.906250 0.292969 0.910156 0.292969 0.914062 0.296875 0.914062 0.300781 0.910156 0.304688 0.910156 0.308594 0.906250 0.312500 0.906250 0.316406 0.902344 0.320312 0.898438 0.320312 0.894531 0.324219 0.890625 0.328125 0.882812 0.328125 0.878906 0.328125 0.875000 0.324219 0.875000 0.320312 0.871094 0.316406 0.875000 0.312500 0.875000 0.304688 0.875000 0.300781 0.878906 0.296875 0.882812 0.296875 0.890625 0.289062
0 0.222656 0.371094 0.230469 0.371094 0.234375 0.371094 0.234375 0.375000 0.238281 0.378906 0.238281 0.382812 0.238281 0.386719 0.234375 0.390625 0.230469 0.394531 0.226562 0.390625 0.222656 0.390625 0.222656 0.378906 0.218750 0.375000 0.222656 0.371094
0 0.164062 0.449219 0.171875 0.449219 0.175781 0.449219 0.175781 0.453125 0.175781 0.457031 0.171875 0.460938 0.167969 0.464844 0.164062 0.464844 0.164062 0.449219
0 0.558594 0.468750 0.566406 0.468750 0.570312 0.468750 0.570312 0.480469 0.570312 0.484375 0.574219 0.488281 0.574219 0.500000 0.574219 0.503906 0.578125 0.507812 0.582031 0.507812 0.585938 0.507812 0.589844 0.511719 0.593750 0.511719 0.597656 0.511719 0.609375 0.523438 0.609375 0.527344 0.605469 0.531250 0.601562 0.531250 0.597656 0.535156 0.597656 0.539062 0.589844 0.546875 0.585938 0.550781 0.585938 0.554688 0.582031 0.558594 0.578125 0.562500 0.539062 0.562500 0.535156 0.562500 0.531250 0.558594 0.527344 0.554688 0.523438 0.554688 0.519531 0.550781 0.519531 0.527344 0.519531 0.523438 0.511719 0.515625 0.507812 0.515625 0.507812 0.511719 0.507812 0.507812 0.511719 0.503906 0.515625 0.500000 0.535156 0.500000 0.539062 0.500000 0.542969 0.496094 0.546875 0.492188 0.546875 0.488281 0.550781 0.484375 0.554688 0.480469 0.554688 0.476562 0.554688 0.472656 0.558594 0.468750
0 0.968750 0.472656 0.976562 0.472656 0.980469 0.476562 0.992188 0.476562 0.996094 0.476562 1.000000 0.480469 1.000000 0.484375 1.000000 0.484375 1.000000 0.613281 0.996094 0.617188 0.992188 0.617188 0.988281 0.621094 0.988281 0.625000 0.984375 0.628906 0.972656 0.628906 0.968750 0.628906 0.964844 0.625000 0.960938 0.625000 0.957031 0.621094 0.953125 0.617188 0.953125 0.613281 0.953125 0.609375 0.949219 0.605469 0.945312 0.605469 0.945312 0.601562 0.945312 0.597656 0.941406 0.593750 0.937500 0.593750 0.937500 0.585938 0.937500 0.582031 0.933594 0.578125 0.933594 0.574219 0.929688 0.570312 0.925781 0.566406 0.925781 0.558594 0.925781 0.554688 0.929688 0.554688 0.933594 0.550781 0.933594 0.546875 0.937500 0.542969 0.937500 0.539062 0.937500 0.535156 0.941406 0.531250 0.941406 0.527344 0.941406 0.523438 0.945312 0.519531 0.945312 0.515625 0.949219 0.511719 0.949219 0.488281 0.949219 0.484375 0.953125 0.484375 0.957031 0.480469 0.960938 0.476562 0.964844 0.476562 0.968750 0.472656
0 0.656250 0.539062 0.667969 0.539062 0.671875 0.539062 0.675781 0.542969 0.679688 0.542969 0.683594 0.542969 0.687500 0.546875 0.691406 0.550781 0.691406 0.578125 0.691406 0.582031 0.687500 0.585938 0.683594 0.585938 0.679688 0.585938 0.675781 0.589844 0.675781 0.593750 0.671875 0.589844 0.667969 0.589844 0.664062 0.589844 0.660156 0.585938 0.656250 0.585938 0.652344 0.585938 0.644531 0.578125 0.640625 0.574219 0.640625 0.566406 0.640625 0.562500 0.644531 0.558594 0.644531 0.554688 0.644531 0.550781 0.648438 0.546875 0.648438 0.542969 0.652344 0.542969 0.656250 0.539062
0 0.214844 0.558594 0.234375 0.558594 0.238281 0.558594 0.242188 0.562500 0.246094 0.562500 0.250000 0.566406 0.253906 0.566406 0.253906 0.570312 0.261719 0.578125 0.265625 0.582031 0.269531 0.582031 0.273438 0.585938 0.273438 0.597656 0.273438 0.601562 0.277344 0.605469 0.277344 0.609375 0.273438 0.613281 0.269531 0.617188 0.265625 0.617188 0.261719 0.617188 0.257812 0.613281 0.253906 0.613281 0.250000 0.613281 0.250000 0.609375 0.246094 0.605469 0.242188 0.605469 0.242188 0.601562 0.226562 0.585938 0.222656 0.585938 0.222656 0.582031 0.218750 0.578125 0.214844 0.578125 0.214844 0.570312 0.210938 0.566406 0.214844 0.562500 0.214844 0.558594
0 0.402344 0.585938 0.417969 0.585938 0.421875 0.585938 0.421875 0.589844 0.425781 0.593750 0.425781 0.605469 0.425781 0.609375 0.421875 0.613281 0.421875 0.617188 0.417969 0.621094 0.410156 0.621094 0.406250 0.621094 0.402344 0.617188 0.398438 0.617188 0.394531 0.617188 0.394531 0.613281 0.394531 0.609375 0.390625 0.605469 0.390625 0.601562 0.390625 0.597656 0.394531 0.593750 0.394531 0.589844 0.398438 0.589844 0.402344 0.585938
0 0.351562 0.687500 0.355469 0.687500 0.359375 0.687500 0.359375 0.695312 0.359375 0.699219 0.355469 0.703125 0.351562 0.703125 0.347656 0.703125 0.347656 0.695312 0.347656 0.691406 0.351562 0.687500
0 0.179688 0.703125 0.191406 0.703125 0.195312 0.703125 0.195312 0.718750 0.191406 0.722656 0.187500 0.722656 0.183594 0.718750 0.179688 0.718750 0.179688 0.703125
0 0.222656 0.714844 0.253906 0.714844 0.257812 0.714844 0.261719 0.718750 0.265625 0.718750 0.265625 0.722656 0.269531 0.726562 0.273438 0.726562 0.273438 0.746094 0.273438 0.750000 0.269531 0.753906 0.265625 0.753906 0.261719 0.757812 0.257812 0.757812 0.253906 0.761719 0.238281 0.761719 0.234375 0.761719 0.232865 0.772682 0.226562 0.773438 0.226562 0.765625 0.226562 0.761719 0.218750 0.753906 0.214844 0.753906 0.214844 0.738281 0.210938 0.734375 0.214844 0.730469 0.214844 0.722656 0.214844 0.718750 0.218750 0.718750 0.222656 0.714844
0 0.636719 0.742188 0.648438 0.742188 0.652344 0.742188 0.652344 0.746094 0.652344 0.750000 0.656250 0.753906 0.660156 0.753906 0.664062 0.753906 0.664062 0.757812 0.667969 0.761719 0.671875 0.761719 0.671875 0.769531 0.671875 0.773438 0.660156 0.785156 0.656250 0.785156 0.648438 0.792969 0.648438 0.796875 0.632812 0.812500 0.628906 0.816406 0.621094 0.816406 0.617188 0.812500 0.589844 0.812500 0.585938 0.812500 0.585938 0.808594 0.582031 0.804688 0.585938 0.804688 0.589844 0.800781 0.589844 0.792969 0.589844 0.789062 0.593750 0.789062 0.597656 0.785156 0.597656 0.777344 0.597656 0.773438 0.601562 0.769531 0.601562 0.765625 0.605469 0.765625 0.609375 0.761719 0.613281 0.757812 0.617188 0.757812 0.625000 0.750000 0.628906 0.746094 0.632812 0.746094 0.636719 0.742188
0 0.574219 0.835938 0.578125 0.839844 0.582031 0.839844 0.593750 0.851562 0.597656 0.851562 0.597656 0.855469 0.601562 0.859375 0.605469 0.863281 0.597656 0.871094 0.593750 0.875000 0.585938 0.875000 0.582031 0.875000 0.578125 0.871094 0.574219 0.871094 0.566406 0.863281 0.562500 0.859375 0.562500 0.847656 0.562500 0.843750 0.566406 0.843750 0.570312 0.843750 0.574219 0.839844 0.574219 0.835938
0 0.921875 0.847656 0.933594 0.847656 0.937500 0.847656 0.929688 0.855469 0.925781 0.859375 0.917969 0.859375 0.914062 0.855469 0.921875 0.847656
0 0.546875 0.910156 0.550781 0.910156 0.554688 0.910156 0.554688 0.914062 0.554688 0.917969 0.558594 0.921875 0.558594 0.925781 0.562500 0.929688 0.562500 0.941406 0.566406 0.945312 0.566406 0.964844 0.570312 0.968750 0.566406 0.968750 0.562500 0.972656 0.554688 0.972656 0.550781 0.972656 0.546875 0.976562 0.546875 0.980469 0.546875 0.984375 0.546875 0.980469 0.542969 0.976562 0.539062 0.972656 0.531250 0.972656 0.527344 0.972656 0.527344 0.960938 0.523438 0.957031 0.523438 0.953125 0.523438 0.949219 0.535156 0.937500 0.539062 0.933594 0.539062 0.925781 0.539062 0.921875 0.542969 0.917969 0.542969 0.914062 0.546875 0.910156
0 0.941406 0.937500 0.949219 0.937500 0.953125 0.937500 0.957031 0.941406 0.955198 0.946488 0.952818 0.949336 0.945312 0.949219 0.941406 0.949219 0.937500 0.949219 0.937500 0.945312 0.937500 0.941406 0.941406 0.937500
0 0.187500 0.957031 0.210938 0.957031 0.214844 0.957031 0.214844 0.988281 0.210938 0.992188 0.183594 0.992188 0.179688 0.992188 0.179688 0.976562 0.175781 0.972656 0.179688 0.968750 0.183594 0.968750 0.187500 0.964844 0.187500 0.957031
0 0.740734 0.171924 0.733874 0.171353 0.731587 0.167923 0.729300 0.167351 0.728157 0.165636 0.728157 0.162778 0.735017 0.157633 0.736160 0.153060 0.741877 0.151345 0.750452 0.158205 0.747593 0.162778 0.747593 0.174211 0.745878 0.175354
0 0.000738 0.738905 0.013096 0.743266 0.028362 0.743266 0.030543 0.741812 0.035632 0.734543 0.037086 0.730182 0.037086 0.728001 0.039993 0.722912 0.042174 0.717096 0.042901 0.712735 0.042901 0.704738 0.043628 0.701104 0.043628 0.685111 0.014550 0.685111 0.013096 0.687292 0.010916 0.688746 0.010916 0.691654 0.010189 0.693834 0.008735 0.695288 0.002192 0.695288 0.000011 0.696015
0 0.085938 0.976562 0.109366 0.980740 0.112546 0.985102 0.125990 0.989280 0.126988 0.996821 0.129234 1.000000 0.042969 1.000000 0.042969 1.000000 0.042969 0.996094 0.085938 0.976562
0 0.132812 0.984375 0.148438 0.984375 0.152344 0.984375 0.160156 0.992188 0.164062 0.996094 0.164062 1.000000 0.125000 1.000000 0.125000 0.992188 0.125000 0.988281 0.132812 0.984375
0 0.025454 0.794152 0.025454 0.783248 0.023273 0.782521 0.016731 0.776706 0.010916 0.773798 0.010189 0.771617 0.008735 0.770163 0.008735 0.763621 0.008008 0.760713 0.008008 0.757805 0.013823 0.753444 0.015277 0.750536 0.022546 0.744720 0.044355 0.744720 0.045809 0.746174 0.047262 0.751990 0.047262 0.764348 0.050170 0.765075 0.051624 0.766529 0.053078 0.771617 0.053078 0.789064 0.050897 0.790518 0.041447 0.794152 0.031997 0.794152
0 0.538941 0.295972 0.532082 0.295972 0.529223 0.294829 0.526937 0.294829 0.526365 0.290255 0.525222 0.288541 0.526937 0.287397 0.529795 0.283396 0.533225 0.280537 0.537798 0.278251 0.542943 0.278251 0.545230 0.278823 0.547516 0.282253 0.549231 0.286826 0.549231 0.291399 0.547516 0.293686 0.544086 0.296544
