0 0.695312 0.011719 0.703125 0.011719 0.707031 0.011719 0.710938 0.015625 0.710938 0.019531 0.714844 0.023438 0.714844 0.027344 0.718750 0.031250 0.722656 0.031250 0.718750 0.031250 0.710938 0.039062 0.707031 0.039062 0.703125 0.042969 0.679688 0.035156 0.683594 0.031250 0.683594 0.019531 0.683594 0.015625 0.687500 0.015625 0.691406 0.015625 0.695312 0.011719
0 0.187500 0.128906 0.191406 0.132812 0.203125 0.132812 0.207031 0.132812 0.210938 0.136719 0.214844 0.140625 0.222656 0.140625 0.226562 0.144531 0.226562 0.160156 0.226562 0.164062 0.218750 0.171875 0.214844 0.175781 0.214844 0.179688 0.210938 0.183594 0.210938 0.187500 0.207031 0.191406 0.203125 0.191406 0.199219 0.195312 0.195312 0.191406 0.191406 0.191406 0.187500 0.187500 0.183594 0.187500 0.183594 0.179688 0.179688 0.175781 0.171875 0.175781 0.167969 0.171875 0.171875 0.167969 0.171875 0.160156 0.175781 0.156250 0.175781 0.144531 0.175781 0.140625 0.187500 0.128906
0 0.878906 0.183594 0.890625 0.183594 0.894531 0.183594 0.898438 0.187500 0.902344 0.191406 0.890625 0.203125 0.886719 0.207031 0.882812 0.207031 0.878906 0.210938 0.875000 0.210938 0.871094 0.207031 0.867188 0.207031 0.863281 0.207031 0.863281 0.203125 0.859375 0.199219 0.867188 0.191406 0.867188 0.187500 0.871094 0.187500 0.875000 0.187500 0.878906 0.183594
0 0.468750 0.207031 0.480469 0.207031 0.484375 0.210938 0.496094 0.210938 0.500000 0.207031 0.531250 0.207031 0.535156 0.207031 0.542969 0.214844 0.546875 0.214844 0.550781 0.218750 0.550781 0.222656 0.550781 0.226562 0.546875 0.230469 0.546875 0.238281 0.542969 0.242188 0.523438 0.242188 0.519531 0.242188 0.515625 0.246094 0.515625 0.250000 0.511719 0.253906 0.507812 0.253906 0.503906 0.257812 0.503906 0.261719 0.500000 0.257812 0.500000 0.250000 0.496094 0.246094 0.484375 0.246094 0.480469 0.246094 0.472656 0.253906 0.468750 0.257812 0.464844 0.257812 0.460938 0.261719 0.457031 0.257812 0.453125 0.257812 0.449219 0.253906 0.441406 0.253906 0.437500 0.253906 0.437500 0.222656 0.437500 0.218750 0.449219 0.218750 0.453125 0.218750 0.457031 0.214844 0.460938 0.214844 0.468750 0.207031
0 0.937500 0.218750 0.953125 0.218750 0.957031 0.218750 0.957031 0.226562 0.960938 0.230469 0.957031 0.230469 0.953125 0.234375 0.953125 0.242188 0.953125 0.246094 0.949219 0.250000 0.949219 0.253906 0.949219 0.257812 0.945312 0.261719 0.945312 0.269531 0.945312 0.273438 0.937500 0.281250 0.937500 0.285156 0.933594 0.289062 0.929688 0.289062 0.925781 0.292969 0.921875 0.292969 0.917969 0.296875 0.914062 0.296875 0.910156 0.300781 0.906250 0.300781 0.902344 0.300781 0.898438 0.296875 0.894531 0.296875 0.890625 0.292969 0.886719 0.289062 0.875000 0.289062 0.871094 0.289062 0.867188 0.292969 0.867188 0.296875 0.863281 0.300781 0.863281 0.304688 0.863281 0.308594 0.859375 0.312500 0.855469 0.312500 0.855469 0.296875 0.855469 0.292969 0.851562 0.289062 0.847656 0.289062 0.859375 0.289062 0.863281 0.289062 0.867188 0.285156 0.871094 0.281250 0.875000 0.281250 0.878906 0.277344 0.882812 0.277344 0.890625 0.269531 0.894531 0.265625 0.894531 0.253906 0.894531 0.250000 0.898438 0.250000 0.902344 0.246094 0.906250 0.246094 0.914062 0.238281 0.917969 0.238281 0.929688 0.226562 0.929688 0.222656 0.933594 0.222656 0.937500 0.218750
0 0.781250 0.253906 0.796875 0.253906 0.800781 0.253906 0.800781 0.273438 0.800781 0.277344 0.796875 0.281250 0.792969 0.281250 0.789062 0.285156 0.789062 0.289062 0.785156 0.292969 0.781250 0.292969 0.777344 0.292969 0.773438 0.289062 0.769531 0.289062 0.765625 0.285156 0.761719 0.281250 0.761719 0.277344 0.761719 0.273438 0.757812 0.269531 0.757812 0.265625 0.753906 0.261719 0.765625 0.261719 0.769531 0.261719 0.773438 0.257812 0.777344 0.257812 0.781250 0.253906
0 0.371094 0.281250 0.375000 0.285156 0.382812 0.285156 0.386719 0.285156 0.390625 0.289062 0.394531 0.292969 0.394531 0.296875 0.390625 0.300781 0.386719 0.304688 0.382812 0.304688 0.378906 0.304688 0.371094 0.296875 0.367188 0.296875 0.367188 0.292969 0.363281 0.289062 0.371094 0.281250
0 0.785156 0.312500 0.789062 0.316406 0.796875 0.316406 0.800781 0.320312 0.800781 0.339844 0.804688 0.343750 0.820312 0.343750 0.824219 0.343750 0.824219 0.347656 0.828125 0.351562 0.828125 0.355469 0.824219 0.359375 0.820312 0.363281 0.820312 0.367188 0.820312 0.371094 0.808594 0.382812 0.804688 0.386719 0.800781 0.386719 0.796875 0.386719 0.796875 0.382812 0.796875 0.378906 0.792969 0.375000 0.792969 0.371094 0.789062 0.367188 0.773438 0.367188 0.769531 0.367188 0.765625 0.363281 0.765625 0.359375 0.761719 0.355469 0.761719 0.347656 0.761719 0.343750 0.757812 0.339844 0.753906 0.339844 0.757812 0.339844 0.761719 0.335938 0.761719 0.324219 0.765625 0.320312 0.773438 0.320312 0.777344 0.320312 0.785156 0.312500
0 0.996094 0.312500 1.000000 0.312500 1.000000 0.351562 1.000000 0.351562 0.996094 0.355469 0.996094 0.351562 0.988281 0.343750 0.984375 0.339844 0.984375 0.332031 0.980469 0.328125 0.984375 0.328125 0.992188 0.320312 0.996094 0.316406 0.996094 0.312500
0 0.937500 0.328125 0.941406 0.332031 0.945312 0.332031 0.960938 0.347656 0.964844 0.351562 0.964844 0.359375 0.964844 0.363281 0.960938 0.367188 0.957031 0.367188 0.953125 0.371094 0.949219 0.375000 0.945312 0.375000 0.941406 0.378906 0.933594 0.378906 0.929688 0.378906 0.925781 0.382812 0.925781 0.386719 0.921875 0.390625 0.921875 0.394531 0.917969 0.398438 0.906250 0.398438 0.902344 0.398438 0.898438 0.394531 0.894531 0.390625 0.894531 0.378906 0.894531 0.375000 0.890625 0.371094 0.890625 0.367188 0.886719 0.363281 0.886719 0.359375 0.882812 0.355469 0.878906 0.355469 0.882812 0.355469 0.886719 0.351562 0.886719 0.347656 0.894531 0.347656 0.898438 0.347656 0.902344 0.343750 0.902344 0.339844 0.910156 0.339844 0.914062 0.339844 0.917969 0.335938 0.925781 0.335938 0.929688 0.335938 0.937500 0.328125
0 0.589844 0.417969 0.593750 0.417969 0.597656 0.417969 0.597656 0.421875 0.601562 0.425781 0.648438 0.425781 0.652344 0.429688 0.652344 0.433594 0.656250 0.437500 0.656250 0.449219 0.656250 0.453125 0.652344 0.457031 0.652344 0.472656 0.652344 0.476562 0.656250 0.480469 0.660156 0.484375 0.660156 0.488281 0.664062 0.492188 0.664062 0.496094 0.660156 0.500000 0.660156 0.503906 0.652344 0.511719 0.648438 0.515625 0.644531 0.515625 0.640625 0.511719 0.621094 0.511719 0.617188 0.511719 0.613281 0.507812 0.613281 0.503906 0.609375 0.500000 0.593750 0.500000 0.589844 0.500000 0.578125 0.488281 0.574219 0.484375 0.574219 0.476562 0.574219 0.472656 0.578125 0.468750 0.578125 0.460938 0.582031 0.457031 0.582031 0.437500 0.582031 0.433594 0.585938 0.429688 0.585938 0.425781 0.585938 0.421875 0.589844 0.417969
0 0.964844 0.457031 0.980469 0.457031 0.984375 0.457031 0.988281 0.460938 0.996094 0.460938 1.000000 0.460938 1.000000 0.460938 1.000000 0.523438 1.000000 0.523438 1.000000 0.527344 0.996094 0.531250 0.996094 0.535156 0.992188 0.539062 0.992188 0.542969 0.988281 0.539062 0.980469 0.539062 0.976562 0.539062 0.972656 0.535156 0.968750 0.535156 0.964844 0.535156 0.964844 0.519531 0.964844 0.515625 0.960938 0.511719 0.960938 0.507812 0.960938 0.503906 0.957031 0.500000 0.957031 0.496094 0.953125 0.492188 0.953125 0.488281 0.953125 0.484375 0.957031 0.480469 0.960938 0.476562 0.960938 0.468750 0.960938 0.464844 0.964844 0.460938 0.964844 0.457031
0 0.109375 0.468750 0.113281 0.472656 0.125000 0.472656 0.128906 0.472656 0.128906 0.476562 0.128906 0.480469 0.132812 0.484375 0.132812 0.488281 0.132812 0.492188 0.136719 0.496094 0.136719 0.500000 0.136719 0.503906 0.132812 0.507812 0.128906 0.507812 0.125000 0.511719 0.121094 0.515625 0.117188 0.515625 0.113281 0.515625 0.109375 0.511719 0.105469 0.511719 0.105469 0.503906 0.105469 0.500000 0.101562 0.496094 0.097656 0.496094 0.097656 0.484375 0.097656 0.480469 0.101562 0.476562 0.101562 0.472656 0.105469 0.472656 0.109375 0.468750
0 0.308594 0.476562 0.320312 0.476562 0.324219 0.480469 0.320312 0.484375 0.320312 0.488281 0.316406 0.492188 0.312500 0.496094 0.308594 0.496094 0.308594 0.492188 0.304688 0.488281 0.308594 0.484375 0.308594 0.476562
0 0.433594 0.562500 0.453125 0.562500 0.457031 0.562500 0.457031 0.566406 0.460938 0.570312 0.449219 0.582031 0.445312 0.585938 0.445312 0.589844 0.445312 0.593750 0.441406 0.597656 0.441406 0.601562 0.437500 0.605469 0.406250 0.605469 0.402344 0.605469 0.398438 0.601562 0.390625 0.601562 0.386719 0.597656 0.386719 0.593750 0.382812 0.589844 0.382812 0.585938 0.382812 0.582031 0.386719 0.582031 0.390625 0.578125 0.394531 0.578125 0.398438 0.578125 0.402344 0.574219 0.406250 0.570312 0.425781 0.570312 0.429688 0.570312 0.433594 0.566406 0.433594 0.562500
0 0.074219 0.570312 0.085938 0.570312 0.089844 0.570312 0.089844 0.574219 0.093750 0.578125 0.101562 0.578125 0.105469 0.582031 0.105469 0.585938 0.089844 0.601562 0.085938 0.605469 0.082031 0.605469 0.078125 0.601562 0.078125 0.597656 0.074219 0.593750 0.070312 0.593750 0.066406 0.589844 0.066406 0.582031 0.066406 0.578125 0.074219 0.570312
0 0.750000 0.609375 0.753906 0.609375 0.757812 0.609375 0.769531 0.621094 0.773438 0.625000 0.769531 0.625000 0.765625 0.628906 0.765625 0.644531 0.769531 0.648438 0.765625 0.648438 0.761719 0.652344 0.753906 0.652344 0.750000 0.652344 0.746094 0.656250 0.738281 0.656250 0.734375 0.660156 0.734375 0.656250 0.730469 0.652344 0.730469 0.648438 0.726562 0.644531 0.722656 0.644531 0.722656 0.640625 0.718750 0.636719 0.722656 0.632812 0.722656 0.628906 0.726562 0.625000 0.726562 0.621094 0.726562 0.617188 0.738281 0.617188 0.742188 0.617188 0.750000 0.609375
0 0.347656 0.644531 0.351562 0.648438 0.359375 0.648438 0.363281 0.652344 0.347656 0.667969 0.343750 0.671875 0.343750 0.667969 0.339844 0.664062 0.339844 0.652344 0.335938 0.648438 0.339844 0.648438 0.343750 0.648438 0.347656 0.644531
0 0.335938 0.648438 0.343750 0.648438 0.347656 0.644531 0.351562 0.648438 0.359375 0.648438 0.363281 0.652344 0.347656 0.667969 0.343750 0.671875 0.343750 0.667969 0.339844 0.664062 0.339844 0.656250 0.339844 0.652344 0.335938 0.648438
0 0.640625 0.660156 0.660156 0.660156 0.664062 0.660156 0.667969 0.664062 0.667969 0.667969 0.671875 0.671875 0.667969 0.671875 0.664062 0.675781 0.664062 0.683594 0.664062 0.687500 0.660156 0.691406 0.656250 0.691406 0.652344 0.695312 0.648438 0.699219 0.640625 0.699219 0.636719 0.699219 0.636719 0.683594 0.636719 0.679688 0.640625 0.675781 0.640625 0.660156
0 0.113281 0.664062 0.117188 0.667969 0.121094 0.667969 0.125000 0.671875 0.128906 0.671875 0.128906 0.675781 0.132812 0.679688 0.132812 0.683594 0.136719 0.687500 0.136719 0.691406 0.140625 0.695312 0.136719 0.695312 0.132812 0.699219 0.132812 0.703125 0.128906 0.707031 0.125000 0.707031 0.121094 0.703125 0.109375 0.703125 0.105469 0.703125 0.105469 0.679688 0.105469 0.675781 0.109375 0.671875 0.113281 0.667969 0.113281 0.664062
0 0.031250 0.699219 0.054688 0.699219 0.058594 0.699219 0.062500 0.703125 0.066406 0.707031 0.070312 0.707031 0.074219 0.710938 0.078125 0.710938 0.082031 0.714844 0.101562 0.714844 0.105469 0.714844 0.105469 0.718750 0.105469 0.722656 0.097656 0.730469 0.093750 0.734375 0.085938 0.734375 0.082031 0.734375 0.078125 0.738281 0.074219 0.738281 0.070312 0.742188 0.066406 0.746094 0.062500 0.746094 0.058594 0.750000 0.058594 0.746094 0.054688 0.742188 0.050781 0.742188 0.050781 0.738281 0.046875 0.734375 0.042969 0.730469 0.039062 0.730469 0.035156 0.730469 0.031250 0.726562 0.027344 0.726562 0.027344 0.714844 0.023438 0.710938 0.027344 0.707031 0.027344 0.703125 0.031250 0.699219
0 0.578125 0.730469 0.582031 0.730469 0.585938 0.730469 0.589844 0.734375 0.589844 0.738281 0.589844 0.742188 0.585938 0.746094 0.582031 0.750000 0.574219 0.750000 0.570312 0.750000 0.570312 0.742188 0.570312 0.738281 0.574219 0.738281 0.578125 0.734375 0.578125 0.730469
0 0.785156 0.746094 0.808594 0.746094 0.812500 0.746094 0.816406 0.750000 0.820312 0.750000 0.824219 0.753906 0.824219 0.761719 0.828125 0.765625 0.824219 0.769531 0.824219 0.773438 0.824219 0.777344 0.820312 0.781250 0.820312 0.785156 0.820312 0.789062 0.808594 0.800781 0.804688 0.804688 0.804688 0.800781 0.804688 0.796875 0.792969 0.785156 0.789062 0.781250 0.785156 0.781250 0.777344 0.773438 0.773438 0.769531 0.773438 0.761719 0.773438 0.757812 0.777344 0.753906 0.781250 0.753906 0.785156 0.750000 0.785156 0.746094
0 0.000000 0.761719 0.000000 0.761719 0.003906 0.765625 0.015625 0.765625 0.019531 0.765625 0.019531 0.773438 0.023438 0.777344 0.019531 0.781250 0.015625 0.785156 0.015625 0.789062 0.011719 0.792969 0.007812 0.796875 0.007812 0.800781 0.003906 0.804688 0.000000 0.804688
0 0.503906 0.800781 0.507812 0.800781 0.511719 0.800781 0.515625 0.804688 0.519531 0.808594 0.535156 0.808594 0.539062 0.804688 0.542969 0.808594 0.546875 0.808594 0.550781 0.812500 0.554688 0.816406 0.558594 0.816406 0.562500 0.816406 0.554688 0.824219 0.550781 0.828125 0.546875 0.828125 0.542969 0.832031 0.539062 0.835938 0.535156 0.835938 0.531250 0.835938 0.527344 0.839844 0.523438 0.839844 0.519531 0.839844 0.515625 0.843750 0.511719 0.847656 0.484375 0.847656 0.480469 0.847656 0.476562 0.843750 0.472656 0.839844 0.472656 0.828125 0.468750 0.824219 0.472656 0.824219 0.476562 0.820312 0.476562 0.816406 0.480469 0.816406 0.484375 0.812500 0.492188 0.812500 0.496094 0.812500 0.500000 0.808594 0.503906 0.804688 0.503906 0.800781
0 0.496094 0.921875 0.519531 0.921875 0.523438 0.921875 0.519531 0.925781 0.519531 0.929688 0.515625 0.933594 0.507812 0.933594 0.503906 0.933594 0.500000 0.929688 0.500000 0.925781 0.496094 0.921875
0 0.444010 0.000000 0.445312 0.007812 0.445312 0.011719 0.425781 0.019531 0.421875 0.019531 0.402344 0.046875 0.402344 0.050781 0.386719 0.062500 0.382812 0.066406 0.343750 0.070312 0.339844 0.070312 0.312500 0.089844 0.308594 0.093750 0.269531 0.089844 0.265625 0.089844 0.253906 0.074219 0.250000 0.070312 0.234375 0.062500 0.230469 0.058594 0.222656 0.035156 0.222656 0.031250 0.207031 0.007812 0.203125 0.003906 0.203125 0.000000
0 0.777344 0.054688 0.824219 0.062500 0.828125 0.066406 0.867188 0.058594 0.871094 0.058594 0.890625 0.070312 0.894531 0.074219 0.898438 0.093750 0.902344 0.097656 0.882812 0.125000 0.878906 0.128906 0.851562 0.140625 0.847656 0.140625 0.828125 0.160156 0.824219 0.164062 0.792969 0.167969 0.789062 0.171875 0.757812 0.167969 0.753906 0.167969 0.742188 0.160156 0.738281 0.160156 0.730469 0.132812 0.730469 0.128906 0.753906 0.070312 0.753906 0.066406 0.777344 0.054688
0 0.457031 0.046875 0.472656 0.050781 0.476562 0.054688 0.476562 0.085938 0.472656 0.089844 0.453125 0.089844 0.449219 0.085938 0.445312 0.062500 0.445312 0.058594 0.457031 0.046875
0 0.449219 0.000000 0.484375 0.003906 0.488281 0.007812 0.492188 0.023438 0.492188 0.027344 0.480469 0.050781 0.476562 0.054688 0.457031 0.046875 0.453125 0.042969 0.449219 0.000000
0 0.312500 0.789062 0.335938 0.789062 0.339844 0.789062 0.390625 0.839844 0.394531 0.843750 0.398438 0.859375 0.398438 0.863281 0.390625 0.875000 0.386719 0.878906 0.359375 0.886719 0.355469 0.890625 0.312500 0.890625 0.308594 0.894531 0.296875 0.894531 0.292969 0.894531 0.285156 0.886719 0.281250 0.882812 0.285156 0.859375 0.285156 0.855469 0.273438 0.820312 0.273438 0.816406 0.277344 0.808594 0.281250 0.804688 0.312500 0.789062
0 0.390625 0.699219 0.429688 0.703125 0.433594 0.703125 0.437500 0.730469 0.437500 0.734375 0.421875 0.738281 0.417969 0.738281 0.406250 0.753906 0.402344 0.757812 0.378906 0.757812 0.375000 0.757812 0.351562 0.746094 0.347656 0.746094 0.347656 0.734375 0.347656 0.730469 0.390625 0.699219
0 0.074219 0.335938 0.109375 0.335938 0.113281 0.335938 0.144531 0.359375 0.148438 0.359375 0.160156 0.371094 0.164062 0.375000 0.164062 0.382812 0.167969 0.386719 0.164062 0.410156 0.164062 0.414062 0.148438 0.421875 0.144531 0.425781 0.074219 0.417969 0.070312 0.417969 0.050781 0.390625 0.046875 0.386719 0.046875 0.355469 0.046875 0.351562 0.050781 0.347656 0.050781 0.343750 0.074219 0.335938
0 0.074550 0.255462 0.053937 0.255462 0.053380 0.253234 0.053380 0.239863 0.048366 0.224264 0.047252 0.222593 0.048923 0.221479 0.067865 0.221479 0.068979 0.223150 0.068979 0.225379 0.070093 0.228164 0.077893 0.244320 0.077893 0.251005
0 0.404782 0.881307 0.394356 0.863434 0.401803 0.860455 0.413718 0.860455 0.424144 0.854497 0.430102 0.848539 0.439039 0.833645 0.453933 0.833645 0.455422 0.835135 0.453933 0.851518 0.450954 0.851518 0.449464 0.855987 0.444996 0.855987 0.443507 0.863434 0.437549 0.869391 0.433081 0.887264 0.410739 0.891733
0 0.442017 0.909606 0.427123 0.899180 0.427123 0.882796 0.436060 0.872370 0.436060 0.869391 0.465848 0.869391 0.465848 0.891733 0.462869 0.894712 0.461380 0.900670 0.452443 0.900670
0 0.933594 0.917969 0.957031 0.921875 0.960938 0.921875 0.964844 0.933594 0.968750 0.937500 0.960938 0.964844 0.957031 0.968750 0.949219 0.968750 0.945312 0.972656 0.929688 0.960938 0.925781 0.957031 0.925781 0.925781 0.925781 0.921875 0.933594 0.917969
0 0.421875 0.933594 0.445312 0.933594 0.449219 0.933594 0.449219 0.937500 0.453125 0.941406 0.457031 0.941406 0.460938 0.941406 0.464844 0.945312 0.468750 0.949219 0.468750 0.953125 0.472656 0.957031 0.472656 0.960938 0.464844 0.968750 0.464844 0.972656 0.460938 0.976562 0.457031 0.976562 0.453125 0.976562 0.449219 0.980469 0.445312 0.984375 0.437500 0.984375 0.433594 0.984375 0.433594 0.980469 0.429688 0.976562 0.429688 0.972656 0.429688 0.968750 0.425781 0.964844 0.421875 0.964844 0.417969 0.964844 0.417969 0.945312 0.417969 0.941406 0.421875 0.937500 0.421875 0.933594
0 0.652344 0.941406 0.656250 0.941406 0.660156 0.941406 0.664062 0.945312 0.667969 0.945312 0.671875 0.945312 0.671875 0.949219 0.671875 0.953125 0.675781 0.957031 0.675781 0.960938 0.667969 0.968750 0.664062 0.972656 0.660156 0.972656 0.656250 0.968750 0.656250 0.964844 0.652344 0.960938 0.644531 0.960938 0.640625 0.957031 0.644531 0.953125 0.648438 0.949219 0.648438 0.945312 0.652344 0.941406
0 0.375000 0.972656 0.386719 0.972656 0.390625 0.972656 0.390625 0.976562 0.394531 0.980469 0.390625 0.984375 0.390625 0.988281 0.386719 0.992188 0.382812 0.996094 0.371094 0.996094 0.367188 0.996094 0.367188 0.992188 0.363281 0.988281 0.367188 0.988281 0.371094 0.984375 0.371094 0.980469 0.375000 0.976562 0.375000 0.972656
