0 0.859375 0.015625 0.871094 0.015625 0.875000 0.015625 0.875000 0.031250 0.875000 0.035156 0.878906 0.039062 0.890625 0.039062 0.894531 0.035156 0.898438 0.039062 0.898438 0.042969 0.898438 0.046875 0.902344 0.050781 0.906250 0.050781 0.906250 0.058594 0.906250 0.062500 0.902344 0.066406 0.894531 0.066406 0.890625 0.062500 0.871094 0.062500 0.867188 0.062500 0.863281 0.066406 0.863281 0.070312 0.863281 0.074219 0.859375 0.078125 0.855469 0.082031 0.851562 0.078125 0.839844 0.078125 0.835938 0.078125 0.835938 0.074219 0.832031 0.070312 0.832031 0.066406 0.828125 0.062500 0.828125 0.058594 0.828125 0.054688 0.832031 0.050781 0.832031 0.046875 0.835938 0.042969 0.835938 0.027344 0.835938 0.023438 0.847656 0.023438 0.851562 0.023438 0.859375 0.015625
0 0.511719 0.042969 0.519531 0.042969 0.523438 0.042969 0.523438 0.050781 0.527344 0.054688 0.523438 0.058594 0.523438 0.062500 0.519531 0.066406 0.515625 0.066406 0.511719 0.066406 0.503906 0.074219 0.500000 0.078125 0.496094 0.074219 0.492188 0.074219 0.492188 0.062500 0.492188 0.058594 0.500000 0.050781 0.500000 0.046875 0.503906 0.046875 0.507812 0.046875 0.511719 0.042969
0 0.742188 0.101562 0.765625 0.101562 0.769531 0.105469 0.765625 0.109375 0.765625 0.125000 0.765625 0.128906 0.761719 0.132812 0.757812 0.136719 0.753906 0.136719 0.750000 0.136719 0.746094 0.132812 0.746094 0.128906 0.742188 0.125000 0.738281 0.125000 0.734375 0.121094 0.730469 0.117188 0.730469 0.113281 0.730469 0.109375 0.734375 0.109375 0.742188 0.101562
0 0.136719 0.117188 0.144531 0.117188 0.148438 0.117188 0.148438 0.121094 0.152344 0.125000 0.156250 0.128906 0.156250 0.152344 0.160156 0.156250 0.156250 0.156250 0.152344 0.160156 0.148438 0.160156 0.144531 0.160156 0.140625 0.164062 0.140625 0.167969 0.140625 0.164062 0.136719 0.160156 0.132812 0.160156 0.128906 0.156250 0.117188 0.156250 0.113281 0.156250 0.113281 0.148438 0.109375 0.144531 0.109375 0.140625 0.109375 0.136719 0.117188 0.128906 0.117188 0.125000 0.121094 0.121094 0.128906 0.121094 0.132812 0.121094 0.136719 0.117188
0 0.527344 0.117188 0.531250 0.117188 0.535156 0.117188 0.539062 0.121094 0.542969 0.125000 0.542969 0.128906 0.539062 0.132812 0.539062 0.144531 0.539062 0.148438 0.535156 0.152344 0.531250 0.156250 0.527344 0.156250 0.527344 0.152344 0.527344 0.148438 0.523438 0.144531 0.519531 0.140625 0.519531 0.132812 0.515625 0.128906 0.519531 0.125000 0.519531 0.121094 0.523438 0.121094 0.527344 0.117188
0 0.605469 0.238281 0.632812 0.238281 0.636719 0.238281 0.640625 0.242188 0.648438 0.242188 0.652344 0.246094 0.667969 0.246094 0.671875 0.246094 0.675781 0.250000 0.679688 0.253906 0.683594 0.253906 0.687500 0.253906 0.691406 0.257812 0.695312 0.261719 0.695312 0.273438 0.695312 0.277344 0.699219 0.281250 0.699219 0.289062 0.699219 0.292969 0.691406 0.300781 0.687500 0.304688 0.683594 0.304688 0.679688 0.308594 0.675781 0.312500 0.664062 0.312500 0.660156 0.312500 0.656250 0.308594 0.648438 0.308594 0.644531 0.304688 0.632812 0.304688 0.628906 0.304688 0.621094 0.296875 0.617188 0.292969 0.597656 0.292969 0.593750 0.292969 0.589844 0.289062 0.585938 0.289062 0.582031 0.289062 0.578125 0.285156 0.578125 0.281250 0.574219 0.277344 0.570312 0.277344 0.566406 0.273438 0.566406 0.269531 0.562500 0.265625 0.566406 0.261719 0.566406 0.257812 0.570312 0.257812 0.574219 0.253906 0.582031 0.253906 0.585938 0.253906 0.593750 0.246094 0.597656 0.242188 0.601562 0.242188 0.605469 0.238281
0 0.152344 0.277344 0.171875 0.277344 0.175781 0.277344 0.179688 0.281250 0.183594 0.285156 0.183594 0.289062 0.183594 0.292969 0.187500 0.296875 0.187500 0.300781 0.191406 0.304688 0.191406 0.316406 0.191406 0.320312 0.187500 0.324219 0.187500 0.328125 0.183594 0.332031 0.179688 0.335938 0.179688 0.339844 0.175781 0.343750 0.171875 0.343750 0.167969 0.347656 0.156250 0.347656 0.152344 0.347656 0.148438 0.351562 0.144531 0.351562 0.140625 0.347656 0.132812 0.347656 0.128906 0.343750 0.128906 0.332031 0.128906 0.328125 0.121094 0.320312 0.117188 0.320312 0.117188 0.316406 0.117188 0.312500 0.132812 0.296875 0.132812 0.292969 0.136719 0.292969 0.152344 0.277344
0 0.406250 0.281250 0.410156 0.281250 0.414062 0.281250 0.417969 0.285156 0.421875 0.285156 0.417969 0.289062 0.417969 0.292969 0.414062 0.296875 0.410156 0.300781 0.406250 0.300781 0.402344 0.300781 0.402344 0.289062 0.398438 0.285156 0.402344 0.285156 0.406250 0.281250
0 0.941406 0.339844 0.964844 0.339844 0.968750 0.339844 0.976562 0.347656 0.980469 0.351562 0.984375 0.351562 0.988281 0.351562 0.992188 0.355469 0.996094 0.355469 0.996094 0.359375 1.000000 0.363281 1.000000 0.367188 1.000000 0.371094 0.992188 0.378906 0.988281 0.382812 0.984375 0.382812 0.980469 0.386719 0.980469 0.390625 0.976562 0.394531 0.976562 0.398438 0.972656 0.402344 0.968750 0.402344 0.964844 0.402344 0.960938 0.406250 0.957031 0.406250 0.953125 0.402344 0.949219 0.402344 0.945312 0.402344 0.941406 0.398438 0.937500 0.398438 0.937500 0.394531 0.933594 0.390625 0.933594 0.351562 0.933594 0.347656 0.941406 0.339844
0 0.343750 0.406250 0.351562 0.406250 0.355469 0.406250 0.355469 0.410156 0.355469 0.414062 0.351562 0.417969 0.351562 0.421875 0.351562 0.425781 0.347656 0.429688 0.347656 0.433594 0.343750 0.437500 0.332031 0.437500 0.328125 0.437500 0.328125 0.433594 0.324219 0.429688 0.320312 0.429688 0.316406 0.429688 0.316406 0.425781 0.316406 0.421875 0.312500 0.417969 0.316406 0.414062 0.320312 0.414062 0.324219 0.414062 0.328125 0.410156 0.335938 0.410156 0.339844 0.410156 0.343750 0.406250
0 0.179688 0.445312 0.195312 0.445312 0.199219 0.445312 0.203125 0.449219 0.207031 0.449219 0.199219 0.449219 0.195312 0.453125 0.183594 0.453125 0.179688 0.453125 0.179688 0.445312
0 0.210938 0.460938 0.226562 0.460938 0.230469 0.460938 0.234375 0.464844 0.234375 0.476562 0.234375 0.480469 0.230469 0.484375 0.226562 0.484375 0.222656 0.484375 0.218750 0.488281 0.214844 0.488281 0.214844 0.480469 0.210938 0.476562 0.210938 0.460938
0 0.835938 0.472656 0.839844 0.476562 0.843750 0.476562 0.832031 0.488281 0.828125 0.492188 0.828125 0.507812 0.828125 0.511719 0.824219 0.515625 0.820312 0.515625 0.820312 0.511719 0.816406 0.507812 0.816406 0.503906 0.812500 0.500000 0.808594 0.500000 0.808594 0.496094 0.808594 0.492188 0.812500 0.492188 0.816406 0.488281 0.816406 0.484375 0.820312 0.480469 0.824219 0.480469 0.828125 0.480469 0.835938 0.472656
0 0.710938 0.519531 0.730469 0.519531 0.734375 0.519531 0.738281 0.523438 0.746094 0.523438 0.750000 0.523438 0.753906 0.527344 0.761719 0.527344 0.765625 0.527344 0.769531 0.531250 0.773438 0.531250 0.773438 0.535156 0.773438 0.539062 0.769531 0.542969 0.765625 0.546875 0.761719 0.546875 0.757812 0.546875 0.750000 0.554688 0.746094 0.558594 0.742188 0.558594 0.738281 0.558594 0.734375 0.562500 0.730469 0.566406 0.722656 0.566406 0.718750 0.566406 0.714844 0.562500 0.710938 0.562500 0.710938 0.558594 0.707031 0.554688 0.703125 0.550781 0.703125 0.535156 0.699219 0.531250 0.703125 0.531250 0.707031 0.527344 0.707031 0.523438 0.710938 0.519531
0 0.394531 0.527344 0.398438 0.531250 0.402344 0.531250 0.406250 0.531250 0.394531 0.542969 0.390625 0.542969 0.390625 0.539062 0.386719 0.535156 0.394531 0.527344
0 0.707031 0.613281 0.730469 0.613281 0.734375 0.613281 0.734375 0.617188 0.734375 0.621094 0.738281 0.625000 0.738281 0.628906 0.742188 0.632812 0.746094 0.632812 0.750000 0.636719 0.750000 0.640625 0.753906 0.644531 0.757812 0.648438 0.757812 0.652344 0.761719 0.656250 0.765625 0.660156 0.761719 0.664062 0.761719 0.691406 0.765625 0.695312 0.765625 0.718750 0.765625 0.722656 0.761719 0.726562 0.761719 0.738281 0.761719 0.742188 0.757812 0.746094 0.753906 0.750000 0.750000 0.750000 0.746094 0.753906 0.742188 0.753906 0.738281 0.757812 0.730469 0.757812 0.726562 0.757812 0.718750 0.765625 0.714844 0.765625 0.699219 0.781250 0.695312 0.785156 0.691406 0.785156 0.687500 0.789062 0.683594 0.792969 0.679688 0.792969 0.675781 0.792969 0.671875 0.796875 0.667969 0.800781 0.648438 0.800781 0.644531 0.800781 0.644531 0.796875 0.640625 0.792969 0.636719 0.792969 0.632812 0.789062 0.632812 0.769531 0.632812 0.765625 0.628906 0.761719 0.628906 0.757812 0.625000 0.753906 0.625000 0.750000 0.621094 0.746094 0.621094 0.742188 0.617188 0.738281 0.613281 0.734375 0.613281 0.726562 0.613281 0.722656 0.609375 0.718750 0.609375 0.707031 0.609375 0.703125 0.613281 0.699219 0.613281 0.695312 0.613281 0.691406 0.617188 0.687500 0.617188 0.683594 0.625000 0.675781 0.625000 0.671875 0.628906 0.671875 0.632812 0.667969 0.632812 0.664062 0.636719 0.664062 0.640625 0.660156 0.644531 0.656250 0.648438 0.656250 0.652344 0.652344 0.656250 0.648438 0.660156 0.648438 0.664062 0.644531 0.667969 0.644531 0.675781 0.636719 0.679688 0.632812 0.683594 0.632812 0.687500 0.628906 0.691406 0.628906 0.695312 0.625000 0.695312 0.621094 0.699219 0.617188 0.703125 0.617188 0.707031 0.613281
0 0.156250 0.648438 0.160156 0.652344 0.164062 0.656250 0.167969 0.656250 0.171875 0.656250 0.171875 0.660156 0.171875 0.664062 0.175781 0.667969 0.175781 0.671875 0.171875 0.675781 0.171875 0.683594 0.167969 0.687500 0.167969 0.722656 0.167969 0.726562 0.164062 0.730469 0.164062 0.734375 0.160156 0.738281 0.152344 0.738281 0.148438 0.742188 0.144531 0.738281 0.144531 0.734375 0.140625 0.730469 0.132812 0.730469 0.128906 0.730469 0.125000 0.726562 0.121094 0.722656 0.109375 0.722656 0.105469 0.722656 0.105469 0.710938 0.105469 0.707031 0.109375 0.707031 0.113281 0.707031 0.117188 0.703125 0.117188 0.699219 0.121094 0.699219 0.125000 0.695312 0.125000 0.691406 0.128906 0.687500 0.128906 0.679688 0.128906 0.675781 0.132812 0.671875 0.132812 0.667969 0.136719 0.667969 0.140625 0.664062 0.144531 0.664062 0.148438 0.660156 0.148438 0.656250 0.148438 0.652344 0.152344 0.652344 0.156250 0.648438
0 0.984375 0.664062 0.988281 0.664062 0.992188 0.664062 0.996094 0.667969 1.000000 0.671875 0.996094 0.671875 0.988281 0.679688 0.984375 0.679688 0.984375 0.664062
0 0.546875 0.832031 0.550781 0.835938 0.554688 0.835938 0.554688 0.859375 0.554688 0.863281 0.558594 0.867188 0.558594 0.871094 0.562500 0.875000 0.562500 0.878906 0.562500 0.882812 0.558594 0.886719 0.554688 0.890625 0.550781 0.890625 0.546875 0.886719 0.542969 0.882812 0.535156 0.882812 0.531250 0.878906 0.531250 0.851562 0.527344 0.847656 0.531250 0.843750 0.535156 0.839844 0.539062 0.839844 0.542969 0.839844 0.546875 0.835938 0.546875 0.832031
0 0.734375 0.964844 0.738281 0.968750 0.742188 0.968750 0.746094 0.972656 0.742188 0.976562 0.738281 0.980469 0.730469 0.980469 0.726562 0.980469 0.726562 0.972656 0.726562 0.968750 0.730469 0.968750 0.734375 0.964844
0 0.351562 0.968750 0.359375 0.968750 0.363281 0.972656 0.386719 0.972656 0.390625 0.972656 0.394531 0.976562 0.398438 0.976562 0.406250 0.984375 0.410156 0.988281 0.410156 0.996094 0.410156 1.000000 0.410156 1.000000 0.351562 1.000000 0.351562 1.000000 0.351562 0.996094 0.347656 0.992188 0.343750 0.988281 0.347656 0.984375 0.347656 0.976562 0.347656 0.972656 0.351562 0.968750
0 0.539062 0.980469 0.542969 0.984375 0.546875 0.984375 0.550781 0.984375 0.554688 0.988281 0.558594 0.988281 0.558594 0.992188 0.562500 0.996094 0.574219 0.996094 0.578125 0.996094 0.582031 0.992188 0.593750 0.992188 0.597656 0.992188 0.597656 1.000000 0.597656 1.000000 0.527344 1.000000 0.527344 0.992188 0.527344 0.988281 0.531250 0.984375 0.535156 0.984375 0.539062 0.980469
0 0.930691 0.958376 0.930691 0.955993 0.927478 0.943845 0.926882 0.942058 0.925329 0.940505 0.924734 0.932761 0.921521 0.920017 0.920547 0.919044 0.916755 0.911082 0.910798 0.902742 0.903650 0.895593 0.900831 0.894562 0.898288 0.892019 0.887331 0.888806 0.878992 0.888806 0.869226 0.891423 0.862078 0.896189 0.854929 0.903338 0.850759 0.909295 0.849568 0.912869 0.846951 0.922634 0.846951 0.928591 0.850759 0.944314 0.854099 0.949206 0.854099 0.954802 0.856716 0.964568 0.867439 0.975290 0.880779 0.979099 0.897458 0.979099 0.906531 0.976667 0.911159 0.977907 0.920925 0.975290 0.928073 0.968142
0 0.915180 0.986374 0.914164 0.982359 0.911430 0.979625 0.907719 0.978609 0.904008 0.979625 0.901273 0.981144 0.893370 0.988742 0.889116 0.991478 0.880605 0.999684 0.880197 1.000000 0.906300 1.000000 0.908390 0.998290 0.913252 0.993124 0.914875 0.987486
0 0.649580 0.023378 0.644910 0.022211 0.643158 0.021043 0.639655 0.017540 0.636737 0.013454 0.636153 0.011118 0.637904 0.005864 0.643158 0.001194 0.646077 0.000000 0.648412 0.000000 0.661840 0.000000 0.664175 0.000610 0.667094 0.000610 0.674100 0.002361 0.675267 0.004696 0.672348 0.009951 0.665927 0.014037 0.663007 0.014621 0.658921 0.018124 0.654250 0.020459
0 0.264828 0.475953 0.261260 0.476399 0.254569 0.475507 0.249217 0.470155 0.248771 0.467479 0.249217 0.462572 0.250555 0.460788 0.254123 0.458112 0.256353 0.454543 0.263490 0.454097 0.265274 0.454989 0.269734 0.460342 0.271072 0.469709 0.270626 0.472831 0.268396 0.476845
0 0.950169 0.984562 0.932547 0.985541 0.929610 0.977709 0.929610 0.969877 0.932547 0.963024 0.936463 0.958129 0.942337 0.955192 0.952127 0.956171 0.955064 0.959108 0.956043 0.964003 0.955064 0.976730
0 0.898438 0.160156 0.914062 0.160156 0.917969 0.160156 0.957031 0.187500 0.960938 0.191406 0.984375 0.222656 0.988281 0.226562 0.988281 0.269531 0.984375 0.273438 0.968750 0.273438 0.964844 0.273438 0.910156 0.246094 0.906250 0.242188 0.882812 0.199219 0.878906 0.195312 0.878906 0.183594 0.878906 0.179688 0.898438 0.160156
0 1.000000 0.058594 0.996094 0.058594 0.992188 0.058594 0.988281 0.054688 0.984375 0.050781 0.984375 0.042969 0.984375 0.039062 0.988281 0.035156 0.988281 0.031250 0.992188 0.027344 0.996094 0.023438 0.996094 0.019531 0.996094 0.015625 1.000000 0.011719 1.000000 0.011719
0 0.996094 0.281250 1.000000 0.280864 1.000000 0.308957 0.992188 0.304688 0.988281 0.300781 0.996094 0.281250
