0 0.949451 0.537161 0.945523 0.545340 0.936645 0.547750 0.930403 0.543327 0.936857 0.533436 0.943614 0.533087 0.947074 0.534445
0 0.554153 0.130918 0.563163 0.131834 0.566404 0.130138 0.573633 0.129840 0.577197 0.130127 0.578530 0.135098 0.577487 0.136141 0.576391 0.143748 0.576288 0.150021 0.575879 0.155209 0.563454 0.148761 0.560097 0.147897 0.552303 0.141598 0.550629 0.133875 0.551607 0.132292
0 0.916633 0.362050 0.920171 0.362185 0.929937 0.362185 0.933120 0.362410 0.934164 0.372946 0.928929 0.377401 0.927261 0.379068 0.921929 0.380127 0.918550 0.379850 0.913271 0.375352 0.912206 0.375339 0.908131 0.372946 0.908131 0.371275 0.909622 0.370274 0.909907 0.368628 0.911318 0.363710
0 0.900312 0.443944 0.906801 0.437082 0.912249 0.435799 0.917417 0.435799 0.922025 0.437232 0.927445 0.440800 0.935643 0.442970 0.935513 0.447105 0.933059 0.462048 0.925077 0.470350 0.917998 0.470951 0.915461 0.467650 0.910137 0.463620 0.906408 0.455170 0.902636 0.451282
0 0.921959 0.501916 0.924161 0.494853 0.927114 0.496021 0.932778 0.496073 0.936130 0.495621 0.936363 0.494998 0.940649 0.493564 0.943789 0.498266 0.945990 0.507225 0.940507 0.509193 0.936743 0.511784 0.932180 0.512249 0.928682 0.511776 0.924481 0.510967 0.919176 0.509568
0 0.918498 0.490075 0.919748 0.499158 0.918802 0.501009 0.914305 0.508220 0.909496 0.512576 0.898656 0.509559 0.897777 0.505458 0.898204 0.500379 0.901527 0.496151 0.900012 0.493732 0.898214 0.488012 0.905908 0.480013 0.910106 0.477928 0.916583 0.484552 0.917200 0.486979
0 0.857349 0.580552 0.867589 0.575357 0.873373 0.572040 0.879252 0.570452 0.880693 0.567468 0.886978 0.565747 0.889505 0.566906 0.901338 0.573668 0.904397 0.573331 0.914148 0.573207 0.918361 0.577420 0.917065 0.580258 0.914523 0.583954 0.909242 0.584287 0.900571 0.583667 0.894876 0.584755 0.893171 0.585325 0.892348 0.586069 0.891326 0.586725 0.890883 0.588873 0.890883 0.595123 0.890658 0.598697 0.887375 0.600418 0.881157 0.601476 0.878813 0.601686 0.875884 0.600747 0.865421 0.598321 0.860591 0.596616 0.857203 0.592447 0.856875 0.591094 0.856249 0.590492 0.855758 0.584391
0 0.989019 0.694229 0.991285 0.699326 0.991597 0.703047 0.992127 0.707489 0.992075 0.709047 0.997028 0.716561 0.996251 0.717248 0.991059 0.722441 0.985504 0.720164 0.980782 0.718949 0.974698 0.713567 0.978270 0.699964 0.978221 0.696976 0.980782 0.690437 0.985955 0.692168
0 0.194278 0.066411 0.197110 0.063078 0.202111 0.062067 0.205488 0.060735 0.213445 0.061291 0.216489 0.061087 0.227017 0.063361 0.231096 0.067423 0.237703 0.068243 0.244993 0.064810 0.251267 0.066886 0.256163 0.067737 0.262962 0.076910 0.258246 0.083197 0.254492 0.085429 0.249057 0.087854 0.246347 0.089468 0.243323 0.090626 0.229779 0.090572 0.220846 0.088005 0.214496 0.089262 0.214361 0.089216 0.210391 0.085266 0.204743 0.082873 0.200568 0.082161 0.197668 0.080042 0.195217 0.078717 0.193094 0.078950 0.190241 0.080240 0.183221 0.078025 0.182448 0.075427 0.183859 0.072191 0.190768 0.068097 0.190937 0.068093
0 0.796354 0.300732 0.800186 0.298436 0.804210 0.295807 0.805964 0.294053 0.809341 0.292996 0.813698 0.288639 0.816661 0.287845 0.822150 0.291166 0.825810 0.292506 0.831389 0.297753 0.833261 0.300033 0.838494 0.304944 0.838438 0.306322 0.838438 0.309173 0.838827 0.313105 0.837912 0.316015 0.840342 0.318997 0.839595 0.322144 0.840353 0.324574 0.836297 0.326489 0.829146 0.332536 0.825436 0.331598 0.820943 0.331259 0.812807 0.330963 0.811923 0.329583 0.808284 0.329836 0.801966 0.321971 0.801916 0.321898 0.799525 0.320807 0.794816 0.315437 0.793352 0.314243 0.792665 0.308450 0.793352 0.304220 0.795557 0.302288
0 0.905205 0.328014 0.903195 0.327778 0.901422 0.328723 0.899412 0.332152 0.897167 0.346454 0.897048 0.350709 0.897285 0.352955 0.900831 0.362648 0.901895 0.364303 0.905914 0.365367 0.911470 0.363121 0.915961 0.359102 0.921635 0.356974 0.923054 0.355556 0.923526 0.353546 0.922699 0.341135 0.921044 0.333097 0.920098 0.331324 0.917380 0.328369 0.915488 0.327660 0.911233 0.327069 0.907214 0.327541
0 1.000000 0.930141 0.992767 0.927197 0.986048 0.925974 0.983625 0.920987 0.986100 0.917451 0.988888 0.914694 0.989798 0.913471 0.996037 0.913343 0.996484 0.914773 0.997584 0.915281 1.000000 0.916149
