0 0.777344 0.011719 0.785156 0.011719 0.789062 0.011719 0.792969 0.015625 0.796875 0.019531 0.792969 0.019531 0.789062 0.023438 0.781250 0.023438 0.777344 0.023438 0.773438 0.019531 0.777344 0.015625 0.777344 0.011719
0 0.941406 0.011719 0.945312 0.015625 0.953125 0.015625 0.957031 0.015625 0.960938 0.019531 0.964844 0.023438 0.964844 0.031250 0.964844 0.035156 0.957031 0.042969 0.953125 0.046875 0.949219 0.046875 0.945312 0.046875 0.945312 0.042969 0.941406 0.039062 0.937500 0.035156 0.937500 0.019531 0.933594 0.015625 0.937500 0.015625 0.941406 0.011719
0 0.789062 0.042969 0.796875 0.042969 0.800781 0.046875 0.800781 0.050781 0.800781 0.054688 0.796875 0.058594 0.789062 0.058594 0.785156 0.062500 0.781250 0.058594 0.777344 0.058594 0.777344 0.050781 0.777344 0.046875 0.781250 0.046875 0.785156 0.046875 0.789062 0.042969
0 0.875000 0.074219 0.882812 0.074219 0.886719 0.074219 0.890625 0.078125 0.894531 0.082031 0.894531 0.089844 0.894531 0.093750 0.886719 0.101562 0.882812 0.105469 0.878906 0.105469 0.875000 0.105469 0.871094 0.101562 0.867188 0.101562 0.863281 0.101562 0.863281 0.093750 0.863281 0.089844 0.867188 0.085938 0.867188 0.082031 0.875000 0.074219
0 0.648438 0.082031 0.656250 0.082031 0.660156 0.085938 0.671875 0.085938 0.675781 0.085938 0.679688 0.089844 0.679688 0.093750 0.679688 0.097656 0.675781 0.101562 0.675781 0.105469 0.671875 0.109375 0.656250 0.109375 0.652344 0.113281 0.644531 0.113281 0.640625 0.113281 0.636719 0.109375 0.632812 0.109375 0.632812 0.097656 0.632812 0.093750 0.636719 0.089844 0.640625 0.089844 0.648438 0.082031
0 0.171875 0.097656 0.179688 0.097656 0.183594 0.097656 0.183594 0.125000 0.183594 0.128906 0.187500 0.132812 0.191406 0.136719 0.191406 0.140625 0.187500 0.144531 0.179688 0.144531 0.175781 0.148438 0.171875 0.144531 0.167969 0.144531 0.167969 0.140625 0.167969 0.136719 0.156250 0.125000 0.152344 0.121094 0.148438 0.121094 0.144531 0.121094 0.144531 0.109375 0.148438 0.105469 0.164062 0.105469 0.167969 0.105469 0.171875 0.101562 0.171875 0.097656
0 0.570312 0.148438 0.574219 0.152344 0.578125 0.152344 0.582031 0.156250 0.597656 0.156250 0.601562 0.156250 0.605469 0.160156 0.609375 0.164062 0.609375 0.167969 0.613281 0.171875 0.605469 0.179688 0.601562 0.183594 0.585938 0.183594 0.582031 0.183594 0.578125 0.187500 0.574219 0.187500 0.570312 0.183594 0.566406 0.179688 0.566406 0.171875 0.562500 0.167969 0.562500 0.156250 0.562500 0.152344 0.566406 0.152344 0.570312 0.148438
0 0.933594 0.175781 0.945312 0.175781 0.949219 0.175781 0.953125 0.179688 0.953125 0.183594 0.957031 0.187500 0.957031 0.207031 0.957031 0.210938 0.945312 0.222656 0.941406 0.226562 0.929688 0.226562 0.925781 0.226562 0.925781 0.222656 0.925781 0.218750 0.921875 0.214844 0.921875 0.210938 0.921875 0.207031 0.917969 0.203125 0.917969 0.195312 0.914062 0.191406 0.917969 0.187500 0.921875 0.187500 0.933594 0.175781
0 0.058594 0.195312 0.062500 0.199219 0.066406 0.199219 0.066406 0.203125 0.070312 0.207031 0.066406 0.207031 0.058594 0.214844 0.054688 0.214844 0.054688 0.210938 0.050781 0.207031 0.050781 0.203125 0.050781 0.199219 0.054688 0.199219 0.058594 0.195312
0 0.406250 0.242188 0.414062 0.242188 0.417969 0.242188 0.421875 0.246094 0.429688 0.246094 0.433594 0.246094 0.441406 0.253906 0.445312 0.253906 0.449219 0.257812 0.453125 0.261719 0.453125 0.265625 0.457031 0.269531 0.460938 0.273438 0.460938 0.277344 0.464844 0.281250 0.464844 0.285156 0.464844 0.289062 0.468750 0.292969 0.472656 0.296875 0.472656 0.328125 0.472656 0.332031 0.468750 0.335938 0.468750 0.343750 0.468750 0.347656 0.464844 0.351562 0.460938 0.355469 0.457031 0.355469 0.453125 0.355469 0.449219 0.359375 0.445312 0.359375 0.441406 0.359375 0.437500 0.363281 0.433594 0.367188 0.429688 0.367188 0.425781 0.371094 0.421875 0.367188 0.417969 0.367188 0.414062 0.367188 0.414062 0.363281 0.410156 0.359375 0.406250 0.355469 0.390625 0.355469 0.386719 0.355469 0.382812 0.351562 0.367188 0.351562 0.363281 0.351562 0.359375 0.347656 0.355469 0.343750 0.355469 0.339844 0.351562 0.335938 0.351562 0.324219 0.351562 0.320312 0.355469 0.316406 0.359375 0.312500 0.359375 0.300781 0.359375 0.296875 0.363281 0.292969 0.363281 0.289062 0.363281 0.285156 0.367188 0.285156 0.371094 0.281250 0.375000 0.277344 0.378906 0.277344 0.386719 0.269531 0.390625 0.269531 0.394531 0.265625 0.394531 0.261719 0.398438 0.257812 0.398438 0.253906 0.402344 0.250000 0.402344 0.246094 0.406250 0.242188
0 0.625000 0.250000 0.644531 0.250000 0.648438 0.250000 0.652344 0.253906 0.656250 0.253906 0.656250 0.257812 0.656250 0.261719 0.660156 0.265625 0.664062 0.265625 0.664062 0.269531 0.667969 0.273438 0.671875 0.277344 0.675781 0.277344 0.679688 0.281250 0.683594 0.281250 0.687500 0.281250 0.699219 0.292969 0.703125 0.292969 0.703125 0.296875 0.707031 0.300781 0.707031 0.308594 0.710938 0.312500 0.707031 0.312500 0.699219 0.320312 0.695312 0.324219 0.691406 0.324219 0.687500 0.324219 0.683594 0.328125 0.679688 0.332031 0.675781 0.332031 0.667969 0.339844 0.664062 0.343750 0.660156 0.339844 0.652344 0.339844 0.648438 0.339844 0.648438 0.335938 0.644531 0.332031 0.644531 0.312500 0.644531 0.308594 0.648438 0.304688 0.648438 0.292969 0.648438 0.289062 0.640625 0.281250 0.636719 0.277344 0.632812 0.277344 0.628906 0.273438 0.625000 0.273438 0.625000 0.269531 0.621094 0.265625 0.621094 0.261719 0.617188 0.257812 0.621094 0.257812 0.625000 0.253906 0.625000 0.250000
0 0.023438 0.257812 0.031250 0.257812 0.035156 0.261719 0.035156 0.265625 0.039062 0.269531 0.042969 0.273438 0.042969 0.281250 0.039062 0.285156 0.031250 0.285156 0.027344 0.285156 0.023438 0.281250 0.019531 0.281250 0.019531 0.269531 0.019531 0.265625 0.023438 0.261719 0.023438 0.257812
0 0.898438 0.257812 0.902344 0.261719 0.906250 0.261719 0.910156 0.265625 0.910156 0.269531 0.914062 0.273438 0.917969 0.273438 0.921875 0.277344 0.910156 0.289062 0.906250 0.292969 0.902344 0.292969 0.898438 0.292969 0.898438 0.289062 0.894531 0.285156 0.890625 0.281250 0.890625 0.277344 0.890625 0.273438 0.894531 0.269531 0.894531 0.265625 0.894531 0.261719 0.898438 0.257812
0 0.546875 0.351562 0.550781 0.351562 0.554688 0.351562 0.562500 0.359375 0.566406 0.363281 0.566406 0.367188 0.566406 0.371094 0.562500 0.375000 0.562500 0.378906 0.558594 0.382812 0.546875 0.382812 0.542969 0.382812 0.539062 0.378906 0.535156 0.375000 0.535156 0.367188 0.535156 0.363281 0.539062 0.359375 0.539062 0.355469 0.542969 0.355469 0.546875 0.351562
0 0.152344 0.394531 0.160156 0.394531 0.164062 0.398438 0.175781 0.398438 0.179688 0.402344 0.207031 0.402344 0.210938 0.402344 0.210938 0.414062 0.210938 0.417969 0.207031 0.421875 0.199219 0.421875 0.195312 0.417969 0.167969 0.417969 0.164062 0.417969 0.156250 0.410156 0.152344 0.410156 0.152344 0.406250 0.148438 0.402344 0.152344 0.398438 0.152344 0.394531
0 0.640625 0.441406 0.644531 0.441406 0.648438 0.441406 0.652344 0.445312 0.656250 0.449219 0.656250 0.460938 0.652344 0.464844 0.640625 0.464844 0.636719 0.460938 0.636719 0.457031 0.632812 0.453125 0.636719 0.449219 0.636719 0.445312 0.640625 0.441406
0 0.824219 0.570312 0.839844 0.570312 0.843750 0.570312 0.847656 0.574219 0.847656 0.578125 0.851562 0.582031 0.851562 0.585938 0.855469 0.589844 0.859375 0.589844 0.859375 0.593750 0.859375 0.597656 0.851562 0.605469 0.847656 0.605469 0.839844 0.597656 0.835938 0.593750 0.835938 0.589844 0.832031 0.585938 0.832031 0.582031 0.828125 0.578125 0.828125 0.574219 0.824219 0.570312
0 0.066406 0.625000 0.070312 0.628906 0.074219 0.628906 0.078125 0.632812 0.085938 0.632812 0.089844 0.632812 0.089844 0.636719 0.089844 0.640625 0.085938 0.644531 0.082031 0.648438 0.078125 0.648438 0.074219 0.644531 0.066406 0.644531 0.062500 0.640625 0.062500 0.636719 0.058594 0.632812 0.066406 0.625000
0 0.328125 0.648438 0.335938 0.648438 0.339844 0.648438 0.343750 0.652344 0.347656 0.656250 0.347656 0.667969 0.347656 0.671875 0.339844 0.679688 0.335938 0.683594 0.328125 0.683594 0.324219 0.683594 0.320312 0.679688 0.320312 0.675781 0.316406 0.671875 0.320312 0.667969 0.320312 0.664062 0.320312 0.660156 0.324219 0.656250 0.328125 0.652344 0.328125 0.648438
0 0.164062 0.679688 0.171875 0.679688 0.175781 0.679688 0.179688 0.683594 0.183594 0.683594 0.183594 0.687500 0.183594 0.691406 0.179688 0.695312 0.175781 0.695312 0.171875 0.699219 0.167969 0.695312 0.164062 0.695312 0.164062 0.679688
0 0.253906 0.687500 0.261719 0.687500 0.265625 0.687500 0.269531 0.691406 0.273438 0.691406 0.277344 0.695312 0.261719 0.710938 0.261719 0.714844 0.257812 0.710938 0.253906 0.707031 0.253906 0.687500
0 0.414062 0.746094 0.421875 0.746094 0.421875 0.750000 0.417969 0.753906 0.414062 0.753906 0.410156 0.757812 0.410156 0.773438 0.410156 0.777344 0.406250 0.781250 0.402344 0.781250 0.398438 0.785156 0.398438 0.804688 0.398438 0.808594 0.402344 0.812500 0.410156 0.812500 0.414062 0.812500 0.417969 0.816406 0.417969 0.820312 0.421875 0.824219 0.421875 0.828125 0.421875 0.832031 0.417969 0.835938 0.414062 0.839844 0.375000 0.839844 0.371094 0.839844 0.371094 0.835938 0.367188 0.832031 0.367188 0.820312 0.367188 0.816406 0.371094 0.812500 0.371094 0.804688 0.371094 0.800781 0.367188 0.796875 0.363281 0.796875 0.359375 0.792969 0.359375 0.785156 0.359375 0.781250 0.355469 0.777344 0.355469 0.773438 0.355469 0.769531 0.367188 0.769531 0.371094 0.769531 0.375000 0.765625 0.378906 0.761719 0.398438 0.761719 0.402344 0.761719 0.406250 0.757812 0.406250 0.753906 0.406250 0.750000 0.410156 0.750000 0.414062 0.746094
0 0.093750 0.812500 0.105469 0.812500 0.109375 0.816406 0.109375 0.835938 0.113281 0.839844 0.113281 0.843750 0.109375 0.847656 0.105469 0.851562 0.085938 0.851562 0.082031 0.851562 0.082031 0.824219 0.082031 0.820312 0.085938 0.816406 0.089844 0.816406 0.093750 0.812500
0 0.695312 0.820312 0.703125 0.820312 0.703125 0.824219 0.695312 0.832031 0.691406 0.835938 0.691406 0.839844 0.687500 0.843750 0.683594 0.843750 0.683594 0.835938 0.683594 0.832031 0.687500 0.828125 0.687500 0.824219 0.691406 0.824219 0.695312 0.820312
0 0.898438 0.824219 0.902344 0.824219 0.906250 0.824219 0.910156 0.828125 0.914062 0.828125 0.917969 0.832031 0.921875 0.832031 0.917969 0.835938 0.917969 0.839844 0.914062 0.843750 0.914062 0.847656 0.910156 0.843750 0.906250 0.843750 0.902344 0.839844 0.898438 0.839844 0.898438 0.832031 0.894531 0.828125 0.898438 0.824219
0 0.023438 0.921875 0.039062 0.921875 0.042969 0.921875 0.042969 0.925781 0.042969 0.929688 0.039062 0.933594 0.035156 0.933594 0.031250 0.933594 0.027344 0.929688 0.027344 0.925781 0.023438 0.921875
0 0.671875 0.921875 0.675781 0.925781 0.679688 0.925781 0.679688 0.933594 0.679688 0.937500 0.675781 0.941406 0.671875 0.945312 0.671875 0.949219 0.667969 0.953125 0.664062 0.957031 0.660156 0.957031 0.656250 0.957031 0.652344 0.960938 0.648438 0.960938 0.644531 0.957031 0.640625 0.953125 0.648438 0.945312 0.652344 0.941406 0.652344 0.937500 0.652344 0.933594 0.656250 0.929688 0.660156 0.929688 0.664062 0.929688 0.671875 0.921875
0 0.136719 0.980469 0.140625 0.984375 0.148438 0.984375 0.148438 0.988281 0.144531 0.992188 0.144531 1.000000 0.125000 1.000000 0.125000 0.996094 0.121094 0.992188 0.125000 0.988281 0.125000 0.984375 0.128906 0.984375 0.132812 0.984375 0.136719 0.980469
0 0.867944 0.687704 0.861670 0.691190 0.854698 0.691190 0.852607 0.690493 0.846332 0.685613 0.844938 0.682824 0.833784 0.670276 0.833784 0.659121 0.834481 0.656333 0.846332 0.643785 0.850515 0.641693 0.866549 0.642390 0.869338 0.645179 0.870035 0.647270 0.870035 0.664002 0.869338 0.672367 0.867944 0.675156 0.867944 0.680733
0 0.538812 0.299289 0.534091 0.289533 0.546995 0.286071 0.548568 0.284813 0.550142 0.280721 0.553289 0.275371 0.554548 0.265614 0.553289 0.263726 0.548883 0.261838 0.543847 0.261523 0.526223 0.265614 0.524020 0.267503 0.510802 0.273797 0.501989 0.279777 0.500416 0.281350 0.499157 0.285442 0.499157 0.294569 0.505137 0.301178 0.523957 0.309864 0.539756 0.307158
