0 0.837939 0.231059 0.841207 0.227789 0.845444 0.224441 0.849351 0.220129 0.851955 0.220100 0.855996 0.220552 0.859335 0.223715 0.863962 0.226277 0.875040 0.234513 0.870250 0.239304 0.867364 0.238839 0.862747 0.240458 0.850627 0.240148 0.843904 0.240470 0.842214 0.238304 0.842562 0.236178 0.840127 0.235625 0.838957 0.234125
0 0.907921 0.793600 0.912068 0.789000 0.915528 0.788679 0.916251 0.789702 0.924482 0.797413 0.924628 0.803535 0.931293 0.810713 0.932570 0.812531 0.936927 0.815983 0.936475 0.820189 0.928760 0.823682 0.925851 0.824184 0.924414 0.825467 0.921859 0.825909 0.902170 0.822727 0.897824 0.821762 0.893225 0.818832 0.897146 0.813418 0.899738 0.813087 0.902414 0.811620 0.905711 0.808855 0.906921 0.804972 0.906505 0.798314
0 0.679946 0.835011 0.676207 0.834983 0.671312 0.836747 0.665088 0.830523 0.665407 0.830472 0.671009 0.824224 0.675024 0.819061 0.676936 0.814074 0.679506 0.812633 0.682474 0.810357 0.688733 0.814548 0.691180 0.816880 0.691156 0.821054 0.695316 0.819721 0.700784 0.814260 0.707235 0.811673 0.714612 0.812727 0.706271 0.823300 0.705559 0.826130 0.704350 0.827357 0.704296 0.830839 0.703379 0.835382 0.704021 0.837334 0.705477 0.839570 0.706010 0.841666 0.708211 0.845039 0.708602 0.850234 0.707024 0.851421 0.702791 0.854347 0.701698 0.855575 0.694678 0.853750 0.694505 0.851543 0.693905 0.849589 0.693905 0.844121 0.693932 0.841367 0.693820 0.841213 0.690644 0.839168 0.688037 0.835390 0.688046 0.834401
0 0.676827 0.754289 0.678745 0.756841 0.682920 0.760260 0.685762 0.762118 0.686166 0.765730 0.686298 0.769195 0.686104 0.773513 0.681633 0.777202 0.678488 0.778020 0.670805 0.781023 0.665606 0.780570 0.661583 0.785893 0.659869 0.787732 0.659481 0.787732 0.659076 0.789605 0.650493 0.793383 0.649068 0.790914 0.649713 0.788894 0.648391 0.784273 0.648786 0.779213 0.650336 0.771414 0.650726 0.768680 0.650630 0.767086 0.652446 0.762272 0.658843 0.759769 0.659215 0.758629 0.667474 0.756804 0.670185 0.754489
0 0.610222 0.720559 0.609689 0.713630 0.607901 0.711304 0.606564 0.709724 0.606048 0.709552 0.604757 0.709122 0.604693 0.709100 0.604016 0.708875 0.603983 0.708864 0.603951 0.708853 0.603629 0.708746 0.603500 0.708703 0.603080 0.708563 0.603048 0.708552 0.604611 0.705427 0.606173 0.701911 0.606564 0.696443 0.604989 0.693986 0.604062 0.692541 0.603136 0.691095 0.602024 0.689361 0.606569 0.688074 0.622584 0.687865 0.624325 0.689311 0.625536 0.696043 0.627598 0.698518 0.631045 0.709216 0.628377 0.712589 0.626660 0.713802 0.629549 0.716000 0.633379 0.719830 0.633379 0.725166 0.620045 0.729239 0.612571 0.727509
0 0.541950 0.813255 0.531524 0.813255 0.527683 0.807768 0.530975 0.805025 0.535365 0.803927 0.539206 0.801732 0.543047 0.796794 0.546339 0.794599 0.550729 0.794599 0.552375 0.798440 0.552375 0.802830 0.549631 0.806671 0.545790 0.808317
0 0.523293 0.828619 0.533170 0.822583 0.535365 0.823132 0.536462 0.824778 0.538657 0.824778 0.545242 0.826973 0.545790 0.829168 0.545790 0.833557 0.535365 0.835752 0.533170 0.837398 0.530975 0.837947 0.525488 0.837947 0.523293 0.834106
0 0.535473 0.426984 0.526494 0.425188 0.527392 0.409025 0.540861 0.418004 0.541759 0.422494
0 0.757725 0.650245 0.746590 0.648018 0.744919 0.646905 0.744363 0.644678 0.742692 0.643007 0.742692 0.640780 0.746033 0.637996 0.752157 0.635769 0.759395 0.635769 0.762736 0.638553 0.762179 0.648018
0 0.759952 0.669176 0.756055 0.671959 0.753271 0.671959 0.751601 0.670846 0.750487 0.665835 0.750487 0.656927 0.752714 0.655813 0.766634 0.655813 0.766634 0.664721 0.764963 0.665835
0 0.431960 0.044939 0.424621 0.040659 0.422175 0.040047 0.421564 0.037601 0.421564 0.035155 0.422787 0.032709 0.426456 0.028428 0.430125 0.025982 0.432571 0.027205 0.435017 0.031486 0.436852 0.032709 0.438075 0.034543 0.442967 0.034543 0.442967 0.022924 0.450305 0.022924 0.452140 0.024147 0.452140 0.027816 0.453975 0.030263 0.454586 0.032709 0.454586 0.042493 0.452752 0.046163 0.452752 0.049220 0.450305 0.049832 0.439909 0.043716 0.436852 0.043105
0 0.678746 0.399418 0.678574 0.396273 0.675793 0.393297 0.680431 0.382670 0.692478 0.385027 0.699820 0.389245 0.701287 0.399725 0.700991 0.407080 0.695744 0.411323 0.692766 0.413911 0.691249 0.414273 0.681664 0.415201 0.679326 0.414816 0.675095 0.409491 0.676405 0.404536
0 0.645058 0.172421 0.649789 0.176753 0.659021 0.179421 0.657535 0.183899 0.655715 0.184974 0.652743 0.188101 0.649420 0.188888 0.647379 0.190149 0.640480 0.190149 0.638197 0.187430 0.634698 0.184366 0.633125 0.177011 0.640609 0.171441 0.642077 0.171539
0 0.683652 0.202639 0.685912 0.195424 0.687632 0.193421 0.691266 0.192025 0.695154 0.188221 0.700608 0.187364 0.703363 0.187681 0.706223 0.193094 0.711303 0.201030 0.705232 0.208767 0.706448 0.213056 0.700842 0.220166 0.693434 0.217536 0.692353 0.214821 0.688199 0.210668
0 0.414558 0.117454 0.416627 0.118337 0.421923 0.119009 0.424261 0.119393 0.426919 0.121661 0.426910 0.121723 0.428167 0.130435 0.425742 0.130678 0.422570 0.134352 0.419384 0.134336 0.417425 0.138248 0.415800 0.138425 0.413324 0.137212 0.408964 0.137076 0.407077 0.134094 0.408521 0.130383 0.407468 0.127844 0.408573 0.118221 0.411527 0.117525
0 0.466948 0.183331 0.473060 0.188700 0.470672 0.190142 0.470326 0.191434 0.468268 0.193492 0.467195 0.196128 0.465212 0.199414 0.459392 0.200228 0.453672 0.200352 0.451232 0.198752 0.451743 0.189933 0.452121 0.189062 0.452945 0.185137 0.457937 0.181901 0.464113 0.182462
0 0.244298 0.275252 0.248702 0.265470 0.248686 0.264237 0.250182 0.260865 0.254412 0.260569 0.259881 0.260959 0.264959 0.260855 0.267941 0.262741 0.267159 0.270030 0.264893 0.272298 0.262015 0.273222 0.258643 0.275422 0.255996 0.275725 0.254411 0.276214 0.245974 0.276214
0 0.014069 0.004199 0.016594 0.000893 0.022179 0.000000 0.040084 0.000000 0.041804 0.001548 0.041804 0.007000 0.036405 0.011537 0.033705 0.014668 0.027865 0.012441 0.024808 0.012084 0.020228 0.008796 0.015667 0.006491
0 0.073823 0.124841 0.069095 0.125702 0.061942 0.126361 0.056409 0.123218 0.052512 0.116152 0.052949 0.107879 0.055661 0.101702 0.057061 0.100152 0.055877 0.097970 0.053570 0.097460 0.052666 0.089199 0.060054 0.089896 0.062943 0.089885 0.068036 0.091330 0.076955 0.102139 0.081484 0.104305 0.085858 0.104335 0.089858 0.107804 0.090208 0.124896 0.089314 0.130023 0.089012 0.135794 0.082735 0.135034 0.082242 0.131443 0.082040 0.123101 0.080149 0.121957
0 0.062134 0.067290 0.054723 0.065312 0.044407 0.065263 0.042276 0.064615 0.035406 0.064018 0.034265 0.057150 0.033913 0.052289 0.030699 0.048685 0.032092 0.046980 0.030694 0.045626 0.033896 0.041720 0.038860 0.038692 0.039150 0.038337 0.046906 0.040005 0.057179 0.039525 0.060609 0.035605 0.066702 0.034163 0.074487 0.038204 0.078927 0.039910 0.081585 0.042958 0.083318 0.048355 0.085590 0.051921 0.093095 0.056811 0.099839 0.060182 0.103211 0.061393 0.108815 0.060768 0.117420 0.059052 0.123519 0.055868 0.127254 0.057575 0.131188 0.058611 0.130824 0.066906 0.126532 0.075096 0.121364 0.079489 0.115717 0.079369 0.107185 0.078686 0.103031 0.074532 0.095780 0.069462 0.094488 0.066603 0.092675 0.066957 0.090179 0.073685 0.089775 0.073862 0.089112 0.074190 0.090184 0.076419 0.085678 0.078582 0.077601 0.080921 0.077431 0.081040 0.076531 0.080354 0.076331 0.080249 0.075818 0.079811 0.067913 0.073789
0 0.149304 0.040595 0.157314 0.034109 0.165370 0.038663 0.174647 0.039294 0.178498 0.045901 0.176246 0.048679 0.175966 0.050484 0.172325 0.055199 0.172035 0.055375 0.168838 0.059089 0.166037 0.062280 0.162587 0.062576 0.153279 0.060718 0.151783 0.053439 0.152190 0.051937 0.152293 0.050494 0.151821 0.049093 0.150705 0.043479
0 0.907086 0.442557 0.915666 0.443630 0.918299 0.444495 0.920841 0.447036 0.921526 0.449595 0.920756 0.453848 0.921425 0.460849 0.910240 0.469767 0.905748 0.469610 0.905621 0.469611 0.904383 0.470747 0.903893 0.469716 0.898587 0.468976 0.896701 0.465603 0.896805 0.460134 0.896701 0.455056 0.896774 0.454730 0.896610 0.454385 0.897238 0.453661 0.898197 0.452465 0.898344 0.452386 0.902889 0.447144 0.904575 0.444653
0 0.673300 0.609836 0.678374 0.605665 0.679741 0.600673 0.681623 0.598782 0.679364 0.593199 0.684236 0.589931 0.691875 0.588258 0.694698 0.585826 0.700974 0.583754 0.705047 0.573423 0.717102 0.574523 0.721834 0.581284 0.726637 0.584131 0.724495 0.590852 0.716677 0.591329 0.713771 0.592696 0.720363 0.600601 0.712725 0.610234 0.714134 0.616076 0.716467 0.617700 0.719279 0.623952 0.714944 0.625289 0.699897 0.625130 0.699016 0.629077 0.695484 0.633696 0.691915 0.632744 0.690309 0.634457 0.683597 0.631563 0.683564 0.629879 0.678759 0.627023 0.677202 0.623513 0.672306 0.618133 0.670346 0.617053 0.670203 0.617052 0.665150 0.615610 0.664639 0.613700 0.669571 0.611459
0 0.728271 0.668053 0.730404 0.670965 0.732304 0.669895 0.739571 0.669894 0.743009 0.675983 0.742789 0.678653 0.741613 0.679243 0.730486 0.682854 0.726775 0.683011 0.723237 0.681740 0.720054 0.681100 0.719166 0.680433 0.715011 0.680071 0.715980 0.671920 0.716259 0.669734 0.718526 0.667076 0.723251 0.667957
0 0.641925 0.672845 0.652416 0.669241 0.655874 0.668458 0.660382 0.668608 0.660496 0.664754 0.662675 0.657406 0.668100 0.654281 0.677224 0.648355 0.680707 0.647273 0.681374 0.644232 0.683505 0.641673 0.688473 0.639833 0.688726 0.639817 0.699040 0.636402 0.702423 0.641347 0.701543 0.644104 0.700459 0.649484 0.699275 0.650714 0.699138 0.651493 0.699199 0.657341 0.700470 0.664784 0.698897 0.668624 0.696239 0.671282 0.692480 0.671711 0.691152 0.672405 0.683045 0.675982 0.679541 0.686375 0.676845 0.691736 0.668725 0.691900 0.665073 0.688613 0.661726 0.694342 0.652561 0.699234 0.648245 0.695405 0.647039 0.692226 0.640843 0.688200 0.640084 0.684892 0.640080 0.679597
0 0.696399 0.755175 0.704903 0.753586 0.712278 0.749871 0.714432 0.747307 0.717243 0.747252 0.720933 0.745215 0.724122 0.752404 0.731581 0.753810 0.737015 0.749754 0.743527 0.749853 0.754306 0.752081 0.752091 0.749164 0.749949 0.744721 0.746409 0.735472 0.747130 0.735688 0.751520 0.731475 0.758569 0.727046 0.761553 0.723289 0.763121 0.718579 0.766550 0.714365 0.776266 0.713995 0.782321 0.717712 0.787286 0.728893 0.793004 0.732852 0.789161 0.734850 0.780563 0.736286 0.774189 0.736903 0.770895 0.738852 0.771457 0.741951 0.778879 0.744602 0.785472 0.750996 0.785016 0.752518 0.779815 0.757665 0.778504 0.760652 0.777959 0.766953 0.767123 0.775537 0.759962 0.783007 0.754173 0.786589 0.755907 0.787710 0.757139 0.787694 0.761293 0.789190 0.760247 0.793248 0.766807 0.798675 0.766968 0.801725 0.767553 0.803577 0.766266 0.805959 0.765590 0.808979 0.756748 0.811152 0.752076 0.810688 0.749335 0.811849 0.741998 0.811085 0.737741 0.808700 0.723932 0.804342 0.718721 0.803420 0.714629 0.800632 0.712150 0.800539 0.709526 0.800691 0.708107 0.802110 0.704337 0.802388 0.700040 0.803273 0.697807 0.803816 0.694044 0.806407 0.691557 0.807331 0.689103 0.808742 0.683634 0.808742 0.679474 0.802640 0.686010 0.799620 0.686633 0.798215 0.689525 0.796104 0.692755 0.792874 0.700019 0.788345 0.699923 0.786359 0.700230 0.781834 0.699313 0.779806 0.696270 0.774701 0.693014 0.768291 0.695114 0.765434 0.694637 0.756521
0 0.785121 0.766305 0.789027 0.759664 0.792362 0.754768 0.797583 0.751500 0.805252 0.743049 0.808702 0.742753 0.811436 0.741867 0.817152 0.743363 0.818016 0.745399 0.822230 0.746879 0.822483 0.748927 0.826280 0.749289 0.829427 0.750559 0.832360 0.750743 0.837239 0.752122 0.840666 0.752424 0.848012 0.756644 0.850454 0.760137 0.855834 0.767906 0.853948 0.770888 0.848958 0.771190 0.843010 0.774013 0.840133 0.775328 0.834459 0.780846 0.825823 0.789247 0.805186 0.789153 0.793918 0.787288 0.791123 0.787304 0.786893 0.785341 0.783559 0.780835 0.782614 0.776995
0 0.819662 0.819861 0.826486 0.814048 0.827584 0.810895 0.831707 0.808333 0.833822 0.805048 0.841385 0.799098 0.851084 0.798698 0.853698 0.798054 0.855613 0.792683 0.855905 0.789190 0.860218 0.782610 0.861698 0.778395 0.868987 0.777614 0.876024 0.781917 0.888127 0.781520 0.892522 0.785845 0.889639 0.793546 0.884277 0.798027 0.884837 0.806355 0.887431 0.813271 0.881440 0.815155 0.870321 0.817504 0.864393 0.832388 0.861023 0.835736 0.855551 0.839558 0.850890 0.842134 0.845382 0.841559 0.841819 0.838367 0.828974 0.836617 0.826530 0.835807 0.819464 0.824155
0 0.863830 0.839607 0.868858 0.835221 0.879427 0.836882 0.895221 0.838540 0.903174 0.839513 0.906616 0.844861 0.902750 0.849264 0.898682 0.852182 0.895012 0.853630 0.894887 0.856116 0.893324 0.860022 0.885979 0.868148 0.882568 0.869216 0.881605 0.870959 0.878233 0.872846 0.874079 0.869006 0.873507 0.867653 0.865147 0.867611 0.862680 0.866820 0.857662 0.859698 0.858543 0.856160 0.863148 0.845305 0.862988 0.843438
0 0.897079 0.864252 0.906039 0.856988 0.908061 0.856080 0.911305 0.849502 0.917595 0.847881 0.922047 0.844418 0.932614 0.843212 0.936614 0.845545 0.938173 0.847093 0.945595 0.849199 0.947555 0.853810 0.951533 0.854660 0.953893 0.857341 0.956811 0.862387 0.953314 0.869719 0.949061 0.872274 0.955173 0.878157 0.959529 0.881732 0.958709 0.889575 0.954913 0.892904 0.941143 0.891827 0.935051 0.891467 0.931532 0.886568 0.931175 0.883716 0.928664 0.877504 0.928292 0.872780 0.921146 0.868894 0.918590 0.867074 0.907907 0.869639 0.901734 0.869511 0.898201 0.866890
0 0.939213 0.585125 0.945983 0.574399 0.949295 0.573897 0.958368 0.573878 0.962911 0.576330 0.963578 0.586217 0.963588 0.600623 0.965169 0.604170 0.962482 0.608824 0.951861 0.608922 0.949855 0.610227 0.940351 0.610079 0.937586 0.605573 0.937586 0.594349 0.938602 0.590156
0 0.951614 0.157861 0.952929 0.153031 0.960208 0.146066 0.964505 0.146952 0.969126 0.147248 0.973670 0.152964 0.978110 0.153889 0.981159 0.156937 0.980768 0.165398 0.978050 0.168072 0.970304 0.172737 0.963191 0.173013 0.961378 0.174051 0.959555 0.176259 0.954220 0.176259 0.951628 0.173277 0.947393 0.169601 0.947188 0.169618 0.947059 0.169269 0.945312 0.167351 0.945312 0.161234 0.947869 0.159493
0 0.953604 0.127571 0.961184 0.120623 0.969387 0.120337 0.972837 0.120633 0.974075 0.122262 0.975885 0.127846 0.973084 0.129865 0.969238 0.134102 0.967434 0.137078 0.961966 0.142623 0.955325 0.141737 0.953372 0.141842 0.950780 0.140346 0.950780 0.135010 0.952232 0.130677
0 0.932856 0.018598 0.935035 0.018402 0.939332 0.018297 0.943568 0.020266 0.947468 0.021041 0.950136 0.026367 0.948881 0.028072 0.947078 0.030521 0.945906 0.030651 0.940894 0.031207 0.930347 0.031207 0.927014 0.030543 0.925125 0.029218 0.923030 0.028906 0.923054 0.028302 0.922182 0.028525 0.919591 0.027029 0.919680 0.023949 0.925307 0.017463 0.926707 0.019154
0 0.711651 0.232105 0.709241 0.229618 0.706974 0.222406 0.718616 0.214280 0.723425 0.213539 0.721807 0.200855 0.726819 0.193186 0.731011 0.192119 0.742311 0.187327 0.750762 0.199684 0.756698 0.204761 0.755119 0.216150 0.758784 0.220987 0.763719 0.225141 0.763630 0.233646 0.765672 0.240242 0.763081 0.242052 0.757936 0.247587 0.754074 0.246718 0.746774 0.247171 0.743797 0.251961 0.735413 0.253837 0.733542 0.248451 0.728382 0.246025 0.726258 0.242431 0.719270 0.242112 0.714521 0.242825 0.711333 0.240541
0 0.892946 0.304615 0.895298 0.303149 0.908421 0.303011 0.908444 0.297295 0.911586 0.297295 0.918558 0.298115 0.922099 0.300836 0.924205 0.301959 0.933243 0.309519 0.933554 0.313961 0.933243 0.317583 0.931336 0.319489 0.930020 0.322277 0.929962 0.322505 0.926351 0.328987 0.925871 0.329028 0.924854 0.330019 0.920646 0.331103 0.915936 0.331982 0.915911 0.331873 0.912878 0.331582 0.911782 0.330486 0.911472 0.329714 0.908744 0.327646 0.903105 0.324469 0.900581 0.324486 0.893268 0.323655 0.891807 0.318883 0.892627 0.309449 0.892293 0.308631
0 0.756283 0.286144 0.759785 0.276951 0.766555 0.276707 0.771716 0.277515 0.775040 0.282714 0.779161 0.287208 0.779416 0.290519 0.778395 0.301147 0.772829 0.303277 0.770504 0.302968 0.768846 0.304723 0.768232 0.304854 0.768389 0.309477 0.761620 0.310502 0.742245 0.309763 0.740394 0.309424 0.738444 0.309477 0.738471 0.309231 0.734995 0.305714 0.738768 0.302331 0.739234 0.302402 0.739304 0.301772 0.733209 0.296119 0.735101 0.292299 0.734466 0.290041 0.736093 0.284530 0.741127 0.284041 0.747938 0.283956 0.751157 0.285781 0.751118 0.289849 0.755229 0.289781
0 0.851725 0.330100 0.855883 0.319697 0.857127 0.318843 0.858617 0.313447 0.862351 0.314237 0.865556 0.312586 0.866816 0.311716 0.874810 0.312811 0.873715 0.316899 0.872960 0.317101 0.874194 0.318836 0.878402 0.319138 0.885912 0.323523 0.887777 0.323826 0.888873 0.327913 0.883959 0.329701 0.877726 0.331247 0.874111 0.332518 0.873902 0.332503 0.873902 0.336061 0.872002 0.344611 0.865070 0.342249 0.863838 0.337723 0.859481 0.334505 0.856325 0.334211 0.853726 0.332773
0 0.722768 0.330395 0.722248 0.333814 0.721719 0.347884 0.716327 0.352104 0.700768 0.352895 0.697621 0.351234 0.692241 0.349370 0.688021 0.343977 0.690288 0.334812 0.695690 0.334516 0.708073 0.332730 0.712097 0.330191 0.712630 0.328095 0.718346 0.323864 0.720538 0.325363
0 0.723082 0.357870 0.727542 0.353042 0.730970 0.349875 0.734958 0.349551 0.735448 0.343770 0.738921 0.339447 0.741407 0.338523 0.745171 0.335541 0.754479 0.334854 0.757736 0.335468 0.758771 0.341600 0.762253 0.341676 0.766065 0.344773 0.765664 0.349394 0.761923 0.350791 0.754804 0.354395 0.752240 0.355110 0.750827 0.358794 0.750625 0.361946 0.741393 0.365786 0.738337 0.365845 0.733971 0.368911 0.727632 0.367655 0.723296 0.367286 0.721409 0.364304
0 0.592548 0.353989 0.592906 0.353540 0.592446 0.351934 0.592545 0.348050 0.592457 0.344188 0.594514 0.342130 0.596677 0.338796 0.604528 0.338950 0.604613 0.338843 0.611187 0.339530 0.615198 0.343150 0.621057 0.345885 0.624864 0.346406 0.632298 0.351012 0.627666 0.356427 0.621466 0.362643 0.616437 0.364146 0.612413 0.365939 0.600382 0.370494 0.596944 0.367836 0.596641 0.365190 0.593074 0.358387
0 0.686618 0.422467 0.690170 0.416001 0.695187 0.410548 0.702309 0.408362 0.702686 0.403831 0.707167 0.399150 0.709142 0.396007 0.720391 0.395799 0.723739 0.396213 0.732471 0.396501 0.736480 0.400216 0.737691 0.402031 0.740736 0.403292 0.740955 0.407303 0.740954 0.419714 0.741368 0.426030 0.740681 0.430652 0.732555 0.434481 0.722855 0.437226 0.712668 0.434152 0.708512 0.434196 0.701938 0.434682 0.700051 0.431700 0.700132 0.430905 0.692453 0.427450 0.688786 0.423939
0 0.784502 0.486487 0.794269 0.483705 0.801842 0.483568 0.812588 0.482586 0.816992 0.479905 0.821656 0.479579 0.830270 0.479579 0.835655 0.480861 0.842759 0.489484 0.844743 0.484915 0.843882 0.473718 0.845135 0.469632 0.845701 0.469459 0.844483 0.467503 0.846359 0.465627 0.849809 0.464940 0.857230 0.464835 0.859295 0.465639 0.864366 0.468354 0.868816 0.472515 0.868168 0.474287 0.868949 0.476240 0.869978 0.477659 0.869393 0.485372 0.870066 0.488767 0.871674 0.494179 0.872353 0.495512 0.873350 0.497371 0.872794 0.498004 0.872723 0.499468 0.871045 0.502241 0.869587 0.506042 0.863414 0.512997 0.860686 0.513772 0.859184 0.514179 0.855474 0.514427 0.853391 0.515341 0.853289 0.514329 0.848313 0.512997 0.844952 0.510448 0.843596 0.510069 0.840250 0.510069 0.839195 0.511434 0.834508 0.513388 0.831059 0.514179 0.829534 0.514064 0.825195 0.516029 0.823305 0.517919 0.822109 0.518223 0.821227 0.518856 0.818889 0.519241 0.818106 0.519241 0.817032 0.519514 0.813480 0.520820 0.811566 0.520705 0.801371 0.526679 0.798312 0.525497 0.796579 0.523763 0.792844 0.523544 0.790005 0.520209 0.787452 0.518152 0.787452 0.511253 0.788728 0.509195 0.788993 0.508295 0.786480 0.508221 0.778097 0.504481 0.777832 0.494827 0.778383 0.491240
0 0.783286 0.541057 0.784226 0.540010 0.784450 0.535734 0.784777 0.533654 0.786846 0.531585 0.789314 0.530839 0.793890 0.529250 0.794345 0.528745 0.795570 0.528981 0.797921 0.529435 0.799822 0.529802 0.806773 0.532300 0.813161 0.539205 0.819765 0.542665 0.826363 0.546750 0.834864 0.551325 0.839557 0.555762 0.842757 0.560513 0.841912 0.561759 0.840774 0.569325 0.840448 0.572697 0.838737 0.573780 0.838294 0.574851 0.834452 0.577439 0.834395 0.577665 0.826260 0.579445 0.817862 0.577980 0.810268 0.577561 0.803369 0.571214 0.799606 0.568191 0.796161 0.563023 0.793420 0.557266 0.788409 0.552256 0.784120 0.545257
0 0.873932 0.647070 0.866524 0.643594 0.860196 0.638125 0.858824 0.629240 0.858433 0.629038 0.857319 0.629003 0.854879 0.628832 0.852698 0.628706 0.852307 0.622352 0.853661 0.622043 0.853804 0.620389 0.855450 0.620900 0.857434 0.619904 0.861351 0.619217 0.866683 0.615627 0.873260 0.619373 0.881967 0.627216 0.886864 0.632789 0.884530 0.645223 0.883892 0.646478 0.884987 0.647352 0.888046 0.660100 0.887166 0.662465 0.886864 0.666674 0.883358 0.670646 0.882891 0.672209 0.884911 0.678783 0.882253 0.681831 0.881786 0.682689 0.881276 0.683237 0.882957 0.688939 0.881329 0.690177 0.880366 0.691921 0.880118 0.692808 0.884911 0.696104 0.885207 0.701115 0.886473 0.703525 0.886473 0.708861 0.881576 0.711023 0.881014 0.712834 0.878962 0.716762 0.880690 0.717274 0.881786 0.718369 0.880300 0.722847 0.876069 0.723143 0.872585 0.723143 0.871811 0.723523 0.862331 0.727534 0.859295 0.727837 0.857730 0.728741 0.853413 0.735357 0.850354 0.734956 0.848868 0.733471 0.848555 0.731546 0.844104 0.731050 0.842454 0.729790 0.838636 0.729097 0.835054 0.727440 0.826993 0.725658 0.826697 0.723771 0.826993 0.717197 0.828304 0.715702 0.828165 0.714463 0.829874 0.712754 0.830118 0.712119 0.833100 0.707184 0.833601 0.703543 0.832071 0.702221 0.832071 0.698447 0.832457 0.697580 0.830900 0.696361 0.830598 0.693715 0.829718 0.690959 0.832567 0.687014 0.834729 0.680164 0.837788 0.679373 0.839147 0.679427 0.840665 0.671104 0.842932 0.667664 0.844429 0.666559 0.845353 0.664463 0.848792 0.661805 0.849189 0.661725 0.850888 0.660490 0.857770 0.657514 0.860835 0.656326 0.861782 0.656264 0.864026 0.652039 0.871772 0.651639 0.874694 0.651693 0.874857 0.648165
0 0.645600 0.281627 0.651535 0.265214 0.656088 0.264440 0.665856 0.265755 0.671893 0.267807 0.676061 0.274200 0.676523 0.276566 0.674804 0.283402 0.680788 0.289387 0.682820 0.288805 0.684244 0.292004 0.683990 0.294648 0.680720 0.300763 0.682907 0.301151 0.686288 0.305863 0.681542 0.310768 0.681113 0.314713 0.676656 0.319950 0.672104 0.320333 0.658407 0.317447 0.655648 0.312173 0.655238 0.309833 0.648935 0.296098 0.649002 0.291944 0.646246 0.286340
0 0.676056 0.261895 0.681179 0.258500 0.680733 0.255969 0.682620 0.252987 0.688232 0.252454 0.687764 0.250109 0.689652 0.247127 0.699081 0.246682 0.705210 0.243992 0.711394 0.244393 0.713286 0.247502 0.717650 0.252212 0.721264 0.254759 0.727723 0.258379 0.728905 0.268078 0.728889 0.271264 0.737889 0.278625 0.732800 0.280950 0.728257 0.282398 0.724554 0.282344 0.723817 0.285590 0.719988 0.290201 0.715547 0.292297 0.711704 0.295408 0.697810 0.294409 0.695538 0.294870 0.685355 0.294498 0.681905 0.286750 0.681432 0.279783 0.682010 0.272766 0.679475 0.266450
0 0.840197 0.256175 0.838623 0.259042 0.835816 0.261517 0.833280 0.264873 0.830305 0.266214 0.824892 0.270825 0.819219 0.271656 0.808989 0.271552 0.806151 0.274525 0.797071 0.274827 0.794058 0.273871 0.793318 0.271659 0.791168 0.261952 0.789838 0.257370 0.789088 0.253638 0.784343 0.249395 0.783995 0.244612 0.782225 0.236393 0.782941 0.233561 0.783136 0.229766 0.795612 0.224654 0.805914 0.224609 0.809530 0.221751 0.818639 0.222412 0.825045 0.224105 0.831546 0.231043 0.833361 0.234090 0.842562 0.236178 0.841317 0.243798 0.841540 0.244848 0.841059 0.250782
0 0.615396 0.103450 0.620761 0.108206 0.621543 0.113542 0.618583 0.114939 0.615760 0.118543 0.608209 0.118788 0.605346 0.118543 0.602199 0.113955 0.600714 0.112699 0.599553 0.109312 0.600020 0.107749 0.599954 0.104691 0.604108 0.102413 0.606452 0.102909 0.612688 0.102829
0 0.652361 0.116598 0.656430 0.108759 0.660067 0.108698 0.664355 0.113363 0.676046 0.108550 0.681245 0.103692 0.682070 0.103061 0.686169 0.105829 0.688636 0.114469 0.691404 0.119993 0.682464 0.128840 0.676847 0.129200 0.672994 0.131060 0.666035 0.130566 0.663597 0.127486 0.659328 0.126785 0.652805 0.123711
0 0.487515 0.080989 0.492666 0.076160 0.494296 0.075170 0.497728 0.072268 0.501584 0.069509 0.501759 0.069577 0.509330 0.068100 0.513941 0.071539 0.514618 0.074169 0.514821 0.074591 0.521115 0.077008 0.527607 0.086625 0.528404 0.088908 0.528004 0.096654 0.523415 0.101754 0.521754 0.104857 0.515437 0.109220 0.510893 0.112202 0.503185 0.114051 0.494553 0.114842 0.494464 0.114826 0.487274 0.112031 0.486873 0.105457 0.486922 0.102932 0.485178 0.102980 0.479462 0.101484 0.480951 0.095364 0.481292 0.092354 0.482088 0.089423 0.482587 0.085849 0.484404 0.084262
0 0.428175 0.097071 0.429958 0.094782 0.431857 0.094735 0.442076 0.092919 0.447192 0.085719 0.462740 0.089404 0.465801 0.092473 0.461384 0.101802 0.461377 0.106701 0.464758 0.111282 0.464880 0.120639 0.465807 0.123553 0.466428 0.130093 0.464421 0.134848 0.455790 0.133908 0.454482 0.132336 0.454635 0.125965 0.448367 0.123227 0.440874 0.120932 0.437609 0.120531 0.434518 0.118203 0.434141 0.115636 0.429244 0.112099 0.426193 0.101779
0 0.160936 0.188868 0.160052 0.178957 0.158649 0.174082 0.155667 0.171491 0.152531 0.163745 0.158401 0.150139 0.162621 0.147091 0.168871 0.143966 0.176227 0.143670 0.178745 0.144270 0.183975 0.154212 0.192633 0.156560 0.203961 0.156455 0.211316 0.158029 0.218205 0.164526 0.224988 0.167794 0.226875 0.170776 0.224988 0.175320 0.224002 0.176229 0.223935 0.183209 0.223204 0.184056 0.223231 0.184305 0.222766 0.184346 0.219963 0.184838 0.219529 0.185125 0.219129 0.186258 0.199273 0.189393 0.187698 0.186725 0.185052 0.177829 0.181305 0.177988 0.180914 0.186610 0.183896 0.188811 0.183582 0.196023 0.180914 0.196320 0.171605 0.195242 0.169548 0.192403 0.165025 0.191371
0 0.103579 0.227427 0.106672 0.221777 0.108990 0.216988 0.117050 0.214034 0.123624 0.213939 0.132152 0.226296 0.126546 0.233476 0.123386 0.236351 0.120860 0.237989 0.115915 0.237090 0.110177 0.236806 0.108198 0.234109 0.108470 0.233094 0.106570 0.232403 0.104861 0.230539
0 0.244211 0.339217 0.246186 0.340097 0.251632 0.340103 0.253940 0.340456 0.254043 0.340394 0.254880 0.340223 0.255539 0.339993 0.255926 0.340084 0.263937 0.338978 0.266800 0.339222 0.267540 0.342537 0.268820 0.342733 0.272973 0.345010 0.271802 0.355424 0.269601 0.357234 0.263675 0.363941 0.255208 0.363154 0.251242 0.363170 0.247154 0.361350 0.244211 0.361217 0.239897 0.358107 0.238418 0.357686 0.238943 0.354237 0.238808 0.354170 0.239199 0.347035 0.241150 0.346936 0.241358 0.345538 0.241933 0.340004 0.243825 0.339959
0 0.160661 0.359352 0.158025 0.356596 0.158026 0.356582 0.155005 0.352404 0.154119 0.347745 0.157492 0.345858 0.158949 0.345912 0.161074 0.343134 0.164974 0.343139 0.167200 0.342484 0.168820 0.341561 0.175642 0.345334 0.177270 0.346573 0.177288 0.347102 0.179223 0.348526 0.178129 0.356129 0.177468 0.356375 0.177270 0.358159 0.174925 0.360805 0.174937 0.360959 0.171945 0.363952 0.168016 0.362681 0.165371 0.362379 0.163594 0.360646
0 0.253420 0.465250 0.253609 0.464775 0.254578 0.457595 0.256074 0.457194 0.256600 0.457260 0.256638 0.457164 0.261411 0.456120 0.266999 0.455879 0.269225 0.454052 0.273459 0.451887 0.281411 0.456909 0.287597 0.458359 0.290539 0.467245 0.285647 0.472301 0.276904 0.474420 0.266137 0.474735 0.262334 0.474409 0.255380 0.468337
0 0.362266 0.737616 0.367812 0.736655 0.371114 0.736339 0.374545 0.739177 0.365946 0.746189 0.365338 0.750466 0.365678 0.754393 0.363887 0.757576 0.357512 0.758086 0.354755 0.758966 0.352087 0.758565 0.351955 0.758141 0.351488 0.758185 0.349991 0.757784 0.348495 0.754412 0.351735 0.748514 0.353298 0.744608 0.352792 0.740740 0.354679 0.737758 0.360756 0.738023
0 0.226896 0.746615 0.222404 0.752687 0.216742 0.753875 0.214459 0.758156 0.205931 0.758452 0.203263 0.758156 0.200595 0.754393 0.200651 0.750694 0.198164 0.750272 0.196689 0.745409 0.200996 0.738444 0.207313 0.734471 0.212572 0.732260 0.217831 0.735643 0.226101 0.739225
0 0.361569 0.776051 0.362221 0.773086 0.365227 0.770439 0.368869 0.769134 0.373303 0.764328 0.374106 0.757396 0.378337 0.757100 0.383437 0.757484 0.393895 0.759349 0.402265 0.768287 0.401852 0.775863 0.396407 0.780118 0.393759 0.785109 0.387921 0.787149 0.390303 0.791694 0.391084 0.799764 0.387712 0.801651 0.381852 0.801546 0.379248 0.801030 0.373534 0.794166 0.370822 0.789591 0.370280 0.780137 0.364237 0.779369
0 0.484977 0.827698 0.485020 0.827721 0.487193 0.827957 0.488884 0.825463 0.495903 0.829973 0.497868 0.829760 0.507547 0.832632 0.513263 0.840692 0.524901 0.845689 0.524091 0.853030 0.523339 0.857235 0.509673 0.860136 0.507163 0.857625 0.506290 0.854549 0.493971 0.844543 0.489752 0.842167 0.484869 0.838196 0.483258 0.835450 0.480042 0.832968 0.480290 0.829728 0.484974 0.827720
0 0.444466 0.993392 0.449712 0.991806 0.456967 0.991357 0.460730 0.992273 0.465362 0.992318 0.468197 0.992026 0.471262 0.995916 0.473603 0.998776 0.473820 0.998993 0.473754 0.999029 0.473799 1.000000 0.449363 1.000000 0.447996 0.998573 0.445002 0.995134
0 0.954255 0.970180 0.952399 0.966150 0.952125 0.958409 0.953280 0.953037 0.962452 0.951592 0.966424 0.948763 0.978482 0.948379 0.983402 0.951421 0.986355 0.955409 0.997855 0.958061 0.995445 0.972058 1.000000 0.974974 1.000000 1.000000 0.937739 1.000000 0.938613 0.997246 0.933584 0.992845 0.932092 0.979943 0.936245 0.974823 0.944845 0.972697 0.953058 0.972173
0 0.962356 0.892890 0.963745 0.892122 0.963996 0.891683 0.966796 0.889273 0.967912 0.888178 0.967892 0.888101 0.968293 0.886605 0.969388 0.885510 0.970884 0.885109 0.972380 0.885510 0.972721 0.885850 0.974894 0.885955 0.975181 0.885796 0.976260 0.886146 0.978308 0.886809 0.979282 0.887125 0.979493 0.887318 0.982536 0.887854 0.983422 0.888739 0.988005 0.890197 0.989100 0.895457 0.986187 0.897402 0.983708 0.900458 0.978878 0.901382 0.978163 0.902879 0.975505 0.905536 0.971079 0.905780 0.958060 0.904364 0.960026 0.896841 0.960548 0.895521
0 0.981267 0.840411 0.978680 0.835971 0.973817 0.833538 0.975574 0.830640 0.975130 0.829878 0.980409 0.823173 0.978679 0.814550 0.980407 0.810282 0.988393 0.802993 0.993634 0.802651 0.995235 0.800087 1.000000 0.799535 1.000000 0.850977 0.996814 0.848596 0.994607 0.842854 0.985011 0.842880
