0 0.703125 0.000000 0.703125 0.000000 0.707031 0.000000 0.707031 0.003906 0.707031 0.007812 0.703125 0.011719 0.695312 0.011719 0.691406 0.007812 0.679688 0.007812 0.675781 0.007812 0.671875 0.011719 0.664062 0.011719 0.660156 0.011719 0.660156 0.007812 0.660156 0.003906 0.664062 0.000000 0.664062 0.000000
0 0.632812 0.062500 0.648438 0.062500 0.652344 0.062500 0.652344 0.066406 0.652344 0.070312 0.648438 0.074219 0.644531 0.078125 0.640625 0.078125 0.636719 0.078125 0.636719 0.070312 0.636719 0.066406 0.632812 0.062500
0 0.453125 0.085938 0.476562 0.085938 0.480469 0.089844 0.480469 0.093750 0.484375 0.097656 0.484375 0.101562 0.488281 0.105469 0.484375 0.109375 0.484375 0.113281 0.480469 0.117188 0.476562 0.121094 0.472656 0.121094 0.468750 0.117188 0.464844 0.117188 0.460938 0.113281 0.457031 0.113281 0.453125 0.109375 0.449219 0.109375 0.449219 0.097656 0.449219 0.093750 0.453125 0.089844 0.453125 0.085938
0 0.160156 0.105469 0.164062 0.105469 0.167969 0.105469 0.171875 0.109375 0.175781 0.109375 0.175781 0.113281 0.179688 0.117188 0.183594 0.117188 0.183594 0.121094 0.179688 0.125000 0.175781 0.128906 0.160156 0.128906 0.156250 0.128906 0.156250 0.125000 0.152344 0.121094 0.156250 0.121094 0.160156 0.117188 0.160156 0.105469
0 0.570312 0.195312 0.574219 0.199219 0.578125 0.199219 0.585938 0.207031 0.585938 0.210938 0.597656 0.222656 0.597656 0.226562 0.593750 0.230469 0.589844 0.234375 0.582031 0.234375 0.578125 0.234375 0.574219 0.238281 0.570312 0.238281 0.566406 0.242188 0.562500 0.242188 0.558594 0.246094 0.554688 0.246094 0.550781 0.246094 0.546875 0.242188 0.542969 0.238281 0.542969 0.218750 0.542969 0.214844 0.546875 0.210938 0.550781 0.210938 0.558594 0.203125 0.562500 0.199219 0.566406 0.199219 0.570312 0.195312
0 0.125000 0.203125 0.128906 0.207031 0.132812 0.207031 0.136719 0.210938 0.140625 0.210938 0.144531 0.214844 0.148438 0.214844 0.152344 0.214844 0.152344 0.218750 0.152344 0.222656 0.148438 0.226562 0.144531 0.226562 0.128906 0.242188 0.128906 0.246094 0.125000 0.250000 0.121094 0.250000 0.117188 0.253906 0.117188 0.257812 0.117188 0.242188 0.117188 0.238281 0.113281 0.234375 0.113281 0.226562 0.109375 0.222656 0.109375 0.210938 0.109375 0.207031 0.117188 0.207031 0.121094 0.207031 0.125000 0.203125
0 0.585938 0.328125 0.589844 0.328125 0.593750 0.328125 0.597656 0.332031 0.597656 0.335938 0.601562 0.339844 0.599949 0.346066 0.590499 0.354861 0.579388 0.350931 0.570569 0.340803 0.576791 0.332990 0.582031 0.332031 0.585938 0.328125
0 0.882812 0.328125 0.886719 0.328125 0.890625 0.328125 0.894531 0.332031 0.898438 0.332031 0.898438 0.343750 0.894531 0.347656 0.890625 0.347656 0.886719 0.347656 0.886719 0.343750 0.886719 0.339844 0.882812 0.335938 0.882812 0.328125
0 0.046875 0.472656 0.050781 0.472656 0.054688 0.472656 0.054688 0.476562 0.058594 0.480469 0.062500 0.480469 0.066406 0.480469 0.066406 0.484375 0.066406 0.488281 0.062500 0.492188 0.058594 0.496094 0.054688 0.496094 0.050781 0.500000 0.046875 0.503906 0.042969 0.503906 0.039062 0.503906 0.039062 0.492188 0.035156 0.488281 0.039062 0.488281 0.042969 0.484375 0.042969 0.480469 0.046875 0.476562 0.046875 0.472656
0 0.492188 0.476562 0.503906 0.476562 0.507812 0.476562 0.507812 0.488281 0.507812 0.492188 0.503906 0.496094 0.500000 0.500000 0.488281 0.500000 0.484375 0.496094 0.484375 0.488281 0.484375 0.484375 0.492188 0.476562
0 0.554688 0.484375 0.562500 0.484375 0.566406 0.484375 0.566406 0.488281 0.574219 0.496094 0.578125 0.500000 0.582031 0.500000 0.585938 0.503906 0.585938 0.507812 0.585938 0.511719 0.582031 0.515625 0.578125 0.519531 0.570312 0.519531 0.566406 0.523438 0.550781 0.507812 0.546875 0.503906 0.546875 0.500000 0.546875 0.496094 0.550781 0.492188 0.550781 0.488281 0.554688 0.484375
0 0.179688 0.636719 0.187500 0.636719 0.191406 0.636719 0.191406 0.640625 0.191406 0.644531 0.187500 0.648438 0.183594 0.652344 0.179688 0.652344 0.179688 0.644531 0.175781 0.640625 0.179688 0.636719
0 0.621094 0.781250 0.625000 0.781250 0.628906 0.781250 0.628906 0.796875 0.628906 0.800781 0.625000 0.804688 0.617188 0.804688 0.613281 0.804688 0.609375 0.800781 0.609375 0.796875 0.609375 0.792969 0.613281 0.789062 0.613281 0.785156 0.617188 0.785156 0.621094 0.781250
0 0.128906 0.804688 0.136719 0.804688 0.140625 0.804688 0.140625 0.808594 0.140625 0.812500 0.136719 0.816406 0.136719 0.820312 0.128906 0.812500 0.125000 0.808594 0.128906 0.804688
0 0.816406 0.777344 0.832031 0.777344 0.835938 0.777344 0.863281 0.792969 0.867188 0.796875 0.902344 0.804688 0.906250 0.804688 0.921875 0.816406 0.925781 0.816406 0.933594 0.832031 0.937500 0.835938 0.937500 0.863281 0.937500 0.867188 0.910156 0.898438 0.906250 0.902344 0.878906 0.902344 0.875000 0.902344 0.816406 0.859375 0.812500 0.855469 0.812500 0.847656 0.812500 0.843750 0.800781 0.824219 0.796875 0.820312 0.796875 0.804688 0.796875 0.800781 0.816406 0.777344
0 0.965713 0.326444 0.961909 0.320103 0.959373 0.313128 0.957470 0.311226 0.956202 0.308690 0.955568 0.304251 0.955568 0.296642 0.956202 0.294740 0.958104 0.293472 0.970152 0.293472 0.975859 0.296008 0.986004 0.302349 0.992345 0.308690 0.995515 0.313128 0.998686 0.319469 0.998686 0.324542 0.998052 0.327078 0.996783 0.328980 0.992979 0.332151 0.988540 0.333419 0.971420 0.333419 0.968250 0.334053 0.962543 0.334053 0.961275 0.332151 0.963177 0.330882
0 0.947325 0.334053 0.941618 0.332785 0.939716 0.331516 0.936546 0.327078 0.934644 0.326444 0.929571 0.326444 0.925766 0.328346 0.918157 0.328346 0.914353 0.327078 0.914353 0.322005 0.918157 0.315030 0.920060 0.313128 0.921328 0.309324 0.926400 0.306787 0.940984 0.306787 0.951130 0.308055 0.953032 0.308690 0.957470 0.311860 0.957470 0.315664 0.958104 0.317567 0.958104 0.333419 0.954300 0.335321
0 0.932741 0.367025 0.921962 0.367025 0.919426 0.368293 0.914353 0.368293 0.912451 0.367659 0.911183 0.363221 0.911183 0.351807 0.911817 0.349271 0.913085 0.345466 0.916889 0.342296 0.921962 0.334053 0.926400 0.332151 0.930839 0.331516 0.939082 0.331516 0.943521 0.332785 0.947325 0.335321 0.947959 0.337223 0.947959 0.346100 0.946691 0.349905 0.946691 0.358148 0.944155 0.365123 0.937814 0.368927
0 0.332031 0.312500 0.335938 0.316406 0.339844 0.316406 0.343750 0.320312 0.343750 0.324219 0.347656 0.328125 0.351562 0.328125 0.355469 0.328125 0.351562 0.332031 0.347656 0.335938 0.347656 0.339844 0.347656 0.343750 0.343750 0.347656 0.339844 0.351562 0.339844 0.359375 0.339844 0.363281 0.335938 0.367188 0.332031 0.367188 0.328125 0.371094 0.328125 0.378906 0.324219 0.382812 0.312500 0.382812 0.308594 0.382812 0.296875 0.394531 0.292969 0.398438 0.289062 0.398438 0.285156 0.394531 0.277344 0.394531 0.273438 0.394531 0.273438 0.382812 0.273438 0.378906 0.277344 0.375000 0.277344 0.371094 0.277344 0.367188 0.281250 0.367188 0.285156 0.363281 0.289062 0.359375 0.289062 0.339844 0.285156 0.335938 0.285156 0.312500 0.285156 0.308594 0.289062 0.308594 0.292969 0.304688 0.300781 0.304688 0.304688 0.304688 0.304688 0.312500 0.304688 0.316406 0.308594 0.320312 0.320312 0.320312 0.324219 0.320312 0.328125 0.316406 0.332031 0.312500
0 0.946057 0.413947 0.952398 0.412045 0.954934 0.408874 0.958739 0.398729 0.960007 0.396827 0.966348 0.393022 0.973957 0.384779 0.977761 0.382877 0.978395 0.380975 0.976493 0.374634 0.975225 0.372098 0.970786 0.367659 0.968250 0.367025 0.966348 0.365123 0.950496 0.365123 0.943521 0.365757 0.932107 0.368927 0.923230 0.375902 0.923230 0.381609 0.925132 0.391120 0.934644 0.405070 0.940350 0.409508
0 0.964844 0.859375 0.980772 0.859875 0.986955 0.877695 1.000000 0.875302 1.000000 0.881292 0.999518 0.913777 0.996094 0.917969 0.980469 0.921875 0.976562 0.921875 0.953125 0.957031 0.949219 0.960938 0.921875 0.964844 0.917969 0.964844 0.906250 0.941406 0.902344 0.937500 0.910156 0.910156 0.928420 0.914241 0.937018 0.878710 0.948148 0.870237 0.964844 0.859375
