0 0.578125 0.062500 0.613281 0.062500 0.617188 0.062500 0.617188 0.066406 0.621094 0.070312 0.621094 0.074219 0.625000 0.078125 0.625000 0.082031 0.621094 0.085938 0.617188 0.085938 0.613281 0.085938 0.609375 0.089844 0.605469 0.089844 0.601562 0.089844 0.597656 0.093750 0.593750 0.093750 0.589844 0.093750 0.589844 0.089844 0.589844 0.085938 0.585938 0.082031 0.582031 0.078125 0.582031 0.070312 0.582031 0.066406 0.578125 0.062500
0 0.121094 0.273438 0.128906 0.273438 0.132812 0.273438 0.132812 0.277344 0.128906 0.281250 0.125000 0.281250 0.121094 0.285156 0.117188 0.289062 0.113281 0.289062 0.109375 0.292969 0.097656 0.292969 0.093750 0.292969 0.093750 0.285156 0.097656 0.281250 0.101562 0.281250 0.105469 0.277344 0.113281 0.277344 0.117188 0.277344 0.121094 0.273438
0 0.250000 0.296875 0.253906 0.300781 0.257812 0.304688 0.253906 0.308594 0.253906 0.320312 0.253906 0.324219 0.250000 0.328125 0.246094 0.328125 0.242188 0.332031 0.242188 0.339844 0.238281 0.343750 0.234375 0.343750 0.230469 0.339844 0.226562 0.339844 0.222656 0.339844 0.218750 0.335938 0.218750 0.328125 0.218750 0.324219 0.222656 0.320312 0.222656 0.316406 0.222656 0.312500 0.226562 0.312500 0.234375 0.304688 0.238281 0.300781 0.242188 0.300781 0.246094 0.300781 0.250000 0.296875
0 0.320312 0.375000 0.324219 0.375000 0.328125 0.375000 0.335938 0.382812 0.339844 0.382812 0.339844 0.386719 0.335938 0.390625 0.332031 0.394531 0.328125 0.394531 0.324219 0.398438 0.320312 0.398438 0.320312 0.390625 0.316406 0.386719 0.316406 0.382812 0.316406 0.378906 0.320312 0.375000
0 0.105469 0.421875 0.117188 0.421875 0.121094 0.421875 0.125000 0.425781 0.128906 0.425781 0.128906 0.441406 0.132812 0.445312 0.125000 0.453125 0.121094 0.457031 0.117188 0.457031 0.117188 0.453125 0.113281 0.449219 0.113281 0.445312 0.109375 0.441406 0.105469 0.441406 0.105469 0.437500 0.101562 0.433594 0.105469 0.429688 0.105469 0.421875
0 0.703125 0.464844 0.710938 0.464844 0.714844 0.464844 0.714844 0.468750 0.718750 0.472656 0.722656 0.472656 0.722656 0.476562 0.722656 0.480469 0.718750 0.484375 0.714844 0.488281 0.714844 0.496094 0.710938 0.500000 0.707031 0.500000 0.703125 0.500000 0.703125 0.492188 0.699219 0.488281 0.703125 0.484375 0.703125 0.464844
0 0.398438 0.527344 0.410156 0.527344 0.414062 0.527344 0.410156 0.531250 0.406250 0.535156 0.398438 0.535156 0.394531 0.539062 0.390625 0.539062 0.386719 0.539062 0.382812 0.535156 0.378906 0.535156 0.382812 0.535156 0.386719 0.531250 0.390625 0.531250 0.394531 0.531250 0.398438 0.527344
0 0.718750 0.597656 0.738281 0.597656 0.742188 0.597656 0.750000 0.605469 0.753906 0.605469 0.750000 0.609375 0.746094 0.613281 0.738281 0.613281 0.734375 0.613281 0.730469 0.617188 0.726562 0.617188 0.722656 0.613281 0.718750 0.609375 0.718750 0.597656
0 0.339844 0.617188 0.343750 0.617188 0.347656 0.617188 0.351562 0.621094 0.355469 0.621094 0.359375 0.621094 0.363281 0.625000 0.363281 0.628906 0.363281 0.632812 0.359375 0.636719 0.351562 0.636719 0.347656 0.636719 0.343750 0.632812 0.339844 0.632812 0.339844 0.617188
0 0.027344 0.664062 0.046875 0.664062 0.050781 0.664062 0.054688 0.667969 0.058594 0.667969 0.062500 0.667969 0.066406 0.671875 0.070312 0.671875 0.070312 0.679688 0.074219 0.683594 0.082031 0.683594 0.085938 0.683594 0.082031 0.687500 0.078125 0.691406 0.074219 0.691406 0.070312 0.695312 0.050781 0.695312 0.046875 0.695312 0.042969 0.691406 0.039062 0.691406 0.035156 0.687500 0.031250 0.687500 0.027344 0.687500 0.023438 0.683594 0.019531 0.679688 0.023438 0.675781 0.023438 0.671875 0.023438 0.667969 0.027344 0.664062
0 0.343750 0.753906 0.351562 0.753906 0.355469 0.753906 0.347656 0.761719 0.343750 0.765625 0.343750 0.769531 0.347656 0.773438 0.347656 0.777344 0.351562 0.781250 0.347656 0.785156 0.347656 0.789062 0.343750 0.785156 0.339844 0.785156 0.335938 0.781250 0.335938 0.777344 0.335938 0.773438 0.339844 0.773438 0.343750 0.769531 0.343750 0.753906
0 0.769531 0.753906 0.804688 0.753906 0.808594 0.753906 0.812500 0.757812 0.816406 0.757812 0.820312 0.757812 0.824219 0.761719 0.828125 0.761719 0.828125 0.765625 0.832031 0.769531 0.832031 0.777344 0.832031 0.781250 0.824219 0.789062 0.820312 0.792969 0.816406 0.792969 0.812500 0.792969 0.808594 0.796875 0.800781 0.796875 0.796875 0.796875 0.792969 0.800781 0.789062 0.804688 0.789062 0.824219 0.785156 0.828125 0.781250 0.828125 0.777344 0.828125 0.773438 0.824219 0.769531 0.820312 0.769531 0.781250 0.769531 0.777344 0.765625 0.773438 0.765625 0.765625 0.761719 0.761719 0.769531 0.753906
0 0.367188 0.976562 0.398438 0.976562 0.402344 0.976562 0.402344 0.992188 0.402344 0.996094 0.406250 1.000000 0.410156 1.000000 0.410156 1.000000 0.363281 1.000000 0.363281 0.992188 0.359375 0.988281 0.359375 0.984375 0.359375 0.980469 0.363281 0.980469 0.367188 0.976562
