0 0.203556 0.195647 0.207422 0.199414 0.209657 0.200144 0.211289 0.209096 0.209262 0.211214 0.206563 0.221404 0.195400 0.221981 0.190438 0.215240 0.190804 0.212215 0.191832 0.208279 0.188159 0.206325 0.188881 0.196257 0.191616 0.194725
0 0.497266 0.627930 0.494289 0.630792 0.492188 0.632812 0.480469 0.638086 0.475391 0.625586 0.479297 0.618555 0.481306 0.616574 0.483582 0.614330 0.493101 0.617804 0.495313 0.620117
0 0.612316 0.876895 0.612499 0.875081 0.611836 0.873932 0.613643 0.872731 0.615451 0.871530 0.615557 0.871460 0.617578 0.870117 0.628516 0.877148 0.632422 0.887695 0.628906 0.890625 0.615625 0.889258 0.612500 0.881836 0.612373 0.880323 0.612364 0.880222 0.612195 0.878204 0.612195 0.878103
0 0.402074 0.032011 0.404612 0.032010 0.407073 0.032746 0.408483 0.034361 0.409398 0.036682 0.409952 0.039428 0.411533 0.041633 0.413917 0.042806 0.416338 0.043600 0.420833 0.046255 0.422468 0.047997 0.422548 0.050745 0.422279 0.053451 0.421740 0.056157 0.421740 0.057908 0.422548 0.057908 0.421002 0.059807 0.417507 0.061713 0.415527 0.063271 0.411780 0.067384 0.408161 0.071821 0.406250 0.073827 0.404388 0.075369 0.402006 0.070857 0.400230 0.068436 0.398341 0.066232 0.395968 0.064820 0.393182 0.064157 0.390782 0.063991 0.389845 0.062295 0.389746 0.059674 0.390015 0.056989 0.389377 0.051195 0.389243 0.048534 0.389635 0.045902 0.390560 0.043408 0.392977 0.038648 0.395254 0.033738 0.396559 0.031834
0 0.664453 0.197852 0.670313 0.207617 0.671875 0.218750 0.670313 0.221289 0.653906 0.222852 0.643359 0.213867 0.639844 0.208398 0.644141 0.202148 0.653906 0.199805 0.658998 0.198862
0 0.523828 0.347461 0.525000 0.336914 0.517969 0.329492 0.523828 0.323242 0.525533 0.322306 0.525777 0.322172 0.531136 0.319230 0.535764 0.316689 0.550000 0.316211 0.558203 0.313086 0.566406 0.320312 0.565234 0.330664 0.574609 0.338867 0.567077 0.339508 0.563311 0.339829 0.556250 0.340430 0.550391 0.344727 0.541797 0.343945 0.537891 0.347461
0 0.692652 0.936472 0.692898 0.933555 0.703954 0.934029 0.702836 0.922491 0.702884 0.922080 0.705100 0.919883 0.709507 0.916118 0.709792 0.913984 0.709413 0.909542 0.711201 0.907618 0.718538 0.913434 0.723748 0.913271 0.725752 0.913209 0.734168 0.912946 0.735312 0.921777 0.736789 0.924244 0.740283 0.926515 0.742361 0.931415 0.747209 0.935532 0.747606 0.937862 0.744997 0.940432 0.743363 0.946374 0.739705 0.950961 0.739474 0.951149 0.734016 0.953301 0.732536 0.953735 0.728049 0.954886 0.722284 0.956831 0.721879 0.956905 0.709945 0.949763 0.708312 0.953525 0.703746 0.954605 0.702706 0.955326 0.696737 0.953619 0.693573 0.953729 0.689835 0.953092 0.691027 0.952126 0.693983 0.951122 0.693983 0.949698 0.691810 0.945260 0.690664 0.941399 0.691719 0.940434
0 0.049443 0.199291 0.061560 0.214981 0.060938 0.229492 0.050506 0.234845 0.050202 0.253319 0.027185 0.253993 0.018271 0.253367 0.019451 0.250422 0.006626 0.249182 0.003921 0.245486 0.000000 0.242012 0.000000 0.223110 0.000630 0.222514 0.007579 0.223041 0.006892 0.203903 0.007101 0.195509 0.034216 0.195402 0.034852 0.198915
0 0.069531 0.466211 0.060156 0.458789 0.064233 0.455080 0.069922 0.453320 0.073047 0.449414 0.073631 0.442592 0.088621 0.438198 0.095312 0.439648 0.110156 0.449805 0.125781 0.441992 0.140625 0.449219 0.150000 0.461914 0.143055 0.468583 0.133984 0.473633 0.137891 0.488867 0.125000 0.503906 0.117578 0.505273 0.101562 0.515625 0.082812 0.511523 0.079486 0.501030 0.077734 0.495508 0.071875 0.487305 0.076953 0.484180 0.073370 0.475505
0 0.992188 0.418945 0.984766 0.415820 0.974609 0.429102 0.973734 0.424549 0.972656 0.418945 0.966797 0.418164 0.960938 0.422852 0.955078 0.418555 0.948438 0.425977 0.935781 0.400625 0.912609 0.377453 0.906343 0.370926 0.917969 0.349805 0.910156 0.328125 0.925781 0.326758 0.933594 0.308594 0.955950 0.313873 0.982363 0.337039 1.000000 0.343414 1.000000 0.356774 0.998438 0.358008 1.000000 0.358008 1.000000 0.410944 0.997656 0.410352
0 0.371094 0.359375 0.378906 0.363281 0.382812 0.363281 0.386719 0.378906 0.382812 0.382812 0.367188 0.378906 0.363281 0.378906 0.363281 0.375000 0.359375 0.371094 0.371094 0.359375
0 0.785156 0.000000 0.785156 0.000000 0.785156 0.003906 0.761719 0.011719 0.757812 0.011719 0.753906 0.007812 0.750000 0.003906 0.752930 0.000000
0 0.535156 0.000000 0.546875 0.003906 0.550781 0.003906 0.550781 0.019531 0.550781 0.023438 0.535156 0.023438 0.531250 0.019531 0.535156 0.000000
0 0.019352 0.040172 0.013680 0.039542 0.011160 0.040172 0.001707 0.040172 0.001077 0.038282 0.000000 0.037205 0.000000 0.024943 0.000446 0.023157 0.003597 0.014964 0.009269 0.011183 0.013050 0.011183 0.014941 0.011813 0.019982 0.014964 0.021243 0.016855 0.021873 0.018746 0.021873 0.032610
0 0.756421 0.241695 0.761493 0.236623 0.764029 0.223943 0.769946 0.213799 0.778399 0.213799 0.780935 0.216335 0.783471 0.228170 0.775863 0.238313 0.773327 0.247612 0.771636 0.250148 0.765719 0.250993 0.760647 0.248457
0 0.099295 0.666627 0.094160 0.659292 0.091960 0.654891 0.089759 0.648290 0.089759 0.646089 0.093427 0.642422 0.093427 0.640222 0.096361 0.633620 0.105163 0.633620 0.110297 0.638021 0.111030 0.640222 0.111030 0.649023 0.112497 0.651224 0.112497 0.662959 0.111030 0.667360 0.108830 0.667360 0.107363 0.668827
0 0.212643 0.446274 0.197941 0.446274 0.191258 0.444492 0.187249 0.441373 0.185021 0.441373 0.183239 0.440482 0.182348 0.438700 0.184130 0.436918 0.186358 0.436918 0.188140 0.436027 0.190367 0.436027 0.194822 0.434691 0.195268 0.432463 0.204178 0.432018 0.209079 0.432909 0.213088 0.435582 0.214424 0.437364 0.214870 0.442264
0 0.177448 0.403951 0.171211 0.403951 0.165865 0.401278 0.163637 0.391923 0.163637 0.387468 0.165419 0.386577 0.177893 0.386577 0.182348 0.388359 0.183685 0.392368 0.184130 0.396823 0.183239 0.398605 0.181457 0.399496 0.180566 0.401278
0 0.230848 0.231362 0.251059 0.231362 0.253585 0.227432 0.253585 0.223502 0.254427 0.221537 0.254427 0.219011 0.252743 0.217888 0.237304 0.217888 0.235339 0.218169 0.234497 0.220134 0.232532 0.220976 0.228321 0.221257 0.228041 0.229678
0 1.000000 0.173287 0.996930 0.175699 0.994657 0.179393 0.988689 0.182235 0.985280 0.184793 0.983006 0.185361 0.977891 0.185361 0.975902 0.184509 0.974482 0.180246 0.975902 0.178825 0.976471 0.172573 0.981870 0.166606 0.987553 0.163764 0.997499 0.163764 1.000000 0.167228
0 0.910083 0.251161 0.902549 0.251161 0.900837 0.249107 0.900152 0.247052 0.896043 0.246709 0.894330 0.245682 0.892275 0.241915 0.884741 0.238148 0.884741 0.236093 0.887824 0.233354 0.907686 0.233354 0.909398 0.234381 0.910426 0.236436 0.910768 0.247052
0 0.709079 0.142538 0.698480 0.141723 0.696441 0.140500 0.694811 0.138054 0.694403 0.136015 0.695626 0.127454 0.696849 0.125823 0.698480 0.124193 0.702556 0.122970 0.704595 0.123377 0.710302 0.129900 0.711525 0.140092
0 0.524807 0.079755 0.521545 0.080571 0.508499 0.080978 0.506053 0.079348 0.498307 0.071194 0.496269 0.070379 0.491784 0.066302 0.486484 0.059779 0.485669 0.057740 0.486484 0.045510 0.492600 0.045102 0.493007 0.047548 0.494230 0.049179 0.498307 0.049179 0.498715 0.051218 0.498307 0.053256 0.497084 0.054887 0.498307 0.056517 0.500346 0.056925 0.501977 0.058148 0.508092 0.066709 0.514207 0.067525 0.515430 0.074048 0.519507 0.074048 0.523584 0.072825 0.525622 0.073232 0.524399 0.075271
0 0.911795 0.814659 0.908797 0.815408 0.906174 0.814284 0.904676 0.812785 0.903177 0.810912 0.901304 0.805666 0.897932 0.801920 0.897557 0.799672 0.897557 0.797424 0.901304 0.794052 0.910296 0.790305 0.912544 0.790305 0.915916 0.792928 0.918538 0.797049 0.918538 0.799297 0.920037 0.800796 0.922285 0.801545 0.924159 0.805292 0.924159 0.810162 0.920412 0.812785 0.915916 0.813909
0 0.607628 0.700963 0.600225 0.705898 0.597758 0.706514 0.597141 0.708982 0.595291 0.710216 0.587888 0.712066 0.582954 0.712066 0.578018 0.710832 0.576785 0.708982 0.580486 0.705898 0.582954 0.702196 0.582954 0.699729 0.584804 0.697262 0.594673 0.694794 0.603310 0.694794 0.603927 0.697262
