0 1.000000 0.425528 1.000000 0.425537 0.992843 0.421959 0.991651 0.420170 0.986282 0.415398 0.983897 0.411223 0.982704 0.406451 0.982704 0.404065 0.976739 0.396311 0.974950 0.395118 0.970775 0.390347 0.970775 0.387961 0.966003 0.377821 0.964214 0.375436 0.957056 0.370664 0.954074 0.369471 0.952285 0.367682 0.950495 0.362910 0.950495 0.351577 0.949302 0.339052 0.951688 0.336666 0.955863 0.334280 0.958249 0.333684 0.968389 0.333684 0.971968 0.332491 0.979125 0.331895 0.980914 0.330702 0.982107 0.328912 0.989265 0.326526 0.994633 0.326526 0.997019 0.327123 1.000000 0.329110 1.000000 0.330106 0.999405 0.330702 0.997615 0.334280 0.998212 0.343823 0.999405 0.351577 1.000000 0.354257 1.000000 0.358538 0.998808 0.361717 0.999405 0.371260 0.999405 0.379014 0.997615 0.381996 0.998808 0.387961 0.998808 0.413609 0.999405 0.418380
0 0.982107 0.324141 0.977336 0.324141 0.975546 0.322948 0.974354 0.321158 0.968389 0.316983 0.965407 0.312211 0.964214 0.305054 0.965407 0.303264 0.970178 0.300282 0.973757 0.299089 0.983300 0.291336 0.985686 0.290739 0.991651 0.286564 0.994633 0.285371 0.995826 0.283582 0.997615 0.282389 0.998808 0.282985 0.999405 0.285371 1.000000 0.293115 1.000000 0.302670 0.998808 0.305054 0.998212 0.309825 0.998212 0.316983 0.998808 0.319369 1.000000 0.321157 1.000000 0.321159 0.998808 0.322948 0.996422 0.324141 0.991054 0.325333 0.988072 0.325333
0 0.538943 0.381996 0.530592 0.376629 0.525820 0.368278 0.523435 0.359928 0.521049 0.356349 0.516277 0.354560 0.512698 0.350981 0.512102 0.348595 0.510909 0.346806 0.510909 0.342034 0.509716 0.340245 0.509716 0.334877 0.511505 0.333684 0.512698 0.331895 0.513295 0.328912 0.517470 0.320562 0.517470 0.311018 0.516277 0.297300 0.519856 0.293721 0.528206 0.293721 0.531189 0.294318 0.533574 0.296107 0.538943 0.297896 0.540732 0.299686 0.550871 0.300282 0.552661 0.302071 0.553854 0.304457 0.555046 0.315194 0.556836 0.316387 0.562800 0.317579 0.565186 0.318772 0.566379 0.320562 0.568765 0.321158 0.571747 0.324737 0.572344 0.330105 0.572344 0.336070 0.571747 0.338455 0.571747 0.367682 0.569958 0.372453 0.563993 0.374243 0.562204 0.376629 0.560415 0.377821 0.558029 0.381400 0.550871 0.384382 0.543118 0.384382
0 0.773438 0.000000 0.773438 0.000000 0.777344 0.003906 0.777344 0.011719 0.777344 0.015625 0.773438 0.019531 0.765625 0.019531 0.761719 0.019531 0.757812 0.023438 0.753906 0.023438 0.750000 0.027344 0.746094 0.027344 0.738281 0.035156 0.734375 0.039062 0.718750 0.039062 0.714844 0.039062 0.710938 0.035156 0.707031 0.035156 0.703125 0.035156 0.703125 0.019531 0.707031 0.015625 0.707031 0.000000
0 0.445312 0.042969 0.453125 0.042969 0.457031 0.042969 0.457031 0.062500 0.457031 0.066406 0.460938 0.070312 0.460938 0.082031 0.464844 0.085938 0.457031 0.093750 0.453125 0.097656 0.429688 0.097656 0.425781 0.097656 0.421875 0.101562 0.414062 0.101562 0.410156 0.101562 0.410156 0.093750 0.410156 0.089844 0.414062 0.089844 0.417969 0.085938 0.417969 0.070312 0.417969 0.066406 0.425781 0.058594 0.429688 0.054688 0.433594 0.054688 0.437500 0.050781 0.437500 0.046875 0.441406 0.046875 0.445312 0.042969
0 0.054688 0.292969 0.062500 0.292969 0.066406 0.292969 0.070312 0.296875 0.074219 0.296875 0.078125 0.300781 0.082031 0.304688 0.082031 0.312500 0.085938 0.316406 0.082031 0.320312 0.082031 0.324219 0.074219 0.332031 0.070312 0.335938 0.066406 0.335938 0.062500 0.332031 0.062500 0.328125 0.058594 0.324219 0.050781 0.324219 0.046875 0.320312 0.046875 0.300781 0.046875 0.296875 0.050781 0.296875 0.054688 0.292969
0 0.000000 0.574219 0.007812 0.582031 0.007812 0.585938 0.003906 0.589844 0.000000 0.589844 0.000000 0.589844
0 0.203125 0.707031 0.210938 0.707031 0.214844 0.707031 0.222656 0.714844 0.226562 0.714844 0.230469 0.718750 0.230469 0.734375 0.226562 0.738281 0.210938 0.738281 0.207031 0.734375 0.207031 0.730469 0.203125 0.726562 0.199219 0.722656 0.199219 0.718750 0.199219 0.714844 0.203125 0.710938 0.203125 0.707031
0 0.898438 0.890625 0.914062 0.890625 0.917969 0.890625 0.921875 0.894531 0.925781 0.894531 0.929688 0.894531 0.925781 0.894531 0.921875 0.898438 0.921875 0.910156 0.917969 0.914062 0.902344 0.914062 0.898438 0.914062 0.898438 0.910156 0.894531 0.906250 0.894531 0.902344 0.894531 0.898438 0.898438 0.894531 0.898438 0.890625
0 0.953125 0.968750 0.976562 0.968750 0.980469 0.968750 0.984375 0.972656 0.988281 0.976562 0.992188 0.976562 0.996094 0.976562 0.996094 1.000000 0.996094 1.000000 0.917969 1.000000 0.917969 0.996094 0.917969 0.992188 0.921875 0.988281 0.921875 0.984375 0.925781 0.980469 0.929688 0.980469 0.933594 0.976562 0.937500 0.976562 0.941406 0.976562 0.945312 0.972656 0.949219 0.972656 0.953125 0.968750
