0 0.269531 0.000000 0.269531 0.007812 0.269531 0.011719 0.265625 0.015625 0.261719 0.019531 0.253906 0.019531 0.250000 0.019531 0.246094 0.015625 0.234375 0.015625 0.230469 0.019531 0.230469 0.039062 0.234375 0.042969 0.234375 0.050781 0.230469 0.054688 0.230469 0.070312 0.230469 0.074219 0.226562 0.078125 0.222656 0.082031 0.214844 0.082031 0.210938 0.082031 0.207031 0.078125 0.203125 0.074219 0.203125 0.070312 0.195312 0.062500 0.195312 0.058594 0.191406 0.054688 0.187500 0.054688 0.179688 0.046875 0.175781 0.046875 0.156250 0.027344 0.152344 0.027344 0.148438 0.023438 0.148438 0.019531 0.140625 0.011719 0.136719 0.011719 0.136719 0.007812 0.132812 0.003906 0.128906 0.000000 0.128906 0.000000
0 0.660156 0.000000 0.660156 0.000000 0.664062 0.003906 0.664062 0.007812 0.664062 0.011719 0.660156 0.015625 0.656250 0.019531 0.632812 0.019531 0.628906 0.023438 0.625000 0.019531 0.617188 0.019531 0.613281 0.019531 0.609375 0.015625 0.605469 0.011719 0.605469 0.000000
0 0.707031 0.128906 0.710938 0.128906 0.714844 0.128906 0.714844 0.140625 0.714844 0.144531 0.718750 0.148438 0.722656 0.148438 0.722656 0.152344 0.726562 0.156250 0.730469 0.160156 0.730469 0.164062 0.734375 0.167969 0.734375 0.171875 0.738281 0.175781 0.734375 0.179688 0.734375 0.183594 0.730469 0.187500 0.722656 0.187500 0.718750 0.191406 0.714844 0.187500 0.714844 0.183594 0.714844 0.179688 0.710938 0.175781 0.707031 0.171875 0.707031 0.167969 0.707031 0.164062 0.703125 0.160156 0.699219 0.156250 0.695312 0.156250 0.691406 0.152344 0.691406 0.148438 0.691406 0.144531 0.695312 0.140625 0.695312 0.136719 0.699219 0.132812 0.703125 0.132812 0.707031 0.128906
0 0.554688 0.195312 0.574219 0.195312 0.578125 0.195312 0.578125 0.207031 0.578125 0.210938 0.570312 0.218750 0.566406 0.222656 0.562500 0.218750 0.558594 0.218750 0.554688 0.218750 0.554688 0.214844 0.550781 0.210938 0.554688 0.207031 0.554688 0.195312
0 0.753906 0.230469 0.757812 0.234375 0.761719 0.234375 0.765625 0.238281 0.769531 0.242188 0.773438 0.242188 0.777344 0.242188 0.777344 0.246094 0.777344 0.250000 0.781250 0.253906 0.781250 0.257812 0.785156 0.261719 0.789062 0.261719 0.792969 0.265625 0.796875 0.269531 0.796875 0.273438 0.792969 0.277344 0.781250 0.277344 0.777344 0.277344 0.773438 0.273438 0.769531 0.273438 0.765625 0.273438 0.761719 0.269531 0.757812 0.269531 0.753906 0.269531 0.750000 0.265625 0.746094 0.261719 0.746094 0.257812 0.742188 0.253906 0.738281 0.250000 0.738281 0.246094 0.734375 0.242188 0.734375 0.238281 0.734375 0.234375 0.746094 0.234375 0.750000 0.234375 0.753906 0.230469
0 0.582031 0.519531 0.601562 0.519531 0.605469 0.519531 0.605469 0.523438 0.609375 0.527344 0.613281 0.527344 0.609375 0.531250 0.609375 0.535156 0.605469 0.539062 0.605469 0.546875 0.601562 0.550781 0.578125 0.550781 0.574219 0.546875 0.574219 0.539062 0.574219 0.535156 0.578125 0.531250 0.582031 0.527344 0.582031 0.519531
0 0.007812 0.554688 0.019531 0.554688 0.023438 0.554688 0.027344 0.558594 0.031250 0.558594 0.035156 0.558594 0.039062 0.562500 0.042969 0.566406 0.050781 0.566406 0.054688 0.566406 0.058594 0.562500 0.070312 0.562500 0.074219 0.562500 0.078125 0.566406 0.082031 0.570312 0.082031 0.597656 0.082031 0.601562 0.085938 0.605469 0.085938 0.617188 0.085938 0.621094 0.082031 0.625000 0.078125 0.628906 0.078125 0.644531 0.078125 0.648438 0.074219 0.652344 0.070312 0.656250 0.058594 0.656250 0.054688 0.656250 0.050781 0.660156 0.050781 0.664062 0.046875 0.667969 0.042969 0.667969 0.039062 0.667969 0.035156 0.671875 0.031250 0.671875 0.027344 0.671875 0.023438 0.675781 0.023438 0.679688 0.019531 0.683594 0.015625 0.687500 0.000000 0.687500 0.000000 0.562500 0.000000 0.562500 0.007812 0.554688
0 0.699219 0.558594 0.718750 0.558594 0.722656 0.558594 0.722656 0.566406 0.722656 0.570312 0.718750 0.574219 0.718750 0.582031 0.714844 0.585938 0.707031 0.585938 0.703125 0.585938 0.703125 0.574219 0.703125 0.570312 0.699219 0.566406 0.699219 0.558594
0 0.746094 0.601562 0.750000 0.601562 0.753906 0.601562 0.757812 0.605469 0.761719 0.605469 0.765625 0.609375 0.765625 0.613281 0.769531 0.617188 0.769531 0.625000 0.773438 0.628906 0.773438 0.632812 0.761719 0.644531 0.757812 0.648438 0.757812 0.664062 0.757812 0.667969 0.761719 0.671875 0.761719 0.675781 0.765625 0.679688 0.765625 0.683594 0.769531 0.687500 0.769531 0.691406 0.773438 0.695312 0.773438 0.710938 0.773438 0.714844 0.765625 0.722656 0.761719 0.726562 0.757812 0.726562 0.753906 0.730469 0.738281 0.730469 0.734375 0.734375 0.710938 0.734375 0.707031 0.734375 0.703125 0.730469 0.699219 0.726562 0.671875 0.726562 0.667969 0.726562 0.660156 0.718750 0.656250 0.714844 0.656250 0.699219 0.656250 0.695312 0.652344 0.691406 0.648438 0.687500 0.648438 0.675781 0.648438 0.671875 0.652344 0.667969 0.652344 0.664062 0.652344 0.660156 0.660156 0.652344 0.660156 0.648438 0.664062 0.648438 0.667969 0.644531 0.675781 0.644531 0.679688 0.644531 0.683594 0.640625 0.683594 0.636719 0.691406 0.628906 0.691406 0.625000 0.699219 0.625000 0.703125 0.625000 0.710938 0.617188 0.714844 0.613281 0.718750 0.613281 0.722656 0.613281 0.726562 0.609375 0.730469 0.609375 0.734375 0.605469 0.738281 0.605469 0.742188 0.605469 0.746094 0.601562
0 0.250000 0.789062 0.281250 0.789062 0.285156 0.789062 0.289062 0.792969 0.296875 0.792969 0.300781 0.792969 0.304688 0.796875 0.308594 0.800781 0.312500 0.800781 0.316406 0.800781 0.320312 0.804688 0.320312 0.808594 0.320312 0.812500 0.312500 0.820312 0.308594 0.824219 0.308594 0.828125 0.308594 0.832031 0.300781 0.839844 0.296875 0.843750 0.285156 0.843750 0.281250 0.843750 0.277344 0.839844 0.269531 0.839844 0.265625 0.839844 0.257812 0.832031 0.253906 0.828125 0.250000 0.828125 0.246094 0.828125 0.246094 0.800781 0.246094 0.796875 0.250000 0.792969 0.250000 0.789062
0 0.664070 0.941844 0.664070 0.933563 0.663328 0.933315 0.647631 0.933563 0.648126 0.945551 0.656901 0.945551 0.657148 0.941844
