0 0.664062 0.003906 0.671875 0.003906 0.675781 0.007812 0.675781 0.011719 0.675781 0.015625 0.664062 0.027344 0.661564 0.024270 0.660156 0.019531 0.660156 0.011719 0.660156 0.007812 0.664062 0.003906
0 0.000000 0.007812 0.003906 0.007812 0.007812 0.007812 0.007812 0.015625 0.007812 0.019531 0.003906 0.023438 0.000000 0.027344 0.000000 0.027344
0 0.628906 0.015625 0.632812 0.015625 0.636719 0.015625 0.640625 0.019531 0.644531 0.019531 0.640625 0.023438 0.640625 0.027344 0.640625 0.031250 0.636719 0.035156 0.632812 0.039062 0.628906 0.039062 0.625000 0.039062 0.621094 0.042969 0.617188 0.042969 0.613281 0.046875 0.609375 0.046875 0.601562 0.039062 0.597656 0.035156 0.597656 0.023438 0.601562 0.019531 0.621094 0.019531 0.625000 0.019531 0.628906 0.015625
0 0.164062 0.019531 0.167969 0.019531 0.171875 0.019531 0.171875 0.023438 0.175781 0.027344 0.183594 0.027344 0.187500 0.027344 0.187500 0.031250 0.191406 0.035156 0.191406 0.039062 0.187500 0.042969 0.175781 0.042969 0.171875 0.042969 0.167969 0.046875 0.164062 0.046875 0.160156 0.042969 0.160156 0.035156 0.156250 0.031250 0.160156 0.027344 0.160156 0.023438 0.164062 0.019531
0 0.839844 0.031250 0.851562 0.031250 0.855469 0.035156 0.855469 0.046875 0.855469 0.050781 0.847656 0.058594 0.843750 0.062500 0.843750 0.066406 0.839844 0.070312 0.835938 0.070312 0.832031 0.066406 0.832031 0.062500 0.828125 0.058594 0.828125 0.046875 0.828125 0.042969 0.839844 0.031250
0 0.285156 0.035156 0.289062 0.035156 0.292969 0.035156 0.292969 0.046875 0.296875 0.050781 0.292969 0.050781 0.289062 0.054688 0.285156 0.050781 0.285156 0.035156
0 0.007812 0.058594 0.011719 0.058594 0.015625 0.058594 0.011719 0.062500 0.011719 0.066406 0.003906 0.074219 0.000000 0.078125 0.000000 0.078125 0.000000 0.062500 0.000000 0.062500 0.003906 0.062500 0.007812 0.058594
0 0.730469 0.058594 0.738281 0.058594 0.742188 0.058594 0.746094 0.062500 0.750000 0.062500 0.750000 0.070312 0.750000 0.074219 0.757812 0.082031 0.761719 0.085938 0.765625 0.085938 0.769531 0.089844 0.773438 0.089844 0.773438 0.093750 0.777344 0.097656 0.773438 0.101562 0.769531 0.105469 0.769531 0.113281 0.769531 0.117188 0.761719 0.125000 0.757812 0.128906 0.757812 0.140625 0.757812 0.144531 0.753906 0.148438 0.750000 0.152344 0.750000 0.156250 0.746094 0.160156 0.742188 0.164062 0.742188 0.175781 0.742188 0.179688 0.746094 0.183594 0.746094 0.187500 0.746094 0.191406 0.742188 0.195312 0.738281 0.195312 0.734375 0.195312 0.726562 0.203125 0.722656 0.207031 0.718750 0.203125 0.714844 0.199219 0.707031 0.199219 0.703125 0.199219 0.699219 0.203125 0.695312 0.207031 0.695312 0.210938 0.691406 0.214844 0.664062 0.214844 0.660156 0.218750 0.660156 0.214844 0.656250 0.210938 0.660156 0.207031 0.660156 0.191406 0.664062 0.187500 0.664062 0.167969 0.660156 0.164062 0.660156 0.117188 0.660156 0.113281 0.667969 0.105469 0.671875 0.101562 0.675781 0.101562 0.679688 0.101562 0.683594 0.097656 0.691406 0.097656 0.695312 0.097656 0.699219 0.093750 0.699219 0.089844 0.699219 0.085938 0.703125 0.082031 0.703125 0.078125 0.707031 0.078125 0.710938 0.074219 0.710938 0.070312 0.714844 0.066406 0.718750 0.062500 0.722656 0.062500 0.726562 0.062500 0.730469 0.058594
0 0.304688 0.074219 0.324219 0.074219 0.328125 0.078125 0.324219 0.082031 0.324219 0.085938 0.320312 0.089844 0.320312 0.093750 0.320312 0.097656 0.316406 0.101562 0.312500 0.105469 0.308594 0.105469 0.304688 0.105469 0.304688 0.101562 0.300781 0.097656 0.296875 0.097656 0.292969 0.097656 0.292969 0.089844 0.289062 0.085938 0.292969 0.085938 0.296875 0.082031 0.300781 0.082031 0.304688 0.078125 0.304688 0.074219
0 0.992188 0.082031 0.999454 0.078125 0.998494 0.109375 0.998014 0.116161 0.992188 0.117188 0.988281 0.117188 0.984375 0.113281 0.984375 0.097656 0.980469 0.093750 0.992188 0.082031
0 0.242188 0.121094 0.246094 0.121094 0.250000 0.121094 0.253906 0.125000 0.257812 0.125000 0.261719 0.128906 0.257812 0.132812 0.257812 0.136719 0.257812 0.140625 0.253906 0.144531 0.250000 0.148438 0.246094 0.144531 0.242188 0.144531 0.242188 0.121094
0 0.898438 0.121094 0.910156 0.121094 0.914062 0.121094 0.914062 0.136719 0.910156 0.140625 0.898438 0.140625 0.894531 0.140625 0.894531 0.128906 0.894531 0.125000 0.898007 0.121524 0.898438 0.121094
0 0.132812 0.125000 0.144531 0.125000 0.148438 0.125000 0.148438 0.128906 0.148438 0.132812 0.144531 0.136719 0.140625 0.140625 0.136719 0.136719 0.132812 0.136719 0.128906 0.136719 0.128906 0.132812 0.128906 0.128906 0.132812 0.125000
0 0.031250 0.140625 0.039062 0.140625 0.042969 0.140625 0.046875 0.144531 0.046875 0.148438 0.050781 0.152344 0.046875 0.156250 0.046875 0.171875 0.046875 0.175781 0.042969 0.179688 0.039062 0.183594 0.035156 0.183594 0.031250 0.179688 0.027344 0.175781 0.027344 0.167969 0.031250 0.164062 0.031250 0.140625
0 0.441406 0.179688 0.453125 0.179688 0.457031 0.179688 0.457031 0.183594 0.457031 0.187500 0.460938 0.191406 0.464844 0.191406 0.468750 0.195312 0.468750 0.199219 0.472656 0.203125 0.472656 0.210938 0.476562 0.214844 0.472656 0.214844 0.468750 0.218750 0.464844 0.218750 0.460938 0.218750 0.457031 0.222656 0.453125 0.226562 0.449219 0.226562 0.445312 0.230469 0.441406 0.230469 0.441406 0.226562 0.437500 0.222656 0.433594 0.222656 0.433594 0.195312 0.429688 0.191406 0.433594 0.187500 0.433594 0.183594 0.437500 0.183594 0.441406 0.179688
0 0.835938 0.191406 0.839844 0.191406 0.843750 0.191406 0.843750 0.195312 0.843750 0.199219 0.847656 0.203125 0.847656 0.207031 0.847656 0.210938 0.851562 0.214844 0.851562 0.218750 0.855469 0.222656 0.855469 0.226562 0.859375 0.230469 0.871094 0.230469 0.875000 0.230469 0.875000 0.234375 0.871094 0.238281 0.863281 0.238281 0.859375 0.238281 0.859375 0.234375 0.855469 0.230469 0.851562 0.234375 0.839844 0.234375 0.835938 0.238281 0.832031 0.238281 0.828125 0.234375 0.824219 0.234375 0.820312 0.234375 0.820312 0.226562 0.816406 0.222656 0.824219 0.214844 0.828125 0.210938 0.828125 0.199219 0.828125 0.195312 0.832031 0.195312 0.835938 0.191406
0 0.105469 0.199219 0.117188 0.199219 0.121094 0.203125 0.121094 0.210938 0.121094 0.214844 0.113281 0.222656 0.109375 0.226562 0.109375 0.222656 0.105469 0.218750 0.105469 0.199219
0 0.730469 0.222656 0.734375 0.222656 0.738281 0.222656 0.738281 0.226562 0.738281 0.230469 0.734375 0.234375 0.734375 0.242188 0.734375 0.246094 0.730469 0.250000 0.722656 0.250000 0.718750 0.250000 0.714844 0.246094 0.714844 0.242188 0.710938 0.238281 0.718750 0.238281 0.722656 0.238281 0.726562 0.234375 0.726562 0.230469 0.730469 0.226562 0.730469 0.222656
0 0.492188 0.250000 0.507812 0.250000 0.511719 0.250000 0.511719 0.257812 0.511719 0.261719 0.507812 0.265625 0.500000 0.265625 0.496094 0.265625 0.492188 0.261719 0.488281 0.261719 0.484375 0.261719 0.484375 0.257812 0.484375 0.253906 0.488281 0.253906 0.492188 0.250000
0 0.156250 0.261719 0.167969 0.261719 0.171875 0.261719 0.175781 0.265625 0.183594 0.265625 0.187500 0.265625 0.187500 0.269531 0.191406 0.273438 0.191406 0.277344 0.187500 0.281250 0.187500 0.285156 0.179688 0.292969 0.175781 0.296875 0.167969 0.296875 0.164062 0.296875 0.164062 0.292969 0.164062 0.289062 0.160156 0.285156 0.156250 0.281250 0.156250 0.277344 0.152344 0.273438 0.152344 0.269531 0.152344 0.265625 0.156250 0.261719
0 0.109375 0.289062 0.117188 0.289062 0.121094 0.289062 0.121094 0.292969 0.125000 0.296875 0.121094 0.300781 0.117188 0.304688 0.109375 0.304688 0.105469 0.304688 0.105469 0.300781 0.105469 0.296875 0.109375 0.292969 0.109375 0.289062
0 0.792969 0.332031 0.796875 0.332031 0.800781 0.332031 0.800781 0.339844 0.800781 0.343750 0.796875 0.347656 0.792969 0.351562 0.789062 0.351562 0.785156 0.351562 0.785156 0.347656 0.781250 0.343750 0.785156 0.339844 0.785156 0.335938 0.789062 0.335938 0.792969 0.332031
0 0.246094 0.363281 0.257812 0.363281 0.261719 0.363281 0.261719 0.367188 0.261719 0.371094 0.257812 0.375000 0.250000 0.375000 0.246094 0.375000 0.246094 0.363281
0 0.000000 0.402344 0.007812 0.402344 0.011719 0.402344 0.011719 0.410156 0.011719 0.414062 0.015625 0.417969 0.019531 0.417969 0.027344 0.425781 0.031250 0.425781 0.031250 0.429688 0.031250 0.433594 0.027344 0.437500 0.023438 0.441406 0.015625 0.441406 0.011719 0.441406 0.007812 0.437500 0.000000 0.437500 0.000000 0.437500
0 0.800781 0.425781 0.804688 0.425781 0.808594 0.425781 0.812500 0.429688 0.812500 0.437500 0.812500 0.441406 0.808594 0.445312 0.804688 0.445312 0.800781 0.445312 0.796875 0.449219 0.792969 0.449219 0.792969 0.437500 0.792969 0.433594 0.796875 0.433594 0.800781 0.429688 0.800781 0.425781
0 0.480469 0.492188 0.484375 0.492188 0.488281 0.492188 0.488281 0.496094 0.492188 0.500000 0.492188 0.503906 0.492188 0.507812 0.488281 0.511719 0.472656 0.511719 0.468750 0.511719 0.464844 0.507812 0.464844 0.500000 0.464844 0.496094 0.472656 0.496094 0.476562 0.496094 0.480469 0.492188
0 0.312500 0.539062 0.320312 0.546875 0.324219 0.550781 0.328125 0.550781 0.332031 0.554688 0.335938 0.554688 0.339844 0.558594 0.339844 0.562500 0.339844 0.566406 0.332031 0.574219 0.328125 0.578125 0.308594 0.578125 0.304688 0.578125 0.304688 0.554688 0.304688 0.550781 0.308594 0.546875 0.308594 0.542969 0.312500 0.539062
0 0.437500 0.601562 0.445312 0.601562 0.449219 0.601562 0.449219 0.609375 0.445312 0.613281 0.437500 0.613281 0.433594 0.613281 0.433594 0.609375 0.433594 0.605469 0.437500 0.601562
0 0.367188 0.656250 0.382812 0.656250 0.386719 0.656250 0.386719 0.667969 0.386719 0.671875 0.382812 0.675781 0.378906 0.679688 0.375000 0.679688 0.371094 0.675781 0.371094 0.671875 0.371094 0.667969 0.367188 0.664062 0.367188 0.656250
0 0.160156 0.679688 0.164062 0.679688 0.167969 0.679688 0.171875 0.683594 0.175781 0.683594 0.179688 0.687500 0.179688 0.691406 0.175781 0.695312 0.175781 0.703125 0.171875 0.707031 0.167969 0.707031 0.167969 0.703125 0.164062 0.699219 0.160156 0.699219 0.156250 0.695312 0.156250 0.691406 0.152344 0.687500 0.160156 0.679688
0 0.699219 0.722656 0.707031 0.722656 0.710938 0.722656 0.710938 0.726562 0.710938 0.730469 0.707031 0.734375 0.707031 0.738281 0.703125 0.742188 0.699219 0.742188 0.695312 0.738281 0.695312 0.730469 0.695312 0.726562 0.699219 0.722656
0 0.089844 0.734375 0.101562 0.734375 0.105469 0.738281 0.105469 0.742188 0.101562 0.746094 0.101562 0.750000 0.097656 0.753906 0.093750 0.757812 0.089844 0.757812 0.089844 0.753906 0.085938 0.750000 0.082031 0.746094 0.082031 0.742188 0.082031 0.738281 0.085938 0.738281 0.089844 0.734375
0 0.000000 0.765625 0.003906 0.769531 0.003906 0.781250 0.003906 0.785156 0.007812 0.789062 0.007812 0.792969 0.007812 0.796875 0.006550 0.799841 0.007168 0.802661 0.001705 0.806245 0.000000 0.807288 0.000000 0.765625 0.000000 0.765625
0 0.035156 0.839844 0.046875 0.839844 0.050781 0.839844 0.054688 0.843750 0.058594 0.847656 0.058594 0.855469 0.058594 0.859375 0.050781 0.867188 0.046875 0.871094 0.042969 0.867188 0.039062 0.863281 0.031250 0.863281 0.027344 0.859375 0.027344 0.851562 0.027344 0.847656 0.035156 0.839844
0 0.652344 0.851562 0.664062 0.851562 0.667969 0.851562 0.667969 0.855469 0.667969 0.859375 0.664062 0.863281 0.660156 0.867188 0.652344 0.867188 0.648438 0.867188 0.648438 0.863281 0.644531 0.859375 0.652344 0.851562
0 0.750000 0.906250 0.753906 0.910156 0.757812 0.910156 0.757812 0.914062 0.757812 0.917969 0.753906 0.921875 0.750000 0.921875 0.746094 0.921875 0.746094 0.914062 0.746094 0.910156 0.750000 0.906250
0 0.078125 0.910156 0.082031 0.914062 0.089844 0.914062 0.093750 0.914062 0.097656 0.917969 0.101562 0.921875 0.101562 0.933594 0.101562 0.937500 0.097656 0.941406 0.093750 0.945312 0.089844 0.945312 0.085938 0.949219 0.082031 0.949219 0.078125 0.949219 0.074219 0.945312 0.070312 0.941406 0.062500 0.941406 0.058594 0.937500 0.058594 0.933594 0.058594 0.929688 0.062500 0.925781 0.062500 0.921875 0.066406 0.917969 0.070312 0.917969 0.078125 0.910156
0 0.432648 0.881788 0.430044 0.884826 0.420064 0.892636 0.415291 0.895673 0.410952 0.896975 0.408782 0.896541 0.404443 0.894372 0.397500 0.890033 0.393161 0.888731 0.389689 0.885693 0.388822 0.883524 0.385784 0.879619 0.384049 0.871808 0.384482 0.864431 0.387086 0.857055 0.392727 0.852716 0.420932 0.849244 0.428309 0.852716 0.436119 0.852716 0.439156 0.856187 0.441326 0.857489 0.442194 0.860092 0.442194 0.870506 0.436553 0.877883
0 0.460418 0.869205 0.457815 0.863998 0.457381 0.861828 0.456947 0.828416 0.463456 0.817568 0.465191 0.815832 0.471266 0.816266 0.481246 0.822775 0.490359 0.829718 0.498170 0.837095 0.498604 0.844471 0.497302 0.848810 0.495132 0.850546 0.492529 0.854017 0.484718 0.858357 0.477341 0.863998 0.466059 0.869205 0.463890 0.869205
0 0.498170 0.820171 0.494264 0.820605 0.483850 0.813229 0.483416 0.811059 0.481680 0.808890 0.480379 0.804550 0.480812 0.799343 0.488623 0.796740 0.502075 0.796740 0.506848 0.798476 0.512489 0.802815 0.512923 0.811927 0.509885 0.815398 0.502943 0.819304
0 0.777613 0.971175 0.773274 0.972043 0.766332 0.968138 0.760257 0.962063 0.758521 0.957290 0.758521 0.952951 0.764596 0.938198 0.767199 0.934293 0.768935 0.932991 0.769803 0.930821 0.773274 0.927784 0.778047 0.926916 0.780217 0.927350 0.782386 0.929086 0.788461 0.936462 0.794102 0.947744 0.794102 0.950347 0.795404 0.952083 0.795838 0.956422 0.786292 0.969440 0.782386 0.971609
0 0.896736 0.120253 0.894014 0.119043 0.892501 0.117228 0.890687 0.110877 0.889174 0.109364 0.884335 0.109062 0.877076 0.106643 0.871027 0.103316 0.863466 0.097569 0.860744 0.093939 0.860139 0.089705 0.860744 0.087588 0.862861 0.085773 0.873145 0.081237 0.883428 0.075793 0.887662 0.075188 0.900365 0.075490 0.924864 0.079422 0.927283 0.080632 0.933030 0.085773 0.937869 0.087286 0.946035 0.088495 0.956923 0.092427 0.967509 0.099686 0.966904 0.101803 0.959645 0.103920 0.956621 0.104525 0.940893 0.105130 0.925468 0.114809 0.920932 0.119345 0.918814 0.120253 0.900970 0.120857
0 0.228588 0.398436 0.215207 0.400347 0.209472 0.399710 0.205649 0.397798 0.201826 0.391427 0.194179 0.390152 0.185259 0.385055 0.183984 0.383143 0.183347 0.385055 0.179524 0.390789 0.176338 0.391427 0.168055 0.391427 0.166143 0.390152 0.163594 0.389515 0.162957 0.387604 0.163594 0.384418 0.166780 0.379957 0.171241 0.378683 0.171241 0.364027 0.170603 0.358930 0.173789 0.357655 0.179524 0.357655 0.182710 0.358930 0.184621 0.360204 0.192268 0.368488 0.199277 0.374222 0.205649 0.378045 0.208198 0.378683 0.210109 0.379957 0.215207 0.381232 0.220304 0.385055 0.227313 0.386966 0.229225 0.388241 0.231774 0.392701
0 0.231709 0.210252 0.211720 0.210807 0.210055 0.209696 0.210610 0.195815 0.211165 0.193595 0.212831 0.191929 0.219494 0.188597 0.228378 0.188042 0.232820 0.189707 0.236151 0.192484 0.237262 0.199702 0.237262 0.209141
0 0.742032 0.970308 0.738995 0.972911 0.736391 0.973345 0.734221 0.973345 0.729882 0.970742 0.726411 0.968138 0.716431 0.957290 0.714261 0.952951 0.714261 0.950781 0.716865 0.946442 0.718600 0.945140 0.722939 0.942971 0.725543 0.942971 0.727713 0.944273 0.733788 0.950347 0.738127 0.955988 0.739429 0.959026 0.742032 0.962497 0.742900 0.964667 0.742900 0.966836
0 0.792367 0.908257 0.788461 0.906521 0.787160 0.903484 0.786292 0.899145 0.784122 0.898277 0.781085 0.895240 0.780651 0.890033 0.786292 0.882222 0.788027 0.877449 0.790631 0.873544 0.794102 0.870506 0.801913 0.868337 0.806686 0.868337 0.811459 0.869638 0.825345 0.882222 0.826212 0.886995 0.826212 0.893504 0.824043 0.898277 0.821005 0.899579 0.811025 0.900880 0.806686 0.902182 0.801479 0.907389 0.797140 0.908257
0 0.598839 0.755518 0.601442 0.734689 0.603612 0.733388 0.623572 0.733388 0.625742 0.734255 0.626176 0.741198 0.624874 0.745538 0.623572 0.755084 0.622270 0.756820 0.615762 0.758555 0.597103 0.758555
0 0.733336 0.008784 0.727646 0.008310 0.726223 0.006413 0.724801 0.000723 0.723354 0.000000 0.740373 0.000000 0.737129 0.003568 0.735232 0.004042
