0 0.292969 0.000000 0.292969 0.003906 0.289062 0.007812 0.289062 0.027344 0.289062 0.031250 0.292969 0.035156 0.292969 0.039062 0.296875 0.042969 0.300781 0.042969 0.304688 0.046875 0.308594 0.046875 0.312500 0.050781 0.312500 0.066406 0.308594 0.070312 0.277344 0.070312 0.273438 0.070312 0.269531 0.066406 0.257812 0.066406 0.253906 0.062500 0.226562 0.062500 0.222656 0.062500 0.218750 0.066406 0.214844 0.066406 0.210938 0.062500 0.210938 0.058594 0.210938 0.054688 0.207031 0.050781 0.203125 0.050781 0.199219 0.046875 0.199219 0.042969 0.199219 0.039062 0.203125 0.035156 0.203125 0.031250 0.207031 0.027344 0.207031 0.000000
0 0.613281 0.328125 0.613281 0.312500 0.605469 0.304688 0.605469 0.289062 0.613281 0.281250 0.605469 0.273438 0.605469 0.269531 0.601562 0.269531 0.593750 0.261719 0.570312 0.261719 0.566406 0.257812 0.566406 0.246094 0.550781 0.230469 0.542969 0.230469 0.539062 0.226562 0.535156 0.226562 0.531250 0.222656 0.527344 0.226562 0.519531 0.226562 0.515625 0.230469 0.507812 0.230469 0.503906 0.234375 0.500000 0.234375 0.496094 0.238281 0.492188 0.238281 0.492188 0.246094 0.488281 0.250000 0.488281 0.253906 0.484375 0.257812 0.488281 0.261719 0.488281 0.277344 0.484375 0.281250 0.484375 0.285156 0.480469 0.289062 0.480469 0.304688 0.484375 0.308594 0.488281 0.308594 0.492188 0.312500 0.492188 0.320312 0.523438 0.320312 0.527344 0.324219 0.550781 0.324219 0.554688 0.328125 0.554688 0.343750 0.558594 0.343750 0.562500 0.347656 0.570312 0.347656 0.574219 0.351562 0.585938 0.351562 0.589844 0.355469 0.589844 0.359375 0.593750 0.359375 0.597656 0.355469 0.597656 0.351562 0.601562 0.347656 0.601562 0.343750 0.605469 0.339844 0.605469 0.335938
0 0.507812 0.355469 0.527344 0.355469 0.531250 0.355469 0.535156 0.359375 0.539062 0.359375 0.542969 0.359375 0.542969 0.390625 0.542969 0.394531 0.546875 0.398438 0.550781 0.398438 0.550781 0.406250 0.550781 0.410156 0.542969 0.417969 0.539062 0.421875 0.515625 0.421875 0.511719 0.421875 0.507812 0.425781 0.503906 0.429688 0.500000 0.429688 0.496094 0.433594 0.492188 0.433594 0.488281 0.437500 0.488281 0.441406 0.484375 0.437500 0.480469 0.437500 0.480469 0.410156 0.480469 0.406250 0.484375 0.402344 0.484375 0.398438 0.488281 0.394531 0.492188 0.394531 0.496094 0.390625 0.500000 0.386719 0.500000 0.367188 0.496094 0.363281 0.500000 0.363281 0.507812 0.355469
0 0.300781 0.472656 0.304688 0.472656 0.308594 0.472656 0.312500 0.476562 0.316406 0.476562 0.320312 0.480469 0.320312 0.484375 0.324219 0.488281 0.324219 0.492188 0.328125 0.496094 0.328125 0.500000 0.332031 0.503906 0.332031 0.531250 0.332031 0.535156 0.328125 0.539062 0.328125 0.550781 0.328125 0.554688 0.324219 0.558594 0.320312 0.562500 0.320312 0.566406 0.316406 0.570312 0.308594 0.570312 0.304688 0.570312 0.300781 0.574219 0.296875 0.574219 0.292969 0.578125 0.289062 0.582031 0.277344 0.582031 0.273438 0.582031 0.273438 0.578125 0.269531 0.574219 0.269531 0.562500 0.265625 0.558594 0.269531 0.554688 0.269531 0.546875 0.269531 0.542969 0.273438 0.539062 0.273438 0.531250 0.277344 0.527344 0.277344 0.500000 0.277344 0.496094 0.281250 0.492188 0.281250 0.488281 0.281250 0.484375 0.285156 0.480469 0.289062 0.480469 0.292969 0.476562 0.296875 0.476562 0.300781 0.472656
0 0.007812 0.531250 0.031250 0.531250 0.035156 0.531250 0.039062 0.535156 0.042969 0.539062 0.046875 0.539062 0.050781 0.539062 0.050781 0.542969 0.054688 0.546875 0.054688 0.562500 0.054688 0.566406 0.050781 0.570312 0.046875 0.574219 0.042969 0.574219 0.035156 0.582031 0.031250 0.585938 0.027344 0.585938 0.023438 0.589844 0.007812 0.574219 0.003906 0.570312 0.003906 0.550781 0.000000 0.546875 0.003906 0.542969 0.007812 0.539062 0.007812 0.531250
0 0.402344 0.605469 0.406250 0.605469 0.410156 0.605469 0.410156 0.609375 0.414062 0.613281 0.417969 0.617188 0.445312 0.617188 0.449219 0.617188 0.449219 0.625000 0.445312 0.628906 0.445312 0.648438 0.445312 0.652344 0.441406 0.656250 0.441406 0.664062 0.437500 0.667969 0.421875 0.667969 0.417969 0.667969 0.414062 0.671875 0.410156 0.675781 0.410156 0.679688 0.410156 0.683594 0.398438 0.695312 0.394531 0.699219 0.390625 0.699219 0.386719 0.703125 0.382812 0.703125 0.375000 0.695312 0.371094 0.691406 0.371094 0.687500 0.371094 0.683594 0.367188 0.679688 0.367188 0.675781 0.367188 0.671875 0.363281 0.667969 0.363281 0.664062 0.359375 0.660156 0.359375 0.652344 0.355469 0.648438 0.363281 0.640625 0.363281 0.636719 0.367188 0.632812 0.371094 0.628906 0.375000 0.628906 0.378906 0.625000 0.378906 0.621094 0.382812 0.617188 0.386719 0.613281 0.390625 0.613281 0.394531 0.613281 0.402344 0.605469
0 0.648438 0.734375 0.652344 0.738281 0.656250 0.742188 0.664062 0.742188 0.667969 0.742188 0.671875 0.738281 0.675781 0.734375 0.714844 0.734375 0.718750 0.734375 0.718750 0.742188 0.718750 0.746094 0.722656 0.750000 0.722656 0.761719 0.726562 0.765625 0.722656 0.769531 0.722656 0.789062 0.722656 0.792969 0.730469 0.800781 0.734375 0.800781 0.734375 0.804688 0.738281 0.808594 0.738281 0.812500 0.738281 0.816406 0.734375 0.820312 0.730469 0.820312 0.726562 0.824219 0.726562 0.832031 0.722656 0.835938 0.714844 0.835938 0.710938 0.835938 0.707031 0.839844 0.707031 0.847656 0.703125 0.851562 0.691406 0.851562 0.687500 0.851562 0.687500 0.843750 0.687500 0.839844 0.683594 0.835938 0.679688 0.835938 0.679688 0.824219 0.675781 0.820312 0.679688 0.816406 0.679688 0.804688 0.675781 0.800781 0.675781 0.785156 0.675781 0.781250 0.671875 0.777344 0.667969 0.777344 0.664062 0.773438 0.660156 0.769531 0.640625 0.769531 0.636719 0.769531 0.636719 0.746094 0.636719 0.742188 0.640625 0.738281 0.644531 0.738281 0.648438 0.734375
0 0.472656 0.902344 0.484375 0.902344 0.488281 0.902344 0.488281 0.906250 0.492188 0.910156 0.496094 0.914062 0.500000 0.914062 0.503906 0.914062 0.500000 0.917969 0.500000 0.925781 0.500000 0.929688 0.492188 0.937500 0.488281 0.941406 0.476562 0.941406 0.472656 0.941406 0.472656 0.937500 0.472656 0.933594 0.468750 0.929688 0.464844 0.929688 0.460938 0.929688 0.460938 0.921875 0.460938 0.917969 0.468750 0.910156 0.472656 0.906250 0.472656 0.902344
0 0.453125 0.953125 0.468750 0.953125 0.472656 0.953125 0.472656 0.972656 0.472656 0.976562 0.476562 0.980469 0.476562 0.984375 0.464844 0.996094 0.464844 1.000000 0.464844 1.000000 0.425781 1.000000 0.425781 1.000000 0.425781 0.996094 0.429688 0.992188 0.429688 0.980469 0.429688 0.976562 0.425781 0.972656 0.425781 0.968750 0.421875 0.964844 0.425781 0.960938 0.429688 0.957031 0.445312 0.957031 0.449219 0.957031 0.453125 0.953125
0 0.177380 0.085768 0.177380 0.076237 0.174527 0.076237 0.174527 0.069102 0.164995 0.069102 0.163925 0.071243 0.161429 0.072670 0.159645 0.076593 0.159645 0.087551 0.170960 0.087551 0.172386 0.086481 0.176310 0.085768
0 0.331119 0.110380 0.331119 0.100849 0.330405 0.100849 0.330405 0.100136 0.328265 0.100136 0.328265 0.098709 0.327552 0.098709 0.327195 0.085868 0.321845 0.084797 0.320774 0.083727 0.318634 0.083371 0.318634 0.082657 0.317921 0.082300 0.301969 0.082657 0.301969 0.094429 0.301255 0.097639 0.300542 0.097995 0.300542 0.109667 0.301612 0.110380 0.304466 0.110737 0.317207 0.110737 0.317921 0.110023 0.320874 0.109310 0.321588 0.109667 0.321588 0.110380
0 0.465659 0.241571 0.465659 0.230943 0.464782 0.228092 0.464782 0.219977 0.462808 0.217784 0.464124 0.216130 0.464124 0.206160 0.462589 0.205940 0.461273 0.204405 0.461273 0.196509 0.458202 0.194316 0.449429 0.194316 0.449429 0.190807 0.447455 0.190807 0.447455 0.189491 0.437705 0.189491 0.437047 0.190588 0.434415 0.191465 0.434196 0.192343 0.431564 0.193220 0.431564 0.194974 0.430248 0.195852 0.429371 0.198484 0.428493 0.199361 0.420378 0.202212 0.419282 0.203528 0.418624 0.205940 0.418624 0.222271 0.419940 0.225780 0.421036 0.226657 0.421255 0.235430 0.422571 0.242010 0.422571 0.250125 0.441872 0.250344 0.446039 0.252318 0.447355 0.254072 0.449329 0.255169 0.451522 0.260213 0.461054 0.260213 0.460834 0.247273 0.461930 0.245738 0.463685 0.245080 0.465220 0.241571
0 0.957031 0.250000 0.957031 0.246094 0.953125 0.246094 0.949219 0.242188 0.949219 0.214844 0.945312 0.210938 0.937500 0.210938 0.933594 0.207031 0.933594 0.206136 0.917969 0.206136 0.917969 0.207031 0.914062 0.210938 0.910156 0.210938 0.910156 0.222656 0.906250 0.226562 0.894531 0.226562 0.890625 0.230469 0.890625 0.242188 0.886719 0.246094 0.875000 0.246094 0.871094 0.242188 0.871094 0.238281 0.867188 0.238281 0.863281 0.234375 0.863281 0.226562 0.851562 0.226562 0.847656 0.222656 0.808594 0.222656 0.804688 0.226562 0.804688 0.238281 0.800781 0.242188 0.792969 0.242188 0.789062 0.246094 0.785156 0.246094 0.785156 0.250000 0.781250 0.253906 0.777344 0.253906 0.777344 0.261719 0.773438 0.265625 0.769531 0.265625 0.769531 0.273438 0.765625 0.277344 0.765625 0.285156 0.773438 0.292969 0.777344 0.289062 0.792969 0.289062 0.796875 0.292969 0.796875 0.304688 0.800781 0.304688 0.804688 0.308594 0.808594 0.308594 0.812500 0.312500 0.812500 0.316406 0.816406 0.316406 0.820312 0.320312 0.820312 0.335938 0.832031 0.335938 0.843750 0.343750 0.859375 0.343750 0.863281 0.347656 0.863281 0.355469 0.867188 0.359375 0.867188 0.367188 0.871094 0.367188 0.875000 0.363281 0.886719 0.363281 0.894531 0.355469 0.886719 0.355469 0.882812 0.351562 0.882812 0.335938 0.886719 0.332031 0.886719 0.328125 0.878906 0.328125 0.871094 0.320312 0.871094 0.312500 0.855469 0.312500 0.851562 0.308594 0.851562 0.296875 0.855469 0.292969 0.867188 0.292969 0.875000 0.285156 0.882812 0.285156 0.886719 0.281250 0.902344 0.281250 0.906250 0.285156 0.910156 0.285156 0.921875 0.292969 0.925781 0.292969 0.929688 0.289062 0.937500 0.289062 0.953125 0.273438 0.953125 0.253906
0 0.027344 1.000000 0.027344 0.996094 0.011719 0.996094 0.007812 0.992188 0.000000 0.992188 0.000000 0.992188 0.000000 1.000000
0 0.745099 0.261724 0.740135 0.261724 0.736274 0.263103 0.730759 0.269721 0.727450 0.274961 0.726898 0.276891 0.727174 0.284336 0.729656 0.289852 0.733241 0.291506 0.742617 0.291782 0.751993 0.282957 0.755302 0.277994 0.757508 0.271927 0.757784 0.267239 0.756957 0.265033 0.753371 0.262827 0.747305 0.261448
