0 0.546875 0.000000 0.546875 0.000000 0.542969 0.003906 0.527344 0.003906 0.523438 0.003906 0.519531 0.007812 0.515625 0.007812 0.511719 0.003906 0.511719 0.000000 0.511719 0.000000
0 0.020146 0.020146 0.019531 0.019531 0.019531 0.015625 0.015625 0.011719 0.011719 0.011719 0.007812 0.007812 0.000000 0.007812 0.000000 0.007812 0.000000 0.042969 0.005108 0.042969 0.005108 0.038952 0.011495 0.038952 0.011705 0.031092 0.019494 0.030953 0.019283 0.022654 0.020054 0.022461 0.020054 0.020146
0 0.328125 0.070312 0.328125 0.062500 0.324219 0.058594 0.324219 0.054688 0.308594 0.054688 0.300781 0.062500 0.304688 0.066406 0.304688 0.074219 0.312279 0.074219 0.312371 0.070574 0.320652 0.070574 0.320652 0.074219 0.324219 0.074219
0 0.769531 0.285156 0.781250 0.285156 0.785156 0.285156 0.785156 0.296875 0.785156 0.300781 0.781250 0.304688 0.777344 0.304688 0.773438 0.308594 0.769531 0.308594 0.765625 0.308594 0.761719 0.304688 0.757812 0.304688 0.757812 0.300781 0.757812 0.296875 0.761719 0.292969 0.761719 0.289062 0.765625 0.289062 0.769531 0.285156
0 0.000000 0.519531 0.003906 0.519531 0.007812 0.519531 0.011719 0.523438 0.015625 0.527344 0.015625 0.531250 0.019531 0.535156 0.019531 0.546875 0.019531 0.550781 0.015625 0.554688 0.015625 0.558594 0.011719 0.554688 0.007812 0.554688 0.000000 0.546875 0.000000 0.546875
0 0.140969 0.605469 0.140871 0.597656 0.136719 0.593750 0.121094 0.593750 0.117188 0.597656 0.117188 0.609375 0.121094 0.613281 0.125000 0.613281 0.128906 0.617188 0.128906 0.613281 0.136719 0.605469
0 0.285156 0.683594 0.277344 0.683594 0.273438 0.679688 0.273438 0.675781 0.265625 0.667969 0.273438 0.660156 0.281250 0.660156 0.282820 0.658586 0.284755 0.658640 0.284755 0.655945 0.293036 0.655945 0.293036 0.660224 0.296875 0.664062 0.296875 0.671875
0 0.394531 0.785156 0.402344 0.785156 0.406250 0.785156 0.406250 0.789062 0.410156 0.792969 0.410156 0.804688 0.406250 0.808594 0.386719 0.808594 0.382812 0.804688 0.382812 0.792969 0.382812 0.789062 0.386719 0.789062 0.390625 0.789062 0.394531 0.785156
0 0.300781 0.804688 0.304688 0.804688 0.308594 0.804688 0.312500 0.808594 0.316406 0.808594 0.316406 0.812500 0.312500 0.816406 0.312500 0.820312 0.308594 0.824219 0.304688 0.828125 0.300781 0.828125 0.300781 0.804688
0 0.417969 0.812500 0.429688 0.812500 0.433594 0.812500 0.433594 0.816406 0.433594 0.820312 0.429688 0.824219 0.421875 0.824219 0.417969 0.824219 0.417969 0.812500
0 0.863281 0.816406 0.871094 0.816406 0.875000 0.816406 0.875000 0.820312 0.875000 0.824219 0.871094 0.828125 0.867188 0.832031 0.863281 0.832031 0.863281 0.816406
0 0.375000 0.843750 0.375000 0.839844 0.371094 0.835938 0.363281 0.835938 0.359658 0.839561 0.359757 0.851562 0.363281 0.851562 0.367188 0.847656 0.371094 0.847656
0 0.679688 0.890625 0.687500 0.890625 0.691406 0.890625 0.691406 0.894531 0.691406 0.898438 0.687500 0.902344 0.683594 0.906250 0.679688 0.906250 0.679688 0.890625
0 0.914062 0.898438 0.921875 0.898438 0.925781 0.898438 0.921875 0.902344 0.917969 0.906250 0.914062 0.906250 0.910156 0.910156 0.906250 0.910156 0.902344 0.910156 0.902344 0.906250 0.902344 0.902344 0.906250 0.902344 0.910156 0.902344 0.914062 0.898438
0 0.355469 0.906250 0.359375 0.906250 0.363281 0.906250 0.367188 0.910156 0.371094 0.910156 0.375000 0.910156 0.375000 0.917969 0.375000 0.921875 0.371094 0.925781 0.359375 0.925781 0.355469 0.925781 0.351562 0.929688 0.347656 0.929688 0.343750 0.925781 0.343750 0.921875 0.343750 0.917969 0.347656 0.917969 0.351562 0.914062 0.351562 0.910156 0.355469 0.906250
0 0.265625 0.921875 0.277344 0.921875 0.281250 0.921875 0.281250 0.925781 0.273438 0.933594 0.269531 0.937500 0.265625 0.937500 0.265625 0.933594 0.261719 0.929688 0.265625 0.925781 0.265625 0.921875
0 0.429688 0.921875 0.445312 0.921875 0.445312 0.925781 0.441406 0.929688 0.437500 0.933594 0.429688 0.933594 0.425781 0.933594 0.425781 0.929688 0.425781 0.925781 0.429688 0.921875
0 0.562500 0.992188 0.570312 0.992188 0.574219 0.992188 0.574219 1.000000 0.574219 1.000000 0.558594 1.000000 0.558594 1.000000 0.558594 0.996094 0.562500 0.992188
0 0.050648 0.033900 0.050648 0.024145 0.046227 0.023724 0.045175 0.023093 0.031000 0.023093 0.027211 0.023724 0.027211 0.030039 0.020054 0.030881 0.019001 0.031513 0.019001 0.041196 0.017528 0.042038 0.011213 0.043090 0.011213 0.051371 0.021316 0.051161 0.021316 0.053266 0.022159 0.053477 0.022159 0.054319 0.034018 0.054319 0.035492 0.053898 0.035492 0.051582 0.042438 0.050740 0.042649 0.042248 0.038860 0.041617 0.038860 0.036426 0.041596 0.035584 0.050437 0.035374 0.050437 0.033900
0 0.340195 0.094106 0.340195 0.085825 0.336086 0.085460 0.336086 0.081989 0.324243 0.082172 0.324243 0.090453 0.327348 0.090453 0.327348 0.093284 0.329357 0.094106
