0 0.796875 0.046875 0.824219 0.046875 0.828125 0.046875 0.832031 0.050781 0.835938 0.050781 0.839844 0.054688 0.839844 0.070312 0.839844 0.074219 0.843750 0.078125 0.843750 0.082031 0.835938 0.089844 0.832031 0.089844 0.828125 0.093750 0.828125 0.097656 0.824219 0.101562 0.808594 0.101562 0.804688 0.101562 0.800781 0.097656 0.796875 0.097656 0.792969 0.093750 0.792969 0.089844 0.789062 0.085938 0.785156 0.085938 0.781250 0.082031 0.777344 0.082031 0.781250 0.082031 0.785156 0.078125 0.785156 0.066406 0.785156 0.062500 0.792969 0.054688 0.796875 0.050781 0.796875 0.046875
0 0.667969 0.074219 0.675781 0.074219 0.679688 0.074219 0.679688 0.082031 0.675781 0.085938 0.671875 0.085938 0.667969 0.085938 0.667969 0.082031 0.664062 0.078125 0.667969 0.074219
0 0.734375 0.105469 0.738281 0.105469 0.742188 0.105469 0.742188 0.117188 0.742188 0.121094 0.718750 0.144531 0.714844 0.144531 0.714844 0.121094 0.714844 0.117188 0.718750 0.117188 0.722656 0.117188 0.734375 0.105469
0 0.246094 0.164062 0.265625 0.164062 0.269531 0.164062 0.265625 0.167969 0.261719 0.171875 0.261719 0.175781 0.257812 0.179688 0.253906 0.179688 0.250000 0.179688 0.250000 0.175781 0.246094 0.171875 0.242188 0.167969 0.246094 0.164062
0 0.871094 0.183594 0.875000 0.183594 0.878906 0.183594 0.882812 0.187500 0.886719 0.191406 0.878906 0.199219 0.875000 0.199219 0.871094 0.195312 0.871094 0.183594
0 0.464844 0.250000 0.472656 0.250000 0.476562 0.253906 0.488281 0.253906 0.488281 0.257812 0.484375 0.261719 0.468750 0.261719 0.464844 0.261719 0.464844 0.250000
0 0.867188 0.363281 0.886719 0.363281 0.886719 0.367188 0.882812 0.371094 0.882812 0.375000 0.878906 0.378906 0.875000 0.378906 0.871094 0.382812 0.863281 0.382812 0.859375 0.382812 0.859375 0.375000 0.859375 0.371094 0.867188 0.363281
0 0.437500 0.457031 0.445312 0.457031 0.449219 0.460938 0.449219 0.476562 0.445312 0.480469 0.437500 0.480469 0.433594 0.476562 0.433594 0.464844 0.433594 0.460938 0.437500 0.457031
0 0.714844 0.527344 0.726562 0.527344 0.730469 0.527344 0.730469 0.531250 0.734375 0.535156 0.734375 0.539062 0.730469 0.542969 0.726562 0.542969 0.722656 0.542969 0.718750 0.539062 0.714844 0.535156 0.714844 0.527344
0 0.855469 0.531250 0.859375 0.531250 0.863281 0.531250 0.867188 0.535156 0.875000 0.535156 0.875000 0.539062 0.871094 0.542969 0.867188 0.546875 0.859375 0.546875 0.855469 0.546875 0.855469 0.542969 0.855469 0.539062 0.851562 0.535156 0.847656 0.535156 0.851562 0.535156 0.855469 0.531250
0 0.746094 0.574219 0.750000 0.578125 0.750000 0.582031 0.757812 0.589844 0.757812 0.593750 0.753906 0.597656 0.750000 0.601562 0.742188 0.601562 0.738281 0.601562 0.738281 0.597656 0.734375 0.593750 0.734375 0.585938 0.734375 0.582031 0.738281 0.582031 0.746094 0.574219
0 0.746094 0.664062 0.746094 0.660375 0.737082 0.661497 0.722291 0.661497 0.722291 0.660156 0.714844 0.660156 0.714844 0.683594 0.726562 0.683594 0.730469 0.679688 0.734375 0.679688 0.742188 0.671875 0.742188 0.667969
0 0.828125 0.664062 0.835938 0.664062 0.839844 0.667969 0.835938 0.671875 0.832031 0.675781 0.824219 0.675781 0.820312 0.675781 0.820312 0.671875 0.820312 0.667969 0.824219 0.667969 0.828125 0.664062
0 0.749652 0.648478 0.749652 0.639972 0.749203 0.639074 0.746734 0.638625 0.746734 0.632564 0.734412 0.633014 0.734412 0.636156 0.730596 0.636380 0.730596 0.644662 0.732617 0.644886 0.732617 0.645335 0.737780 0.645335 0.738004 0.648702 0.749428 0.648478
0 0.761998 0.637030 0.761998 0.628749 0.759753 0.628300 0.757509 0.624708 0.755039 0.624035 0.754815 0.620893 0.746534 0.620893 0.746534 0.631867 0.746982 0.632541 0.749227 0.632989 0.751472 0.636581 0.752370 0.637030
0 0.832346 0.175415 0.831830 0.156320 0.828398 0.156148 0.828398 0.152716 0.824450 0.152716 0.824450 0.149454 0.823763 0.148768 0.808444 0.148768 0.808444 0.152544 0.800891 0.152544 0.800891 0.160268 0.796600 0.160611 0.796085 0.163358 0.796085 0.172326 0.800205 0.172669 0.800205 0.180050 0.801750 0.180908 0.811404 0.180908 0.816897 0.179535 0.820116 0.180221 0.828398 0.180221 0.828398 0.175415
