0 0.308594 0.000000 0.316406 0.000000 0.320312 0.000000 0.320312 0.015625 0.316406 0.019531 0.316406 0.042969 0.316406 0.046875 0.335938 0.066406 0.339844 0.066406 0.339844 0.070312 0.343750 0.074219 0.347656 0.074219 0.351562 0.078125 0.351562 0.082031 0.363281 0.093750 0.363281 0.097656 0.382812 0.117188 0.382812 0.121094 0.386719 0.125000 0.390625 0.125000 0.394531 0.128906 0.394531 0.132812 0.390625 0.136719 0.386719 0.140625 0.382812 0.140625 0.378906 0.136719 0.375000 0.136719 0.371094 0.132812 0.367188 0.132812 0.363281 0.132812 0.359375 0.128906 0.355469 0.125000 0.351562 0.125000 0.347656 0.121094 0.343750 0.121094 0.328125 0.105469 0.328125 0.101562 0.292969 0.066406 0.289062 0.062500 0.289062 0.058594 0.285156 0.054688 0.285156 0.046875 0.285156 0.042969 0.281250 0.039062 0.277344 0.039062 0.277344 0.031250 0.277344 0.027344 0.281250 0.023438 0.285156 0.027344 0.296875 0.027344 0.300781 0.027344 0.304688 0.023438 0.304688 0.019531 0.308594 0.015625 0.308594 0.000000
0 0.531250 0.031250 0.554688 0.031250 0.558594 0.031250 0.558594 0.035156 0.558594 0.039062 0.554688 0.042969 0.554688 0.046875 0.550781 0.050781 0.542969 0.050781 0.539062 0.050781 0.535156 0.046875 0.531250 0.042969 0.531250 0.039062 0.527344 0.035156 0.531250 0.031250
0 0.683594 0.058594 0.687500 0.062500 0.699219 0.062500 0.703125 0.062500 0.703125 0.089844 0.699219 0.093750 0.675781 0.093750 0.671875 0.093750 0.671875 0.082031 0.671875 0.078125 0.667969 0.074219 0.667969 0.070312 0.664062 0.066406 0.667969 0.066406 0.671875 0.062500 0.675781 0.062500 0.679688 0.062500 0.683594 0.058594
0 0.000000 0.132812 0.023438 0.132812 0.027344 0.132812 0.023438 0.132812 0.019531 0.136719 0.015625 0.140625 0.007812 0.140625 0.003906 0.140625 0.000000 0.136719 0.000000 0.132812
0 0.859375 0.164062 0.871094 0.164062 0.875000 0.164062 0.875000 0.167969 0.875000 0.171875 0.867188 0.179688 0.863281 0.179688 0.863281 0.175781 0.859375 0.171875 0.859375 0.164062
0 0.164062 0.226562 0.171875 0.226562 0.175781 0.226562 0.175781 0.230469 0.175781 0.234375 0.171875 0.238281 0.167969 0.242188 0.164062 0.242188 0.160156 0.242188 0.160156 0.238281 0.160156 0.234375 0.164062 0.230469 0.164062 0.226562
0 0.718750 0.261719 0.726562 0.261719 0.730469 0.261719 0.726562 0.265625 0.726562 0.285156 0.722656 0.289062 0.718750 0.289062 0.718750 0.281250 0.718750 0.277344 0.714844 0.273438 0.710938 0.269531 0.718750 0.261719
0 0.972656 0.303475 0.972656 0.292969 0.968750 0.289062 0.968750 0.285156 0.960938 0.277344 0.957031 0.281250 0.953125 0.281250 0.953125 0.289062 0.957031 0.292969 0.957031 0.300781 0.959811 0.303561 0.961402 0.303475
0 0.500000 0.281250 0.488281 0.281250 0.480469 0.289062 0.472656 0.289062 0.460938 0.300781 0.460938 0.304688 0.457031 0.308594 0.457031 0.312500 0.453125 0.316406 0.449219 0.316406 0.445312 0.320312 0.445312 0.328125 0.441406 0.332031 0.441406 0.337383 0.451680 0.337383 0.457031 0.332031 0.460938 0.332031 0.464844 0.328125 0.468750 0.328125 0.476562 0.320312 0.476562 0.316406 0.480469 0.312500 0.480469 0.300781 0.488281 0.292969 0.492188 0.292969 0.496094 0.289062 0.496094 0.285156
0 0.398438 0.394531 0.406250 0.394531 0.410156 0.398438 0.406250 0.402344 0.406250 0.406250 0.402344 0.410156 0.402344 0.414062 0.398438 0.417969 0.394531 0.417969 0.394531 0.402344 0.394531 0.398438 0.398438 0.394531
0 0.113281 0.449219 0.128906 0.449219 0.132812 0.449219 0.136719 0.453125 0.136719 0.457031 0.136719 0.460938 0.132812 0.464844 0.132812 0.468750 0.132812 0.472656 0.128906 0.476562 0.125000 0.480469 0.117188 0.480469 0.113281 0.480469 0.109375 0.484375 0.105469 0.488281 0.101562 0.488281 0.097656 0.488281 0.093750 0.484375 0.089844 0.480469 0.089844 0.472656 0.085938 0.468750 0.089844 0.468750 0.093750 0.464844 0.097656 0.464844 0.101562 0.464844 0.105469 0.460938 0.109375 0.457031 0.109375 0.453125 0.113281 0.449219
0 0.484375 0.527344 0.492188 0.527344 0.496094 0.531250 0.496094 0.539062 0.496094 0.542969 0.492188 0.546875 0.492188 0.550781 0.488281 0.546875 0.484375 0.546875 0.480469 0.542969 0.476562 0.542969 0.476562 0.539062 0.476562 0.535156 0.480469 0.535156 0.484375 0.531250 0.484375 0.527344
0 0.414062 0.625000 0.429688 0.625000 0.433594 0.625000 0.429688 0.628906 0.429688 0.632812 0.425781 0.636719 0.417969 0.636719 0.414062 0.636719 0.414062 0.625000
0 0.011497 0.833191 0.023812 0.832507 0.023812 0.814720 0.029285 0.810615 0.032021 0.803089 0.037494 0.797616 0.040915 0.792143 0.029969 0.790775 0.029969 0.785986 0.024496 0.787355 0.003972 0.813352 0.003288 0.824982 0.008077 0.825666
0 0.707031 0.726562 0.710938 0.730469 0.714844 0.730469 0.718750 0.730469 0.718750 0.746094 0.714844 0.750000 0.710938 0.750000 0.707031 0.750000 0.707031 0.726562
0 0.242188 0.777344 0.246094 0.781250 0.253906 0.781250 0.257812 0.781250 0.257812 0.785156 0.261719 0.789062 0.261719 0.792969 0.257812 0.796875 0.253906 0.796875 0.250000 0.800781 0.246094 0.800781 0.242188 0.796875 0.238281 0.792969 0.238281 0.789062 0.238281 0.785156 0.242188 0.781250 0.242188 0.777344
0 0.648438 0.941580 0.679688 0.945486 0.683594 0.945486 0.695312 0.953299 0.699219 0.957205 0.699219 0.968924 0.703125 0.972830 0.679688 0.980643 0.667790 0.976905 0.652691 0.976558 0.652086 0.980553 0.625000 0.976736 0.621094 0.976736 0.617188 0.965018 0.613281 0.961111 0.648438 0.941580
0 0.441406 0.808594 0.449219 0.808594 0.453125 0.808594 0.457031 0.812500 0.460938 0.816406 0.460938 0.820312 0.457031 0.824219 0.453125 0.828125 0.449219 0.828125 0.445312 0.832031 0.441406 0.832031 0.437500 0.828125 0.441406 0.824219 0.441406 0.808594
0 0.410156 0.882812 0.417969 0.882812 0.417969 0.886719 0.414062 0.890625 0.410156 0.894531 0.410156 0.898438 0.406250 0.902344 0.402344 0.902344 0.402344 0.898438 0.398438 0.894531 0.410156 0.882812
0 0.218750 0.941406 0.226562 0.941406 0.230469 0.941406 0.234375 0.945312 0.238281 0.945312 0.234375 0.945312 0.226562 0.953125 0.222656 0.957031 0.218750 0.957031 0.214844 0.960938 0.207031 0.960938 0.203125 0.960938 0.203125 0.949219 0.203125 0.945312 0.210938 0.945312 0.214844 0.945312 0.218750 0.941406
0 0.000000 0.953125 0.011719 0.953125 0.015625 0.953125 0.015625 0.957031 0.023438 0.964844 0.023438 0.968750 0.019531 0.972656 0.015625 0.972656 0.011719 0.976562 0.007812 0.976562 0.003906 0.976562 0.000000 0.972656 0.000000 0.953125
