0 0.800781 0.726562 0.816406 0.726562 0.820312 0.726562 0.804688 0.757812 0.800781 0.761719 0.781250 0.777344 0.777344 0.781250 0.726562 0.804688 0.722656 0.808594 0.707031 0.804688 0.703125 0.804688 0.699219 0.781250 0.703125 0.777344 0.726562 0.773438 0.730469 0.773438 0.800781 0.726562
0 0.796875 0.761719 0.859375 0.777344 0.863281 0.777344 0.867188 0.781250 0.871094 0.785156 0.871094 0.800781 0.871094 0.804688 0.863281 0.812500 0.863281 0.816406 0.851562 0.824219 0.847656 0.828125 0.820312 0.828125 0.816406 0.828125 0.796875 0.820312 0.792969 0.820312 0.785156 0.808594 0.781250 0.804688 0.777344 0.781250 0.777344 0.777344 0.796875 0.761719
0 0.273438 0.687500 0.285156 0.691406 0.289062 0.695312 0.300781 0.722656 0.304688 0.726562 0.308594 0.777344 0.304688 0.781250 0.296875 0.781250 0.292969 0.781250 0.285156 0.769531 0.281250 0.765625 0.273438 0.714844 0.269531 0.710938 0.273438 0.687500
0 0.349499 0.733662 0.363281 0.722656 0.367188 0.722656 0.367188 0.738281 0.367188 0.742188 0.351562 0.753906 0.347656 0.757812 0.335938 0.753906 0.332031 0.753906 0.324219 0.742188 0.324219 0.738281 0.339869 0.734350
0 0.191406 0.929688 0.230469 0.941406 0.234375 0.941406 0.246094 0.953125 0.250000 0.957031 0.250000 0.968750 0.250000 0.972656 0.234375 0.984375 0.230469 0.984375 0.219308 1.000000 0.150000 1.000000 0.148438 0.996094 0.148438 0.992188 0.156250 0.968750 0.156250 0.964844 0.191406 0.929688
0 0.140625 0.871094 0.156250 0.875000 0.160156 0.875000 0.167969 0.882812 0.171875 0.882812 0.191406 0.910156 0.195312 0.914062 0.191406 0.933594 0.191406 0.937500 0.164062 0.960938 0.160156 0.964844 0.140625 0.964844 0.136719 0.964844 0.125000 0.953125 0.121094 0.949219 0.125000 0.886719 0.125000 0.882812 0.140625 0.871094
0 0.000000 0.714844 0.007812 0.722656 0.011719 0.726562 0.015625 0.757812 0.015625 0.761719 0.042969 0.816406 0.046875 0.820312 0.058594 0.878906 0.058594 0.882812 0.046875 0.882812 0.042969 0.882812 0.031250 0.863281 0.027344 0.859375 0.015625 0.816406 0.015625 0.812500 0.000000 0.781250
0 0.621094 0.468750 0.636719 0.472656 0.640625 0.472656 0.636719 0.488281 0.636719 0.492188 0.625000 0.507812 0.621094 0.511719 0.593750 0.511719 0.589844 0.511719 0.585938 0.500000 0.585938 0.496094 0.621094 0.468750
0 0.156250 0.050781 0.156250 0.054688 0.160156 0.058594 0.175781 0.058594 0.179688 0.058594 0.183594 0.054688 0.187500 0.054688 0.191406 0.054688 0.187500 0.058594 0.187500 0.082031 0.187500 0.085938 0.191406 0.089844 0.195312 0.093750 0.199219 0.093750 0.203125 0.093750 0.210938 0.101562 0.214844 0.105469 0.222656 0.105469 0.226562 0.105469 0.234375 0.113281 0.238281 0.113281 0.246094 0.121094 0.246094 0.125000 0.257812 0.136719 0.261719 0.136719 0.261719 0.140625 0.261719 0.144531 0.265625 0.148438 0.269531 0.152344 0.269531 0.156250 0.273438 0.160156 0.277344 0.160156 0.281250 0.164062 0.292969 0.164062 0.296875 0.164062 0.300781 0.167969 0.304688 0.167969 0.304688 0.171875 0.308594 0.175781 0.312500 0.175781 0.312500 0.179688 0.312500 0.183594 0.308594 0.187500 0.289062 0.187500 0.285156 0.187500 0.277344 0.195312 0.273438 0.199219 0.265625 0.199219 0.261719 0.199219 0.261719 0.195312 0.253906 0.187500 0.250000 0.183594 0.246094 0.183594 0.234375 0.171875 0.230469 0.167969 0.226562 0.167969 0.218750 0.160156 0.214844 0.160156 0.207031 0.152344 0.207031 0.148438 0.195312 0.136719 0.191406 0.132812 0.187500 0.132812 0.183594 0.132812 0.179688 0.128906 0.175781 0.125000 0.164062 0.125000 0.160156 0.125000 0.156250 0.128906 0.152344 0.132812 0.152344 0.136719 0.152344 0.140625 0.148438 0.144531 0.144531 0.144531 0.144531 0.125000 0.144531 0.121094 0.148438 0.121094 0.152344 0.117188 0.152344 0.109375 0.152344 0.105469 0.167969 0.105469 0.171875 0.101562 0.171875 0.085938 0.175781 0.082031 0.175781 0.074219 0.175781 0.070312 0.171875 0.066406 0.160156 0.066406 0.156250 0.066406 0.156250 0.050781
0 0.941406 0.195312 0.945312 0.199219 0.949219 0.199219 0.953125 0.199219 0.953125 0.203125 0.957031 0.207031 0.957031 0.210938 0.960938 0.214844 0.964844 0.218750 0.960938 0.222656 0.957031 0.226562 0.953125 0.226562 0.945312 0.234375 0.941406 0.238281 0.937500 0.238281 0.933594 0.238281 0.933594 0.234375 0.929688 0.230469 0.929688 0.207031 0.929688 0.203125 0.933594 0.199219 0.937500 0.199219 0.941406 0.195312
0 0.332031 0.210938 0.343750 0.210938 0.347656 0.210938 0.351562 0.214844 0.355469 0.218750 0.355469 0.222656 0.355469 0.226562 0.351562 0.230469 0.339844 0.230469 0.335938 0.230469 0.332031 0.226562 0.328125 0.226562 0.324219 0.226562 0.324219 0.218750 0.324219 0.214844 0.328125 0.214844 0.332031 0.210938
0 0.503906 0.234375 0.507812 0.238281 0.511719 0.238281 0.515625 0.238281 0.515625 0.242188 0.515625 0.246094 0.519531 0.250000 0.523438 0.253906 0.519531 0.257812 0.519531 0.269531 0.515625 0.273438 0.511719 0.273438 0.507812 0.273438 0.507812 0.269531 0.503906 0.265625 0.500000 0.261719 0.500000 0.242188 0.500000 0.238281 0.503906 0.234375
0 0.593750 0.316406 0.597656 0.316406 0.601562 0.316406 0.601562 0.320312 0.605469 0.324219 0.605469 0.328125 0.609375 0.332031 0.613281 0.332031 0.617188 0.335938 0.621094 0.339844 0.621094 0.343750 0.625000 0.347656 0.636719 0.347656 0.640625 0.351562 0.640625 0.382812 0.636719 0.386719 0.632812 0.386719 0.628906 0.382812 0.628906 0.375000 0.628906 0.371094 0.625000 0.367188 0.621094 0.367188 0.617188 0.363281 0.617188 0.359375 0.617188 0.355469 0.613281 0.351562 0.609375 0.351562 0.605469 0.347656 0.605469 0.343750 0.605469 0.339844 0.597656 0.332031 0.593750 0.328125 0.589844 0.328125 0.585938 0.324219 0.593750 0.316406
0 0.000000 0.542969 0.000000 0.542969 0.003906 0.542969 0.007812 0.546875 0.011719 0.550781 0.019531 0.550781 0.019531 0.554688 0.015625 0.558594 0.007812 0.558594 0.003906 0.558594 0.000000 0.562500 0.000000 0.562500
0 0.660156 0.582031 0.664062 0.585938 0.667969 0.585938 0.671875 0.585938 0.679688 0.593750 0.683594 0.597656 0.683594 0.601562 0.687500 0.605469 0.691406 0.605469 0.687500 0.605469 0.683594 0.605469 0.679688 0.609375 0.675781 0.609375 0.671875 0.613281 0.664062 0.613281 0.660156 0.613281 0.656250 0.609375 0.652344 0.609375 0.652344 0.601562 0.648438 0.597656 0.644531 0.597656 0.640625 0.593750 0.640625 0.593750 0.644531 0.589844 0.648438 0.585938 0.652344 0.585938 0.656250 0.585938 0.660156 0.582031
0 0.535156 0.894531 0.546875 0.894531 0.550781 0.894531 0.554688 0.898438 0.554688 0.902344 0.558594 0.906250 0.562500 0.906250 0.554688 0.906250 0.550781 0.910156 0.539062 0.910156 0.535156 0.910156 0.531250 0.906250 0.527344 0.906250 0.527344 0.902344 0.527344 0.898438 0.531250 0.898438 0.535156 0.894531
