0 0.449219 0.000000 0.449219 0.000000 0.449219 0.007812 0.453125 0.011719 0.453125 0.019531 0.453125 0.023438 0.449219 0.027344 0.449219 0.031250 0.437500 0.042969 0.433594 0.046875 0.429688 0.046875 0.425781 0.046875 0.421875 0.042969 0.417969 0.042969 0.417969 0.039062 0.414062 0.035156 0.410156 0.035156 0.406250 0.031250 0.402344 0.027344 0.402344 0.019531 0.398438 0.015625 0.402344 0.011719 0.406250 0.007812 0.410156 0.007812 0.414062 0.003906 0.417969 0.003906 0.421875 0.000000 0.421875 0.000000
0 0.539062 0.082031 0.558594 0.082031 0.562500 0.082031 0.562500 0.085938 0.566406 0.089844 0.566406 0.093750 0.570312 0.097656 0.570312 0.109375 0.574219 0.113281 0.574219 0.121094 0.574219 0.125000 0.570312 0.128906 0.570312 0.132812 0.566406 0.136719 0.550781 0.136719 0.546875 0.140625 0.546875 0.136719 0.542969 0.132812 0.539062 0.128906 0.539062 0.125000 0.535156 0.121094 0.535156 0.113281 0.531250 0.109375 0.531250 0.105469 0.531250 0.101562 0.535156 0.097656 0.535156 0.089844 0.535156 0.085938 0.539062 0.082031
0 0.296875 0.097656 0.300781 0.101562 0.304688 0.101562 0.308594 0.101562 0.308594 0.113281 0.308594 0.117188 0.316406 0.125000 0.320312 0.125000 0.320312 0.128906 0.324219 0.132812 0.328125 0.136719 0.328125 0.140625 0.332031 0.144531 0.332031 0.152344 0.335938 0.156250 0.335938 0.160156 0.335938 0.164062 0.332031 0.167969 0.332031 0.171875 0.332031 0.175781 0.328125 0.179688 0.324219 0.179688 0.320312 0.183594 0.316406 0.187500 0.312500 0.187500 0.308594 0.183594 0.300781 0.183594 0.296875 0.183594 0.296875 0.179688 0.292969 0.175781 0.289062 0.171875 0.285156 0.171875 0.281250 0.167969 0.277344 0.167969 0.273438 0.164062 0.273438 0.152344 0.273438 0.148438 0.285156 0.136719 0.289062 0.132812 0.289062 0.105469 0.289062 0.101562 0.292969 0.101562 0.296875 0.097656
0 0.781250 0.105469 0.785156 0.109375 0.789062 0.113281 0.792969 0.113281 0.796875 0.117188 0.800781 0.121094 0.808594 0.121094 0.812500 0.121094 0.812500 0.128906 0.812500 0.132812 0.808594 0.136719 0.808594 0.140625 0.808594 0.144531 0.804688 0.148438 0.804688 0.152344 0.800781 0.156250 0.796875 0.156250 0.792969 0.160156 0.785156 0.160156 0.781250 0.160156 0.781250 0.140625 0.781250 0.136719 0.777344 0.132812 0.773438 0.132812 0.769531 0.128906 0.769531 0.125000 0.769531 0.121094 0.773438 0.117188 0.773438 0.113281 0.781250 0.105469
0 0.417969 0.429688 0.421875 0.433594 0.429688 0.433594 0.433594 0.433594 0.437500 0.437500 0.441406 0.437500 0.445312 0.441406 0.460938 0.441406 0.464844 0.441406 0.464844 0.445312 0.468750 0.449219 0.468750 0.460938 0.468750 0.464844 0.472656 0.468750 0.476562 0.472656 0.480469 0.472656 0.484375 0.476562 0.480469 0.476562 0.476562 0.480469 0.476562 0.484375 0.472656 0.480469 0.464844 0.480469 0.460938 0.480469 0.460938 0.476562 0.457031 0.472656 0.445312 0.472656 0.441406 0.472656 0.433594 0.480469 0.429688 0.484375 0.425781 0.484375 0.421875 0.480469 0.417969 0.480469 0.414062 0.480469 0.410156 0.476562 0.410156 0.472656 0.406250 0.468750 0.402344 0.468750 0.402344 0.453125 0.398438 0.449219 0.402344 0.445312 0.402344 0.441406 0.406250 0.437500 0.410156 0.437500 0.417969 0.429688
0 0.824219 0.429688 0.835938 0.429688 0.839844 0.429688 0.843750 0.433594 0.851562 0.433594 0.855469 0.433594 0.855469 0.437500 0.859375 0.441406 0.867188 0.441406 0.871094 0.441406 0.871094 0.445312 0.871094 0.449219 0.875000 0.453125 0.878906 0.453125 0.882812 0.457031 0.886719 0.457031 0.882812 0.460938 0.882812 0.476562 0.882812 0.480469 0.878906 0.484375 0.878906 0.492188 0.875000 0.496094 0.867188 0.496094 0.863281 0.492188 0.843750 0.492188 0.839844 0.492188 0.835938 0.488281 0.832031 0.488281 0.828125 0.488281 0.816406 0.476562 0.812500 0.472656 0.812500 0.453125 0.808594 0.449219 0.812500 0.445312 0.816406 0.441406 0.816406 0.437500 0.824219 0.429688
0 0.164062 0.496094 0.167969 0.496094 0.171875 0.496094 0.171875 0.500000 0.175781 0.503906 0.179688 0.503906 0.179688 0.507812 0.191406 0.519531 0.195312 0.519531 0.195312 0.542969 0.199219 0.546875 0.195312 0.550781 0.195312 0.562500 0.195312 0.566406 0.191406 0.570312 0.191406 0.574219 0.187500 0.578125 0.183594 0.582031 0.179688 0.582031 0.171875 0.589844 0.167969 0.593750 0.152344 0.593750 0.148438 0.593750 0.144531 0.589844 0.136719 0.589844 0.132812 0.589844 0.132812 0.550781 0.128906 0.546875 0.132812 0.542969 0.132812 0.527344 0.132812 0.523438 0.140625 0.515625 0.140625 0.511719 0.144531 0.507812 0.148438 0.503906 0.156250 0.503906 0.160156 0.503906 0.164062 0.500000 0.164062 0.496094
0 0.562500 0.546875 0.574219 0.546875 0.578125 0.546875 0.582031 0.550781 0.585938 0.554688 0.593750 0.554688 0.597656 0.554688 0.601562 0.558594 0.605469 0.562500 0.609375 0.562500 0.613281 0.566406 0.613281 0.585938 0.613281 0.589844 0.617188 0.593750 0.621094 0.593750 0.621094 0.609375 0.625000 0.613281 0.621094 0.613281 0.617188 0.617188 0.617188 0.621094 0.613281 0.625000 0.609375 0.628906 0.589844 0.628906 0.585938 0.632812 0.578125 0.632812 0.574219 0.632812 0.570312 0.628906 0.566406 0.628906 0.566406 0.625000 0.562500 0.621094 0.562500 0.617188 0.558594 0.613281 0.558594 0.609375 0.554688 0.605469 0.550781 0.601562 0.550781 0.597656 0.550781 0.593750 0.546875 0.589844 0.542969 0.589844 0.539062 0.585938 0.535156 0.585938 0.535156 0.582031 0.535156 0.578125 0.539062 0.574219 0.539062 0.570312 0.539062 0.566406 0.542969 0.562500 0.542969 0.558594 0.546875 0.558594 0.550781 0.554688 0.554688 0.550781 0.558594 0.550781 0.562500 0.546875
0 0.062500 0.687500 0.070312 0.687500 0.074219 0.691406 0.085938 0.691406 0.089844 0.691406 0.093750 0.695312 0.097656 0.695312 0.093750 0.695312 0.089844 0.699219 0.089844 0.710938 0.089844 0.714844 0.093750 0.718750 0.093750 0.726562 0.093750 0.730469 0.085938 0.738281 0.082031 0.742188 0.078125 0.742188 0.074219 0.746094 0.070312 0.746094 0.066406 0.750000 0.066406 0.753906 0.062500 0.757812 0.058594 0.757812 0.054688 0.761719 0.050781 0.761719 0.046875 0.761719 0.042969 0.757812 0.039062 0.757812 0.035156 0.753906 0.031250 0.750000 0.031250 0.722656 0.027344 0.718750 0.035156 0.710938 0.035156 0.707031 0.046875 0.695312 0.050781 0.691406 0.054688 0.691406 0.058594 0.691406 0.062500 0.687500
0 0.531250 0.824219 0.535156 0.824219 0.539062 0.824219 0.539062 0.835938 0.542969 0.839844 0.542969 0.847656 0.539062 0.851562 0.539062 0.863281 0.539062 0.867188 0.535156 0.871094 0.531250 0.871094 0.527344 0.875000 0.523438 0.878906 0.519531 0.878906 0.515625 0.882812 0.511719 0.882812 0.507812 0.878906 0.507812 0.875000 0.503906 0.871094 0.500000 0.867188 0.488281 0.867188 0.484375 0.867188 0.484375 0.859375 0.480469 0.855469 0.484375 0.855469 0.488281 0.851562 0.492188 0.847656 0.500000 0.847656 0.503906 0.847656 0.507812 0.843750 0.507812 0.839844 0.511719 0.835938 0.515625 0.832031 0.519531 0.832031 0.523438 0.828125 0.527344 0.828125 0.531250 0.824219
0 0.164062 0.894531 0.167969 0.894531 0.171875 0.894531 0.175781 0.898438 0.179688 0.898438 0.183594 0.902344 0.187500 0.902344 0.191406 0.902344 0.191406 0.917969 0.191406 0.921875 0.187500 0.925781 0.187500 0.929688 0.183594 0.933594 0.183594 0.941406 0.179688 0.945312 0.171875 0.945312 0.167969 0.941406 0.152344 0.941406 0.148438 0.941406 0.144531 0.937500 0.144531 0.933594 0.140625 0.929688 0.140625 0.917969 0.136719 0.914062 0.140625 0.910156 0.144531 0.910156 0.148438 0.906250 0.152344 0.902344 0.156250 0.902344 0.160156 0.902344 0.164062 0.898438 0.164062 0.894531
0 0.146134 0.949148 0.142551 0.949546 0.136978 0.952333 0.124638 0.954323 0.119463 0.958304 0.117075 0.962285 0.116677 0.972634 0.119463 0.979004 0.122648 0.982188 0.126230 0.984178 0.132599 0.983780 0.141357 0.980198 0.142949 0.979004 0.144143 0.977013 0.147328 0.974625 0.150512 0.969450 0.152503 0.963479 0.153697 0.961887 0.154493 0.957906 0.154493 0.951935 0.153299 0.950343 0.149318 0.948352
0 0.203594 0.610298 0.193040 0.607899 0.188243 0.607899 0.183446 0.608859 0.179608 0.611737 0.175290 0.619413 0.174811 0.621331 0.174811 0.638601 0.176250 0.644358 0.181047 0.652034 0.182966 0.652993 0.191601 0.655391 0.195918 0.654912 0.199756 0.652513 0.209830 0.640520 0.210790 0.638601 0.212229 0.631885 0.212229 0.617014 0.209830 0.613176 0.207911 0.611737
0 0.233223 0.034430 0.227047 0.034430 0.222930 0.036488 0.216755 0.041291 0.215383 0.045408 0.214011 0.052955 0.214011 0.057072 0.210580 0.067364 0.210580 0.069423 0.211266 0.071481 0.216069 0.074912 0.220872 0.076284 0.238712 0.076284 0.240770 0.076970 0.244887 0.076970 0.246945 0.078342 0.251748 0.079714 0.264099 0.080401 0.266157 0.079029 0.269588 0.074912 0.270960 0.070795 0.270960 0.066678 0.267529 0.058444 0.263413 0.055014 0.262040 0.052955 0.251748 0.045408 0.250376 0.043349 0.248318 0.042663 0.246259 0.041291 0.244887 0.039232 0.242829 0.038546 0.238712 0.035802
0 0.049338 0.150387 0.042966 0.150387 0.040516 0.151367 0.034635 0.157248 0.032184 0.161169 0.031694 0.169500 0.032674 0.171461 0.035125 0.181263 0.035615 0.187144 0.037575 0.188614 0.042477 0.189104 0.054239 0.183713 0.062570 0.181263 0.066001 0.175382 0.068452 0.167540 0.067471 0.161659 0.063550 0.156268 0.053748 0.150877
0 0.519070 0.429850 0.511983 0.429259 0.510211 0.430440 0.507258 0.433984 0.506667 0.441662 0.510802 0.452294 0.510802 0.459381 0.507848 0.466469 0.506667 0.471194 0.510211 0.473556 0.514936 0.474147 0.517298 0.474147 0.519661 0.472966 0.524977 0.471784 0.530883 0.465288 0.534427 0.459972 0.536199 0.452884 0.536199 0.445796 0.535608 0.443434 0.531474 0.438118 0.524386 0.433393
