0 0.210043 0.821992 0.215092 0.817753 0.218065 0.817500 0.233165 0.810685 0.248749 0.807420 0.255799 0.800370 0.259272 0.799320 0.270325 0.801383 0.265478 0.814290 0.259779 0.818777 0.257193 0.821363 0.252400 0.823126 0.246891 0.827423 0.242861 0.827854 0.239619 0.829847 0.233337 0.831281 0.230155 0.836318 0.229724 0.843378 0.222863 0.847407 0.214791 0.840348 0.214286 0.837806 0.210548 0.834894 0.209277 0.826715
0 0.675494 0.695051 0.691256 0.691767 0.694712 0.686814 0.697521 0.676821 0.706433 0.676714 0.711963 0.677363 0.712830 0.684622 0.709705 0.689741 0.706848 0.700077 0.703645 0.705486 0.710407 0.716743 0.717979 0.719036 0.721150 0.722500 0.719277 0.730261 0.712420 0.731609 0.700704 0.732807 0.694896 0.731821 0.691091 0.728513 0.681599 0.719022 0.679240 0.713173 0.677112 0.711045 0.673356 0.699255
0 0.543312 0.798591 0.544694 0.793926 0.545316 0.782696 0.555264 0.770839 0.559485 0.765357 0.561852 0.762809 0.564491 0.762001 0.570498 0.762180 0.573641 0.761937 0.575398 0.762122 0.581080 0.756486 0.582395 0.755952 0.588756 0.752693 0.593570 0.754405 0.592588 0.762535 0.592623 0.768135 0.593179 0.773272 0.591745 0.774706 0.589832 0.774958 0.590045 0.775752 0.586615 0.781675 0.586121 0.783635 0.584035 0.787418 0.583590 0.790411 0.581626 0.793641 0.581651 0.796424 0.584841 0.805468 0.584410 0.806509 0.583248 0.820948 0.574998 0.832683 0.570071 0.832892 0.563861 0.832284 0.558561 0.831000 0.555816 0.829964 0.549214 0.826731 0.549659 0.819419 0.549211 0.816347 0.549829 0.811578 0.543858 0.802496
0 0.551493 0.893463 0.558145 0.893460 0.561668 0.902214 0.561477 0.905168 0.563977 0.911987 0.565602 0.918420 0.562137 0.924417 0.558559 0.926443 0.556123 0.927127 0.550995 0.930325 0.547874 0.933088 0.544812 0.934603 0.541562 0.935023 0.539743 0.934959 0.539438 0.935217 0.535277 0.935990 0.533696 0.935880 0.524477 0.939905 0.522707 0.937220 0.519917 0.934564 0.518355 0.932220 0.517739 0.928646 0.519527 0.918431 0.522133 0.916216 0.523981 0.915930 0.525648 0.914262 0.527230 0.913762 0.530073 0.907494 0.534736 0.902440 0.534370 0.901752 0.534370 0.898900 0.535948 0.897713 0.537367 0.896294 0.541436 0.897366 0.541803 0.897339 0.544304 0.895557
0 0.214289 0.916345 0.213912 0.920209 0.216004 0.930552 0.211518 0.937703 0.208636 0.937503 0.198877 0.935557 0.188303 0.927887 0.177104 0.916413 0.174777 0.911126 0.172420 0.902568 0.169270 0.898580 0.165579 0.896403 0.164713 0.891619 0.162627 0.889849 0.160850 0.885706 0.159410 0.875273 0.156082 0.870326 0.160847 0.867504 0.164210 0.865512 0.165382 0.860434 0.165984 0.855064 0.166163 0.853012 0.164210 0.851841 0.164862 0.849479 0.165327 0.847792 0.165382 0.847692 0.166289 0.846626 0.168510 0.842423 0.171020 0.839831 0.178874 0.836133 0.182184 0.836931 0.185826 0.840677 0.187829 0.843740 0.192368 0.848802 0.192758 0.850327 0.191602 0.855933 0.188409 0.857809 0.184087 0.858944 0.184139 0.865112 0.187791 0.872214 0.189637 0.878046 0.192917 0.883532 0.190052 0.887625 0.203385 0.897179 0.205525 0.899936 0.211676 0.904256
0 0.532008 0.092484 0.535778 0.086890 0.542418 0.082202 0.553805 0.080234 0.557125 0.079086 0.562848 0.080249 0.569134 0.089660 0.571188 0.089633 0.576774 0.093266 0.571995 0.101948 0.572041 0.108064 0.574352 0.116059 0.574342 0.124025 0.572623 0.134084 0.568971 0.140209 0.565855 0.146446 0.554541 0.155670 0.548141 0.156664 0.542028 0.152766 0.536749 0.148269 0.533161 0.150032 0.529284 0.150771 0.521062 0.148207 0.524968 0.138324 0.528389 0.133294 0.528477 0.133084 0.530271 0.128265 0.533922 0.122228 0.527402 0.113842 0.530019 0.109195 0.528729 0.103565 0.533966 0.098543
0 0.489549 0.107764 0.481879 0.107851 0.475250 0.113056 0.468983 0.114682 0.465604 0.114404 0.462971 0.110916 0.458716 0.107907 0.455057 0.107373 0.449198 0.105029 0.447477 0.101356 0.445428 0.093185 0.446982 0.087462 0.458963 0.076262 0.463013 0.074166 0.463157 0.074043 0.466116 0.074170 0.472223 0.070016 0.476955 0.067736 0.482184 0.072439 0.484101 0.072582 0.485784 0.071921 0.487892 0.072866 0.495344 0.073425 0.501635 0.078160 0.497753 0.087842 0.494004 0.089246 0.494343 0.097872
0 0.439636 0.026857 0.447113 0.025594 0.451546 0.023918 0.459971 0.025195 0.465198 0.029122 0.460257 0.035889 0.460599 0.041274 0.466898 0.043840 0.472893 0.048460 0.475064 0.047769 0.480960 0.048137 0.482776 0.050997 0.481395 0.056075 0.479007 0.066748 0.472223 0.070016 0.466116 0.074170 0.457014 0.073779 0.452125 0.067806 0.448822 0.057943 0.447257 0.050404 0.443361 0.043811 0.438784 0.037970 0.438164 0.030680
0 0.000000 0.055166 0.004265 0.054304 0.007927 0.052504 0.012936 0.047926 0.020104 0.047075 0.030325 0.053131 0.040337 0.055684 0.049809 0.059129 0.054509 0.062248 0.057837 0.063424 0.059409 0.066146 0.059551 0.075832 0.058988 0.080632 0.056241 0.084891 0.054090 0.085402 0.046143 0.091396 0.045467 0.093635 0.042628 0.096864 0.041364 0.100062 0.038185 0.101576 0.029295 0.100294 0.025532 0.098130 0.017671 0.095989 0.013366 0.093837 0.007360 0.087500 0.000000 0.085109
0 0.315218 0.714648 0.308937 0.707362 0.303860 0.699498 0.299018 0.694871 0.286454 0.688627 0.283639 0.686538 0.279066 0.681584 0.274221 0.679259 0.274552 0.677802 0.277858 0.674055 0.275874 0.671348 0.270584 0.667185 0.271741 0.665520 0.278850 0.666352 0.285462 0.668018 0.288698 0.669317 0.302203 0.672837 0.305361 0.675188 0.312887 0.685074 0.318746 0.688199 0.328800 0.682568 0.333924 0.678333 0.334321 0.678170 0.337370 0.677594 0.344313 0.678634 0.354232 0.681965 0.360514 0.685296 0.364151 0.690500 0.364481 0.695288 0.357869 0.696329 0.350926 0.697994 0.347950 0.699868 0.346628 0.709860 0.347289 0.720268 0.346628 0.723599 0.342832 0.728587 0.339773 0.728899 0.330758 0.723807 0.324807 0.720060
0 0.000000 0.820946 0.007751 0.829202 0.012650 0.842060 0.021221 0.848918 0.018772 0.869061 0.007751 0.878490 0.000000 0.882559
