0 0.812500 0.871094 0.828125 0.871094 0.832031 0.871094 0.847656 0.878906 0.851562 0.882812 0.855469 0.894531 0.859375 0.898438 0.855469 0.941406 0.851562 0.945312 0.835938 0.937500 0.832031 0.933594 0.824219 0.914062 0.824219 0.910156 0.808594 0.894531 0.804688 0.890625 0.804688 0.886719 0.800781 0.882812 0.812500 0.871094
0 0.300781 0.750000 0.312500 0.750000 0.316406 0.750000 0.316406 0.753906 0.320312 0.757812 0.320312 0.761719 0.320312 0.765625 0.316406 0.769531 0.312500 0.773438 0.304688 0.773438 0.300781 0.773438 0.300781 0.750000
0 0.097656 0.625000 0.105469 0.628906 0.109375 0.628906 0.132812 0.652344 0.136719 0.656250 0.171875 0.722656 0.175781 0.726562 0.175781 0.742188 0.171875 0.746094 0.164062 0.746094 0.160156 0.746094 0.148438 0.734375 0.144531 0.730469 0.117188 0.691406 0.117188 0.687500 0.093750 0.664062 0.089844 0.660156 0.085938 0.632812 0.085938 0.628906 0.097656 0.625000
0 0.460938 0.000000 0.460938 0.000000 0.457031 0.003906 0.441406 0.003906 0.437500 0.003906 0.433594 0.007812 0.425781 0.007812 0.421875 0.007812 0.417969 0.003906 0.421875 0.000000 0.421875 0.000000
0 0.597656 0.027344 0.601562 0.027344 0.605469 0.027344 0.605469 0.031250 0.609375 0.035156 0.601562 0.046875 0.601562 0.058594 0.601562 0.062500 0.605469 0.066406 0.605469 0.074219 0.605469 0.078125 0.609375 0.082031 0.609375 0.085938 0.613281 0.089844 0.613281 0.093750 0.613281 0.097656 0.609375 0.101562 0.605469 0.105469 0.605469 0.117188 0.605469 0.121094 0.605469 0.125000 0.601562 0.128906 0.593750 0.128906 0.589844 0.128906 0.585938 0.132812 0.578125 0.132812 0.574219 0.132812 0.570312 0.136719 0.566406 0.136719 0.558594 0.144531 0.554688 0.144531 0.554688 0.132812 0.554688 0.128906 0.550781 0.125000 0.550781 0.121094 0.546875 0.117188 0.546875 0.113281 0.546875 0.109375 0.542969 0.105469 0.539062 0.105469 0.535156 0.101562 0.531250 0.101562 0.531250 0.097656 0.531250 0.093750 0.535156 0.089844 0.539062 0.085938 0.539062 0.082031 0.539062 0.078125 0.542969 0.074219 0.546875 0.074219 0.550781 0.074219 0.554688 0.070312 0.558594 0.070312 0.570312 0.070312 0.574219 0.070312 0.578125 0.066406 0.578125 0.062500 0.582031 0.058594 0.582031 0.050781 0.582031 0.046875 0.593750 0.035156 0.597656 0.031250 0.597656 0.027344
0 0.000000 0.261719 0.003906 0.265625 0.007812 0.265625 0.011719 0.265625 0.015625 0.269531 0.019531 0.273438 0.019531 0.277344 0.019531 0.281250 0.031250 0.292969 0.035156 0.296875 0.035156 0.300781 0.039062 0.304688 0.039062 0.308594 0.050781 0.320312 0.054688 0.324219 0.054688 0.328125 0.050781 0.332031 0.050781 0.335938 0.046875 0.339844 0.042969 0.339844 0.039062 0.339844 0.031250 0.347656 0.027344 0.347656 0.015625 0.359375 0.011719 0.363281 0.003906 0.363281 0.000000 0.359375 0.000000 0.261719
0 0.375000 0.066406 0.398438 0.074219 0.402344 0.074219 0.417969 0.097656 0.421875 0.101562 0.417969 0.117188 0.417969 0.121094 0.386719 0.144531 0.382812 0.148438 0.375000 0.148438 0.371094 0.144531 0.355469 0.113281 0.351562 0.109375 0.351562 0.089844 0.351562 0.085938 0.375000 0.066406
0 0.386042 0.180784 0.381533 0.180283 0.377525 0.176275 0.377024 0.174271 0.374519 0.173770 0.370010 0.175273 0.365000 0.174772 0.363497 0.173269 0.362495 0.167257 0.362495 0.165253 0.363998 0.163750 0.368507 0.162247 0.371513 0.160744 0.373016 0.159241 0.371513 0.157738 0.372014 0.155734 0.375521 0.153229 0.378527 0.149221 0.383537 0.145714 0.394058 0.143710 0.417605 0.143710 0.424619 0.137698 0.425120 0.135694 0.427124 0.136195 0.427124 0.140704 0.428126 0.142708 0.428126 0.147217 0.429629 0.150223 0.430130 0.154732 0.429128 0.156736 0.426121 0.158740 0.419609 0.165754 0.418106 0.168760 0.418607 0.174772 0.410591 0.179782 0.409088 0.181285 0.403076 0.183289 0.398567 0.183790 0.390551 0.183790 0.382535 0.182788
0 0.078125 0.289062 0.089844 0.289062 0.093750 0.289062 0.097656 0.292969 0.101562 0.292969 0.105469 0.296875 0.105469 0.300781 0.109375 0.304688 0.105469 0.308594 0.105469 0.312500 0.097656 0.320312 0.093750 0.324219 0.078125 0.324219 0.074219 0.324219 0.069003 0.320673 0.069590 0.315819 0.068168 0.291659 0.074219 0.292969 0.078125 0.289062
0 0.457031 0.042969 0.496094 0.050781 0.500000 0.054688 0.492188 0.082031 0.488281 0.085938 0.472656 0.085938 0.468750 0.085938 0.457031 0.078125 0.453125 0.074219 0.449219 0.054688 0.449219 0.050781 0.457031 0.042969
0 0.058594 0.000000 0.003906 0.011719 0.000000 0.011719 0.000000 0.000000
0 0.332031 0.464844 0.335938 0.468750 0.339844 0.468750 0.343750 0.472656 0.347656 0.472656 0.343750 0.476562 0.343750 0.492188 0.343750 0.496094 0.347656 0.500000 0.351562 0.500000 0.351562 0.503906 0.347656 0.507812 0.343750 0.507812 0.339844 0.503906 0.320312 0.503906 0.316406 0.503906 0.308594 0.496094 0.304688 0.496094 0.304688 0.492188 0.304688 0.488281 0.308594 0.484375 0.308594 0.480469 0.308594 0.476562 0.312500 0.472656 0.316406 0.468750 0.324219 0.468750 0.328125 0.468750 0.332031 0.464844
0 0.000000 0.527344 0.003906 0.527344 0.007812 0.527344 0.011719 0.531250 0.015625 0.531250 0.019531 0.535156 0.023438 0.535156 0.027344 0.535156 0.027344 0.542969 0.031250 0.546875 0.027344 0.546875 0.023438 0.550781 0.019531 0.550781 0.015625 0.550781 0.011719 0.546875 0.007812 0.546875 0.003906 0.546875 0.000000 0.542969 0.000000 0.527344
0 0.464844 0.691406 0.468750 0.691406 0.472656 0.691406 0.476562 0.695312 0.480469 0.695312 0.484375 0.695312 0.496094 0.707031 0.500000 0.710938 0.511719 0.710938 0.515625 0.710938 0.523438 0.730469 0.523438 0.734375 0.519531 0.738281 0.519531 0.750000 0.519531 0.753906 0.515625 0.757812 0.515625 0.773438 0.511719 0.777344 0.511719 0.796875 0.507812 0.800781 0.492188 0.800781 0.488281 0.800781 0.484375 0.796875 0.480469 0.796875 0.472656 0.789062 0.468750 0.785156 0.464844 0.785156 0.457031 0.777344 0.453125 0.773438 0.453125 0.769531 0.453125 0.765625 0.449219 0.761719 0.449219 0.757812 0.445312 0.753906 0.441406 0.750000 0.425781 0.750000 0.421875 0.750000 0.421875 0.738281 0.421875 0.734375 0.425781 0.730469 0.433594 0.730469 0.437500 0.730469 0.445312 0.722656 0.449219 0.718750 0.449219 0.714844 0.449219 0.710938 0.453125 0.707031 0.453125 0.703125 0.457031 0.703125 0.460938 0.699219 0.460938 0.695312 0.464844 0.691406
