0 0.558594 0.000000 0.582031 0.000000 0.585938 0.000000 0.585938 0.003906 0.585938 0.007812 0.582031 0.011719 0.578125 0.011719 0.574219 0.015625 0.570312 0.019531 0.570312 0.027344 0.566406 0.031250 0.562500 0.031250 0.558594 0.031250 0.554688 0.035156 0.550781 0.035156 0.546875 0.035156 0.542969 0.031250 0.542969 0.027344 0.539062 0.023438 0.542969 0.023438 0.546875 0.019531 0.546875 0.015625 0.550781 0.015625 0.554688 0.011719 0.558594 0.007812 0.558594 0.000000
0 0.519531 0.058594 0.523438 0.062500 0.523438 0.070312 0.523438 0.074219 0.519531 0.078125 0.515625 0.082031 0.507812 0.082031 0.503906 0.082031 0.503906 0.070312 0.503906 0.066406 0.507812 0.062500 0.511719 0.062500 0.515625 0.062500 0.519531 0.058594
0 0.214844 0.078125 0.226562 0.078125 0.230469 0.078125 0.226562 0.082031 0.226562 0.085938 0.218750 0.093750 0.214844 0.097656 0.214844 0.113281 0.214844 0.117188 0.210938 0.121094 0.210938 0.125000 0.207031 0.128906 0.203125 0.128906 0.199219 0.128906 0.199219 0.121094 0.199219 0.117188 0.203125 0.113281 0.203125 0.109375 0.203125 0.105469 0.207031 0.101562 0.210938 0.097656 0.210938 0.089844 0.210938 0.085938 0.214844 0.082031 0.214844 0.078125
0 0.984375 0.105469 0.992188 0.105469 0.996094 0.105469 1.000000 0.109375 1.000000 0.113281 0.996094 0.117188 0.992188 0.121094 0.988281 0.121094 0.984375 0.121094 0.984375 0.113281 0.980469 0.109375 0.984375 0.105469
0 0.027344 0.128906 0.035156 0.128906 0.039062 0.132812 0.039062 0.148438 0.035156 0.152344 0.027344 0.152344 0.023438 0.148438 0.023438 0.136719 0.023438 0.132812 0.027344 0.128906
0 0.613281 0.187500 0.621094 0.195312 0.625000 0.199219 0.625000 0.203125 0.632812 0.210938 0.636719 0.214844 0.632812 0.218750 0.628906 0.222656 0.617188 0.222656 0.613281 0.222656 0.609375 0.218750 0.597656 0.218750 0.593750 0.214844 0.593750 0.207031 0.593750 0.203125 0.597656 0.203125 0.605469 0.195312 0.605469 0.191406 0.609375 0.191406 0.613281 0.187500
0 0.886719 0.269531 0.898438 0.269531 0.902344 0.269531 0.902344 0.273438 0.902344 0.277344 0.906250 0.281250 0.906250 0.289062 0.902344 0.292969 0.898438 0.292969 0.886719 0.281250 0.882812 0.281250 0.882812 0.277344 0.878906 0.273438 0.882812 0.273438 0.886719 0.269531
0 0.707031 0.328125 0.722656 0.328125 0.726562 0.328125 0.730469 0.332031 0.730469 0.335938 0.722656 0.343750 0.718750 0.347656 0.710938 0.347656 0.707031 0.347656 0.703125 0.351562 0.699219 0.351562 0.695312 0.351562 0.691406 0.347656 0.687500 0.347656 0.687500 0.343750 0.687500 0.339844 0.683594 0.335938 0.679688 0.335938 0.683594 0.335938 0.687500 0.332031 0.699219 0.332031 0.703125 0.332031 0.707031 0.328125
0 0.960938 0.382812 0.972656 0.382812 0.976562 0.386719 0.976562 0.390625 0.976562 0.394531 0.972656 0.398438 0.968750 0.402344 0.964844 0.402344 0.960938 0.398438 0.957031 0.398438 0.957031 0.394531 0.957031 0.390625 0.960938 0.386719 0.960938 0.382812
0 0.113281 0.453125 0.121094 0.453125 0.125000 0.453125 0.125000 0.457031 0.128906 0.460938 0.132812 0.460938 0.132812 0.472656 0.128906 0.476562 0.117188 0.476562 0.113281 0.480469 0.105469 0.472656 0.101562 0.472656 0.101562 0.468750 0.101562 0.464844 0.113281 0.453125
0 0.253906 0.507812 0.257812 0.507812 0.261719 0.507812 0.265625 0.511719 0.273438 0.511719 0.277344 0.511719 0.281250 0.515625 0.285156 0.519531 0.289062 0.519531 0.292969 0.523438 0.296875 0.527344 0.296875 0.539062 0.296875 0.542969 0.292969 0.546875 0.289062 0.550781 0.289062 0.554688 0.289062 0.558594 0.285156 0.562500 0.281250 0.562500 0.277344 0.566406 0.273438 0.562500 0.269531 0.562500 0.269531 0.554688 0.269531 0.550781 0.265625 0.546875 0.261719 0.546875 0.257812 0.542969 0.253906 0.539062 0.253906 0.535156 0.250000 0.531250 0.250000 0.519531 0.246094 0.515625 0.253906 0.507812
0 0.492188 0.585938 0.500000 0.585938 0.503906 0.585938 0.503906 0.605469 0.503906 0.609375 0.500000 0.613281 0.496094 0.617188 0.492188 0.613281 0.492188 0.609375 0.488281 0.605469 0.492188 0.601562 0.492188 0.585938
0 0.250000 0.621094 0.253906 0.621094 0.257812 0.621094 0.261719 0.625000 0.265625 0.625000 0.269531 0.628906 0.273438 0.632812 0.273438 0.644531 0.277344 0.648438 0.296875 0.648438 0.300781 0.648438 0.304688 0.644531 0.312500 0.644531 0.316406 0.648438 0.316406 0.652344 0.316406 0.656250 0.320312 0.660156 0.320312 0.667969 0.324219 0.671875 0.324219 0.675781 0.320312 0.679688 0.320312 0.683594 0.320312 0.687500 0.316406 0.691406 0.312500 0.695312 0.304688 0.695312 0.300781 0.691406 0.277344 0.691406 0.273438 0.691406 0.265625 0.699219 0.261719 0.703125 0.257812 0.699219 0.250000 0.699219 0.246094 0.695312 0.218750 0.695312 0.214844 0.695312 0.210938 0.691406 0.207031 0.687500 0.203125 0.687500 0.199219 0.683594 0.195312 0.683594 0.191406 0.683594 0.183594 0.675781 0.179688 0.675781 0.179688 0.671875 0.175781 0.667969 0.175781 0.652344 0.175781 0.648438 0.191406 0.648438 0.195312 0.648438 0.199219 0.652344 0.210938 0.652344 0.214844 0.652344 0.218750 0.648438 0.222656 0.648438 0.226562 0.644531 0.230469 0.640625 0.234375 0.640625 0.238281 0.640625 0.242188 0.636719 0.242188 0.632812 0.246094 0.628906 0.250000 0.625000 0.250000 0.621094
0 0.281250 0.843750 0.300781 0.843750 0.304688 0.843750 0.300781 0.847656 0.300781 0.855469 0.296875 0.859375 0.292969 0.859375 0.289062 0.855469 0.285156 0.855469 0.285156 0.851562 0.285156 0.847656 0.281250 0.843750
0 0.375000 0.875000 0.382812 0.875000 0.386719 0.875000 0.390625 0.878906 0.390198 0.882476 0.390871 0.886382 0.390625 0.890625 0.402344 0.890625 0.402344 0.894531 0.398438 0.898438 0.390625 0.898438 0.386719 0.898438 0.386719 0.890625 0.386719 0.886719 0.382812 0.882812 0.378906 0.882812 0.375000 0.882812 0.375000 0.875000
0 0.320312 0.914062 0.328125 0.914062 0.332031 0.914062 0.332031 0.929688 0.332031 0.933594 0.328125 0.937500 0.324219 0.941406 0.324219 0.945312 0.320312 0.949219 0.316406 0.949219 0.316406 0.929688 0.312500 0.925781 0.316406 0.921875 0.320312 0.917969 0.320312 0.914062
0 0.980469 0.933594 0.988281 0.933594 0.992188 0.933594 0.996094 0.937500 1.000000 0.937500 1.000000 0.941406 1.000000 0.945312 0.996094 0.949219 0.984375 0.949219 0.980469 0.949219 0.980469 0.933594
0 0.769531 0.039062 0.777344 0.039062 0.781250 0.042969 0.781250 0.058594 0.781250 0.062500 0.773438 0.062500 0.769531 0.062500 0.769531 0.039062
