0 0.448657 0.374970 0.440729 0.387970 0.445312 0.441406 0.425781 0.476562 0.414062 0.484375 0.398438 0.484375 0.386719 0.472656 0.378906 0.453125 0.335938 0.406250 0.324219 0.367188 0.320312 0.363281 0.320312 0.292969 0.332031 0.281250 0.355469 0.273438 0.394531 0.277344 0.410156 0.285156 0.447798 0.352912 0.449082 0.373434
0 0.234375 0.199219 0.269531 0.203125 0.273438 0.207031 0.277344 0.222656 0.277344 0.226562 0.269531 0.246094 0.269531 0.250000 0.261719 0.253906 0.257812 0.257812 0.238281 0.253906 0.234375 0.253906 0.226562 0.246094 0.222656 0.242188 0.218750 0.222656 0.218750 0.218750 0.234375 0.199219
0 0.289062 0.113281 0.308594 0.121094 0.312500 0.121094 0.324219 0.132812 0.328125 0.136719 0.328125 0.152344 0.328125 0.156250 0.296875 0.167969 0.292969 0.167969 0.277344 0.183594 0.273438 0.187500 0.253906 0.191406 0.250000 0.191406 0.222656 0.179688 0.218750 0.179688 0.214844 0.164062 0.214844 0.160156 0.230469 0.136719 0.234375 0.132812 0.250000 0.136719 0.253906 0.136719 0.269531 0.125000 0.269531 0.121094 0.289062 0.113281
0 0.884463 0.830820 0.882812 0.824219 0.871094 0.808594 0.851532 0.806854 0.841530 0.813970 0.805950 0.817037 0.799696 0.812618 0.798401 0.807090 0.782225 0.808245 0.765583 0.824273 0.762206 0.836091 0.769264 0.838825 0.769877 0.845130 0.762481 0.851913 0.753579 0.853736 0.750000 0.863281 0.753906 0.902344 0.756519 0.904957 0.771070 0.906882 0.783863 0.916609 0.794071 0.919066 0.811471 0.907406 0.822977 0.917689 0.830603 0.919397 0.863281 0.902344 0.880886 0.871735 0.884261 0.831550
0 0.898438 0.000000 0.898438 0.007812 0.898438 0.011719 0.890625 0.023438 0.886719 0.027344 0.859375 0.031250 0.855469 0.031250 0.824219 0.023438 0.820312 0.019531 0.817057 0.000000
0 0.585938 0.136719 0.605469 0.136719 0.609375 0.136719 0.632812 0.160156 0.636719 0.164062 0.636719 0.179688 0.636719 0.183594 0.621094 0.199219 0.617188 0.203125 0.589844 0.207031 0.585938 0.207031 0.566406 0.195312 0.562500 0.195312 0.558594 0.183594 0.554688 0.179688 0.554688 0.167969 0.554688 0.164062 0.562500 0.152344 0.562500 0.148438 0.585938 0.136719
0 0.343216 0.971482 0.337382 0.954800 0.324231 0.945974 0.313524 0.933906 0.304688 0.929688 0.277344 0.929688 0.266678 0.938123 0.269369 0.960964 0.261218 0.972761 0.243841 0.978008 0.236289 0.984819 0.236833 1.000000 0.325313 1.000000 0.322424 0.988669 0.342200 0.975193
0 0.367188 0.867188 0.382812 0.878906 0.386719 0.882812 0.390625 0.906250 0.390625 0.910156 0.378906 0.929688 0.375000 0.933594 0.363281 0.937500 0.359375 0.941406 0.332031 0.941406 0.328125 0.941406 0.316406 0.929688 0.312500 0.925781 0.316406 0.906250 0.316406 0.902344 0.343750 0.878906 0.347656 0.875000 0.367188 0.867188
0 0.101562 0.851562 0.101562 0.832031 0.097656 0.828125 0.086102 0.826199 0.066525 0.835049 0.058340 0.842670 0.053829 0.858284 0.069532 0.873310 0.080524 0.873874 0.096937 0.855263
0 0.138059 0.816964 0.129436 0.774772 0.122004 0.761523 0.113147 0.758941 0.093998 0.760628 0.078125 0.778754 0.078125 0.790232 0.082986 0.802330 0.085944 0.805288 0.095961 0.806129 0.108093 0.824752 0.124781 0.829795 0.137043 0.820675
0 0.230469 0.652344 0.285156 0.656250 0.289062 0.656250 0.300781 0.664062 0.304688 0.667969 0.304688 0.683594 0.304688 0.687500 0.296875 0.695312 0.296875 0.699219 0.285156 0.703125 0.281250 0.707031 0.242188 0.703125 0.238281 0.703125 0.222656 0.683594 0.218750 0.679688 0.218750 0.667969 0.218750 0.664062 0.230469 0.652344
0 0.523438 0.617188 0.539062 0.617188 0.542969 0.621094 0.546875 0.664062 0.546875 0.667969 0.527344 0.671875 0.523438 0.671875 0.515625 0.660156 0.511719 0.656250 0.511719 0.632812 0.511719 0.628906 0.523438 0.617188
0 0.492188 0.558594 0.500000 0.558594 0.503906 0.558594 0.507812 0.566406 0.511719 0.570312 0.515625 0.589844 0.515625 0.593750 0.511719 0.597656 0.511719 0.601562 0.503906 0.601562 0.500000 0.605469 0.472656 0.597656 0.468750 0.593750 0.468750 0.582031 0.468750 0.578125 0.492188 0.558594
0 0.101562 0.500000 0.121094 0.503906 0.125000 0.507812 0.121094 0.539062 0.117188 0.542969 0.101562 0.542969 0.097656 0.542969 0.085938 0.531250 0.082031 0.527344 0.085938 0.515625 0.085938 0.511719 0.101562 0.500000
0 0.496094 0.414062 0.523438 0.417969 0.527344 0.417969 0.531250 0.425781 0.535156 0.429688 0.531250 0.445312 0.531250 0.449219 0.496094 0.445312 0.492188 0.445312 0.488281 0.425781 0.488281 0.421875 0.496094 0.414062
0 0.477604 0.388120 0.467537 0.371301 0.456104 0.369896 0.451455 0.372708 0.442562 0.388623 0.443030 0.400957 0.454465 0.407514 0.466834 0.404002 0.476901 0.390659
0 0.918976 0.343683 0.918976 0.306711 0.915471 0.296601 0.905983 0.289956 0.896939 0.288230 0.872766 0.291852 0.863679 0.281780 0.856412 0.278631 0.835993 0.281424 0.831837 0.285225 0.830955 0.294045 0.824219 0.301383 0.813241 0.302398 0.809441 0.306200 0.805581 0.314177 0.805226 0.329740 0.788821 0.347437 0.788162 0.369591 0.785156 0.371094 0.773980 0.357010 0.776768 0.339104 0.773018 0.332659 0.765326 0.331643 0.757236 0.335445 0.738281 0.351562 0.726562 0.367188 0.699219 0.367188 0.691176 0.356781 0.691176 0.345075 0.686180 0.333004 0.674687 0.318725 0.665801 0.317709 0.649351 0.324298 0.639053 0.334597 0.635648 0.347464 0.640625 0.360835 0.640625 0.375000 0.625000 0.394531 0.627082 0.454553 0.624873 0.471003 0.620148 0.476524 0.612508 0.477336 0.597656 0.492188 0.597656 0.496094 0.614176 0.519221 0.620172 0.523038 0.621710 0.532752 0.618345 0.562043 0.613523 0.567127 0.606101 0.567127 0.590895 0.554327 0.582031 0.550781 0.550781 0.609375 0.550781 0.658928 0.560913 0.670983 0.557493 0.695324 0.561243 0.701769 0.589727 0.704122 0.603739 0.708670 0.614404 0.703374 0.621094 0.695312 0.667969 0.691406 0.715479 0.735802 0.710896 0.755161 0.715749 0.767698 0.722704 0.775421 0.752637 0.791923 0.763639 0.795625 0.773106 0.794225 0.779678 0.786502 0.779678 0.774091 0.769269 0.760612 0.745521 0.752981 0.744362 0.750267 0.758907 0.743570 0.773403 0.724077 0.769317 0.707318 0.750000 0.667969 0.754214 0.655942 0.778598 0.651861 0.796875 0.628906 0.817105 0.630006 0.826236 0.617449 0.845332 0.605697 0.861855 0.602254 0.878466 0.592234 0.876732 0.577527 0.834895 0.514894 0.828520 0.500869 0.829714 0.491302 0.835123 0.473470 0.879310 0.452638 0.885627 0.446321 0.889031 0.436240 0.888633 0.411956 0.881002 0.386103 0.882252 0.381759 0.890207 0.368392 0.909893 0.360437 0.917960 0.347394
0 0.438320 0.717425 0.433126 0.706647 0.422195 0.701300 0.414153 0.704482 0.393075 0.726088 0.396825 0.732533 0.406312 0.736437 0.415082 0.730661 0.432404 0.726036 0.437304 0.721136
0 0.199057 0.965158 0.188521 0.976416 0.184618 0.991871 0.173841 0.999230 0.165076 0.998215 0.160176 0.993315 0.154829 0.974443 0.155844 0.968566 0.162910 0.960778 0.183948 0.952543 0.196323 0.955002 0.200073 0.961447
0 0.380448 0.478397 0.371611 0.454995 0.351189 0.454995 0.339411 0.463947 0.339411 0.473064 0.356841 0.495016 0.371046 0.494451 0.379432 0.482108
0 1.000000 0.669282 0.993376 0.669282 0.983792 0.659698 0.983792 0.642926 0.976604 0.621361 0.933476 0.623757 0.923892 0.587817 0.919100 0.583025 0.919100 0.573441 0.909516 0.566253 0.895140 0.542293 0.887952 0.537501 0.885555 0.525521 0.883160 0.525521 0.883160 0.518333 0.887952 0.511145 0.909516 0.501561 0.909516 0.446452 0.919100 0.444056 0.928684 0.436868 0.952644 0.436868 0.974208 0.448848 0.983792 0.448848 0.986188 0.453641 1.000000 0.453641
0 1.000000 0.794439 0.998168 0.796271 0.998168 0.803459 0.990980 0.808251 0.988584 0.815439 0.971812 0.825023 0.923892 0.827419 0.911912 0.820231 0.909516 0.815439 0.902328 0.813043 0.892744 0.803459 0.890348 0.796271 0.890348 0.786686 0.904724 0.777102 0.911912 0.769914 0.914308 0.762726 0.919100 0.762726 0.926288 0.748350 0.926288 0.731578 0.928684 0.729182 0.940664 0.729182 0.952644 0.726786 0.957436 0.721994 0.964624 0.721994 1.000000 0.736145
0 1.000000 0.778934 0.988584 0.767518 0.983792 0.767518 0.976604 0.755538 0.969416 0.750746 0.964624 0.741162 0.964624 0.733974 0.957436 0.721994 0.935872 0.710014 0.923892 0.710014 0.907120 0.693242 0.904724 0.678866 0.899932 0.674074 0.899932 0.654906 0.895140 0.650114 0.892744 0.630946 0.880764 0.595005 0.878368 0.595005 0.878368 0.587817 0.875971 0.587817 0.873575 0.578233 0.854407 0.559065 0.854407 0.551877 0.842427 0.539897 0.835239 0.523125 0.837635 0.503957 0.849615 0.491977 0.861595 0.463225 0.887952 0.446452 0.899932 0.444056 0.902328 0.439264 0.955040 0.439264 0.976604 0.441661 0.983792 0.446452 1.000000 0.447406
0 0.204505 0.133105 0.204505 0.118801 0.201201 0.107651 0.196178 0.102628 0.188756 0.102628 0.178583 0.118523 0.178583 0.127661 0.190473 0.145845 0.197895 0.145845 0.203490 0.136816
0 0.991612 0.249504 0.984717 0.262606 0.975513 0.267045 0.962148 0.261892 0.948055 0.246483 0.956655 0.233118 0.964480 0.227989 0.981982 0.229694 0.991612 0.238634 0.992628 0.245793
