0 0.000000 0.571224 0.001161 0.569686 0.007275 0.567528 0.010523 0.568441 0.014580 0.572503 0.018263 0.573062 0.021209 0.577029 0.018616 0.579944 0.018437 0.584958 0.017787 0.588429 0.015886 0.588337 0.009542 0.589990 0.004843 0.589747 0.000175 0.589840 0.000000 0.586925
0 0.021229 0.722852 0.028666 0.723186 0.034817 0.724492 0.040345 0.725128 0.042391 0.725545 0.042468 0.724059 0.045607 0.721310 0.048062 0.719899 0.057397 0.728024 0.057945 0.729782 0.057959 0.729902 0.058220 0.730156 0.058922 0.730432 0.058904 0.730645 0.063023 0.735641 0.058699 0.742773 0.059254 0.742937 0.060171 0.743832 0.064367 0.745707 0.065894 0.746062 0.066310 0.746478 0.072007 0.750094 0.072064 0.751673 0.072563 0.751927 0.071664 0.753790 0.065894 0.762720 0.065220 0.763043 0.065375 0.763239 0.058414 0.765680 0.054735 0.765350 0.052886 0.765064 0.051663 0.763820 0.051324 0.763892 0.048059 0.760953 0.043992 0.760953 0.034764 0.761385 0.031762 0.761236 0.029645 0.757515 0.021259 0.755708 0.017647 0.755246 0.014335 0.754252 0.009390 0.754690 0.001070 0.751266 0.003921 0.746852 0.005712 0.747609 0.006305 0.747139 0.007586 0.741956 0.006107 0.741607 0.002467 0.737967 0.008458 0.733137 0.011266 0.728334 0.017614 0.725975
0 0.611556 0.377698 0.619874 0.379611 0.622771 0.382546 0.627595 0.384961 0.630396 0.385067 0.639462 0.389859 0.639809 0.394477 0.638266 0.401232 0.633495 0.405468 0.631081 0.406908 0.625383 0.411528 0.617977 0.410019 0.619112 0.405523 0.614752 0.405163 0.610877 0.404357 0.608180 0.402426 0.604227 0.398014 0.601318 0.394092 0.601682 0.388287 0.600728 0.383504 0.598263 0.376672 0.602276 0.372659 0.607815 0.376161
0 0.689665 0.358462 0.684278 0.362839 0.679039 0.368657 0.673050 0.370340 0.668704 0.374686 0.664548 0.375968 0.661111 0.377632 0.658188 0.380546 0.655047 0.382398 0.650736 0.386361 0.643801 0.389895 0.632203 0.392952 0.631798 0.392507 0.624732 0.390389 0.619478 0.387271 0.614423 0.385664 0.610820 0.381247 0.614895 0.376529 0.622363 0.376502 0.628641 0.375582 0.632940 0.370250 0.638024 0.364655 0.642079 0.363519 0.645859 0.361702 0.657587 0.359419 0.657713 0.359341 0.658198 0.358348 0.661585 0.354961 0.673948 0.348719 0.682347 0.348876 0.689699 0.351707 0.689509 0.358046
0 0.887832 0.252096 0.901732 0.254574 0.906458 0.254123 0.909905 0.252059 0.915052 0.250037 0.915216 0.249483 0.916650 0.248048 0.919740 0.247303 0.920557 0.246486 0.925752 0.246877 0.926294 0.247397 0.926829 0.247157 0.930306 0.249878 0.932191 0.250936 0.934652 0.255432 0.934621 0.259619 0.935114 0.267031 0.930915 0.268930 0.923582 0.271557 0.917341 0.271303 0.912359 0.271847 0.906480 0.270700 0.893819 0.270821 0.890202 0.271847 0.889287 0.271118 0.883287 0.268437 0.878079 0.263221 0.877516 0.262178 0.876038 0.255591 0.884539 0.253667
0 0.796693 0.023415 0.800728 0.013116 0.802338 0.011245 0.810577 0.009529 0.813895 0.009811 0.815960 0.011467 0.818699 0.013077 0.831343 0.017518 0.832897 0.021288 0.832846 0.022334 0.834069 0.028709 0.832268 0.032336 0.831805 0.032450 0.829078 0.038143 0.822135 0.044291 0.813887 0.043328 0.811876 0.042152 0.806761 0.041128 0.802175 0.043288 0.795026 0.043679 0.790085 0.034959 0.790467 0.029627 0.793750 0.027516
0 0.724325 0.125361 0.728683 0.121685 0.734820 0.119916 0.740467 0.117104 0.746630 0.113125 0.753039 0.111580 0.760706 0.108916 0.769905 0.103855 0.778479 0.104324 0.791785 0.102923 0.792616 0.102198 0.801296 0.100492 0.813664 0.097522 0.821515 0.102806 0.826810 0.107551 0.833406 0.109200 0.841696 0.110312 0.848291 0.110164 0.855941 0.114697 0.860191 0.115649 0.871184 0.120596 0.873404 0.123365 0.878150 0.128111 0.878879 0.139833 0.883424 0.148775 0.889872 0.150277 0.891989 0.151207 0.899121 0.152000 0.908011 0.154124 0.918504 0.160770 0.924500 0.161819 0.929267 0.166036 0.932937 0.167877 0.938076 0.168777 0.942475 0.167070 0.946310 0.166229 0.950526 0.166229 0.955280 0.167865 0.964432 0.174089 0.961684 0.181234 0.962783 0.188379 0.962246 0.190386 0.956572 0.192392 0.953873 0.192110 0.952902 0.194783 0.944052 0.202508 0.945756 0.206161 0.945207 0.212921 0.924968 0.217455 0.916091 0.216588 0.917377 0.209573 0.919499 0.202777 0.914846 0.192183 0.904142 0.188696 0.901250 0.188556 0.897033 0.184339 0.894761 0.179670 0.892419 0.179187 0.886812 0.175218 0.884019 0.174803 0.870969 0.169818 0.864973 0.168220 0.859427 0.163772 0.851232 0.161074 0.842271 0.156511 0.831995 0.154478 0.823200 0.150081 0.818655 0.146086 0.809816 0.145122 0.799832 0.142653 0.780455 0.140741 0.774671 0.140962 0.771937 0.139602 0.757599 0.140175 0.744957 0.137977 0.741802 0.136839 0.736163 0.136877 0.727964 0.132895 0.725033 0.128936
0 0.825746 0.855920 0.829400 0.852266 0.832251 0.851245 0.832155 0.850039 0.832155 0.848445 0.831905 0.846444 0.831492 0.839928 0.831401 0.832128 0.832836 0.830303 0.835433 0.830025 0.841937 0.829912 0.843500 0.830693 0.844418 0.831588 0.850394 0.835116 0.849829 0.836571 0.851211 0.838711 0.851089 0.840405 0.859645 0.845054 0.867776 0.848889 0.863232 0.860422 0.859964 0.865252 0.856415 0.867629 0.853576 0.870468 0.850165 0.871926 0.850092 0.871853 0.850026 0.871726 0.841087 0.863907 0.833043 0.863690 0.827841 0.863258 0.826063 0.863174
0 0.851352 0.876443 0.848670 0.881464 0.845698 0.882103 0.842832 0.883722 0.839305 0.885258 0.836703 0.885534 0.831116 0.889305 0.825793 0.890563 0.819464 0.890563 0.815282 0.890297 0.811928 0.885577 0.807379 0.885201 0.804514 0.883221 0.799794 0.879234 0.800957 0.871168 0.803954 0.866999 0.814364 0.863596 0.816624 0.862725 0.827841 0.863258 0.833043 0.863690 0.841087 0.863907 0.850026 0.871726 0.850750 0.873120
0 0.516607 0.394800 0.520702 0.386980 0.522275 0.384269 0.532312 0.381446 0.538431 0.381449 0.541746 0.383721 0.542114 0.392443 0.542141 0.397016 0.541850 0.400564 0.539114 0.403300 0.532018 0.402890 0.528887 0.398939 0.526986 0.398269 0.521620 0.398370 0.518272 0.396117
0 0.481900 0.497260 0.473807 0.493816 0.471480 0.491489 0.469849 0.487121 0.478043 0.475780 0.480764 0.472649 0.481443 0.460871 0.480513 0.458000 0.481734 0.453221 0.486111 0.447614 0.494252 0.444757 0.500939 0.445136 0.515909 0.444862 0.521784 0.446659 0.522344 0.451321 0.524245 0.453221 0.527589 0.461836 0.527927 0.466203 0.522222 0.474193 0.519166 0.476414 0.516283 0.483883 0.508516 0.492411 0.501754 0.505024 0.499375 0.508155 0.499743 0.511561 0.503121 0.523348 0.501507 0.528897 0.491211 0.532673 0.483475 0.538650 0.481196 0.542194 0.479118 0.546903 0.479517 0.557882 0.476802 0.560713 0.474628 0.564021 0.470267 0.566272 0.461092 0.569695 0.457551 0.566973 0.448931 0.558488 0.458393 0.547110 0.458398 0.543999 0.460120 0.537141 0.456724 0.527316 0.459451 0.523493 0.472686 0.510732 0.478718 0.505511 0.481285 0.503866 0.482984 0.502085 0.483000 0.501950 0.482452 0.499020 0.482718 0.498136
0 0.242998 0.361429 0.241946 0.363117 0.239955 0.365108 0.237407 0.367405 0.235391 0.368037 0.233095 0.368556 0.232049 0.370035 0.228271 0.373813 0.226744 0.374168 0.222939 0.376539 0.218674 0.374099 0.217924 0.373546 0.213700 0.372641 0.211199 0.368968 0.210970 0.368572 0.210954 0.368570 0.210958 0.368551 0.208864 0.357671 0.208759 0.355328 0.209732 0.352139 0.209922 0.349214 0.211520 0.346445 0.212657 0.341011 0.221408 0.336947 0.225419 0.333718 0.225663 0.333559 0.228814 0.330409 0.230466 0.330717 0.231279 0.330202 0.238954 0.329925 0.242333 0.330593 0.242753 0.331025 0.248064 0.334371 0.249314 0.336225 0.251318 0.336452 0.253471 0.337825 0.258455 0.340787 0.260955 0.341793 0.261066 0.342009 0.261579 0.342025 0.264634 0.343129 0.268114 0.343874 0.269931 0.347515 0.263922 0.354568 0.257958 0.358969 0.252821 0.359194 0.250282 0.359742 0.246181 0.359585 0.245136 0.359738
0 0.189405 0.093999 0.189652 0.086514 0.192342 0.088327 0.195074 0.089730 0.202766 0.094508 0.207183 0.098196 0.208992 0.103632 0.213799 0.107154 0.213959 0.107139 0.223312 0.105152 0.226223 0.104209 0.227164 0.105838 0.234075 0.109999 0.226689 0.123043 0.225783 0.124070 0.223833 0.128841 0.224289 0.129286 0.222227 0.132391 0.215711 0.132773 0.213802 0.131967 0.211256 0.131796 0.207286 0.131755 0.204257 0.130523 0.202985 0.130864 0.200988 0.129911 0.192804 0.130228 0.189316 0.126104 0.189704 0.124842 0.187348 0.122753 0.186665 0.121086 0.185474 0.119640 0.188420 0.106897 0.190205 0.102588 0.189173 0.097064
0 0.029994 0.023868 0.033188 0.021919 0.040631 0.023783 0.044186 0.025384 0.053199 0.027641 0.061514 0.031985 0.064246 0.034595 0.071009 0.043910 0.072705 0.047419 0.079913 0.057320 0.080071 0.059829 0.083766 0.068217 0.085216 0.072482 0.086597 0.078341 0.086492 0.080685 0.087378 0.082638 0.087673 0.085795 0.089730 0.090587 0.089730 0.094220 0.089279 0.094980 0.091029 0.098516 0.089387 0.110637 0.086455 0.113081 0.079536 0.117257 0.073580 0.119818 0.070080 0.122646 0.065599 0.127223 0.052759 0.131912 0.049269 0.141215 0.045561 0.143339 0.033452 0.153313 0.020078 0.168862 0.015237 0.170176 0.009071 0.174331 0.007427 0.171958 0.004783 0.164624 0.004058 0.160612 0.001693 0.156273 0.006230 0.150838 0.013429 0.141277 0.012789 0.137048 0.014249 0.131063 0.020282 0.126630 0.023870 0.124838 0.037970 0.112205 0.041175 0.111424 0.045627 0.109331 0.048664 0.105384 0.051620 0.103916 0.050741 0.101460 0.050711 0.101270 0.050050 0.101478 0.046382 0.102295 0.047291 0.092931 0.049259 0.092185 0.049105 0.091224 0.051471 0.085026 0.057134 0.081374 0.058076 0.070665 0.055850 0.060970 0.054020 0.059842 0.046434 0.050996 0.042450 0.049929 0.036226 0.045163 0.032241 0.044095 0.028498 0.030125
0 0.619256 0.124102 0.621680 0.123724 0.630690 0.119990 0.632761 0.121995 0.632920 0.121971 0.632989 0.122752 0.633621 0.124625 0.637721 0.127021 0.639208 0.128649 0.641890 0.130018 0.639732 0.134466 0.639330 0.135148 0.639156 0.135995 0.637203 0.139510 0.630690 0.146413 0.626725 0.146248 0.623932 0.146023 0.621717 0.143416 0.621040 0.138834 0.616257 0.130662 0.618619 0.125685
0 0.487429 0.859603 0.489089 0.853405 0.492265 0.852682 0.504060 0.844512 0.509395 0.839986 0.512057 0.836966 0.529054 0.836362 0.538431 0.836502 0.543586 0.846486 0.548090 0.847771 0.551524 0.856950 0.545300 0.862873 0.542275 0.866543 0.537243 0.869586 0.532245 0.884622 0.527295 0.887434 0.520591 0.885824 0.518105 0.883127 0.510822 0.878071 0.505226 0.871858 0.500524 0.869753 0.497517 0.865294 0.490355 0.863068
0 0.324420 0.856461 0.327801 0.855337 0.335947 0.850541 0.338401 0.845835 0.348041 0.835929 0.354230 0.834999 0.360237 0.834695 0.367079 0.833564 0.374855 0.828003 0.382921 0.828775 0.384555 0.832708 0.387159 0.832952 0.401826 0.831237 0.404933 0.828784 0.413390 0.831901 0.416777 0.836850 0.417132 0.839159 0.420175 0.844545 0.421855 0.845835 0.425608 0.850959 0.432413 0.851822 0.440597 0.854292 0.439434 0.860405 0.434093 0.864574 0.431477 0.865237 0.424073 0.870815 0.421085 0.870433 0.419461 0.866856 0.416604 0.864804 0.409757 0.862230 0.402589 0.863003 0.397511 0.862794 0.387727 0.863675 0.380714 0.865738 0.374496 0.864079 0.364503 0.863627 0.347883 0.863675 0.335265 0.874730 0.325499 0.880589 0.319745 0.882438 0.309230 0.882534 0.305206 0.879292 0.309509 0.876289 0.311448 0.873569 0.315201 0.870125 0.317280 0.866639 0.319651 0.859897
0 0.498579 0.731502 0.505891 0.728927 0.510289 0.729344 0.516080 0.725507 0.518528 0.722668 0.522761 0.720747 0.530755 0.721105 0.535305 0.727872 0.531160 0.735434 0.525885 0.740295 0.521628 0.741046 0.523196 0.746622 0.513857 0.755759 0.511661 0.763755 0.501985 0.767442 0.498665 0.766113 0.489622 0.765498 0.487024 0.761856 0.488353 0.759317 0.487129 0.752481 0.487287 0.748741 0.492589 0.743920 0.493274 0.736856
0 0.090485 0.877302 0.095176 0.876082 0.102679 0.875654 0.102813 0.875931 0.103375 0.875953 0.104937 0.876448 0.107925 0.876725 0.110023 0.881167 0.111304 0.883882 0.111095 0.887789 0.111568 0.891384 0.112740 0.893145 0.111850 0.893997 0.110660 0.896118 0.109059 0.896489 0.105860 0.898725 0.101158 0.905380 0.097584 0.905605 0.088436 0.901760 0.086197 0.901474 0.085666 0.900975 0.078639 0.896246 0.078639 0.892613 0.084831 0.886031 0.084499 0.885699 0.083726 0.883101 0.087750 0.877125 0.089599 0.877805
0 0.221053 0.529695 0.230419 0.529857 0.235946 0.530863 0.239724 0.534251 0.240115 0.543352 0.231506 0.550398 0.227352 0.554162 0.224443 0.554777 0.221488 0.556995 0.215368 0.555155 0.209395 0.552337 0.207441 0.543626 0.209039 0.540074 0.211457 0.532628 0.218214 0.529220
0 0.934088 0.560109 0.924628 0.557838 0.911005 0.555568 0.904194 0.556325 0.902302 0.557082 0.901545 0.558974 0.901923 0.570704 0.901167 0.572596 0.899275 0.573732 0.894734 0.573732 0.884895 0.568434 0.878084 0.567299 0.876191 0.568055 0.875056 0.570326 0.874300 0.572218 0.873921 0.576759 0.874678 0.579029 0.877705 0.582814 0.900788 0.595680 0.908356 0.600599 0.911762 0.603626 0.915925 0.605896 0.928412 0.610059 0.932196 0.611951 0.933332 0.613843 0.933710 0.616114 0.933710 0.618384 0.932575 0.622547 0.932575 0.627088 0.934088 0.631250 0.935223 0.633142 0.937116 0.634656 0.941278 0.636170 0.948468 0.636548 0.964361 0.628980 0.967389 0.625952 0.967767 0.623682 0.967767 0.621411 0.966253 0.617627 0.963226 0.611951 0.960199 0.608546 0.934088 0.600599 0.930304 0.599085 0.927655 0.595680 0.927655 0.588868 0.929547 0.587355 0.939764 0.583949 0.942413 0.578273 0.944305 0.576759 0.953009 0.574489 0.954901 0.573732 0.956414 0.572218 0.956036 0.563136 0.949225 0.562379 0.937873 0.562379
0 0.465574 0.631823 0.472152 0.633368 0.474881 0.635505 0.477530 0.637662 0.480065 0.640086 0.482600 0.642511 0.485134 0.644801 0.487779 0.647091 0.490314 0.649380 0.491852 0.652445 0.491837 0.655980 0.492013 0.659618 0.492013 0.663375 0.491466 0.666716 0.490402 0.670009 0.488752 0.670582 0.485721 0.669402 0.482805 0.667956 0.480057 0.665941 0.477199 0.664197 0.474557 0.661908 0.472047 0.659509 0.470411 0.656572 0.468871 0.653481 0.467441 0.650253 0.465848 0.647091 0.464525 0.643993 0.463093 0.640760 0.461660 0.637527 0.460338 0.634429 0.461991 0.632004 0.465574 0.631823
0 0.737498 0.675414 0.739261 0.677704 0.740583 0.680202 0.741465 0.682908 0.742347 0.688737 0.742567 0.691651 0.742126 0.694774 0.740804 0.700186 0.739261 0.705807 0.737498 0.711427 0.735734 0.716632 0.733089 0.721836 0.731105 0.723709 0.725816 0.726624 0.720525 0.728914 0.715236 0.730787 0.712811 0.732452 0.710166 0.733702 0.707301 0.733702 0.702452 0.730163 0.697382 0.726832 0.689888 0.722252 0.680630 0.715591 0.682081 0.712991 0.684476 0.711151 0.685500 0.708801 0.685920 0.703100 0.686802 0.700186 0.691871 0.697688 0.699586 0.693525 0.702011 0.691859 0.706860 0.688112 0.709064 0.686239 0.713693 0.681867 0.717880 0.677704 0.720525 0.676455 0.723391 0.675622 0.729122 0.674581 0.731877 0.673957
0 0.273961 0.556896 0.267803 0.542875 0.272131 0.534882 0.272526 0.525940 0.277749 0.517748 0.284906 0.510591 0.286952 0.510115 0.292950 0.506735 0.298018 0.503115 0.306185 0.498843 0.310896 0.495945 0.316424 0.499305 0.320595 0.499268 0.332690 0.499857 0.351069 0.502263 0.356084 0.504661 0.356084 0.508482 0.354164 0.510021 0.353990 0.513193 0.347815 0.515937 0.347185 0.519475 0.342665 0.528706 0.341427 0.537797 0.335860 0.542840 0.333051 0.548266 0.328565 0.554846 0.324867 0.558544 0.318325 0.566405 0.317373 0.570013 0.315515 0.573263 0.310554 0.579692 0.307385 0.584418 0.305918 0.585651 0.299380 0.586820 0.295341 0.587023 0.290545 0.590132 0.287680 0.593113 0.278964 0.594672 0.273389 0.593113 0.269725 0.591020 0.266776 0.587547 0.260486 0.582475 0.268069 0.576814 0.270229 0.570287 0.271991 0.566431 0.274656 0.563766 0.275132 0.560673
