0 0.726562 0.046875 0.746094 0.046875 0.750000 0.046875 0.750000 0.054688 0.746094 0.058594 0.746094 0.078125 0.750000 0.082031 0.746094 0.082031 0.742188 0.085938 0.734375 0.085938 0.730469 0.082031 0.730469 0.078125 0.726562 0.074219 0.726562 0.046875
0 0.296875 0.191406 0.312500 0.191406 0.312500 0.195312 0.304688 0.203125 0.304688 0.207031 0.300781 0.210938 0.296875 0.210938 0.292969 0.214844 0.289062 0.214844 0.285156 0.210938 0.281250 0.207031 0.281250 0.203125 0.277344 0.199219 0.289062 0.199219 0.292969 0.199219 0.296875 0.195312 0.296875 0.191406
0 0.437500 0.234375 0.453125 0.234375 0.457031 0.234375 0.460938 0.238281 0.464844 0.238281 0.468750 0.242188 0.472656 0.246094 0.472656 0.261719 0.472656 0.265625 0.460938 0.277344 0.457031 0.281250 0.457031 0.285156 0.445312 0.296875 0.441406 0.300781 0.429688 0.300781 0.425781 0.300781 0.425781 0.292969 0.425781 0.289062 0.421875 0.285156 0.417969 0.281250 0.414062 0.281250 0.410156 0.277344 0.402344 0.277344 0.398438 0.277344 0.406250 0.277344 0.410156 0.277344 0.414062 0.273438 0.417969 0.269531 0.417969 0.261719 0.417969 0.257812 0.421875 0.253906 0.425781 0.250000 0.425781 0.246094 0.425781 0.242188 0.429688 0.238281 0.433594 0.238281 0.437500 0.234375
0 0.019531 0.246094 0.027344 0.246094 0.031250 0.246094 0.035156 0.250000 0.035156 0.253906 0.035156 0.257812 0.031250 0.261719 0.027344 0.261719 0.023438 0.257812 0.019531 0.253906 0.019531 0.246094
0 0.195312 0.296875 0.210938 0.296875 0.214844 0.296875 0.218750 0.300781 0.222656 0.300781 0.222656 0.304688 0.226562 0.308594 0.222656 0.308594 0.214844 0.316406 0.210938 0.320312 0.199219 0.320312 0.195312 0.320312 0.195312 0.296875
0 0.089844 0.324219 0.093750 0.324219 0.097656 0.324219 0.097656 0.328125 0.097656 0.332031 0.101562 0.335938 0.101562 0.339844 0.097656 0.343750 0.082031 0.343750 0.078125 0.343750 0.078125 0.332031 0.078125 0.328125 0.082031 0.328125 0.085938 0.328125 0.089844 0.324219
0 0.308594 0.406250 0.316406 0.406250 0.320312 0.406250 0.320312 0.437500 0.320312 0.441406 0.324219 0.445312 0.328125 0.449219 0.328125 0.460938 0.328125 0.464844 0.324219 0.468750 0.320312 0.472656 0.316406 0.472656 0.312500 0.472656 0.308594 0.468750 0.304688 0.464844 0.304688 0.460938 0.300781 0.457031 0.296875 0.457031 0.296875 0.445312 0.296875 0.441406 0.300781 0.441406 0.304688 0.437500 0.304688 0.425781 0.308594 0.421875 0.308594 0.406250
0 0.777344 0.406250 0.789062 0.406250 0.792969 0.410156 0.808594 0.410156 0.812500 0.410156 0.812500 0.414062 0.820312 0.421875 0.824219 0.425781 0.855469 0.425781 0.859375 0.425781 0.863281 0.429688 0.867188 0.429688 0.875000 0.437500 0.878906 0.437500 0.878906 0.445312 0.878906 0.449219 0.875000 0.453125 0.875000 0.457031 0.871094 0.460938 0.867188 0.464844 0.867188 0.472656 0.867188 0.476562 0.863281 0.480469 0.859375 0.484375 0.859375 0.496094 0.859375 0.500000 0.867188 0.507812 0.871094 0.507812 0.871094 0.511719 0.867188 0.515625 0.867188 0.519531 0.863281 0.523438 0.859375 0.523438 0.855469 0.527344 0.835938 0.527344 0.832031 0.527344 0.828125 0.531250 0.820312 0.531250 0.816406 0.531250 0.812500 0.535156 0.808594 0.535156 0.804688 0.539062 0.792969 0.539062 0.789062 0.535156 0.757812 0.535156 0.753906 0.535156 0.750000 0.531250 0.738281 0.531250 0.734375 0.527344 0.734375 0.519531 0.734375 0.515625 0.738281 0.511719 0.742188 0.507812 0.742188 0.503906 0.742188 0.500000 0.753906 0.488281 0.757812 0.484375 0.757812 0.472656 0.757812 0.468750 0.761719 0.464844 0.761719 0.449219 0.761719 0.445312 0.765625 0.441406 0.765625 0.437500 0.769531 0.433594 0.769531 0.429688 0.773438 0.425781 0.773438 0.417969 0.773438 0.414062 0.777344 0.410156 0.777344 0.406250
0 0.445312 0.464844 0.460938 0.464844 0.464844 0.464844 0.464844 0.472656 0.464844 0.476562 0.460938 0.480469 0.460938 0.484375 0.460938 0.488281 0.457031 0.492188 0.453125 0.492188 0.449219 0.496094 0.445312 0.496094 0.441406 0.496094 0.441406 0.492188 0.441406 0.488281 0.437500 0.484375 0.437500 0.476562 0.433594 0.472656 0.437500 0.468750 0.441406 0.468750 0.445312 0.464844
0 0.550781 0.527344 0.554688 0.527344 0.558594 0.527344 0.558594 0.531250 0.558594 0.535156 0.562500 0.539062 0.566406 0.542969 0.566406 0.550781 0.570312 0.554688 0.566406 0.558594 0.566406 0.562500 0.562500 0.566406 0.562500 0.570312 0.558594 0.574219 0.554688 0.574219 0.550781 0.578125 0.539062 0.578125 0.535156 0.578125 0.531250 0.574219 0.527344 0.574219 0.523438 0.574219 0.523438 0.570312 0.519531 0.566406 0.519531 0.554688 0.519531 0.550781 0.523438 0.546875 0.523438 0.542969 0.527344 0.539062 0.531250 0.535156 0.535156 0.535156 0.539062 0.531250 0.542969 0.531250 0.546875 0.531250 0.550781 0.527344
0 0.640625 0.625000 0.644531 0.628906 0.652344 0.628906 0.656250 0.632812 0.656250 0.644531 0.656250 0.648438 0.652344 0.652344 0.648438 0.656250 0.648438 0.652344 0.648438 0.648438 0.644531 0.644531 0.640625 0.644531 0.636719 0.640625 0.636719 0.636719 0.636719 0.632812 0.640625 0.628906 0.640625 0.625000
0 0.289062 0.695312 0.308594 0.695312 0.312500 0.695312 0.316406 0.699219 0.320312 0.703125 0.316406 0.707031 0.312500 0.710938 0.300781 0.710938 0.296875 0.710938 0.292969 0.714844 0.289062 0.714844 0.285156 0.714844 0.285156 0.710938 0.281250 0.707031 0.281250 0.703125 0.281250 0.699219 0.285156 0.699219 0.289062 0.695312
0 0.488281 0.695312 0.492188 0.695312 0.496094 0.695312 0.496094 0.699219 0.500000 0.703125 0.496094 0.703125 0.492188 0.707031 0.492188 0.710938 0.488281 0.714844 0.484375 0.714844 0.480469 0.718750 0.476562 0.718750 0.476562 0.710938 0.476562 0.707031 0.488281 0.695312
0 0.648438 0.695312 0.656250 0.695312 0.660156 0.695312 0.664062 0.699219 0.664062 0.703125 0.664062 0.707031 0.667969 0.710938 0.675781 0.710938 0.679688 0.714844 0.675781 0.718750 0.671875 0.722656 0.664062 0.722656 0.660156 0.722656 0.656250 0.726562 0.656250 0.734375 0.656250 0.738281 0.652344 0.742188 0.648438 0.742188 0.644531 0.742188 0.644531 0.738281 0.640625 0.734375 0.636719 0.734375 0.632812 0.730469 0.632812 0.726562 0.632812 0.722656 0.628906 0.718750 0.625000 0.714844 0.628906 0.710938 0.632812 0.710938 0.648438 0.695312
0 0.207031 0.714844 0.210938 0.718750 0.222656 0.718750 0.226562 0.718750 0.230469 0.722656 0.234375 0.722656 0.238281 0.726562 0.238281 0.730469 0.234375 0.734375 0.222656 0.734375 0.218750 0.734375 0.214844 0.738281 0.210938 0.738281 0.207031 0.738281 0.203125 0.734375 0.199219 0.734375 0.199219 0.722656 0.199219 0.718750 0.203125 0.718750 0.207031 0.714844
0 0.363281 0.738281 0.375000 0.738281 0.378906 0.738281 0.378906 0.753906 0.378906 0.757812 0.367188 0.769531 0.363281 0.773438 0.359375 0.773438 0.355469 0.777344 0.347656 0.777344 0.343750 0.777344 0.339844 0.773438 0.343750 0.769531 0.347656 0.765625 0.347656 0.753906 0.347656 0.750000 0.351562 0.750000 0.363281 0.738281
0 0.597656 0.765625 0.601562 0.769531 0.621094 0.769531 0.625000 0.769531 0.628906 0.773438 0.628906 0.777344 0.625000 0.781250 0.621094 0.785156 0.617188 0.785156 0.613281 0.789062 0.609375 0.792969 0.601562 0.792969 0.597656 0.792969 0.593750 0.789062 0.589844 0.785156 0.589844 0.781250 0.589844 0.777344 0.593750 0.773438 0.593750 0.769531 0.597656 0.765625
0 0.129944 0.457047 0.121761 0.451202 0.121761 0.448864 0.119423 0.448864 0.115915 0.437173 0.115915 0.432497 0.119423 0.425483 0.125268 0.424314 0.126437 0.421975 0.131113 0.423145 0.133451 0.430159 0.136958 0.433666 0.148649 0.438342 0.149818 0.447695 0.142804 0.452371 0.141634 0.457047 0.139296 0.457047
