0 0.507812 0.011719 0.519531 0.011719 0.523438 0.011719 0.523438 0.019531 0.527344 0.023438 0.527344 0.035156 0.527344 0.039062 0.523438 0.042969 0.519531 0.046875 0.515625 0.046875 0.511719 0.042969 0.511719 0.035156 0.507812 0.031250 0.507812 0.011719
0 0.074219 0.062500 0.085938 0.062500 0.089844 0.062500 0.093750 0.066406 0.097656 0.070312 0.093750 0.070312 0.089844 0.074219 0.078125 0.074219 0.074219 0.074219 0.074219 0.062500
0 0.097656 0.187500 0.121094 0.187500 0.125000 0.191406 0.125000 0.203125 0.125000 0.207031 0.132812 0.214844 0.136719 0.214844 0.136719 0.218750 0.140625 0.222656 0.144531 0.222656 0.156250 0.234375 0.160156 0.238281 0.160156 0.246094 0.164062 0.250000 0.164062 0.265625 0.160156 0.269531 0.152344 0.269531 0.148438 0.269531 0.144531 0.273438 0.140625 0.273438 0.136719 0.269531 0.136719 0.265625 0.136719 0.261719 0.132812 0.257812 0.132812 0.253906 0.128906 0.250000 0.128906 0.246094 0.121094 0.238281 0.117188 0.238281 0.117188 0.218750 0.117188 0.214844 0.113281 0.210938 0.109375 0.210938 0.105469 0.207031 0.101562 0.207031 0.097656 0.203125 0.093750 0.199219 0.093750 0.195312 0.089844 0.191406 0.093750 0.191406 0.097656 0.187500
0 0.371094 0.187500 0.382812 0.187500 0.382812 0.191406 0.378906 0.195312 0.375000 0.195312 0.371094 0.199219 0.367188 0.199219 0.363281 0.203125 0.355469 0.203125 0.351562 0.199219 0.355469 0.195312 0.359375 0.195312 0.363281 0.191406 0.367188 0.191406 0.371094 0.187500
0 0.750000 0.250000 0.753906 0.250000 0.757812 0.250000 0.757812 0.257812 0.757812 0.261719 0.753906 0.265625 0.753906 0.277344 0.753906 0.281250 0.750000 0.285156 0.746094 0.285156 0.742188 0.285156 0.738281 0.281250 0.734375 0.281250 0.730469 0.281250 0.730469 0.277344 0.730469 0.273438 0.734375 0.269531 0.734375 0.265625 0.738281 0.261719 0.738281 0.257812 0.742188 0.253906 0.746094 0.253906 0.750000 0.250000
0 0.449219 0.269531 0.476562 0.269531 0.480469 0.273438 0.476562 0.277344 0.476562 0.281250 0.472656 0.285156 0.468750 0.285156 0.464844 0.285156 0.460938 0.281250 0.457031 0.281250 0.453125 0.277344 0.449219 0.277344 0.449219 0.269531
0 0.406250 0.285156 0.421875 0.285156 0.425781 0.285156 0.429688 0.289062 0.429688 0.292969 0.433594 0.296875 0.433594 0.300781 0.429688 0.304688 0.414062 0.304688 0.410156 0.304688 0.406250 0.300781 0.402344 0.300781 0.398438 0.296875 0.402344 0.292969 0.402344 0.289062 0.406250 0.285156
0 0.000000 0.296875 0.007812 0.296875 0.011719 0.296875 0.019531 0.304688 0.019531 0.308594 0.011719 0.316406 0.007812 0.320312 0.003906 0.316406 0.000000 0.316406 0.000000 0.316406
0 0.328125 0.296875 0.339844 0.296875 0.343750 0.296875 0.343750 0.300781 0.343750 0.304688 0.347656 0.308594 0.351562 0.312500 0.351562 0.320312 0.355469 0.324219 0.363281 0.324219 0.367188 0.324219 0.371094 0.320312 0.371094 0.316406 0.386719 0.316406 0.390625 0.320312 0.390625 0.324219 0.390625 0.328125 0.378906 0.339844 0.375000 0.343750 0.363281 0.343750 0.359375 0.347656 0.359375 0.359375 0.359375 0.363281 0.363281 0.367188 0.367188 0.371094 0.363281 0.375000 0.359375 0.378906 0.351562 0.378906 0.347656 0.382812 0.339844 0.382812 0.335938 0.382812 0.332031 0.378906 0.328125 0.378906 0.324219 0.375000 0.320312 0.375000 0.320312 0.371094 0.312500 0.363281 0.308594 0.359375 0.308594 0.355469 0.308594 0.351562 0.304688 0.347656 0.304688 0.343750 0.300781 0.339844 0.300781 0.335938 0.296875 0.332031 0.292969 0.332031 0.292969 0.324219 0.292969 0.320312 0.296875 0.316406 0.296875 0.312500 0.296875 0.308594 0.300781 0.304688 0.300781 0.300781 0.320312 0.300781 0.324219 0.300781 0.328125 0.296875
0 0.191406 0.367188 0.195312 0.367188 0.199219 0.367188 0.203125 0.371094 0.207031 0.371094 0.210938 0.375000 0.210938 0.378906 0.214844 0.382812 0.210938 0.386719 0.210938 0.406250 0.207031 0.410156 0.199219 0.410156 0.195312 0.410156 0.191406 0.406250 0.191406 0.402344 0.187500 0.398438 0.187500 0.375000 0.187500 0.371094 0.191406 0.367188
0 0.238281 0.398438 0.242188 0.402344 0.246094 0.402344 0.250000 0.406250 0.246094 0.406250 0.242188 0.410156 0.238281 0.414062 0.238281 0.417969 0.230469 0.425781 0.226562 0.429688 0.226562 0.421875 0.226562 0.417969 0.222656 0.414062 0.218750 0.414062 0.214844 0.414062 0.226562 0.414062 0.230469 0.414062 0.234375 0.410156 0.234375 0.406250 0.238281 0.402344 0.238281 0.398438
0 0.527344 0.410156 0.535156 0.410156 0.539062 0.410156 0.542969 0.414062 0.546875 0.414062 0.554688 0.421875 0.554688 0.425781 0.550781 0.429688 0.546875 0.429688 0.542969 0.429688 0.535156 0.421875 0.531250 0.417969 0.531250 0.414062 0.527344 0.410156
0 0.058594 0.414062 0.062500 0.414062 0.066406 0.414062 0.070312 0.417969 0.074219 0.417969 0.074219 0.425781 0.078125 0.429688 0.078125 0.445312 0.074219 0.449219 0.062500 0.449219 0.058594 0.449219 0.054688 0.445312 0.054688 0.441406 0.054688 0.437500 0.050781 0.433594 0.046875 0.433594 0.042969 0.429688 0.039062 0.425781 0.039062 0.421875 0.035156 0.417969 0.050781 0.417969 0.054688 0.417969 0.058594 0.414062
0 0.527344 0.480469 0.535156 0.480469 0.539062 0.484375 0.535156 0.484375 0.527344 0.492188 0.523438 0.496094 0.519531 0.496094 0.515625 0.492188 0.511719 0.492188 0.515625 0.492188 0.527344 0.480469
0 0.800781 0.503906 0.808594 0.503906 0.812500 0.503906 0.812500 0.507812 0.812500 0.511719 0.808594 0.515625 0.804688 0.519531 0.800781 0.519531 0.796875 0.519531 0.796875 0.511719 0.796875 0.507812 0.800781 0.503906
0 0.929688 0.535156 0.933594 0.539062 0.941406 0.539062 0.945312 0.539062 0.937500 0.546875 0.933594 0.550781 0.929688 0.550781 0.925781 0.550781 0.925781 0.542969 0.925781 0.539062 0.929688 0.535156
0 0.714844 0.589844 0.730469 0.589844 0.730469 0.593750 0.726562 0.597656 0.722656 0.597656 0.718750 0.601562 0.714844 0.601562 0.710938 0.605469 0.707031 0.605469 0.707031 0.601562 0.703125 0.597656 0.707031 0.593750 0.710938 0.593750 0.714844 0.589844
0 0.648438 0.613281 0.660156 0.613281 0.664062 0.613281 0.664062 0.617188 0.667969 0.621094 0.671875 0.621094 0.671875 0.625000 0.667969 0.628906 0.664062 0.628906 0.656250 0.636719 0.652344 0.640625 0.652344 0.644531 0.648438 0.648438 0.648438 0.652344 0.644531 0.656250 0.640625 0.656250 0.636719 0.656250 0.632812 0.652344 0.628906 0.652344 0.628906 0.632812 0.628906 0.628906 0.632812 0.625000 0.636719 0.625000 0.648438 0.613281
0 0.687500 0.683594 0.691406 0.687500 0.695312 0.687500 0.695312 0.691406 0.691406 0.695312 0.679688 0.695312 0.675781 0.699219 0.671875 0.695312 0.671875 0.691406 0.667969 0.687500 0.679688 0.687500 0.683594 0.687500 0.687500 0.683594
0 0.101562 0.710938 0.109375 0.710938 0.113281 0.710938 0.117188 0.714844 0.121094 0.714844 0.125000 0.718750 0.125000 0.722656 0.121094 0.726562 0.117188 0.726562 0.113281 0.726562 0.105469 0.734375 0.101562 0.734375 0.097656 0.730469 0.093750 0.730469 0.097656 0.730469 0.101562 0.726562 0.101562 0.710938
0 0.261719 0.746094 0.281250 0.746094 0.285156 0.746094 0.285156 0.753906 0.285156 0.757812 0.289062 0.761719 0.289062 0.765625 0.289062 0.769531 0.292969 0.773438 0.296875 0.777344 0.300781 0.777344 0.304688 0.781250 0.308594 0.781250 0.308594 0.789062 0.304688 0.792969 0.289062 0.792969 0.285156 0.792969 0.281250 0.789062 0.277344 0.789062 0.273438 0.785156 0.269531 0.781250 0.265625 0.781250 0.261719 0.777344 0.261719 0.773438 0.257812 0.769531 0.257812 0.757812 0.257812 0.753906 0.261719 0.750000 0.261719 0.746094
0 0.171875 0.906250 0.179688 0.906250 0.183594 0.906250 0.187500 0.910156 0.199219 0.910156 0.203125 0.914062 0.199219 0.914062 0.195312 0.917969 0.167969 0.917969 0.164062 0.917969 0.160156 0.914062 0.156250 0.914062 0.152344 0.914062 0.156250 0.914062 0.160156 0.914062 0.164062 0.910156 0.167969 0.910156 0.171875 0.906250
0 0.933594 0.929688 0.925781 0.937500 0.914062 0.937500 0.914062 0.925781 0.910156 0.921875 0.914062 0.917969 0.929688 0.917969 0.933594 0.921875 0.934459 0.921875 0.934459 0.929688
0 0.972727 0.933758 0.972316 0.917919 0.956887 0.918083 0.956887 0.921534 0.953191 0.921780 0.953749 0.938030 0.948836 0.938030 0.948836 0.941481 0.960157 0.941645 0.960995 0.939835 0.961406 0.933693 0.969688 0.933693 0.969688 0.934333 0.972645 0.934333 0.972645 0.933758
