0 0.392303 0.714844 0.398364 0.714844 0.401425 0.714844 0.404487 0.714844 0.407548 0.714844 0.409507 0.716620 0.412079 0.717721 0.415018 0.718272 0.417957 0.718762 0.420038 0.720354 0.420038 0.723293 0.420038 0.726171 0.419793 0.729109 0.418202 0.731191 0.416242 0.733028 0.413426 0.733640 0.410364 0.733824 0.407303 0.733763 0.404364 0.733640 0.401303 0.733518 0.398364 0.732967 0.396037 0.731314 0.393711 0.729722 0.391139 0.728252 0.388813 0.726721 0.386241 0.725191 0.384894 0.722987 0.384649 0.720109 0.384984 0.717248 0.386470 0.715472 0.389302 0.715089 0.392303 0.714844
0 0.941447 0.141377 0.946843 0.144666 0.948717 0.147360 0.948717 0.150421 0.948166 0.153727 0.947725 0.156911 0.947394 0.160218 0.946954 0.163524 0.946072 0.166707 0.944970 0.169646 0.942545 0.172095 0.940231 0.174300 0.937035 0.174789 0.933618 0.174789 0.930092 0.174667 0.926785 0.174667 0.923259 0.174667 0.919842 0.174667 0.917969 0.173075 0.918520 0.169769 0.919622 0.166830 0.920283 0.163524 0.921165 0.160462 0.922267 0.157523 0.923369 0.154462 0.925353 0.151891 0.928051 0.149863 0.930366 0.147536 0.932737 0.145156 0.935492 0.143686 0.938468 0.142707 0.941447 0.141377
0 0.084375 0.968945 0.083594 0.975195 0.080361 0.976205 0.077344 0.977148 0.071537 0.981057 0.050781 0.988867 0.042578 0.983398 0.047266 0.970898 0.053125 0.962305 0.065771 0.961675 0.077699 0.965317
0 0.555469 0.238086 0.550000 0.238477 0.550519 0.240546 0.548828 0.247070 0.542969 0.246666 0.537500 0.246289 0.522266 0.237305 0.525000 0.220508 0.541016 0.218945 0.545703 0.215820 0.553930 0.215507 0.554688 0.229492
0 0.910156 0.493627 0.900391 0.490820 0.887032 0.480339 0.886657 0.454505 0.901020 0.453155 0.902789 0.445416 0.909261 0.444561 0.920025 0.445234 0.919525 0.455328 0.920974 0.456534 0.921012 0.472000 0.921943 0.474961 0.920312 0.481445
0 0.767969 0.924023 0.758203 0.933789 0.754677 0.933348 0.750831 0.932868 0.745703 0.932227 0.730469 0.929688 0.723047 0.902148 0.721484 0.881836 0.728906 0.872070 0.749219 0.868945 0.761719 0.878906 0.759766 0.909961 0.766274 0.915899
0 0.775590 0.199089 0.783203 0.198633 0.785547 0.192773 0.792188 0.195508 0.792188 0.187695 0.800000 0.185742 0.803516 0.179102 0.810156 0.180664 0.813389 0.179856 0.817969 0.178711 0.821094 0.186914 0.831250 0.189258 0.828039 0.195473 0.820703 0.209180 0.808594 0.218750 0.797047 0.223558 0.782813 0.215820 0.773828 0.208398 0.773613 0.203334
0 1.000000 0.242012 0.996862 0.239232 0.991688 0.238057 0.991311 0.229408 0.995833 0.227054 1.000000 0.223110
0 0.402499 0.688070 0.398828 0.693164 0.389062 0.691992 0.387136 0.687614 0.384766 0.682227 0.369822 0.680054 0.353906 0.677148 0.335547 0.697852 0.318750 0.684180 0.321094 0.654492 0.321484 0.649023 0.332031 0.636719 0.340234 0.641602 0.356641 0.644336 0.400781 0.647070 0.411719 0.674805 0.402344 0.677148 0.402734 0.682227
0 0.126562 0.174805 0.125391 0.159180 0.136719 0.148438 0.157853 0.151904 0.169922 0.168555 0.160477 0.183100 0.159964 0.183796 0.149219 0.195117 0.142187 0.188813
0 0.258203 0.096680 0.258203 0.101367 0.248047 0.104883 0.236328 0.102930 0.232031 0.093555 0.225781 0.087305 0.227734 0.066992 0.226886 0.066709 0.219531 0.064258 0.218750 0.054688 0.227734 0.056055 0.237643 0.048003 0.241797 0.053711 0.248101 0.055408 0.251953 0.056445 0.256641 0.050586 0.267188 0.050977 0.278125 0.056055 0.285156 0.062500 0.290234 0.085352 0.272656 0.098633
0 0.318738 0.000000 0.317578 0.009570 0.312270 0.012994 0.306919 0.017606 0.296875 0.027344 0.273438 0.035156 0.242188 0.027344 0.237891 0.000977 0.238680 0.000000
0 0.757812 0.402344 0.769531 0.402344 0.773438 0.402344 0.773438 0.406250 0.777344 0.410156 0.769531 0.425781 0.765625 0.429688 0.757812 0.425781 0.753906 0.425781 0.757812 0.402344
0 0.585814 0.157966 0.574204 0.159753 0.567952 0.157966 0.560807 0.152608 0.558127 0.142783 0.563486 0.134745 0.576883 0.130279 0.586708 0.131172 0.591173 0.151714
0 0.597074 0.386159 0.587852 0.386159 0.586224 0.385074 0.577545 0.371512 0.576460 0.367173 0.577545 0.364460 0.582970 0.361748 0.592191 0.361205 0.597074 0.362290 0.598701 0.363375 0.602499 0.368257 0.603041 0.375310 0.599244 0.380735
0 0.419364 0.825057 0.406895 0.819923 0.403961 0.816989 0.402495 0.812588 0.401028 0.811121 0.401028 0.806720 0.404695 0.803053 0.415697 0.803053 0.417898 0.803786 0.421565 0.806720 0.421565 0.808921 0.423032 0.811121 0.423765 0.819923
0 0.475842 0.750243 0.460439 0.750243 0.458239 0.749509 0.454571 0.746575 0.452371 0.745842 0.452371 0.743641 0.456771 0.734840 0.458972 0.734106 0.460439 0.731906 0.464840 0.731173 0.466307 0.729705 0.468507 0.729705 0.472908 0.731173 0.476575 0.734106 0.477309 0.736307 0.477309 0.742908
0 0.852848 0.888870 0.844046 0.888870 0.835244 0.886669 0.830843 0.886669 0.831577 0.884468 0.831577 0.866132 0.832310 0.863931 0.836711 0.862464 0.841112 0.862464 0.845513 0.863198 0.846980 0.864665 0.851380 0.866132 0.853581 0.867598 0.860182 0.867598 0.860182 0.878601 0.858715 0.880068 0.857248 0.884468
0 0.914412 0.907184 0.909306 0.910163 0.905051 0.915695 0.900796 0.916120 0.898668 0.916971 0.898243 0.919099 0.898243 0.926332 0.905477 0.933141 0.907604 0.933992 0.911859 0.934417 0.915263 0.928034 0.922497 0.922077 0.923773 0.919524 0.924199 0.916971 0.923773 0.914844 0.921646 0.913993 0.918242 0.911014 0.917391 0.908887 0.917391 0.905482
0 0.656250 0.609375 0.660156 0.613281 0.664062 0.613281 0.664062 0.625000 0.660156 0.628906 0.656250 0.628906 0.652344 0.625000 0.656250 0.609375
0 0.867188 0.562500 0.875000 0.562500 0.878906 0.566406 0.875000 0.578125 0.871094 0.582031 0.867188 0.578125 0.863281 0.574219 0.867188 0.562500
0 0.667539 0.737974 0.662605 0.740441 0.657053 0.741675 0.652735 0.739825 0.647183 0.732422 0.642865 0.722553 0.639164 0.719468 0.636697 0.718852 0.634846 0.717618 0.634846 0.709599 0.636080 0.706514 0.637314 0.704664 0.642865 0.699729 0.647183 0.694177 0.649651 0.693561 0.679260 0.693561 0.679877 0.696645 0.681111 0.698495 0.681111 0.705281 0.680494 0.707748 0.678026 0.708982 0.677409 0.713917 0.676175 0.717001 0.670624 0.725637 0.670007 0.728104 0.670007 0.733039
0 0.242526 0.826184 0.234507 0.826184 0.232039 0.824334 0.231423 0.821250 0.231423 0.813230 0.230806 0.810763 0.230806 0.802744 0.234507 0.799660 0.236974 0.799043 0.242526 0.799043 0.244993 0.799660 0.248695 0.802127 0.254246 0.818782 0.251779 0.823100 0.249311 0.824334
0 0.050067 0.729338 0.036496 0.729338 0.034646 0.728104 0.030945 0.721936 0.030328 0.718852 0.029094 0.717001 0.030328 0.715150 0.036496 0.711449 0.039580 0.707748 0.041431 0.706514 0.043898 0.705898 0.045132 0.707748 0.048216 0.709599 0.052534 0.719468 0.055002 0.719468 0.056852 0.720702 0.054385 0.726871
0 0.624360 0.723170 0.613873 0.723786 0.610172 0.725020 0.594134 0.725020 0.591666 0.723170 0.589816 0.721319 0.587965 0.715767 0.587965 0.713300 0.588582 0.708365 0.590433 0.702813 0.591050 0.697262 0.593517 0.695411 0.596601 0.694794 0.602770 0.691710 0.611406 0.688626 0.620042 0.686158 0.631145 0.686158 0.634229 0.688009 0.639781 0.689859 0.645950 0.698495 0.645333 0.700963 0.638547 0.704047 0.634229 0.714534 0.629295 0.720085
