0 0.457031 0.023438 0.460938 0.027344 0.468750 0.027344 0.472656 0.027344 0.472656 0.031250 0.472656 0.035156 0.468750 0.039062 0.464844 0.042969 0.453125 0.042969 0.449219 0.042969 0.449219 0.035156 0.449219 0.031250 0.457031 0.023438
0 0.035156 0.085938 0.039062 0.085938 0.042969 0.085938 0.042969 0.101562 0.046875 0.105469 0.042969 0.105469 0.031250 0.117188 0.027344 0.121094 0.023438 0.121094 0.019531 0.121094 0.015625 0.117188 0.015625 0.105469 0.011719 0.101562 0.015625 0.101562 0.019531 0.101562 0.035156 0.085938
0 0.175781 0.089844 0.191406 0.089844 0.195312 0.089844 0.195312 0.093750 0.199219 0.097656 0.199219 0.101562 0.199219 0.105469 0.195312 0.109375 0.183594 0.109375 0.179688 0.109375 0.175781 0.105469 0.171875 0.105469 0.171875 0.097656 0.171875 0.093750 0.175781 0.089844
0 0.800781 0.101562 0.808594 0.101562 0.812500 0.101562 0.816406 0.105469 0.824219 0.105469 0.828125 0.105469 0.832031 0.109375 0.832031 0.113281 0.832031 0.117188 0.828125 0.121094 0.824219 0.121094 0.820312 0.125000 0.816406 0.125000 0.812500 0.125000 0.808594 0.128906 0.804688 0.128906 0.800781 0.125000 0.796875 0.125000 0.796875 0.121094 0.792969 0.117188 0.796875 0.113281 0.796875 0.109375 0.800781 0.105469 0.800781 0.101562
0 0.324219 0.117188 0.332031 0.117188 0.335938 0.117188 0.335938 0.125000 0.335938 0.128906 0.332031 0.132812 0.328125 0.136719 0.328125 0.140625 0.328125 0.144531 0.324219 0.148438 0.320312 0.148438 0.320312 0.144531 0.316406 0.140625 0.316406 0.125000 0.316406 0.121094 0.320312 0.121094 0.324219 0.117188
0 0.125000 0.253906 0.128906 0.253906 0.132812 0.253906 0.136719 0.257812 0.140625 0.261719 0.140625 0.269531 0.136719 0.273438 0.121094 0.273438 0.117188 0.273438 0.117188 0.261719 0.117188 0.257812 0.121094 0.257812 0.125000 0.253906
0 0.078125 0.539062 0.089844 0.539062 0.093750 0.539062 0.093750 0.542969 0.093750 0.546875 0.097656 0.550781 0.101562 0.554688 0.101562 0.558594 0.101562 0.562500 0.105469 0.566406 0.105469 0.570312 0.109375 0.574219 0.109375 0.589844 0.109375 0.593750 0.113281 0.597656 0.117188 0.601562 0.117188 0.625000 0.117188 0.628906 0.121094 0.632812 0.121094 0.636719 0.125000 0.640625 0.121094 0.644531 0.117188 0.648438 0.113281 0.648438 0.109375 0.652344 0.085938 0.652344 0.082031 0.652344 0.078125 0.648438 0.074219 0.648438 0.070312 0.644531 0.066406 0.640625 0.066406 0.636719 0.062500 0.632812 0.054688 0.632812 0.050781 0.628906 0.054688 0.625000 0.054688 0.601562 0.058594 0.597656 0.058594 0.578125 0.058594 0.574219 0.054688 0.570312 0.050781 0.566406 0.050781 0.558594 0.046875 0.554688 0.050781 0.550781 0.050781 0.546875 0.050781 0.542969 0.070312 0.542969 0.074219 0.542969 0.078125 0.539062
0 0.000000 0.625000 0.015625 0.625000 0.019531 0.628906 0.011719 0.636719 0.007812 0.636719 0.003906 0.640625 0.003906 0.644531 0.000000 0.648438 0.000000 0.648438
0 0.964844 0.625000 0.968750 0.625000 0.972656 0.625000 0.976562 0.628906 0.980469 0.632812 0.980469 0.636719 0.984375 0.640625 0.996094 0.640625 0.996094 0.644531 0.992188 0.648438 0.988281 0.648438 0.984375 0.652344 0.980469 0.648438 0.976562 0.648438 0.972656 0.648438 0.968750 0.644531 0.964844 0.644531 0.960938 0.640625 0.957031 0.636719 0.957031 0.632812 0.953125 0.628906 0.957031 0.628906 0.960938 0.628906 0.964844 0.625000
0 0.851562 0.675781 0.863281 0.675781 0.867188 0.675781 0.867188 0.687500 0.867188 0.691406 0.871094 0.695312 0.871094 0.710938 0.867188 0.714844 0.863281 0.714844 0.859375 0.710938 0.855469 0.710938 0.855469 0.699219 0.855469 0.695312 0.851562 0.691406 0.847656 0.691406 0.847656 0.683594 0.847656 0.679688 0.851562 0.675781
0 0.957031 0.710938 0.992188 0.710938 0.996094 0.710938 0.996094 0.722656 0.996094 0.726562 0.992188 0.730469 0.988281 0.730469 0.984375 0.734375 0.980469 0.734375 0.976562 0.734375 0.972656 0.738281 0.972656 0.746094 0.972656 0.750000 0.976562 0.753906 0.976562 0.757812 0.972656 0.761719 0.968750 0.761719 0.964844 0.761719 0.960938 0.765625 0.957031 0.769531 0.953125 0.769531 0.949219 0.773438 0.949219 0.777344 0.945312 0.773438 0.941406 0.773438 0.941406 0.769531 0.921875 0.750000 0.917969 0.746094 0.917969 0.738281 0.914062 0.734375 0.894531 0.734375 0.890625 0.734375 0.914062 0.734375 0.917969 0.734375 0.921875 0.730469 0.925781 0.726562 0.937500 0.726562 0.941406 0.726562 0.957031 0.710938
0 0.285156 0.738281 0.292969 0.738281 0.296875 0.738281 0.296875 0.742188 0.296875 0.746094 0.300781 0.750000 0.304688 0.753906 0.300781 0.753906 0.296875 0.757812 0.292969 0.757812 0.289062 0.757812 0.285156 0.753906 0.281250 0.753906 0.281250 0.746094 0.281250 0.742188 0.285156 0.738281
0 0.027344 0.765625 0.042969 0.765625 0.046875 0.765625 0.046875 0.773438 0.046875 0.777344 0.050781 0.781250 0.050781 0.792969 0.050781 0.796875 0.046875 0.800781 0.042969 0.800781 0.039062 0.804688 0.031250 0.804688 0.027344 0.804688 0.019531 0.812500 0.019531 0.816406 0.015625 0.820312 0.011719 0.820312 0.007812 0.820312 0.003906 0.816406 0.000000 0.812500 0.000000 0.808594 0.000000 0.804688 0.000000 0.804688 0.000000 0.773438 0.011719 0.773438 0.015625 0.773438 0.019531 0.769531 0.023438 0.769531 0.027344 0.765625
0 0.980469 0.769531 0.992188 0.769531 0.996094 0.769531 0.996094 0.773438 0.996094 0.777344 0.992188 0.781250 0.988281 0.781250 0.984375 0.781250 0.980469 0.777344 0.980469 0.769531
0 0.273438 0.843750 0.277344 0.843750 0.281250 0.843750 0.285156 0.847656 0.289062 0.847656 0.292969 0.851562 0.296875 0.855469 0.296875 0.859375 0.300781 0.863281 0.304688 0.863281 0.304688 0.871094 0.308594 0.875000 0.308594 0.886719 0.304688 0.890625 0.300781 0.890625 0.296875 0.890625 0.292969 0.894531 0.289062 0.894531 0.285156 0.894531 0.281250 0.890625 0.281250 0.886719 0.273438 0.878906 0.273438 0.875000 0.269531 0.871094 0.265625 0.871094 0.261719 0.867188 0.261719 0.859375 0.257812 0.855469 0.261719 0.851562 0.261719 0.847656 0.265625 0.847656 0.269531 0.847656 0.273438 0.843750
0 0.960938 0.843750 0.964844 0.843750 0.968750 0.843750 0.968750 0.847656 0.972656 0.851562 0.972656 0.855469 0.976562 0.859375 0.976562 0.863281 0.972656 0.867188 0.972656 0.871094 0.968750 0.875000 0.964844 0.875000 0.960938 0.878906 0.960938 0.875000 0.957031 0.871094 0.957031 0.863281 0.953125 0.859375 0.953125 0.851562 0.953125 0.847656 0.957031 0.847656 0.960938 0.843750
0 0.722656 0.972656 0.734375 0.972656 0.738281 0.972656 0.742188 0.976562 0.746094 0.976562 0.750000 0.980469 0.753906 0.980469 0.757812 0.984375 0.761719 0.984375 0.765625 0.984375 0.769531 0.988281 0.773438 0.992188 0.773438 0.996094 0.773438 1.000000 0.773438 1.000000 0.707031 1.000000 0.707031 0.984375 0.707031 0.980469 0.710938 0.976562 0.714844 0.976562 0.718750 0.976562 0.722656 0.972656
