0 0.949219 0.136719 0.949219 0.128906 0.945312 0.125000 0.935652 0.124449 0.935652 0.123722 0.934871 0.123722 0.933594 0.125000 0.933594 0.132812 0.937500 0.136719 0.937500 0.140625 0.945312 0.140625
0 0.781250 0.136719 0.785156 0.140625 0.796875 0.140625 0.800781 0.140625 0.800781 0.148438 0.800781 0.152344 0.796875 0.156250 0.785156 0.156250 0.781250 0.156250 0.777344 0.152344 0.781250 0.148438 0.781250 0.136719
0 0.687500 0.226562 0.687500 0.218750 0.682859 0.214109 0.676516 0.214109 0.670899 0.219726 0.670899 0.225586 0.675781 0.230469 0.675781 0.234375 0.679688 0.234375
0 0.144531 0.265625 0.148438 0.265625 0.152344 0.265625 0.152344 0.269531 0.156250 0.273438 0.156250 0.277344 0.152344 0.281250 0.140625 0.281250 0.136719 0.277344 0.136719 0.273438 0.132812 0.269531 0.136719 0.269531 0.140625 0.269531 0.144531 0.265625
0 0.652344 0.269531 0.656250 0.269531 0.660156 0.269531 0.660156 0.277344 0.660156 0.281250 0.652344 0.289062 0.648438 0.289062 0.648438 0.285156 0.644531 0.281250 0.648438 0.277344 0.652344 0.273438 0.652344 0.269531
0 0.691406 0.281250 0.699219 0.281250 0.703125 0.281250 0.703125 0.289062 0.699219 0.292969 0.691406 0.292969 0.687500 0.292969 0.687500 0.289062 0.687500 0.285156 0.691406 0.281250
0 0.792969 0.304688 0.792969 0.292969 0.777344 0.292969 0.777344 0.304688 0.781250 0.308594 0.789062 0.308594
0 0.523438 0.378906 0.519531 0.382812 0.511719 0.382812 0.510286 0.384245 0.505339 0.384245 0.503906 0.382812 0.500000 0.382812 0.500000 0.375000 0.496094 0.371094 0.492188 0.371094 0.484375 0.363281 0.480469 0.363281 0.480469 0.355469 0.472656 0.347656 0.464844 0.347656 0.460938 0.343750 0.449219 0.343750 0.445312 0.339844 0.441406 0.339844 0.437500 0.335938 0.429688 0.335938 0.429688 0.332031 0.425781 0.328125 0.429688 0.328125 0.441406 0.316406 0.449219 0.316406 0.453125 0.320312 0.460938 0.320312 0.464844 0.324219 0.464844 0.328125 0.468750 0.332031 0.480469 0.332031 0.484375 0.335938 0.507812 0.335938 0.507812 0.355469 0.511719 0.359375 0.515625 0.359375 0.523438 0.367188 0.523438 0.375000 0.527344 0.378906
0 0.890625 0.339844 0.882812 0.339844 0.878906 0.335938 0.875000 0.339844 0.871094 0.339844 0.867188 0.343750 0.863281 0.343750 0.863281 0.359375 0.867188 0.359375 0.871203 0.363391 0.875129 0.363152 0.878906 0.359375 0.878906 0.355469 0.886719 0.347656 0.886719 0.343750
0 0.695312 0.382812 0.699219 0.382812 0.703125 0.382812 0.699219 0.386719 0.699219 0.390625 0.699219 0.394531 0.695312 0.398438 0.691406 0.402344 0.687500 0.398438 0.687500 0.390625 0.687500 0.386719 0.691406 0.386719 0.695312 0.382812
0 0.390714 0.422965 0.390714 0.421964 0.386719 0.417969 0.382812 0.417969 0.378906 0.414062 0.375000 0.414062 0.374004 0.413067 0.369179 0.412787 0.367188 0.414062 0.367188 0.421875 0.371094 0.425781 0.382812 0.425781 0.386719 0.421875 0.390295 0.425451 0.390295 0.422965
0 0.203125 0.398438 0.210938 0.398438 0.214844 0.398438 0.214844 0.406250 0.214844 0.410156 0.218750 0.414062 0.218750 0.417969 0.214844 0.421875 0.210938 0.421875 0.210938 0.417969 0.207031 0.414062 0.203125 0.414062 0.203125 0.398438
0 0.886719 0.421875 0.898438 0.421875 0.902344 0.425781 0.898438 0.429688 0.894531 0.433594 0.890625 0.433594 0.886719 0.433594 0.886719 0.421875
0 0.082031 0.441406 0.085938 0.445312 0.089844 0.445312 0.089844 0.449219 0.089844 0.453125 0.085938 0.457031 0.082031 0.457031 0.078125 0.460938 0.070312 0.460938 0.066406 0.460938 0.062500 0.457031 0.066406 0.453125 0.066406 0.449219 0.070312 0.445312 0.074219 0.445312 0.078125 0.445312 0.082031 0.441406
0 0.457031 0.449219 0.460938 0.449219 0.464844 0.449219 0.464844 0.460938 0.464844 0.464844 0.460938 0.468750 0.449219 0.468750 0.445312 0.472656 0.445312 0.468750 0.445312 0.464844 0.449219 0.460938 0.453125 0.457031 0.453125 0.453125 0.457031 0.449219
0 0.496094 0.578125 0.503906 0.578125 0.507812 0.578125 0.503906 0.582031 0.503906 0.585938 0.496094 0.593750 0.492188 0.593750 0.492188 0.585938 0.492188 0.582031 0.496094 0.578125
0 0.308594 0.582031 0.316406 0.582031 0.320312 0.582031 0.324219 0.585938 0.324219 0.589844 0.328125 0.593750 0.324219 0.593750 0.320312 0.597656 0.316406 0.593750 0.312500 0.589844 0.312500 0.585938 0.308594 0.582031
0 0.355469 0.640625 0.367188 0.640625 0.371094 0.640625 0.367188 0.644531 0.367188 0.648438 0.363281 0.652344 0.363281 0.656250 0.359375 0.660156 0.359375 0.664062 0.355469 0.667969 0.347656 0.667969 0.343750 0.667969 0.343750 0.660156 0.343750 0.656250 0.347656 0.656250 0.351562 0.652344 0.351562 0.648438 0.351562 0.644531 0.355469 0.640625
0 0.367188 0.699219 0.371094 0.699219 0.375000 0.699219 0.371094 0.703125 0.371094 0.707031 0.375000 0.710938 0.390625 0.710938 0.390625 0.714844 0.386719 0.718750 0.382812 0.718750 0.378906 0.722656 0.375000 0.722656 0.371094 0.722656 0.371094 0.707031 0.371094 0.703125 0.367188 0.699219
0 0.496094 0.742188 0.503906 0.742188 0.507812 0.742188 0.507812 0.746094 0.511719 0.750000 0.507812 0.750000 0.503906 0.753906 0.500000 0.757812 0.496094 0.753906 0.496094 0.742188
0 0.093750 0.753906 0.097656 0.753906 0.101562 0.753906 0.101562 0.757812 0.105469 0.761719 0.105469 0.765625 0.105469 0.769531 0.097656 0.777344 0.093750 0.781250 0.089844 0.777344 0.085938 0.777344 0.085938 0.769531 0.085938 0.765625 0.089844 0.761719 0.093750 0.757812 0.093750 0.753906
0 0.820312 0.789062 0.828125 0.789062 0.832031 0.789062 0.847656 0.804688 0.851562 0.804688 0.847656 0.804688 0.843750 0.804688 0.839844 0.808594 0.835938 0.812500 0.832031 0.812500 0.828125 0.812500 0.824219 0.816406 0.816406 0.816406 0.812500 0.816406 0.812500 0.804688 0.808594 0.800781 0.812500 0.796875 0.816406 0.796875 0.820312 0.792969 0.820312 0.789062
0 0.648438 0.835938 0.652344 0.839844 0.660156 0.839844 0.664062 0.839844 0.667969 0.843750 0.671875 0.847656 0.667969 0.847656 0.664062 0.851562 0.664062 0.867188 0.664062 0.871094 0.652344 0.882812 0.648438 0.886719 0.644531 0.886719 0.640625 0.886719 0.636719 0.882812 0.636719 0.871094 0.632812 0.867188 0.636719 0.867188 0.640625 0.863281 0.640625 0.859375 0.644531 0.859375 0.648438 0.855469 0.648438 0.835938
0 0.058594 0.871094 0.062500 0.871094 0.066406 0.871094 0.070312 0.875000 0.074219 0.878906 0.074219 0.882812 0.070312 0.886719 0.070312 0.890625 0.066406 0.886719 0.062500 0.886719 0.058594 0.882812 0.058594 0.878906 0.054688 0.875000 0.058594 0.871094
0 0.750000 0.882812 0.753906 0.882812 0.757812 0.882812 0.761719 0.886719 0.765625 0.886719 0.769531 0.886719 0.773438 0.890625 0.777344 0.890625 0.777344 0.898438 0.777344 0.902344 0.773438 0.906250 0.757812 0.906250 0.753906 0.906250 0.750000 0.902344 0.750000 0.882812
0 0.292969 0.902344 0.300781 0.902344 0.304688 0.902344 0.308594 0.906250 0.312500 0.906250 0.312500 0.910156 0.312500 0.914062 0.308594 0.917969 0.304688 0.917969 0.300781 0.917969 0.296875 0.914062 0.292969 0.910156 0.292969 0.902344
0 0.968750 0.949219 0.968750 0.933594 0.964844 0.929688 0.960938 0.929688 0.957031 0.925781 0.953125 0.929688 0.945312 0.929688 0.945312 0.957031 0.960938 0.957031
0 0.363281 0.933594 0.375000 0.933594 0.378906 0.933594 0.382812 0.937500 0.382812 0.941406 0.378906 0.945312 0.375000 0.945312 0.371094 0.949219 0.367188 0.945312 0.363281 0.945312 0.363281 0.933594
0 0.863281 0.949219 0.867188 0.949219 0.871094 0.949219 0.871094 0.953125 0.875000 0.957031 0.875000 0.960938 0.878906 0.964844 0.882812 0.964844 0.882812 0.968750 0.886719 0.972656 0.886719 0.980469 0.882812 0.984375 0.878906 0.984375 0.875000 0.984375 0.871094 0.980469 0.867188 0.976562 0.863281 0.976562 0.859375 0.972656 0.855469 0.972656 0.851562 0.968750 0.851562 0.964844 0.851562 0.960938 0.855469 0.957031 0.859375 0.957031 0.863281 0.953125 0.863281 0.949219
0 0.964844 0.972656 0.968750 0.976562 0.976562 0.976562 0.976562 0.980469 0.972656 0.984375 0.972656 0.988281 0.968750 0.992188 0.960938 0.992188 0.957031 0.992188 0.957031 0.988281 0.953125 0.984375 0.964844 0.972656
0 0.264477 0.275897 0.262602 0.277772 0.257798 0.278128 0.251476 0.284852 0.246398 0.284852 0.243820 0.280438 0.244523 0.267784 0.249432 0.262875 0.257029 0.262172 0.263466 0.265762 0.265180 0.273358
0 0.429620 0.433344 0.429480 0.422126 0.411131 0.422266 0.409872 0.422405 0.409872 0.425063 0.402321 0.425063 0.402321 0.429677 0.406407 0.429677 0.406407 0.433571 0.427103 0.433903 0.429201 0.433344
