0 0.246094 0.058594 0.257812 0.058594 0.261719 0.062500 0.261719 0.070312 0.261719 0.074219 0.257812 0.078125 0.257812 0.082031 0.253906 0.085938 0.250000 0.085938 0.246094 0.085938 0.242188 0.082031 0.242188 0.078125 0.238281 0.074219 0.238281 0.070312 0.238281 0.066406 0.246094 0.058594
0 0.882812 0.066406 0.906250 0.066406 0.906250 0.070312 0.898438 0.078125 0.894531 0.078125 0.890625 0.074219 0.886719 0.074219 0.886719 0.070312 0.882812 0.066406
0 0.285156 0.093750 0.296875 0.093750 0.300781 0.093750 0.300781 0.097656 0.304688 0.101562 0.304688 0.105469 0.300781 0.109375 0.296875 0.109375 0.292969 0.109375 0.289062 0.105469 0.289062 0.101562 0.289062 0.097656 0.285156 0.093750
0 0.089844 0.140625 0.101562 0.140625 0.105469 0.140625 0.109375 0.144531 0.109375 0.148438 0.113281 0.152344 0.109375 0.156250 0.105469 0.160156 0.093750 0.160156 0.089844 0.160156 0.085938 0.156250 0.082031 0.152344 0.082031 0.148438 0.078125 0.144531 0.074219 0.144531 0.082031 0.144531 0.085938 0.144531 0.089844 0.140625
0 0.433594 0.148438 0.449219 0.148438 0.453125 0.148438 0.453125 0.152344 0.453125 0.156250 0.449219 0.160156 0.445312 0.160156 0.441406 0.160156 0.437500 0.156250 0.437500 0.152344 0.433594 0.148438
0 0.199219 0.218750 0.207031 0.218750 0.210938 0.218750 0.210938 0.222656 0.214844 0.226562 0.210938 0.230469 0.210938 0.234375 0.207031 0.238281 0.203125 0.242188 0.195312 0.242188 0.191406 0.238281 0.191406 0.230469 0.191406 0.226562 0.199219 0.218750
0 0.542969 0.242188 0.558594 0.242188 0.562500 0.242188 0.562500 0.250000 0.562500 0.253906 0.558594 0.257812 0.554688 0.257812 0.550781 0.257812 0.546875 0.253906 0.546875 0.250000 0.546875 0.246094 0.542969 0.242188
0 0.980469 0.292969 0.996094 0.292969 1.000000 0.292969 1.000000 0.296875 1.000000 0.300781 0.996094 0.304688 0.988281 0.304688 0.984375 0.304688 0.984375 0.300781 0.984375 0.296875 0.980469 0.292969
0 0.113281 0.320312 0.132812 0.320312 0.132812 0.324219 0.128906 0.328125 0.128906 0.332031 0.125000 0.335938 0.117188 0.335938 0.113281 0.335938 0.113281 0.332031 0.109375 0.328125 0.113281 0.324219 0.113281 0.320312
0 0.726562 0.324219 0.742188 0.324219 0.746094 0.328125 0.746094 0.339844 0.746094 0.343750 0.750000 0.347656 0.750000 0.351562 0.753906 0.355469 0.753906 0.359375 0.769531 0.375000 0.769531 0.378906 0.785156 0.394531 0.789062 0.398438 0.792969 0.398438 0.796875 0.402344 0.796875 0.406250 0.808594 0.417969 0.812500 0.421875 0.812500 0.425781 0.808594 0.429688 0.804688 0.429688 0.792969 0.441406 0.789062 0.445312 0.785156 0.445312 0.781250 0.449219 0.777344 0.449219 0.773438 0.449219 0.750000 0.425781 0.746094 0.421875 0.742188 0.421875 0.738281 0.417969 0.734375 0.414062 0.730469 0.414062 0.726562 0.410156 0.714844 0.410156 0.710938 0.410156 0.710938 0.378906 0.710938 0.375000 0.707031 0.371094 0.703125 0.371094 0.699219 0.367188 0.699219 0.351562 0.699219 0.347656 0.695312 0.343750 0.691406 0.343750 0.691406 0.339844 0.687500 0.335938 0.695312 0.335938 0.699219 0.332031 0.718750 0.332031 0.722656 0.332031 0.726562 0.328125 0.726562 0.324219
0 0.175781 0.468750 0.199219 0.468750 0.203125 0.468750 0.207031 0.472656 0.210938 0.472656 0.210938 0.476562 0.207031 0.480469 0.203125 0.484375 0.191406 0.484375 0.187500 0.484375 0.187500 0.480469 0.183594 0.476562 0.183594 0.472656 0.179688 0.468750 0.175781 0.468750
0 0.000000 0.539062 0.003906 0.539062 0.007812 0.542969 0.007812 0.546875 0.007812 0.550781 0.003906 0.554688 0.000000 0.558594 0.000000 0.562500 0.000000 0.562500
0 0.664062 0.550781 0.675781 0.550781 0.679688 0.554688 0.675781 0.558594 0.675781 0.562500 0.667969 0.570312 0.664062 0.574219 0.660156 0.574219 0.656250 0.574219 0.656250 0.570312 0.652344 0.566406 0.656250 0.562500 0.656250 0.558594 0.664062 0.550781
0 0.066406 0.566406 0.070312 0.570312 0.070312 0.578125 0.070312 0.582031 0.066406 0.585938 0.062500 0.589844 0.058594 0.585938 0.058594 0.578125 0.058594 0.574219 0.066406 0.566406
0 0.824219 0.578125 0.828125 0.582031 0.828125 0.589844 0.832031 0.593750 0.851562 0.593750 0.855469 0.593750 0.847656 0.593750 0.843750 0.593750 0.839844 0.597656 0.835938 0.601562 0.820312 0.601562 0.816406 0.605469 0.812500 0.605469 0.808594 0.601562 0.804688 0.601562 0.800781 0.601562 0.804688 0.601562 0.808594 0.601562 0.812500 0.597656 0.812500 0.593750 0.816406 0.589844 0.816406 0.585938 0.824219 0.578125
0 0.609375 0.621094 0.613281 0.621094 0.617188 0.621094 0.621094 0.625000 0.621094 0.628906 0.625000 0.632812 0.625000 0.636719 0.625000 0.640625 0.628906 0.644531 0.632812 0.644531 0.636719 0.644531 0.636719 0.648438 0.636719 0.652344 0.640625 0.656250 0.644531 0.660156 0.644531 0.675781 0.644531 0.679688 0.640625 0.683594 0.636719 0.687500 0.632812 0.683594 0.628906 0.683594 0.628906 0.679688 0.621094 0.671875 0.617188 0.667969 0.617188 0.664062 0.613281 0.660156 0.613281 0.656250 0.609375 0.652344 0.609375 0.648438 0.605469 0.644531 0.605469 0.640625 0.601562 0.636719 0.605469 0.632812 0.605469 0.628906 0.605469 0.625000 0.609375 0.621094
0 0.457031 0.632812 0.464844 0.632812 0.468750 0.632812 0.464844 0.636719 0.464844 0.640625 0.464844 0.644531 0.457031 0.652344 0.453125 0.652344 0.449219 0.648438 0.445312 0.648438 0.441406 0.644531 0.441406 0.640625 0.441406 0.636719 0.449219 0.636719 0.453125 0.636719 0.457031 0.632812
0 0.273438 0.765625 0.289062 0.765625 0.292969 0.765625 0.296875 0.769531 0.300781 0.773438 0.304688 0.773438 0.308594 0.773438 0.300781 0.781250 0.296875 0.785156 0.285156 0.785156 0.281250 0.785156 0.277344 0.781250 0.273438 0.781250 0.273438 0.777344 0.269531 0.773438 0.265625 0.773438 0.269531 0.773438 0.273438 0.769531 0.273438 0.765625
0 0.843750 0.773438 0.851562 0.773438 0.855469 0.773438 0.859375 0.777344 0.867188 0.777344 0.867188 0.781250 0.863281 0.785156 0.859375 0.789062 0.855469 0.789062 0.851562 0.789062 0.851562 0.781250 0.851562 0.777344 0.847656 0.773438 0.843750 0.773438
0 0.968838 0.906713 0.968838 0.898432 0.964714 0.898432 0.964714 0.894525 0.960557 0.894525 0.957666 0.891085 0.953125 0.890625 0.949219 0.886719 0.937500 0.886719 0.921875 0.902344 0.921875 0.917969 0.925781 0.921875 0.949219 0.921875 0.953125 0.917969 0.964844 0.917969 0.968750 0.914062 0.968750 0.906713
0 0.175781 0.894531 0.187500 0.894531 0.191406 0.894531 0.199219 0.902344 0.203125 0.906250 0.203125 0.910156 0.203125 0.914062 0.207031 0.917969 0.207031 0.921875 0.210938 0.925781 0.214844 0.929688 0.214844 0.941406 0.214844 0.945312 0.210938 0.949219 0.210938 0.953125 0.207031 0.949219 0.203125 0.949219 0.195312 0.941406 0.191406 0.937500 0.179688 0.937500 0.175781 0.937500 0.175781 0.933594 0.175781 0.929688 0.171875 0.925781 0.171875 0.917969 0.167969 0.914062 0.171875 0.910156 0.171875 0.902344 0.171875 0.898438 0.175781 0.894531
0 0.562500 0.957031 0.574219 0.957031 0.578125 0.957031 0.582031 0.960938 0.582031 0.964844 0.578125 0.968750 0.574219 0.968750 0.570312 0.968750 0.566406 0.964844 0.562500 0.964844 0.558594 0.960938 0.546875 0.960938 0.542969 0.960938 0.554688 0.960938 0.558594 0.960938 0.562500 0.957031
0 1.000000 0.868411 0.999843 0.871083 0.987905 0.871191 0.987905 0.877161 0.987145 0.878463 0.976618 0.878571 0.976618 0.882478 0.968696 0.882478 0.968696 0.890759 0.973145 0.891302 0.973145 0.898248 0.985116 0.898139 0.985116 0.894232 0.988264 0.894232 0.988264 0.890759 0.992171 0.890217 0.992171 0.888046 0.995381 0.886744 1.000000 0.886623
