0 0.101562 0.015625 0.105469 0.015625 0.109375 0.015625 0.109375 0.019531 0.109375 0.023438 0.105469 0.027344 0.105469 0.031250 0.105469 0.035156 0.101562 0.039062 0.097656 0.039062 0.093750 0.039062 0.093750 0.027344 0.093750 0.023438 0.101562 0.015625
0 0.636719 0.031250 0.640625 0.031250 0.644531 0.031250 0.644531 0.066406 0.644531 0.070312 0.640625 0.074219 0.625000 0.074219 0.621094 0.074219 0.617188 0.070312 0.621094 0.066406 0.621094 0.062500 0.625000 0.058594 0.625000 0.054688 0.628906 0.050781 0.628906 0.046875 0.628906 0.042969 0.632812 0.039062 0.632812 0.035156 0.636719 0.031250
0 0.843750 0.062500 0.847656 0.062500 0.851562 0.062500 0.851562 0.066406 0.855469 0.070312 0.855469 0.074219 0.851562 0.078125 0.855469 0.082031 0.859375 0.082031 0.855469 0.082031 0.851562 0.085938 0.851562 0.082031 0.847656 0.078125 0.843750 0.078125 0.839844 0.078125 0.839844 0.070312 0.839844 0.066406 0.843750 0.062500
0 0.476562 0.167969 0.476562 0.156250 0.472656 0.152344 0.472656 0.144531 0.468750 0.140625 0.468750 0.132812 0.464844 0.128906 0.464844 0.126854 0.452498 0.126421 0.452498 0.125774 0.445312 0.125990 0.445312 0.136719 0.449219 0.140625 0.449219 0.144531 0.453125 0.148438 0.453125 0.152344 0.464844 0.164062 0.464844 0.171875 0.472656 0.171875
0 0.964844 0.160156 0.960938 0.156250 0.960938 0.148438 0.957031 0.144531 0.957031 0.128906 0.953125 0.125000 0.953125 0.121094 0.937500 0.121094 0.937500 0.125000 0.933594 0.128906 0.937500 0.132812 0.937500 0.148438 0.933650 0.152287 0.933309 0.159871 0.937500 0.160156 0.945312 0.167969 0.957031 0.167969
0 0.117188 0.136719 0.132812 0.136719 0.136719 0.136719 0.132812 0.140625 0.132812 0.144531 0.128906 0.148438 0.117188 0.148438 0.113281 0.148438 0.109375 0.144531 0.117188 0.136719
0 0.093750 0.156250 0.097656 0.156250 0.101562 0.156250 0.101562 0.160156 0.101562 0.164062 0.097656 0.167969 0.093750 0.167969 0.089844 0.171875 0.085938 0.175781 0.082031 0.175781 0.078125 0.175781 0.078125 0.171875 0.078125 0.167969 0.082031 0.164062 0.085938 0.160156 0.089844 0.160156 0.093750 0.156250
0 0.726562 0.160156 0.734375 0.160156 0.738281 0.160156 0.742188 0.164062 0.750000 0.164062 0.753906 0.164062 0.761719 0.171875 0.765625 0.171875 0.765625 0.175781 0.765625 0.179688 0.769531 0.183594 0.773438 0.187500 0.785156 0.187500 0.789062 0.187500 0.785156 0.191406 0.785156 0.195312 0.781250 0.199219 0.746094 0.199219 0.742188 0.199219 0.738281 0.203125 0.734375 0.203125 0.730469 0.199219 0.734375 0.195312 0.734375 0.187500 0.734375 0.183594 0.730469 0.179688 0.730469 0.175781 0.730469 0.171875 0.726562 0.167969 0.726562 0.160156
0 0.910156 0.214844 0.929688 0.214844 0.933594 0.214844 0.937500 0.218750 0.937500 0.222656 0.933594 0.226562 0.929688 0.226562 0.925781 0.226562 0.917969 0.234375 0.914062 0.234375 0.914062 0.230469 0.910156 0.226562 0.910156 0.222656 0.906250 0.218750 0.910156 0.214844
0 0.644531 0.265625 0.652344 0.265625 0.656250 0.265625 0.660156 0.269531 0.664062 0.269531 0.664062 0.285156 0.664062 0.289062 0.667969 0.292969 0.671875 0.292969 0.675781 0.292969 0.667969 0.292969 0.664062 0.292969 0.660156 0.296875 0.648438 0.296875 0.644531 0.300781 0.640625 0.296875 0.640625 0.292969 0.636719 0.289062 0.636719 0.285156 0.632812 0.281250 0.636719 0.277344 0.636719 0.273438 0.636719 0.269531 0.640625 0.269531 0.644531 0.265625
0 0.617188 0.335938 0.632812 0.335938 0.636719 0.335938 0.640625 0.339844 0.640625 0.343750 0.640625 0.347656 0.644531 0.351562 0.648438 0.355469 0.644531 0.355469 0.640625 0.359375 0.636719 0.363281 0.632812 0.363281 0.628906 0.363281 0.625000 0.359375 0.625000 0.355469 0.625000 0.351562 0.621094 0.347656 0.617188 0.347656 0.617188 0.335938
0 0.785156 0.343750 0.796875 0.343750 0.800781 0.343750 0.804688 0.347656 0.812500 0.347656 0.816406 0.347656 0.816406 0.351562 0.839844 0.375000 0.843750 0.378906 0.843750 0.382812 0.843750 0.386719 0.824219 0.406250 0.820312 0.410156 0.792969 0.410156 0.789062 0.410156 0.785156 0.414062 0.769531 0.414062 0.765625 0.414062 0.761719 0.410156 0.757812 0.406250 0.757812 0.402344 0.753906 0.398438 0.750000 0.398438 0.750000 0.394531 0.746094 0.390625 0.746094 0.382812 0.742188 0.378906 0.742188 0.363281 0.742188 0.359375 0.750000 0.359375 0.753906 0.359375 0.761719 0.351562 0.765625 0.347656 0.777344 0.347656 0.781250 0.347656 0.785156 0.343750
0 0.667969 0.355469 0.675781 0.355469 0.679688 0.359375 0.679688 0.363281 0.675781 0.367188 0.675781 0.371094 0.671875 0.375000 0.667969 0.375000 0.664062 0.371094 0.664062 0.363281 0.664062 0.359375 0.667969 0.355469
0 0.031250 0.425781 0.042969 0.425781 0.046875 0.429688 0.042969 0.433594 0.042969 0.437500 0.035156 0.445312 0.035156 0.449219 0.031250 0.453125 0.027344 0.453125 0.023438 0.457031 0.023438 0.460938 0.015625 0.468750 0.011719 0.468750 0.011719 0.464844 0.011719 0.460938 0.007812 0.457031 0.007812 0.453125 0.007812 0.449219 0.011719 0.445312 0.023438 0.445312 0.027344 0.445312 0.031250 0.441406 0.031250 0.425781
0 0.257812 0.453125 0.261719 0.453125 0.265625 0.453125 0.269531 0.457031 0.273438 0.457031 0.273438 0.476562 0.273438 0.480469 0.269531 0.484375 0.265625 0.488281 0.261719 0.488281 0.257812 0.488281 0.253906 0.484375 0.250000 0.484375 0.246094 0.484375 0.242188 0.480469 0.238281 0.480469 0.234375 0.476562 0.238281 0.472656 0.238281 0.460938 0.238281 0.457031 0.250000 0.457031 0.253906 0.457031 0.257812 0.453125
0 0.511719 0.453125 0.523438 0.453125 0.527344 0.453125 0.527344 0.457031 0.531250 0.460938 0.527344 0.460938 0.523438 0.464844 0.515625 0.464844 0.511719 0.464844 0.511719 0.453125
0 0.761719 0.476562 0.777344 0.476562 0.781250 0.476562 0.777344 0.476562 0.765625 0.488281 0.761719 0.492188 0.757812 0.492188 0.757812 0.484375 0.753906 0.480469 0.738281 0.480469 0.734375 0.480469 0.753906 0.480469 0.757812 0.480469 0.761719 0.476562
0 0.359375 0.531250 0.363281 0.531250 0.367188 0.531250 0.375000 0.539062 0.378906 0.539062 0.378906 0.542969 0.378906 0.546875 0.382812 0.550781 0.382812 0.554688 0.386719 0.558594 0.398438 0.558594 0.402344 0.558594 0.406250 0.554688 0.410156 0.554688 0.414062 0.554688 0.417969 0.550781 0.421875 0.546875 0.429688 0.546875 0.433594 0.546875 0.437500 0.550781 0.437500 0.554688 0.437500 0.558594 0.429688 0.566406 0.425781 0.570312 0.417969 0.570312 0.414062 0.570312 0.406250 0.562500 0.402344 0.558594 0.398438 0.558594 0.394531 0.558594 0.390625 0.562500 0.390625 0.566406 0.390625 0.570312 0.386719 0.574219 0.382812 0.578125 0.382812 0.582031 0.382812 0.585938 0.359375 0.609375 0.355469 0.613281 0.355469 0.617188 0.332031 0.640625 0.332031 0.644531 0.328125 0.648438 0.324219 0.652344 0.320312 0.652344 0.316406 0.656250 0.312500 0.652344 0.312500 0.601562 0.312500 0.597656 0.316406 0.593750 0.320312 0.589844 0.320312 0.585938 0.324219 0.582031 0.324219 0.578125 0.328125 0.574219 0.328125 0.570312 0.332031 0.566406 0.332031 0.562500 0.335938 0.558594 0.335938 0.554688 0.347656 0.542969 0.347656 0.539062 0.351562 0.535156 0.355469 0.535156 0.359375 0.531250
0 0.558594 0.542969 0.570312 0.542969 0.574219 0.546875 0.574219 0.550781 0.570312 0.554688 0.570312 0.558594 0.570312 0.562500 0.574219 0.566406 0.578125 0.566406 0.582031 0.566406 0.574219 0.566406 0.570312 0.570312 0.570312 0.562500 0.570312 0.558594 0.566406 0.554688 0.562500 0.554688 0.558594 0.554688 0.558594 0.542969
0 0.468750 0.609375 0.476562 0.609375 0.480469 0.609375 0.484375 0.613281 0.488281 0.613281 0.488281 0.636719 0.492188 0.640625 0.488281 0.640625 0.484375 0.644531 0.480469 0.644531 0.476562 0.640625 0.472656 0.640625 0.472656 0.632812 0.472656 0.628906 0.468750 0.625000 0.464844 0.621094 0.453125 0.621094 0.449219 0.621094 0.449219 0.617188 0.449219 0.613281 0.460938 0.613281 0.464844 0.613281 0.468750 0.609375
0 0.523438 0.621094 0.527344 0.621094 0.531250 0.621094 0.535156 0.625000 0.535156 0.628906 0.539062 0.632812 0.539062 0.660156 0.539062 0.664062 0.535156 0.667969 0.531250 0.671875 0.531250 0.675781 0.527344 0.679688 0.519531 0.679688 0.515625 0.679688 0.515625 0.675781 0.511719 0.671875 0.511719 0.636719 0.507812 0.632812 0.511719 0.632812 0.515625 0.632812 0.519531 0.628906 0.519531 0.625000 0.523438 0.621094
0 0.046875 0.625000 0.058594 0.625000 0.062500 0.625000 0.062500 0.628906 0.066406 0.632812 0.070312 0.632812 0.074219 0.636719 0.078125 0.636719 0.078125 0.640625 0.066406 0.652344 0.062500 0.656250 0.050781 0.656250 0.046875 0.656250 0.042969 0.652344 0.039062 0.652344 0.035156 0.648438 0.031250 0.644531 0.039062 0.636719 0.042969 0.632812 0.042969 0.628906 0.046875 0.625000
0 0.257812 0.699219 0.265625 0.699219 0.269531 0.699219 0.269531 0.738281 0.265625 0.742188 0.261719 0.742188 0.257812 0.738281 0.257812 0.734375 0.253906 0.730469 0.253906 0.718750 0.253906 0.714844 0.257812 0.710938 0.257812 0.699219
0 0.363281 0.785156 0.367188 0.789062 0.371094 0.789062 0.375000 0.789062 0.371094 0.792969 0.371094 0.796875 0.367188 0.800781 0.363281 0.800781 0.359375 0.804688 0.355469 0.804688 0.351562 0.804688 0.351562 0.796875 0.347656 0.792969 0.351562 0.789062 0.355469 0.789062 0.359375 0.789062 0.363281 0.785156
0 0.851562 0.851562 0.863281 0.851562 0.867188 0.851562 0.871094 0.855469 0.875000 0.855469 0.875000 0.875000 0.878906 0.878906 0.878906 0.882812 0.878906 0.886719 0.875000 0.890625 0.875000 0.898438 0.875000 0.902344 0.871094 0.906250 0.867188 0.910156 0.867188 0.914062 0.867188 0.917969 0.863281 0.921875 0.863281 0.925781 0.859375 0.929688 0.855469 0.933594 0.851562 0.933594 0.847656 0.933594 0.847656 0.929688 0.843750 0.925781 0.839844 0.921875 0.839844 0.859375 0.839844 0.855469 0.843750 0.855469 0.847656 0.855469 0.851562 0.851562
0 0.585938 0.855469 0.593750 0.855469 0.597656 0.855469 0.601562 0.859375 0.597656 0.863281 0.597656 0.867188 0.593750 0.871094 0.585938 0.871094 0.582031 0.867188 0.585938 0.863281 0.585938 0.855469
0 0.695312 0.972656 0.699219 0.976562 0.703125 0.976562 0.703125 0.988281 0.703125 0.992188 0.699219 0.996094 0.695312 0.996094 0.691406 0.996094 0.687500 1.000000 0.679688 1.000000 0.675781 1.000000 0.675781 0.996094 0.675781 0.992188 0.679688 0.988281 0.679688 0.984375 0.679688 0.980469 0.683594 0.980469 0.687500 0.976562 0.691406 0.976562 0.695312 0.972656
0 0.921974 0.160298 0.921974 0.155695 0.902102 0.156207 0.902102 0.164488 0.905852 0.164573 0.905852 0.168153 0.913778 0.168153 0.913778 0.164218 0.918124 0.163962 0.918124 0.160298
0 0.418296 0.145377 0.418218 0.140890 0.410582 0.140575 0.410425 0.131366 0.409638 0.124911 0.409638 0.117276 0.410205 0.117276 0.409733 0.105452 0.406191 0.105452 0.405938 0.098211 0.402334 0.098211 0.402334 0.093881 0.398241 0.093881 0.398241 0.090103 0.394462 0.090103 0.394462 0.086010 0.390170 0.086010 0.390196 0.082232 0.398477 0.082232 0.398477 0.085616 0.402491 0.085931 0.402491 0.089709 0.410346 0.089971 0.410346 0.093425 0.414220 0.093566 0.414220 0.101595 0.421698 0.101674 0.422248 0.117102 0.425476 0.117102 0.425791 0.119148 0.426578 0.145377
