0 0.234375 0.265625 0.238281 0.265625 0.242188 0.265625 0.242188 0.277344 0.246094 0.281250 0.246094 0.285156 0.242188 0.289062 0.238281 0.292969 0.230469 0.285156 0.226562 0.285156 0.226562 0.277344 0.226562 0.273438 0.234375 0.265625
0 0.097656 0.292969 0.109375 0.292969 0.113281 0.292969 0.117188 0.296875 0.121094 0.296875 0.121094 0.300781 0.121094 0.304688 0.117188 0.308594 0.109375 0.308594 0.105469 0.308594 0.101562 0.304688 0.097656 0.300781 0.097656 0.292969
0 0.179688 0.378906 0.195312 0.378906 0.195312 0.382812 0.191406 0.386719 0.187500 0.390625 0.183594 0.390625 0.179688 0.390625 0.179688 0.378906
0 0.722656 0.433594 0.726562 0.437500 0.730469 0.437500 0.726562 0.441406 0.726562 0.445312 0.722656 0.449219 0.718750 0.449219 0.714844 0.449219 0.714844 0.441406 0.714844 0.437500 0.718750 0.437500 0.722656 0.433594
0 0.742188 0.464844 0.750000 0.464844 0.753906 0.464844 0.757812 0.468750 0.761719 0.472656 0.777344 0.472656 0.781250 0.472656 0.781250 0.476562 0.781250 0.480469 0.773438 0.488281 0.769531 0.492188 0.750000 0.492188 0.746094 0.492188 0.746094 0.480469 0.746094 0.476562 0.742188 0.472656 0.742188 0.464844
0 0.023438 0.476562 0.027344 0.476562 0.031250 0.476562 0.027344 0.476562 0.023438 0.480469 0.023438 0.488281 0.023438 0.492188 0.027344 0.496094 0.027344 0.500000 0.031250 0.503906 0.027344 0.503906 0.023438 0.507812 0.015625 0.507812 0.011719 0.507812 0.007812 0.503906 0.003906 0.503906 0.000000 0.500000 0.000000 0.496094 0.019531 0.496094 0.023438 0.492188 0.023438 0.476562
0 0.289062 0.683594 0.292969 0.683594 0.296875 0.683594 0.300781 0.687500 0.304688 0.687500 0.304688 0.691406 0.300781 0.695312 0.300781 0.703125 0.296875 0.707031 0.292969 0.707031 0.289062 0.707031 0.285156 0.710938 0.281250 0.710938 0.277344 0.710938 0.273438 0.707031 0.269531 0.703125 0.269531 0.695312 0.265625 0.691406 0.269531 0.687500 0.281250 0.687500 0.285156 0.687500 0.289062 0.683594
0 0.199219 0.722656 0.210938 0.722656 0.210938 0.726562 0.207031 0.730469 0.203125 0.734375 0.199219 0.734375 0.195312 0.734375 0.195312 0.730469 0.195312 0.726562 0.199219 0.722656
0 0.359375 0.730469 0.371094 0.730469 0.375000 0.730469 0.378906 0.734375 0.382812 0.734375 0.386719 0.734375 0.386719 0.738281 0.386719 0.742188 0.382812 0.746094 0.378906 0.746094 0.375000 0.750000 0.371094 0.750000 0.367188 0.746094 0.363281 0.746094 0.359375 0.746094 0.359375 0.730469
0 0.777344 0.878906 0.792969 0.878906 0.796875 0.878906 0.796875 0.902344 0.792969 0.906250 0.789062 0.906250 0.785156 0.902344 0.781250 0.902344 0.777344 0.902344 0.777344 0.878906
0 0.207031 0.890625 0.210938 0.890625 0.214844 0.890625 0.214844 0.894531 0.210938 0.898438 0.210938 0.906250 0.210938 0.910156 0.207031 0.914062 0.207031 0.921875 0.207031 0.925781 0.203125 0.929688 0.199219 0.933594 0.191406 0.933594 0.187500 0.937500 0.183594 0.933594 0.179688 0.933594 0.175781 0.929688 0.171875 0.925781 0.171875 0.902344 0.171875 0.898438 0.183594 0.898438 0.187500 0.898438 0.191406 0.894531 0.199219 0.894531 0.203125 0.894531 0.207031 0.890625
0 0.382532 0.986457 0.371636 0.970378 0.365546 0.966437 0.353513 0.967218 0.347318 0.977459 0.347318 0.985341 0.357433 0.999502 0.358091 1.000000 0.368703 1.000000 0.374649 0.997793 0.380816 0.997793 0.381750 0.989387
0 0.214759 1.000000 0.211695 0.995540 0.202696 0.993747 0.198755 0.994529 0.192111 1.000000
0 0.511221 0.462402 0.501624 0.468964 0.491877 0.479722 0.483995 0.479722 0.479823 0.473528 0.473985 0.448345 0.476914 0.443267 0.492993 0.439452 0.496935 0.440233 0.499083 0.442381 0.499864 0.449039 0.509073 0.453382 0.512002 0.459472
0 0.757012 0.686952 0.751934 0.689882 0.738785 0.689882 0.735855 0.689100 0.732926 0.684022 0.733707 0.681093 0.738785 0.678163 0.754864 0.678944 0.757794 0.684022
0 0.531451 0.392609 0.527279 0.400826 0.521420 0.400826 0.518490 0.395748 0.519271 0.381692 0.521420 0.379544 0.527279 0.379544 0.532232 0.389679
