0 0.761719 0.035156 0.765625 0.035156 0.769531 0.035156 0.769531 0.042969 0.769531 0.046875 0.765625 0.050781 0.761719 0.050781 0.757812 0.054688 0.753906 0.058594 0.753906 0.062500 0.750000 0.066406 0.746094 0.066406 0.742188 0.066406 0.742188 0.062500 0.742188 0.058594 0.750000 0.050781 0.750000 0.046875 0.753906 0.046875 0.757812 0.042969 0.761719 0.039062 0.761719 0.035156
0 0.636719 0.125000 0.640625 0.125000 0.644531 0.125000 0.648438 0.128906 0.648438 0.132812 0.644531 0.136719 0.644531 0.140625 0.644531 0.144531 0.640625 0.148438 0.640625 0.156250 0.640625 0.160156 0.636719 0.164062 0.628906 0.164062 0.625000 0.164062 0.625000 0.136719 0.625000 0.132812 0.628906 0.132812 0.636719 0.125000
0 0.925781 0.191406 0.945312 0.191406 0.949219 0.191406 0.949219 0.203125 0.949219 0.207031 0.953125 0.210938 0.953125 0.214844 0.957031 0.218750 0.957031 0.226562 0.953125 0.230469 0.949219 0.230469 0.945312 0.230469 0.929688 0.214844 0.925781 0.210938 0.925781 0.207031 0.921875 0.203125 0.921875 0.199219 0.921875 0.195312 0.925781 0.191406
0 0.886719 0.277344 0.898438 0.277344 0.902344 0.277344 0.906250 0.281250 0.906250 0.292969 0.902344 0.296875 0.871094 0.296875 0.867188 0.296875 0.863281 0.292969 0.859375 0.292969 0.859375 0.285156 0.859375 0.281250 0.878906 0.281250 0.882812 0.281250 0.886719 0.277344
0 0.445312 0.332031 0.460938 0.332031 0.464844 0.335938 0.464844 0.351562 0.464844 0.355469 0.460938 0.359375 0.457031 0.363281 0.453125 0.363281 0.449219 0.363281 0.445312 0.363281 0.445312 0.332031
0 0.277344 0.445312 0.289062 0.445312 0.292969 0.449219 0.289062 0.453125 0.289062 0.464844 0.289062 0.468750 0.292969 0.472656 0.292969 0.476562 0.296875 0.480469 0.300781 0.484375 0.316406 0.484375 0.320312 0.484375 0.320312 0.488281 0.320312 0.492188 0.316406 0.496094 0.312500 0.500000 0.312500 0.503906 0.308594 0.507812 0.308594 0.511719 0.308594 0.515625 0.300781 0.523438 0.296875 0.527344 0.285156 0.527344 0.281250 0.527344 0.277344 0.523438 0.273438 0.519531 0.273438 0.500000 0.273438 0.496094 0.269531 0.492188 0.269531 0.488281 0.265625 0.484375 0.265625 0.476562 0.265625 0.472656 0.269531 0.472656 0.273438 0.468750 0.277344 0.464844 0.277344 0.445312
0 0.992188 0.863281 1.000000 0.864397 1.000000 0.933594 1.000000 0.933594 0.996094 0.937500 0.984375 0.937500 0.980469 0.937500 0.968750 0.929688 0.964844 0.929688 0.957031 0.917969 0.957031 0.914062 0.972656 0.898438 0.976562 0.894531 0.992188 0.863281
0 0.730469 0.621094 0.742188 0.621094 0.746094 0.621094 0.746094 0.625000 0.757812 0.636719 0.761719 0.640625 0.761719 0.648438 0.765625 0.652344 0.765625 0.675781 0.765625 0.679688 0.761719 0.691406 0.757812 0.695312 0.757812 0.718750 0.757812 0.722656 0.753906 0.726562 0.750000 0.726562 0.746094 0.730469 0.738281 0.730469 0.734375 0.730469 0.734375 0.722656 0.734375 0.718750 0.730469 0.714844 0.730469 0.710938 0.726562 0.707031 0.726562 0.703125 0.726562 0.699219 0.722656 0.695312 0.718750 0.695312 0.714844 0.691406 0.703125 0.660156 0.703125 0.656250 0.707031 0.652344 0.707031 0.648438 0.710938 0.644531 0.710938 0.640625 0.714844 0.636719 0.714844 0.632812 0.718750 0.628906 0.722656 0.628906 0.730469 0.621094
0 0.804688 0.679688 0.816406 0.679688 0.820312 0.679688 0.824219 0.683594 0.828125 0.683594 0.832031 0.683594 0.832031 0.687500 0.832031 0.691406 0.839844 0.699219 0.843750 0.703125 0.843750 0.707031 0.847656 0.710938 0.847656 0.738281 0.843750 0.742188 0.835938 0.742188 0.832031 0.742188 0.832031 0.738281 0.828125 0.734375 0.824219 0.734375 0.820312 0.734375 0.816406 0.730469 0.812500 0.726562 0.812500 0.722656 0.808594 0.718750 0.804688 0.718750 0.804688 0.707031 0.800781 0.703125 0.800781 0.691406 0.800781 0.687500 0.804688 0.683594 0.804688 0.679688
0 0.410156 0.820312 0.421875 0.820312 0.425781 0.820312 0.429688 0.824219 0.429688 0.828125 0.429688 0.832031 0.425781 0.835938 0.421875 0.839844 0.417969 0.839844 0.414062 0.843750 0.406250 0.843750 0.402344 0.843750 0.398438 0.847656 0.394531 0.847656 0.390625 0.851562 0.386719 0.851562 0.382812 0.855469 0.378906 0.855469 0.375000 0.855469 0.371094 0.859375 0.363281 0.859375 0.359375 0.859375 0.355469 0.863281 0.351562 0.863281 0.347656 0.863281 0.343750 0.867188 0.339844 0.867188 0.335938 0.867188 0.332031 0.871094 0.328125 0.875000 0.308594 0.875000 0.304688 0.875000 0.300781 0.878906 0.289062 0.878906 0.285156 0.882812 0.281250 0.878906 0.238281 0.878906 0.234375 0.878906 0.234375 0.875000 0.230469 0.871094 0.234375 0.867188 0.234375 0.863281 0.234375 0.859375 0.238281 0.859375 0.242188 0.855469 0.246094 0.851562 0.257812 0.851562 0.261719 0.851562 0.265625 0.847656 0.269531 0.847656 0.273438 0.843750 0.289062 0.843750 0.292969 0.843750 0.296875 0.839844 0.300781 0.839844 0.304688 0.835938 0.308594 0.835938 0.312500 0.835938 0.316406 0.832031 0.320312 0.828125 0.324219 0.832031 0.351562 0.832031 0.355469 0.832031 0.359375 0.828125 0.363281 0.828125 0.367188 0.824219 0.402344 0.824219 0.406250 0.824219 0.410156 0.820312
0 0.382812 0.914062 0.386719 0.917969 0.386719 0.921875 0.390625 0.925781 0.386719 0.925781 0.382812 0.929688 0.382812 0.933594 0.378906 0.937500 0.378906 0.941406 0.375000 0.945312 0.371094 0.945312 0.367188 0.949219 0.363281 0.953125 0.359375 0.953125 0.355469 0.953125 0.351562 0.957031 0.351562 0.968750 0.347656 0.972656 0.343750 0.972656 0.335938 0.964844 0.332031 0.964844 0.335938 0.964844 0.339844 0.960938 0.339844 0.953125 0.339844 0.949219 0.343750 0.949219 0.347656 0.949219 0.351562 0.945312 0.355469 0.945312 0.371094 0.929688 0.375000 0.925781 0.375000 0.921875 0.375000 0.917969 0.378906 0.917969 0.382812 0.914062
0 0.683594 0.250000 0.742188 0.250000 0.746094 0.250000 0.761719 0.257812 0.765625 0.257812 0.777344 0.281250 0.777344 0.285156 0.773438 0.289062 0.769531 0.292969 0.746094 0.289062 0.742188 0.285156 0.636719 0.289062 0.632812 0.289062 0.628906 0.285156 0.628906 0.281250 0.640625 0.269531 0.644531 0.265625 0.683594 0.250000
0 0.660156 0.292969 0.679688 0.300781 0.683594 0.304688 0.683594 0.320312 0.683594 0.324219 0.675781 0.332031 0.671875 0.335938 0.660156 0.335938 0.656250 0.335938 0.648438 0.324219 0.644531 0.320312 0.644531 0.304688 0.640625 0.300781 0.660156 0.292969
