0 0.910156 0.792969 0.925781 0.796875 0.929688 0.800781 0.953125 0.839844 0.957031 0.843750 0.960938 0.898438 0.960938 0.902344 0.937500 0.929688 0.933594 0.933594 0.875000 0.937500 0.871094 0.937500 0.859375 0.925781 0.855469 0.921875 0.863281 0.851562 0.863281 0.847656 0.890625 0.804688 0.890625 0.800781 0.910156 0.792969
0 0.738281 0.703125 0.757812 0.703125 0.761719 0.703125 0.769531 0.710938 0.773438 0.714844 0.773438 0.761719 0.773438 0.765625 0.761719 0.777344 0.757812 0.781250 0.726562 0.773438 0.722656 0.773438 0.703125 0.750000 0.699219 0.746094 0.699219 0.730469 0.699219 0.726562 0.738281 0.703125
0 0.644531 0.773438 0.656250 0.777344 0.660156 0.777344 0.660156 0.816406 0.656250 0.820312 0.644531 0.820312 0.640625 0.820312 0.636719 0.812500 0.632812 0.808594 0.632812 0.796875 0.632812 0.792969 0.644531 0.773438
0 0.480469 0.667969 0.496094 0.667969 0.500000 0.667969 0.507812 0.679688 0.507812 0.683594 0.480469 0.707031 0.480469 0.710938 0.468750 0.710938 0.464844 0.710938 0.460938 0.707031 0.457031 0.703125 0.457031 0.687500 0.457031 0.683594 0.480469 0.667969
0 0.136719 0.511719 0.160156 0.511719 0.164062 0.511719 0.179688 0.523438 0.183594 0.523438 0.187500 0.527344 0.191406 0.531250 0.187500 0.562500 0.183594 0.566406 0.164062 0.570312 0.160156 0.574219 0.140625 0.570312 0.136719 0.566406 0.132812 0.554688 0.128906 0.550781 0.128906 0.527344 0.128906 0.523438 0.136719 0.511719
0 0.845182 0.332267 0.841977 0.318489 0.815856 0.292418 0.809480 0.281615 0.791116 0.280740 0.775038 0.296033 0.767213 0.297682 0.756337 0.291083 0.726562 0.250000 0.691406 0.242188 0.652344 0.218750 0.633693 0.218750 0.621631 0.223941 0.585938 0.222656 0.550781 0.246094 0.515754 0.256468 0.502196 0.275980 0.497123 0.276995 0.488267 0.272716 0.480420 0.274834 0.474135 0.288185 0.417969 0.328125 0.412849 0.378948 0.401449 0.388061 0.392399 0.401636 0.387513 0.421175 0.374875 0.427921 0.371094 0.433594 0.371094 0.453125 0.378906 0.464844 0.375000 0.488281 0.378906 0.492188 0.380019 0.514117 0.385817 0.521229 0.396969 0.523995 0.417470 0.519180 0.428482 0.523557 0.445621 0.513490 0.475752 0.517867 0.486466 0.513787 0.494453 0.505801 0.499845 0.488436 0.503906 0.484375 0.526543 0.482502 0.532005 0.489277 0.538342 0.490730 0.553103 0.483479 0.553146 0.475774 0.569031 0.472518 0.590002 0.475931 0.607934 0.487667 0.623481 0.478912 0.645347 0.478773 0.660928 0.469166 0.670733 0.467393 0.688841 0.454618 0.696575 0.459077 0.705519 0.459379 0.706534 0.452860 0.716709 0.443122 0.743491 0.424711 0.750849 0.410296 0.765388 0.411285 0.787614 0.400666 0.794728 0.393991 0.802001 0.381904 0.798968 0.381234 0.801272 0.375808 0.810743 0.364407 0.828301 0.355782 0.837303 0.339614 0.844166 0.335978
0 0.082031 0.304688 0.105469 0.308594 0.109375 0.312500 0.101562 0.335938 0.097656 0.339844 0.074219 0.339844 0.070312 0.335938 0.070312 0.320312 0.070312 0.316406 0.082031 0.304688
0 0.236833 0.000000 0.237214 0.010652 0.250000 0.031250 0.285724 0.041204 0.294253 0.038705 0.310948 0.021084 0.322929 0.013364 0.326168 0.003354 0.325313 0.000000
0 0.386719 0.097656 0.406250 0.097656 0.410156 0.097656 0.414062 0.105469 0.417969 0.109375 0.414062 0.140625 0.414062 0.144531 0.406250 0.152344 0.402344 0.156250 0.378906 0.156250 0.375000 0.156250 0.371094 0.148438 0.367188 0.144531 0.371094 0.121094 0.371094 0.117188 0.386719 0.097656
0 0.826228 0.097729 0.823846 0.078716 0.817115 0.073846 0.812095 0.058494 0.805650 0.054744 0.796473 0.057125 0.781990 0.067510 0.771103 0.084226 0.750820 0.081485 0.738281 0.089844 0.734375 0.109375 0.742188 0.121094 0.800781 0.121094 0.820312 0.109375 0.825954 0.098729
0 1.000000 0.154097 0.976562 0.144531 0.960938 0.152344 0.961738 0.172488 0.957031 0.183594 0.945312 0.199219 0.931992 0.205943 0.929667 0.215936 0.924522 0.221081 0.904669 0.219455 0.891906 0.237261 0.863281 0.238281 0.835938 0.269531 0.843750 0.304688 0.878906 0.332031 0.881873 0.350770 0.880457 0.360812 0.887385 0.364804 0.904768 0.367044 0.937043 0.380954 0.947345 0.375517 0.954529 0.361921 0.986555 0.342575 1.000000 0.324219 1.000000 0.324219
0 0.160066 0.206065 0.158768 0.200658 0.137307 0.182270 0.108198 0.178314 0.097656 0.164062 0.084087 0.164062 0.054688 0.180187 0.054688 0.195312 0.064659 0.207711 0.070534 0.209079 0.070984 0.225320 0.076262 0.230880 0.087886 0.235004 0.094141 0.233989 0.101002 0.226562 0.132812 0.226562 0.151512 0.221271 0.157355 0.215711 0.159783 0.207099
0 0.021398 0.044114 0.018246 0.034348 0.008951 0.029174 0.000000 0.029899 0.000000 0.067095 0.009635 0.063737 0.021220 0.044766
0 0.253626 0.825310 0.241683 0.840629 0.229071 0.841952 0.219528 0.839401 0.211269 0.832370 0.206665 0.823161 0.206972 0.799164 0.212775 0.790598 0.220197 0.790598 0.250278 0.811777 0.254642 0.821599
0 0.578736 1.000000 0.551239 0.986598 0.538503 0.998526 0.538560 1.000000
