0 1.000000 0.000000 0.914062 0.000000 0.910156 0.003906 0.910156 0.011719 0.902344 0.019531 0.902344 0.046875 0.906250 0.046875 0.910156 0.050781 0.910156 0.062500 0.902344 0.070312 0.894531 0.070312 0.894531 0.078125 0.890625 0.082031 0.890625 0.089844 0.886719 0.093750 0.886719 0.097656 0.882812 0.101562 0.882812 0.117188 0.878906 0.121094 0.878906 0.128906 0.871094 0.136719 0.871094 0.152344 0.863281 0.160156 0.863281 0.171875 0.859375 0.175781 0.859375 0.179688 0.855469 0.183594 0.859375 0.187500 0.859375 0.191406 0.863281 0.195312 0.863281 0.210938 0.867188 0.214844 0.878906 0.214844 0.886719 0.222656 0.886719 0.234375 0.902344 0.250000 0.902344 0.257812 0.906250 0.261719 0.910156 0.261719 0.914062 0.265625 0.948182 0.265870 0.949551 0.264637 0.949551 0.263815 0.950784 0.263815 0.950784 0.263131 0.951879 0.263131 0.951879 0.262583 0.953385 0.262583 0.953659 0.260529 0.955302 0.259981 0.955302 0.258886 0.957031 0.258886 0.957031 0.238281 0.976562 0.218750 0.976562 0.210938 0.980469 0.207031 0.980469 0.203125 0.996094 0.187500 0.996094 0.183594 1.000000 0.179688 1.000000 0.175781 1.000000 0.175781
0 0.207031 0.148438 0.210938 0.152344 0.234375 0.152344 0.238281 0.152344 0.238281 0.167969 0.238281 0.171875 0.234375 0.175781 0.234375 0.187500 0.234375 0.191406 0.238281 0.195312 0.242188 0.199219 0.242188 0.210938 0.242188 0.214844 0.238281 0.218750 0.238281 0.222656 0.234375 0.226562 0.234375 0.230469 0.230469 0.234375 0.226562 0.234375 0.222656 0.238281 0.218750 0.242188 0.214844 0.242188 0.210938 0.246094 0.207031 0.250000 0.191406 0.250000 0.187500 0.250000 0.187500 0.246094 0.187500 0.242188 0.183594 0.238281 0.183594 0.234375 0.179688 0.230469 0.179688 0.226562 0.175781 0.222656 0.171875 0.222656 0.167969 0.218750 0.167969 0.214844 0.164062 0.210938 0.164062 0.207031 0.160156 0.203125 0.160156 0.183594 0.160156 0.179688 0.156250 0.175781 0.156250 0.171875 0.152344 0.167969 0.156250 0.164062 0.156250 0.160156 0.160156 0.156250 0.164062 0.156250 0.167969 0.152344 0.199219 0.152344 0.203125 0.152344 0.207031 0.148438
0 0.789062 0.191406 0.824219 0.191406 0.828125 0.191406 0.832031 0.195312 0.832031 0.199219 0.835938 0.203125 0.835938 0.242188 0.835938 0.246094 0.832031 0.250000 0.832031 0.273438 0.832031 0.277344 0.828125 0.281250 0.824219 0.285156 0.820312 0.285156 0.816406 0.285156 0.808594 0.292969 0.804688 0.296875 0.796875 0.296875 0.792969 0.296875 0.792969 0.292969 0.789062 0.289062 0.785156 0.289062 0.781250 0.289062 0.777344 0.285156 0.777344 0.281250 0.761719 0.265625 0.757812 0.261719 0.761719 0.257812 0.761719 0.230469 0.757812 0.226562 0.761719 0.222656 0.761719 0.218750 0.765625 0.218750 0.777344 0.207031 0.781250 0.203125 0.781250 0.199219 0.789062 0.191406
0 0.023438 0.289062 0.027344 0.289062 0.031250 0.289062 0.035156 0.292969 0.035156 0.296875 0.042969 0.304688 0.046875 0.308594 0.046875 0.312500 0.046875 0.316406 0.042969 0.320312 0.042969 0.324219 0.027344 0.339844 0.027344 0.343750 0.023438 0.347656 0.019531 0.347656 0.015625 0.347656 0.011719 0.343750 0.007812 0.339844 0.003906 0.339844 0.000000 0.335938 0.000000 0.300781 0.000000 0.296875 0.007812 0.296875 0.011719 0.296875 0.015625 0.292969 0.019531 0.292969 0.023438 0.289062
0 1.000000 0.492188 1.000000 0.492188 0.996094 0.492188 0.996094 0.488281 0.996094 0.484375 0.992188 0.480469 0.988281 0.476562 0.988281 0.457031 0.988281 0.453125 0.984375 0.449219 0.980469 0.445312 0.964844 0.445312 0.960938 0.445312 0.957031 0.441406 0.957031 0.437500 0.953125 0.433594 0.941406 0.433594 0.937500 0.433594 0.937500 0.429688 0.933594 0.425781 0.933594 0.421875 0.933594 0.417969 0.929688 0.414062 0.925781 0.414062 0.929688 0.414062 0.933594 0.410156 0.933594 0.406250 0.937500 0.402344 0.941406 0.398438 0.957031 0.398438 0.960938 0.394531 0.960938 0.378906 0.960938 0.375000 0.964844 0.371094 0.964844 0.363281 0.964844 0.359375 0.968750 0.359375 0.972656 0.355469 0.976562 0.351562 0.976562 0.347656 0.980469 0.343750 0.984375 0.339844 0.984375 0.335938 0.988281 0.332031 0.992188 0.328125 0.996094 0.328125 1.000000 0.324219 1.000000 0.324219
0 0.042969 0.390625 0.046875 0.390625 0.050781 0.390625 0.058594 0.398438 0.062500 0.398438 0.066406 0.402344 0.066406 0.406250 0.070312 0.410156 0.070312 0.414062 0.066406 0.417969 0.062500 0.417969 0.058594 0.421875 0.054688 0.421875 0.050781 0.425781 0.046875 0.429688 0.042969 0.429688 0.039062 0.429688 0.035156 0.425781 0.027344 0.425781 0.023438 0.425781 0.019531 0.421875 0.015625 0.421875 0.015625 0.417969 0.015625 0.414062 0.019531 0.410156 0.019531 0.406250 0.019531 0.402344 0.023438 0.402344 0.027344 0.398438 0.031250 0.398438 0.035156 0.394531 0.039062 0.394531 0.042969 0.390625
0 0.753906 0.414062 0.757812 0.417969 0.761719 0.417969 0.765625 0.417969 0.765625 0.421875 0.765625 0.425781 0.769531 0.429688 0.769531 0.433594 0.777344 0.441406 0.781250 0.445312 0.781250 0.453125 0.781250 0.457031 0.777344 0.460938 0.773438 0.464844 0.765625 0.464844 0.761719 0.468750 0.750000 0.468750 0.746094 0.472656 0.722656 0.472656 0.718750 0.472656 0.714844 0.476562 0.707031 0.476562 0.703125 0.476562 0.703125 0.445312 0.699219 0.441406 0.703125 0.437500 0.703125 0.433594 0.710938 0.425781 0.714844 0.421875 0.742188 0.421875 0.746094 0.421875 0.753906 0.414062
0 0.390625 0.417969 0.398438 0.417969 0.402344 0.417969 0.406250 0.421875 0.410156 0.421875 0.414062 0.425781 0.417969 0.429688 0.421875 0.429688 0.425781 0.433594 0.429688 0.437500 0.433594 0.437500 0.437500 0.441406 0.437500 0.445312 0.433594 0.449219 0.433594 0.464844 0.433594 0.468750 0.429688 0.472656 0.429688 0.476562 0.425781 0.480469 0.425781 0.484375 0.417969 0.492188 0.414062 0.496094 0.410156 0.496094 0.406250 0.500000 0.390625 0.500000 0.386719 0.500000 0.386719 0.496094 0.382812 0.492188 0.378906 0.488281 0.375000 0.488281 0.371094 0.484375 0.367188 0.480469 0.367188 0.472656 0.363281 0.468750 0.363281 0.460938 0.363281 0.457031 0.367188 0.453125 0.367188 0.449219 0.371094 0.445312 0.371094 0.441406 0.378906 0.433594 0.378906 0.429688 0.390625 0.417969
0 0.156250 0.574219 0.164062 0.574219 0.167969 0.574219 0.171875 0.578125 0.175781 0.578125 0.179688 0.582031 0.183594 0.582031 0.187500 0.582031 0.191406 0.585938 0.199219 0.585938 0.203125 0.585938 0.207031 0.589844 0.207031 0.593750 0.210938 0.597656 0.214844 0.597656 0.218750 0.597656 0.222656 0.601562 0.222656 0.605469 0.218750 0.609375 0.214844 0.609375 0.210938 0.613281 0.210938 0.617188 0.210938 0.621094 0.203125 0.628906 0.203125 0.632812 0.199219 0.636719 0.195312 0.636719 0.191406 0.640625 0.191406 0.644531 0.183594 0.652344 0.179688 0.656250 0.175781 0.656250 0.171875 0.660156 0.167969 0.660156 0.164062 0.664062 0.160156 0.664062 0.156250 0.667969 0.152344 0.667969 0.148438 0.667969 0.144531 0.671875 0.140625 0.675781 0.128906 0.675781 0.125000 0.675781 0.121094 0.671875 0.117188 0.671875 0.101562 0.656250 0.097656 0.652344 0.093750 0.652344 0.089844 0.648438 0.085938 0.648438 0.082031 0.644531 0.078125 0.640625 0.078125 0.636719 0.074219 0.632812 0.078125 0.628906 0.078125 0.625000 0.078125 0.621094 0.089844 0.609375 0.093750 0.605469 0.093750 0.601562 0.097656 0.597656 0.097656 0.593750 0.117188 0.593750 0.121094 0.593750 0.125000 0.589844 0.132812 0.589844 0.136719 0.589844 0.140625 0.585938 0.140625 0.582031 0.144531 0.582031 0.148438 0.582031 0.156250 0.574219
0 0.601562 0.917969 0.609375 0.917969 0.613281 0.917969 0.613281 0.921875 0.617188 0.925781 0.621094 0.929688 0.632812 0.929688 0.636719 0.929688 0.636719 0.933594 0.636719 0.937500 0.625000 0.949219 0.621094 0.953125 0.621094 0.957031 0.621094 0.960938 0.617188 0.964844 0.613281 0.968750 0.605469 0.968750 0.601562 0.968750 0.597656 0.972656 0.593750 0.972656 0.593750 0.968750 0.589844 0.964844 0.589844 0.960938 0.589844 0.957031 0.593750 0.953125 0.597656 0.949219 0.597656 0.929688 0.593750 0.925781 0.597656 0.925781 0.601562 0.921875 0.601562 0.917969
0 0.292969 0.992188 0.308594 0.992188 0.312500 0.992188 0.312500 0.996094 0.312500 1.000000 0.312500 1.000000 0.289062 1.000000 0.289062 1.000000 0.289062 0.996094 0.292969 0.992188
0 1.000000 0.231499 0.994220 0.231944 0.990561 0.234557 0.987425 0.237693 0.985858 0.241873 0.984290 0.243441 0.980632 0.250235 0.968089 0.259642 0.957114 0.263823 0.951887 0.266436 0.950320 0.268004 0.945616 0.270617 0.941958 0.274798 0.939345 0.279502 0.937777 0.281070 0.935686 0.287864 0.935164 0.304588 0.938300 0.320266 0.941958 0.334377 0.944048 0.338557 0.946139 0.340125 0.950320 0.340125 0.958159 0.336467 0.966521 0.329673 0.972792 0.323924 0.975405 0.319743 0.979064 0.316085 0.983767 0.314517 0.992652 0.309814 1.000000 0.304670
0 0.495487 0.000000 0.496546 0.001059 0.499224 0.002130 0.523860 0.002130 0.528145 0.001059 0.529097 0.000000
