0 0.082638 0.633052 0.086761 0.634557 0.086782 0.636780 0.085678 0.638459 0.083966 0.639817 0.082129 0.641090 0.080505 0.642451 0.078555 0.643670 0.076986 0.644960 0.075149 0.646282 0.072945 0.647017 0.070496 0.647115 0.068047 0.647000 0.065623 0.646953 0.063341 0.646281 0.061519 0.645064 0.059428 0.643933 0.057356 0.642910 0.055665 0.641653 0.054651 0.640530 0.056764 0.639931 0.059081 0.639199 0.061527 0.638466 0.063860 0.637778 0.066195 0.636992 0.068519 0.636209 0.070791 0.635271 0.073116 0.634536 0.075441 0.633851 0.077750 0.633170 0.080177 0.633025 0.082638 0.633052
0 0.116553 0.451789 0.116906 0.455758 0.116979 0.457815 0.116832 0.459946 0.116465 0.461929 0.115436 0.463633 0.114143 0.465209 0.112609 0.466669 0.111322 0.468395 0.109944 0.469850 0.108606 0.471413 0.106932 0.471889 0.105125 0.472109 0.103577 0.470963 0.101753 0.470081 0.099976 0.469193 0.098226 0.468382 0.097656 0.466632 0.097656 0.464501 0.098097 0.462517 0.098685 0.460607 0.099199 0.458696 0.099861 0.456860 0.101109 0.455243 0.102946 0.454509 0.105004 0.454141 0.106987 0.453921 0.109045 0.453554 0.110955 0.453039 0.112865 0.452525 0.114849 0.452084 0.116553 0.451789
0 0.717460 0.280177 0.721466 0.280846 0.722437 0.282527 0.723623 0.284430 0.724870 0.286226 0.726195 0.288059 0.726562 0.290201 0.726562 0.292516 0.726562 0.294830 0.725754 0.296716 0.724138 0.298173 0.722228 0.299116 0.720244 0.299716 0.718187 0.300316 0.716056 0.300488 0.713779 0.300659 0.711648 0.300488 0.709664 0.299802 0.707974 0.298345 0.706431 0.296802 0.705122 0.294966 0.704709 0.292914 0.704633 0.290762 0.705363 0.289107 0.707166 0.288230 0.709076 0.287458 0.710839 0.286258 0.711427 0.284115 0.711868 0.281973 0.713044 0.280344 0.715248 0.280001 0.717460 0.280177
0 0.387478 0.176075 0.393630 0.176932 0.396514 0.178103 0.396300 0.181038 0.394396 0.183275 0.392634 0.185473 0.391532 0.188044 0.390233 0.190549 0.387294 0.191137 0.384233 0.191578 0.381171 0.192239 0.378355 0.193414 0.376121 0.195287 0.374550 0.197386 0.373229 0.197569 0.371755 0.196288 0.368754 0.195022 0.365963 0.193403 0.363428 0.192466 0.362277 0.190926 0.363048 0.188345 0.362191 0.185627 0.363416 0.183790 0.366600 0.183569 0.369661 0.183422 0.372845 0.183202 0.376029 0.182982 0.379052 0.182505 0.382054 0.182004 0.384758 0.180742 0.386559 0.178720 0.387478 0.176075
0 0.421667 0.117343 0.424826 0.120249 0.426369 0.122208 0.428573 0.123616 0.431218 0.124412 0.433312 0.125453 0.431549 0.127229 0.430226 0.129310 0.429124 0.131514 0.426810 0.132739 0.424275 0.133841 0.422622 0.135494 0.421300 0.136719 0.418655 0.136412 0.415789 0.136352 0.413144 0.135923 0.410389 0.135678 0.407523 0.135678 0.404768 0.135739 0.402344 0.135066 0.402895 0.132555 0.403556 0.130168 0.403887 0.127535 0.404525 0.124955 0.405070 0.122474 0.405764 0.120222 0.408145 0.119451 0.410868 0.119151 0.413635 0.118721 0.416230 0.117922 0.418875 0.117432 0.421667 0.117343
0 0.249029 0.207095 0.254592 0.207325 0.257347 0.207472 0.260102 0.207619 0.261315 0.209529 0.262968 0.211513 0.265282 0.212982 0.267596 0.214599 0.269801 0.216215 0.269801 0.218566 0.269029 0.220991 0.267927 0.223195 0.266384 0.225179 0.264731 0.227089 0.263078 0.228999 0.260654 0.229954 0.258009 0.229661 0.255363 0.228779 0.252939 0.227750 0.250625 0.226428 0.248641 0.224664 0.246987 0.222754 0.245224 0.220918 0.243571 0.219007 0.241588 0.217170 0.240004 0.215363 0.240245 0.212793 0.240265 0.210191 0.240816 0.207693 0.243461 0.207325 0.246216 0.207325 0.249029 0.207095
0 0.873036 0.697802 0.875152 0.703550 0.874608 0.707068 0.871571 0.709125 0.870004 0.712260 0.868339 0.715297 0.871473 0.717158 0.874608 0.718628 0.875000 0.722252 0.875000 0.726073 0.871669 0.726562 0.867849 0.726562 0.864028 0.726562 0.860208 0.726562 0.856387 0.726562 0.852566 0.726562 0.849432 0.725975 0.849432 0.722154 0.849432 0.718334 0.849432 0.714513 0.849040 0.710791 0.846787 0.708146 0.844730 0.705501 0.844436 0.701778 0.847473 0.700798 0.851195 0.700407 0.854837 0.700264 0.858473 0.699772 0.862000 0.698891 0.865596 0.698251 0.869220 0.697957 0.873036 0.697802
0 0.495939 0.563923 0.502079 0.565475 0.504134 0.568207 0.506300 0.570870 0.509698 0.571329 0.512796 0.572186 0.512931 0.575615 0.513032 0.579188 0.512482 0.582670 0.510833 0.585673 0.508499 0.588168 0.505503 0.589904 0.502403 0.591498 0.499446 0.593208 0.496363 0.594840 0.493534 0.596799 0.490643 0.597063 0.488512 0.594537 0.486818 0.591580 0.484695 0.588633 0.482339 0.585933 0.480342 0.583453 0.479249 0.580641 0.478361 0.577655 0.477560 0.575278 0.479940 0.574352 0.483398 0.573752 0.486650 0.572391 0.489278 0.570004 0.490775 0.567041 0.492582 0.564428 0.495939 0.563923
0 0.477086 0.642829 0.479790 0.642926 0.482577 0.642751 0.485320 0.642751 0.487978 0.642571 0.490143 0.642782 0.492002 0.643634 0.493397 0.645122 0.495351 0.646713 0.497777 0.650668 0.500895 0.654303 0.502327 0.656213 0.502841 0.658663 0.502841 0.660818 0.500270 0.661797 0.497698 0.662189 0.494995 0.662852 0.492418 0.663245 0.486922 0.663735 0.484356 0.664029 0.481583 0.664050 0.479012 0.664442 0.473697 0.665716 0.465982 0.667185 0.463159 0.667035 0.460934 0.667191 0.459791 0.665822 0.457860 0.661421 0.456646 0.659775 0.456278 0.657549 0.456539 0.655229 0.457078 0.653330 0.458184 0.651602 0.460161 0.650009 0.461864 0.648237 0.465668 0.644666 0.467353 0.642811 0.469364 0.641371 0.471679 0.641574
0 0.465681 0.364721 0.466913 0.371106 0.466546 0.374633 0.466179 0.378159 0.465811 0.381686 0.465199 0.385102 0.464097 0.388298 0.462137 0.391274 0.459321 0.393368 0.456260 0.395131 0.453076 0.396233 0.449525 0.396564 0.445851 0.396784 0.442300 0.397005 0.439606 0.395241 0.437892 0.392376 0.436300 0.389290 0.433606 0.386976 0.432137 0.384000 0.431892 0.380363 0.431769 0.376727 0.432293 0.373214 0.434553 0.370383 0.437537 0.368478 0.440639 0.367138 0.444223 0.366469 0.447663 0.366027 0.451215 0.365696 0.454762 0.365023 0.458453 0.365254 0.461994 0.364924 0.465681 0.364721
0 0.847998 0.041608 0.852109 0.044730 0.854677 0.045616 0.856909 0.047193 0.858971 0.049202 0.862069 0.053904 0.867192 0.054996 0.867433 0.060790 0.867989 0.063869 0.866522 0.066719 0.866309 0.069168 0.863898 0.069811 0.861084 0.070249 0.858217 0.070190 0.855658 0.070986 0.853056 0.072114 0.850819 0.073487 0.848061 0.074182 0.845366 0.074329 0.843615 0.076386 0.846309 0.080501 0.840787 0.081235 0.837958 0.081235 0.835533 0.080207 0.834186 0.077855 0.832436 0.075652 0.830145 0.074329 0.829876 0.072419 0.832295 0.071473 0.837168 0.068471 0.840093 0.065835 0.837634 0.062929 0.836697 0.060304 0.835790 0.054932 0.835659 0.052180 0.836452 0.049445 0.837879 0.047253 0.840437 0.042331 0.842523 0.041343
0 0.478173 0.190677 0.483028 0.194112 0.484461 0.196831 0.486053 0.199402 0.487645 0.202047 0.487963 0.204986 0.487509 0.208178 0.486848 0.210938 0.483187 0.210938 0.479685 0.210938 0.476024 0.210938 0.472363 0.210938 0.469338 0.210350 0.467268 0.208072 0.464721 0.206088 0.461219 0.205427 0.457717 0.204839 0.454374 0.204325 0.450872 0.203590 0.447529 0.202709 0.444027 0.202121 0.444186 0.200137 0.447529 0.199035 0.450872 0.197786 0.454215 0.196611 0.457717 0.195729 0.461060 0.194774 0.464403 0.193892 0.467905 0.193157 0.471407 0.192349 0.474750 0.191541 0.478173 0.190677
0 0.485763 0.243618 0.507911 0.243618 0.517101 0.243198 0.519498 0.247112 0.511718 0.252956 0.511245 0.254634 0.505270 0.256637 0.500192 0.258980 0.501468 0.259236 0.497081 0.261280 0.498239 0.261715 0.496898 0.262977 0.492798 0.263243 0.489690 0.261669 0.485013 0.260650 0.480803 0.259160 0.479158 0.252690 0.477983 0.249241 0.477505 0.243755 0.483555 0.243363
0 0.222075 0.396001 0.229477 0.396074 0.233290 0.396413 0.236932 0.396944 0.240462 0.396939 0.242693 0.398979 0.244097 0.401786 0.244407 0.405043 0.244409 0.408730 0.245071 0.412042 0.247491 0.414645 0.250073 0.415127 0.247613 0.416008 0.244869 0.417783 0.241098 0.417969 0.237277 0.417969 0.233616 0.417969 0.229795 0.417969 0.226134 0.417969 0.222313 0.417969 0.218694 0.417781 0.215554 0.416254 0.212383 0.414571 0.209419 0.412826 0.208782 0.409520 0.208464 0.405993 0.208782 0.402613 0.209260 0.399234 0.211011 0.396515 0.214672 0.396295 0.218334 0.396148 0.222075 0.396001
0 0.273202 0.104298 0.280045 0.105612 0.284044 0.105620 0.286900 0.110432 0.286858 0.113134 0.280368 0.114053 0.283430 0.115155 0.284287 0.118645 0.284042 0.129482 0.284777 0.140319 0.283344 0.154408 0.273756 0.156115 0.266531 0.156299 0.264127 0.154346 0.261633 0.144360 0.258204 0.144176 0.251714 0.145829 0.251470 0.142339 0.251470 0.131319 0.252525 0.127602 0.252293 0.116989 0.260409 0.105971 0.264530 0.103855
0 0.932422 0.352148 0.960938 0.304688 0.976562 0.312500 0.982812 0.336133 0.992969 0.350586 0.992188 0.362695 0.953125 0.359375
0 0.318738 1.000000 0.238680 1.000000 0.245568 0.991480 0.252734 0.982617 0.257812 0.953125 0.304688 0.972656 0.316797 0.984180 0.312840 0.987762 0.309193 0.989330 0.304297 0.995508 0.313068 0.995125 0.319141 0.996680
0 0.198193 0.928430 0.190154 0.927537 0.178544 0.921285 0.178544 0.913247 0.182116 0.907888 0.198193 0.906102 0.202659 0.909674 0.200872 0.920392
0 0.183950 0.595328 0.172966 0.595877 0.169671 0.596975 0.167475 0.596975 0.165278 0.598073 0.162532 0.601918 0.160336 0.602466 0.155393 0.602466 0.151549 0.599721 0.150451 0.597524 0.149902 0.588189 0.153196 0.582148 0.155393 0.581050 0.158688 0.580500 0.171319 0.580500 0.178458 0.581598 0.180105 0.583246 0.185597 0.586541 0.186695 0.588189 0.187793 0.593131 0.187793 0.597524 0.186695 0.599171
0 0.400317 0.530527 0.393727 0.527781 0.389883 0.525036 0.389883 0.515151 0.390432 0.510757 0.391531 0.509110 0.393727 0.508012 0.400866 0.507463 0.409653 0.514602 0.412948 0.519544 0.415694 0.526134 0.416243 0.531076 0.405809 0.531625
0 0.239414 0.616196 0.232275 0.616196 0.225686 0.613999 0.221292 0.613450 0.219645 0.612352 0.217448 0.609057 0.217448 0.604663 0.229529 0.598623 0.236119 0.598073 0.241611 0.604663 0.242160 0.606860 0.242160 0.612352
0 0.244906 0.712847 0.240512 0.710650 0.238316 0.706257 0.237218 0.701864 0.237218 0.697471 0.235570 0.693627 0.235570 0.691430 0.238316 0.688684 0.253143 0.688684 0.254241 0.690881 0.254241 0.711749 0.253143 0.713396 0.249299 0.715044
0 0.017006 0.404770 0.014809 0.400377 0.012063 0.391590 0.008768 0.386648 0.007121 0.381705 0.007121 0.374017 0.015907 0.372370 0.020301 0.372370 0.022497 0.373468 0.023046 0.375665 0.023596 0.402573 0.022497 0.404221
0 0.050504 0.110422 0.042267 0.106578 0.041169 0.104930 0.041169 0.097791 0.045012 0.092300 0.046660 0.091202 0.049406 0.090652 0.051054 0.089005 0.055996 0.087357 0.062037 0.086259 0.064782 0.087906 0.066430 0.095595 0.066430 0.110422 0.065880 0.112618 0.059291 0.113717 0.054898 0.113168
0 0.537910 0.077267 0.534204 0.083753 0.527718 0.087459 0.511041 0.089312 0.505482 0.084679 0.506408 0.071708 0.509188 0.069855 0.530498 0.066149 0.533278 0.066149 0.536984 0.069855
0 0.394298 0.265661 0.383489 0.257940 0.383489 0.251763 0.380400 0.248675 0.380400 0.245586 0.385033 0.244042 0.400475 0.244042 0.405108 0.257940
0 0.334386 0.401961 0.331515 0.398132 0.330080 0.393825 0.330080 0.386647 0.331515 0.385212 0.331994 0.382819 0.336301 0.378512 0.341086 0.379948 0.343479 0.379948 0.344914 0.382341 0.345393 0.385212 0.345393 0.388083 0.344436 0.390476 0.342043 0.395261 0.340129 0.396218 0.339650 0.398611 0.338215 0.401004
0 0.654529 0.354440 0.641449 0.351533 0.633214 0.348142 0.630792 0.344267 0.631276 0.339422 0.633214 0.336516 0.636605 0.334094 0.644356 0.332641 0.650653 0.332641 0.653560 0.336032 0.656466 0.344751 0.656466 0.350080
0 0.826800 0.272322 0.817693 0.273023 0.816291 0.271621 0.814540 0.267068 0.814540 0.258311 0.816992 0.254808 0.819094 0.254107 0.828551 0.259011 0.829252 0.261463 0.829252 0.268819
0 0.829952 0.219430 0.821546 0.218379 0.817342 0.216627 0.815241 0.213125 0.814540 0.210673 0.814540 0.206470 0.815241 0.204368 0.821546 0.201916 0.826450 0.201916 0.831704 0.200164 0.833105 0.201566 0.833105 0.215227 0.832404 0.217328
0 0.740981 0.106289 0.731874 0.107340 0.728021 0.104888 0.723468 0.104538 0.720665 0.103137 0.719264 0.101386 0.718914 0.099284 0.719264 0.095080 0.720315 0.093329 0.722066 0.092278 0.724518 0.091928 0.728371 0.089476 0.733275 0.089826 0.736778 0.091928 0.739230 0.092278 0.747637 0.091578 0.749388 0.092629 0.749738 0.096832 0.747637 0.101035 0.744134 0.104188
0 0.804732 0.139216 0.793173 0.140617 0.788269 0.140617 0.787919 0.132561 0.788620 0.130109 0.799829 0.126956 0.804382 0.126956 0.809986 0.128357 0.811738 0.129408 0.809986 0.130459 0.806134 0.136414
0 0.896505 0.023974 0.893703 0.024674 0.885647 0.024674 0.883895 0.023623 0.879342 0.018369 0.877591 0.012064 0.871186 0.006061 0.870585 0.003657 0.872336 0.002607 0.887048 0.002607 0.896155 0.001205 0.897556 0.002607 0.897907 0.011364 0.896856 0.013115 0.896505 0.015567 0.894404 0.018369 0.893703 0.022573
0 0.913195 0.098568 0.910677 0.098568 0.908412 0.094541 0.906146 0.094541 0.904132 0.093785 0.903880 0.090512 0.906146 0.084471 0.906146 0.082205 0.907153 0.079688 0.908664 0.078177 0.914705 0.078681 0.917223 0.082709 0.918230 0.086737 0.918230 0.093282 0.916719 0.097310
