0 0.855469 0.023438 0.871094 0.023438 0.875000 0.027344 0.875000 0.031250 0.875000 0.035156 0.867188 0.042969 0.867188 0.046875 0.863281 0.042969 0.843750 0.042969 0.839844 0.042969 0.835938 0.039062 0.832031 0.039062 0.832031 0.035156 0.828125 0.031250 0.847656 0.031250 0.851562 0.031250 0.855469 0.027344 0.855469 0.023438
0 0.695312 0.109375 0.703125 0.109375 0.707031 0.109375 0.710938 0.113281 0.714844 0.113281 0.714844 0.121094 0.714844 0.125000 0.710938 0.128906 0.710938 0.132812 0.707031 0.136719 0.707031 0.140625 0.703125 0.136719 0.695312 0.136719 0.691406 0.132812 0.691406 0.125000 0.691406 0.121094 0.695312 0.117188 0.695312 0.109375
0 0.023438 0.152344 0.027344 0.156250 0.031250 0.156250 0.039062 0.164062 0.042969 0.167969 0.039062 0.171875 0.039062 0.179688 0.039062 0.183594 0.035156 0.187500 0.031250 0.191406 0.027344 0.191406 0.023438 0.191406 0.019531 0.195312 0.015625 0.199219 0.011719 0.199219 0.007812 0.199219 0.003906 0.203125 0.000000 0.203125 0.000000 0.164062 0.000000 0.160156 0.007812 0.160156 0.011719 0.160156 0.015625 0.156250 0.019531 0.156250 0.023438 0.152344
0 0.164062 0.378906 0.164062 0.382812 0.160156 0.386719 0.160156 0.390625 0.136719 0.414062 0.128906 0.414062 0.121094 0.406250 0.117188 0.406250 0.117188 0.394531 0.113281 0.390625 0.109375 0.390625 0.105469 0.386719 0.105469 0.378906 0.101562 0.375000 0.074219 0.375000 0.074219 0.367188 0.070312 0.363281 0.074219 0.363281 0.078125 0.359375 0.082031 0.359375 0.089844 0.351562 0.093750 0.351562 0.101562 0.343750 0.101562 0.334064 0.112341 0.334064 0.112341 0.332031 0.121094 0.332031 0.140625 0.351562 0.160156 0.351562 0.164062 0.355469 0.164062 0.359375 0.167969 0.363281 0.167969 0.375000
0 1.000000 0.687500 0.996094 0.687500 0.992188 0.687500 0.988281 0.683594 0.988281 0.679688 0.984375 0.675781 0.980469 0.671875 0.976562 0.671875 0.972656 0.667969 0.968750 0.664062 0.964844 0.664062 0.960938 0.664062 0.957031 0.660156 0.957031 0.656250 0.953125 0.652344 0.953125 0.648438 0.953125 0.644531 0.972656 0.625000 0.972656 0.621094 0.976562 0.617188 0.980469 0.617188 0.988281 0.609375 0.992188 0.605469 0.992188 0.593750 0.992188 0.589844 0.988281 0.585938 0.984375 0.585938 0.984375 0.574219 0.980469 0.570312 0.988281 0.570312 0.992188 0.570312 0.996094 0.566406 0.996094 0.562500 1.000000 0.562500 1.000000 0.562500
0 0.507812 0.582031 0.519531 0.582031 0.523438 0.582031 0.527344 0.585938 0.531250 0.589844 0.531250 0.601562 0.531250 0.605469 0.527344 0.609375 0.527344 0.617188 0.527344 0.621094 0.523438 0.625000 0.519531 0.625000 0.515625 0.628906 0.511719 0.628906 0.507812 0.628906 0.503906 0.625000 0.500000 0.621094 0.500000 0.613281 0.496094 0.609375 0.496094 0.597656 0.496094 0.593750 0.507812 0.582031
0 0.250000 0.660156 0.246094 0.656250 0.238281 0.656250 0.234375 0.652344 0.218750 0.652344 0.214844 0.648438 0.187500 0.648991 0.187500 0.652344 0.183594 0.656250 0.183594 0.664062 0.175781 0.671875 0.175781 0.675781 0.171875 0.679688 0.167969 0.679688 0.167969 0.687500 0.152344 0.703125 0.152344 0.707031 0.144531 0.714844 0.144531 0.718750 0.140625 0.722656 0.140625 0.738281 0.144531 0.742188 0.144531 0.753906 0.152344 0.761719 0.152344 0.781250 0.148438 0.785156 0.152344 0.789062 0.152344 0.792969 0.156250 0.796875 0.156250 0.816406 0.160156 0.816406 0.164062 0.820312 0.167969 0.820312 0.175781 0.828125 0.179688 0.828125 0.183594 0.832031 0.191406 0.832031 0.199219 0.824219 0.199219 0.820312 0.214844 0.804688 0.214844 0.785156 0.218750 0.781250 0.214844 0.777344 0.214844 0.757812 0.218750 0.753906 0.222656 0.753906 0.230469 0.746094 0.230469 0.742188 0.234375 0.738281 0.234375 0.722656 0.242188 0.714844 0.242188 0.699219 0.246094 0.695312 0.246094 0.664062
0 0.117188 0.906250 0.132812 0.906250 0.136719 0.910156 0.136719 0.914062 0.136719 0.917969 0.132812 0.921875 0.132812 0.925781 0.128906 0.929688 0.125000 0.929688 0.121094 0.929688 0.117188 0.925781 0.113281 0.921875 0.113281 0.917969 0.113281 0.914062 0.117188 0.910156 0.117188 0.906250
0 0.964615 0.426012 0.964615 0.417650 0.957162 0.417650 0.957091 0.414208 0.947609 0.414208 0.945448 0.414689 0.945287 0.429854 0.960933 0.429614 0.960933 0.426012
0 0.980569 0.371742 0.980569 0.363461 0.976614 0.363461 0.976614 0.359602 0.975071 0.359505 0.960616 0.359602 0.961002 0.370680 0.968236 0.370585 0.968236 0.374829 0.976518 0.374829 0.976518 0.371742
