0 0.000000 0.000000 0.082031 0.000000 0.085938 0.000000 0.085938 0.003906 0.085938 0.007812 0.082031 0.011719 0.082031 0.015625 0.078125 0.019531 0.078125 0.023438 0.074219 0.027344 0.070312 0.027344 0.066406 0.027344 0.062500 0.031250 0.058594 0.031250 0.054688 0.035156 0.050781 0.035156 0.042969 0.042969 0.039062 0.046875 0.035156 0.042969 0.023438 0.042969 0.019531 0.042969 0.015625 0.039062 0.011719 0.039062 0.007812 0.035156 0.003906 0.031250 0.000000 0.031250
0 0.531250 0.000000 0.574219 0.000000 0.578125 0.000000 0.582031 0.003906 0.582031 0.007812 0.585938 0.011719 0.589844 0.015625 0.601562 0.015625 0.605469 0.015625 0.609375 0.019531 0.613281 0.019531 0.617188 0.019531 0.613281 0.023438 0.613281 0.031250 0.613281 0.035156 0.609375 0.039062 0.605469 0.042969 0.585938 0.042969 0.582031 0.042969 0.574219 0.050781 0.570312 0.054688 0.562500 0.054688 0.558594 0.054688 0.554688 0.050781 0.550781 0.050781 0.546875 0.050781 0.546875 0.046875 0.542969 0.042969 0.539062 0.042969 0.535156 0.039062 0.531250 0.035156 0.531250 0.015625 0.527344 0.011719 0.531250 0.007812 0.531250 0.000000
0 0.812500 0.023438 0.835938 0.023438 0.839844 0.023438 0.843750 0.027344 0.851562 0.027344 0.855469 0.027344 0.855469 0.031250 0.871094 0.046875 0.875000 0.046875 0.875000 0.050781 0.878906 0.054688 0.882812 0.054688 0.890625 0.062500 0.894531 0.062500 0.894531 0.070312 0.898438 0.074219 0.894531 0.078125 0.894531 0.082031 0.890625 0.085938 0.890625 0.089844 0.878906 0.101562 0.875000 0.105469 0.871094 0.105469 0.859375 0.117188 0.855469 0.121094 0.851562 0.121094 0.851562 0.117188 0.847656 0.113281 0.832031 0.113281 0.828125 0.113281 0.828125 0.097656 0.824219 0.093750 0.796875 0.093750 0.792969 0.093750 0.792969 0.085938 0.796875 0.082031 0.796875 0.070312 0.796875 0.066406 0.792969 0.062500 0.792969 0.050781 0.792969 0.046875 0.796875 0.042969 0.796875 0.039062 0.800781 0.035156 0.804688 0.031250 0.808594 0.031250 0.812500 0.027344 0.812500 0.023438
0 0.539062 0.093750 0.542969 0.097656 0.558594 0.097656 0.562500 0.101562 0.562500 0.105469 0.566406 0.109375 0.566406 0.113281 0.570312 0.117188 0.574219 0.117188 0.574219 0.121094 0.570312 0.125000 0.570312 0.128906 0.566406 0.132812 0.527344 0.132812 0.523438 0.132812 0.523438 0.128906 0.519531 0.125000 0.519531 0.113281 0.519531 0.109375 0.523438 0.105469 0.527344 0.105469 0.531250 0.101562 0.531250 0.097656 0.535156 0.097656 0.539062 0.093750
0 0.238281 0.105469 0.250000 0.105469 0.253906 0.105469 0.257812 0.109375 0.261719 0.109375 0.265625 0.109375 0.265625 0.121094 0.265625 0.125000 0.269531 0.128906 0.269531 0.132812 0.273438 0.136719 0.269531 0.140625 0.269531 0.144531 0.265625 0.148438 0.265625 0.152344 0.261719 0.156250 0.261719 0.160156 0.257812 0.164062 0.253906 0.164062 0.234375 0.183594 0.230469 0.183594 0.226562 0.187500 0.226562 0.191406 0.218750 0.199219 0.214844 0.203125 0.210938 0.203125 0.207031 0.207031 0.203125 0.207031 0.199219 0.210938 0.179688 0.210938 0.175781 0.210938 0.171875 0.207031 0.167969 0.207031 0.164062 0.203125 0.164062 0.199219 0.160156 0.195312 0.160156 0.191406 0.156250 0.187500 0.152344 0.183594 0.152344 0.175781 0.148438 0.171875 0.148438 0.156250 0.148438 0.152344 0.152344 0.152344 0.156250 0.148438 0.156250 0.144531 0.160156 0.140625 0.160156 0.136719 0.160156 0.132812 0.164062 0.128906 0.164062 0.125000 0.167969 0.125000 0.171875 0.121094 0.171875 0.117188 0.175781 0.117188 0.179688 0.113281 0.183594 0.109375 0.230469 0.109375 0.234375 0.109375 0.238281 0.105469
0 0.964844 0.125000 0.968750 0.125000 0.972656 0.125000 0.976562 0.128906 0.980469 0.128906 0.980469 0.132812 0.984375 0.136719 0.988281 0.136719 0.992188 0.140625 0.992188 0.144531 0.992188 0.148438 0.996094 0.152344 1.000000 0.156250 1.000000 0.156250 1.000000 0.203125 1.000000 0.203125 0.996094 0.203125 0.992188 0.207031 0.980469 0.207031 0.976562 0.207031 0.972656 0.203125 0.968750 0.203125 0.964844 0.203125 0.960938 0.199219 0.957031 0.195312 0.957031 0.179688 0.957031 0.175781 0.953125 0.171875 0.953125 0.164062 0.953125 0.160156 0.957031 0.156250 0.960938 0.152344 0.960938 0.140625 0.960938 0.136719 0.964844 0.132812 0.964844 0.125000
0 0.574219 0.175781 0.578125 0.175781 0.582031 0.175781 0.585938 0.179688 0.593750 0.179688 0.597656 0.183594 0.593750 0.187500 0.593750 0.207031 0.593750 0.210938 0.589844 0.214844 0.585938 0.218750 0.582031 0.218750 0.578125 0.222656 0.574219 0.222656 0.570312 0.218750 0.570312 0.214844 0.566406 0.210938 0.562500 0.210938 0.558594 0.210938 0.558594 0.191406 0.558594 0.187500 0.562500 0.183594 0.562500 0.179688 0.566406 0.179688 0.570312 0.179688 0.574219 0.175781
0 0.250000 0.214844 0.261719 0.214844 0.265625 0.214844 0.265625 0.218750 0.269531 0.222656 0.277344 0.222656 0.281250 0.222656 0.285156 0.226562 0.289062 0.226562 0.292969 0.230469 0.296875 0.230469 0.300781 0.234375 0.308594 0.234375 0.312500 0.234375 0.316406 0.238281 0.320312 0.238281 0.320312 0.246094 0.320312 0.250000 0.312500 0.257812 0.308594 0.261719 0.304688 0.261719 0.300781 0.265625 0.296875 0.265625 0.292969 0.269531 0.292969 0.273438 0.289062 0.277344 0.285156 0.277344 0.281250 0.281250 0.277344 0.285156 0.273438 0.285156 0.269531 0.289062 0.265625 0.289062 0.261719 0.289062 0.257812 0.285156 0.253906 0.285156 0.250000 0.285156 0.246094 0.281250 0.246094 0.273438 0.246094 0.269531 0.242188 0.265625 0.242188 0.261719 0.242188 0.257812 0.238281 0.253906 0.222656 0.253906 0.218750 0.253906 0.218750 0.246094 0.214844 0.242188 0.234375 0.222656 0.238281 0.218750 0.242188 0.218750 0.246094 0.218750 0.250000 0.214844
0 0.714844 0.246094 0.718750 0.250000 0.722656 0.250000 0.726562 0.253906 0.730469 0.257812 0.730469 0.269531 0.734375 0.273438 0.730469 0.277344 0.730469 0.285156 0.730469 0.289062 0.718750 0.300781 0.714844 0.304688 0.710938 0.304688 0.699219 0.316406 0.695312 0.316406 0.695312 0.312500 0.691406 0.308594 0.695312 0.304688 0.695312 0.296875 0.695312 0.292969 0.691406 0.289062 0.687500 0.289062 0.687500 0.269531 0.687500 0.265625 0.691406 0.261719 0.691406 0.257812 0.695312 0.253906 0.699219 0.253906 0.703125 0.253906 0.707031 0.250000 0.710938 0.250000 0.714844 0.246094
0 0.777344 0.265625 0.800781 0.265625 0.804688 0.265625 0.808594 0.269531 0.812500 0.269531 0.816406 0.269531 0.816406 0.273438 0.820312 0.277344 0.816406 0.281250 0.816406 0.285156 0.812500 0.289062 0.812500 0.292969 0.808594 0.296875 0.804688 0.296875 0.800781 0.300781 0.796875 0.300781 0.792969 0.304688 0.789062 0.304688 0.785156 0.304688 0.777344 0.312500 0.773438 0.312500 0.773438 0.308594 0.773438 0.304688 0.765625 0.296875 0.761719 0.296875 0.761719 0.281250 0.761719 0.277344 0.765625 0.273438 0.769531 0.273438 0.777344 0.265625
0 0.878906 0.277344 0.886719 0.277344 0.890625 0.277344 0.890625 0.281250 0.894531 0.285156 0.894531 0.292969 0.894531 0.296875 0.890625 0.300781 0.890625 0.304688 0.886719 0.308594 0.882812 0.308594 0.878906 0.308594 0.871094 0.300781 0.867188 0.300781 0.867188 0.292969 0.867188 0.289062 0.871094 0.289062 0.875000 0.285156 0.878906 0.281250 0.878906 0.277344
0 0.179688 0.390625 0.183594 0.390625 0.187500 0.390625 0.191406 0.394531 0.195312 0.398438 0.203125 0.398438 0.207031 0.398438 0.207031 0.410156 0.210938 0.414062 0.207031 0.417969 0.207031 0.421875 0.203125 0.425781 0.199219 0.425781 0.195312 0.429688 0.191406 0.429688 0.187500 0.429688 0.183594 0.433594 0.179688 0.433594 0.175781 0.437500 0.171875 0.437500 0.160156 0.449219 0.156250 0.449219 0.156250 0.445312 0.152344 0.441406 0.152344 0.429688 0.152344 0.425781 0.156250 0.421875 0.156250 0.417969 0.156250 0.414062 0.160156 0.414062 0.164062 0.410156 0.164062 0.406250 0.167969 0.402344 0.171875 0.398438 0.175781 0.398438 0.179688 0.394531 0.179688 0.390625
0 0.000000 0.574219 0.000000 0.574219 0.000000 0.582031 0.003906 0.585938 0.019531 0.585938 0.023438 0.582031 0.027344 0.585938 0.031250 0.585938 0.035156 0.585938 0.035156 0.593750 0.039062 0.597656 0.039062 0.617188 0.039062 0.621094 0.035156 0.625000 0.035156 0.628906 0.031250 0.632812 0.027344 0.632812 0.023438 0.632812 0.023438 0.628906 0.019531 0.625000 0.011719 0.625000 0.007812 0.625000 0.003906 0.628906 0.003906 0.636719 0.003906 0.640625 0.007812 0.644531 0.019531 0.644531 0.023438 0.644531 0.023438 0.648438 0.031250 0.656250 0.035156 0.660156 0.039062 0.660156 0.042969 0.660156 0.042969 0.667969 0.042969 0.671875 0.046875 0.675781 0.046875 0.679688 0.046875 0.683594 0.050781 0.687500 0.050781 0.691406 0.046875 0.695312 0.046875 0.699219 0.042969 0.703125 0.039062 0.707031 0.035156 0.707031 0.031250 0.710938 0.027344 0.710938 0.023438 0.714844 0.007812 0.714844 0.003906 0.714844 0.000000 0.718750 0.000000 0.718750
0 0.203125 0.593750 0.207031 0.593750 0.210938 0.593750 0.210938 0.609375 0.214844 0.613281 0.210938 0.617188 0.207031 0.621094 0.203125 0.621094 0.203125 0.617188 0.199219 0.613281 0.199219 0.601562 0.199219 0.597656 0.203125 0.593750
0 0.949219 0.687500 0.953125 0.691406 0.960938 0.691406 0.964844 0.691406 0.964844 0.695312 0.968750 0.699219 0.972656 0.699219 0.976562 0.703125 0.976562 0.707031 0.972656 0.710938 0.968750 0.710938 0.964844 0.714844 0.964844 0.718750 0.960938 0.722656 0.957031 0.722656 0.957031 0.718750 0.949219 0.710938 0.945312 0.710938 0.945312 0.707031 0.941406 0.703125 0.941406 0.699219 0.941406 0.695312 0.949219 0.687500
0 1.000000 0.863281 1.000000 0.863281 1.000000 0.867188 0.992188 0.875000 0.988281 0.875000 0.984375 0.871094 0.984375 0.867188 0.980469 0.863281 0.980469 0.859375 0.976562 0.855469 0.980469 0.851562 0.984375 0.847656 0.988281 0.847656 0.992188 0.843750 1.000000 0.843750
0 0.347656 0.828125 0.367188 0.828125 0.371094 0.828125 0.375000 0.832031 0.375000 0.839844 0.375000 0.843750 0.382812 0.851562 0.386719 0.855469 0.386719 0.859375 0.390625 0.863281 0.394531 0.863281 0.394531 0.871094 0.398438 0.875000 0.394531 0.878906 0.394531 0.882812 0.394531 0.886719 0.390625 0.890625 0.386719 0.894531 0.386719 0.898438 0.386719 0.902344 0.382812 0.906250 0.382812 0.910156 0.378906 0.914062 0.371094 0.914062 0.367188 0.914062 0.363281 0.917969 0.359375 0.917969 0.355469 0.917969 0.355469 0.914062 0.351562 0.910156 0.351562 0.886719 0.351562 0.882812 0.343750 0.875000 0.339844 0.875000 0.339844 0.871094 0.335938 0.867188 0.335938 0.863281 0.332031 0.859375 0.335938 0.855469 0.335938 0.851562 0.335938 0.847656 0.339844 0.843750 0.339844 0.839844 0.339844 0.835938 0.347656 0.828125
0 0.683594 0.886719 0.687500 0.886719 0.691406 0.886719 0.691406 0.890625 0.691406 0.894531 0.695312 0.898438 0.699219 0.902344 0.703125 0.902344 0.710938 0.910156 0.714844 0.910156 0.714844 0.914062 0.718750 0.917969 0.718750 0.921875 0.714844 0.925781 0.714844 0.929688 0.710938 0.933594 0.707031 0.933594 0.703125 0.937500 0.679688 0.937500 0.675781 0.937500 0.671875 0.941406 0.667969 0.941406 0.667969 0.937500 0.667969 0.933594 0.664062 0.929688 0.660156 0.929688 0.660156 0.917969 0.660156 0.914062 0.664062 0.910156 0.664062 0.906250 0.667969 0.902344 0.667969 0.898438 0.671875 0.894531 0.675781 0.890625 0.679688 0.890625 0.683594 0.886719
0 0.652344 0.031250 0.667969 0.031250 0.671875 0.031250 0.683594 0.042969 0.687500 0.046875 0.683594 0.066406 0.683594 0.070312 0.675781 0.078125 0.671875 0.082031 0.652344 0.085938 0.648438 0.089844 0.632812 0.082031 0.628906 0.078125 0.628906 0.058594 0.628906 0.054688 0.652344 0.031250
0 0.683594 0.078125 0.703125 0.078125 0.707031 0.078125 0.718750 0.093750 0.722656 0.097656 0.722656 0.117188 0.722656 0.121094 0.710938 0.140625 0.710938 0.144531 0.703125 0.148438 0.699219 0.152344 0.652344 0.148438 0.648438 0.148438 0.644531 0.132812 0.640625 0.128906 0.648438 0.105469 0.648438 0.101562 0.652344 0.093750 0.656250 0.089844 0.683594 0.078125
0 0.390625 0.160156 0.429688 0.164062 0.433594 0.164062 0.449219 0.195312 0.449219 0.199219 0.472656 0.230469 0.472656 0.234375 0.507812 0.261719 0.511719 0.265625 0.515625 0.281250 0.519531 0.285156 0.519531 0.308594 0.519531 0.312500 0.515625 0.328125 0.515625 0.332031 0.480469 0.394531 0.480469 0.398438 0.453125 0.417969 0.449219 0.421875 0.421875 0.425781 0.417969 0.425781 0.406250 0.433594 0.402344 0.437500 0.398438 0.480469 0.398438 0.484375 0.417969 0.507812 0.421875 0.511719 0.433594 0.539062 0.433594 0.542969 0.406250 0.589844 0.406250 0.593750 0.390625 0.609375 0.386719 0.613281 0.355469 0.628906 0.351562 0.628906 0.343750 0.625000 0.339844 0.625000 0.296875 0.527344 0.296875 0.523438 0.265625 0.492188 0.261719 0.488281 0.230469 0.394531 0.226562 0.390625 0.226562 0.367188 0.226562 0.363281 0.246094 0.328125 0.250000 0.324219 0.253906 0.324219 0.257812 0.324219 0.277344 0.351562 0.281250 0.355469 0.312500 0.312500 0.312500 0.308594 0.339844 0.289062 0.343750 0.285156 0.355469 0.261719 0.355469 0.257812 0.371094 0.246094 0.375000 0.242188 0.375000 0.226562 0.375000 0.222656 0.363281 0.207031 0.359375 0.203125 0.355469 0.187500 0.355469 0.183594 0.363281 0.171875 0.367188 0.167969 0.390625 0.160156
0 0.410156 0.156250 0.429688 0.164062 0.433594 0.164062 0.460938 0.214844 0.460938 0.218750 0.476562 0.238281 0.480469 0.242188 0.503906 0.257812 0.507812 0.261719 0.511719 0.273438 0.515625 0.277344 0.511719 0.332031 0.511719 0.335938 0.484375 0.390625 0.484375 0.394531 0.460938 0.414062 0.457031 0.417969 0.433594 0.425781 0.429688 0.429688 0.402344 0.425781 0.398438 0.425781 0.363281 0.343750 0.363281 0.339844 0.343750 0.308594 0.339844 0.304688 0.351562 0.269531 0.351562 0.265625 0.375000 0.246094 0.378906 0.242188 0.378906 0.230469 0.378906 0.226562 0.363281 0.207031 0.359375 0.203125 0.355469 0.183594 0.355469 0.179688 0.367188 0.167969 0.371094 0.164062 0.410156 0.156250
0 0.320312 0.308594 0.328125 0.339844 0.328125 0.343750 0.332031 0.347656 0.335938 0.351562 0.351562 0.351562 0.355469 0.355469 0.382812 0.402344 0.386719 0.406250 0.394531 0.433594 0.398438 0.437500 0.398438 0.480469 0.398438 0.484375 0.429688 0.527344 0.433594 0.531250 0.429688 0.550781 0.429688 0.554688 0.410156 0.585938 0.410156 0.589844 0.390625 0.609375 0.386719 0.613281 0.363281 0.625000 0.359375 0.628906 0.339844 0.625000 0.335938 0.621094 0.300781 0.535156 0.300781 0.531250 0.265625 0.496094 0.261719 0.492188 0.230469 0.394531 0.226562 0.390625 0.226562 0.363281 0.226562 0.359375 0.242188 0.328125 0.246094 0.324219 0.253906 0.324219 0.257812 0.324219 0.277344 0.347656 0.281250 0.351562 0.300781 0.335938 0.304688 0.332031 0.312500 0.316406 0.312500 0.312500 0.320312 0.308594
0 0.250000 0.718750 0.269531 0.722656 0.273438 0.726562 0.285156 0.757812 0.289062 0.761719 0.277344 0.800781 0.273438 0.804688 0.273438 0.828125 0.273438 0.832031 0.261719 0.843750 0.257812 0.847656 0.226562 0.847656 0.222656 0.847656 0.199219 0.820312 0.195312 0.816406 0.128906 0.816406 0.125000 0.812500 0.125000 0.804688 0.128906 0.800781 0.156250 0.792969 0.160156 0.792969 0.191406 0.765625 0.195312 0.765625 0.230469 0.726562 0.234375 0.722656 0.250000 0.718750
0 0.894531 0.964844 0.906250 0.964844 0.910156 0.968750 0.910156 1.000000 0.828125 1.000000 0.828125 1.000000 0.863281 0.976562 0.867188 0.972656 0.894531 0.964844
0 0.078125 0.808594 0.105469 0.812500 0.109375 0.812500 0.121094 0.824219 0.125000 0.828125 0.121094 0.859375 0.117188 0.863281 0.121094 0.882812 0.121094 0.886719 0.132812 0.902344 0.132812 0.906250 0.152344 0.921875 0.156250 0.925781 0.148438 0.941406 0.148438 0.945312 0.125000 0.972656 0.121094 0.976562 0.101562 0.976562 0.097656 0.976562 0.089844 0.968750 0.085938 0.964844 0.082031 0.949219 0.078125 0.945312 0.078125 0.921875 0.078125 0.917969 0.070312 0.906250 0.066406 0.902344 0.066406 0.824219 0.066406 0.820312 0.078125 0.808594
0 0.235596 1.000000 0.241291 0.996375 0.251177 0.973011 0.251177 0.966720 0.244886 0.960430 0.227812 0.950545 0.226913 0.947849 0.241291 0.937065 0.243988 0.923586 0.243089 0.893032 0.239494 0.885843 0.231407 0.879552 0.221521 0.880451 0.204447 0.889437 0.157718 0.925383 0.133455 0.953241 0.123570 0.973909 0.104698 0.991882 0.104698 0.994578 0.126989 1.000000
0 0.531250 0.281250 0.554688 0.281250 0.558594 0.281250 0.566406 0.296875 0.570312 0.300781 0.570312 0.316406 0.570312 0.320312 0.550781 0.332031 0.546875 0.335938 0.531250 0.335938 0.527344 0.335938 0.519531 0.328125 0.515625 0.324219 0.515625 0.304688 0.515625 0.300781 0.531250 0.281250
0 0.296875 0.132812 0.308594 0.132812 0.312500 0.132812 0.332031 0.148438 0.335938 0.152344 0.339844 0.164062 0.339844 0.167969 0.332031 0.179688 0.328125 0.183594 0.300781 0.187500 0.296875 0.187500 0.289062 0.179688 0.285156 0.175781 0.285156 0.152344 0.285156 0.148438 0.296875 0.132812
