0 0.796875 0.015625 0.808594 0.015625 0.812500 0.015625 0.816406 0.019531 0.820312 0.019531 0.820312 0.023438 0.816406 0.027344 0.804688 0.027344 0.800781 0.027344 0.800781 0.023438 0.800781 0.019531 0.796875 0.015625
0 0.988281 0.070312 0.996094 0.070312 1.000000 0.070312 1.000000 0.082031 0.996094 0.085938 0.992188 0.085938 0.988281 0.085938 0.988281 0.070312
0 0.214844 0.082031 0.238281 0.082031 0.242188 0.085938 0.238281 0.089844 0.238281 0.093750 0.234375 0.097656 0.230469 0.097656 0.226562 0.097656 0.222656 0.101562 0.218750 0.101562 0.214844 0.101562 0.214844 0.082031
0 0.640625 0.097656 0.664062 0.097656 0.667969 0.101562 0.660156 0.109375 0.660156 0.113281 0.656250 0.109375 0.652344 0.109375 0.652344 0.101562 0.648438 0.097656 0.640625 0.097656
0 0.500000 0.132812 0.507812 0.140625 0.511719 0.140625 0.507812 0.140625 0.503906 0.144531 0.503906 0.148438 0.503906 0.152344 0.500000 0.156250 0.496094 0.156250 0.496094 0.140625 0.496094 0.136719 0.500000 0.132812
0 0.878906 0.167969 0.890625 0.167969 0.894531 0.167969 0.898438 0.171875 0.902344 0.175781 0.902344 0.183594 0.902344 0.187500 0.898438 0.191406 0.886719 0.191406 0.882812 0.191406 0.878906 0.187500 0.875000 0.183594 0.875000 0.179688 0.871094 0.175781 0.878906 0.167969
0 0.519531 0.171875 0.527344 0.171875 0.531250 0.175781 0.531250 0.179688 0.531250 0.183594 0.527344 0.187500 0.523438 0.191406 0.519531 0.191406 0.519531 0.183594 0.515625 0.179688 0.519531 0.175781 0.519531 0.171875
0 0.179688 0.250000 0.191406 0.250000 0.195312 0.250000 0.199219 0.253906 0.203125 0.257812 0.203125 0.261719 0.203125 0.265625 0.199219 0.269531 0.195312 0.269531 0.191406 0.273438 0.191406 0.277344 0.187500 0.281250 0.183594 0.285156 0.175781 0.285156 0.171875 0.281250 0.175781 0.277344 0.175781 0.273438 0.179688 0.269531 0.179688 0.250000
0 0.804688 0.308594 0.816406 0.308594 0.820312 0.308594 0.820312 0.312500 0.816406 0.316406 0.812500 0.320312 0.812500 0.324219 0.808594 0.328125 0.808594 0.332031 0.800781 0.324219 0.796875 0.320312 0.800781 0.316406 0.800781 0.312500 0.804688 0.308594
0 0.503906 0.398438 0.511719 0.398438 0.515625 0.402344 0.515625 0.406250 0.511719 0.410156 0.507812 0.414062 0.503906 0.414062 0.500000 0.414062 0.496094 0.410156 0.496094 0.406250 0.496094 0.402344 0.500000 0.402344 0.503906 0.398438
0 0.269531 0.421875 0.277344 0.421875 0.281250 0.425781 0.281250 0.429688 0.281250 0.433594 0.277344 0.437500 0.277344 0.441406 0.273438 0.437500 0.269531 0.433594 0.269531 0.421875
0 0.335938 0.457031 0.343750 0.457031 0.347656 0.457031 0.347656 0.464844 0.343750 0.468750 0.339844 0.468750 0.335938 0.468750 0.335938 0.464844 0.332031 0.460938 0.335938 0.457031
0 0.093750 0.492188 0.101562 0.492188 0.105469 0.492188 0.109375 0.496094 0.109375 0.500000 0.109375 0.503906 0.105469 0.507812 0.101562 0.507812 0.097656 0.503906 0.093750 0.503906 0.093750 0.492188
0 0.320312 0.500000 0.324219 0.500000 0.328125 0.500000 0.332031 0.503906 0.335938 0.503906 0.335938 0.511719 0.335938 0.515625 0.332031 0.519531 0.332031 0.523438 0.328125 0.527344 0.324219 0.531250 0.324219 0.535156 0.320312 0.539062 0.320312 0.542969 0.308594 0.531250 0.304688 0.531250 0.304688 0.527344 0.300781 0.523438 0.304688 0.519531 0.308594 0.515625 0.312500 0.515625 0.316406 0.511719 0.316406 0.507812 0.316406 0.503906 0.320312 0.500000
0 0.824219 0.574219 0.828125 0.574219 0.832031 0.574219 0.832031 0.578125 0.835938 0.582031 0.835938 0.585938 0.832031 0.589844 0.828125 0.589844 0.824219 0.589844 0.824219 0.574219
0 0.085938 0.589844 0.089844 0.589844 0.093750 0.589844 0.097656 0.593750 0.101562 0.593750 0.105469 0.597656 0.113281 0.597656 0.117188 0.597656 0.105469 0.597656 0.101562 0.597656 0.093750 0.605469 0.089844 0.605469 0.089844 0.601562 0.085938 0.597656 0.085938 0.589844
0 0.273438 0.636719 0.289062 0.636719 0.292969 0.636719 0.292969 0.648438 0.292969 0.652344 0.289062 0.656250 0.285156 0.660156 0.277344 0.660156 0.273438 0.660156 0.269531 0.656250 0.265625 0.652344 0.269531 0.648438 0.273438 0.644531 0.273438 0.636719
0 0.425781 0.644531 0.433594 0.644531 0.437500 0.644531 0.437500 0.660156 0.437500 0.664062 0.433594 0.667969 0.429688 0.671875 0.421875 0.671875 0.417969 0.671875 0.414062 0.667969 0.410156 0.664062 0.410156 0.660156 0.410156 0.656250 0.414062 0.652344 0.417969 0.648438 0.421875 0.648438 0.425781 0.644531
0 0.847656 0.644531 0.855469 0.644531 0.859375 0.644531 0.859375 0.652344 0.859375 0.656250 0.855469 0.660156 0.851562 0.664062 0.847656 0.660156 0.843750 0.656250 0.843750 0.652344 0.843750 0.648438 0.847656 0.644531
0 0.093750 0.648438 0.097656 0.648438 0.101562 0.648438 0.105469 0.652344 0.113281 0.652344 0.117188 0.656250 0.117188 0.664062 0.113281 0.667969 0.113281 0.679688 0.113281 0.683594 0.109375 0.687500 0.105469 0.687500 0.101562 0.691406 0.097656 0.687500 0.097656 0.656250 0.097656 0.652344 0.093750 0.648438
0 0.660156 0.660156 0.671875 0.660156 0.675781 0.660156 0.679688 0.664062 0.679688 0.667969 0.683594 0.671875 0.683594 0.683594 0.683594 0.687500 0.679688 0.691406 0.675781 0.691406 0.671875 0.695312 0.667969 0.699219 0.660156 0.699219 0.656250 0.699219 0.656250 0.667969 0.652344 0.664062 0.656250 0.664062 0.660156 0.660156
0 0.339844 0.734375 0.347656 0.734375 0.351562 0.734375 0.351562 0.738281 0.351562 0.742188 0.347656 0.746094 0.343750 0.750000 0.339844 0.750000 0.335938 0.746094 0.335938 0.742188 0.332031 0.738281 0.335938 0.738281 0.339844 0.734375
0 0.960938 0.773438 0.980469 0.773438 0.984375 0.773438 0.984375 0.785156 0.988281 0.789062 0.984375 0.792969 0.980469 0.796875 0.976562 0.796875 0.972656 0.800781 0.968750 0.804688 0.964844 0.804688 0.960938 0.804688 0.960938 0.773438
0 0.566406 0.792969 0.570312 0.792969 0.574219 0.792969 0.578125 0.796875 0.582031 0.796875 0.585938 0.796875 0.582031 0.796875 0.578125 0.800781 0.578125 0.828125 0.578125 0.832031 0.585938 0.839844 0.589844 0.839844 0.589844 0.855469 0.585938 0.859375 0.574219 0.859375 0.570312 0.859375 0.566406 0.855469 0.562500 0.855469 0.558594 0.851562 0.558594 0.839844 0.554688 0.835938 0.558594 0.832031 0.562500 0.828125 0.562500 0.820312 0.566406 0.816406 0.566406 0.800781 0.562500 0.796875 0.566406 0.792969
0 0.496094 0.800781 0.500000 0.800781 0.503906 0.800781 0.503906 0.808594 0.503906 0.812500 0.500000 0.816406 0.496094 0.820312 0.492188 0.820312 0.488281 0.820312 0.488281 0.812500 0.488281 0.808594 0.492188 0.808594 0.496094 0.804688 0.496094 0.800781
0 0.800781 0.867188 0.796752 0.863158 0.777344 0.863281 0.781250 0.867188 0.781250 0.871094 0.785156 0.871094 0.789062 0.875000 0.789062 0.876318 0.791651 0.876318
0 0.445312 0.902344 0.453125 0.902344 0.457031 0.906250 0.457031 0.910156 0.453125 0.914062 0.449219 0.914062 0.445312 0.917969 0.445312 0.914062 0.441406 0.910156 0.445312 0.906250 0.445312 0.902344
0 0.050764 0.949394 0.047834 0.944316 0.042902 0.943430 0.038730 0.936224 0.030743 0.935443 0.025665 0.938372 0.025665 0.945243 0.030177 0.948021 0.027918 0.953440 0.030848 0.958518 0.036707 0.958518 0.049982 0.952323
0 0.058074 0.334304 0.052996 0.332596 0.032871 0.333418 0.029941 0.328340 0.030723 0.318330 0.037929 0.314159 0.043788 0.314159 0.058074 0.326422 0.058855 0.331375
0 0.245981 0.028940 0.245200 0.026010 0.239649 0.022482 0.227879 0.009701 0.219635 0.007096 0.214759 0.000000 0.192111 0.000000 0.184615 0.006173 0.184510 0.011639 0.179432 0.014569 0.176482 0.013767 0.173343 0.019941 0.171550 0.035009 0.172331 0.037938 0.177409 0.040868 0.182487 0.037938 0.183269 0.032692 0.198281 0.037758 0.205856 0.032776 0.240121 0.034799 0.245200 0.031870
0 0.316120 0.126076 0.308653 0.122146 0.307867 0.114285 0.311404 0.110748 0.312583 0.105246 0.316513 0.101709 0.318871 0.095814 0.323587 0.090704 0.326732 0.090311 0.333413 0.092277 0.336164 0.097779 0.342452 0.102495 0.345596 0.107604 0.341666 0.116250 0.339701 0.124504 0.329876 0.125683
0 0.363282 0.137473 0.348741 0.135901 0.346775 0.139831 0.347168 0.151622 0.346382 0.156338 0.343631 0.155945 0.343238 0.159089 0.352278 0.164984 0.357387 0.161840 0.366426 0.159875 0.368784 0.146120
0 0.333413 0.149264 0.325159 0.147691 0.323980 0.152408 0.326732 0.156338 0.331055 0.161447 0.336164 0.159089 0.336164 0.152801
