0 0.636719 0.000000 0.656250 0.000000 0.675009 0.002050 0.674545 0.008741 0.662941 0.014968 0.655593 0.022316 0.648438 0.023438 0.644531 0.023438 0.640625 0.019531 0.636719 0.015625 0.636719 0.000000
0 0.554688 0.097656 0.578125 0.097656 0.582031 0.097656 0.582031 0.109375 0.582031 0.113281 0.578125 0.117188 0.570312 0.117188 0.566406 0.117188 0.562500 0.113281 0.558594 0.113281 0.554688 0.109375 0.554688 0.105469 0.550781 0.101562 0.554688 0.097656
0 0.082031 0.101562 0.085938 0.105469 0.089844 0.109375 0.093750 0.109375 0.097656 0.113281 0.089844 0.121094 0.085938 0.125000 0.078125 0.125000 0.074219 0.125000 0.066406 0.117188 0.062500 0.113281 0.066406 0.109375 0.070312 0.109375 0.074219 0.109375 0.082031 0.101562
0 0.347656 0.105469 0.355469 0.105469 0.359375 0.105469 0.359375 0.109375 0.363281 0.113281 0.359375 0.113281 0.355469 0.117188 0.355469 0.121094 0.351562 0.125000 0.351562 0.132812 0.347656 0.136719 0.320312 0.136719 0.316406 0.136719 0.312500 0.132812 0.308594 0.132812 0.308594 0.121094 0.312500 0.117188 0.316406 0.117188 0.320312 0.113281 0.328125 0.113281 0.332031 0.113281 0.335938 0.109375 0.339844 0.109375 0.343750 0.109375 0.347656 0.105469
0 0.738281 0.132812 0.746094 0.132812 0.750000 0.132812 0.753906 0.136719 0.765625 0.136719 0.765625 0.140625 0.761719 0.144531 0.761719 0.148438 0.753906 0.156250 0.750000 0.156250 0.742188 0.148438 0.738281 0.144531 0.738281 0.132812
0 0.281250 0.152344 0.285156 0.156250 0.292969 0.156250 0.296875 0.156250 0.300781 0.160156 0.308594 0.160156 0.312500 0.160156 0.312500 0.164062 0.320312 0.171875 0.324219 0.175781 0.328125 0.175781 0.332031 0.175781 0.332031 0.179688 0.335938 0.183594 0.324219 0.195312 0.320312 0.199219 0.316406 0.199219 0.312500 0.203125 0.308594 0.203125 0.292969 0.218750 0.289062 0.222656 0.285156 0.222656 0.281250 0.226562 0.277344 0.222656 0.273438 0.218750 0.265625 0.218750 0.261719 0.218750 0.257812 0.214844 0.253906 0.210938 0.253906 0.183594 0.253906 0.179688 0.257812 0.175781 0.261719 0.171875 0.261719 0.164062 0.261719 0.160156 0.265625 0.160156 0.269531 0.156250 0.273438 0.156250 0.277344 0.156250 0.281250 0.152344
0 0.718750 0.171875 0.722656 0.175781 0.726562 0.175781 0.726562 0.179688 0.725141 0.189630 0.718750 0.191406 0.714844 0.187500 0.710938 0.187500 0.710938 0.179688 0.710938 0.175781 0.714844 0.175781 0.718750 0.171875
0 0.226562 0.218750 0.230469 0.218750 0.234375 0.218750 0.234375 0.242188 0.234375 0.246094 0.230469 0.250000 0.230469 0.253906 0.226562 0.257812 0.222656 0.261719 0.214844 0.261719 0.210938 0.261719 0.207031 0.257812 0.203125 0.253906 0.203125 0.246094 0.207031 0.242188 0.207031 0.226562 0.207031 0.222656 0.218750 0.222656 0.222656 0.222656 0.226562 0.218750
0 0.046875 0.242188 0.050781 0.242188 0.054688 0.242188 0.058594 0.246094 0.062500 0.246094 0.062500 0.261719 0.062500 0.265625 0.054688 0.273438 0.050781 0.277344 0.046875 0.273438 0.042969 0.273438 0.042969 0.269531 0.039062 0.265625 0.039062 0.257812 0.039062 0.253906 0.042969 0.250000 0.046875 0.246094 0.046875 0.242188
0 0.718750 0.265625 0.726562 0.265625 0.730469 0.269531 0.730469 0.281250 0.734375 0.285156 0.734375 0.289062 0.734375 0.292969 0.730469 0.296875 0.726562 0.300781 0.722656 0.296875 0.718750 0.292969 0.707031 0.292969 0.703125 0.292969 0.703125 0.285156 0.703125 0.281250 0.710938 0.273438 0.714844 0.273438 0.718750 0.269531 0.718750 0.265625
0 0.671875 0.281250 0.679688 0.281250 0.683594 0.281250 0.683594 0.289062 0.683594 0.292969 0.687500 0.296875 0.691406 0.296875 0.695312 0.296875 0.695312 0.300781 0.691406 0.304688 0.687500 0.304688 0.683594 0.308594 0.679688 0.308594 0.675781 0.312500 0.671875 0.312500 0.671875 0.304688 0.665848 0.299878 0.664945 0.288159 0.666751 0.284705 0.671875 0.281250
0 0.394531 0.320312 0.406250 0.320312 0.410156 0.320312 0.414062 0.324219 0.417969 0.324219 0.417969 0.328125 0.414062 0.332031 0.414062 0.339844 0.414062 0.343750 0.410156 0.347656 0.406250 0.347656 0.402344 0.351562 0.398438 0.347656 0.394531 0.343750 0.394531 0.339844 0.390625 0.335938 0.390625 0.328125 0.390625 0.324219 0.394531 0.320312
0 0.976562 0.343750 0.984375 0.343750 0.988281 0.343750 0.988281 0.347656 0.992188 0.351562 0.992188 0.355469 0.988281 0.359375 0.984375 0.359375 0.980469 0.359375 0.976562 0.355469 0.976562 0.343750
0 0.273438 0.351562 0.281250 0.351562 0.285156 0.351562 0.289062 0.355469 0.292969 0.355469 0.292969 0.363281 0.292969 0.367188 0.289062 0.371094 0.285156 0.371094 0.281250 0.375000 0.277344 0.371094 0.273438 0.367188 0.273438 0.359375 0.269531 0.355469 0.273438 0.351562
0 0.148438 0.441406 0.156250 0.449219 0.160156 0.449219 0.160156 0.453125 0.164062 0.457031 0.167969 0.457031 0.167969 0.460938 0.171875 0.464844 0.171875 0.476562 0.171875 0.480469 0.167969 0.484375 0.167969 0.488281 0.164062 0.492188 0.160156 0.492188 0.156250 0.496094 0.152344 0.492188 0.152344 0.488281 0.148438 0.484375 0.144531 0.484375 0.140625 0.480469 0.140625 0.472656 0.144531 0.468750 0.144531 0.449219 0.144531 0.445312 0.148438 0.441406
0 0.324219 0.519531 0.332031 0.527344 0.335938 0.527344 0.335938 0.531250 0.332031 0.535156 0.320312 0.535156 0.316406 0.531250 0.316406 0.527344 0.316406 0.523438 0.320312 0.523438 0.324219 0.519531
0 0.071197 0.907978 0.070494 0.903148 0.064419 0.897073 0.059830 0.895610 0.057928 0.893637 0.055389 0.892934 0.052850 0.893637 0.050975 0.895512 0.050271 0.898814 0.051738 0.902499 0.053613 0.904374 0.058894 0.905837 0.060712 0.907272 0.058993 0.910021 0.053613 0.914255 0.050593 0.917657 0.049890 0.922105 0.050593 0.924645 0.052468 0.926520 0.055007 0.927223 0.059455 0.926137 0.061330 0.924262 0.061800 0.920883 0.067439 0.915863 0.070494 0.910517
0 0.636719 0.546875 0.644531 0.546875 0.648438 0.546875 0.648438 0.554688 0.652344 0.558594 0.660156 0.558594 0.664062 0.558594 0.667969 0.554688 0.675781 0.554688 0.679688 0.554688 0.683594 0.558594 0.687500 0.558594 0.695312 0.566406 0.699219 0.570312 0.699219 0.574219 0.695312 0.578125 0.691406 0.578125 0.687500 0.582031 0.687500 0.605469 0.687500 0.609375 0.683594 0.613281 0.683594 0.617188 0.679688 0.621094 0.675781 0.621094 0.671875 0.625000 0.667969 0.628906 0.664062 0.625000 0.660156 0.625000 0.652344 0.617188 0.648438 0.613281 0.648438 0.597656 0.648438 0.593750 0.644531 0.589844 0.636719 0.589844 0.632812 0.589844 0.628906 0.585938 0.625000 0.585938 0.625000 0.570312 0.625000 0.566406 0.628906 0.562500 0.628906 0.558594 0.632812 0.554688 0.636719 0.550781 0.636719 0.546875
0 0.890625 0.546875 0.906250 0.546875 0.910156 0.550781 0.906250 0.554688 0.906250 0.558594 0.902344 0.562500 0.898438 0.566406 0.898438 0.566406 0.894531 0.562500 0.890625 0.558594 0.890625 0.546875
0 0.402344 0.554688 0.410156 0.554688 0.410156 0.558594 0.406250 0.562500 0.406250 0.566406 0.398438 0.574219 0.394531 0.574219 0.394531 0.566406 0.390625 0.562500 0.394531 0.562500 0.402344 0.554688
0 0.753906 0.562500 0.773438 0.562500 0.777344 0.562500 0.777344 0.582031 0.777344 0.585938 0.781250 0.589844 0.785156 0.589844 0.789062 0.589844 0.789062 0.597656 0.789062 0.601562 0.785156 0.605469 0.781250 0.605469 0.777344 0.601562 0.769531 0.601562 0.765625 0.601562 0.761719 0.605469 0.761719 0.609375 0.757812 0.613281 0.753906 0.617188 0.746094 0.617188 0.742188 0.617188 0.738281 0.613281 0.730469 0.613281 0.726562 0.609375 0.714844 0.609375 0.710938 0.609375 0.710938 0.605469 0.707031 0.601562 0.707031 0.585938 0.707031 0.582031 0.710938 0.582031 0.714844 0.582031 0.722656 0.574219 0.722656 0.570312 0.746094 0.570312 0.750000 0.570312 0.753906 0.566406 0.753906 0.562500
0 0.433594 0.578125 0.437500 0.578125 0.441406 0.578125 0.445312 0.582031 0.445312 0.585938 0.449219 0.589844 0.453125 0.589844 0.457031 0.593750 0.460938 0.597656 0.457031 0.597656 0.453125 0.601562 0.441406 0.601562 0.437500 0.597656 0.421875 0.597656 0.417969 0.597656 0.417969 0.593750 0.417969 0.589844 0.421875 0.589844 0.425781 0.585938 0.425781 0.582031 0.429688 0.582031 0.433594 0.578125
0 0.605469 0.613281 0.617188 0.613281 0.621094 0.617188 0.617188 0.621094 0.613281 0.625000 0.609375 0.625000 0.605469 0.625000 0.605469 0.621094 0.601562 0.617188 0.605469 0.613281
0 0.863281 0.625000 0.875000 0.625000 0.878906 0.625000 0.878906 0.632812 0.878906 0.636719 0.875000 0.640625 0.871094 0.640625 0.867188 0.640625 0.859375 0.648438 0.855469 0.648438 0.851562 0.652344 0.851562 0.656250 0.847656 0.660156 0.843750 0.660156 0.839844 0.660156 0.835938 0.656250 0.835938 0.644531 0.835938 0.640625 0.839844 0.636719 0.855469 0.636719 0.859375 0.636719 0.863281 0.632812 0.863281 0.625000
0 0.000000 0.628906 0.011719 0.628906 0.015625 0.628906 0.019531 0.632812 0.019531 0.636719 0.019531 0.640625 0.015625 0.644531 0.011719 0.648438 0.003906 0.648438 0.000000 0.644531 0.000000 0.628906
0 0.136719 0.644531 0.140625 0.644531 0.144531 0.644531 0.144531 0.656250 0.144531 0.660156 0.148438 0.664062 0.148438 0.671875 0.152344 0.675781 0.144531 0.683594 0.140625 0.683594 0.136719 0.687500 0.132812 0.691406 0.132812 0.695312 0.128906 0.699219 0.121094 0.699219 0.117188 0.699219 0.113281 0.703125 0.109375 0.707031 0.109375 0.703125 0.105469 0.699219 0.105469 0.695312 0.101562 0.691406 0.101562 0.687500 0.101562 0.683594 0.109375 0.675781 0.113281 0.671875 0.117188 0.671875 0.121094 0.667969 0.128906 0.667969 0.132812 0.664062 0.132812 0.652344 0.132812 0.648438 0.136719 0.644531
0 0.496094 0.648438 0.503906 0.648438 0.507812 0.652344 0.507812 0.667969 0.507812 0.671875 0.500000 0.679688 0.496094 0.683594 0.492188 0.683594 0.488281 0.687500 0.488281 0.691406 0.488281 0.687500 0.488281 0.683594 0.484375 0.679688 0.480469 0.675781 0.480469 0.660156 0.480469 0.656250 0.488281 0.656250 0.492188 0.656250 0.496094 0.652344 0.496094 0.648438
0 0.257812 0.703125 0.269531 0.703125 0.273438 0.703125 0.277344 0.707031 0.277344 0.710938 0.281250 0.714844 0.277344 0.718750 0.273438 0.722656 0.269531 0.722656 0.265625 0.726562 0.257812 0.718750 0.253906 0.718750 0.253906 0.710938 0.253906 0.707031 0.257812 0.703125
0 0.585938 0.710938 0.589844 0.714844 0.593750 0.714844 0.597656 0.714844 0.597656 0.718750 0.597656 0.722656 0.601562 0.726562 0.601562 0.730469 0.605469 0.734375 0.609375 0.734375 0.609375 0.738281 0.597656 0.750000 0.593750 0.753906 0.589844 0.753906 0.585938 0.750000 0.582031 0.750000 0.582031 0.746094 0.578125 0.742188 0.574219 0.742188 0.574219 0.734375 0.574219 0.730469 0.578125 0.726562 0.578125 0.722656 0.578125 0.718750 0.585938 0.710938
0 0.250000 0.777344 0.257812 0.777344 0.261719 0.777344 0.261719 0.781250 0.265625 0.785156 0.265625 0.789062 0.261719 0.792969 0.257812 0.796875 0.253906 0.796875 0.250000 0.792969 0.246094 0.792969 0.246094 0.789062 0.246094 0.785156 0.250000 0.781250 0.250000 0.777344
0 0.527344 0.777344 0.531250 0.781250 0.539062 0.781250 0.542969 0.781250 0.546875 0.785156 0.550781 0.785156 0.554688 0.789062 0.554688 0.796875 0.554688 0.800781 0.550781 0.804688 0.550781 0.808594 0.550781 0.812500 0.542969 0.820312 0.539062 0.824219 0.531250 0.824219 0.527344 0.824219 0.523438 0.820312 0.519531 0.820312 0.515625 0.816406 0.515625 0.812500 0.515625 0.808594 0.511719 0.804688 0.507812 0.804688 0.503906 0.804688 0.503906 0.792969 0.503906 0.789062 0.511719 0.789062 0.515625 0.789062 0.519531 0.785156 0.523438 0.785156 0.527344 0.781250 0.527344 0.777344
0 0.453125 0.804688 0.457031 0.804688 0.460938 0.804688 0.464844 0.808594 0.468750 0.812500 0.464844 0.816406 0.464844 0.828125 0.464844 0.832031 0.460938 0.835938 0.460938 0.839844 0.457031 0.843750 0.449219 0.843750 0.445312 0.843750 0.445312 0.835938 0.445312 0.832031 0.441406 0.828125 0.441406 0.824219 0.437500 0.820312 0.437500 0.816406 0.437500 0.812500 0.441406 0.808594 0.445312 0.808594 0.449219 0.808594 0.453125 0.804688
0 0.964844 0.804688 0.976562 0.804688 0.980469 0.804688 0.980469 0.808594 0.976562 0.812500 0.972656 0.812500 0.968750 0.816406 0.968750 0.820312 0.964844 0.816406 0.964844 0.804688
0 0.722656 0.816406 0.742188 0.816406 0.746094 0.816406 0.746094 0.820312 0.746094 0.824219 0.726562 0.843750 0.722656 0.847656 0.718750 0.843750 0.718750 0.839844 0.714844 0.835938 0.718750 0.832031 0.718750 0.828125 0.722656 0.824219 0.722656 0.816406
0 0.359375 0.835938 0.367188 0.835938 0.371094 0.835938 0.371094 0.839844 0.375000 0.843750 0.367188 0.851562 0.363281 0.855469 0.359375 0.855469 0.355469 0.851562 0.355469 0.847656 0.355469 0.843750 0.359375 0.839844 0.359375 0.835938
0 0.601562 0.871094 0.609375 0.871094 0.613281 0.875000 0.625000 0.875000 0.625000 0.878906 0.621094 0.882812 0.605469 0.882812 0.601562 0.882812 0.601562 0.871094
0 0.320312 0.890625 0.339844 0.890625 0.343750 0.890625 0.347656 0.894531 0.351562 0.894531 0.355469 0.898438 0.359375 0.898438 0.359375 0.906250 0.359375 0.910156 0.355469 0.914062 0.351562 0.914062 0.347656 0.910156 0.328125 0.910156 0.324219 0.910156 0.320312 0.906250 0.320312 0.890625
0 0.195312 0.898438 0.199219 0.902344 0.203125 0.902344 0.207031 0.906250 0.207031 0.910156 0.207031 0.914062 0.203125 0.917969 0.199219 0.921875 0.195312 0.921875 0.191406 0.921875 0.191406 0.910156 0.187500 0.906250 0.195312 0.898438
0 0.464844 0.917969 0.472656 0.917969 0.476562 0.917969 0.476562 0.921875 0.476562 0.925781 0.472656 0.929688 0.468750 0.933594 0.468750 0.945312 0.468750 0.949219 0.468750 0.937500 0.468750 0.933594 0.464844 0.929688 0.464844 0.917969
0 0.558594 0.917969 0.566406 0.917969 0.570312 0.917969 0.574219 0.921875 0.578125 0.921875 0.582031 0.925781 0.574219 0.933594 0.570312 0.937500 0.566406 0.937500 0.562500 0.937500 0.558594 0.941406 0.558594 0.945312 0.554688 0.949219 0.550781 0.953125 0.546875 0.953125 0.542969 0.953125 0.542969 0.937500 0.542969 0.933594 0.550781 0.933594 0.554688 0.933594 0.558594 0.929688 0.558594 0.917969
0 0.710938 0.921875 0.718750 0.929688 0.722656 0.929688 0.722656 0.933594 0.718750 0.937500 0.707031 0.937500 0.703125 0.937500 0.703125 0.933594 0.703125 0.929688 0.710938 0.921875
0 0.800781 0.933594 0.804688 0.937500 0.804688 0.941406 0.804688 0.945312 0.796875 0.953125 0.792969 0.953125 0.792969 0.945312 0.792969 0.941406 0.800781 0.933594
0 0.160156 0.957031 0.167969 0.957031 0.171875 0.957031 0.171875 0.960938 0.160156 0.972656 0.156250 0.972656 0.156250 0.964844 0.156250 0.960938 0.160156 0.957031
0 0.210938 0.988281 0.222656 0.988281 0.226562 0.992188 0.242188 0.992188 0.246094 0.992188 0.250000 0.996094 0.253906 0.996094 0.257812 1.000000 0.261719 1.000000 0.261719 1.000000 0.207031 1.000000 0.207031 0.996094 0.207031 0.992188 0.210938 0.988281
0 0.022552 0.909287 0.023098 0.913923 0.022552 0.918287 0.023371 0.920469 0.025280 0.922378 0.031280 0.925105 0.035098 0.923469 0.035916 0.921287 0.037552 0.920196 0.041916 0.920196 0.045189 0.918014 0.046007 0.915832 0.044643 0.913651 0.042189 0.913651 0.040007 0.912560 0.039461 0.907105 0.037552 0.906014 0.030461 0.906014 0.028280 0.906832 0.026098 0.910105
0 0.905126 0.888730 0.904423 0.859654 0.900009 0.857075 0.895595 0.859654 0.895595 0.891269 0.900009 0.893847 0.904423 0.891269
0 0.861125 0.919202 0.856711 0.921780 0.848587 0.917586 0.842999 0.916887 0.831825 0.909904 0.826454 0.902696 0.829032 0.898282 0.834110 0.898282 0.845284 0.906663 0.857854 0.910852 0.861829 0.916663
0 0.770341 0.961103 0.765927 0.963681 0.751961 0.963681 0.746628 0.961581 0.742653 0.955770 0.745231 0.951356 0.760341 0.950653 0.768466 0.954150 0.771045 0.958564
0 0.702171 0.856364 0.698961 0.861499 0.696394 0.868560 0.694468 0.869843 0.693184 0.871769 0.693184 0.874337 0.694468 0.876262 0.696394 0.877546 0.704738 0.880114 0.706664 0.881397 0.709232 0.881397 0.711799 0.882681 0.714367 0.882681 0.715650 0.880114 0.719502 0.878188 0.721427 0.876262 0.721427 0.873695 0.720144 0.871127 0.717576 0.869843 0.715650 0.865350 0.714367 0.860215 0.710515 0.858931 0.707948 0.858931
0 0.746893 0.712289 0.742527 0.712835 0.740343 0.713381 0.738160 0.715018 0.735977 0.715018 0.733248 0.718293 0.732702 0.720477 0.736523 0.722114 0.741435 0.725935 0.745802 0.727026 0.750168 0.727026 0.753443 0.724843 0.757810 0.720477 0.758355 0.713381 0.756718 0.709014 0.750168 0.709014
0 0.626362 0.976227 0.619249 0.973066 0.618459 0.970695 0.611346 0.965954 0.610556 0.945406 0.616088 0.938294 0.631104 0.928810 0.640587 0.931181 0.643748 0.935923 0.657183 0.943036 0.656393 0.951729 0.650861 0.961212 0.633474 0.976227
0 0.950277 0.347395 0.941318 0.330373 0.931463 0.324102 0.927879 0.319623 0.925192 0.304393 0.929671 0.299913 0.950277 0.299017 0.954756 0.302601 0.957444 0.307080 0.961027 0.325894 0.961027 0.334853 0.959236 0.341124 0.957444 0.342020
0 0.942214 0.290954 0.931463 0.295434 0.915337 0.295434 0.915337 0.274829 0.916233 0.273037 0.921608 0.273037 0.915337 0.265870 0.908170 0.247056 0.905482 0.234514 0.905482 0.221075 0.907274 0.217492 0.921608 0.218388 0.929671 0.230930 0.937734 0.235409 0.949380 0.238993 0.963715 0.238993 0.976257 0.230930 0.982529 0.228243 0.987904 0.228243 0.988800 0.221075 0.985216 0.213012 0.985216 0.199574 1.000000 0.196618 1.000000 0.233657 0.998654 0.234514 0.987904 0.253327 0.987008 0.259598 0.972673 0.271245 0.971778 0.285579 0.980737 0.290059 0.978945 0.299913 0.964611 0.304393 0.955652 0.304393 0.946693 0.298121
0 0.165482 0.346499 0.160107 0.339332 0.160107 0.336645 0.152044 0.332165 0.147564 0.325894 0.146669 0.299913 0.159211 0.282891 0.164586 0.280204 0.176233 0.279308 0.189671 0.290059 0.184296 0.280204 0.185192 0.269453 0.195046 0.270349 0.203109 0.276620 0.212068 0.292746 0.214756 0.302601 0.214756 0.320518 0.217443 0.340228 0.219235 0.341124 0.219235 0.349187 0.216548 0.358146 0.212068 0.359938 0.198630 0.359938 0.193255 0.356354 0.189671 0.349187 0.189671 0.341124 0.194150 0.330373 0.192359 0.329477 0.186087 0.329477 0.185192 0.342020 0.186984 0.346499 0.186087 0.349187 0.182504 0.350979 0.173545 0.351875 0.158315 0.336645
0 0.503230 0.730833 0.490688 0.726354 0.488896 0.718291 0.499647 0.712916 0.510398 0.700373 0.514877 0.702165 0.522044 0.717395 0.520252 0.726354 0.512189 0.729041
0 0.514877 0.760398 0.506814 0.759502 0.503230 0.755918 0.503230 0.745168 0.516669 0.735313 0.525627 0.737105 0.526523 0.742480 0.529211 0.745168 0.529211 0.750543 0.526523 0.755918 0.522940 0.758606
0 0.221890 0.876480 0.213378 0.877518 0.209641 0.881255 0.207565 0.881462 0.196977 0.877310 0.193655 0.872327 0.194278 0.870459 0.199675 0.869005 0.201336 0.867137 0.201544 0.862777 0.204658 0.859663 0.206734 0.855718 0.209641 0.854265 0.225627 0.853642 0.235177 0.858832 0.237254 0.864438 0.237046 0.869005 0.235593 0.872950 0.234139 0.874404 0.231648 0.875026 0.223759 0.875857
0 0.425781 0.921875 0.414062 0.921875 0.414062 0.925781 0.410156 0.929688 0.394531 0.929688 0.386719 0.937500 0.382812 0.937500 0.382812 0.941406 0.378906 0.945312 0.375000 0.945312 0.374443 0.945808 0.372568 0.947683 0.371869 0.951629 0.370547 0.953600 0.359307 0.958346 0.349768 0.961393 0.345620 0.964566 0.344917 0.968404 0.345945 0.971593 0.347820 0.973468 0.350359 0.974171 0.355229 0.974171 0.357768 0.973468 0.362963 0.970221 0.373352 0.965351 0.377307 0.962370 0.378664 0.963727 0.382140 0.964171 0.382812 0.964844 0.382812 0.968750 0.398438 0.984375 0.398438 0.988281 0.402344 0.988281 0.410156 0.980469 0.406250 0.980469 0.402344 0.976562 0.402344 0.953125 0.414062 0.941406 0.414062 0.933594
0 0.196248 0.151063 0.191561 0.151915 0.186875 0.150211 0.183041 0.145525 0.182189 0.143395 0.182615 0.129335 0.189857 0.116554 0.192414 0.115702 0.200508 0.115702 0.202638 0.116980 0.206899 0.118258 0.212011 0.122518 0.215420 0.126353 0.215420 0.130613 0.217550 0.137004 0.217550 0.142116 0.216698 0.145098 0.207751 0.148933 0.200508 0.151063
0 0.226923 0.113572 0.223514 0.114424 0.215420 0.113998 0.210307 0.111441 0.208177 0.110163 0.203491 0.101643 0.203064 0.099513 0.203916 0.097382 0.211585 0.088009 0.213289 0.086731 0.228627 0.082045 0.240556 0.082045 0.243538 0.084175 0.244816 0.086305 0.244390 0.090566 0.237148 0.099939 0.240130 0.102495 0.243112 0.104199 0.245242 0.104625 0.245668 0.106755 0.236721 0.111016 0.230331 0.113146
0 0.740725 0.110163 0.734760 0.111441 0.732204 0.110589 0.729648 0.108459 0.728370 0.106329 0.727091 0.096104 0.727091 0.089714 0.733482 0.082471 0.735612 0.081619 0.739873 0.082045 0.746263 0.085453 0.748820 0.089288 0.751802 0.092270 0.751802 0.096956 0.746689 0.104625 0.742855 0.107181
0 0.841270 0.210282 0.833175 0.211561 0.828063 0.211561 0.823376 0.209856 0.820820 0.209856 0.818690 0.211134 0.814429 0.216247 0.812299 0.217099 0.803352 0.217099 0.799944 0.214543 0.793127 0.214543 0.790145 0.209856 0.796962 0.196649 0.822950 0.191963 0.823376 0.188129 0.825932 0.187702 0.834453 0.188129 0.839139 0.189407 0.840844 0.194093 0.845530 0.198779 0.845530 0.200910 0.844252 0.202614 0.843400 0.207300
0 0.817412 0.187276 0.810595 0.186850 0.804630 0.183442 0.803352 0.180460 0.801648 0.178755 0.799092 0.177904 0.799518 0.175347 0.799092 0.170235 0.800370 0.168531 0.800796 0.165975 0.802926 0.161714 0.816986 0.156175 0.819542 0.156175 0.824654 0.158732 0.825932 0.160436 0.826358 0.162566 0.828063 0.163844 0.826784 0.166400 0.824228 0.167679 0.828063 0.170235 0.828489 0.172365 0.828063 0.174495 0.822098 0.185146
0 0.750098 0.085453 0.744559 0.083323 0.742855 0.080767 0.742429 0.078637 0.742855 0.074376 0.745411 0.070116 0.745411 0.067560 0.747115 0.061595 0.750098 0.055205 0.751376 0.050944 0.751376 0.046258 0.752228 0.043702 0.754358 0.041571 0.756488 0.040719 0.762879 0.040293 0.766287 0.045832 0.767139 0.050944 0.767139 0.056909 0.758192 0.085453 0.756914 0.087157 0.754784 0.088009
0 0.338545 0.021548 0.329172 0.022400 0.324911 0.021121 0.322355 0.019417 0.319799 0.016009 0.318521 0.011748 0.318947 0.007062 0.322355 0.000671 0.338119 0.000246 0.340249 0.001098 0.341101 0.006210 0.340675 0.018139
