0 0.183594 0.859375 0.179688 0.875000 0.175294 0.879486 0.170312 0.884570 0.168834 0.879396 0.167930 0.876234 0.172266 0.861523 0.175391 0.859961
0 0.281376 0.054541 0.286372 0.056431 0.288771 0.057644 0.291239 0.058542 0.293943 0.058598 0.296706 0.058659 0.299475 0.058844 0.302091 0.059463 0.303965 0.060810 0.304737 0.063198 0.305177 0.065586 0.305007 0.068196 0.302944 0.069816 0.300659 0.071157 0.298345 0.072566 0.295700 0.072994 0.292945 0.073055 0.290300 0.073178 0.287544 0.073239 0.284789 0.073300 0.282034 0.073362 0.279278 0.073300 0.276634 0.072933 0.275240 0.070911 0.274464 0.068573 0.273878 0.066259 0.273658 0.063871 0.275972 0.062402 0.278007 0.060729 0.280253 0.059318 0.281064 0.057322 0.281376 0.054541
0 0.859442 0.291661 0.866110 0.293581 0.869208 0.295124 0.872441 0.296446 0.875539 0.298210 0.878637 0.299973 0.881735 0.301736 0.882409 0.304932 0.882274 0.308459 0.882139 0.312206 0.881870 0.315733 0.881466 0.319259 0.878368 0.320361 0.874730 0.320471 0.871094 0.320692 0.867457 0.320912 0.863685 0.320912 0.860048 0.320692 0.856950 0.319259 0.854658 0.316501 0.852507 0.313861 0.850474 0.310980 0.848016 0.308410 0.845682 0.305985 0.844876 0.303005 0.844930 0.299603 0.844754 0.296302 0.845864 0.294518 0.848931 0.293589 0.852200 0.292332 0.855746 0.291771 0.859442 0.291661
0 0.194909 0.464232 0.194296 0.468346 0.194418 0.472460 0.198092 0.473342 0.202256 0.473489 0.206296 0.473489 0.206664 0.476721 0.204705 0.479954 0.201643 0.482452 0.199201 0.486127 0.196509 0.488074 0.192878 0.492738 0.189224 0.494396 0.187430 0.494012 0.182161 0.495712 0.174468 0.493511 0.174173 0.493340 0.171246 0.490895 0.169928 0.487302 0.170313 0.483148 0.171888 0.479661 0.174949 0.477162 0.178132 0.474959 0.180949 0.472166 0.183398 0.468787 0.185234 0.465260 0.186827 0.461586 0.189766 0.459236 0.193255 0.457766 0.193255 0.457766
0 0.687602 0.926330 0.690970 0.929353 0.690325 0.931649 0.688805 0.933452 0.687045 0.935163 0.685389 0.937003 0.683732 0.938783 0.682293 0.940749 0.680867 0.942639 0.679153 0.944316 0.676562 0.944606 0.673813 0.944789 0.671084 0.944913 0.668753 0.944394 0.667210 0.942496 0.664785 0.941271 0.662250 0.940537 0.660377 0.939006 0.660487 0.936312 0.660818 0.933741 0.660928 0.930986 0.661258 0.928414 0.662911 0.927067 0.665666 0.926883 0.668422 0.926761 0.671177 0.926700 0.673822 0.926577 0.676577 0.926516 0.679332 0.926455 0.682084 0.926238 0.684839 0.926176 0.687602 0.926330
0 0.250061 0.861040 0.255988 0.861334 0.258829 0.861628 0.261670 0.862118 0.264413 0.862902 0.266960 0.863881 0.269507 0.865057 0.271703 0.866827 0.272936 0.869367 0.275091 0.871327 0.274699 0.873971 0.273229 0.876420 0.271858 0.878771 0.270095 0.881123 0.268331 0.883376 0.266568 0.885629 0.264021 0.886804 0.261180 0.887196 0.258241 0.887490 0.255694 0.886511 0.253049 0.885531 0.250208 0.885041 0.248151 0.883376 0.247661 0.880535 0.247465 0.877694 0.246975 0.874755 0.246584 0.871914 0.246290 0.869073 0.246191 0.866232 0.246094 0.863196 0.247171 0.861334 0.250061 0.861040
0 0.650188 0.005927 0.650188 0.008890 0.650323 0.011988 0.650727 0.014817 0.652344 0.017241 0.656654 0.021417 0.657866 0.023976 0.657866 0.026939 0.658540 0.029768 0.655980 0.030442 0.647091 0.031250 0.641164 0.031520 0.638200 0.031923 0.635641 0.032866 0.631062 0.036503 0.627290 0.041083 0.625539 0.042969 0.621498 0.038793 0.619612 0.036638 0.618669 0.030980 0.618804 0.027882 0.619318 0.024941 0.619579 0.022158 0.620756 0.019671 0.622895 0.017538 0.624461 0.015086 0.626347 0.012662 0.628368 0.010911 0.627964 0.008082 0.626078 0.006196 0.627155 0.004580 0.629849 0.003771 0.632678 0.003233 0.635473 0.002451 0.638447 0.002180 0.641433 0.002155 0.644397 0.001886 0.647360 0.001751 0.650256 0.001347
0 0.728125 0.286914 0.733632 0.282730 0.738281 0.281055 0.745703 0.278711 0.749052 0.294654 0.741797 0.308008 0.738564 0.307940 0.723047 0.307617 0.714844 0.304688 0.719922 0.297852 0.720313 0.286133
0 0.523828 0.878530 0.523828 0.875195 0.518750 0.870117 0.517188 0.865430 0.527344 0.855469 0.544531 0.859961 0.546687 0.865062 0.550383 0.871183 0.548941 0.876129 0.542187 0.880273 0.537109 0.891602 0.523828 0.889648 0.523828 0.880013
0 0.673438 0.381445 0.669141 0.382617 0.662500 0.377930 0.669531 0.353711 0.687891 0.325195 0.700000 0.325586 0.698774 0.331364 0.697266 0.338477 0.691016 0.353320 0.681641 0.369336
0 0.037500 0.991602 0.021875 0.985742 0.014453 0.963867 0.016016 0.956055 0.032627 0.954233 0.048828 0.963477 0.054276 0.976904 0.050781 0.984375
0 0.000000 0.175526 0.003906 0.171875 0.007428 0.174382 0.018860 0.182519 0.013763 0.201705 0.000000 0.196483
0 0.193809 0.203368 0.194090 0.200588 0.193321 0.198347 0.191770 0.195777 0.192069 0.194346 0.193904 0.193332 0.196555 0.193073 0.201014 0.193232 0.205360 0.193170 0.208533 0.192835 0.211195 0.192024 0.213595 0.190905 0.216837 0.189434 0.219921 0.188114 0.223276 0.186789 0.226432 0.185827 0.229222 0.185097 0.232375 0.183868 0.235451 0.183147 0.238418 0.182804 0.241501 0.182705 0.244036 0.182878 0.245987 0.183276 0.246718 0.183673 0.247304 0.183991 0.247449 0.184071 0.247411 0.184902 0.247006 0.193882 0.246968 0.194714 0.246930 0.195545 0.246855 0.197208 0.247898 0.199404 0.247577 0.200555 0.247903 0.201242 0.248418 0.203068 0.248595 0.203307 0.249083 0.203967 0.249570 0.204627 0.250590 0.206006 0.251078 0.206666 0.251566 0.207325 0.251610 0.207386 0.252097 0.208045 0.252807 0.209005 0.250881 0.206793 0.248853 0.204464 0.247637 0.203068 0.249359 0.205168 0.245684 0.203458 0.246168 0.203862 0.247377 0.204873 0.248505 0.205816 0.248586 0.205883 0.249714 0.206826 0.249795 0.206893 0.251004 0.207904 0.252858 0.209453 0.249857 0.206065 0.246855 0.202677 0.246074 0.202677 0.245293 0.212052 0.246036 0.214004 0.247276 0.214379 0.247822 0.215896 0.247113 0.216980 0.248192 0.220020 0.246783 0.220894 0.245237 0.221802 0.243439 0.222585 0.241268 0.223229 0.238475 0.223678 0.235204 0.223988 0.231244 0.224091 0.228363 0.223850 0.228004 0.223813 0.225575 0.223105 0.220751 0.219151 0.219884 0.217479 0.217278 0.216165 0.215605 0.214786 0.213522 0.209498 0.212480 0.206854 0.210527 0.201896 0.208510 0.206243 0.207568 0.208271 0.205415 0.212907 0.204608 0.214646 0.204540 0.214948 0.205059 0.222599 0.204277 0.223138 0.200839 0.225512 0.198692 0.226905 0.196320 0.226831 0.193433 0.226300 0.191307 0.225057 0.190471 0.223570 0.190778 0.221412 0.191695 0.219076 0.192918 0.216494 0.193904 0.214115 0.194243 0.212094 0.193659 0.210577 0.192918 0.208712 0.193235 0.206482
0 0.070976 0.547336 0.066406 0.570312 0.052025 0.575763 0.023438 0.574219 0.018860 0.552073 0.046875 0.531250
0 0.108223 0.699246 0.115449 0.714043 0.109707 0.719785 0.110117 0.732500 0.102423 0.739289 0.096172 0.744805 0.070312 0.750000 0.046133 0.753418 0.019531 0.750000 0.000000 0.719308 0.000000 0.666992 0.023438 0.640625 0.042969 0.636719 0.070312 0.644531 0.081816 0.653340 0.085958 0.673068
0 0.300444 0.491607 0.285536 0.492484 0.280275 0.490730 0.277644 0.487223 0.278521 0.480207 0.285536 0.469684 0.290798 0.466177 0.297813 0.467054 0.300444 0.473192 0.299567 0.483715
0 0.649457 0.152241 0.634549 0.149610 0.631041 0.143471 0.632795 0.139087 0.655595 0.132071 0.659103 0.136456 0.659103 0.144348 0.655595 0.147856
0 0.666995 0.153118 0.667942 0.137193 0.674010 0.129441 0.681025 0.128564 0.681025 0.137333 0.670502 0.146102
0 0.085032 0.065138 0.077391 0.056223 0.076117 0.051129 0.076117 0.037120 0.081212 0.032025 0.087579 0.030752 0.088853 0.028205 0.093947 0.026931 0.095221 0.042214 0.099042 0.052403 0.095221 0.060044
0 0.150032 0.980811 0.130379 0.974605 0.130379 0.962193 0.127275 0.950814 0.134516 0.949780 0.150032 0.958055 0.153135 0.972536
0 0.540159 0.304654 0.539763 0.318139 0.541745 0.319329 0.552454 0.318536 0.554040 0.316949 0.558007 0.315363 0.560386 0.307430 0.559593 0.305448 0.543729 0.305448
0 0.809779 0.665922 0.824035 0.664082 0.834152 0.661323 0.850708 0.653965 0.860825 0.651205 0.863124 0.649366 0.864964 0.641548 0.864504 0.639249 0.861285 0.636030 0.859905 0.631891 0.857606 0.628212 0.857606 0.625912 0.856226 0.621773 0.853927 0.617634 0.850708 0.608437 0.841510 0.600159 0.837371 0.598320 0.835072 0.598320 0.832772 0.599239 0.828174 0.602459 0.825414 0.606137 0.823115 0.610736 0.815297 0.636949 0.813457 0.639249 0.813457 0.641548 0.810238 0.649366 0.808859 0.654885 0.807019 0.657184 0.806100 0.661783 0.806559 0.664082
0 0.813184 0.966388 0.794336 0.966388 0.791823 0.965132 0.790567 0.963247 0.789939 0.958849 0.789939 0.951310 0.791823 0.950054 0.801876 0.950682 0.803761 0.951938 0.806902 0.951938 0.811928 0.953195 0.813813 0.955708 0.815069 0.959477
