0 0.292900 0.780770 0.301426 0.780114 0.306019 0.780140 0.309866 0.778907 0.315789 0.779410 0.323618 0.791913 0.317732 0.795125 0.314385 0.797804 0.309102 0.803404 0.304652 0.806884 0.295804 0.805721 0.293597 0.800908 0.293693 0.798141 0.291740 0.793845 0.290004 0.783817
0 0.435702 0.626400 0.436561 0.619301 0.438896 0.610063 0.447421 0.606555 0.460796 0.606711 0.466882 0.608891 0.465057 0.613177 0.459295 0.616371 0.459295 0.618173 0.459117 0.620907 0.459117 0.626375 0.459295 0.629110 0.459295 0.634731 0.460233 0.638051 0.460124 0.643111 0.459851 0.645727 0.450936 0.647777 0.448143 0.647161 0.445858 0.645824 0.437101 0.642369 0.434471 0.641693 0.430702 0.633364 0.433834 0.629818
0 0.503512 0.612639 0.509476 0.605894 0.514164 0.602769 0.518418 0.601317 0.524176 0.597299 0.529615 0.595032 0.536670 0.592852 0.541105 0.596782 0.542357 0.599422 0.548265 0.601988 0.549691 0.604457 0.543187 0.610833 0.536191 0.613532 0.534079 0.615053 0.526014 0.617850 0.522190 0.625746 0.523918 0.628422 0.525472 0.634536 0.521727 0.638210 0.516624 0.644036 0.510511 0.646762 0.507354 0.647447 0.505687 0.649114 0.499573 0.651450 0.491761 0.651450 0.489128 0.650641 0.481479 0.646899 0.480863 0.640981 0.481130 0.621160 0.487616 0.615061 0.496313 0.614872
0 0.495389 0.487270 0.494095 0.483816 0.494095 0.476876 0.497193 0.473852 0.504631 0.470754 0.509354 0.473914 0.511518 0.474587 0.514787 0.476223 0.519099 0.480925 0.522854 0.488848 0.518923 0.492456 0.518948 0.495489 0.518791 0.502325 0.521691 0.507345 0.520256 0.516709 0.515061 0.517490 0.512455 0.514493 0.511954 0.512912 0.510000 0.511206 0.508385 0.508860 0.503876 0.505523 0.489017 0.493399 0.493174 0.490424
0 0.514061 0.545163 0.521220 0.551029 0.521793 0.557107 0.524665 0.559642 0.521426 0.564786 0.512472 0.575462 0.509989 0.575792 0.500911 0.579271 0.501021 0.583166 0.507918 0.588363 0.506443 0.593550 0.496835 0.597378 0.491624 0.589765 0.480766 0.583645 0.477139 0.579587 0.476651 0.572143 0.486499 0.567557 0.492532 0.568389 0.498673 0.568284 0.500784 0.566130 0.498958 0.562005 0.496439 0.560587 0.496266 0.558380 0.498655 0.551613 0.500894 0.551327 0.504361 0.548968
0 0.451558 0.792317 0.444208 0.790234 0.456501 0.782402 0.460886 0.778020 0.465375 0.777332 0.465517 0.776998 0.468123 0.774392 0.469972 0.774106 0.476385 0.772604 0.479446 0.772627 0.479842 0.772475 0.486570 0.770789 0.491252 0.771177 0.494853 0.774395 0.496860 0.778734 0.495264 0.783757 0.489939 0.786961 0.485245 0.786598 0.469486 0.788709 0.464493 0.792454
0 0.273580 0.624741 0.284881 0.618989 0.290436 0.614091 0.302089 0.610205 0.311824 0.615952 0.307996 0.620844 0.305048 0.623793 0.297816 0.627843 0.295528 0.635496 0.301400 0.640097 0.307360 0.642875 0.310138 0.643744 0.318838 0.652443 0.321212 0.658000 0.321584 0.661305 0.323885 0.672012 0.320704 0.680208 0.311349 0.680755 0.306602 0.675342 0.300168 0.666189 0.296114 0.664866 0.289418 0.657516 0.284646 0.655313 0.273233 0.648022 0.266467 0.647923 0.261091 0.647036 0.257039 0.641313 0.259627 0.634032 0.260188 0.631588 0.262422 0.628739 0.269789 0.627701
0 0.638577 0.157292 0.642983 0.157441 0.653182 0.158238 0.659532 0.162079 0.662925 0.162059 0.667457 0.164005 0.672430 0.163596 0.674975 0.162043 0.682475 0.164100 0.681962 0.164436 0.682254 0.169721 0.680930 0.176586 0.675570 0.178679 0.675624 0.184292 0.675014 0.186492 0.674440 0.193979 0.673196 0.194739 0.666825 0.202432 0.663074 0.203753 0.648223 0.207093 0.642541 0.209803 0.639815 0.211594 0.635237 0.209083 0.630804 0.207744 0.625852 0.200470 0.624098 0.198716 0.622775 0.187386 0.621021 0.183519 0.625644 0.168321 0.633869 0.160870 0.635112 0.159318
0 0.932536 0.345656 0.941422 0.340884 0.944547 0.338931 0.950795 0.338118 0.951969 0.336587 0.956656 0.333071 0.963966 0.331974 0.969665 0.334490 0.968147 0.337468 0.963972 0.343377 0.968078 0.346505 0.978597 0.345895 0.981691 0.344916 0.998463 0.347843 0.998150 0.350510 0.993133 0.357450 0.991912 0.364947 0.985835 0.365841 0.985448 0.369266 0.983132 0.373998 0.982096 0.374312 0.977757 0.373104 0.974953 0.371666 0.969093 0.370946 0.956266 0.370042 0.952893 0.367060 0.944919 0.361758 0.936838 0.357798 0.932439 0.355344 0.932434 0.349973 0.931452 0.348991
0 1.000000 0.682971 0.998002 0.682472 0.993089 0.678900 0.986328 0.673605 0.984081 0.673378 0.978832 0.670586 0.975533 0.668578 0.975523 0.666200 0.978206 0.663921 0.978972 0.661983 0.980678 0.661449 0.982503 0.659624 0.984057 0.655464 0.983248 0.653221 0.980549 0.648546 0.980621 0.648407 0.974807 0.636882 0.978639 0.634222 0.979477 0.634082 0.980352 0.632643 0.979979 0.631245 0.988157 0.622361 0.999369 0.620905 1.000000 0.621059
0 0.890970 0.795027 0.893013 0.790393 0.896064 0.787343 0.907862 0.785654 0.916599 0.782749 0.920310 0.784078 0.930028 0.788831 0.934622 0.803116 0.928645 0.809019 0.917771 0.812546 0.907782 0.811077 0.903276 0.808523 0.896597 0.806141 0.893144 0.805696 0.892653 0.805370 0.886409 0.804827 0.884530 0.802948 0.883843 0.800382 0.890836 0.795846
0 0.990698 0.797361 1.000000 0.796973 1.000000 0.813847 0.995216 0.823893 0.991913 0.826869 0.989112 0.827182 0.982942 0.824358 0.977738 0.820893 0.979392 0.816910 0.978647 0.808674 0.986655 0.800309
0 0.978395 0.762211 0.978325 0.761872 0.972579 0.761319 0.970701 0.754307 0.976257 0.751830 0.976227 0.751685 0.979342 0.747120 0.991482 0.745809 0.994777 0.745929 1.000000 0.743229 1.000000 0.759784 0.994857 0.760520 0.986487 0.762066 0.981271 0.763029
0 0.671482 0.737662 0.676227 0.733777 0.683913 0.732039 0.684248 0.728496 0.687760 0.726072 0.691725 0.725952 0.702578 0.727101 0.708062 0.729850 0.708062 0.739342 0.706558 0.740846 0.712359 0.747428 0.715484 0.753678 0.716099 0.761159 0.715874 0.765514 0.713109 0.769350 0.709588 0.772512 0.701295 0.773190 0.695888 0.771748 0.695861 0.772036 0.694450 0.775663 0.692745 0.780884 0.685451 0.788568 0.677775 0.790512 0.676571 0.790416 0.674370 0.791445 0.673604 0.793384 0.672170 0.794818 0.667587 0.796276 0.665666 0.797153 0.659517 0.795173 0.656745 0.794577 0.653776 0.795464 0.652396 0.792498 0.650959 0.792084 0.647195 0.788320 0.644837 0.786352 0.643913 0.783084 0.642111 0.779848 0.641816 0.777863 0.640267 0.770455 0.639767 0.763833 0.647052 0.751598 0.654728 0.750434 0.658457 0.751879 0.662062 0.751979 0.663278 0.753374 0.670817 0.753374 0.672133 0.748152 0.672642 0.742838 0.670878 0.741406
0 0.131467 0.449833 0.135767 0.447577 0.136934 0.444512 0.137373 0.444136 0.138395 0.439166 0.139972 0.437980 0.143735 0.434607 0.151665 0.434998 0.155443 0.438385 0.155348 0.440699 0.158910 0.442479 0.160324 0.446586 0.161284 0.458290 0.156858 0.460973 0.150562 0.460465 0.140933 0.462464 0.137557 0.462407 0.133914 0.458765 0.132247 0.453648
0 0.273281 0.963548 0.278679 0.963579 0.286154 0.965366 0.290079 0.973684 0.292115 0.979159 0.295089 0.984668 0.299132 0.988638 0.298144 0.990736 0.296584 0.995836 0.294331 0.997132 0.288152 1.000000 0.272384 1.000000 0.271630 0.999763 0.265191 0.992620 0.263639 0.991320 0.261388 0.985599 0.260895 0.981707 0.254447 0.977605 0.252876 0.974977 0.252332 0.974747 0.249335 0.971360 0.253399 0.964444 0.256882 0.962786 0.261570 0.962995 0.270164 0.962786 0.272105 0.963722
0 0.339844 0.429688 0.371094 0.429688 0.375000 0.429688 0.382812 0.437500 0.386719 0.441406 0.394531 0.464844 0.394531 0.468750 0.433594 0.507812 0.437500 0.511719 0.441406 0.539062 0.441406 0.542969 0.425781 0.566406 0.421875 0.570312 0.347656 0.558594 0.343750 0.558594 0.285156 0.523438 0.281250 0.519531 0.281250 0.480469 0.281250 0.476562 0.304688 0.449219 0.308594 0.445312 0.339844 0.429688
