0 0.914062 0.000000 0.914062 0.007812 0.914062 0.011719 0.910156 0.015625 0.910156 0.019531 0.906250 0.023438 0.902344 0.023438 0.898438 0.027344 0.898438 0.039062 0.898438 0.042969 0.902344 0.046875 0.906250 0.046875 0.910156 0.046875 0.906250 0.046875 0.902344 0.050781 0.898438 0.054688 0.894531 0.054688 0.890625 0.058594 0.886719 0.062500 0.875000 0.062500 0.871094 0.066406 0.871094 0.089844 0.871094 0.093750 0.875000 0.097656 0.875000 0.109375 0.875000 0.113281 0.878906 0.117188 0.886719 0.117188 0.890625 0.117188 0.894531 0.121094 0.898438 0.121094 0.902344 0.125000 0.906250 0.125000 0.910156 0.125000 0.906250 0.128906 0.906250 0.148438 0.906250 0.152344 0.902344 0.156250 0.898438 0.160156 0.898438 0.179688 0.898438 0.183594 0.894531 0.187500 0.875000 0.187500 0.871094 0.191406 0.871094 0.203125 0.871094 0.207031 0.875000 0.210938 0.878906 0.210938 0.878906 0.226562 0.878906 0.230469 0.875000 0.234375 0.855469 0.234375 0.851562 0.234375 0.847656 0.238281 0.847656 0.242188 0.843750 0.246094 0.839844 0.250000 0.832031 0.250000 0.828125 0.253906 0.828125 0.269531 0.824219 0.273438 0.820312 0.273438 0.816406 0.269531 0.792969 0.269531 0.789062 0.273438 0.789062 0.269531 0.785156 0.265625 0.781250 0.265625 0.781250 0.261719 0.777344 0.257812 0.781250 0.253906 0.781250 0.234375 0.781250 0.230469 0.777344 0.226562 0.777344 0.207031 0.777344 0.203125 0.781250 0.203125 0.785156 0.199219 0.785156 0.195312 0.789062 0.195312 0.792969 0.195312 0.796875 0.191406 0.800781 0.191406 0.804688 0.187500 0.812500 0.187500 0.816406 0.183594 0.828125 0.183594 0.832031 0.179688 0.843750 0.179688 0.847656 0.175781 0.847656 0.164062 0.851562 0.160156 0.851562 0.140625 0.851562 0.136719 0.847656 0.132812 0.843750 0.132812 0.843750 0.109375 0.843750 0.105469 0.835938 0.097656 0.832031 0.093750 0.812500 0.093750 0.808594 0.093750 0.804688 0.097656 0.789062 0.097656 0.785156 0.097656 0.781250 0.101562 0.777344 0.105469 0.777344 0.109375 0.773438 0.113281 0.765625 0.113281 0.761719 0.117188 0.742188 0.117188 0.738281 0.117188 0.734375 0.121094 0.730469 0.125000 0.726562 0.121094 0.722656 0.121094 0.722656 0.117188 0.718750 0.113281 0.718750 0.109375 0.714844 0.105469 0.714844 0.101562 0.710938 0.097656 0.710938 0.093750 0.710938 0.089844 0.714844 0.085938 0.714844 0.082031 0.714844 0.078125 0.718750 0.074219 0.722656 0.074219 0.738281 0.058594 0.742188 0.054688 0.742188 0.050781 0.746094 0.046875 0.746094 0.023438 0.746094 0.019531 0.742188 0.015625 0.738281 0.015625 0.734375 0.015625 0.730469 0.011719 0.726562 0.007812 0.718750 0.007812 0.714844 0.007812 0.710938 0.003906 0.710938 0.000000 0.710938 0.000000
0 0.332031 0.140625 0.339844 0.140625 0.343750 0.140625 0.351562 0.148438 0.355469 0.148438 0.355469 0.160156 0.359375 0.164062 0.367188 0.164062 0.371094 0.164062 0.375000 0.160156 0.375000 0.148438 0.375000 0.144531 0.378906 0.148438 0.386719 0.148438 0.390625 0.148438 0.390625 0.171875 0.390625 0.175781 0.394531 0.179688 0.398438 0.179688 0.402344 0.179688 0.410156 0.187500 0.414062 0.187500 0.414062 0.199219 0.414062 0.203125 0.410156 0.207031 0.406250 0.210938 0.406250 0.218750 0.406250 0.222656 0.402344 0.226562 0.402344 0.230469 0.398438 0.234375 0.390625 0.234375 0.386719 0.234375 0.378906 0.242188 0.375000 0.246094 0.371094 0.246094 0.367188 0.242188 0.359375 0.242188 0.355469 0.242188 0.351562 0.246094 0.351562 0.257812 0.351562 0.261719 0.347656 0.265625 0.347656 0.269531 0.339844 0.277344 0.335938 0.281250 0.335938 0.289062 0.332031 0.292969 0.300781 0.292969 0.296875 0.292969 0.292969 0.289062 0.273438 0.289062 0.269531 0.289062 0.265625 0.292969 0.265625 0.312500 0.265625 0.316406 0.269531 0.320312 0.273438 0.324219 0.273438 0.328125 0.273438 0.332031 0.269531 0.335938 0.265625 0.339844 0.265625 0.343750 0.261719 0.347656 0.257812 0.347656 0.253906 0.343750 0.214844 0.343750 0.210938 0.343750 0.207031 0.347656 0.207031 0.359375 0.210938 0.363281 0.218750 0.363281 0.222656 0.367188 0.242188 0.367188 0.246094 0.367188 0.246094 0.371094 0.250000 0.375000 0.253906 0.375000 0.250000 0.378906 0.250000 0.382812 0.246094 0.386719 0.242188 0.386719 0.234375 0.394531 0.230469 0.394531 0.218750 0.406250 0.214844 0.410156 0.214844 0.414062 0.210938 0.417969 0.207031 0.421875 0.195312 0.421875 0.191406 0.421875 0.191406 0.417969 0.191406 0.414062 0.187500 0.410156 0.183594 0.410156 0.179688 0.406250 0.179688 0.394531 0.183594 0.390625 0.183594 0.363281 0.179688 0.359375 0.164062 0.359375 0.160156 0.359375 0.156250 0.363281 0.156250 0.375000 0.156250 0.378906 0.148438 0.386719 0.144531 0.390625 0.140625 0.390625 0.136719 0.394531 0.136719 0.398438 0.132812 0.394531 0.128906 0.394531 0.128906 0.390625 0.125000 0.386719 0.121094 0.382812 0.121094 0.375000 0.117188 0.371094 0.089844 0.371094 0.085938 0.371094 0.078125 0.363281 0.074219 0.359375 0.070312 0.359375 0.066406 0.359375 0.066406 0.355469 0.062500 0.351562 0.062500 0.339844 0.062500 0.335938 0.066406 0.332031 0.066406 0.324219 0.066406 0.320312 0.078125 0.308594 0.078125 0.304688 0.082031 0.304688 0.085938 0.300781 0.089844 0.296875 0.089844 0.292969 0.093750 0.289062 0.097656 0.285156 0.117188 0.285156 0.121094 0.285156 0.125000 0.289062 0.144531 0.289062 0.148438 0.289062 0.156250 0.281250 0.160156 0.277344 0.160156 0.273438 0.164062 0.269531 0.164062 0.261719 0.164062 0.257812 0.160156 0.253906 0.156250 0.250000 0.156250 0.246094 0.152344 0.242188 0.156250 0.242188 0.160156 0.238281 0.160156 0.230469 0.160156 0.226562 0.164062 0.222656 0.164062 0.214844 0.167969 0.210938 0.167969 0.183594 0.167969 0.179688 0.171875 0.175781 0.175781 0.171875 0.175781 0.167969 0.183594 0.160156 0.187500 0.156250 0.195312 0.156250 0.199219 0.152344 0.210938 0.152344 0.214844 0.148438 0.218750 0.152344 0.230469 0.152344 0.234375 0.152344 0.234375 0.156250 0.238281 0.160156 0.261719 0.160156 0.265625 0.160156 0.269531 0.156250 0.273438 0.156250 0.277344 0.152344 0.281250 0.148438 0.285156 0.148438 0.289062 0.144531 0.324219 0.144531 0.328125 0.144531 0.332031 0.140625
0 0.578125 0.253906 0.582031 0.257812 0.582031 0.261719 0.593750 0.273438 0.597656 0.273438 0.597656 0.281250 0.601562 0.285156 0.597656 0.289062 0.597656 0.300781 0.597656 0.304688 0.601562 0.308594 0.605469 0.308594 0.609375 0.312500 0.613281 0.316406 0.625000 0.316406 0.628906 0.320312 0.628906 0.324219 0.628906 0.328125 0.625000 0.332031 0.625000 0.335938 0.621094 0.339844 0.617188 0.339844 0.613281 0.339844 0.609375 0.343750 0.605469 0.347656 0.605469 0.363281 0.605469 0.367188 0.601562 0.371094 0.601562 0.375000 0.597656 0.378906 0.593750 0.382812 0.589844 0.378906 0.570312 0.378906 0.566406 0.378906 0.566406 0.375000 0.562500 0.371094 0.558594 0.367188 0.558594 0.359375 0.554688 0.355469 0.558594 0.351562 0.558594 0.347656 0.562500 0.347656 0.566406 0.343750 0.566406 0.320312 0.566406 0.316406 0.562500 0.312500 0.562500 0.304688 0.558594 0.300781 0.558594 0.289062 0.558594 0.285156 0.562500 0.281250 0.562500 0.265625 0.562500 0.261719 0.566406 0.261719 0.570312 0.257812 0.574219 0.257812 0.578125 0.253906
0 0.039062 0.382812 0.050781 0.394531 0.054688 0.394531 0.054688 0.417969 0.054688 0.421875 0.050781 0.425781 0.046875 0.429688 0.035156 0.429688 0.031250 0.429688 0.027344 0.425781 0.023438 0.421875 0.023438 0.414062 0.019531 0.410156 0.019531 0.398438 0.019531 0.394531 0.023438 0.390625 0.027344 0.390625 0.031250 0.386719 0.035156 0.386719 0.039062 0.382812
0 0.484375 0.398438 0.488281 0.402344 0.500000 0.402344 0.503906 0.406250 0.527344 0.406250 0.531250 0.406250 0.531250 0.410156 0.535156 0.414062 0.539062 0.414062 0.542969 0.417969 0.546875 0.417969 0.550781 0.421875 0.554688 0.421875 0.550781 0.425781 0.550781 0.437500 0.550781 0.441406 0.546875 0.445312 0.542969 0.445312 0.539062 0.449219 0.519531 0.449219 0.515625 0.449219 0.511719 0.453125 0.507812 0.457031 0.503906 0.457031 0.496094 0.464844 0.492188 0.464844 0.492188 0.460938 0.492188 0.457031 0.488281 0.453125 0.484375 0.453125 0.480469 0.453125 0.480469 0.449219 0.476562 0.445312 0.472656 0.441406 0.468750 0.441406 0.464844 0.441406 0.464844 0.437500 0.460938 0.433594 0.460938 0.425781 0.457031 0.421875 0.457031 0.414062 0.460938 0.410156 0.468750 0.410156 0.472656 0.410156 0.476562 0.406250 0.476562 0.402344 0.480469 0.402344 0.484375 0.398438
0 0.230469 0.441406 0.234375 0.441406 0.238281 0.441406 0.242188 0.445312 0.246094 0.449219 0.250000 0.449219 0.253906 0.453125 0.257812 0.453125 0.269531 0.464844 0.273438 0.468750 0.273438 0.472656 0.273438 0.476562 0.269531 0.480469 0.265625 0.484375 0.261719 0.484375 0.257812 0.488281 0.253906 0.492188 0.250000 0.492188 0.246094 0.496094 0.246094 0.500000 0.242188 0.496094 0.230469 0.496094 0.226562 0.496094 0.222656 0.492188 0.218750 0.488281 0.218750 0.480469 0.214844 0.476562 0.214844 0.472656 0.214844 0.468750 0.218750 0.464844 0.218750 0.457031 0.218750 0.453125 0.230469 0.441406
0 0.796875 0.527344 0.804688 0.527344 0.808594 0.527344 0.808594 0.531250 0.812500 0.535156 0.816406 0.535156 0.820312 0.539062 0.820312 0.542969 0.828125 0.550781 0.832031 0.554688 0.832031 0.562500 0.832031 0.566406 0.828125 0.570312 0.824219 0.574219 0.816406 0.574219 0.812500 0.574219 0.808594 0.578125 0.804688 0.578125 0.800781 0.574219 0.800781 0.570312 0.796875 0.566406 0.792969 0.566406 0.789062 0.566406 0.785156 0.562500 0.781250 0.562500 0.777344 0.562500 0.777344 0.546875 0.777344 0.542969 0.785156 0.535156 0.789062 0.531250 0.792969 0.531250 0.796875 0.527344
0 0.058594 0.566406 0.066406 0.566406 0.070312 0.566406 0.074219 0.570312 0.074219 0.574219 0.078125 0.578125 0.082031 0.578125 0.085938 0.578125 0.089844 0.582031 0.089844 0.585938 0.093750 0.589844 0.093750 0.593750 0.093750 0.597656 0.097656 0.601562 0.097656 0.605469 0.093750 0.609375 0.093750 0.625000 0.093750 0.628906 0.089844 0.632812 0.089844 0.636719 0.085938 0.640625 0.085938 0.644531 0.082031 0.648438 0.070312 0.648438 0.066406 0.648438 0.062500 0.644531 0.058594 0.640625 0.054688 0.640625 0.050781 0.640625 0.046875 0.636719 0.042969 0.636719 0.039062 0.632812 0.035156 0.632812 0.035156 0.628906 0.031250 0.625000 0.027344 0.625000 0.027344 0.617188 0.027344 0.613281 0.031250 0.609375 0.031250 0.605469 0.035156 0.601562 0.035156 0.589844 0.035156 0.585938 0.039062 0.585938 0.050781 0.574219 0.050781 0.570312 0.054688 0.570312 0.058594 0.566406
0 0.519531 0.894531 0.519531 0.878906 0.507812 0.878906 0.500000 0.871094 0.500000 0.867188 0.492188 0.867188 0.488281 0.863281 0.484375 0.863281 0.480469 0.859375 0.476562 0.859375 0.472656 0.855469 0.468750 0.855469 0.464844 0.851562 0.464844 0.847656 0.453125 0.847656 0.449219 0.843750 0.449219 0.847656 0.445312 0.851562 0.433594 0.851562 0.429688 0.855469 0.425781 0.855469 0.421875 0.859375 0.414062 0.859375 0.402344 0.871094 0.394531 0.871094 0.386719 0.878906 0.375000 0.878906 0.367188 0.871094 0.367188 0.855469 0.371094 0.851562 0.371094 0.835938 0.375000 0.832031 0.375000 0.828125 0.378906 0.824219 0.378906 0.820312 0.390625 0.808594 0.390625 0.796875 0.394531 0.792969 0.386719 0.785156 0.386719 0.760655 0.385365 0.760655 0.385365 0.755803 0.380513 0.755803 0.380513 0.749918 0.376946 0.745856 0.371778 0.745856 0.371778 0.740033 0.370323 0.740033 0.370323 0.738820 0.366198 0.738820 0.366198 0.732754 0.361346 0.732512 0.361346 0.727902 0.360618 0.727902 0.360618 0.726446 0.359647 0.726446 0.359647 0.723050 0.357221 0.723050 0.357221 0.722322 0.355280 0.722322 0.355280 0.718925 0.352126 0.718925 0.352126 0.714801 0.348244 0.714801 0.348244 0.708857 0.347303 0.707765 0.342179 0.707765 0.342179 0.707031 0.339844 0.707031 0.335938 0.703125 0.332031 0.703125 0.328125 0.699219 0.328125 0.683594 0.324219 0.679688 0.324219 0.675781 0.320312 0.671875 0.312500 0.671875 0.308594 0.667969 0.296875 0.667969 0.289062 0.675781 0.277344 0.675781 0.273438 0.671875 0.246094 0.671875 0.242188 0.675781 0.214844 0.675781 0.214844 0.679688 0.210938 0.683594 0.191406 0.683594 0.179688 0.695312 0.175781 0.695312 0.171875 0.699219 0.136719 0.699219 0.132812 0.695312 0.125000 0.695312 0.113281 0.707031 0.109375 0.707031 0.105469 0.710938 0.105469 0.738281 0.109375 0.742188 0.109375 0.761719 0.097656 0.773438 0.097656 0.777344 0.093750 0.781250 0.093750 0.820312 0.097656 0.824219 0.097656 0.832031 0.101562 0.835938 0.101562 0.839844 0.105469 0.843750 0.113281 0.843750 0.117188 0.847656 0.117188 0.859375 0.128906 0.871094 0.128906 0.925781 0.132812 0.929688 0.136719 0.929688 0.140625 0.933594 0.140625 0.937500 0.148438 0.945312 0.148438 0.949219 0.164062 0.964844 0.164062 0.968750 0.167969 0.968750 0.171875 0.972656 0.175781 0.972656 0.179688 0.976562 0.191406 0.976562 0.195312 0.980469 0.210938 0.980469 0.214844 0.984375 0.214844 0.996094 0.210938 1.000000 0.210938 1.000000 0.421875 1.000000 0.425781 0.996094 0.433594 0.996094 0.441406 0.988281 0.445312 0.988281 0.460938 0.972656 0.460938 0.960938 0.457031 0.957031 0.457031 0.953125 0.453125 0.949219 0.453125 0.917969 0.464844 0.906250 0.488281 0.906250 0.492188 0.910156 0.496094 0.906250 0.503906 0.906250 0.511719 0.898438 0.515625 0.898438
0 0.613281 0.656250 0.628906 0.656250 0.632812 0.656250 0.636719 0.660156 0.640625 0.660156 0.644531 0.664062 0.648438 0.664062 0.652344 0.667969 0.648438 0.671875 0.648438 0.675781 0.644531 0.679688 0.644531 0.683594 0.640625 0.687500 0.640625 0.691406 0.636719 0.695312 0.636719 0.699219 0.621094 0.714844 0.617188 0.718750 0.613281 0.718750 0.609375 0.714844 0.605469 0.714844 0.605469 0.710938 0.605469 0.707031 0.601562 0.703125 0.601562 0.699219 0.597656 0.695312 0.597656 0.687500 0.597656 0.683594 0.593750 0.679688 0.593750 0.671875 0.589844 0.667969 0.593750 0.667969 0.597656 0.664062 0.601562 0.660156 0.605469 0.660156 0.609375 0.660156 0.613281 0.656250
0 0.738281 0.816406 0.734375 0.816406 0.730469 0.812500 0.726562 0.812500 0.718750 0.804688 0.718750 0.800781 0.710938 0.800781 0.707031 0.796875 0.707031 0.789062 0.703125 0.789062 0.699219 0.785156 0.687500 0.792969 0.675781 0.792969 0.671875 0.789062 0.664062 0.789062 0.660156 0.785156 0.656250 0.785156 0.652344 0.781250 0.652344 0.777344 0.644531 0.769531 0.644531 0.765625 0.636719 0.765625 0.628906 0.757812 0.628906 0.750000 0.601562 0.750000 0.593750 0.742188 0.593750 0.738281 0.589844 0.738281 0.585938 0.734375 0.585938 0.738281 0.582031 0.742188 0.578125 0.742188 0.570312 0.750000 0.562500 0.750000 0.562500 0.753906 0.558594 0.757812 0.554688 0.757812 0.554688 0.765625 0.546875 0.773438 0.546875 0.781250 0.542969 0.785156 0.542969 0.796875 0.539062 0.800781 0.539062 0.828125 0.523438 0.843750 0.523438 0.871094 0.542969 0.871094 0.550781 0.882812 0.550781 0.890625 0.554688 0.890625 0.558594 0.894531 0.558594 0.898438 0.566406 0.898438 0.574219 0.906250 0.585938 0.906250 0.589844 0.910156 0.589844 0.933594 0.597656 0.933594 0.601562 0.937500 0.601562 0.940082 0.628065 0.940082 0.630449 0.936109 0.640625 0.931340 0.640625 0.917969 0.644531 0.914062 0.644531 0.906250 0.648438 0.902344 0.648438 0.894531 0.652344 0.890625 0.652344 0.875000 0.644531 0.875000 0.640625 0.871094 0.640625 0.859375 0.644531 0.855469 0.648438 0.855469 0.660156 0.843750 0.671875 0.843750 0.675781 0.847656 0.675781 0.855469 0.703125 0.855469 0.707031 0.851562 0.707031 0.835938 0.710938 0.832031 0.726562 0.832031 0.730469 0.828125 0.730469 0.824219
0 0.462393 0.730813 0.462393 0.717836 0.458511 0.717836 0.458511 0.717351 0.456570 0.716866 0.456328 0.708859 0.451718 0.703522 0.449292 0.702794 0.448321 0.701096 0.447593 0.701096 0.447593 0.700368 0.445652 0.698670 0.445410 0.676106 0.444682 0.676106 0.444682 0.673680 0.444197 0.673680 0.444439 0.658152 0.443711 0.658152 0.443711 0.656454 0.442984 0.656454 0.442984 0.651359 0.442013 0.645536 0.435220 0.645536 0.435220 0.638258 0.434249 0.636802 0.420545 0.636802 0.420545 0.640684 0.420059 0.640927 0.409745 0.640927 0.409745 0.638743 0.405863 0.637045 0.405863 0.632677 0.401496 0.632677 0.401253 0.625641 0.398099 0.624186 0.398099 0.623700 0.391063 0.619334 0.377844 0.619334 0.377844 0.620061 0.376388 0.620546 0.367896 0.620546 0.367896 0.626127 0.362802 0.626127 0.362316 0.633405 0.360132 0.635346 0.357949 0.635832 0.356493 0.638015 0.356493 0.651477 0.359405 0.653661 0.360132 0.660211 0.362316 0.661303 0.362316 0.673798 0.363287 0.676709 0.363772 0.683385 0.360861 0.683385 0.360861 0.696119 0.363287 0.696362 0.363287 0.706309 0.364014 0.711161 0.373477 0.711161 0.377844 0.712375 0.377844 0.722079 0.379542 0.722564 0.379542 0.723535 0.381968 0.723535 0.381968 0.730813 0.382939 0.733725 0.390460 0.735666 0.390460 0.742702 0.398466 0.742702 0.398466 0.750466 0.407443 0.750466 0.407443 0.753134 0.438616 0.753377 0.438616 0.746584 0.449534 0.746341 0.449534 0.742459 0.452931 0.739790 0.461665 0.738334 0.461665 0.732027 0.462150 0.730813
0 1.000000 1.000000 1.000000 0.992188 1.000000 0.992188 0.996094 0.988281 0.996094 0.984375 0.976562 0.984375 0.972656 0.988281 0.968750 0.988281 0.968750 0.996094 0.966146 1.000000 0.894531 1.000000 0.890625 0.996094 0.878906 0.996094 0.878906 1.000000 0.800781 1.000000 0.800781 0.992188 0.808594 0.984375 0.808594 0.976562 0.804688 0.972656 0.804688 0.964844 0.785156 0.964844 0.781250 0.968750 0.769531 0.968750 0.765625 0.972656 0.765625 0.976562 0.757812 0.988281 0.746094 0.988281 0.742188 0.992188 0.726562 0.992188 0.718750 1.000000 0.710938 1.000000 0.709513 0.992703 0.693928 0.977394 0.680672 0.969384 0.660156 0.968750 0.656250 0.964844 0.656250 0.960938 0.648438 0.960938 0.640625 0.953007 0.593750 0.953125 0.589844 0.957031 0.589844 0.960938 0.578125 0.972656 0.558594 0.972656 0.550781 0.984375 0.550781 0.996094 0.546875 1.000000 0.546875 1.000000
0 0.598625 0.062996 0.592408 0.063475 0.589538 0.066344 0.587147 0.072083 0.585234 0.079735 0.585234 0.082605 0.590973 0.101735 0.593843 0.104604 0.595755 0.105561 0.600060 0.106039 0.605799 0.104126 0.608190 0.100779 0.609625 0.093605 0.610103 0.084039 0.611538 0.079735 0.612016 0.075431 0.612016 0.065866 0.602451 0.062040
