0 0.312500 0.000000 0.312500 0.000000 0.316406 0.003906 0.320312 0.003906 0.324219 0.007812 0.324219 0.011719 0.328125 0.015625 0.328125 0.023438 0.328125 0.027344 0.320312 0.035156 0.316406 0.039062 0.316406 0.042969 0.312500 0.046875 0.304688 0.046875 0.300781 0.050781 0.296875 0.050781 0.292969 0.046875 0.289062 0.046875 0.285156 0.046875 0.285156 0.042969 0.285156 0.039062 0.281250 0.035156 0.273438 0.035156 0.269531 0.031250 0.269531 0.011719 0.269531 0.007812 0.273438 0.003906 0.281250 0.003906 0.285156 0.003906 0.289062 0.000000 0.289062 0.000000
0 0.363281 0.113281 0.402344 0.113281 0.406250 0.113281 0.406250 0.121094 0.410156 0.125000 0.410156 0.128906 0.410156 0.132812 0.406250 0.136719 0.402344 0.140625 0.402344 0.144531 0.398438 0.148438 0.398438 0.152344 0.398438 0.156250 0.394531 0.160156 0.394531 0.164062 0.394531 0.167969 0.386719 0.175781 0.382812 0.179688 0.382812 0.183594 0.378906 0.187500 0.375000 0.187500 0.371094 0.187500 0.367188 0.191406 0.363281 0.191406 0.359375 0.187500 0.355469 0.187500 0.351562 0.183594 0.351562 0.175781 0.347656 0.171875 0.339844 0.171875 0.335938 0.171875 0.332031 0.175781 0.328125 0.179688 0.316406 0.179688 0.312500 0.179688 0.308594 0.175781 0.300781 0.175781 0.296875 0.175781 0.292969 0.179688 0.292969 0.187500 0.292969 0.191406 0.296875 0.195312 0.296875 0.207031 0.296875 0.210938 0.292969 0.214844 0.289062 0.214844 0.285156 0.218750 0.281250 0.222656 0.265625 0.222656 0.261719 0.226562 0.261719 0.234375 0.261719 0.238281 0.265625 0.242188 0.265625 0.250000 0.269531 0.253906 0.261719 0.261719 0.257812 0.265625 0.242188 0.265625 0.238281 0.265625 0.234375 0.269531 0.230469 0.269531 0.226562 0.269531 0.222656 0.273438 0.218750 0.277344 0.207031 0.277344 0.203125 0.277344 0.199219 0.281250 0.183594 0.281250 0.179688 0.285156 0.175781 0.281250 0.167969 0.281250 0.164062 0.281250 0.164062 0.269531 0.164062 0.265625 0.160156 0.261719 0.156250 0.261719 0.156250 0.238281 0.156250 0.234375 0.160156 0.230469 0.164062 0.230469 0.167969 0.226562 0.167969 0.222656 0.171875 0.222656 0.175781 0.218750 0.179688 0.214844 0.183594 0.214844 0.187500 0.214844 0.191406 0.210938 0.191406 0.207031 0.199219 0.207031 0.203125 0.210938 0.222656 0.210938 0.226562 0.210938 0.234375 0.203125 0.238281 0.199219 0.238281 0.195312 0.242188 0.191406 0.242188 0.183594 0.242188 0.179688 0.246094 0.175781 0.246094 0.171875 0.250000 0.167969 0.253906 0.164062 0.257812 0.164062 0.261719 0.160156 0.265625 0.160156 0.269531 0.160156 0.273438 0.164062 0.277344 0.164062 0.281250 0.167969 0.289062 0.167969 0.292969 0.167969 0.296875 0.164062 0.300781 0.160156 0.300781 0.156250 0.304688 0.152344 0.304688 0.148438 0.308594 0.148438 0.312500 0.144531 0.316406 0.140625 0.316406 0.136719 0.316406 0.132812 0.320312 0.128906 0.320312 0.125000 0.324219 0.121094 0.328125 0.125000 0.343750 0.125000 0.347656 0.125000 0.351562 0.121094 0.355469 0.121094 0.359375 0.121094 0.363281 0.117188 0.363281 0.113281
0 0.738281 0.167969 0.742188 0.171875 0.757812 0.171875 0.761719 0.171875 0.761719 0.175781 0.757812 0.179688 0.757812 0.207031 0.757812 0.210938 0.753906 0.214844 0.753906 0.218750 0.753906 0.222656 0.746094 0.230469 0.742188 0.234375 0.722656 0.234375 0.718750 0.234375 0.718750 0.230469 0.714844 0.226562 0.710938 0.226562 0.710938 0.214844 0.710938 0.210938 0.707031 0.207031 0.703125 0.207031 0.699219 0.207031 0.699219 0.195312 0.699219 0.191406 0.707031 0.183594 0.710938 0.179688 0.714844 0.179688 0.718750 0.179688 0.722656 0.175781 0.726562 0.171875 0.730469 0.171875 0.734375 0.171875 0.738281 0.167969
0 0.875000 0.195312 0.878906 0.195312 0.882812 0.195312 0.882812 0.199219 0.886719 0.203125 0.890625 0.203125 0.886719 0.207031 0.882812 0.210938 0.882812 0.214844 0.878906 0.218750 0.875000 0.222656 0.867188 0.222656 0.863281 0.222656 0.863281 0.210938 0.863281 0.207031 0.867188 0.207031 0.871094 0.203125 0.871094 0.199219 0.875000 0.195312
0 0.964844 0.257812 0.980469 0.257812 0.984375 0.257812 0.988281 0.261719 0.988281 0.265625 0.988281 0.269531 0.992188 0.273438 0.996094 0.273438 0.992188 0.277344 0.992188 0.281250 0.984375 0.289062 0.980469 0.292969 0.964844 0.292969 0.960938 0.292969 0.957031 0.289062 0.953125 0.289062 0.949219 0.285156 0.945312 0.281250 0.949219 0.277344 0.949219 0.269531 0.949219 0.265625 0.953125 0.261719 0.957031 0.261719 0.960938 0.261719 0.964844 0.257812
0 0.480469 0.261719 0.484375 0.261719 0.488281 0.261719 0.488281 0.265625 0.492188 0.269531 0.507812 0.269531 0.511719 0.269531 0.515625 0.273438 0.519531 0.273438 0.523438 0.277344 0.531250 0.277344 0.535156 0.277344 0.531250 0.281250 0.531250 0.320312 0.531250 0.324219 0.535156 0.328125 0.539062 0.328125 0.539062 0.335938 0.539062 0.339844 0.542969 0.343750 0.542969 0.355469 0.542969 0.359375 0.546875 0.363281 0.550781 0.367188 0.550781 0.371094 0.554688 0.375000 0.550781 0.378906 0.550781 0.382812 0.550781 0.386719 0.546875 0.390625 0.542969 0.390625 0.539062 0.394531 0.539062 0.398438 0.535156 0.402344 0.531250 0.402344 0.527344 0.398438 0.523438 0.394531 0.515625 0.394531 0.511719 0.390625 0.488281 0.390625 0.484375 0.390625 0.480469 0.386719 0.476562 0.386719 0.472656 0.386719 0.472656 0.382812 0.468750 0.378906 0.468750 0.375000 0.464844 0.371094 0.460938 0.371094 0.457031 0.371094 0.457031 0.367188 0.453125 0.363281 0.449219 0.363281 0.445312 0.359375 0.445312 0.347656 0.445312 0.343750 0.437500 0.335938 0.437500 0.332031 0.433594 0.328125 0.429688 0.328125 0.425781 0.328125 0.425781 0.320312 0.421875 0.316406 0.421875 0.304688 0.421875 0.300781 0.425781 0.296875 0.425781 0.292969 0.425781 0.289062 0.429688 0.285156 0.429688 0.281250 0.433594 0.277344 0.441406 0.277344 0.445312 0.277344 0.449219 0.273438 0.449219 0.269531 0.453125 0.269531 0.457031 0.265625 0.472656 0.265625 0.476562 0.265625 0.480469 0.261719
0 0.667969 0.261719 0.683594 0.261719 0.687500 0.261719 0.691406 0.265625 0.695312 0.265625 0.699219 0.269531 0.703125 0.269531 0.707031 0.273438 0.707031 0.289062 0.707031 0.292969 0.710938 0.296875 0.710938 0.300781 0.714844 0.304688 0.714844 0.308594 0.714844 0.312500 0.707031 0.320312 0.703125 0.324219 0.699219 0.324219 0.695312 0.324219 0.691406 0.328125 0.687500 0.328125 0.687500 0.324219 0.687500 0.320312 0.683594 0.316406 0.683594 0.308594 0.683594 0.304688 0.679688 0.300781 0.671875 0.300781 0.667969 0.296875 0.667969 0.292969 0.664062 0.289062 0.664062 0.269531 0.664062 0.265625 0.667969 0.261719
0 0.800781 0.269531 0.812500 0.269531 0.816406 0.269531 0.820312 0.273438 0.824219 0.273438 0.828125 0.273438 0.828125 0.285156 0.828125 0.289062 0.832031 0.292969 0.835938 0.292969 0.835938 0.296875 0.835938 0.300781 0.839844 0.304688 0.843750 0.308594 0.839844 0.312500 0.839844 0.316406 0.820312 0.335938 0.820312 0.339844 0.812500 0.332031 0.808594 0.328125 0.808594 0.324219 0.804688 0.320312 0.800781 0.320312 0.796875 0.320312 0.789062 0.312500 0.789062 0.308594 0.785156 0.304688 0.781250 0.304688 0.777344 0.304688 0.777344 0.296875 0.773438 0.292969 0.773438 0.277344 0.777344 0.273438 0.792969 0.273438 0.796875 0.273438 0.800781 0.269531
0 0.238281 0.328125 0.242188 0.328125 0.246094 0.328125 0.246094 0.332031 0.246094 0.335938 0.250000 0.339844 0.253906 0.339844 0.257812 0.343750 0.281250 0.343750 0.285156 0.343750 0.289062 0.347656 0.292969 0.351562 0.296875 0.351562 0.300781 0.355469 0.304688 0.359375 0.328125 0.359375 0.332031 0.359375 0.335938 0.363281 0.339844 0.367188 0.343750 0.367188 0.347656 0.371094 0.371094 0.371094 0.375000 0.371094 0.375000 0.375000 0.378906 0.378906 0.382812 0.378906 0.382812 0.382812 0.382812 0.386719 0.386719 0.390625 0.390625 0.390625 0.390625 0.394531 0.394531 0.398438 0.398438 0.402344 0.398438 0.410156 0.394531 0.414062 0.394531 0.433594 0.390625 0.437500 0.390625 0.472656 0.394531 0.476562 0.390625 0.480469 0.390625 0.507812 0.390625 0.511719 0.386719 0.515625 0.382812 0.519531 0.382812 0.531250 0.382812 0.535156 0.375000 0.542969 0.371094 0.546875 0.343750 0.546875 0.339844 0.546875 0.335938 0.550781 0.328125 0.550781 0.324219 0.554688 0.320312 0.554688 0.316406 0.554688 0.312500 0.550781 0.304688 0.550781 0.300781 0.550781 0.296875 0.554688 0.292969 0.558594 0.277344 0.558594 0.273438 0.562500 0.257812 0.546875 0.253906 0.542969 0.253906 0.539062 0.253906 0.535156 0.250000 0.531250 0.242188 0.531250 0.238281 0.531250 0.238281 0.527344 0.234375 0.523438 0.234375 0.511719 0.234375 0.507812 0.230469 0.503906 0.214844 0.503906 0.210938 0.500000 0.210938 0.484375 0.210938 0.480469 0.199219 0.468750 0.195312 0.464844 0.183594 0.464844 0.179688 0.464844 0.175781 0.468750 0.171875 0.472656 0.140625 0.472656 0.136719 0.468750 0.140625 0.464844 0.144531 0.460938 0.144531 0.457031 0.144531 0.453125 0.148438 0.453125 0.152344 0.449219 0.152344 0.445312 0.160156 0.445312 0.164062 0.445312 0.167969 0.441406 0.171875 0.441406 0.175781 0.437500 0.179688 0.437500 0.183594 0.437500 0.187500 0.433594 0.191406 0.429688 0.191406 0.410156 0.191406 0.406250 0.195312 0.402344 0.195312 0.378906 0.191406 0.375000 0.195312 0.371094 0.195312 0.367188 0.195312 0.363281 0.199219 0.359375 0.199219 0.355469 0.199219 0.351562 0.203125 0.347656 0.207031 0.347656 0.210938 0.343750 0.214844 0.339844 0.218750 0.339844 0.222656 0.335938 0.226562 0.332031 0.230469 0.332031 0.234375 0.332031 0.238281 0.328125
0 0.906250 0.339844 0.910156 0.339844 0.914062 0.339844 0.921875 0.347656 0.925781 0.347656 0.925781 0.351562 0.929688 0.355469 0.933594 0.355469 0.929688 0.359375 0.929688 0.371094 0.929688 0.375000 0.925781 0.378906 0.925781 0.382812 0.921875 0.386719 0.917969 0.386719 0.914062 0.390625 0.914062 0.394531 0.910156 0.390625 0.906250 0.390625 0.898438 0.382812 0.894531 0.382812 0.894531 0.378906 0.890625 0.375000 0.886719 0.375000 0.886719 0.363281 0.886719 0.359375 0.894531 0.351562 0.894531 0.347656 0.898438 0.343750 0.902344 0.343750 0.906250 0.339844
0 0.085938 0.554688 0.093750 0.554688 0.097656 0.554688 0.101562 0.558594 0.105469 0.558594 0.109375 0.558594 0.113281 0.562500 0.117188 0.562500 0.117188 0.566406 0.121094 0.570312 0.125000 0.570312 0.125000 0.574219 0.125000 0.578125 0.128906 0.582031 0.132812 0.582031 0.132812 0.585938 0.136719 0.589844 0.132812 0.593750 0.132812 0.605469 0.132812 0.609375 0.136719 0.613281 0.140625 0.617188 0.144531 0.617188 0.148438 0.621094 0.160156 0.621094 0.164062 0.621094 0.167969 0.625000 0.167969 0.628906 0.167969 0.632812 0.171875 0.636719 0.175781 0.640625 0.183594 0.640625 0.187500 0.640625 0.191406 0.636719 0.195312 0.636719 0.199219 0.636719 0.203125 0.640625 0.207031 0.640625 0.210938 0.644531 0.214844 0.644531 0.218750 0.648438 0.226562 0.648438 0.230469 0.648438 0.234375 0.644531 0.238281 0.644531 0.242188 0.644531 0.242188 0.648438 0.246094 0.652344 0.250000 0.656250 0.253906 0.656250 0.257812 0.660156 0.257812 0.664062 0.253906 0.667969 0.250000 0.671875 0.238281 0.671875 0.234375 0.667969 0.199219 0.667969 0.195312 0.671875 0.195312 0.687500 0.199219 0.691406 0.195312 0.695312 0.195312 0.703125 0.191406 0.707031 0.191406 0.718750 0.191406 0.722656 0.199219 0.730469 0.203125 0.730469 0.203125 0.734375 0.210938 0.742188 0.214844 0.746094 0.214844 0.761719 0.214844 0.765625 0.203125 0.777344 0.199219 0.781250 0.199219 0.796875 0.199219 0.800781 0.195312 0.804688 0.191406 0.808594 0.187500 0.808594 0.183594 0.812500 0.179688 0.812500 0.179688 0.808594 0.175781 0.804688 0.171875 0.800781 0.167969 0.800781 0.164062 0.796875 0.152344 0.796875 0.148438 0.796875 0.144531 0.792969 0.140625 0.792969 0.125000 0.777344 0.121094 0.773438 0.121094 0.746094 0.121094 0.742188 0.117188 0.738281 0.113281 0.738281 0.117188 0.738281 0.125000 0.730469 0.125000 0.726562 0.128906 0.726562 0.132812 0.726562 0.136719 0.722656 0.140625 0.718750 0.140625 0.687500 0.136719 0.683594 0.140625 0.679688 0.140625 0.664062 0.140625 0.660156 0.136719 0.656250 0.117188 0.656250 0.113281 0.656250 0.109375 0.660156 0.105469 0.664062 0.089844 0.664062 0.085938 0.664062 0.082031 0.660156 0.078125 0.656250 0.078125 0.652344 0.074219 0.648438 0.074219 0.644531 0.070312 0.640625 0.066406 0.640625 0.062500 0.636719 0.058594 0.632812 0.042969 0.632812 0.039062 0.632812 0.035156 0.628906 0.035156 0.625000 0.035156 0.621094 0.027344 0.613281 0.023438 0.613281 0.023438 0.609375 0.023438 0.605469 0.027344 0.601562 0.027344 0.597656 0.031250 0.597656 0.035156 0.593750 0.039062 0.589844 0.042969 0.589844 0.046875 0.589844 0.050781 0.585938 0.050781 0.582031 0.054688 0.578125 0.058594 0.578125 0.070312 0.566406 0.074219 0.562500 0.078125 0.562500 0.085938 0.554688
0 0.691406 0.582031 0.695312 0.582031 0.699219 0.582031 0.703125 0.585938 0.707031 0.585938 0.707031 0.589844 0.707031 0.593750 0.710938 0.597656 0.710938 0.601562 0.714844 0.605469 0.714844 0.609375 0.718750 0.613281 0.718750 0.617188 0.714844 0.621094 0.714844 0.625000 0.710938 0.628906 0.691406 0.628906 0.687500 0.628906 0.687500 0.625000 0.687500 0.621094 0.683594 0.617188 0.679688 0.617188 0.679688 0.605469 0.679688 0.601562 0.683594 0.597656 0.683594 0.593750 0.687500 0.589844 0.687500 0.585938 0.691406 0.582031
0 0.863281 0.687500 0.867188 0.691406 0.871094 0.695312 0.875000 0.695312 0.878906 0.695312 0.878906 0.710938 0.882812 0.714844 0.890625 0.714844 0.894531 0.714844 0.902344 0.707031 0.902344 0.703125 0.906250 0.707031 0.910156 0.707031 0.914062 0.707031 0.917969 0.710938 0.921875 0.710938 0.925781 0.710938 0.933594 0.718750 0.933594 0.722656 0.917969 0.738281 0.914062 0.742188 0.894531 0.742188 0.890625 0.742188 0.878906 0.753906 0.875000 0.753906 0.855469 0.773438 0.851562 0.777344 0.847656 0.777344 0.843750 0.781250 0.839844 0.781250 0.835938 0.785156 0.832031 0.789062 0.828125 0.789062 0.824219 0.789062 0.816406 0.796875 0.816406 0.800781 0.812500 0.796875 0.808594 0.796875 0.808594 0.792969 0.804688 0.789062 0.800781 0.789062 0.796875 0.789062 0.796875 0.777344 0.796875 0.773438 0.792969 0.769531 0.792969 0.765625 0.789062 0.761719 0.785156 0.757812 0.785156 0.722656 0.781250 0.718750 0.785156 0.718750 0.792969 0.710938 0.796875 0.707031 0.800781 0.710938 0.812500 0.710938 0.816406 0.710938 0.820312 0.707031 0.835938 0.707031 0.839844 0.707031 0.843750 0.703125 0.847656 0.699219 0.851562 0.699219 0.855469 0.695312 0.855469 0.691406 0.859375 0.691406 0.863281 0.687500
0 0.480469 0.742188 0.484375 0.746094 0.488281 0.746094 0.496094 0.753906 0.500000 0.757812 0.500000 0.765625 0.500000 0.769531 0.503906 0.773438 0.507812 0.773438 0.511719 0.777344 0.511719 0.781250 0.515625 0.785156 0.519531 0.785156 0.515625 0.789062 0.511719 0.792969 0.511719 0.808594 0.511719 0.812500 0.515625 0.816406 0.515625 0.820312 0.515625 0.824219 0.511719 0.828125 0.507812 0.832031 0.507812 0.835938 0.503906 0.839844 0.503906 0.855469 0.503906 0.859375 0.507812 0.863281 0.511719 0.863281 0.507812 0.867188 0.507812 0.871094 0.500000 0.878906 0.496094 0.882812 0.496094 0.902344 0.496094 0.906250 0.500000 0.910156 0.507812 0.910156 0.511719 0.910156 0.519531 0.902344 0.523438 0.898438 0.523438 0.894531 0.527344 0.890625 0.531250 0.886719 0.535156 0.886719 0.539062 0.886719 0.542969 0.882812 0.546875 0.878906 0.562500 0.878906 0.566406 0.878906 0.566406 0.882812 0.566406 0.886719 0.570312 0.890625 0.574219 0.894531 0.578125 0.894531 0.582031 0.898438 0.593750 0.898438 0.597656 0.898438 0.597656 0.902344 0.597656 0.906250 0.605469 0.914062 0.609375 0.917969 0.609375 0.921875 0.613281 0.925781 0.613281 0.933594 0.617188 0.937500 0.613281 0.941406 0.613281 0.945312 0.597656 0.960938 0.597656 0.964844 0.578125 0.984375 0.574219 0.988281 0.570312 0.988281 0.566406 0.988281 0.562500 0.984375 0.558594 0.984375 0.554688 0.980469 0.550781 0.976562 0.546875 0.976562 0.542969 0.976562 0.535156 0.968750 0.531250 0.964844 0.527344 0.964844 0.515625 0.953125 0.511719 0.949219 0.511719 0.941406 0.507812 0.937500 0.496094 0.937500 0.492188 0.937500 0.480469 0.949219 0.476562 0.949219 0.476562 0.945312 0.472656 0.941406 0.468750 0.937500 0.468750 0.929688 0.468750 0.925781 0.464844 0.921875 0.460938 0.921875 0.457031 0.921875 0.457031 0.886719 0.457031 0.882812 0.453125 0.878906 0.449219 0.875000 0.445312 0.875000 0.441406 0.875000 0.437500 0.871094 0.433594 0.871094 0.433594 0.867188 0.429688 0.863281 0.425781 0.859375 0.421875 0.859375 0.417969 0.855469 0.414062 0.855469 0.414062 0.851562 0.410156 0.847656 0.382812 0.847656 0.378906 0.843750 0.378906 0.835938 0.382812 0.832031 0.382812 0.820312 0.382812 0.816406 0.386719 0.812500 0.386719 0.808594 0.390625 0.804688 0.394531 0.800781 0.394531 0.796875 0.398438 0.792969 0.398438 0.789062 0.402344 0.789062 0.406250 0.785156 0.429688 0.785156 0.433594 0.785156 0.437500 0.781250 0.441406 0.777344 0.441406 0.773438 0.445312 0.769531 0.445312 0.765625 0.457031 0.753906 0.460938 0.750000 0.468750 0.750000 0.472656 0.750000 0.480469 0.742188
0 0.191406 0.964844 0.195312 0.968750 0.199219 0.968750 0.203125 0.972656 0.207031 0.972656 0.210938 0.976562 0.210938 0.980469 0.214844 0.984375 0.214844 0.988281 0.218750 0.992188 0.222656 0.996094 0.222656 1.000000 0.156250 1.000000 0.156250 1.000000 0.156250 0.996094 0.152344 0.992188 0.152344 0.984375 0.152344 0.980469 0.156250 0.980469 0.164062 0.972656 0.167969 0.968750 0.183594 0.968750 0.187500 0.968750 0.191406 0.964844
0 0.277638 0.752839 0.277638 0.743307 0.276800 0.742888 0.277219 0.742155 0.277010 0.730947 0.261717 0.730738 0.261717 0.723825 0.260250 0.722777 0.256061 0.721939 0.243387 0.721939 0.241921 0.722568 0.239197 0.722568 0.239197 0.724034 0.238150 0.724034 0.237102 0.727386 0.235007 0.729271 0.233541 0.729481 0.233541 0.739222 0.236055 0.740898 0.236474 0.745087 0.237312 0.747182 0.240873 0.751791 0.244016 0.753886 0.246320 0.757447 0.257318 0.757447 0.257318 0.753677 0.270934 0.753886 0.276591 0.752839
0 0.699759 0.861489 0.699759 0.843843 0.697955 0.843121 0.687342 0.843121 0.687342 0.845466 0.685900 0.846909 0.683709 0.845466 0.683349 0.844023 0.681545 0.843121 0.671654 0.843121 0.671654 0.846548 0.669309 0.847269 0.665522 0.850154 0.660834 0.851958 0.660112 0.853400 0.660112 0.865636 0.662998 0.865997 0.662998 0.871046 0.663719 0.871227 0.674152 0.871227 0.674332 0.867620 0.675801 0.867800 0.677965 0.869243 0.678145 0.870686 0.687677 0.870686 0.687677 0.863292 0.697955 0.863292 0.699398 0.862932 0.699579 0.861489
0 0.863369 0.545016 0.863369 0.535485 0.840332 0.535019 0.839867 0.548276 0.840488 0.550387 0.839867 0.551473 0.838625 0.551939 0.838159 0.554734 0.831950 0.556596 0.831950 0.566283 0.835986 0.566748 0.835520 0.568704 0.835520 0.579011 0.845052 0.579011 0.846914 0.574820 0.848622 0.572957 0.852037 0.571250 0.853900 0.567214 0.856228 0.564265 0.859332 0.563023 0.859798 0.550760 0.863213 0.550760 0.863213 0.545016
