0 0.070312 0.000000 0.089844 0.000000 0.089844 0.003906 0.085938 0.007812 0.082031 0.011719 0.078125 0.011719 0.074219 0.011719 0.074219 0.007812 0.074219 0.003906 0.070312 0.000000
0 0.214844 0.003906 0.210938 0.000000 0.187500 0.000000 0.187500 0.011719 0.191406 0.015625 0.191406 0.031250 0.199219 0.039062 0.199219 0.042969 0.203125 0.046875 0.210938 0.039062 0.210938 0.007812
0 0.281250 0.000000 0.285156 0.000000 0.289062 0.003906 0.289062 0.007812 0.292969 0.011719 0.296875 0.011719 0.300781 0.015625 0.300781 0.019531 0.296875 0.023438 0.277344 0.023438 0.273438 0.023438 0.273438 0.015625 0.273438 0.011719 0.277344 0.011719 0.281250 0.007812 0.281250 0.000000
0 0.730469 0.011719 0.734375 0.011719 0.738281 0.011719 0.742188 0.015625 0.750000 0.015625 0.753906 0.019531 0.750000 0.019531 0.746094 0.023438 0.746094 0.027344 0.742188 0.023438 0.734375 0.023438 0.730469 0.023438 0.730469 0.019531 0.726562 0.015625 0.730469 0.011719
0 0.320312 0.027344 0.324219 0.027344 0.328125 0.027344 0.328125 0.042969 0.328125 0.046875 0.324219 0.050781 0.320312 0.050781 0.316406 0.054688 0.312500 0.054688 0.308594 0.050781 0.308594 0.046875 0.304688 0.042969 0.304688 0.035156 0.304688 0.031250 0.312500 0.031250 0.316406 0.031250 0.320312 0.027344
0 0.953125 0.027344 0.964844 0.027344 0.968750 0.031250 0.964844 0.035156 0.960938 0.039062 0.957031 0.039062 0.953125 0.039062 0.953125 0.027344
0 0.328125 0.093750 0.332031 0.097656 0.335938 0.097656 0.339844 0.101562 0.339844 0.105469 0.335938 0.109375 0.332031 0.113281 0.328125 0.113281 0.324219 0.109375 0.324219 0.105469 0.320312 0.101562 0.328125 0.093750
0 0.035156 0.128906 0.046875 0.128906 0.050781 0.128906 0.054688 0.132812 0.058594 0.132812 0.054688 0.136719 0.054688 0.152344 0.054688 0.156250 0.050781 0.160156 0.050781 0.164062 0.050781 0.167969 0.046875 0.171875 0.046875 0.175781 0.042969 0.179688 0.035156 0.179688 0.031250 0.179688 0.027344 0.175781 0.015625 0.175781 0.011719 0.175781 0.007812 0.171875 0.003906 0.171875 0.000000 0.167969 0.000000 0.144531 0.000000 0.144531 0.000000 0.136719 0.000000 0.136719 0.003906 0.132812 0.027344 0.132812 0.031250 0.132812 0.035156 0.128906
0 0.441406 0.156250 0.449219 0.156250 0.453125 0.160156 0.453125 0.167969 0.453125 0.171875 0.457031 0.175781 0.460938 0.179688 0.460938 0.183594 0.457031 0.187500 0.441406 0.187500 0.437500 0.187500 0.437500 0.167969 0.437500 0.164062 0.441406 0.160156 0.441406 0.156250
0 0.000000 0.214844 0.019531 0.214844 0.023438 0.218750 0.015625 0.226562 0.011719 0.230469 0.007812 0.226562 0.003906 0.226562 0.000000 0.222656 0.000000 0.218750 0.000000 0.218750
0 0.367188 0.261719 0.382812 0.261719 0.386719 0.265625 0.382812 0.269531 0.382812 0.273438 0.378906 0.277344 0.371094 0.277344 0.367188 0.281250 0.363281 0.277344 0.363281 0.273438 0.359375 0.269531 0.367188 0.261719
0 0.437500 0.261719 0.441406 0.261719 0.445312 0.261719 0.449219 0.265625 0.453125 0.265625 0.445312 0.273438 0.441406 0.277344 0.441406 0.273438 0.437500 0.269531 0.433594 0.265625 0.437500 0.261719
0 0.984375 0.339844 0.972656 0.328125 0.968750 0.328125 0.964844 0.324219 0.964844 0.316406 0.960938 0.312500 0.960938 0.308594 0.957031 0.304688 0.949219 0.304688 0.945312 0.300781 0.945312 0.304688 0.937500 0.312500 0.937500 0.335938 0.941406 0.339844 0.941406 0.347656 0.945312 0.347656 0.949219 0.351562 0.960938 0.351562 0.964844 0.347656 0.968750 0.347656 0.972656 0.343750 0.976562 0.343750 0.980469 0.339844
0 0.644531 0.363281 0.671875 0.363281 0.675781 0.363281 0.679688 0.367188 0.683594 0.367188 0.687500 0.371094 0.691406 0.371094 0.691406 0.375000 0.691406 0.378906 0.695312 0.382812 0.695312 0.386719 0.699219 0.390625 0.703125 0.390625 0.707031 0.394531 0.707031 0.398438 0.707031 0.402344 0.703125 0.406250 0.699219 0.410156 0.699219 0.417969 0.695312 0.421875 0.691406 0.421875 0.687500 0.425781 0.675781 0.425781 0.671875 0.425781 0.667969 0.421875 0.664062 0.421875 0.660156 0.417969 0.640625 0.417969 0.636719 0.417969 0.632812 0.414062 0.628906 0.410156 0.628906 0.406250 0.628906 0.402344 0.625000 0.398438 0.625000 0.394531 0.625000 0.390625 0.628906 0.390625 0.632812 0.386719 0.636719 0.382812 0.640625 0.382812 0.644531 0.378906 0.644531 0.363281
0 0.992188 0.375000 1.000000 0.375000 1.000000 0.375000 1.000000 0.390625 1.000000 0.390625 1.000000 0.394531 0.996094 0.390625 0.992188 0.390625 0.988281 0.386719 0.988281 0.382812 0.988281 0.378906 0.992188 0.375000
0 0.425781 0.386719 0.425781 0.382812 0.421875 0.378906 0.414062 0.378906 0.410156 0.382812 0.398438 0.382812 0.394531 0.386719 0.390625 0.386719 0.386719 0.390625 0.385946 0.390625 0.386209 0.402071 0.382812 0.402071 0.382812 0.406132 0.406250 0.406250 0.410156 0.402344 0.410156 0.398438 0.414062 0.394531 0.417969 0.394531
0 0.859375 0.539062 0.863281 0.539062 0.867188 0.539062 0.867188 0.542969 0.867188 0.546875 0.863281 0.550781 0.855469 0.550781 0.851562 0.550781 0.851562 0.546875 0.851562 0.542969 0.855469 0.542969 0.859375 0.539062
0 0.125000 0.542969 0.144531 0.542969 0.148438 0.542969 0.148438 0.546875 0.152344 0.550781 0.152344 0.554688 0.152344 0.558594 0.156250 0.562500 0.156250 0.566406 0.160156 0.570312 0.160156 0.574219 0.164062 0.578125 0.164062 0.582031 0.164062 0.585938 0.167969 0.589844 0.167969 0.593750 0.171875 0.597656 0.171875 0.621094 0.175781 0.625000 0.175781 0.632812 0.175781 0.636719 0.171875 0.640625 0.167969 0.644531 0.160156 0.644531 0.156250 0.644531 0.156250 0.640625 0.152344 0.636719 0.148438 0.632812 0.148438 0.628906 0.144531 0.625000 0.140625 0.621094 0.140625 0.617188 0.140625 0.613281 0.136719 0.609375 0.136719 0.605469 0.132812 0.601562 0.132812 0.589844 0.132812 0.585938 0.128906 0.582031 0.128906 0.578125 0.125000 0.574219 0.125000 0.542969
0 0.203125 0.601562 0.210938 0.601562 0.214844 0.601562 0.214844 0.605469 0.218750 0.609375 0.218750 0.613281 0.214844 0.617188 0.210938 0.617188 0.207031 0.617188 0.203125 0.613281 0.203125 0.601562
0 0.226562 0.625000 0.234375 0.625000 0.238281 0.625000 0.242188 0.628906 0.246094 0.628906 0.246094 0.632812 0.250000 0.636719 0.250000 0.640625 0.250000 0.644531 0.246094 0.648438 0.242188 0.648438 0.238281 0.644531 0.234375 0.644531 0.230469 0.640625 0.230469 0.636719 0.226562 0.632812 0.226562 0.625000
0 0.285156 0.640625 0.300781 0.640625 0.304688 0.640625 0.304688 0.652344 0.304688 0.656250 0.300781 0.660156 0.300781 0.664062 0.300781 0.667969 0.296875 0.671875 0.292969 0.671875 0.289062 0.675781 0.281250 0.675781 0.277344 0.675781 0.273438 0.679688 0.269531 0.679688 0.265625 0.679688 0.261719 0.675781 0.257812 0.671875 0.257812 0.660156 0.257812 0.656250 0.261719 0.656250 0.265625 0.656250 0.269531 0.652344 0.273438 0.652344 0.277344 0.648438 0.281250 0.648438 0.285156 0.644531 0.285156 0.640625
0 0.628906 0.640625 0.640625 0.640625 0.644531 0.640625 0.648438 0.644531 0.648438 0.648438 0.644531 0.652344 0.636719 0.652344 0.632812 0.656250 0.628906 0.652344 0.625000 0.648438 0.628906 0.644531 0.628906 0.640625
0 0.761719 0.707031 0.781250 0.707031 0.785156 0.707031 0.785156 0.710938 0.789062 0.714844 0.792969 0.714844 0.796875 0.718750 0.792969 0.718750 0.789062 0.722656 0.781250 0.722656 0.777344 0.726562 0.773438 0.722656 0.769531 0.722656 0.765625 0.718750 0.761719 0.718750 0.757812 0.718750 0.757812 0.714844 0.757812 0.710938 0.761719 0.707031
0 0.377483 0.749680 0.363281 0.750579 0.363281 0.742188 0.359375 0.738281 0.363281 0.734375 0.378906 0.734375 0.379080 0.749680
0 0.613281 0.773438 0.617188 0.773438 0.621094 0.773438 0.625000 0.777344 0.628906 0.777344 0.628906 0.781250 0.632812 0.785156 0.636719 0.785156 0.636719 0.789062 0.632812 0.792969 0.621094 0.792969 0.617188 0.796875 0.613281 0.792969 0.613281 0.773438
0 0.445312 0.804688 0.453125 0.804688 0.457031 0.808594 0.457031 0.816406 0.460938 0.820312 0.460938 0.824219 0.460938 0.828125 0.457031 0.832031 0.453125 0.835938 0.445312 0.835938 0.441406 0.835938 0.441406 0.816406 0.441406 0.812500 0.445312 0.808594 0.445312 0.804688
0 0.734375 0.804688 0.742188 0.804688 0.746094 0.804688 0.742188 0.808594 0.742188 0.820312 0.742188 0.824219 0.738281 0.828125 0.738281 0.832031 0.730469 0.839844 0.726562 0.843750 0.722656 0.839844 0.718750 0.839844 0.714844 0.835938 0.710938 0.835938 0.710938 0.832031 0.707031 0.828125 0.707031 0.820312 0.707031 0.816406 0.710938 0.812500 0.714844 0.812500 0.718750 0.808594 0.726562 0.808594 0.730469 0.808594 0.734375 0.804688
0 0.019531 0.812500 0.023438 0.816406 0.027344 0.816406 0.027344 0.820312 0.027344 0.824219 0.023438 0.828125 0.023438 0.832031 0.019531 0.835938 0.003906 0.835938 0.000000 0.835938 0.000000 0.835938 0.000000 0.828125 0.003906 0.824219 0.007812 0.820312 0.011719 0.820312 0.019531 0.812500
0 0.410156 0.871094 0.421875 0.871094 0.425781 0.871094 0.429688 0.875000 0.429688 0.878906 0.425781 0.882812 0.421875 0.886719 0.417969 0.882812 0.414062 0.882812 0.414062 0.878906 0.414062 0.875000 0.410156 0.871094
0 0.937500 0.906250 0.941406 0.906250 0.945312 0.906250 0.945312 0.910156 0.949219 0.914062 0.949219 0.917969 0.953125 0.921875 0.949219 0.921875 0.945312 0.925781 0.941406 0.929688 0.937500 0.929688 0.937500 0.925781 0.933594 0.921875 0.929688 0.921875 0.929688 0.914062 0.929688 0.910156 0.933594 0.910156 0.937500 0.906250
0 0.062500 0.917969 0.070312 0.917969 0.074219 0.917969 0.074219 0.925781 0.078125 0.929688 0.093750 0.929688 0.097656 0.929688 0.101562 0.933594 0.105469 0.933594 0.105469 0.937500 0.105469 0.941406 0.101562 0.945312 0.093750 0.945312 0.089844 0.945312 0.085938 0.949219 0.085938 0.953125 0.082031 0.957031 0.066406 0.957031 0.062500 0.957031 0.058594 0.953125 0.058594 0.929688 0.058594 0.925781 0.062500 0.921875 0.062500 0.917969
0 0.335938 0.937500 0.347656 0.937500 0.351562 0.937500 0.351562 0.941406 0.355469 0.945312 0.355469 0.957031 0.359375 0.960938 0.359375 0.968750 0.359375 0.972656 0.355469 0.976562 0.351562 0.980469 0.335938 0.980469 0.332031 0.976562 0.332031 0.964844 0.332031 0.960938 0.335938 0.960938 0.339844 0.957031 0.339844 0.945312 0.339844 0.941406 0.335938 0.937500
0 0.085938 1.000000 0.085938 1.000000 0.085938 0.992188 0.082031 0.988281 0.070312 0.988281 0.066406 0.984375 0.062500 0.988281 0.058594 0.988281 0.054688 0.992188 0.050781 0.992188 0.046875 0.996094 0.042969 0.996094 0.039062 1.000000
0 1.000000 0.351295 1.000000 0.339808 0.996352 0.339885 0.996118 0.342701 0.992206 0.342701 0.992206 0.351061 0.995414 0.351295
