0 0.164062 0.789062 0.171875 0.792969 0.175781 0.796875 0.187500 0.835938 0.191406 0.839844 0.195312 0.886719 0.199219 0.890625 0.195312 0.910156 0.191406 0.914062 0.187500 0.914062 0.183594 0.914062 0.164062 0.890625 0.160156 0.886719 0.164062 0.859375 0.164062 0.855469 0.156250 0.800781 0.156250 0.796875 0.164062 0.789062
0 0.050781 0.816406 0.109375 0.847656 0.113281 0.847656 0.148438 0.875000 0.152344 0.875000 0.160156 0.890625 0.160156 0.894531 0.152344 0.898438 0.148438 0.898438 0.121094 0.886719 0.117188 0.882812 0.093750 0.894531 0.089844 0.894531 0.082031 0.871094 0.082031 0.867188 0.050781 0.843750 0.046875 0.839844 0.050781 0.816406
0 0.598079 0.033523 0.587244 0.033523 0.585077 0.032078 0.585077 0.023410 0.582910 0.020521 0.580743 0.015464 0.580743 0.000000 0.610216 0.000000 0.609636 0.001740 0.603857 0.008963 0.602413 0.014020 0.602413 0.016187 0.616137 0.020521 0.620471 0.020521 0.628417 0.018354 0.630584 0.016187 0.633473 0.014742 0.637085 0.011852 0.639252 0.011852 0.641419 0.012575 0.648642 0.020521 0.649364 0.022687 0.649364 0.027021 0.648642 0.029189 0.631306 0.037857 0.630584 0.040023 0.630584 0.057359 0.629139 0.059527 0.626972 0.060249 0.622638 0.060971 0.613970 0.060971 0.609636 0.059527 0.608191 0.058082 0.607469 0.053748 0.606025 0.050859 0.604580 0.049414 0.604580 0.047247 0.601691 0.040023
0 0.062528 0.692007 0.055423 0.688454 0.050094 0.683718 0.048910 0.680757 0.048318 0.675428 0.050686 0.671284 0.053054 0.669507 0.056015 0.668915 0.064304 0.668915 0.067265 0.669507 0.069633 0.673652 0.070225 0.676020 0.070225 0.688454 0.069041 0.690230
0 0.667969 0.625000 0.683594 0.625000 0.687500 0.625000 0.707031 0.640625 0.710938 0.644531 0.714844 0.667969 0.714844 0.671875 0.703125 0.691406 0.699219 0.695312 0.691406 0.691406 0.687500 0.687500 0.671875 0.652344 0.667969 0.648438 0.667969 0.625000
0 0.132812 0.441406 0.167969 0.445312 0.171875 0.445312 0.210938 0.468750 0.214844 0.472656 0.210938 0.476562 0.207031 0.480469 0.160156 0.472656 0.156250 0.472656 0.136719 0.460938 0.132812 0.460938 0.132812 0.441406
0 0.550781 0.000000 0.550781 0.000000 0.554688 0.003906 0.554688 0.007812 0.558594 0.011719 0.558594 0.019531 0.558594 0.023438 0.562500 0.027344 0.562500 0.031250 0.562500 0.035156 0.558594 0.039062 0.554688 0.042969 0.550781 0.042969 0.546875 0.042969 0.542969 0.046875 0.539062 0.050781 0.539062 0.039062 0.539062 0.035156 0.531250 0.027344 0.527344 0.023438 0.527344 0.011719 0.523438 0.007812 0.523438 0.003906 0.523438 0.000000 0.523438 0.000000
0 0.371094 0.285156 0.375000 0.285156 0.378906 0.285156 0.382812 0.289062 0.382812 0.292969 0.386719 0.296875 0.382812 0.300781 0.382812 0.304688 0.375000 0.312500 0.375000 0.316406 0.371094 0.320312 0.367188 0.320312 0.363281 0.320312 0.359375 0.316406 0.355469 0.312500 0.355469 0.304688 0.355469 0.300781 0.359375 0.300781 0.367188 0.292969 0.371094 0.289062 0.371094 0.285156
0 0.046875 0.406250 0.054688 0.406250 0.058594 0.406250 0.058594 0.410156 0.058594 0.414062 0.066406 0.421875 0.066406 0.425781 0.062500 0.429688 0.062500 0.433594 0.062500 0.437500 0.058594 0.441406 0.054688 0.445312 0.050781 0.445312 0.046875 0.449219 0.042969 0.453125 0.039062 0.453125 0.035156 0.453125 0.031250 0.449219 0.031250 0.445312 0.027344 0.441406 0.031250 0.437500 0.031250 0.433594 0.035156 0.429688 0.035156 0.425781 0.042969 0.417969 0.046875 0.414062 0.046875 0.406250
0 0.109375 0.480469 0.113281 0.484375 0.113281 0.488281 0.113281 0.492188 0.109375 0.496094 0.105469 0.500000 0.105469 0.511719 0.105469 0.515625 0.101562 0.519531 0.101562 0.523438 0.101562 0.527344 0.097656 0.531250 0.097656 0.535156 0.097656 0.539062 0.093750 0.542969 0.093750 0.546875 0.085938 0.554688 0.082031 0.558594 0.078125 0.554688 0.082031 0.550781 0.082031 0.531250 0.082031 0.527344 0.085938 0.523438 0.085938 0.519531 0.089844 0.515625 0.089844 0.511719 0.093750 0.507812 0.093750 0.503906 0.093750 0.500000 0.101562 0.492188 0.105469 0.488281 0.105469 0.484375 0.109375 0.480469
0 0.972656 0.691406 0.984375 0.691406 0.988281 0.691406 0.992188 0.695312 0.996094 0.695312 0.996094 0.718750 1.000000 0.722656 0.992188 0.730469 0.988281 0.734375 0.984375 0.734375 0.984375 0.730469 0.980469 0.726562 0.976562 0.726562 0.968750 0.718750 0.964844 0.718750 0.964844 0.703125 0.964844 0.699219 0.972656 0.691406
0 0.222656 0.703125 0.226562 0.703125 0.230469 0.703125 0.234375 0.707031 0.238281 0.707031 0.242188 0.710938 0.246094 0.710938 0.257812 0.722656 0.257812 0.726562 0.261719 0.730469 0.265625 0.730469 0.269531 0.734375 0.269531 0.738281 0.273438 0.742188 0.273438 0.746094 0.277344 0.750000 0.277344 0.753906 0.281250 0.757812 0.281250 0.761719 0.281250 0.765625 0.285156 0.769531 0.289062 0.773438 0.289062 0.777344 0.292969 0.781250 0.292969 0.785156 0.292969 0.789062 0.296875 0.792969 0.300781 0.796875 0.300781 0.800781 0.289062 0.812500 0.289062 0.816406 0.285156 0.812500 0.285156 0.808594 0.277344 0.800781 0.273438 0.800781 0.273438 0.792969 0.273438 0.789062 0.261719 0.777344 0.257812 0.773438 0.257812 0.769531 0.257812 0.765625 0.246094 0.753906 0.242188 0.750000 0.238281 0.750000 0.234375 0.746094 0.230469 0.746094 0.230469 0.742188 0.226562 0.738281 0.226562 0.722656 0.226562 0.718750 0.222656 0.714844 0.218750 0.714844 0.218750 0.710938 0.218750 0.707031 0.222656 0.703125
0 0.945312 0.894531 0.957031 0.894531 0.960938 0.894531 0.964844 0.898438 0.968750 0.898438 0.972656 0.902344 0.976562 0.902344 0.976562 0.910156 0.980469 0.914062 0.980469 0.925781 0.984375 0.929688 0.976562 0.937500 0.972656 0.941406 0.968750 0.941406 0.968750 0.933594 0.964844 0.929688 0.961955 0.925102 0.966712 0.922046 0.968750 0.914062 0.964844 0.910156 0.960938 0.910156 0.957031 0.906250 0.949219 0.906250 0.945312 0.906250 0.941406 0.902344 0.945312 0.898438 0.945312 0.894531
