0 0.045922 0.949702 0.045466 0.944619 0.045446 0.940920 0.048305 0.942359 0.052441 0.939951 0.058289 0.935146 0.058981 0.935415 0.063940 0.934776 0.065436 0.941837 0.064340 0.944480 0.064009 0.949003 0.062970 0.951187 0.062748 0.953024 0.058614 0.955745 0.053536 0.953955 0.049855 0.952043 0.047400 0.950954
0 0.370853 0.634738 0.375516 0.634317 0.396622 0.633026 0.398616 0.632394 0.407092 0.632661 0.412401 0.633380 0.425497 0.642986 0.433158 0.646160 0.435833 0.646841 0.437664 0.652311 0.434484 0.654627 0.434131 0.656938 0.431482 0.660343 0.432178 0.661509 0.432464 0.663357 0.433245 0.665701 0.435303 0.669321 0.436618 0.672980 0.440154 0.677688 0.441681 0.678043 0.443243 0.688060 0.438107 0.688676 0.427644 0.686250 0.424895 0.684673 0.423341 0.680122 0.423437 0.679309 0.422551 0.678423 0.421875 0.675012 0.420216 0.672309 0.419347 0.669142 0.414884 0.666340 0.412004 0.665532 0.411832 0.662544 0.412463 0.660093 0.412019 0.659687 0.407354 0.656925 0.402492 0.655229 0.396402 0.650623 0.394589 0.650094 0.391308 0.649639 0.384333 0.647661 0.378849 0.645168 0.374604 0.642419 0.371870 0.642177 0.370191 0.637745
0 0.467492 0.548485 0.472086 0.542871 0.475744 0.541166 0.483919 0.537810 0.486793 0.536830 0.491201 0.538822 0.494964 0.541023 0.499683 0.539755 0.500477 0.542036 0.502153 0.543329 0.504538 0.547817 0.510634 0.547377 0.515087 0.547740 0.517185 0.553981 0.514939 0.557809 0.506968 0.564998 0.500763 0.565484 0.494996 0.570834 0.493227 0.571727 0.493169 0.573134 0.487839 0.572743 0.487559 0.569373 0.483668 0.568700 0.481324 0.567710 0.479117 0.567537 0.475106 0.564698 0.472086 0.563240 0.468867 0.558632 0.467527 0.557509 0.467286 0.552555 0.467178 0.552395
0 0.409413 0.479382 0.410860 0.487088 0.415817 0.490972 0.421138 0.494337 0.422455 0.496533 0.425328 0.497168 0.429064 0.501231 0.432622 0.502900 0.432847 0.508036 0.433395 0.509794 0.433414 0.514672 0.433830 0.515584 0.436182 0.519168 0.452350 0.519474 0.452261 0.523648 0.453756 0.530853 0.451122 0.537071 0.451937 0.550882 0.448408 0.555932 0.443166 0.556362 0.426004 0.551889 0.425736 0.546041 0.425709 0.537656 0.420350 0.535328 0.415788 0.528739 0.413278 0.526437 0.408592 0.516904 0.405178 0.512278 0.405147 0.512229 0.404142 0.512047 0.401571 0.506742 0.398411 0.502410 0.398055 0.500102 0.390989 0.494207 0.389644 0.486140 0.389817 0.482761 0.391627 0.480561 0.397111 0.475077 0.398223 0.474791 0.399573 0.474369 0.407359 0.472950 0.408354 0.477715
0 0.823387 0.379705 0.830623 0.380543 0.838841 0.380624 0.841888 0.379692 0.848550 0.379570 0.852234 0.377866 0.866488 0.378175 0.866254 0.385659 0.862826 0.386106 0.854711 0.388819 0.857323 0.391768 0.864376 0.393636 0.869518 0.393930 0.878792 0.401992 0.884857 0.402409 0.895959 0.405382 0.902657 0.416597 0.900800 0.419946 0.902541 0.426006 0.906243 0.435290 0.908446 0.437494 0.909026 0.445368 0.902994 0.447348 0.896938 0.446504 0.889154 0.446737 0.879837 0.443605 0.880000 0.441140 0.880089 0.439317 0.879423 0.437608 0.878738 0.434061 0.875677 0.429220 0.873938 0.427937 0.862156 0.427393 0.859429 0.428243 0.855598 0.426031 0.858429 0.418776 0.861487 0.417394 0.864137 0.411543 0.856227 0.406662 0.844885 0.400811 0.840643 0.400648 0.824454 0.403026 0.823264 0.405428 0.815586 0.411895 0.810644 0.410608 0.797423 0.406033 0.798654 0.401246 0.802678 0.389689 0.809182 0.387427 0.814136 0.384896 0.818439 0.381661
0 0.574913 0.521094 0.577464 0.519223 0.582824 0.518428 0.585872 0.517332 0.589340 0.515716 0.599890 0.523621 0.602851 0.525468 0.603782 0.531564 0.603380 0.533433 0.602437 0.547799 0.602500 0.551124 0.595414 0.566076 0.583862 0.563498 0.579854 0.562329 0.578714 0.557773 0.579350 0.555309 0.569467 0.544073 0.568010 0.539284 0.570659 0.533215 0.572486 0.525647
0 0.666966 0.494209 0.674541 0.490048 0.677819 0.490926 0.681096 0.490048 0.686694 0.491967 0.696711 0.496652 0.699108 0.498179 0.706722 0.501740 0.705131 0.503704 0.701572 0.509879 0.695976 0.511570 0.693469 0.514571 0.689686 0.518343 0.684471 0.522291 0.681373 0.525895 0.677651 0.529752 0.672862 0.529622 0.668396 0.530006 0.666307 0.527803 0.663180 0.522387 0.664843 0.515831 0.665018 0.504686 0.665598 0.497880
0 0.101314 0.591616 0.108707 0.593300 0.112148 0.592377 0.122198 0.602427 0.113095 0.615208 0.111825 0.617855 0.109470 0.620211 0.107085 0.628102 0.098382 0.633127 0.096939 0.632741 0.094664 0.634534 0.082343 0.634534 0.073158 0.625349 0.072150 0.621588 0.064928 0.609311 0.071691 0.603646 0.074466 0.601871 0.079475 0.597676 0.081995 0.595529 0.086057 0.595517 0.089227 0.592347 0.094251 0.591000 0.096491 0.591000
0 0.003189 0.097336 0.005306 0.090797 0.007698 0.085772 0.008512 0.083164 0.013380 0.082728 0.026143 0.083289 0.032581 0.093993 0.029388 0.099661 0.028657 0.102382 0.020393 0.104509 0.014989 0.105570 0.006136 0.105164 0.003485 0.102513 0.003209 0.101328
0 0.171285 0.184083 0.169584 0.178780 0.167267 0.170999 0.168012 0.164261 0.176475 0.158462 0.184357 0.154329 0.190769 0.155669 0.194453 0.156162 0.201964 0.157525 0.198948 0.170249 0.197975 0.173882 0.194472 0.177385 0.195286 0.184987 0.190432 0.193394 0.175292 0.187248
0 0.993088 0.000000 0.996975 0.005963 0.999402 0.010578 0.998786 0.014930 0.996621 0.021496 0.993973 0.027903 0.993374 0.031345 0.990127 0.041196 0.983634 0.040438 0.973609 0.040436 0.970304 0.030807 0.965280 0.020668 0.958987 0.005066 0.954883 0.000000
0 0.212418 0.000000 0.209952 0.002109 0.203299 0.008104 0.197628 0.006637 0.188968 0.001760 0.185603 0.000000
0 0.491414 0.745457 0.503910 0.741305 0.509920 0.742832 0.525361 0.741537 0.524348 0.749128 0.521296 0.759030 0.521666 0.765672 0.524619 0.766198 0.532620 0.766327 0.536280 0.767124 0.538868 0.770067 0.540622 0.772839 0.544231 0.777310 0.541223 0.785708 0.541747 0.786675 0.547406 0.786703 0.552868 0.791803 0.552400 0.795869 0.544248 0.802488 0.543560 0.803939 0.539924 0.804555 0.536323 0.805089 0.532742 0.814267 0.542954 0.817832 0.548122 0.816245 0.548434 0.816193 0.552910 0.819694 0.552829 0.828684 0.551573 0.836783 0.546622 0.837240 0.543338 0.838016 0.533755 0.838529 0.527623 0.837557 0.519458 0.837013 0.512061 0.825268 0.512600 0.823255 0.508545 0.816368 0.507875 0.813427 0.505530 0.806749 0.505857 0.798826 0.505549 0.789230 0.505161 0.786937 0.504909 0.780528 0.501621 0.773181 0.497286 0.770962 0.485997 0.764707 0.487140 0.758448 0.486764 0.755508 0.488502 0.751675 0.489102 0.748989
0 0.503459 0.689842 0.509991 0.687818 0.516124 0.687051 0.525821 0.687801 0.531673 0.692120 0.534464 0.694717 0.536302 0.699313 0.536323 0.699300 0.544404 0.702977 0.548550 0.708746 0.543772 0.715621 0.543968 0.716143 0.536822 0.720475 0.535919 0.720402 0.535787 0.720491 0.533492 0.721120 0.528887 0.725091 0.521107 0.726299 0.513824 0.726607 0.509608 0.725532 0.504127 0.725091 0.498529 0.719493 0.493162 0.716619 0.491764 0.709460 0.491601 0.707595 0.491095 0.707459 0.489046 0.705411 0.488296 0.702613 0.489046 0.699815 0.491095 0.697766 0.493893 0.697017 0.496578 0.697736 0.497363 0.697420 0.500415 0.692937
0 0.000000 0.896797 0.005409 0.897977 0.009269 0.901135 0.022270 0.900639 0.024915 0.908468 0.026397 0.912462 0.022270 0.918959 0.007495 0.919352 0.000000 0.921080
