0 0.537732 0.769361 0.545852 0.766286 0.553743 0.764417 0.558128 0.759107 0.562749 0.761288 0.566418 0.762216 0.570605 0.765567 0.573979 0.768639 0.576327 0.773004 0.581010 0.777623 0.582323 0.780108 0.585808 0.783557 0.586444 0.789564 0.577528 0.791690 0.567450 0.791998 0.563220 0.790724 0.557857 0.789668 0.556136 0.788307 0.545693 0.787987 0.543973 0.781579 0.539819 0.773910 0.538231 0.772014
0 0.598389 0.098655 0.606249 0.097113 0.614077 0.092266 0.625132 0.095157 0.628853 0.095734 0.633386 0.098021 0.637805 0.099247 0.639765 0.101211 0.644283 0.101203 0.651063 0.106182 0.648686 0.107911 0.643184 0.113216 0.639690 0.115674 0.637240 0.116236 0.630169 0.119480 0.627716 0.120046 0.615779 0.120456 0.612957 0.120849 0.605342 0.120098 0.603742 0.118449 0.599739 0.116339 0.596350 0.112090 0.595077 0.101548
0 0.729752 0.174109 0.733566 0.172951 0.736233 0.170782 0.741401 0.169603 0.744708 0.166296 0.746877 0.161969 0.748038 0.157981 0.749359 0.148683 0.753207 0.145217 0.754843 0.142202 0.761160 0.134887 0.769137 0.127907 0.772046 0.126166 0.774943 0.123459 0.781375 0.116197 0.793370 0.115828 0.802653 0.120895 0.806069 0.121285 0.810450 0.123725 0.814159 0.128414 0.814856 0.131100 0.818479 0.135721 0.810430 0.146520 0.807105 0.150371 0.793622 0.149795 0.787997 0.144416 0.783502 0.148384 0.776057 0.156356 0.773481 0.164879 0.765676 0.168939 0.765525 0.172825 0.757995 0.176078 0.754492 0.176247 0.752016 0.182398 0.750067 0.186305 0.741760 0.186972 0.733740 0.186060 0.729915 0.181737 0.728964 0.178292
0 0.925536 0.453162 0.927985 0.451104 0.930096 0.448212 0.931500 0.447198 0.933739 0.442225 0.937127 0.439228 0.944412 0.438950 0.947400 0.439618 0.950378 0.443609 0.951443 0.443533 0.955350 0.443533 0.962507 0.447303 0.963087 0.450618 0.964069 0.451600 0.965232 0.455760 0.964132 0.458790 0.964253 0.459920 0.965217 0.460059 0.971620 0.462665 0.975193 0.467311 0.983120 0.474623 0.985382 0.483152 0.990043 0.486143 0.993237 0.493600 0.997954 0.498973 0.993549 0.504730 0.994771 0.508861 0.996269 0.516914 0.998928 0.521587 1.000000 0.522899 1.000000 0.545450 0.999490 0.545721 0.995975 0.545202 0.984939 0.546428 0.977752 0.545339 0.975520 0.541562 0.972857 0.540200 0.967411 0.532306 0.965524 0.526728 0.965610 0.522364 0.957323 0.516156 0.956898 0.515870 0.956299 0.515507 0.953184 0.515132 0.944416 0.511243 0.940612 0.507437 0.935378 0.503724 0.933530 0.496668 0.929909 0.493568 0.927661 0.488034 0.926990 0.486721 0.926925 0.486623 0.921498 0.481802 0.920901 0.476355 0.922241 0.472477 0.922530 0.467298 0.924831 0.458998 0.925457 0.458190
0 0.667045 0.426202 0.669414 0.422937 0.673714 0.417542 0.676854 0.412839 0.684725 0.412614 0.695077 0.412457 0.698202 0.413734 0.705096 0.414793 0.706418 0.419215 0.706365 0.430348 0.705750 0.435094 0.701573 0.438750 0.696626 0.441536 0.694092 0.442547 0.688884 0.445630 0.687046 0.446272 0.682464 0.448279 0.676825 0.447926 0.671776 0.447857 0.668389 0.445250 0.666931 0.441449 0.662538 0.434059 0.664989 0.429653
0 0.797047 0.484764 0.782005 0.476969 0.784191 0.474338 0.785107 0.473073 0.789646 0.472863 0.791984 0.470366 0.793261 0.469089 0.800155 0.468421 0.805096 0.468308 0.808079 0.470900 0.812163 0.472250 0.814608 0.472223 0.820077 0.472223 0.823965 0.473114 0.830624 0.473395 0.831046 0.473534 0.833971 0.470925 0.837327 0.468661 0.840911 0.468562 0.845582 0.468651 0.847227 0.470261 0.847421 0.470270 0.859257 0.478590 0.858965 0.479437 0.861053 0.485817 0.860828 0.487829 0.855523 0.490009 0.853534 0.491216 0.849917 0.492805 0.846127 0.499404 0.842089 0.500982 0.840740 0.499233 0.829157 0.496306 0.818339 0.493795 0.811437 0.492710 0.809758 0.491031 0.804246 0.488600 0.801070 0.485425
0 0.210972 0.367522 0.209741 0.358270 0.214544 0.361140 0.225562 0.363115 0.230836 0.362958 0.233057 0.362625 0.234979 0.359616 0.239820 0.357489 0.243716 0.357520 0.246307 0.355319 0.250520 0.355319 0.253272 0.360025 0.258486 0.367952 0.254036 0.374335 0.249596 0.376431 0.245442 0.380976 0.243203 0.381652 0.239820 0.383493 0.234522 0.379500 0.229921 0.375918 0.228184 0.371362 0.224195 0.371384 0.213815 0.369381
0 0.139964 0.187955 0.139390 0.182981 0.142094 0.175904 0.145563 0.172435 0.153996 0.171088 0.163040 0.171088 0.166437 0.171580 0.166864 0.172998 0.166378 0.173088 0.166974 0.174030 0.167720 0.175475 0.171408 0.177755 0.172057 0.180802 0.174598 0.184874 0.174523 0.184939 0.171943 0.192153 0.168308 0.196692 0.164283 0.198705 0.162098 0.200499 0.158719 0.201271 0.157125 0.201175 0.147137 0.204796 0.144636 0.201513 0.142059 0.199718 0.138281 0.192307 0.139537 0.190873
0 0.074389 0.000000 0.135289 0.000000 0.136309 0.000279 0.141384 0.000745 0.143200 0.003605 0.143124 0.005452 0.148182 0.010669 0.151931 0.012855 0.154919 0.018059 0.152960 0.020671 0.148943 0.023254 0.141280 0.026100 0.141638 0.028215 0.140865 0.031984 0.135539 0.038873 0.134615 0.041359 0.132400 0.043575 0.130873 0.043930 0.123060 0.045883 0.117946 0.050216 0.116420 0.050571 0.113521 0.055422 0.109353 0.059981 0.107341 0.060206 0.100896 0.060049 0.100185 0.060016 0.098537 0.060363 0.091188 0.059442 0.086307 0.058505 0.082071 0.057225 0.080407 0.054522 0.075004 0.051140 0.070692 0.048000 0.071082 0.040070 0.071326 0.039714 0.069770 0.034822 0.069977 0.032571 0.067223 0.025935 0.066240 0.022282 0.064341 0.017727 0.065795 0.009352 0.066167 0.008868 0.065727 0.005559 0.066004 0.001398 0.069757 0.000290
0 0.736544 0.955089 0.732386 0.955279 0.726717 0.957357 0.725584 0.959058 0.725395 0.963215 0.721993 0.968695 0.721426 0.972664 0.723505 0.978711 0.726150 0.981734 0.733898 0.985136 0.740134 0.985703 0.746370 0.983813 0.751661 0.980412 0.755630 0.975498 0.758842 0.972664 0.759787 0.968695 0.758653 0.964727 0.756764 0.963404 0.746748 0.958680 0.743346 0.956223 0.739567 0.954900
0 0.010958 0.625176 0.011900 0.626118 0.016941 0.629973 0.015454 0.632163 0.015950 0.640588 0.018061 0.644262 0.024174 0.645425 0.026133 0.644407 0.030580 0.647107 0.036375 0.653266 0.038895 0.654867 0.040189 0.655019 0.045615 0.658913 0.047565 0.658788 0.051357 0.659804 0.064786 0.669770 0.074909 0.675854 0.074216 0.678235 0.072053 0.687253 0.069411 0.687927 0.065456 0.688960 0.063926 0.688906 0.063367 0.694403 0.060667 0.698902 0.062790 0.702402 0.063573 0.714562 0.062790 0.720951 0.060014 0.723727 0.057651 0.724359 0.054243 0.729498 0.038478 0.720163 0.034640 0.716727 0.031654 0.715646 0.026708 0.706193 0.028261 0.701237 0.029521 0.699325 0.033284 0.695562 0.034456 0.689585 0.031850 0.686198 0.027689 0.684644 0.019385 0.684280 0.016752 0.683472 0.010949 0.684459 0.009135 0.683877 0.004252 0.684034 0.000000 0.682971 0.000000 0.621059 0.009162 0.623285 0.010466 0.625077
0 0.144573 0.694691 0.144382 0.694503 0.146822 0.692083 0.147306 0.687687 0.145713 0.683781 0.151256 0.686995 0.157036 0.688013 0.162336 0.689872 0.162396 0.689918 0.163286 0.689770 0.166411 0.690189 0.167964 0.690095 0.168364 0.689966 0.178129 0.686450 0.182595 0.685499 0.188882 0.683584 0.195361 0.680440 0.200336 0.682169 0.202348 0.682544 0.215778 0.688235 0.216451 0.690854 0.216150 0.693843 0.213964 0.698419 0.210881 0.715062 0.204914 0.726106 0.197661 0.728356 0.189907 0.724434 0.187130 0.723290 0.182985 0.721028 0.178869 0.716521 0.172971 0.713358 0.165550 0.709843 0.156813 0.708918 0.153867 0.705191 0.149465 0.700009 0.148421 0.697355
0 0.086354 0.661598 0.095254 0.660901 0.098937 0.664194 0.103809 0.663779 0.109652 0.657776 0.119434 0.657961 0.122389 0.657011 0.133070 0.658483 0.133350 0.662718 0.127893 0.671893 0.141594 0.673680 0.147306 0.687687 0.146822 0.692083 0.142910 0.695963 0.124907 0.696466 0.119938 0.696068 0.116586 0.693133 0.115215 0.692711 0.105325 0.687899 0.103201 0.684133 0.100531 0.681014 0.096657 0.679231 0.094208 0.676782 0.092360 0.676106 0.084446 0.666798 0.084336 0.666741 0.083648 0.664175
0 0.000000 0.796973 0.001129 0.796926 0.007598 0.793518 0.012680 0.792158 0.012728 0.786211 0.015637 0.776271 0.018730 0.770417 0.021062 0.763688 0.025420 0.758694 0.036864 0.753303 0.041863 0.752286 0.052880 0.748225 0.055455 0.748741 0.059298 0.745397 0.067837 0.747200 0.065352 0.752145 0.062450 0.756308 0.059190 0.757998 0.057716 0.763346 0.053825 0.766908 0.052818 0.771957 0.048565 0.780062 0.040803 0.787469 0.037904 0.791012 0.035783 0.796725 0.033571 0.804288 0.019845 0.804678 0.013401 0.802884 0.008038 0.804040 0.001609 0.810469 0.000000 0.813847
0 0.000000 0.743229 0.001658 0.742371 0.005630 0.741248 0.014273 0.737738 0.018049 0.739163 0.020530 0.740100 0.025492 0.741975 0.029534 0.743502 0.024341 0.749553 0.019767 0.754127 0.014837 0.755455 0.006850 0.757604 0.000504 0.759711 0.000000 0.759784
0 0.628698 1.000000 0.627904 0.995892 0.630299 0.992779 0.633283 0.987372 0.641152 0.980805 0.646030 0.977546 0.653817 0.975459 0.656988 0.976262 0.661528 0.974489 0.665422 0.975193 0.665968 0.975314 0.676807 0.975417 0.683296 0.973270 0.690593 0.979551 0.687896 0.988035 0.687898 0.988054 0.691943 0.991066 0.692785 0.995156 0.692341 1.000000
0 0.840043 0.800842 0.842358 0.797921 0.848630 0.785901 0.849796 0.786218 0.857621 0.784373 0.862281 0.784769 0.864096 0.787069 0.866770 0.790042 0.867223 0.795324 0.867509 0.801633 0.863708 0.806563 0.863032 0.808621 0.861431 0.811884 0.854525 0.816454 0.849763 0.820412 0.836893 0.821583 0.836311 0.821356 0.828782 0.820550 0.826126 0.816360 0.828271 0.812220 0.834637 0.806500
0 0.507431 0.640336 0.508874 0.636804 0.509996 0.626798 0.505970 0.616862 0.500957 0.613904 0.500957 0.609839 0.504202 0.607881 0.504813 0.604668 0.509209 0.599972 0.517864 0.598382 0.528301 0.592492 0.535065 0.590069 0.540718 0.587255 0.545832 0.583895 0.554273 0.578905 0.562794 0.583394 0.563932 0.586380 0.573023 0.589659 0.580556 0.589037 0.584867 0.591878 0.588775 0.597484 0.591959 0.598834 0.594886 0.602106 0.596241 0.605860 0.600810 0.613420 0.602595 0.626616 0.597129 0.632043 0.588032 0.635865 0.586172 0.637146 0.572398 0.641954 0.571629 0.643545 0.567229 0.647425 0.557320 0.652822 0.550821 0.653078 0.544532 0.654579 0.537280 0.654057 0.530529 0.654820 0.523145 0.651900 0.515486 0.647509
0 0.680555 0.539214 0.681292 0.539763 0.684960 0.537781 0.685837 0.538517 0.694650 0.539967 0.702518 0.550256 0.705195 0.552150 0.705653 0.554355 0.705657 0.554361 0.705650 0.554393 0.705303 0.557202 0.705047 0.557591 0.704800 0.560393 0.701121 0.570907 0.696410 0.570730 0.696042 0.571290 0.692910 0.569289 0.690612 0.570618 0.687512 0.571835 0.686268 0.576039 0.683106 0.585219 0.678308 0.590723 0.673862 0.592139 0.666736 0.593836 0.661199 0.595376 0.659584 0.594838 0.658384 0.593153 0.654073 0.586302 0.651826 0.585759 0.651478 0.584609 0.648743 0.577793 0.648384 0.576607 0.649618 0.576151 0.651814 0.570007 0.654481 0.563687 0.656081 0.563200 0.658813 0.553422 0.659914 0.550812 0.659603 0.549319 0.666357 0.544198 0.675771 0.539700
0 0.602222 0.287446 0.602086 0.279018 0.599593 0.277404 0.597345 0.272855 0.599945 0.268314 0.605688 0.266734 0.614652 0.264831 0.619418 0.263498 0.625082 0.269213 0.629269 0.274313 0.631743 0.280800 0.635645 0.284653 0.634954 0.290730 0.634953 0.294174 0.630595 0.295678 0.627192 0.306214 0.630406 0.310646 0.633639 0.318479 0.630691 0.321120 0.626500 0.326535 0.620786 0.325705 0.615722 0.324341 0.609044 0.321523 0.604276 0.323569 0.593334 0.320814 0.587050 0.322133 0.584315 0.317907 0.585260 0.313399 0.591716 0.297368 0.595009 0.294729 0.600910 0.292309
0 0.652765 0.362889 0.646396 0.361182 0.641119 0.360888 0.633030 0.358985 0.633340 0.353013 0.635198 0.349386 0.641548 0.346361 0.650291 0.344911 0.659047 0.342110 0.659220 0.342211 0.660182 0.342095 0.661610 0.342188 0.662146 0.341376 0.663246 0.332011 0.664809 0.318492 0.664960 0.316420 0.664703 0.314509 0.665278 0.312054 0.665491 0.309130 0.666505 0.304300 0.666691 0.298557 0.668332 0.293839 0.670286 0.286968 0.672037 0.283624 0.672416 0.279328 0.675201 0.273004 0.674794 0.270717 0.675111 0.262983 0.678857 0.259537 0.682505 0.255497 0.688781 0.253607 0.691993 0.252733 0.694820 0.253917 0.697142 0.253742 0.700643 0.255558 0.702290 0.255612 0.704421 0.258643 0.704598 0.260275 0.707676 0.267254 0.708727 0.271213 0.710325 0.274312 0.712732 0.276326 0.714948 0.278912 0.715060 0.280340 0.716857 0.282906 0.716525 0.284044 0.716417 0.289816 0.716904 0.291147 0.716471 0.293433 0.716312 0.293576 0.716449 0.298400 0.718680 0.302434 0.722955 0.315802 0.721165 0.322885 0.719704 0.328730 0.715952 0.333101 0.709177 0.336380 0.699360 0.337473 0.697333 0.338119 0.690503 0.340753 0.683978 0.357804 0.680681 0.373537 0.677816 0.382775 0.675700 0.386963 0.673328 0.393577 0.672347 0.396716 0.672010 0.397250 0.671478 0.398733 0.667504 0.402296 0.661153 0.400318 0.659727 0.398557 0.658930 0.397689 0.654068 0.394530 0.652189 0.387569 0.651601 0.379402 0.653274 0.368884
0 0.624006 0.363508 0.630094 0.365139 0.628896 0.372867 0.625121 0.374479 0.621780 0.377044 0.611601 0.380085 0.597693 0.382755 0.589838 0.386649 0.584625 0.391274 0.579854 0.393261 0.572467 0.399132 0.565430 0.403902 0.564694 0.404919 0.562699 0.408358 0.562311 0.409380 0.560479 0.414135 0.565321 0.417584 0.569458 0.420314 0.578553 0.421103 0.578553 0.428189 0.577201 0.430694 0.572952 0.440008 0.560525 0.455404 0.549695 0.449503 0.551542 0.444157 0.549501 0.441358 0.548582 0.441112 0.545156 0.437543 0.543478 0.437842 0.537141 0.438567 0.530145 0.441174 0.524336 0.442776 0.509552 0.450537 0.506601 0.452897 0.504437 0.456518 0.498128 0.459424 0.488194 0.463426 0.477428 0.465684 0.474670 0.465215 0.473345 0.466015 0.469399 0.467084 0.461150 0.471868 0.456660 0.474943 0.455096 0.479903 0.453759 0.483872 0.448171 0.497148 0.445502 0.511088 0.444338 0.513469 0.443815 0.517555 0.442332 0.528749 0.434566 0.532970 0.423963 0.536984 0.416367 0.543055 0.413777 0.544240 0.412442 0.545895 0.408983 0.547811 0.405725 0.551066 0.404251 0.551461 0.402723 0.553836 0.400381 0.554100 0.400085 0.555204 0.396652 0.557830 0.391761 0.558061 0.383515 0.559406 0.380895 0.558142 0.374581 0.561068 0.368762 0.556801 0.359967 0.549317 0.361557 0.545716 0.361652 0.539413 0.362412 0.536536 0.354940 0.527986 0.353895 0.524223 0.355017 0.521884 0.354680 0.519676 0.354241 0.513466 0.355233 0.511228 0.355442 0.500769 0.357128 0.494224 0.355651 0.494561 0.349695 0.495207 0.347733 0.494463 0.345678 0.495300 0.344235 0.494913 0.342308 0.495623 0.340438 0.494970 0.338568 0.495623 0.337015 0.495207 0.334920 0.496084 0.333464 0.495695 0.332174 0.497186 0.330511 0.497631 0.321554 0.500348 0.317099 0.501295 0.313922 0.502121 0.312919 0.502655 0.311997 0.503650 0.310753 0.503909 0.309510 0.504710 0.302419 0.510439 0.296974 0.513007 0.294739 0.513602 0.289593 0.516589 0.285868 0.519473 0.276246 0.524051 0.270057 0.524701 0.266655 0.525793 0.264937 0.525048 0.258148 0.528175 0.248864 0.524646 0.254227 0.518621 0.255919 0.516765 0.258447 0.516248 0.259848 0.514847 0.264842 0.513040 0.270007 0.507423 0.275534 0.501089 0.284443 0.491861 0.291078 0.487454 0.297221 0.482651 0.302727 0.477940 0.307770 0.475673 0.309424 0.476116 0.309634 0.475333 0.311265 0.473702 0.314266 0.472062 0.318443 0.469680 0.320859 0.469134 0.327043 0.464081 0.336752 0.466264 0.342420 0.466082 0.349355 0.469406 0.353186 0.470330 0.355014 0.472189 0.359156 0.472703 0.363325 0.473802 0.373465 0.468550 0.374323 0.465898 0.376542 0.463771 0.381866 0.462098 0.386475 0.457364 0.389256 0.448004 0.388894 0.439509 0.393154 0.436133 0.394308 0.434776 0.399097 0.430544 0.402436 0.424328 0.406313 0.424173 0.407664 0.423307 0.412398 0.421080 0.414239 0.420586 0.416172 0.417832 0.421418 0.413297 0.424927 0.409015 0.432923 0.419730 0.434325 0.422093 0.435139 0.425651 0.434280 0.428142 0.435168 0.429216 0.440244 0.426317 0.449893 0.418302 0.452243 0.416168 0.454423 0.416548 0.458671 0.414282 0.463382 0.411180 0.465748 0.410620 0.470064 0.406911 0.472686 0.406484 0.476079 0.404843 0.478943 0.403416 0.481398 0.402879 0.490142 0.396981 0.499970 0.392877 0.505951 0.389525 0.506041 0.389497 0.507498 0.387807 0.509973 0.385611 0.513343 0.384375 0.514706 0.382733 0.515945 0.382402 0.518244 0.384220 0.519688 0.384497 0.520506 0.385315 0.524081 0.385836 0.531677 0.386332 0.542236 0.383556 0.543261 0.382207 0.547995 0.381071 0.553229 0.383264 0.554014 0.383379 0.557826 0.383096 0.563091 0.380245 0.565320 0.379647 0.567016 0.380115 0.568411 0.379847 0.572197 0.377945 0.574198 0.375728 0.581004 0.370964 0.592554 0.368186 0.595947 0.366902 0.599867 0.367197 0.601113 0.365952 0.604616 0.365697 0.608755 0.364241 0.613974 0.365385 0.623575 0.363994
