0 0.187500 0.347656 0.199609 0.364258 0.204096 0.369291 0.207031 0.375977 0.199219 0.382812 0.174219 0.374023 0.171484 0.361133
0 0.914062 0.433594 0.933594 0.480469 0.902344 0.496094 0.863281 0.484375 0.875000 0.449219 0.894531 0.429688
0 0.177948 0.665465 0.177323 0.667770 0.175192 0.669901 0.165303 0.672789 0.165303 0.678918 0.167386 0.682356 0.168465 0.686241 0.168465 0.689177 0.167613 0.692385 0.165933 0.694065 0.162950 0.694917 0.159434 0.694917 0.153456 0.696556 0.151566 0.698562 0.149261 0.699188 0.143850 0.698686 0.132025 0.699188 0.129721 0.698562 0.126664 0.695312 0.125000 0.695312 0.105017 0.675329 0.105910 0.668397 0.135614 0.644634 0.139129 0.644166 0.149178 0.643832 0.161416 0.646350 0.163448 0.647253 0.167260 0.650613 0.171875 0.652344 0.171286 0.653962 0.177323 0.661128 0.177950 0.665465
0 0.574488 0.592330 0.554399 0.592330 0.553059 0.576259 0.550381 0.574919 0.550381 0.572241 0.559756 0.568223 0.585202 0.568223 0.585202 0.576259 0.587881 0.577598 0.589220 0.585634 0.587881 0.588312 0.585202 0.588312
0 0.611988 0.801259 0.601274 0.795902 0.599935 0.782509 0.622703 0.782509 0.626721 0.779831 0.636096 0.779831 0.636096 0.795902 0.630738 0.799920 0.622703 0.799920
0 0.842346 0.716884 0.834311 0.708848 0.831632 0.702152 0.831632 0.684741 0.846364 0.686080 0.850382 0.691438 0.851721 0.696795 0.854400 0.696795 0.855739 0.699473 0.853061 0.712866
0 0.153951 0.983403 0.131183 0.979385 0.129844 0.976706 0.131183 0.953938 0.147255 0.953938 0.156630 0.964653 0.157969 0.972689
0 0.203505 0.911081 0.191451 0.909742 0.188773 0.901706 0.188773 0.888313 0.204844 0.877599 0.210201 0.877599 0.212880 0.886974 0.218237 0.892331 0.218237 0.903045 0.214219 0.907063
0 0.222255 0.745009 0.212880 0.739652 0.211541 0.731616 0.214219 0.727598 0.223594 0.726259 0.231630 0.720902 0.234309 0.720902 0.235648 0.726259 0.234309 0.745009
0 0.468757 0.856583 0.475455 0.856583 0.479920 0.855839 0.485129 0.852118 0.488105 0.850630 0.490338 0.850630 0.491082 0.848397 0.499268 0.843932 0.500012 0.841700 0.490338 0.838723 0.482152 0.837979 0.479175 0.838723 0.474711 0.842444 0.470246 0.847653 0.467269 0.849886
0 0.140877 0.257490 0.141554 0.251399 0.146291 0.241246 0.161181 0.239893 0.156443 0.262905
