0 0.257812 0.000000 0.257812 0.000000 0.261719 0.000000 0.261719 0.003906 0.265625 0.007812 0.265625 0.027344 0.265625 0.031250 0.261719 0.035156 0.261719 0.042969 0.261719 0.046875 0.257812 0.050781 0.253906 0.054688 0.253906 0.058594 0.246094 0.066406 0.242188 0.070312 0.226562 0.070312 0.222656 0.070312 0.222656 0.058594 0.222656 0.054688 0.218750 0.050781 0.214844 0.046875 0.214844 0.035156 0.210938 0.031250 0.210938 0.011719 0.207031 0.007812 0.207031 0.000000
0 0.046875 0.000000 0.046875 0.000000 0.046875 0.003906 0.042969 0.007812 0.035156 0.007812 0.031250 0.007812 0.031250 0.000000
0 0.722656 0.000000 0.722656 0.000000 0.722656 0.015625 0.718750 0.019531 0.714844 0.019531 0.710938 0.019531 0.710938 0.015625 0.707031 0.011719 0.707031 0.003906 0.707031 0.000000 0.707031 0.000000
0 0.574219 0.046875 0.578125 0.050781 0.585938 0.050781 0.589844 0.054688 0.589844 0.062500 0.589844 0.066406 0.585938 0.070312 0.582031 0.070312 0.578125 0.074219 0.574219 0.078125 0.570312 0.074219 0.570312 0.070312 0.566406 0.066406 0.566406 0.058594 0.562500 0.054688 0.566406 0.050781 0.570312 0.050781 0.574219 0.046875
0 0.652344 0.050781 0.664062 0.050781 0.667969 0.054688 0.667969 0.070312 0.667969 0.074219 0.671875 0.078125 0.675781 0.078125 0.679688 0.082031 0.683594 0.082031 0.687500 0.085938 0.687500 0.089844 0.687500 0.093750 0.683594 0.097656 0.679688 0.101562 0.675781 0.101562 0.671875 0.097656 0.667969 0.093750 0.664062 0.093750 0.660156 0.093750 0.660156 0.078125 0.660156 0.074219 0.656250 0.070312 0.656250 0.058594 0.656250 0.054688 0.652344 0.050781
0 0.863281 0.050781 0.867188 0.050781 0.871094 0.050781 0.878906 0.058594 0.882812 0.062500 0.878906 0.066406 0.875000 0.070312 0.871094 0.070312 0.867188 0.066406 0.863281 0.066406 0.863281 0.050781
0 0.054688 0.085938 0.062500 0.085938 0.066406 0.085938 0.066406 0.089844 0.062500 0.093750 0.062500 0.097656 0.054688 0.105469 0.054688 0.109375 0.054688 0.105469 0.050781 0.101562 0.050781 0.097656 0.050781 0.093750 0.054688 0.089844 0.054688 0.085938
0 0.328125 0.089844 0.335938 0.089844 0.339844 0.089844 0.339844 0.093750 0.335938 0.097656 0.335938 0.105469 0.332031 0.109375 0.328125 0.109375 0.328125 0.089844
0 0.578125 0.101562 0.585938 0.101562 0.589844 0.105469 0.589844 0.117188 0.585938 0.121094 0.582031 0.121094 0.578125 0.117188 0.578125 0.101562
0 0.191406 0.117188 0.199219 0.117188 0.203125 0.117188 0.203125 0.121094 0.203125 0.125000 0.199219 0.128906 0.195312 0.132812 0.191406 0.132812 0.187500 0.132812 0.183594 0.128906 0.183594 0.125000 0.183594 0.121094 0.187500 0.121094 0.191406 0.117188
0 0.324219 0.128906 0.335938 0.128906 0.339844 0.128906 0.339844 0.136719 0.343750 0.140625 0.339844 0.140625 0.335938 0.144531 0.335938 0.148438 0.328125 0.140625 0.324219 0.136719 0.324219 0.128906
0 0.222656 0.156250 0.234375 0.156250 0.238281 0.156250 0.238281 0.160156 0.238281 0.164062 0.242188 0.167969 0.242188 0.175781 0.238281 0.179688 0.234375 0.179688 0.230469 0.179688 0.226562 0.175781 0.222656 0.175781 0.222656 0.164062 0.218750 0.160156 0.222656 0.156250
0 0.425781 0.167969 0.437500 0.167969 0.441406 0.167969 0.441406 0.171875 0.441406 0.175781 0.437500 0.179688 0.429688 0.179688 0.425781 0.179688 0.425781 0.167969
0 0.621094 0.187500 0.628906 0.187500 0.632812 0.187500 0.632812 0.191406 0.636719 0.195312 0.632812 0.195312 0.628906 0.199219 0.625000 0.199219 0.621094 0.199219 0.617188 0.195312 0.621094 0.191406 0.621094 0.187500
0 0.582031 0.191406 0.585938 0.191406 0.589844 0.191406 0.593750 0.195312 0.597656 0.195312 0.597656 0.199219 0.593750 0.203125 0.589844 0.207031 0.585938 0.207031 0.582031 0.207031 0.578125 0.203125 0.578125 0.199219 0.578125 0.195312 0.582031 0.191406
0 0.347656 0.195312 0.359375 0.195312 0.363281 0.195312 0.363281 0.199219 0.367188 0.203125 0.363281 0.207031 0.363281 0.222656 0.363281 0.226562 0.359375 0.230469 0.347656 0.230469 0.343750 0.230469 0.339844 0.234375 0.339844 0.238281 0.335938 0.242188 0.332031 0.242188 0.328125 0.242188 0.328125 0.226562 0.328125 0.222656 0.324219 0.218750 0.324219 0.210938 0.324219 0.207031 0.328125 0.203125 0.335938 0.203125 0.339844 0.203125 0.347656 0.195312
0 0.000000 0.257812 0.003906 0.257812 0.007812 0.257812 0.015625 0.265625 0.019531 0.265625 0.019531 0.269531 0.019531 0.273438 0.023438 0.277344 0.023438 0.281250 0.019531 0.285156 0.015625 0.285156 0.011719 0.289062 0.003906 0.289062 0.000000 0.285156 0.000000 0.257812
0 0.671875 0.273438 0.675781 0.273438 0.679688 0.273438 0.683594 0.277344 0.687500 0.277344 0.687500 0.285156 0.691406 0.289062 0.691406 0.292969 0.687500 0.296875 0.683594 0.300781 0.679688 0.296875 0.675781 0.292969 0.675781 0.289062 0.671875 0.285156 0.671875 0.273438
0 0.183594 0.277344 0.187500 0.281250 0.191406 0.281250 0.195312 0.285156 0.195312 0.296875 0.191406 0.300781 0.183594 0.300781 0.179688 0.296875 0.179688 0.285156 0.179688 0.281250 0.183594 0.277344
0 0.808594 0.343750 0.816406 0.343750 0.820312 0.343750 0.820312 0.347656 0.824219 0.351562 0.824219 0.355469 0.820312 0.359375 0.816406 0.363281 0.812500 0.363281 0.812500 0.359375 0.808594 0.355469 0.804688 0.351562 0.808594 0.347656 0.808594 0.343750
0 0.261719 0.371094 0.277344 0.371094 0.281250 0.375000 0.281250 0.402344 0.281250 0.406250 0.285156 0.410156 0.289062 0.410156 0.289062 0.414062 0.285156 0.417969 0.277344 0.417969 0.273438 0.421875 0.269531 0.421875 0.265625 0.417969 0.253906 0.417969 0.250000 0.414062 0.250000 0.410156 0.246094 0.406250 0.250000 0.402344 0.250000 0.394531 0.250000 0.390625 0.253906 0.386719 0.253906 0.382812 0.257812 0.378906 0.257812 0.375000 0.261719 0.371094
0 0.589844 0.464844 0.593750 0.464844 0.597656 0.464844 0.601562 0.468750 0.605469 0.472656 0.605469 0.480469 0.601562 0.484375 0.593750 0.484375 0.589844 0.480469 0.589844 0.464844
0 0.820312 0.464844 0.824219 0.464844 0.828125 0.464844 0.832031 0.468750 0.835938 0.468750 0.839844 0.468750 0.839844 0.472656 0.839844 0.476562 0.835938 0.480469 0.835938 0.484375 0.832031 0.488281 0.828125 0.492188 0.820312 0.492188 0.816406 0.492188 0.812500 0.496094 0.808594 0.496094 0.808594 0.492188 0.804688 0.488281 0.804688 0.476562 0.804688 0.472656 0.808594 0.468750 0.812500 0.468750 0.816406 0.468750 0.820312 0.464844
0 0.339844 0.500000 0.347656 0.500000 0.351562 0.500000 0.355469 0.503906 0.359375 0.503906 0.363281 0.503906 0.359375 0.507812 0.359375 0.511719 0.359375 0.515625 0.355469 0.519531 0.347656 0.519531 0.343750 0.519531 0.339844 0.515625 0.335938 0.511719 0.335938 0.507812 0.332031 0.503906 0.335938 0.503906 0.339844 0.500000
0 0.851562 0.539062 0.855469 0.542969 0.859375 0.542969 0.863281 0.542969 0.863281 0.550781 0.863281 0.554688 0.859375 0.558594 0.855469 0.562500 0.851562 0.562500 0.847656 0.566406 0.843750 0.570312 0.839844 0.566406 0.839844 0.558594 0.839844 0.554688 0.843750 0.550781 0.847656 0.546875 0.847656 0.542969 0.851562 0.539062
0 0.281250 0.574219 0.289062 0.574219 0.292969 0.574219 0.292969 0.582031 0.292969 0.585938 0.285156 0.593750 0.285156 0.597656 0.281250 0.593750 0.281250 0.574219
0 0.000000 0.585938 0.003906 0.589844 0.007812 0.589844 0.011719 0.589844 0.015625 0.593750 0.019531 0.593750 0.023438 0.597656 0.023438 0.609375 0.019531 0.613281 0.015625 0.613281 0.011719 0.617188 0.003906 0.617188 0.000000 0.613281 0.000000 0.585938
0 0.832031 0.632812 0.843750 0.632812 0.847656 0.632812 0.851562 0.636719 0.851562 0.640625 0.847656 0.644531 0.835938 0.644531 0.832031 0.644531 0.832031 0.632812
0 0.222656 0.656250 0.230469 0.656250 0.234375 0.656250 0.234375 0.664062 0.230469 0.667969 0.222656 0.667969 0.218750 0.664062 0.222656 0.660156 0.222656 0.656250
0 0.031250 0.683594 0.035156 0.683594 0.039062 0.683594 0.042969 0.687500 0.046875 0.687500 0.046875 0.718750 0.046875 0.722656 0.042969 0.726562 0.039062 0.730469 0.035156 0.726562 0.035156 0.707031 0.035156 0.703125 0.031250 0.699219 0.031250 0.691406 0.027344 0.687500 0.031250 0.683594
0 0.363281 0.695312 0.367188 0.699219 0.371094 0.699219 0.375000 0.699219 0.375000 0.718750 0.371094 0.722656 0.363281 0.722656 0.359375 0.722656 0.355469 0.718750 0.351562 0.718750 0.351562 0.710938 0.351562 0.707031 0.363281 0.695312
0 0.812500 0.707031 0.820312 0.707031 0.824219 0.707031 0.828125 0.710938 0.824219 0.714844 0.824219 0.718750 0.820312 0.722656 0.816406 0.722656 0.812500 0.718750 0.812500 0.707031
0 0.382812 0.722656 0.398438 0.722656 0.402344 0.722656 0.402344 0.726562 0.406250 0.730469 0.406250 0.734375 0.402344 0.738281 0.398438 0.742188 0.398438 0.746094 0.394531 0.750000 0.390625 0.750000 0.390625 0.746094 0.386719 0.742188 0.382812 0.738281 0.382812 0.722656
0 0.964844 0.722656 0.980469 0.722656 0.984375 0.726562 0.984375 0.730469 0.980469 0.734375 0.980469 0.753906 0.984375 0.757812 0.980469 0.761719 0.976562 0.765625 0.968750 0.765625 0.964844 0.765625 0.964844 0.757812 0.964844 0.753906 0.968750 0.750000 0.972656 0.746094 0.972656 0.738281 0.972656 0.734375 0.968750 0.730469 0.968750 0.726562 0.964844 0.722656
0 0.058823 0.778543 0.058393 0.771350 0.057221 0.770178 0.054688 0.769531 0.043315 0.770073 0.041753 0.770503 0.040581 0.771675 0.040207 0.773438 0.031250 0.773438 0.023438 0.765625 0.000000 0.765625 0.000000 0.780255 0.000000 0.782394 0.000000 0.785039 0.000000 0.786602 0.000000 0.788856 0.000762 0.789611 0.002325 0.789181 0.003496 0.788009 0.003681 0.785446 0.011719 0.785156 0.012104 0.787035 0.013276 0.788207 0.015625 0.789062 0.018957 0.789146 0.019575 0.791150 0.020747 0.792321 0.024042 0.792643 0.026146 0.791888 0.027952 0.789265 0.030566 0.787576 0.030760 0.785156 0.050613 0.785156 0.052194 0.785605 0.053757 0.785175 0.054929 0.784003 0.055354 0.781966 0.057005 0.781493 0.058393 0.780105
0 0.355469 0.785156 0.367188 0.785156 0.371094 0.789062 0.371094 0.796875 0.371094 0.800781 0.367188 0.804688 0.363281 0.808594 0.355469 0.808594 0.351562 0.808594 0.351562 0.796875 0.351562 0.792969 0.355469 0.789062 0.355469 0.785156
0 0.269531 0.867188 0.269531 0.855469 0.265625 0.851562 0.265625 0.847656 0.257812 0.839844 0.257812 0.835938 0.253906 0.832031 0.250000 0.832031 0.246094 0.828125 0.238281 0.828125 0.234375 0.824219 0.222656 0.824219 0.218750 0.820312 0.199219 0.820312 0.195312 0.816406 0.183594 0.816406 0.179688 0.820312 0.175781 0.820312 0.175781 0.832031 0.183594 0.839844 0.183594 0.867188 0.179688 0.871094 0.171875 0.871094 0.164062 0.878906 0.160156 0.878906 0.160156 0.886719 0.167969 0.886719 0.171875 0.882812 0.194382 0.883109 0.196137 0.890283 0.196773 0.895821 0.197842 0.898662 0.200933 0.901113 0.207329 0.903393 0.207192 0.906012 0.203918 0.909606 0.201250 0.916924 0.201679 0.921045 0.203491 0.923176 0.205373 0.923605 0.207555 0.922557 0.208714 0.925841 0.209886 0.927013 0.211448 0.927442 0.213330 0.927013 0.214502 0.925841 0.214932 0.923639 0.213969 0.921503 0.213649 0.915659 0.215571 0.906692 0.215568 0.902434 0.217153 0.899925 0.220814 0.896743 0.228678 0.895358 0.229850 0.894186 0.230280 0.892623 0.229414 0.890625 0.234375 0.890625 0.246094 0.878906 0.257812 0.878906
0 0.531250 0.910156 0.535156 0.910156 0.539062 0.910156 0.542969 0.914062 0.546875 0.917969 0.546875 0.921875 0.550781 0.925781 0.546875 0.925781 0.542969 0.929688 0.539062 0.929688 0.535156 0.925781 0.531250 0.925781 0.531250 0.910156
0 0.406250 0.945312 0.417969 0.945312 0.421875 0.945312 0.425781 0.949219 0.425781 0.953125 0.421875 0.957031 0.417969 0.960938 0.414062 0.960938 0.410156 0.964844 0.410156 0.960938 0.406250 0.957031 0.406250 0.945312
0 0.886719 0.957031 0.910156 0.957031 0.914062 0.957031 0.914062 0.960938 0.914062 0.964844 0.910156 0.968750 0.910156 0.972656 0.906250 0.968750 0.890625 0.968750 0.886719 0.968750 0.886719 0.957031
0 0.312500 0.992188 0.324219 0.992188 0.328125 0.992188 0.335938 1.000000 0.335938 1.000000 0.300781 1.000000 0.300781 1.000000 0.300781 0.996094 0.304688 0.996094 0.308594 0.996094 0.312500 0.992188
0 0.118032 0.017051 0.117329 0.014512 0.114777 0.012449 0.111068 0.004338 0.109193 0.002463 0.106654 0.001760 0.104115 0.002463 0.102240 0.004338 0.101537 0.006877 0.102146 0.009859 0.100593 0.010289 0.098718 0.012164 0.098015 0.014703 0.098718 0.017242 0.100593 0.019117 0.103915 0.019820 0.106461 0.019115 0.108028 0.020682 0.112523 0.022168 0.115454 0.021465 0.117329 0.019590
0 0.160574 0.120656 0.154041 0.129186 0.149505 0.130221 0.146511 0.130221 0.142974 0.129186 0.141099 0.127311 0.140396 0.121777 0.141099 0.119238 0.142974 0.117363 0.145513 0.116660 0.148385 0.117363 0.149421 0.118400 0.153621 0.113370 0.156160 0.112667 0.158699 0.113370 0.160574 0.115245 0.161277 0.118117
0 0.246120 0.248543 0.246120 0.243645 0.245447 0.242971 0.243539 0.242866 0.236725 0.244534 0.233996 0.244371 0.233224 0.254199 0.233927 0.256738 0.235802 0.258613 0.238341 0.259316 0.241213 0.258613 0.243088 0.256738 0.245417 0.251082
0 0.133704 0.321578 0.133001 0.317220 0.130722 0.314941 0.127577 0.314238 0.124633 0.315143 0.121950 0.317625 0.119832 0.324003 0.120535 0.326946 0.122410 0.328821 0.126970 0.329727 0.129913 0.328821 0.132193 0.326542 0.133502 0.322589
0 0.242423 0.306313 0.238552 0.310185 0.235890 0.311516 0.233561 0.313845 0.231021 0.314548 0.228482 0.313845 0.226607 0.311970 0.225904 0.309098 0.226607 0.306559 0.235470 0.299028 0.238009 0.298325 0.240548 0.299028 0.242423 0.300903 0.243126 0.303774
0 0.153786 0.447305 0.153356 0.445743 0.152184 0.444571 0.143075 0.444141 0.141512 0.444571 0.140340 0.445743 0.139911 0.447305 0.140312 0.448984 0.137829 0.449333 0.136657 0.450505 0.136227 0.452157 0.136746 0.455606 0.137918 0.456778 0.141996 0.457388 0.145086 0.456239 0.146797 0.454618 0.147687 0.452617 0.153356 0.448868
0 0.074089 0.596566 0.072917 0.597738 0.071354 0.598167 0.059690 0.597143 0.058518 0.595971 0.058088 0.594409 0.058293 0.589804 0.054953 0.586464 0.054523 0.584307 0.054953 0.582745 0.056125 0.581573 0.057687 0.581143 0.059250 0.581573 0.062913 0.585350 0.068163 0.587218 0.074089 0.593441 0.074518 0.595003
0 0.750788 0.028143 0.746374 0.030721 0.733804 0.030721 0.731264 0.030018 0.728686 0.025604 0.729389 0.023065 0.733804 0.020487 0.748913 0.021190 0.751491 0.025604
0 0.914951 0.569359 0.914275 0.572513 0.912400 0.574388 0.909861 0.575091 0.907543 0.574592 0.904194 0.575091 0.901655 0.574388 0.899780 0.572513 0.898561 0.566367 0.899264 0.563828 0.901139 0.561953 0.905224 0.561250 0.908139 0.562329 0.912916 0.562984 0.914791 0.564859 0.915494 0.567398
0 0.933855 0.554479 0.930950 0.557900 0.928411 0.558603 0.924804 0.558603 0.922265 0.557900 0.920390 0.556025 0.919691 0.552234 0.918329 0.550872 0.916595 0.546272 0.917298 0.543733 0.919173 0.541858 0.921713 0.541155 0.926312 0.541858 0.930950 0.544434 0.932825 0.546309 0.934559 0.551940
0 0.877365 0.644171 0.876146 0.640602 0.874271 0.638727 0.871732 0.638023 0.867132 0.639242 0.865905 0.640469 0.859881 0.639570 0.857342 0.640273 0.854437 0.642663 0.853921 0.644209 0.851345 0.647300 0.849612 0.653446 0.850830 0.657016 0.852705 0.658891 0.855244 0.659594 0.858433 0.659139 0.860434 0.661467 0.862973 0.662170 0.865512 0.661467 0.867387 0.659592 0.876662 0.646711
0 0.929218 0.643104 0.927552 0.645285 0.926642 0.648256 0.924767 0.650131 0.922228 0.650834 0.921055 0.650510 0.915529 0.651350 0.912990 0.650646 0.911115 0.648771 0.910412 0.646232 0.911115 0.643693 0.913692 0.641117 0.916191 0.637071 0.916783 0.634934 0.918658 0.633059 0.921197 0.632356 0.926828 0.633059 0.928703 0.634934 0.929921 0.640564
0 0.589864 0.880499 0.587989 0.882374 0.581068 0.883808 0.574496 0.883808 0.571957 0.883105 0.567891 0.878309 0.567188 0.873579 0.567891 0.871040 0.569766 0.869165 0.572305 0.868462 0.577817 0.869196 0.578115 0.868119 0.579990 0.866244 0.582529 0.865541 0.585798 0.866244 0.587673 0.868119 0.589134 0.871040 0.590567 0.877960
0 0.637330 0.882690 0.635455 0.884565 0.633600 0.885079 0.632948 0.887802 0.631073 0.889677 0.628534 0.890380 0.625613 0.890380 0.618693 0.888216 0.616818 0.886341 0.616115 0.883802 0.616818 0.881263 0.619703 0.879109 0.622344 0.875737 0.628534 0.874304 0.632916 0.874304 0.635455 0.875007 0.637330 0.876882 0.638033 0.880151
0 0.775346 0.949142 0.773886 0.952063 0.769820 0.955399 0.765820 0.956832 0.763629 0.956832 0.761090 0.956129 0.759215 0.954254 0.758770 0.952644 0.756294 0.950603 0.755591 0.948064 0.756294 0.945525 0.764741 0.937077 0.766932 0.935617 0.769471 0.934914 0.772741 0.935617 0.774616 0.937492 0.776049 0.941491 0.776049 0.946603
0 0.865139 0.918124 0.864436 0.915585 0.862561 0.913710 0.860021 0.913007 0.857870 0.913400 0.856719 0.912249 0.853449 0.911546 0.849450 0.912979 0.846114 0.916315 0.845411 0.918854 0.845805 0.920275 0.844681 0.923236 0.845384 0.925775 0.847259 0.927650 0.849798 0.928353 0.852337 0.927650 0.854559 0.926158 0.856370 0.925757 0.857831 0.926162 0.860370 0.925459 0.864436 0.920663
0 0.932321 0.865546 0.931618 0.863007 0.929743 0.861132 0.926196 0.860506 0.924631 0.858941 0.922092 0.858238 0.919553 0.858941 0.915488 0.862277 0.914054 0.866276 0.914757 0.868815 0.917451 0.870917 0.920284 0.874342 0.922823 0.875045 0.926092 0.874342 0.931618 0.868085
0 0.784839 0.635137 0.780043 0.639203 0.775039 0.640913 0.774616 0.642440 0.772741 0.644315 0.765820 0.646479 0.761821 0.645775 0.759946 0.643900 0.759243 0.641361 0.759946 0.638822 0.763281 0.635487 0.771800 0.631349 0.773504 0.629645 0.776425 0.628184 0.778964 0.627481 0.782964 0.628184 0.784839 0.630059 0.785542 0.632598
0 0.387326 0.307151 0.380825 0.306560 0.377870 0.304787 0.374915 0.298877 0.373143 0.293558 0.370779 0.292376 0.369596 0.290012 0.369596 0.284693 0.370188 0.282329 0.371961 0.280557 0.376097 0.278193 0.378461 0.278193 0.379052 0.275829 0.379052 0.268146 0.380234 0.260463 0.381416 0.258690 0.382598 0.252780 0.383780 0.251007 0.386144 0.250416 0.392054 0.250416 0.395600 0.251598 0.401510 0.255735 0.403874 0.259281 0.404465 0.262827 0.405646 0.264600 0.406829 0.269328 0.407420 0.284102 0.413920 0.291785 0.415102 0.297104 0.414511 0.299468 0.409784 0.304787 0.407420 0.305969 0.405055 0.305969 0.403283 0.307151 0.394418 0.309515 0.392054 0.309515
0 0.376097 0.246870 0.370779 0.247461 0.368414 0.246870 0.366641 0.245688 0.366051 0.240961 0.366051 0.238596 0.367232 0.236823 0.367823 0.231505 0.373734 0.226186 0.376688 0.226777 0.382007 0.233869 0.385553 0.237414 0.386144 0.242143 0.381416 0.245097
0 0.407420 0.232687 0.403283 0.235050 0.397964 0.236232 0.395600 0.236232 0.391463 0.233869 0.390281 0.232096 0.390281 0.217321 0.390872 0.214957 0.392054 0.213184 0.394418 0.212593 0.400328 0.209047 0.403283 0.209047 0.409193 0.213184 0.410375 0.216730 0.410375 0.226777
0 0.582031 0.550781 0.593750 0.550781 0.597656 0.550781 0.609375 0.562500 0.613281 0.566406 0.625000 0.566406 0.628906 0.562500 0.632812 0.578125 0.636719 0.582031 0.632812 0.593750 0.632812 0.597656 0.613281 0.609375 0.609375 0.609375 0.601562 0.621094 0.601562 0.625000 0.582031 0.636719 0.578125 0.640625 0.539062 0.640625 0.535156 0.640625 0.523438 0.632812 0.519531 0.628906 0.515625 0.617188 0.511719 0.613281 0.515625 0.601562 0.515625 0.597656 0.531250 0.582031 0.535156 0.578125 0.582031 0.550781
0 0.500000 0.515625 0.511719 0.515625 0.515625 0.515625 0.542969 0.531250 0.546875 0.535156 0.546875 0.566406 0.546875 0.570312 0.539062 0.574219 0.535156 0.578125 0.523438 0.574219 0.519531 0.574219 0.496094 0.542969 0.492188 0.542969 0.488281 0.527344 0.488281 0.523438 0.500000 0.515625
0 0.310982 0.443537 0.308201 0.443537 0.304493 0.441993 0.298314 0.436122 0.292443 0.432414 0.292134 0.427779 0.293370 0.423453 0.296768 0.419436 0.300786 0.418200 0.304184 0.415729 0.308819 0.414493 0.311600 0.415729 0.314072 0.419436 0.316235 0.420054 0.320870 0.420054 0.323033 0.420981 0.323651 0.423144 0.323342 0.432723 0.319943 0.439212 0.318398 0.440448 0.314381 0.441993
0 0.336011 0.454970 0.332303 0.454043 0.327977 0.448791 0.320870 0.446010 0.319325 0.444465 0.319325 0.439212 0.322106 0.436431 0.326432 0.433959 0.331994 0.429633 0.342190 0.429633 0.353005 0.431487 0.353623 0.434886 0.353623 0.441993 0.353005 0.443847 0.353005 0.451262 0.352078 0.455279 0.350842 0.456824 0.340645 0.456824 0.338791 0.456206
0 0.097660 0.945119 0.086596 0.958554 0.076322 0.962505 0.069210 0.962505 0.066048 0.955393 0.066048 0.934845 0.072371 0.925362 0.086596 0.925362 0.104773 0.935636 0.111095 0.936426 0.133223 0.949861 0.134013 0.957763 0.131642 0.960134 0.123739 0.960134 0.103982 0.946699
0 0.589504 1.000000 0.584778 0.993455 0.582762 0.987407 0.580746 0.985391 0.575370 0.976655 0.575370 0.973295 0.576041 0.971279 0.578729 0.969263 0.581418 0.968591 0.584105 0.965903 0.606954 0.965903 0.608970 0.967247 0.610986 0.967247 0.621738 0.972623 0.624426 0.973295 0.631146 0.978671 0.634507 0.988079 0.634507 0.990095 0.635850 0.992111 0.635850 1.000000
0 0.096870 0.918249 0.081854 0.919039 0.079484 0.917459 0.075532 0.907975 0.075532 0.893750 0.087386 0.893750 0.099241 0.899282 0.104773 0.906395 0.104773 0.914298 0.103192 0.916668
0 0.616746 0.565035 0.612603 0.562201 0.605626 0.554134 0.598868 0.544323 0.598650 0.535166 0.599521 0.530805 0.602792 0.524700 0.606716 0.522956 0.615220 0.522084 0.619362 0.523174 0.621542 0.524700 0.625248 0.530587 0.625467 0.535166 0.627429 0.544541 0.625248 0.550863 0.624159 0.558276 0.623068 0.560456 0.619144 0.562855
0 0.750000 0.210938 0.796875 0.210938 0.800781 0.210938 0.820312 0.222656 0.824219 0.222656 0.828125 0.242188 0.828125 0.246094 0.820312 0.296875 0.816406 0.300781 0.792969 0.308594 0.789062 0.308594 0.765625 0.273438 0.761719 0.269531 0.714844 0.246094 0.710938 0.242188 0.710938 0.222656 0.714844 0.218750 0.750000 0.210938
0 0.808594 0.078125 0.843750 0.082031 0.847656 0.082031 0.863281 0.105469 0.863281 0.109375 0.835938 0.128906 0.832031 0.132812 0.777344 0.136719 0.773438 0.136719 0.773438 0.121094 0.773438 0.117188 0.785156 0.093750 0.785156 0.089844 0.808594 0.078125
0 0.860367 0.114316 0.880033 0.115050 0.885851 0.127338 0.896291 0.127519 0.907046 0.124527 0.916748 0.125066 0.935705 0.126119 0.939611 0.130025 0.947424 0.176900 0.951330 0.180807 0.951330 0.215963 0.951330 0.219869 0.931799 0.258932 0.931799 0.262838 0.908361 0.274557 0.904455 0.278463 0.873205 0.270650 0.869299 0.266744 0.861486 0.251119 0.857580 0.247213 0.855227 0.233095 0.859379 0.212062 0.849768 0.200338 0.845861 0.196432 0.806799 0.196432 0.802893 0.192525 0.802893 0.165182 0.802893 0.161275 0.811970 0.146449 0.823432 0.144759 0.830498 0.179469 0.841190 0.173818 0.841440 0.160291 0.827864 0.141944 0.853906 0.116829
0 0.124301 0.640241 0.123129 0.641413 0.121566 0.641843 0.109385 0.641546 0.107822 0.641116 0.106650 0.639944 0.106221 0.638382 0.106650 0.636819 0.107822 0.635647 0.112464 0.635221 0.113187 0.629986 0.114359 0.628814 0.117704 0.628384 0.119266 0.628814 0.120438 0.629986 0.121434 0.633463 0.124301 0.636225 0.124730 0.638679
0 0.093995 0.785530 0.092823 0.786702 0.091261 0.787132 0.088510 0.786702 0.086998 0.785075 0.084647 0.784028 0.082555 0.781563 0.080862 0.782081 0.079299 0.781651 0.078127 0.780479 0.077698 0.778917 0.078127 0.777354 0.079596 0.775885 0.081267 0.775292 0.081990 0.771412 0.083162 0.770240 0.085836 0.768457 0.087398 0.768028 0.089258 0.768457 0.092510 0.772006 0.092939 0.773569 0.091546 0.776094 0.093401 0.778543 0.094425 0.783968
0 0.351314 0.649185 0.350142 0.650357 0.341779 0.652466 0.340166 0.654079 0.339351 0.655982 0.336275 0.658514 0.333625 0.659215 0.332063 0.658786 0.330891 0.657614 0.330461 0.656051 0.330891 0.654489 0.332063 0.653317 0.334001 0.652620 0.336057 0.649323 0.338860 0.646791 0.348580 0.644459 0.350142 0.644888 0.351314 0.646060 0.351744 0.647623
0 0.489707 0.772352 0.488773 0.773286 0.487532 0.779421 0.485816 0.781137 0.484254 0.781567 0.475553 0.781295 0.473991 0.780865 0.472547 0.779421 0.472117 0.777859 0.472937 0.775907 0.472389 0.773780 0.472819 0.770315 0.473906 0.768412 0.476710 0.766152 0.479088 0.765450 0.486429 0.765450 0.487991 0.765880 0.489163 0.767052 0.490137 0.770790
0 1.000000 0.489515 0.996655 0.488615 0.991733 0.483693 0.989936 0.477014 0.991733 0.469809 0.996655 0.464887 0.999804 0.463313 1.000000 0.463116
0 0.982211 0.285456 0.982211 0.283882 0.980458 0.278719 0.978583 0.276844 0.973945 0.275091 0.966597 0.274566 0.964058 0.275269 0.962183 0.277144 0.961134 0.279768 0.960430 0.282307 0.960430 0.285981 0.961134 0.288520 0.963009 0.290395 0.965548 0.291098 0.967647 0.290517 0.969746 0.291098 0.976044 0.291098 0.979633 0.289870 0.981508 0.287995
0 0.606621 0.706826 0.604688 0.708391 0.605691 0.712061 0.605691 0.714780 0.604718 0.717974 0.602458 0.721049 0.599536 0.722022 0.597430 0.721593 0.593661 0.717824 0.591720 0.717243 0.588373 0.714711 0.587943 0.712333 0.588373 0.710770 0.591364 0.706692 0.592179 0.703157 0.593351 0.701986 0.594914 0.701556 0.596704 0.702213 0.600623 0.700740 0.603120 0.702104 0.605449 0.702529 0.606621 0.703701 0.607050 0.705264
