0 0.753906 0.011719 0.769531 0.011719 0.773438 0.011719 0.777344 0.015625 0.777344 0.019531 0.781250 0.023438 0.781250 0.027344 0.777344 0.031250 0.777344 0.035156 0.773438 0.039062 0.761719 0.039062 0.757812 0.039062 0.757812 0.035156 0.757812 0.031250 0.753906 0.027344 0.750000 0.023438 0.750000 0.019531 0.750000 0.015625 0.753906 0.011719
0 0.011719 0.097656 0.015625 0.097656 0.019531 0.097656 0.019531 0.105469 0.019531 0.109375 0.015625 0.113281 0.015625 0.117188 0.015625 0.121094 0.003906 0.132812 0.003906 0.136719 0.000000 0.132812 0.000000 0.132812 0.000000 0.113281 0.000000 0.113281 0.003906 0.109375 0.003906 0.105469 0.011719 0.097656
0 0.816406 0.171875 0.824219 0.171875 0.828125 0.171875 0.832031 0.175781 0.843750 0.175781 0.847656 0.175781 0.843750 0.179688 0.843750 0.183594 0.839844 0.187500 0.839844 0.191406 0.832031 0.199219 0.828125 0.203125 0.828125 0.199219 0.824219 0.195312 0.820312 0.191406 0.816406 0.191406 0.812500 0.191406 0.812500 0.179688 0.812500 0.175781 0.816406 0.171875
0 0.589844 0.398438 0.597656 0.398438 0.601562 0.398438 0.605469 0.402344 0.605469 0.406250 0.609375 0.410156 0.621094 0.410156 0.625000 0.410156 0.625000 0.414062 0.628906 0.417969 0.632812 0.421875 0.632812 0.425781 0.636719 0.429688 0.636719 0.433594 0.636719 0.437500 0.628906 0.445312 0.628906 0.449219 0.625000 0.453125 0.621094 0.453125 0.617188 0.457031 0.617188 0.460938 0.613281 0.464844 0.609375 0.464844 0.605469 0.464844 0.601562 0.460938 0.597656 0.460938 0.593750 0.460938 0.589844 0.457031 0.585938 0.457031 0.582031 0.457031 0.578125 0.453125 0.578125 0.449219 0.574219 0.445312 0.570312 0.441406 0.570312 0.429688 0.566406 0.425781 0.570312 0.421875 0.570312 0.417969 0.589844 0.398438
0 0.718750 0.562500 0.722656 0.566406 0.726562 0.566406 0.730469 0.570312 0.734375 0.574219 0.738281 0.574219 0.742188 0.574219 0.746094 0.578125 0.750000 0.578125 0.750000 0.582031 0.753906 0.585938 0.757812 0.585938 0.757812 0.589844 0.761719 0.593750 0.761719 0.601562 0.765625 0.605469 0.761719 0.609375 0.761719 0.613281 0.757812 0.617188 0.753906 0.621094 0.753906 0.625000 0.750000 0.628906 0.750000 0.632812 0.750000 0.636719 0.746094 0.640625 0.742188 0.644531 0.738281 0.644531 0.734375 0.648438 0.730469 0.652344 0.726562 0.652344 0.722656 0.656250 0.718750 0.660156 0.714844 0.660156 0.710938 0.664062 0.703125 0.664062 0.699219 0.664062 0.695312 0.667969 0.691406 0.667969 0.687500 0.664062 0.683594 0.660156 0.683594 0.636719 0.683594 0.632812 0.687500 0.628906 0.687500 0.625000 0.691406 0.621094 0.691406 0.617188 0.695312 0.613281 0.695312 0.605469 0.695312 0.601562 0.691406 0.597656 0.691406 0.589844 0.691406 0.585938 0.695312 0.585938 0.699219 0.582031 0.699219 0.578125 0.699219 0.574219 0.703125 0.570312 0.707031 0.566406 0.710938 0.566406 0.714844 0.566406 0.718750 0.562500
0 0.421875 0.582031 0.425781 0.582031 0.429688 0.582031 0.433594 0.585938 0.437500 0.585938 0.441406 0.585938 0.441406 0.589844 0.445312 0.593750 0.449219 0.597656 0.445312 0.601562 0.445312 0.605469 0.441406 0.609375 0.437500 0.609375 0.433594 0.609375 0.429688 0.605469 0.425781 0.605469 0.425781 0.601562 0.421875 0.597656 0.421875 0.593750 0.417969 0.589844 0.414062 0.589844 0.410156 0.589844 0.414062 0.589844 0.417969 0.589844 0.421875 0.585938 0.421875 0.582031
0 0.917969 0.601562 0.925781 0.601562 0.929688 0.601562 0.929688 0.605469 0.929688 0.609375 0.933594 0.613281 0.937500 0.617188 0.937500 0.621094 0.933594 0.625000 0.929688 0.625000 0.925781 0.621094 0.921875 0.621094 0.921875 0.617188 0.917969 0.613281 0.917969 0.609375 0.914062 0.605469 0.910156 0.605469 0.914062 0.605469 0.917969 0.601562
0 0.667969 0.734375 0.675781 0.734375 0.679688 0.734375 0.679688 0.738281 0.679688 0.742188 0.683594 0.746094 0.691406 0.746094 0.695312 0.746094 0.699219 0.750000 0.703125 0.753906 0.703125 0.761719 0.703125 0.765625 0.699219 0.769531 0.699219 0.773438 0.695312 0.777344 0.695312 0.781250 0.691406 0.785156 0.691406 0.789062 0.691406 0.792969 0.683594 0.800781 0.679688 0.804688 0.656250 0.804688 0.652344 0.804688 0.648438 0.800781 0.644531 0.800781 0.644531 0.789062 0.644531 0.785156 0.640625 0.781250 0.640625 0.777344 0.636719 0.773438 0.636719 0.765625 0.636719 0.761719 0.632812 0.757812 0.632812 0.753906 0.632812 0.750000 0.636719 0.746094 0.640625 0.746094 0.644531 0.742188 0.656250 0.742188 0.660156 0.742188 0.667969 0.734375
0 0.230469 0.761719 0.253906 0.761719 0.257812 0.761719 0.257812 0.769531 0.261719 0.773438 0.261719 0.785156 0.261719 0.789062 0.265625 0.792969 0.265625 0.796875 0.269531 0.800781 0.265625 0.804688 0.261719 0.808594 0.257812 0.808594 0.253906 0.812500 0.234375 0.812500 0.230469 0.812500 0.230469 0.808594 0.214844 0.792969 0.210938 0.789062 0.210938 0.773438 0.210938 0.769531 0.214844 0.769531 0.218750 0.769531 0.222656 0.765625 0.226562 0.765625 0.230469 0.761719
0 0.863281 0.714844 0.871094 0.714844 0.875000 0.714844 0.902344 0.730469 0.906250 0.734375 0.964844 0.753906 0.968750 0.757812 0.992188 0.761719 0.996094 0.761719 1.000000 0.764648 1.000000 0.882031 0.984375 0.902344 0.980469 0.906250 0.953125 0.906250 0.949219 0.906250 0.929688 0.894531 0.925781 0.890625 0.894531 0.890625 0.890625 0.890625 0.855469 0.875000 0.851562 0.871094 0.839844 0.800781 0.839844 0.796875 0.824219 0.777344 0.820312 0.777344 0.816406 0.761719 0.816406 0.757812 0.824219 0.738281 0.824219 0.734375 0.835938 0.722656 0.839844 0.718750 0.863281 0.714844
0 0.839844 0.578125 0.851562 0.578125 0.855469 0.578125 0.863281 0.589844 0.867188 0.593750 0.863281 0.621094 0.859375 0.625000 0.875000 0.648438 0.878906 0.652344 0.878906 0.683594 0.878906 0.687500 0.886719 0.710938 0.886719 0.714844 0.910156 0.734375 0.914062 0.738281 0.996094 0.765625 1.000000 0.765625 1.000000 0.765625 1.000000 0.881037 0.976562 0.902344 0.972656 0.906250 0.894531 0.890625 0.890625 0.890625 0.863281 0.875000 0.859375 0.875000 0.855469 0.871094 0.851562 0.867188 0.847656 0.832031 0.847656 0.828125 0.835938 0.796875 0.835938 0.792969 0.820312 0.777344 0.816406 0.773438 0.816406 0.761719 0.816406 0.757812 0.824219 0.746094 0.824219 0.742188 0.820312 0.734375 0.816406 0.730469 0.785156 0.726562 0.781250 0.722656 0.773438 0.667969 0.773438 0.664062 0.792969 0.632812 0.792969 0.628906 0.800781 0.621094 0.804688 0.617188 0.828125 0.609375 0.832031 0.605469 0.832031 0.589844 0.832031 0.585938 0.839844 0.578125
0 0.945312 0.371094 1.000000 0.382607 1.000000 0.442336 0.933594 0.429688 0.929688 0.429688 0.917969 0.410156 0.917969 0.406250 0.929688 0.386719 0.929688 0.382812 0.945312 0.371094
0 0.824219 0.449219 0.843750 0.449219 0.847656 0.449219 0.851562 0.476562 0.851562 0.480469 0.832031 0.515625 0.832031 0.519531 0.820312 0.527344 0.816406 0.531250 0.804688 0.531250 0.800781 0.531250 0.785156 0.515625 0.781250 0.511719 0.781250 0.476562 0.781250 0.472656 0.789062 0.460938 0.792969 0.457031 0.824219 0.449219
0 0.617188 0.867188 0.632812 0.867188 0.636719 0.867188 0.652344 0.878906 0.656250 0.882812 0.644531 0.933594 0.644531 0.937500 0.628906 0.945312 0.625000 0.949219 0.585938 0.945312 0.582031 0.945312 0.570312 0.937500 0.566406 0.937500 0.570312 0.910156 0.570312 0.906250 0.597656 0.878906 0.601562 0.875000 0.617188 0.867188
0 0.609375 0.960938 0.648438 0.964844 0.652344 0.964844 0.656250 0.988281 0.656250 0.992188 0.651042 1.000000 0.614063 1.000000 0.597656 0.988281 0.593750 0.984375 0.597656 0.972656 0.597656 0.968750 0.609375 0.960938
0 0.386719 0.164062 0.394531 0.164062 0.398438 0.164062 0.417969 0.191406 0.421875 0.195312 0.414062 0.230469 0.410156 0.234375 0.421875 0.253906 0.425781 0.257812 0.417969 0.300781 0.417969 0.304688 0.402344 0.324219 0.398438 0.328125 0.312500 0.332031 0.308594 0.332031 0.292969 0.320312 0.289062 0.316406 0.289062 0.296875 0.289062 0.292969 0.316406 0.253906 0.320312 0.250000 0.335938 0.214844 0.335938 0.210938 0.386719 0.164062
0 0.546875 0.148438 0.570312 0.156250 0.574219 0.156250 0.578125 0.179688 0.578125 0.183594 0.570312 0.195312 0.566406 0.199219 0.562500 0.226562 0.558594 0.230469 0.562500 0.257812 0.566406 0.261719 0.566406 0.328125 0.566406 0.332031 0.558594 0.347656 0.558594 0.351562 0.550781 0.359375 0.546875 0.363281 0.539062 0.363281 0.535156 0.363281 0.511719 0.351562 0.507812 0.347656 0.503906 0.328125 0.500000 0.324219 0.500000 0.234375 0.500000 0.230469 0.492188 0.199219 0.492188 0.195312 0.500000 0.179688 0.503906 0.175781 0.519531 0.171875 0.523438 0.171875 0.546875 0.148438
0 0.445312 0.167969 0.457031 0.171875 0.460938 0.171875 0.476562 0.195312 0.480469 0.199219 0.480469 0.234375 0.480469 0.238281 0.468750 0.257812 0.464844 0.261719 0.437500 0.253906 0.433594 0.253906 0.421875 0.238281 0.417969 0.234375 0.421875 0.187500 0.417969 0.183594 0.445312 0.167969
0 0.093750 0.289062 0.121094 0.289062 0.125000 0.289062 0.136719 0.296875 0.140625 0.296875 0.164062 0.343750 0.167969 0.347656 0.167969 0.363281 0.167969 0.367188 0.144531 0.414062 0.144531 0.417969 0.113281 0.425781 0.109375 0.425781 0.082031 0.445312 0.078125 0.449219 0.054688 0.453125 0.050781 0.453125 0.003906 0.402344 0.000000 0.398438 0.000000 0.398438 0.000000 0.324219 0.000000 0.324219 0.000000 0.320312 0.093750 0.289062
0 0.171875 0.371094 0.191406 0.371094 0.195312 0.371094 0.222656 0.414062 0.226562 0.417969 0.230469 0.453125 0.230469 0.457031 0.207031 0.480469 0.203125 0.484375 0.156250 0.484375 0.152344 0.484375 0.144531 0.472656 0.140625 0.468750 0.140625 0.433594 0.140625 0.429688 0.160156 0.386719 0.160156 0.382812 0.171875 0.371094
0 0.128906 0.203125 0.144531 0.203125 0.148438 0.203125 0.160156 0.210938 0.164062 0.210938 0.175781 0.230469 0.179688 0.234375 0.179688 0.253906 0.179688 0.257812 0.160156 0.289062 0.156250 0.292969 0.132812 0.289062 0.128906 0.289062 0.121094 0.281250 0.117188 0.277344 0.109375 0.253906 0.105469 0.250000 0.105469 0.234375 0.105469 0.230469 0.128906 0.203125
0 0.000000 0.273438 0.003906 0.277344 0.007812 0.281250 0.007812 0.308594 0.007812 0.312500 0.000000 0.322266
0 0.089844 0.941406 0.136719 0.941406 0.140625 0.941406 0.152344 0.957031 0.152344 0.960938 0.136719 0.984375 0.132812 0.988281 0.117188 1.000000 0.000000 1.000000 0.000000 0.981250 0.007812 0.968750 0.011719 0.964844 0.023438 0.960938 0.027344 0.957031 0.062500 0.953125 0.066406 0.953125 0.089844 0.941406
0 0.577163 0.977384 0.554421 0.979203 0.546234 0.981932 0.526220 0.981022 0.510755 0.963738 0.504387 0.953731 0.488922 0.953731 0.474367 0.961919 0.455263 0.968287 0.438889 0.970106 0.435250 0.966467 0.426153 0.950093 0.421605 0.915524 0.427063 0.908246 0.430702 0.907337 0.449805 0.893691 0.451625 0.884594 0.461631 0.867310 0.463451 0.840929 0.467089 0.831832 0.474367 0.826373 0.490742 0.821825 0.498929 0.815457 0.503478 0.793624 0.508026 0.787256 0.540775 0.778159 0.550782 0.771791 0.558969 0.769062 0.575344 0.749959 0.595357 0.749959 0.609003 0.770882 0.609003 0.781798 0.605364 0.785437 0.598086 0.802721 0.603545 0.810909 0.602635 0.827283 0.599906 0.831832 0.588080 0.841838 0.568976 0.867310 0.557150 0.886414 0.542595 0.893691 0.528039 0.897330 0.527130 0.899149 0.527130 0.919163 0.531678 0.929170 0.539866 0.939176 0.545324 0.942815 0.561698 0.942815 0.565337 0.940996 0.576254 0.941905 0.579893 0.948273 0.582621 0.959189 0.582621 0.967377 0.580802 0.971016
0 0.925781 0.425781 0.964844 0.429688 0.968750 0.429688 0.984375 0.437500 0.988281 0.441406 0.992188 0.476562 0.992188 0.480469 0.980469 0.496094 0.976562 0.500000 0.949219 0.503906 0.945312 0.503906 0.929688 0.492188 0.925781 0.488281 0.910156 0.457031 0.906250 0.453125 0.925781 0.425781
0 0.890569 0.456978 0.877416 0.464285 0.873031 0.468670 0.864262 0.468670 0.854031 0.464285 0.854031 0.461362 0.851108 0.458439 0.851108 0.420439 0.852570 0.416055 0.856954 0.413132 0.875954 0.413132 0.881800 0.410209 0.893492 0.410209 0.908107 0.416055 0.912492 0.420439 0.912492 0.432132 0.908107 0.446747 0.902261 0.454055
