0 0.226562 0.011719 0.230469 0.011719 0.234375 0.011719 0.234375 0.031250 0.230469 0.035156 0.226562 0.035156 0.222656 0.035156 0.222656 0.031250 0.218750 0.027344 0.218750 0.023438 0.218750 0.019531 0.226562 0.011719
0 0.824219 0.058594 0.832031 0.058594 0.835938 0.058594 0.839844 0.062500 0.839844 0.074219 0.835938 0.078125 0.828125 0.078125 0.824219 0.078125 0.820312 0.074219 0.812500 0.074219 0.808594 0.074219 0.808594 0.070312 0.808594 0.066406 0.812500 0.062500 0.816406 0.062500 0.820312 0.062500 0.824219 0.058594
0 0.171875 0.121094 0.175781 0.121094 0.179688 0.121094 0.179688 0.132812 0.179688 0.136719 0.183594 0.140625 0.187500 0.140625 0.191406 0.144531 0.191406 0.148438 0.191406 0.152344 0.187500 0.156250 0.179688 0.156250 0.175781 0.160156 0.171875 0.160156 0.167969 0.156250 0.164062 0.156250 0.160156 0.152344 0.144531 0.152344 0.140625 0.152344 0.140625 0.144531 0.140625 0.140625 0.148438 0.140625 0.152344 0.144531 0.164062 0.144531 0.167969 0.144531 0.171875 0.140625 0.171875 0.121094
0 0.875000 0.171875 0.878906 0.171875 0.882812 0.171875 0.886719 0.175781 0.890625 0.179688 0.890625 0.191406 0.886719 0.195312 0.875000 0.195312 0.871094 0.195312 0.871094 0.187500 0.871094 0.183594 0.867188 0.179688 0.855469 0.179688 0.851562 0.179688 0.863281 0.179688 0.867188 0.179688 0.875000 0.171875
0 0.300781 0.195312 0.308594 0.195312 0.312500 0.195312 0.312500 0.203125 0.308594 0.207031 0.300781 0.207031 0.296875 0.207031 0.296875 0.203125 0.296875 0.199219 0.300781 0.195312
0 0.984375 0.203125 0.996094 0.203125 1.000000 0.207031 1.000000 0.230469 0.996094 0.234375 0.988281 0.234375 0.984375 0.234375 0.984375 0.226562 0.980469 0.222656 0.984375 0.218750 0.984375 0.203125
0 0.804688 0.214844 0.816406 0.214844 0.820312 0.218750 0.820312 0.222656 0.824219 0.226562 0.824219 0.230469 0.820312 0.234375 0.816406 0.238281 0.804688 0.238281 0.800781 0.234375 0.800781 0.226562 0.796875 0.222656 0.804688 0.214844
0 0.222656 0.238281 0.226562 0.242188 0.226562 0.246094 0.222656 0.250000 0.214844 0.250000 0.210938 0.253906 0.210938 0.250000 0.207031 0.246094 0.210938 0.242188 0.214844 0.242188 0.218750 0.242188 0.222656 0.238281
0 0.390625 0.273438 0.402344 0.273438 0.406250 0.273438 0.410156 0.277344 0.414062 0.277344 0.410156 0.277344 0.406250 0.277344 0.402344 0.281250 0.402344 0.285156 0.402344 0.289062 0.398438 0.292969 0.394531 0.296875 0.390625 0.292969 0.386719 0.289062 0.390625 0.285156 0.390625 0.273438
0 0.976562 0.289062 0.976562 0.281250 0.972656 0.277344 0.968750 0.277344 0.964844 0.273438 0.960938 0.277344 0.957031 0.277344 0.957031 0.281549 0.963972 0.281549 0.965831 0.282056 0.965662 0.292969 0.972656 0.292969
0 0.871094 0.289062 0.875000 0.289062 0.878906 0.289062 0.882812 0.292969 0.882812 0.296875 0.886719 0.300781 0.882812 0.300781 0.878906 0.304688 0.875000 0.304688 0.871094 0.304688 0.871094 0.300781 0.867188 0.296875 0.871094 0.292969 0.871094 0.289062
0 0.160156 0.335938 0.160156 0.332031 0.140625 0.332031 0.136719 0.328125 0.136719 0.308594 0.132812 0.308594 0.121094 0.296875 0.109375 0.296875 0.109375 0.304688 0.105469 0.308594 0.070312 0.308594 0.070312 0.320312 0.062500 0.324219 0.054688 0.335938 0.048366 0.335938 0.050781 0.355469 0.054688 0.363281 0.101562 0.367188 0.105469 0.363281 0.105469 0.339844 0.109375 0.335938 0.121094 0.335938 0.125000 0.339844 0.125000 0.347656 0.132812 0.347656 0.136719 0.351562 0.152344 0.343750
0 0.851562 0.367188 0.855469 0.367188 0.859375 0.367188 0.863281 0.371094 0.867188 0.371094 0.867188 0.378906 0.871094 0.382812 0.867188 0.382812 0.863281 0.386719 0.855469 0.386719 0.851562 0.390625 0.847656 0.386719 0.843750 0.382812 0.843750 0.378906 0.843750 0.375000 0.851562 0.367188
0 0.738281 0.382812 0.742188 0.382812 0.746094 0.382812 0.746094 0.386719 0.742188 0.390625 0.742188 0.394531 0.738281 0.398438 0.734375 0.402344 0.730469 0.398438 0.730469 0.390625 0.730469 0.386719 0.734375 0.386719 0.738281 0.382812
0 0.058594 0.394531 0.070312 0.394531 0.074219 0.394531 0.074219 0.398438 0.070312 0.402344 0.070312 0.410156 0.066406 0.414062 0.054688 0.414062 0.050781 0.410156 0.054688 0.406250 0.058594 0.402344 0.058594 0.394531
0 0.390625 0.457031 0.390625 0.460938 0.394531 0.464844 0.398438 0.468750 0.398438 0.480469 0.398438 0.484375 0.402344 0.488281 0.406250 0.488281 0.410156 0.488281 0.410156 0.492188 0.410156 0.496094 0.406250 0.500000 0.406250 0.503906 0.402344 0.507812 0.390625 0.507812 0.386719 0.503906 0.386719 0.492188 0.386719 0.488281 0.382812 0.484375 0.378906 0.480469 0.382812 0.476562 0.382812 0.472656 0.382812 0.468750 0.386719 0.464844 0.390625 0.460938 0.390625 0.457031
0 0.968750 0.480469 0.960938 0.472656 0.960938 0.468750 0.953125 0.468750 0.949219 0.464844 0.941406 0.464844 0.941406 0.468750 0.937500 0.472656 0.914062 0.472656 0.912959 0.473760 0.912959 0.479365 0.914062 0.480469 0.914062 0.496094 0.917969 0.500000 0.917969 0.503906 0.921875 0.503906 0.925781 0.507812 0.925781 0.511719 0.929688 0.515625 0.933594 0.515625 0.937500 0.511719 0.953125 0.511719 0.960938 0.503906 0.960938 0.488281
0 0.179688 0.531250 0.187500 0.531250 0.191406 0.535156 0.187500 0.539062 0.183594 0.542969 0.179688 0.542969 0.175781 0.546875 0.175781 0.550781 0.171875 0.554688 0.167969 0.558594 0.167969 0.562500 0.164062 0.566406 0.160156 0.566406 0.156250 0.570312 0.152344 0.570312 0.148438 0.574219 0.144531 0.574219 0.144531 0.570312 0.140625 0.566406 0.140625 0.539062 0.140625 0.535156 0.171875 0.535156 0.175781 0.535156 0.179688 0.531250
0 0.265625 0.625000 0.277344 0.625000 0.281250 0.625000 0.281250 0.628906 0.285156 0.632812 0.281250 0.632812 0.277344 0.636719 0.273438 0.640625 0.265625 0.640625 0.261719 0.640625 0.261719 0.632812 0.261719 0.628906 0.265625 0.625000
0 0.000000 0.687500 0.003906 0.687500 0.007812 0.687500 0.007812 0.695312 0.011719 0.699219 0.007812 0.699219 0.003906 0.703125 0.000000 0.703125 0.000000 0.703125 0.000000 0.687500 0.000000 0.687500
0 0.488281 0.695312 0.500000 0.695312 0.503906 0.699219 0.500000 0.703125 0.496094 0.707031 0.492188 0.707031 0.488281 0.710938 0.484375 0.707031 0.484375 0.703125 0.484375 0.699219 0.488281 0.695312
0 0.359375 0.714844 0.367188 0.714844 0.371094 0.718750 0.371094 0.726562 0.371094 0.730469 0.375000 0.734375 0.378906 0.734375 0.371094 0.734375 0.367188 0.738281 0.351562 0.738281 0.347656 0.742188 0.347656 0.730469 0.343750 0.726562 0.347656 0.726562 0.359375 0.714844
0 0.660156 0.718750 0.671875 0.718750 0.675781 0.718750 0.675781 0.730469 0.675781 0.734375 0.679688 0.738281 0.679688 0.742188 0.679688 0.746094 0.683594 0.750000 0.687500 0.750000 0.687500 0.753906 0.683594 0.757812 0.664062 0.757812 0.660156 0.757812 0.660156 0.718750
0 0.253906 0.734375 0.257812 0.734375 0.261719 0.734375 0.261719 0.738281 0.265625 0.742188 0.265625 0.746094 0.261719 0.750000 0.257812 0.750000 0.253906 0.753906 0.250000 0.753906 0.250000 0.746094 0.246094 0.742188 0.250000 0.742188 0.253906 0.738281 0.253906 0.734375
0 0.285156 0.789062 0.300781 0.789062 0.304688 0.789062 0.304688 0.792969 0.308594 0.796875 0.308594 0.800781 0.304688 0.804688 0.300781 0.804688 0.296875 0.808594 0.289062 0.808594 0.285156 0.808594 0.285156 0.800781 0.281250 0.796875 0.285156 0.792969 0.285156 0.789062
0 0.128906 0.828125 0.128906 0.824219 0.128351 0.823663 0.113281 0.823663 0.105469 0.832031 0.105469 0.839844 0.117188 0.839844
0 0.320312 0.812500 0.324219 0.816406 0.328125 0.816406 0.328125 0.828125 0.328125 0.832031 0.332031 0.835938 0.335938 0.839844 0.332031 0.839844 0.328125 0.843750 0.324219 0.843750 0.320312 0.843750 0.316406 0.839844 0.312500 0.839844 0.312500 0.835938 0.312500 0.832031 0.316406 0.828125 0.320312 0.824219 0.320312 0.812500
0 0.171875 0.832031 0.175781 0.832031 0.179688 0.832031 0.179688 0.835938 0.179688 0.839844 0.175781 0.843750 0.171875 0.843750 0.167969 0.847656 0.164062 0.847656 0.164062 0.843750 0.164062 0.839844 0.171875 0.832031
0 0.183594 0.878906 0.183594 0.875000 0.179688 0.875000 0.175781 0.871094 0.175781 0.867188 0.167969 0.867188 0.167969 0.878906 0.164062 0.882812 0.166230 0.884980 0.169707 0.884980 0.171875 0.882812 0.179688 0.882812
0 0.214844 0.921875 0.230469 0.921875 0.230469 0.925781 0.226562 0.929688 0.222656 0.933594 0.218750 0.933594 0.214844 0.933594 0.214844 0.921875
0 0.092528 0.000000 0.091852 0.000000 0.084399 0.000798 0.078020 0.002828 0.077150 0.011528 0.073380 0.019937 0.053661 0.022547 0.046992 0.022547 0.043802 0.026317 0.035682 0.030086 0.031913 0.038496 0.034523 0.044005 0.038872 0.048935 0.042062 0.051255 0.056271 0.057925 0.063231 0.059664 0.071640 0.059084 0.075700 0.057055 0.084399 0.049805 0.093679 0.039946 0.094259 0.013848
0 0.100920 0.000000 0.100920 0.003211 0.104603 0.014873 0.113197 0.013646 0.118517 0.010372 0.121381 0.004438 0.123107 0.000000
