0 0.488281 0.000000 0.488281 0.000000 0.484375 0.003906 0.476562 0.003906 0.472656 0.007812 0.468750 0.003906 0.468750 0.000000
0 0.312500 0.039062 0.316406 0.042969 0.328125 0.042969 0.332031 0.042969 0.332031 0.050781 0.332031 0.054688 0.328125 0.058594 0.328125 0.062500 0.324219 0.066406 0.316406 0.066406 0.312500 0.066406 0.312500 0.062500 0.308594 0.058594 0.312500 0.054688 0.312500 0.039062
0 0.066406 0.054688 0.070312 0.058594 0.070312 0.066406 0.070312 0.070312 0.066406 0.074219 0.066406 0.078125 0.062500 0.082031 0.058594 0.082031 0.054688 0.082031 0.054688 0.070312 0.054688 0.066406 0.058594 0.062500 0.058594 0.058594 0.062500 0.058594 0.066406 0.054688
0 0.000000 0.066406 0.007812 0.066406 0.011719 0.070312 0.011719 0.074219 0.011719 0.078125 0.015625 0.082031 0.019531 0.085938 0.019531 0.093750 0.023438 0.097656 0.019531 0.097656 0.015625 0.101562 0.011719 0.105469 0.007812 0.105469 0.003906 0.109375 0.000000 0.113281 0.000000 0.113281
0 0.828125 0.109375 0.839844 0.109375 0.843750 0.109375 0.843750 0.117188 0.843750 0.121094 0.839844 0.125000 0.832031 0.125000 0.828125 0.125000 0.828125 0.109375
0 0.679688 0.199219 0.695312 0.199219 0.699219 0.203125 0.699219 0.210938 0.703125 0.214844 0.703125 0.226562 0.703125 0.230469 0.699219 0.234375 0.695312 0.238281 0.691406 0.238281 0.687500 0.242188 0.660156 0.242188 0.656250 0.242188 0.656250 0.218750 0.652344 0.214844 0.656250 0.210938 0.660156 0.207031 0.664062 0.207031 0.667969 0.203125 0.671875 0.203125 0.675781 0.203125 0.679688 0.199219
0 0.601562 0.234375 0.613281 0.234375 0.617188 0.238281 0.613281 0.242188 0.609375 0.246094 0.605469 0.246094 0.601562 0.250000 0.597656 0.250000 0.593750 0.250000 0.593750 0.246094 0.593750 0.242188 0.601562 0.234375
0 0.480469 0.296875 0.503906 0.296875 0.507812 0.296875 0.511719 0.300781 0.511719 0.304688 0.511719 0.308594 0.507812 0.312500 0.507812 0.316406 0.503906 0.320312 0.476562 0.320312 0.472656 0.320312 0.468750 0.316406 0.464844 0.316406 0.460938 0.316406 0.460938 0.312500 0.460938 0.308594 0.464844 0.308594 0.468750 0.304688 0.472656 0.300781 0.476562 0.300781 0.480469 0.296875
0 0.621094 0.445312 0.632812 0.445312 0.636719 0.445312 0.640625 0.449219 0.644531 0.453125 0.644531 0.457031 0.648438 0.460938 0.648438 0.464844 0.644531 0.468750 0.640625 0.472656 0.636719 0.472656 0.632812 0.472656 0.632812 0.468750 0.632812 0.464844 0.628906 0.460938 0.621094 0.460938 0.617188 0.457031 0.617188 0.453125 0.617188 0.449219 0.621094 0.445312
0 0.218750 0.472656 0.234375 0.472656 0.238281 0.472656 0.230469 0.480469 0.226562 0.484375 0.222656 0.484375 0.218750 0.484375 0.210938 0.492188 0.207031 0.496094 0.203125 0.496094 0.199219 0.500000 0.175781 0.500000 0.171875 0.496094 0.175781 0.492188 0.179688 0.488281 0.183594 0.488281 0.187500 0.484375 0.191406 0.484375 0.195312 0.480469 0.199219 0.480469 0.203125 0.480469 0.207031 0.476562 0.210938 0.476562 0.214844 0.476562 0.218750 0.472656
0 0.257812 0.527344 0.265625 0.527344 0.269531 0.527344 0.273438 0.531250 0.277344 0.531250 0.281250 0.535156 0.292969 0.535156 0.296875 0.531250 0.300781 0.535156 0.320312 0.535156 0.324219 0.535156 0.328125 0.539062 0.332031 0.542969 0.335938 0.542969 0.339844 0.546875 0.339844 0.558594 0.343750 0.562500 0.339844 0.562500 0.332031 0.570312 0.328125 0.570312 0.324219 0.574219 0.324219 0.578125 0.320312 0.582031 0.316406 0.585938 0.316406 0.589844 0.312500 0.593750 0.300781 0.593750 0.296875 0.597656 0.289062 0.597656 0.285156 0.597656 0.281250 0.593750 0.277344 0.593750 0.273438 0.593750 0.273438 0.589844 0.269531 0.585938 0.269531 0.578125 0.269531 0.574219 0.265625 0.570312 0.265625 0.566406 0.265625 0.562500 0.261719 0.558594 0.257812 0.554688 0.257812 0.550781 0.253906 0.546875 0.253906 0.539062 0.250000 0.535156 0.257812 0.527344
0 0.675781 0.527344 0.695312 0.527344 0.699219 0.527344 0.699219 0.531250 0.703125 0.535156 0.703125 0.539062 0.699219 0.542969 0.691406 0.542969 0.687500 0.542969 0.683594 0.539062 0.679688 0.539062 0.675781 0.535156 0.671875 0.531250 0.675781 0.527344
0 0.371094 0.609375 0.390625 0.609375 0.394531 0.609375 0.394531 0.621094 0.398438 0.625000 0.398438 0.656250 0.394531 0.660156 0.390625 0.660156 0.390625 0.652344 0.390625 0.648438 0.386719 0.644531 0.386719 0.636719 0.386719 0.632812 0.382812 0.628906 0.382812 0.625000 0.378906 0.621094 0.375000 0.617188 0.371094 0.617188 0.367188 0.613281 0.371094 0.609375
0 0.316406 0.707031 0.312500 0.703125 0.312500 0.699219 0.304688 0.699219 0.304688 0.710938 0.300781 0.714844 0.296875 0.714844 0.277344 0.734375 0.277344 0.738281 0.273438 0.742188 0.273678 0.758278 0.276179 0.758578 0.276840 0.760294 0.277111 0.766046 0.285392 0.766046 0.285392 0.761483 0.296875 0.750000 0.296875 0.746094 0.312500 0.730469 0.312500 0.710938
0 0.332031 0.789062 0.347656 0.789062 0.351562 0.789062 0.351562 0.792969 0.351562 0.796875 0.339844 0.808594 0.339844 0.812500 0.335938 0.808594 0.332031 0.808594 0.328125 0.804688 0.324219 0.804688 0.328125 0.804688 0.332031 0.800781 0.332031 0.789062
0 0.570312 0.832031 0.605469 0.832031 0.609375 0.832031 0.613281 0.835938 0.617188 0.835938 0.621094 0.839844 0.625000 0.839844 0.628906 0.843750 0.632812 0.847656 0.632812 0.863281 0.632812 0.867188 0.636719 0.871094 0.640625 0.875000 0.636719 0.875000 0.632812 0.878906 0.613281 0.878906 0.609375 0.875000 0.582031 0.875000 0.578125 0.875000 0.574219 0.871094 0.570312 0.867188 0.570312 0.855469 0.566406 0.851562 0.566406 0.847656 0.566406 0.843750 0.570312 0.839844 0.570312 0.832031
0 0.144531 0.843750 0.164062 0.843750 0.167969 0.843750 0.175781 0.851562 0.179688 0.851562 0.179688 0.859375 0.183594 0.863281 0.187500 0.863281 0.191406 0.863281 0.195312 0.867188 0.199219 0.871094 0.187500 0.882812 0.183594 0.886719 0.179688 0.886719 0.175781 0.886719 0.171875 0.890625 0.167969 0.894531 0.160156 0.894531 0.156250 0.890625 0.144531 0.890625 0.140625 0.890625 0.140625 0.882812 0.136719 0.878906 0.136719 0.859375 0.136719 0.855469 0.140625 0.855469 0.144531 0.851562 0.144531 0.843750
0 0.871482 0.331363 0.871482 0.326160 0.874083 0.320958 0.875384 0.313804 0.875384 0.307301 0.876685 0.300148 0.879286 0.295596 0.879286 0.285841 0.866930 0.285841 0.865629 0.290393 0.859777 0.290393 0.863028 0.307952 0.860427 0.330712
0 0.827911 0.315755 0.838316 0.311854 0.844169 0.300148 0.845470 0.287792 0.829862 0.291044 0.824009 0.307952
