0 0.924865 0.205659 0.937440 0.199530 0.942094 0.200336 0.944357 0.202768 0.947581 0.200367 0.949045 0.198106 0.951760 0.192690 0.954032 0.189401 0.959237 0.188391 0.965688 0.192155 0.971208 0.195816 0.970653 0.205255 0.961938 0.209852 0.952294 0.212404 0.949373 0.214606 0.944187 0.215709 0.941952 0.217905 0.932456 0.220324 0.922629 0.219880 0.918109 0.219556 0.915247 0.214635 0.919364 0.210743 0.921332 0.208427
0 0.825063 0.383134 0.814344 0.382933 0.805162 0.380518 0.802304 0.380154 0.796147 0.377516 0.788345 0.377162 0.787510 0.375264 0.795576 0.369307 0.803126 0.364254 0.806130 0.356793 0.811602 0.353919 0.817458 0.359886 0.817217 0.364229 0.817981 0.367081 0.824365 0.373465 0.826125 0.373979 0.828214 0.381314
0 0.048145 0.934591 0.059439 0.932534 0.065672 0.933343 0.076857 0.926455 0.086114 0.921886 0.088439 0.920604 0.103003 0.926313 0.110822 0.934393 0.109802 0.936458 0.102111 0.939380 0.097915 0.938780 0.092045 0.941324 0.092072 0.943769 0.091299 0.950272 0.086486 0.953652 0.081398 0.953323 0.079064 0.954042 0.076275 0.953370 0.066702 0.951841 0.057970 0.949745 0.052602 0.946202 0.050295 0.945457 0.045744 0.939863
0 0.127825 0.889587 0.132067 0.888698 0.139107 0.888933 0.151568 0.881920 0.157346 0.883436 0.159233 0.885099 0.171810 0.889418 0.176404 0.890106 0.177855 0.892810 0.174322 0.899350 0.172965 0.900007 0.171581 0.905901 0.165564 0.912393 0.158182 0.914964 0.156862 0.918246 0.153631 0.921987 0.154181 0.923847 0.150570 0.928502 0.142055 0.930577 0.138185 0.930223 0.132290 0.927062 0.130763 0.926707 0.129609 0.925325 0.128387 0.925212 0.124270 0.920620 0.122972 0.915050 0.119014 0.910526 0.111150 0.908925 0.104005 0.910008 0.101004 0.904809 0.104129 0.903109 0.108568 0.899234 0.110819 0.893095 0.117697 0.892864 0.120624 0.891206 0.124173 0.891400
0 0.108989 1.000000 0.103704 0.995228 0.101558 0.986924 0.095321 0.980402 0.100966 0.974065 0.101711 0.971366 0.109396 0.960166 0.122931 0.957545 0.127228 0.956269 0.138373 0.957354 0.140400 0.959078 0.134669 0.965284 0.133041 0.966043 0.132130 0.972141 0.131997 0.974379 0.133676 0.978717 0.133447 0.982179 0.141218 0.984894 0.139434 0.989902 0.139214 0.998142 0.138855 1.000000
0 0.359553 0.829418 0.366975 0.824170 0.373370 0.817226 0.380918 0.816274 0.384363 0.812829 0.386964 0.811877 0.398639 0.812648 0.395521 0.819778 0.392905 0.821539 0.389672 0.826785 0.387646 0.835349 0.382064 0.839003 0.381985 0.838996 0.379390 0.840420 0.374921 0.841307 0.370072 0.839016 0.363502 0.832574 0.361114 0.832107
0 0.163945 0.328264 0.174439 0.320635 0.177045 0.322663 0.186291 0.319774 0.185434 0.313895 0.185998 0.301400 0.191580 0.295818 0.207913 0.295241 0.211021 0.299444 0.214831 0.305392 0.215346 0.310660 0.217125 0.314006 0.216588 0.318196 0.213105 0.330871 0.209752 0.332556 0.200035 0.336576 0.195588 0.332491 0.191442 0.332367 0.186060 0.334452 0.181596 0.334321 0.176661 0.334613 0.169072 0.333704 0.165324 0.330993
0 0.186643 0.361521 0.181696 0.365474 0.179302 0.370385 0.176877 0.377077 0.173900 0.381355 0.171926 0.387697 0.171926 0.391700 0.171701 0.395665 0.168704 0.398271 0.164934 0.398654 0.163372 0.398158 0.158025 0.394741 0.157511 0.388704 0.155050 0.384375 0.154031 0.382120 0.144817 0.383653 0.142024 0.383428 0.140521 0.381808 0.139850 0.381881 0.137291 0.380092 0.135573 0.379321 0.131996 0.377696 0.136719 0.368559 0.141634 0.358176 0.148170 0.355546 0.152180 0.352707 0.157614 0.351571 0.160637 0.350763 0.166906 0.350873 0.173137 0.350191 0.179388 0.349591 0.185247 0.351258 0.192404 0.353361 0.191375 0.358022 0.190188 0.359600 0.187880 0.359955 0.187502 0.360195
0 0.161609 0.717086 0.163155 0.714250 0.167029 0.712200 0.170276 0.712207 0.171982 0.707376 0.173793 0.705314 0.176383 0.701021 0.177841 0.695657 0.188123 0.692279 0.193982 0.692279 0.201530 0.698782 0.200644 0.705645 0.198405 0.711400 0.190578 0.718055 0.189811 0.728978 0.183436 0.732357 0.177967 0.732147 0.174061 0.732357 0.171912 0.731809 0.167225 0.731418 0.159872 0.728978 0.160263 0.723782 0.161939 0.720911
0 0.208589 0.678514 0.201005 0.679399 0.196918 0.679150 0.194040 0.678711 0.181818 0.667672 0.174073 0.665999 0.172860 0.662523 0.172392 0.659945 0.171389 0.656599 0.172674 0.655893 0.174679 0.654305 0.179402 0.651309 0.184164 0.650492 0.186775 0.650257 0.191047 0.649413 0.205987 0.650753 0.210978 0.652163 0.215139 0.657554 0.219706 0.664293 0.218612 0.667210 0.212691 0.674949 0.211539 0.676350 0.209430 0.676557
0 0.044076 0.604818 0.057104 0.604755 0.062654 0.607985 0.067087 0.609325 0.073482 0.614173 0.077284 0.615258 0.082072 0.619610 0.089516 0.621700 0.094647 0.628377 0.100741 0.632151 0.104984 0.632527 0.107824 0.635367 0.109595 0.640043 0.124167 0.649017 0.138055 0.664499 0.138454 0.669299 0.137951 0.675489 0.133234 0.675418 0.124125 0.677302 0.117194 0.671787 0.115674 0.670444 0.113925 0.671383 0.105559 0.672103 0.098332 0.673432 0.087395 0.673432 0.083520 0.671383 0.077661 0.668648 0.075813 0.668362 0.074098 0.667225 0.073723 0.667182 0.071220 0.665561 0.071015 0.666063 0.067346 0.665200 0.060590 0.661947 0.053355 0.657801 0.046854 0.655957 0.045124 0.654214 0.039158 0.652061 0.035825 0.645889 0.047995 0.636330 0.051703 0.631571 0.049769 0.629428 0.049414 0.627902 0.047706 0.625894 0.045471 0.624263 0.044978 0.624214 0.032153 0.620377 0.029520 0.615745 0.036851 0.608022 0.040090 0.607382
0 0.001786 0.473273 0.004709 0.471659 0.008508 0.471395 0.014677 0.472767 0.014832 0.472710 0.018738 0.473100 0.020301 0.473596 0.027586 0.474654 0.029396 0.476855 0.034489 0.479214 0.034880 0.489096 0.033664 0.490453 0.033645 0.490950 0.028693 0.494694 0.026805 0.497171 0.024618 0.497586 0.022088 0.499254 0.014988 0.500274 0.007870 0.496582 0.006028 0.496178 0.000000 0.493195 0.000000 0.477339
0 0.200500 0.385827 0.206014 0.380994 0.216591 0.380404 0.223707 0.379921 0.227617 0.380764 0.232878 0.380482 0.243623 0.392630 0.237549 0.401096 0.231381 0.402648 0.224015 0.403256 0.219550 0.404778 0.212534 0.404778 0.205314 0.401528 0.198032 0.401667 0.193482 0.401780 0.190103 0.396967 0.192864 0.392771 0.193219 0.391244 0.194654 0.389810 0.200055 0.387258
0 0.743629 0.560779 0.748090 0.557000 0.755903 0.557000 0.756897 0.557404 0.757656 0.556948 0.759094 0.557150 0.759468 0.557004 0.760040 0.557037 0.766836 0.556324 0.784219 0.555386 0.792148 0.559018 0.790634 0.561261 0.800011 0.563737 0.801860 0.564023 0.804067 0.567274 0.797812 0.571944 0.797435 0.575340 0.792485 0.579509 0.789106 0.579786 0.778660 0.577911 0.770356 0.577547 0.764905 0.575875 0.761508 0.575212 0.756964 0.571839 0.753696 0.570525 0.744364 0.564171
0 0.888404 0.601521 0.897218 0.600777 0.898227 0.599179 0.903559 0.598511 0.914106 0.598407 0.916348 0.599215 0.921254 0.602430 0.920933 0.604143 0.922748 0.606456 0.916731 0.611194 0.911294 0.614376 0.908343 0.615047 0.900645 0.615863 0.896893 0.613900 0.884110 0.613568 0.882356 0.611237 0.879682 0.603195 0.883809 0.601973
0 0.787865 0.731296 0.784292 0.727224 0.779808 0.718655 0.783588 0.716034 0.795516 0.708180 0.801421 0.708879 0.804444 0.713502 0.804124 0.714506 0.805911 0.724330 0.810614 0.726689 0.811976 0.727285 0.811953 0.731521 0.812177 0.735293 0.799015 0.738410 0.792359 0.738354 0.790469 0.735080
0 0.357376 0.069941 0.360031 0.060788 0.363357 0.057490 0.366489 0.053577 0.368685 0.052936 0.372945 0.049880 0.378948 0.047003 0.391949 0.041295 0.397926 0.046490 0.397868 0.052186 0.401930 0.060527 0.401808 0.063552 0.402266 0.070800 0.405857 0.075942 0.410329 0.078526 0.416596 0.079388 0.420192 0.079135 0.434345 0.070831 0.439728 0.072279 0.441857 0.073668 0.442475 0.079169 0.439299 0.084839 0.436002 0.092785 0.435192 0.097437 0.432084 0.101007 0.428423 0.106258 0.423410 0.105485 0.414886 0.103542 0.412170 0.101147 0.407199 0.099405 0.403795 0.096772 0.397816 0.094001 0.394532 0.093350 0.387446 0.090301 0.382628 0.090495 0.376549 0.088951 0.369243 0.085986 0.366272 0.080593 0.358356 0.075073
0 0.001558 0.005704 0.011752 0.005579 0.024105 0.007414 0.028582 0.012371 0.034450 0.015828 0.043581 0.017223 0.052066 0.019253 0.071655 0.019549 0.074881 0.021298 0.078020 0.019059 0.081282 0.019634 0.089012 0.019754 0.100005 0.015918 0.110213 0.013651 0.113986 0.012179 0.121243 0.010502 0.131476 0.009732 0.134996 0.007920 0.150343 0.005916 0.154152 0.009477 0.148650 0.016450 0.144109 0.021328 0.140313 0.023601 0.134576 0.028425 0.127503 0.032551 0.121166 0.034572 0.120237 0.036136 0.111260 0.036437 0.107334 0.037171 0.103931 0.036297 0.096205 0.036611 0.085348 0.041882 0.077794 0.043288 0.068597 0.047117 0.061975 0.046081 0.056427 0.043778 0.050982 0.042417 0.048705 0.040664 0.038282 0.040340 0.026700 0.037288 0.024018 0.035083 0.017480 0.034041 0.007393 0.028666 0.000661 0.025435 0.000000 0.023547 0.000000 0.008218
0 0.993514 0.072597 0.992904 0.067661 0.990725 0.063916 0.991765 0.060097 0.999643 0.055238 1.000000 0.055166 1.000000 0.085109 0.999009 0.084787 0.994373 0.082296 0.992700 0.079337
0 0.571778 0.228278 0.579729 0.224946 0.582557 0.223089 0.596943 0.216511 0.608129 0.215369 0.613325 0.212516 0.623981 0.209101 0.630111 0.211216 0.628939 0.215630 0.627584 0.218506 0.627185 0.220023 0.626603 0.220663 0.625832 0.226441 0.626204 0.228911 0.622817 0.233080 0.614814 0.234051 0.607425 0.236124 0.603825 0.236386 0.596027 0.239534 0.592370 0.240145 0.584668 0.243971 0.581673 0.248834 0.578550 0.250333 0.578480 0.250122 0.572566 0.246632 0.569223 0.245163 0.558937 0.243877 0.558531 0.243889 0.558468 0.243772 0.554937 0.237898 0.553583 0.237571 0.551861 0.228041 0.550273 0.223850 0.551969 0.219026 0.562313 0.224841 0.567560 0.227395
0 0.524221 0.234326 0.527564 0.235061 0.534006 0.237672 0.535946 0.239804 0.539586 0.236726 0.548024 0.236454 0.551848 0.237152 0.554937 0.237898 0.558468 0.243772 0.558531 0.243889 0.558937 0.243877 0.569223 0.245163 0.572566 0.246632 0.578480 0.250122 0.580538 0.256368 0.580795 0.262796 0.579509 0.265919 0.577452 0.268307 0.577194 0.274736 0.576166 0.277674 0.570766 0.285756 0.568194 0.287593 0.560994 0.287777 0.555106 0.285560 0.549979 0.280797 0.547708 0.278409 0.542055 0.274229 0.538826 0.269336 0.541100 0.268017 0.544862 0.267550 0.544536 0.265368 0.538914 0.260769 0.535793 0.258939 0.526279 0.255082 0.524496 0.254471 0.515757 0.253774 0.512617 0.249849 0.510398 0.249038 0.509971 0.248115 0.504175 0.244274 0.508354 0.239741 0.513414 0.233211 0.519390 0.232820 0.520338 0.233712
0 0.376949 0.244418 0.382905 0.240438 0.386267 0.234211 0.389925 0.228599 0.390701 0.227537 0.391529 0.224582 0.395159 0.224841 0.395500 0.224978 0.398118 0.225212 0.406568 0.230147 0.410618 0.231462 0.410707 0.231511 0.412199 0.231752 0.413304 0.232662 0.413388 0.232669 0.422006 0.234153 0.424625 0.233990 0.427551 0.232642 0.431974 0.236021 0.429114 0.241470 0.426877 0.241336 0.418563 0.241339 0.413915 0.245625 0.413797 0.248515 0.416422 0.258612 0.424685 0.263835 0.428778 0.264080 0.434717 0.263071 0.437677 0.260471 0.443066 0.258732 0.447473 0.259221 0.456446 0.262335 0.462175 0.263384 0.464682 0.266848 0.462909 0.271541 0.459580 0.273365 0.458151 0.281866 0.458897 0.284887 0.466080 0.300756 0.464352 0.311102 0.459183 0.312145 0.453911 0.309837 0.453084 0.308279 0.435751 0.308630 0.429572 0.306160 0.430911 0.299568 0.424929 0.290752 0.414562 0.286496 0.408704 0.283359 0.408643 0.276843 0.409086 0.272730 0.407189 0.266654 0.403896 0.262538 0.398753 0.258956 0.391694 0.252690 0.386679 0.253036 0.376986 0.255696 0.367195 0.258084 0.362645 0.258016 0.359266 0.254375 0.364751 0.248243 0.372370 0.246803
0 0.230608 0.256591 0.235179 0.257303 0.239450 0.253031 0.244684 0.249366 0.253471 0.245889 0.256520 0.245337 0.264830 0.245872 0.262486 0.253411 0.253819 0.263236 0.253285 0.264552 0.247206 0.268545 0.242852 0.271073 0.241524 0.272782 0.238387 0.275932 0.235102 0.278832 0.232155 0.279852 0.223859 0.280342 0.222886 0.279763 0.214188 0.271770 0.211739 0.264411 0.214259 0.261050 0.219672 0.257186 0.226275 0.256710
0 0.279439 0.242439 0.286403 0.237501 0.296673 0.234180 0.304233 0.229148 0.307131 0.225715 0.315432 0.225227 0.317251 0.225715 0.323449 0.224353 0.330064 0.218735 0.332012 0.218282 0.342852 0.214259 0.345894 0.214773 0.351943 0.213612 0.356063 0.213463 0.359304 0.212265 0.365387 0.212702 0.368744 0.214915 0.365611 0.221050 0.347480 0.221731 0.346167 0.223045 0.345006 0.227695 0.341680 0.231021 0.337893 0.237881 0.343574 0.243020 0.347480 0.245474 0.353147 0.247152 0.354479 0.253121 0.344485 0.260599 0.336445 0.263200 0.331353 0.263894 0.315254 0.271145 0.310480 0.271509 0.304909 0.270188 0.301314 0.266503 0.297561 0.264254 0.283027 0.264145 0.274604 0.259782 0.274036 0.251800 0.274390 0.245991
0 0.427196 0.201929 0.431188 0.198520 0.437434 0.193983 0.455600 0.189792 0.460097 0.183342 0.461941 0.178854 0.466813 0.173224 0.471803 0.170157 0.478245 0.167973 0.487921 0.166718 0.496873 0.171111 0.505234 0.175956 0.502721 0.181617 0.495433 0.191343 0.495859 0.199120 0.493253 0.201726 0.490945 0.202081 0.486524 0.203668 0.482452 0.205624 0.473267 0.207598 0.472042 0.208421 0.464430 0.210349 0.461717 0.209825 0.456925 0.213054 0.453514 0.213731 0.447941 0.216961 0.442282 0.217932 0.437622 0.219787 0.426062 0.225999 0.422570 0.218007 0.422952 0.206815
0 0.722086 0.140588 0.714266 0.140569 0.706863 0.140888 0.702070 0.132727 0.701735 0.129791 0.696765 0.128282 0.691997 0.122038 0.686390 0.121644 0.675906 0.117046 0.674674 0.112447 0.677765 0.107094 0.679970 0.106594 0.697852 0.101622 0.698398 0.100333 0.699671 0.100070 0.701116 0.095912 0.710030 0.094573 0.710957 0.093728 0.722991 0.095099 0.726845 0.093522 0.728434 0.093189 0.729223 0.093172 0.733822 0.094404 0.741380 0.098184 0.747871 0.106173 0.749433 0.108662 0.748273 0.109609 0.740087 0.111990 0.732623 0.122469 0.732137 0.128847 0.729843 0.131743 0.726113 0.133897
0 0.873973 0.351663 0.882139 0.346104 0.896748 0.345753 0.905205 0.347698 0.910937 0.350694 0.911318 0.357589 0.907173 0.367465 0.905205 0.370996 0.896376 0.371659 0.894541 0.371387 0.889327 0.367081 0.883604 0.366699 0.877680 0.360641 0.871232 0.358233 0.871098 0.356459
0 0.745250 0.462976 0.748907 0.460837 0.758620 0.458988 0.764809 0.461052 0.774815 0.460241 0.786364 0.452166 0.797703 0.451555 0.798724 0.463279 0.794295 0.469161 0.800375 0.472446 0.805998 0.477020 0.806025 0.480668 0.807977 0.487768 0.812592 0.487846 0.818271 0.491896 0.818219 0.496263 0.814447 0.503133 0.807133 0.509295 0.803412 0.510562 0.793572 0.516878 0.789350 0.518454 0.782950 0.523338 0.778022 0.528880 0.772919 0.530191 0.763755 0.524754 0.760449 0.514785 0.760779 0.512416 0.757620 0.505183 0.747898 0.502699 0.739732 0.499941 0.736137 0.495282 0.736982 0.492737 0.733022 0.488422 0.725458 0.482700 0.719042 0.471239 0.718172 0.469293 0.727904 0.469179 0.732881 0.462960 0.732773 0.462211
0 0.593978 0.397330 0.599310 0.397221 0.607646 0.402819 0.611337 0.408971 0.614609 0.415801 0.610651 0.422905 0.606530 0.425071 0.600397 0.431109 0.599277 0.431409 0.596452 0.437129 0.598362 0.447677 0.604136 0.459277 0.604364 0.462825 0.599593 0.468007 0.596029 0.474986 0.585098 0.469253 0.581541 0.464876 0.577290 0.454472 0.574979 0.451341 0.571808 0.445298 0.568692 0.444234 0.563504 0.437949 0.567318 0.434135 0.572384 0.432075 0.577915 0.431055 0.586479 0.427003 0.588552 0.425340 0.589773 0.418936 0.583191 0.409238 0.584568 0.404113 0.586775 0.400030
0 0.647918 0.388143 0.644793 0.395015 0.635840 0.396719 0.627460 0.394443 0.624202 0.392449 0.615874 0.390356 0.614702 0.388550 0.609526 0.388710 0.597351 0.384928 0.593709 0.383574 0.585877 0.374747 0.581457 0.371456 0.580951 0.368096 0.575613 0.364334 0.572544 0.363553 0.567583 0.356876 0.564723 0.352300 0.565295 0.344691 0.570525 0.340230 0.570456 0.331334 0.573010 0.326102 0.580227 0.314168 0.583284 0.313293 0.593396 0.313859 0.600946 0.315871 0.608182 0.316277 0.615046 0.317993 0.618632 0.322723 0.623439 0.326386 0.624418 0.339343 0.626300 0.341831 0.630151 0.351975 0.636784 0.357464 0.639457 0.360136 0.640168 0.363136 0.644033 0.367001 0.644452 0.372568 0.648037 0.376154 0.649169 0.382246
0 0.942834 0.790592 0.944779 0.804443 0.948456 0.804651 0.961535 0.798157 0.968353 0.797768 0.981424 0.805202 0.993669 0.814202 1.000000 0.820946 1.000000 0.882559 0.997955 0.883633 0.973464 0.892205 0.960607 0.899062 0.955096 0.904205 0.944688 0.907205 0.922646 0.908920 0.912238 0.905491 0.902442 0.900348 0.889584 0.908062 0.882237 0.908920 0.867543 0.907634 0.860854 0.899579 0.857089 0.890013 0.851493 0.885212 0.841215 0.879776 0.843052 0.874632 0.860863 0.869098 0.870000 0.862170 0.870635 0.851121 0.858906 0.842418 0.858999 0.836432 0.871396 0.829598 0.895672 0.811228 0.898898 0.804947 0.902602 0.792015 0.906016 0.786021 0.911942 0.783589
0 0.370139 0.895645 0.380803 0.899668 0.380803 0.902403 0.373909 0.909560 0.371663 0.910126 0.370816 0.914567 0.366118 0.920084 0.363362 0.922841 0.360204 0.922909 0.356067 0.923215 0.354399 0.922925 0.349573 0.922450 0.348423 0.921875 0.343512 0.920668 0.337742 0.916851 0.316740 0.909130 0.310709 0.908284 0.310489 0.908907 0.307381 0.911901 0.306736 0.912670 0.303112 0.919650 0.302078 0.926621 0.305940 0.930011 0.307563 0.933743 0.303924 0.936640 0.298930 0.936829 0.295396 0.937876 0.287872 0.938805 0.286008 0.940419 0.282629 0.941087 0.278586 0.942372 0.272931 0.941613 0.271838 0.942372 0.270413 0.939903 0.274310 0.929493 0.282478 0.920191 0.288994 0.907247 0.291295 0.904425 0.289934 0.900059 0.289961 0.897223 0.287987 0.896031 0.282629 0.894317 0.280304 0.893035 0.276379 0.893145 0.266809 0.892988 0.258285 0.891329 0.259719 0.887043 0.262304 0.885996 0.261410 0.873243 0.263235 0.870636 0.265083 0.870350 0.272184 0.868719 0.281067 0.865957 0.287180 0.867511 0.291324 0.868719 0.295172 0.865088 0.298645 0.862051 0.301879 0.862340 0.314802 0.861188 0.318456 0.859556 0.325096 0.855650 0.328325 0.851640 0.328597 0.849805 0.332239 0.847598 0.335559 0.848312 0.337317 0.847598 0.342496 0.847234 0.349036 0.845254 0.352878 0.845056 0.356457 0.843692 0.360364 0.843796 0.365051 0.842911 0.365736 0.843138 0.365778 0.843122 0.379390 0.840420 0.381985 0.838996 0.391614 0.839914 0.393176 0.839395 0.411471 0.839196 0.415832 0.838223 0.419934 0.838380 0.427179 0.838333 0.428723 0.837832 0.431193 0.839258 0.428196 0.845107 0.425175 0.845783 0.422885 0.848074 0.422590 0.850840 0.420383 0.855654 0.414661 0.856321 0.412707 0.857207 0.406048 0.857488 0.400207 0.859161 0.388872 0.860055 0.379114 0.861496 0.378990 0.861511 0.378977 0.861513 0.377396 0.862013 0.376243 0.863466 0.372082 0.864029 0.369739 0.865020 0.364367 0.866203 0.358411 0.867746 0.356261 0.868054 0.343039 0.871279 0.341857 0.871804 0.338377 0.874178 0.339524 0.874933 0.345383 0.879621 0.347584 0.882212 0.350461 0.883527 0.354575 0.889728 0.358411 0.890176 0.361256 0.891978 0.362961 0.892511 0.365204 0.895219 0.367316 0.896465
0 0.623997 0.893147 0.627982 0.890295 0.631476 0.886801 0.633304 0.885890 0.642462 0.879157 0.647101 0.874692 0.653282 0.872962 0.673291 0.880753 0.681091 0.885830 0.686734 0.891073 0.687874 0.899788 0.679732 0.904011 0.675379 0.903032 0.672526 0.905245 0.668054 0.908919 0.667664 0.908962 0.663644 0.911852 0.650526 0.907422 0.646660 0.908846 0.645181 0.910281 0.642473 0.910602 0.639929 0.911263 0.638948 0.911021 0.635421 0.911440 0.631232 0.907660 0.624430 0.901100 0.622229 0.899290 0.622229 0.897594
0 0.748319 0.916558 0.749735 0.908780 0.753980 0.905002 0.755745 0.898717 0.762137 0.893968 0.767471 0.894557 0.773075 0.896813 0.777774 0.907623 0.782267 0.910075 0.786458 0.917009 0.780986 0.921962 0.775073 0.923206 0.767701 0.928763 0.759816 0.931610 0.750174 0.925889 0.750618 0.921269
0 0.641251 0.775266 0.643475 0.773805 0.647893 0.768726 0.653300 0.765516 0.656252 0.763582 0.660405 0.761772 0.661932 0.761417 0.663921 0.760209 0.666909 0.759437 0.668408 0.759629 0.668647 0.759548 0.672378 0.756702 0.676929 0.757084 0.679000 0.757984 0.688784 0.758655 0.692672 0.759546 0.704800 0.757874 0.714677 0.763582 0.719152 0.765323 0.721460 0.765678 0.724442 0.767879 0.729663 0.770366 0.732555 0.775211 0.733433 0.777132 0.730445 0.780773 0.727829 0.781046 0.723550 0.781937 0.718277 0.781780 0.714753 0.780966 0.708357 0.781296 0.702212 0.783145 0.694295 0.789109 0.694212 0.789168 0.694019 0.789190 0.685980 0.788941 0.675046 0.792921 0.673072 0.794130 0.673667 0.795101 0.667945 0.806164 0.661888 0.806391 0.661383 0.806812 0.659789 0.806473 0.655972 0.806546 0.654051 0.805669 0.648745 0.804827 0.641002 0.802386 0.640900 0.798454 0.639202 0.797591 0.639415 0.796276 0.637886 0.793148 0.638268 0.790159 0.639162 0.788070 0.638373 0.784912 0.637487 0.779613 0.641055 0.776025
0 0.733336 0.421343 0.733336 0.414824 0.732032 0.411843 0.731406 0.406870 0.729726 0.405190 0.727421 0.404565 0.722207 0.404564 0.719902 0.405190 0.716919 0.408174 0.715291 0.412843 0.713007 0.415561 0.710544 0.420110 0.698042 0.421070 0.695669 0.418696 0.686284 0.416264 0.684804 0.414785 0.683211 0.414274 0.676548 0.407397 0.673071 0.405659 0.667016 0.404057 0.663105 0.404057 0.657050 0.405659 0.649663 0.410874 0.643511 0.417026 0.639599 0.422241 0.637562 0.430034 0.637562 0.437422 0.639165 0.443477 0.640468 0.445649 0.645752 0.450932 0.651237 0.452124 0.661624 0.447868 0.662436 0.447055 0.666147 0.446040 0.672231 0.446040 0.675340 0.446676 0.678677 0.449790 0.679168 0.451585 0.684326 0.457612 0.686038 0.462581 0.689848 0.463569 0.691392 0.464727 0.694394 0.464727 0.699843 0.466177 0.702281 0.467745 0.707530 0.467745 0.719599 0.469049 0.725654 0.467446 0.730068 0.463032 0.731670 0.456977 0.730068 0.450923 0.725654 0.446509 0.713515 0.443603 0.705499 0.443168 0.699423 0.441572 0.698643 0.439267 0.699357 0.438387 0.702348 0.437495 0.706805 0.434342 0.709736 0.433149 0.713455 0.429865 0.719731 0.428804 0.722500 0.426823 0.731030 0.425327 0.732710 0.423647 0.733335 0.421343
