0 0.132812 0.000000 0.132812 0.000000 0.136719 0.003906 0.140625 0.007812 0.140625 0.011719 0.144531 0.015625 0.148438 0.015625 0.148438 0.035156 0.148438 0.039062 0.144531 0.042969 0.144531 0.046875 0.140625 0.050781 0.140625 0.082031 0.140625 0.085938 0.136719 0.089844 0.136719 0.105469 0.136719 0.109375 0.132812 0.113281 0.128906 0.113281 0.125000 0.117188 0.125000 0.121094 0.117188 0.128906 0.113281 0.132812 0.113281 0.136719 0.109375 0.140625 0.109375 0.144531 0.105469 0.148438 0.101562 0.152344 0.097656 0.152344 0.093750 0.156250 0.082031 0.156250 0.078125 0.152344 0.058594 0.152344 0.054688 0.152344 0.042969 0.140625 0.039062 0.136719 0.039062 0.121094 0.035156 0.117188 0.035156 0.101562 0.035156 0.097656 0.039062 0.093750 0.039062 0.089844 0.039062 0.085938 0.042969 0.082031 0.042969 0.078125 0.042969 0.074219 0.046875 0.070312 0.046875 0.062500 0.050781 0.058594 0.050781 0.050781 0.050781 0.046875 0.054688 0.042969 0.054688 0.031250 0.054688 0.027344 0.058594 0.023438 0.058594 0.019531 0.062500 0.015625 0.062500 0.011719 0.066406 0.007812 0.066406 0.000000
0 0.000000 0.000000 0.007812 0.000000 0.007812 0.019531 0.007812 0.023438 0.003906 0.027344 0.003906 0.031250 0.000000 0.035156 0.000000 0.035156
0 0.921875 0.011719 0.925781 0.015625 0.925781 0.027344 0.925781 0.031250 0.921875 0.035156 0.921875 0.039062 0.914062 0.046875 0.910156 0.050781 0.906250 0.050781 0.902344 0.054688 0.898438 0.054688 0.894531 0.054688 0.890625 0.050781 0.886719 0.050781 0.882812 0.046875 0.878906 0.046875 0.878906 0.042969 0.875000 0.039062 0.878906 0.035156 0.878906 0.031250 0.878906 0.027344 0.882812 0.027344 0.886719 0.027344 0.890625 0.023438 0.890625 0.019531 0.898438 0.019531 0.902344 0.019531 0.906250 0.015625 0.914062 0.015625 0.917969 0.015625 0.921875 0.011719
0 0.515625 0.093750 0.519531 0.097656 0.539062 0.097656 0.542969 0.097656 0.542969 0.101562 0.546875 0.105469 0.546875 0.109375 0.550781 0.113281 0.554688 0.113281 0.558594 0.113281 0.558594 0.117188 0.562500 0.121094 0.566406 0.125000 0.562500 0.125000 0.542969 0.144531 0.539062 0.148438 0.535156 0.148438 0.531250 0.144531 0.523438 0.144531 0.519531 0.144531 0.515625 0.140625 0.511719 0.140625 0.511719 0.132812 0.507812 0.128906 0.496094 0.128906 0.492188 0.128906 0.488281 0.125000 0.484375 0.125000 0.484375 0.121094 0.484375 0.117188 0.488281 0.113281 0.488281 0.109375 0.488281 0.105469 0.492188 0.101562 0.492188 0.097656 0.507812 0.097656 0.511719 0.097656 0.515625 0.093750
0 0.613281 0.316406 0.621094 0.316406 0.625000 0.316406 0.628906 0.320312 0.632812 0.320312 0.636719 0.324219 0.640625 0.324219 0.640625 0.328125 0.644531 0.332031 0.644531 0.355469 0.644531 0.359375 0.636719 0.367188 0.632812 0.371094 0.625000 0.371094 0.621094 0.371094 0.621094 0.367188 0.617188 0.363281 0.613281 0.363281 0.609375 0.363281 0.605469 0.359375 0.605469 0.355469 0.601562 0.351562 0.601562 0.332031 0.601562 0.328125 0.613281 0.316406
0 0.683594 0.441406 0.687500 0.441406 0.691406 0.441406 0.691406 0.445312 0.695312 0.449219 0.699219 0.449219 0.703125 0.453125 0.707031 0.453125 0.710938 0.453125 0.710938 0.457031 0.710938 0.460938 0.707031 0.464844 0.707031 0.468750 0.699219 0.476562 0.695312 0.480469 0.691406 0.480469 0.687500 0.476562 0.679688 0.476562 0.675781 0.476562 0.671875 0.472656 0.667969 0.472656 0.667969 0.460938 0.667969 0.457031 0.683594 0.441406
0 0.492188 0.648438 0.542969 0.652344 0.546875 0.652344 0.558594 0.660156 0.562500 0.664062 0.562500 0.679688 0.562500 0.683594 0.535156 0.703125 0.531250 0.707031 0.488281 0.695312 0.484375 0.695312 0.476562 0.687500 0.472656 0.683594 0.472656 0.667969 0.472656 0.664062 0.492188 0.648438
0 0.585938 0.652344 0.609375 0.656250 0.613281 0.660156 0.609375 0.691406 0.605469 0.695312 0.578125 0.691406 0.574219 0.687500 0.574219 0.664062 0.574219 0.660156 0.585938 0.652344
0 0.000000 0.351562 0.015625 0.351562 0.019531 0.351562 0.027344 0.363281 0.031250 0.367188 0.035156 0.414062 0.035156 0.417969 0.027344 0.429688 0.027344 0.433594 0.000000 0.457031 0.000000 0.457031
0 0.042969 0.406250 0.062500 0.414062 0.066406 0.414062 0.066406 0.441406 0.062500 0.445312 0.035156 0.445312 0.031250 0.441406 0.027344 0.429688 0.027344 0.425781 0.042969 0.406250
0 0.878906 0.718750 0.925781 0.718750 0.929688 0.718750 0.933594 0.722656 0.937500 0.722656 0.941406 0.726562 0.941406 0.738281 0.941406 0.742188 0.937500 0.746094 0.933594 0.746094 0.929688 0.750000 0.925781 0.753906 0.925781 0.757812 0.925781 0.761719 0.921875 0.765625 0.921875 0.773438 0.921875 0.777344 0.917969 0.781250 0.914062 0.785156 0.910156 0.781250 0.902344 0.781250 0.898438 0.781250 0.894531 0.777344 0.890625 0.773438 0.890625 0.761719 0.890625 0.757812 0.886719 0.753906 0.882812 0.753906 0.882812 0.742188 0.878906 0.738281 0.878906 0.718750
0 0.425781 0.843750 0.437500 0.843750 0.441406 0.843750 0.457031 0.859375 0.460938 0.863281 0.468750 0.863281 0.472656 0.863281 0.476562 0.867188 0.480469 0.867188 0.484375 0.871094 0.488281 0.871094 0.492188 0.871094 0.492188 0.875000 0.492188 0.878906 0.488281 0.882812 0.488281 0.886719 0.484375 0.890625 0.480469 0.894531 0.480469 0.898438 0.476562 0.902344 0.472656 0.902344 0.468750 0.898438 0.453125 0.898438 0.449219 0.898438 0.445312 0.902344 0.445312 0.910156 0.441406 0.914062 0.417969 0.914062 0.414062 0.914062 0.406250 0.906250 0.402344 0.902344 0.402344 0.894531 0.402344 0.890625 0.398438 0.886719 0.390625 0.886719 0.386719 0.886719 0.386719 0.882812 0.382812 0.878906 0.382812 0.871094 0.382812 0.867188 0.386719 0.863281 0.390625 0.863281 0.394531 0.859375 0.398438 0.859375 0.402344 0.855469 0.406250 0.855469 0.410156 0.855469 0.414062 0.851562 0.417969 0.851562 0.421875 0.851562 0.425781 0.847656 0.425781 0.843750
0 1.000000 1.000000 0.960938 1.000000 0.960938 1.000000 0.960938 0.996094 0.968750 0.988281 0.968750 0.984375 0.980469 0.972656 0.980469 0.968750 0.984375 0.968750 0.988281 0.964844 0.992188 0.964844 0.996094 0.960938 1.000000 0.960938 1.000000 0.960938
0 1.000000 0.177420 0.992001 0.175238 0.989605 0.168050 0.990803 0.163258 1.000000 0.158441
