0 0.166853 0.000000 0.160156 0.007812 0.156250 0.011719 0.148438 0.011719 0.144531 0.015625 0.123698 0.000000
0 0.311459 0.422421 0.300743 0.400689 0.281250 0.382812 0.265625 0.382812 0.242188 0.410156 0.230469 0.449219 0.207031 0.468750 0.207031 0.492188 0.218750 0.507812 0.253906 0.527344 0.281250 0.527344 0.292969 0.515625 0.289062 0.449219 0.310756 0.424960
0 0.451274 0.200302 0.447320 0.194429 0.447682 0.160436 0.441592 0.142813 0.436819 0.139876 0.426763 0.139876 0.409250 0.153250 0.409467 0.165491 0.396093 0.166454 0.381255 0.187757 0.368216 0.194284 0.353033 0.214284 0.355187 0.236961 0.361372 0.243145 0.375404 0.247799 0.389709 0.232953 0.417425 0.229841 0.437921 0.223392 0.444452 0.208267 0.450571 0.202841
0 0.179688 0.742188 0.195312 0.742188 0.199219 0.746094 0.195312 0.769531 0.195312 0.773438 0.175781 0.773438 0.171875 0.769531 0.171875 0.753906 0.171875 0.750000 0.179688 0.742188
0 0.464844 0.804688 0.488281 0.804688 0.492188 0.804688 0.500000 0.816406 0.503906 0.820312 0.503906 0.835938 0.503906 0.839844 0.496094 0.843750 0.492188 0.847656 0.460938 0.839844 0.457031 0.839844 0.453125 0.824219 0.453125 0.820312 0.464844 0.804688
0 0.099896 0.486859 0.098890 0.478570 0.093686 0.473972 0.087213 0.473269 0.059557 0.486379 0.054354 0.492491 0.057077 0.506950 0.061794 0.510133 0.083700 0.505799 0.099193 0.489398
0 0.560252 0.492201 0.544426 0.473067 0.535509 0.472364 0.518337 0.479358 0.518337 0.487380 0.535423 0.509863 0.548842 0.507410 0.559549 0.494740
0 0.504429 0.235858 0.500773 0.230366 0.475966 0.215297 0.468758 0.217437 0.457905 0.231523 0.458264 0.238397 0.465088 0.249531 0.471636 0.253206 0.475941 0.260744 0.485663 0.263961 0.496183 0.256714 0.503725 0.238397
0 1.000000 0.029899 0.987611 0.030902 0.979356 0.043964 0.980959 0.059756 0.992925 0.069561 1.000000 0.067095
0 0.842687 0.191605 0.840777 0.179399 0.836254 0.174876 0.822125 0.174429 0.813130 0.182082 0.813577 0.196211 0.823913 0.206100 0.833124 0.205652 0.841671 0.195316
0 0.815857 0.223801 0.814395 0.212935 0.797218 0.202478 0.784564 0.208859 0.771545 0.225455 0.771545 0.234666 0.775621 0.238742 0.795429 0.246912 0.807240 0.238691 0.815410 0.225436
0 0.915385 0.706323 0.899112 0.716988 0.885502 0.717181 0.878851 0.706674 0.882380 0.689812 0.904455 0.671992 0.911877 0.671992 0.915627 0.678630 0.910018 0.688104 0.914611 0.692519 0.916401 0.702612
0 0.293936 0.359003 0.290523 0.349582 0.274092 0.338575 0.263404 0.325383 0.258361 0.324263 0.253530 0.327675 0.248907 0.348242 0.238927 0.360219 0.238927 0.366548 0.255858 0.386233 0.278841 0.380523 0.293233 0.361542
