0 0.554688 0.000000 0.585938 0.000000 0.585938 0.003906 0.574219 0.015625 0.570312 0.019531 0.566406 0.019531 0.562500 0.019531 0.562500 0.015625 0.558594 0.011719 0.554688 0.007812 0.554688 0.000000
0 0.105469 0.085938 0.113281 0.085938 0.117188 0.085938 0.121094 0.089844 0.128906 0.089844 0.132812 0.089844 0.136719 0.093750 0.144531 0.093750 0.148438 0.093750 0.152344 0.097656 0.156250 0.097656 0.160156 0.101562 0.164062 0.101562 0.167969 0.105469 0.171875 0.105469 0.171875 0.109375 0.175781 0.113281 0.175781 0.117188 0.171875 0.121094 0.171875 0.125000 0.171875 0.128906 0.167969 0.132812 0.164062 0.136719 0.164062 0.140625 0.160156 0.144531 0.160156 0.148438 0.156250 0.152344 0.156250 0.156250 0.152344 0.152344 0.140625 0.152344 0.136719 0.152344 0.136719 0.148438 0.128906 0.140625 0.125000 0.136719 0.117188 0.136719 0.113281 0.136719 0.109375 0.132812 0.105469 0.132812 0.101562 0.132812 0.101562 0.128906 0.097656 0.125000 0.093750 0.125000 0.089844 0.125000 0.089844 0.109375 0.089844 0.105469 0.085938 0.101562 0.082031 0.101562 0.078125 0.101562 0.082031 0.101562 0.085938 0.101562 0.089844 0.097656 0.089844 0.093750 0.093750 0.093750 0.097656 0.089844 0.101562 0.089844 0.105469 0.085938
0 0.902344 0.250000 0.906250 0.250000 0.910156 0.250000 0.910156 0.253906 0.914062 0.257812 0.921875 0.257812 0.925781 0.257812 0.929688 0.253906 0.933594 0.253906 0.937500 0.253906 0.937500 0.261719 0.941406 0.265625 0.949219 0.265625 0.953125 0.265625 0.957031 0.269531 0.960938 0.269531 0.960938 0.281250 0.960938 0.285156 0.964844 0.289062 0.964844 0.292969 0.972656 0.300781 0.976562 0.300781 0.972656 0.304688 0.972656 0.308594 0.968750 0.312500 0.964844 0.312500 0.960938 0.308594 0.957031 0.304688 0.941406 0.304688 0.937500 0.304688 0.925781 0.316406 0.921875 0.320312 0.910156 0.320312 0.906250 0.320312 0.902344 0.324219 0.902344 0.343750 0.902344 0.347656 0.898438 0.351562 0.898438 0.355469 0.898438 0.359375 0.894531 0.363281 0.894531 0.367188 0.890625 0.371094 0.886719 0.371094 0.882812 0.375000 0.867188 0.375000 0.863281 0.375000 0.863281 0.371094 0.859375 0.367188 0.859375 0.359375 0.855469 0.355469 0.855469 0.347656 0.851562 0.343750 0.855469 0.343750 0.859375 0.339844 0.863281 0.335938 0.863281 0.332031 0.863281 0.328125 0.867188 0.328125 0.871094 0.328125 0.875000 0.324219 0.878906 0.320312 0.886719 0.320312 0.890625 0.320312 0.894531 0.316406 0.898438 0.312500 0.898438 0.304688 0.898438 0.300781 0.894531 0.296875 0.890625 0.292969 0.890625 0.289062 0.890625 0.285156 0.886719 0.281250 0.882812 0.277344 0.886719 0.273438 0.886719 0.265625 0.886719 0.261719 0.890625 0.261719 0.902344 0.250000
0 0.343750 0.289062 0.347656 0.292969 0.351562 0.292969 0.347656 0.296875 0.343750 0.300781 0.343750 0.304688 0.343750 0.308594 0.339844 0.312500 0.339844 0.320312 0.339844 0.324219 0.332031 0.332031 0.328125 0.335938 0.320312 0.335938 0.316406 0.339844 0.316406 0.347656 0.316406 0.351562 0.312500 0.355469 0.308594 0.359375 0.304688 0.359375 0.304688 0.355469 0.300781 0.351562 0.292969 0.351562 0.289062 0.351562 0.285156 0.347656 0.285156 0.343750 0.281250 0.339844 0.277344 0.339844 0.273438 0.339844 0.269531 0.335938 0.265625 0.332031 0.273438 0.324219 0.277344 0.320312 0.277344 0.316406 0.289062 0.304688 0.292969 0.300781 0.308594 0.300781 0.312500 0.300781 0.316406 0.296875 0.320312 0.292969 0.335938 0.292969 0.339844 0.292969 0.343750 0.289062
0 0.589844 0.316406 0.593750 0.320312 0.597656 0.320312 0.597656 0.351562 0.601562 0.355469 0.597656 0.359375 0.597656 0.363281 0.597656 0.367188 0.593750 0.371094 0.589844 0.375000 0.578125 0.375000 0.574219 0.375000 0.570312 0.371094 0.570312 0.367188 0.570312 0.363281 0.566406 0.359375 0.562500 0.359375 0.558594 0.359375 0.558594 0.355469 0.554688 0.351562 0.550781 0.351562 0.550781 0.343750 0.550781 0.339844 0.546875 0.335938 0.546875 0.332031 0.542969 0.328125 0.546875 0.328125 0.550781 0.324219 0.554688 0.320312 0.582031 0.320312 0.585938 0.320312 0.589844 0.316406
0 1.000000 0.492188 0.996094 0.488281 0.992188 0.484375 0.992188 0.480469 0.988281 0.476562 0.988281 0.472656 0.984375 0.468750 0.984375 0.453125 0.984375 0.449219 0.988281 0.445312 0.988281 0.441406 0.992188 0.437500 0.996094 0.437500 1.000000 0.433594 1.000000 0.429688 1.000000 0.425781 1.000000 0.425781
0 0.781250 0.402344 0.785156 0.406250 0.789062 0.406250 0.792969 0.410156 0.796875 0.410156 0.800781 0.414062 0.804688 0.417969 0.804688 0.433594 0.804688 0.437500 0.808594 0.441406 0.808594 0.445312 0.812500 0.449219 0.835938 0.449219 0.839844 0.445312 0.843750 0.449219 0.847656 0.449219 0.847656 0.453125 0.855469 0.460938 0.859375 0.464844 0.855469 0.468750 0.855469 0.488281 0.855469 0.492188 0.859375 0.496094 0.859375 0.503906 0.859375 0.507812 0.851562 0.515625 0.847656 0.519531 0.843750 0.519531 0.839844 0.515625 0.835938 0.515625 0.832031 0.511719 0.808594 0.511719 0.804688 0.511719 0.800781 0.515625 0.792969 0.515625 0.789062 0.519531 0.789062 0.511719 0.785156 0.507812 0.789062 0.503906 0.789062 0.492188 0.789062 0.488281 0.785156 0.484375 0.781250 0.484375 0.777344 0.480469 0.753906 0.480469 0.750000 0.480469 0.750000 0.468750 0.750000 0.464844 0.761719 0.453125 0.761719 0.449219 0.765625 0.449219 0.769531 0.445312 0.773438 0.441406 0.773438 0.414062 0.773438 0.410156 0.777344 0.410156 0.781250 0.406250 0.781250 0.402344
0 0.527344 0.488281 0.531250 0.488281 0.535156 0.488281 0.535156 0.496094 0.539062 0.500000 0.539062 0.511719 0.539062 0.515625 0.542969 0.519531 0.542969 0.523438 0.546875 0.527344 0.546875 0.531250 0.539062 0.539062 0.535156 0.542969 0.527344 0.542969 0.523438 0.546875 0.519531 0.542969 0.511719 0.542969 0.507812 0.542969 0.507812 0.539062 0.503906 0.535156 0.500000 0.535156 0.500000 0.523438 0.500000 0.519531 0.503906 0.515625 0.503906 0.511719 0.515625 0.500000 0.515625 0.496094 0.519531 0.492188 0.523438 0.492188 0.527344 0.488281
0 0.000000 0.507812 0.000000 0.507812 0.003906 0.507812 0.003906 0.531250 0.003906 0.535156 0.000000 0.539062 0.000000 0.539062
0 0.980469 0.546875 0.988281 0.546875 0.992188 0.546875 0.996094 0.550781 1.000000 0.554688 1.000000 0.554688 1.000000 0.613281 1.000000 0.613281 0.996094 0.617188 0.976562 0.617188 0.972656 0.621094 0.968750 0.617188 0.964844 0.617188 0.960938 0.613281 0.957031 0.609375 0.953125 0.609375 0.949219 0.605469 0.949219 0.597656 0.949219 0.593750 0.945312 0.589844 0.945312 0.578125 0.945312 0.574219 0.949219 0.570312 0.949219 0.566406 0.953125 0.562500 0.957031 0.562500 0.960938 0.558594 0.960938 0.554688 0.964844 0.550781 0.972656 0.550781 0.976562 0.550781 0.980469 0.546875
0 0.445312 0.562500 0.453125 0.570312 0.457031 0.574219 0.457031 0.582031 0.457031 0.585938 0.453125 0.589844 0.453125 0.593750 0.453125 0.597656 0.437500 0.613281 0.433594 0.617188 0.425781 0.617188 0.421875 0.617188 0.417969 0.621094 0.414062 0.621094 0.410156 0.621094 0.410156 0.617188 0.406250 0.613281 0.402344 0.613281 0.398438 0.609375 0.394531 0.605469 0.394531 0.601562 0.390625 0.597656 0.394531 0.593750 0.394531 0.589844 0.406250 0.578125 0.410156 0.574219 0.414062 0.574219 0.417969 0.574219 0.421875 0.570312 0.425781 0.566406 0.437500 0.566406 0.441406 0.566406 0.445312 0.562500
0 0.031250 0.667969 0.035156 0.671875 0.035156 0.683594 0.039062 0.687500 0.050781 0.687500 0.054688 0.687500 0.062500 0.695312 0.066406 0.695312 0.066406 0.707031 0.066406 0.710938 0.062500 0.714844 0.058594 0.718750 0.058594 0.722656 0.054688 0.726562 0.050781 0.730469 0.046875 0.730469 0.042969 0.730469 0.039062 0.734375 0.035156 0.738281 0.035156 0.742188 0.035156 0.746094 0.031250 0.750000 0.031250 0.753906 0.023438 0.761719 0.023438 0.765625 0.015625 0.773438 0.011719 0.773438 0.000000 0.785156 0.000000 0.785156 0.000000 0.699219 0.000000 0.699219 0.023438 0.675781 0.023438 0.671875 0.027344 0.671875 0.031250 0.667969
0 0.996094 0.667969 1.000000 0.667969 1.000000 0.699219 1.000000 0.699219 0.996094 0.699219 0.992188 0.699219 0.992188 0.695312 0.988281 0.691406 0.988281 0.687500 0.984375 0.683594 0.988281 0.679688 0.988281 0.675781 0.996094 0.667969
0 0.746094 0.707031 0.753906 0.707031 0.757812 0.707031 0.757812 0.710938 0.761719 0.714844 0.789062 0.714844 0.792969 0.714844 0.796875 0.718750 0.800781 0.722656 0.796875 0.726562 0.792969 0.730469 0.792969 0.734375 0.792969 0.738281 0.789062 0.742188 0.785156 0.746094 0.785156 0.750000 0.781250 0.753906 0.781250 0.757812 0.777344 0.761719 0.773438 0.765625 0.753906 0.765625 0.750000 0.765625 0.746094 0.761719 0.742188 0.761719 0.738281 0.761719 0.738281 0.757812 0.734375 0.753906 0.734375 0.738281 0.734375 0.734375 0.738281 0.730469 0.738281 0.722656 0.738281 0.718750 0.742188 0.714844 0.742188 0.710938 0.746094 0.707031
0 0.093750 0.742188 0.109375 0.742188 0.113281 0.742188 0.113281 0.746094 0.113281 0.750000 0.117188 0.753906 0.117188 0.757812 0.117188 0.761719 0.121094 0.765625 0.125000 0.765625 0.125000 0.769531 0.128906 0.773438 0.128906 0.777344 0.125000 0.781250 0.125000 0.785156 0.125000 0.789062 0.121094 0.792969 0.117188 0.792969 0.113281 0.796875 0.113281 0.812500 0.117188 0.816406 0.117188 0.824219 0.117188 0.828125 0.113281 0.832031 0.113281 0.835938 0.113281 0.839844 0.109375 0.843750 0.109375 0.847656 0.105469 0.851562 0.101562 0.851562 0.097656 0.855469 0.093750 0.855469 0.085938 0.847656 0.082031 0.847656 0.078125 0.843750 0.078125 0.839844 0.074219 0.835938 0.070312 0.835938 0.070312 0.832031 0.066406 0.828125 0.066406 0.824219 0.062500 0.820312 0.066406 0.816406 0.066406 0.785156 0.062500 0.781250 0.066406 0.777344 0.070312 0.773438 0.074219 0.773438 0.078125 0.769531 0.078125 0.765625 0.082031 0.761719 0.085938 0.757812 0.085938 0.753906 0.085938 0.750000 0.093750 0.742188
0 0.679688 0.812500 0.679688 0.796875 0.671875 0.796875 0.660156 0.785156 0.621094 0.785156 0.617188 0.781250 0.601562 0.781250 0.597656 0.777344 0.597656 0.765625 0.585938 0.753906 0.585938 0.750000 0.582031 0.746094 0.582031 0.742188 0.570312 0.742188 0.566406 0.746094 0.562500 0.746094 0.554688 0.753906 0.550781 0.753906 0.550781 0.773438 0.554688 0.773438 0.562500 0.781250 0.570312 0.781250 0.574219 0.785156 0.574219 0.800781 0.566406 0.808594 0.566406 0.812500 0.562500 0.816406 0.562500 0.835938 0.566406 0.839844 0.566406 0.847656 0.570312 0.851562 0.585938 0.851562 0.589844 0.855469 0.589844 0.861308 0.607442 0.861308 0.613281 0.855469 0.617188 0.855469 0.621094 0.851562 0.628906 0.851562 0.632812 0.847656 0.640625 0.847656 0.644531 0.843750 0.648438 0.843750 0.652344 0.839844 0.656250 0.839844 0.660156 0.835938 0.664062 0.835938 0.675781 0.824219 0.675781 0.816406
0 0.261719 0.968750 0.289062 0.968750 0.292969 0.968750 0.296875 0.972656 0.300781 0.976562 0.296875 0.980469 0.296875 0.988281 0.292969 0.992188 0.292969 1.000000 0.207031 1.000000 0.207031 0.992188 0.207031 0.988281 0.210938 0.984375 0.214844 0.980469 0.226562 0.980469 0.230469 0.980469 0.234375 0.976562 0.246094 0.976562 0.250000 0.976562 0.253906 0.972656 0.257812 0.972656 0.261719 0.968750
0 0.664062 0.937500 0.664062 0.929688 0.652344 0.917969 0.648438 0.917969 0.644531 0.914062 0.640625 0.914062 0.632812 0.906250 0.632812 0.902344 0.628906 0.902344 0.625000 0.898438 0.625000 0.894531 0.621094 0.894531 0.617188 0.890625 0.617188 0.886719 0.613281 0.882812 0.613281 0.878906 0.609375 0.878906 0.605469 0.875000 0.605469 0.872874 0.584157 0.872874 0.574219 0.882812 0.558594 0.882812 0.554688 0.878906 0.546875 0.878906 0.535156 0.890625 0.527344 0.890625 0.523438 0.894531 0.523438 0.910156 0.531250 0.917969 0.531250 0.921875 0.535156 0.925781 0.535156 0.937500 0.523438 0.949219 0.523438 0.953125 0.519531 0.957031 0.519531 0.968750 0.515625 0.972656 0.515625 0.984375 0.519531 0.988281 0.519531 0.992188 0.558594 0.992188 0.562500 0.996094 0.589844 0.996094 0.597656 0.988281 0.605469 0.988281 0.609375 0.984375 0.625000 0.984375 0.628906 0.988281 0.628906 0.992188 0.632812 0.992188 0.636719 0.996094 0.636719 1.000000 0.652344 1.000000 0.652344 1.000000 0.656250 1.000000 0.660156 0.996094 0.660156 0.972656 0.656250 0.968750 0.656250 0.953125 0.660156 0.949219 0.660156 0.941406
0 0.629665 0.151823 0.621985 0.152632 0.617943 0.154249 0.615922 0.155461 0.613497 0.158695 0.612688 0.164758 0.617943 0.176884 0.620368 0.186989 0.627240 0.195478 0.633707 0.200328 0.637749 0.201945 0.645833 0.203562 0.649875 0.203562 0.654321 0.202349 0.657555 0.199924 0.658768 0.195882 0.658768 0.191436 0.656747 0.180522 0.656343 0.168396 0.655130 0.164354 0.652300 0.161120 0.644216 0.154653 0.639770 0.152228 0.633303 0.150207
0 0.728291 0.000000 0.783667 0.001055 0.782455 0.004693 0.782455 0.011160 0.780029 0.017627 0.775179 0.024499 0.770732 0.028945 0.764670 0.031370 0.761840 0.034604 0.761032 0.036625 0.761032 0.040667 0.765478 0.052793 0.765478 0.059261 0.761840 0.064111 0.754564 0.069366 0.745672 0.071387 0.735567 0.071791 0.729504 0.070174 0.726674 0.066940 0.723036 0.061686 0.721420 0.057239 0.721420 0.055218 0.723036 0.053602 0.727079 0.051580 0.737184 0.049155 0.744863 0.045113 0.748097 0.039859 0.748905 0.029754 0.747693 0.028137 0.737992 0.023286 0.735567 0.019648 0.731929 0.011564 0.727483 0.004693
0 0.447709 0.797059 0.444534 0.797853 0.433820 0.805790 0.426279 0.809362 0.419930 0.811346 0.402469 0.814124 0.395722 0.816505 0.390166 0.820870 0.384611 0.829998 0.382230 0.836347 0.380245 0.845078 0.381039 0.887540 0.379452 0.892699 0.378658 0.899049 0.379848 0.903414 0.381436 0.905002 0.386198 0.906986 0.390563 0.907780 0.398104 0.907780 0.409612 0.905795 0.416755 0.902224 0.428661 0.897858 0.433423 0.895477 0.446519 0.886350 0.451281 0.883572 0.459614 0.880397 0.464377 0.876825 0.472314 0.867698 0.481044 0.860158 0.484219 0.856189 0.485409 0.853809 0.486203 0.846665 0.484616 0.840316 0.479854 0.828807 0.477076 0.824839 0.473107 0.821267 0.469139 0.815711 0.463980 0.811346 0.451678 0.797059
0 0.327862 0.776027 0.322306 0.775630 0.313575 0.778408 0.308019 0.782376 0.304845 0.785551 0.302463 0.791504 0.302066 0.797853 0.298892 0.806187 0.297701 0.807774 0.296907 0.811743 0.297304 0.815711 0.298892 0.816902 0.301273 0.818092 0.305241 0.818886 0.311591 0.818886 0.319925 0.817298 0.331433 0.812139 0.335798 0.807774 0.336989 0.805790 0.338973 0.797853 0.339370 0.787535 0.338577 0.785154 0.336195 0.781582 0.331433 0.778011
0 0.650692 0.688538 0.644570 0.688067 0.639860 0.689480 0.634208 0.693248 0.631382 0.696545 0.629969 0.701255 0.628556 0.703139 0.627614 0.710204 0.629969 0.713500 0.631853 0.714442 0.638918 0.715855 0.643628 0.716326 0.648337 0.715855 0.650221 0.714913 0.653047 0.712087 0.654931 0.707848 0.655873 0.703139 0.655873 0.691364 0.655402 0.689009
0 0.069664 0.200266 0.065802 0.200748 0.062424 0.203162 0.058562 0.208471 0.056149 0.214262 0.055666 0.219572 0.053736 0.226329 0.048427 0.238395 0.048427 0.240809 0.054701 0.242257 0.064354 0.242257 0.073042 0.240326 0.079317 0.235982 0.083178 0.230673 0.084143 0.224398 0.085109 0.221985 0.085109 0.206540 0.083661 0.200748 0.080282 0.198335 0.075455 0.198335
