0 0.171875 0.000000 0.171875 0.000000 0.175781 0.003906 0.171875 0.003906 0.167969 0.007812 0.164062 0.007812 0.160156 0.011719 0.156250 0.011719 0.156250 0.000000 0.156250 0.000000
0 0.550781 0.000000 0.550781 0.000000 0.554688 0.003906 0.566406 0.003906 0.570312 0.003906 0.570312 0.007812 0.570312 0.011719 0.566406 0.015625 0.562500 0.019531 0.562500 0.023438 0.558594 0.027344 0.558594 0.031250 0.554688 0.035156 0.546875 0.035156 0.542969 0.035156 0.539062 0.039062 0.539062 0.042969 0.535156 0.046875 0.527344 0.046875 0.523438 0.046875 0.523438 0.023438 0.523438 0.019531 0.519531 0.015625 0.515625 0.015625 0.511719 0.015625 0.511719 0.007812 0.511719 0.003906 0.507812 0.000000 0.507812 0.000000
0 0.996094 0.007812 1.000000 0.007812 1.000000 0.027344 1.000000 0.027344 0.996094 0.027344 0.996094 0.019531 0.992188 0.015625 0.996094 0.011719 0.996094 0.007812
0 0.804688 0.042969 0.812500 0.042969 0.816406 0.042969 0.816406 0.046875 0.816406 0.050781 0.820312 0.054688 0.824219 0.058594 0.820312 0.058594 0.816406 0.062500 0.812500 0.062500 0.808594 0.066406 0.804688 0.066406 0.800781 0.066406 0.797435 0.062777 0.796875 0.054688 0.800781 0.054688 0.804688 0.050781 0.804688 0.042969
0 0.480469 0.058594 0.484375 0.058594 0.488281 0.058594 0.488281 0.074219 0.488281 0.078125 0.480469 0.085938 0.476562 0.089844 0.472656 0.089844 0.468750 0.089844 0.464844 0.085938 0.460938 0.082031 0.464844 0.078125 0.464844 0.070312 0.464844 0.066406 0.468750 0.066406 0.472656 0.062500 0.476562 0.062500 0.480469 0.058594
0 0.035156 0.082031 0.058594 0.082031 0.062500 0.082031 0.058594 0.085938 0.054688 0.089844 0.050781 0.089844 0.046875 0.093750 0.039062 0.093750 0.035156 0.093750 0.035156 0.082031
0 0.800781 0.105469 0.804688 0.109375 0.804688 0.117188 0.804688 0.121094 0.800781 0.125000 0.789062 0.125000 0.785156 0.125000 0.785156 0.121094 0.785156 0.117188 0.789062 0.113281 0.792969 0.113281 0.800781 0.105469
0 0.273438 0.144531 0.277344 0.144531 0.281250 0.144531 0.281250 0.152344 0.277344 0.156250 0.277344 0.171875 0.277344 0.175781 0.273438 0.179688 0.269531 0.183594 0.265625 0.179688 0.265625 0.175781 0.261719 0.171875 0.265625 0.171875 0.269531 0.167969 0.269531 0.152344 0.269531 0.148438 0.273438 0.144531
0 0.644531 0.148438 0.648438 0.148438 0.652344 0.148438 0.652344 0.152344 0.656250 0.156250 0.656250 0.160156 0.656250 0.164062 0.660156 0.167969 0.660156 0.171875 0.664062 0.175781 0.671875 0.175781 0.675781 0.175781 0.667969 0.183594 0.664062 0.187500 0.640625 0.187500 0.636719 0.183594 0.636719 0.171875 0.632812 0.167969 0.636719 0.164062 0.640625 0.160156 0.640625 0.156250 0.640625 0.152344 0.644531 0.148438
0 0.000000 0.167969 0.007812 0.167969 0.011719 0.167969 0.007812 0.171875 0.007812 0.175781 0.007812 0.179688 0.000000 0.187500 0.000000 0.187500 0.000000 0.175781 0.000000 0.175781 0.000000 0.167969
0 0.507812 0.167969 0.511719 0.171875 0.515625 0.171875 0.519531 0.175781 0.519531 0.179688 0.507812 0.191406 0.503906 0.191406 0.500000 0.187500 0.500000 0.179688 0.500000 0.175781 0.507812 0.167969
0 0.589844 0.175781 0.593750 0.175781 0.597656 0.175781 0.605469 0.183594 0.609375 0.183594 0.609375 0.187500 0.613281 0.191406 0.609375 0.195312 0.605469 0.199219 0.593750 0.199219 0.589844 0.195312 0.589844 0.191406 0.585938 0.187500 0.589844 0.183594 0.589844 0.175781
0 0.953125 0.187500 0.960938 0.187500 0.964844 0.191406 0.964844 0.203125 0.964844 0.207031 0.957031 0.214844 0.953125 0.218750 0.949219 0.218750 0.945312 0.218750 0.945312 0.214844 0.941406 0.210938 0.941406 0.203125 0.941406 0.199219 0.945312 0.195312 0.945312 0.191406 0.949219 0.191406 0.953125 0.187500
0 0.410156 0.191406 0.437500 0.191406 0.441406 0.195312 0.437500 0.199219 0.433594 0.203125 0.429688 0.203125 0.425781 0.203125 0.421875 0.207031 0.417969 0.210938 0.414062 0.210938 0.410156 0.214844 0.406250 0.210938 0.406250 0.199219 0.406250 0.195312 0.410156 0.191406
0 0.312500 0.210938 0.320312 0.210938 0.324219 0.210938 0.324219 0.214844 0.324219 0.218750 0.320312 0.222656 0.316406 0.226562 0.312500 0.226562 0.308594 0.226562 0.308594 0.218750 0.308594 0.214844 0.312500 0.210938
0 0.773438 0.210938 0.796875 0.210938 0.796875 0.214844 0.792969 0.218750 0.789062 0.222656 0.792110 0.235294 0.778726 0.236873 0.773438 0.231696 0.769531 0.230469 0.762071 0.230512 0.761719 0.226562 0.765625 0.226562 0.769531 0.222656 0.773438 0.218750 0.773438 0.210938
0 0.871094 0.218750 0.878906 0.218750 0.882812 0.218750 0.882812 0.222656 0.878906 0.226562 0.875000 0.230469 0.875000 0.242188 0.875000 0.246094 0.878906 0.250000 0.878906 0.257812 0.878906 0.261719 0.871094 0.269531 0.871094 0.273438 0.867188 0.277344 0.863281 0.277344 0.859375 0.277344 0.855469 0.273438 0.851562 0.273438 0.847656 0.273438 0.847656 0.265625 0.847656 0.261719 0.843750 0.257812 0.843750 0.246094 0.839844 0.242188 0.843750 0.238281 0.847656 0.234375 0.851562 0.234375 0.855469 0.234375 0.859375 0.230469 0.863281 0.230469 0.867188 0.230469 0.871094 0.226562 0.871094 0.218750
0 0.917969 0.324219 0.929688 0.324219 0.933594 0.328125 0.929688 0.332031 0.929688 0.335938 0.925781 0.339844 0.925781 0.343750 0.921875 0.347656 0.917969 0.351562 0.914062 0.347656 0.914062 0.339844 0.914062 0.335938 0.917969 0.332031 0.917969 0.324219
0 0.718750 0.332031 0.730469 0.332031 0.734375 0.332031 0.738281 0.335938 0.738281 0.339844 0.742188 0.343750 0.746094 0.343750 0.746094 0.347656 0.746094 0.351562 0.742188 0.355469 0.738281 0.355469 0.734375 0.351562 0.730469 0.347656 0.726562 0.347656 0.722656 0.347656 0.722656 0.343750 0.718750 0.339844 0.718750 0.332031
0 0.078125 0.351562 0.082031 0.351562 0.085938 0.351562 0.089844 0.355469 0.093750 0.355469 0.093750 0.359375 0.089844 0.363281 0.085938 0.367188 0.082031 0.363281 0.078125 0.359375 0.078125 0.351562
0 0.925781 0.375000 0.929688 0.378906 0.941406 0.378906 0.945312 0.378906 0.949219 0.382812 0.953125 0.386719 0.953125 0.390625 0.957031 0.394531 0.957031 0.402344 0.960938 0.406250 0.976562 0.406250 0.980469 0.402344 1.000000 0.402344 1.000000 0.437500 1.000000 0.437500 0.996094 0.433594 0.984375 0.433594 0.980469 0.433594 0.976562 0.437500 0.972656 0.437500 0.968750 0.433594 0.964844 0.433594 0.960938 0.429688 0.949219 0.429688 0.945312 0.429688 0.941406 0.433594 0.937500 0.437500 0.933594 0.437500 0.929688 0.441406 0.925781 0.441406 0.921875 0.445312 0.917969 0.445312 0.914062 0.445312 0.914062 0.441406 0.902344 0.429688 0.898438 0.425781 0.898438 0.421875 0.898438 0.417969 0.902344 0.414062 0.902344 0.410156 0.906250 0.406250 0.910156 0.406250 0.914062 0.402344 0.914062 0.398438 0.914062 0.394531 0.917969 0.390625 0.917969 0.382812 0.917969 0.378906 0.921875 0.378906 0.925781 0.375000
0 0.121094 0.402344 0.125000 0.402344 0.128906 0.402344 0.132812 0.406250 0.136719 0.406250 0.140625 0.410156 0.144531 0.414062 0.140625 0.417969 0.140625 0.421875 0.136719 0.425781 0.132812 0.425781 0.128906 0.429688 0.125000 0.429688 0.125000 0.425781 0.125000 0.421875 0.121094 0.417969 0.121094 0.410156 0.117188 0.406250 0.121094 0.402344
0 0.390625 0.437500 0.394531 0.437500 0.398438 0.437500 0.402344 0.441406 0.406250 0.441406 0.410156 0.445312 0.402344 0.453125 0.398438 0.457031 0.394531 0.457031 0.390625 0.457031 0.386719 0.453125 0.386719 0.449219 0.382812 0.445312 0.390625 0.437500
0 0.570312 0.457031 0.574219 0.457031 0.578125 0.457031 0.578125 0.468750 0.582031 0.472656 0.589844 0.472656 0.593750 0.472656 0.601562 0.480469 0.605469 0.484375 0.605469 0.488281 0.605469 0.492188 0.609375 0.496094 0.609375 0.500000 0.609375 0.503906 0.605469 0.507812 0.601562 0.507812 0.597656 0.507812 0.593750 0.511719 0.593750 0.515625 0.589844 0.519531 0.582031 0.519531 0.578125 0.519531 0.574219 0.523438 0.574219 0.527344 0.570312 0.531250 0.566406 0.531250 0.562500 0.531250 0.558594 0.535156 0.554688 0.535156 0.554688 0.519531 0.554688 0.515625 0.550781 0.511719 0.550781 0.503906 0.550781 0.500000 0.554688 0.496094 0.554688 0.492188 0.554688 0.488281 0.558594 0.484375 0.558594 0.480469 0.558594 0.476562 0.562500 0.476562 0.566406 0.472656 0.566406 0.464844 0.566406 0.460938 0.570312 0.457031
0 0.187500 0.464844 0.191406 0.468750 0.207031 0.468750 0.210938 0.468750 0.199219 0.480469 0.195312 0.480469 0.191406 0.476562 0.187500 0.472656 0.187500 0.464844
0 0.734375 0.519531 0.738281 0.523438 0.742188 0.523438 0.742188 0.527344 0.738281 0.531250 0.734375 0.535156 0.730469 0.531250 0.726562 0.531250 0.722656 0.531250 0.722656 0.527344 0.722656 0.523438 0.726562 0.523438 0.730469 0.523438 0.734375 0.519531
0 0.050781 0.523438 0.058594 0.523438 0.062500 0.523438 0.066406 0.527344 0.070312 0.527344 0.070312 0.535156 0.070312 0.539062 0.062500 0.546875 0.058594 0.550781 0.050781 0.550781 0.046875 0.546875 0.046875 0.531250 0.042969 0.527344 0.046875 0.527344 0.050781 0.523438
0 0.457031 0.523438 0.460938 0.527344 0.464844 0.527344 0.468750 0.531250 0.472656 0.535156 0.468750 0.535156 0.464844 0.539062 0.460938 0.539062 0.457031 0.542969 0.453125 0.542969 0.449219 0.539062 0.445312 0.539062 0.445312 0.535156 0.445312 0.531250 0.449219 0.527344 0.453125 0.527344 0.457031 0.523438
0 0.976562 0.523438 0.980469 0.527344 0.984375 0.527344 0.976562 0.535156 0.972656 0.539062 0.968750 0.539062 0.964844 0.539062 0.964844 0.531250 0.964844 0.527344 0.968750 0.527344 0.972656 0.527344 0.976562 0.523438
0 0.507812 0.531250 0.511719 0.535156 0.515625 0.539062 0.515625 0.542969 0.515625 0.546875 0.503906 0.558594 0.500000 0.558594 0.496094 0.554688 0.496094 0.546875 0.496094 0.542969 0.507812 0.531250
0 0.210938 0.554688 0.214844 0.558594 0.226562 0.558594 0.230469 0.562500 0.226562 0.562500 0.222656 0.566406 0.218750 0.566406 0.214844 0.566406 0.210938 0.570312 0.207031 0.570312 0.207031 0.562500 0.207031 0.558594 0.210938 0.554688
0 0.718750 0.574219 0.730469 0.574219 0.730469 0.578125 0.726562 0.582031 0.726562 0.585938 0.722656 0.589844 0.710938 0.589844 0.707031 0.593750 0.707031 0.585938 0.707031 0.582031 0.710938 0.582031 0.714844 0.582031 0.718750 0.578125 0.718750 0.574219
0 0.035156 0.589844 0.046875 0.589844 0.050781 0.589844 0.050781 0.601562 0.050781 0.605469 0.046875 0.609375 0.042969 0.609375 0.039062 0.609375 0.035156 0.613281 0.035156 0.617188 0.031250 0.621094 0.027344 0.621094 0.023438 0.617188 0.027344 0.613281 0.027344 0.609375 0.031250 0.605469 0.031250 0.601562 0.031250 0.597656 0.035156 0.593750 0.035156 0.589844
0 0.734375 0.605469 0.738281 0.609375 0.746094 0.609375 0.750000 0.613281 0.746094 0.617188 0.742188 0.621094 0.738281 0.621094 0.734375 0.621094 0.730469 0.617188 0.730469 0.613281 0.730469 0.609375 0.734375 0.605469
0 0.054688 0.648438 0.054688 0.660156 0.054688 0.664062 0.058594 0.667969 0.062500 0.667969 0.066406 0.671875 0.066406 0.675781 0.058594 0.683594 0.054688 0.687500 0.050781 0.687500 0.046875 0.691406 0.039062 0.691406 0.035156 0.691406 0.031250 0.687500 0.031250 0.679688 0.035156 0.675781 0.035156 0.660156 0.035156 0.656250 0.039062 0.652344 0.046875 0.652344 0.050781 0.648438
0 0.503906 0.660156 0.511719 0.660156 0.515625 0.660156 0.519531 0.664062 0.523438 0.667969 0.519531 0.671875 0.515625 0.675781 0.507812 0.675781 0.503906 0.679688 0.503906 0.703125 0.500000 0.707031 0.496094 0.707031 0.492188 0.707031 0.488281 0.710938 0.484375 0.714844 0.468750 0.714844 0.464844 0.714844 0.464844 0.710938 0.464844 0.707031 0.460938 0.703125 0.457031 0.703125 0.453125 0.703125 0.449219 0.699219 0.445312 0.695312 0.449219 0.691406 0.449219 0.687500 0.476562 0.687500 0.480469 0.687500 0.484375 0.683594 0.492188 0.683594 0.496094 0.683594 0.500000 0.679688 0.500000 0.675781 0.503906 0.671875 0.503906 0.660156
0 0.367188 0.671875 0.394531 0.671875 0.398438 0.671875 0.398438 0.679688 0.398438 0.683594 0.406250 0.691406 0.406250 0.695312 0.402344 0.699219 0.398438 0.703125 0.394531 0.699219 0.390625 0.695312 0.390187 0.705727 0.385413 0.713538 0.379772 0.717881 0.375000 0.718750 0.371094 0.718750 0.367188 0.722656 0.363281 0.726562 0.363281 0.738281 0.363281 0.742188 0.359375 0.746094 0.359375 0.750000 0.351562 0.742188 0.347656 0.738281 0.347656 0.734375 0.343750 0.730469 0.355469 0.718750 0.359375 0.714844 0.359375 0.695312 0.359375 0.691406 0.363281 0.687500 0.363281 0.683594 0.363281 0.679688 0.367188 0.675781 0.367188 0.671875
0 0.171875 0.687500 0.183594 0.687500 0.187500 0.687500 0.187500 0.691406 0.187500 0.695312 0.191406 0.699219 0.199219 0.699219 0.199219 0.703125 0.191406 0.710938 0.187500 0.714844 0.175781 0.714844 0.171875 0.714844 0.171875 0.703125 0.167969 0.699219 0.171875 0.695312 0.171875 0.687500
0 0.242188 0.714844 0.257812 0.714844 0.261719 0.714844 0.261719 0.722656 0.261719 0.726562 0.265625 0.730469 0.269531 0.734375 0.269531 0.742188 0.265625 0.746094 0.261719 0.746094 0.257812 0.746094 0.246094 0.734375 0.242188 0.730469 0.242188 0.714844
0 0.820312 0.761719 0.828125 0.761719 0.832031 0.761719 0.832031 0.765625 0.832031 0.769531 0.828125 0.773438 0.824219 0.777344 0.820312 0.777344 0.816406 0.777344 0.812500 0.773438 0.812500 0.769531 0.812500 0.765625 0.816406 0.765625 0.820312 0.761719
0 1.000000 0.765625 1.000000 0.765625 1.000000 0.807288 0.996859 0.809211 0.988281 0.812500 0.984375 0.812500 0.980469 0.816406 0.976562 0.816406 0.972656 0.812500 0.972656 0.800781 0.968750 0.796875 0.975798 0.787211 0.979557 0.780015 0.988281 0.773438 0.992188 0.773438 1.000000 0.765625
0 0.429688 0.785156 0.433594 0.785156 0.437500 0.785156 0.437500 0.789062 0.441406 0.792969 0.445312 0.792969 0.449219 0.792969 0.449219 0.796875 0.453125 0.800781 0.457031 0.800781 0.457031 0.804688 0.457031 0.808594 0.460938 0.812500 0.460938 0.816406 0.460938 0.820312 0.457031 0.824219 0.457031 0.828125 0.449219 0.835938 0.445312 0.839844 0.425781 0.839844 0.421875 0.835938 0.421875 0.820312 0.421875 0.816406 0.417969 0.812500 0.417969 0.808594 0.417969 0.804688 0.425781 0.796875 0.429688 0.792969 0.429688 0.785156
0 0.300781 0.820312 0.308594 0.820312 0.312500 0.820312 0.316406 0.824219 0.320312 0.828125 0.320312 0.832031 0.316406 0.835938 0.312500 0.839844 0.304688 0.839844 0.300781 0.839844 0.300781 0.835938 0.296875 0.832031 0.300781 0.828125 0.300781 0.820312
0 0.156250 0.859375 0.160156 0.859375 0.164062 0.859375 0.167969 0.863281 0.171875 0.863281 0.175781 0.867188 0.175781 0.878906 0.175781 0.882812 0.164062 0.894531 0.164062 0.898438 0.160156 0.894531 0.156250 0.894531 0.152344 0.894531 0.148438 0.890625 0.144531 0.886719 0.144531 0.882812 0.140625 0.878906 0.140625 0.871094 0.140625 0.867188 0.144531 0.863281 0.148438 0.863281 0.152344 0.863281 0.156250 0.859375
0 0.636719 0.871094 0.640625 0.871094 0.644531 0.871094 0.644531 0.878906 0.644531 0.882812 0.640625 0.886719 0.636719 0.886719 0.632812 0.890625 0.628906 0.890625 0.625000 0.886719 0.617188 0.886719 0.613281 0.886719 0.601562 0.898438 0.597656 0.902344 0.597656 0.910156 0.597656 0.914062 0.589844 0.921875 0.585938 0.921875 0.585938 0.917969 0.582031 0.914062 0.582031 0.906250 0.582031 0.902344 0.585938 0.902344 0.589844 0.898438 0.589844 0.882812 0.589844 0.878906 0.593750 0.875000 0.601562 0.875000 0.605469 0.878906 0.621094 0.878906 0.625000 0.878906 0.628906 0.875000 0.632812 0.875000 0.636719 0.871094
0 0.230469 0.968750 0.234375 0.972656 0.238281 0.972656 0.242188 0.972656 0.242188 0.976562 0.242188 0.980469 0.238281 0.984375 0.234375 0.988281 0.234375 0.996094 0.234375 1.000000 0.234375 1.000000 0.210938 1.000000 0.210938 1.000000 0.207031 0.996094 0.203125 0.992188 0.203125 0.988281 0.203125 0.984375 0.207031 0.980469 0.207031 0.976562 0.210938 0.972656 0.222656 0.972656 0.226562 0.972656 0.230469 0.968750
0 0.003906 0.972656 0.011719 0.972656 0.015625 0.972656 0.019531 0.976562 0.019531 0.980469 0.019531 0.984375 0.023438 0.988281 0.023438 0.992188 0.019531 0.996094 0.003906 0.996094 0.000000 0.996094 0.000000 0.980469 0.000000 0.976562 0.003906 0.972656
0 0.773438 0.980469 0.777344 0.980469 0.781250 0.980469 0.781250 0.988281 0.781250 0.992188 0.773438 1.000000 0.773438 1.000000 0.765625 1.000000 0.765625 1.000000 0.765625 0.992188 0.765625 0.988281 0.773438 0.980469
0 0.058594 0.988281 0.062500 0.988281 0.066406 0.988281 0.066406 0.992188 0.070312 0.996094 0.078125 0.996094 0.082031 0.996094 0.082031 1.000000 0.082031 1.000000 0.074219 1.000000 0.074219 1.000000 0.070312 0.996094 0.066406 0.996094 0.062500 1.000000 0.058594 1.000000 0.054688 1.000000 0.054688 0.996094 0.054688 0.992188 0.058594 0.988281
0 0.000000 0.406795 0.002089 0.406795 0.004991 0.413564 0.007892 0.408729 0.007892 0.405828 0.004991 0.402927 0.004991 0.386486 0.007892 0.379716 0.008859 0.369079 0.005958 0.363276 0.000000 0.361443
0 0.649279 0.976961 0.642047 0.972622 0.637708 0.971175 0.630476 0.967559 0.627583 0.963943 0.627583 0.955265 0.629029 0.953096 0.631199 0.952372 0.650725 0.952372 0.651448 0.954542 0.653618 0.957435 0.656511 0.964667 0.656511 0.975515 0.655788 0.977684
0 0.468592 0.476682 0.462252 0.476230 0.456364 0.473059 0.451382 0.472154 0.445494 0.472154 0.441417 0.470795 0.439606 0.469436 0.438247 0.467171 0.437794 0.456302 0.438700 0.454037 0.439606 0.452225 0.445041 0.448149 0.448211 0.444073 0.450476 0.442261 0.452740 0.442261 0.457270 0.443620 0.460893 0.440450 0.463610 0.436826 0.468592 0.435920 0.473121 0.436373 0.474027 0.439091 0.481274 0.446337 0.483086 0.449961 0.490785 0.455848 0.491691 0.457660 0.491691 0.459925 0.488973 0.468530 0.485350 0.471700 0.479915 0.471700 0.473574 0.474418
0 0.482632 0.507028 0.475839 0.506575 0.472216 0.502499 0.469951 0.496158 0.470404 0.486647 0.474480 0.481212 0.480821 0.477136 0.489426 0.476682 0.493502 0.478041 0.495314 0.482118 0.495767 0.492534 0.494861 0.495252 0.489879 0.500234 0.486256 0.505669
0 0.666636 0.953819 0.672421 0.953819 0.674591 0.953096 0.677484 0.949480 0.679653 0.948033 0.680376 0.945864 0.681823 0.944417 0.681823 0.941524 0.682546 0.939355 0.682546 0.937185 0.674591 0.934293 0.671698 0.931400 0.667359 0.930677 0.665189 0.931400 0.661573 0.934293 0.659404 0.935016 0.654341 0.940801 0.653618 0.942971 0.653618 0.949480 0.655788 0.950203 0.656511 0.952372 0.659404 0.955265
0 0.778929 0.006238 0.775582 0.006656 0.769308 0.005820 0.765962 0.002473 0.765137 0.000000 0.782039 0.000000 0.781438 0.000800 0.781438 0.002892
