0 0.105469 0.078125 0.109375 0.078125 0.113281 0.078125 0.117188 0.082031 0.117188 0.085938 0.113281 0.089844 0.101562 0.089844 0.097656 0.089844 0.097656 0.085938 0.093750 0.082031 0.097656 0.082031 0.101562 0.082031 0.105469 0.078125
0 0.863281 0.285156 0.875000 0.285156 0.878906 0.289062 0.867188 0.300781 0.863281 0.304688 0.859375 0.304688 0.855469 0.308594 0.851562 0.308594 0.847656 0.312500 0.839844 0.312500 0.835938 0.308594 0.835938 0.304688 0.835938 0.300781 0.839844 0.300781 0.843750 0.296875 0.847656 0.292969 0.851562 0.292969 0.855469 0.289062 0.859375 0.289062 0.863281 0.285156
0 0.312500 0.312500 0.320312 0.312500 0.324219 0.312500 0.324219 0.328125 0.328125 0.332031 0.328125 0.347656 0.328125 0.351562 0.324219 0.355469 0.324219 0.363281 0.320312 0.367188 0.320312 0.382812 0.320312 0.386719 0.324219 0.390625 0.328125 0.394531 0.328125 0.414062 0.328125 0.417969 0.324219 0.421875 0.320312 0.421875 0.316406 0.417969 0.312500 0.414062 0.296875 0.414062 0.292969 0.414062 0.289062 0.417969 0.285156 0.421875 0.281250 0.421875 0.277344 0.425781 0.273438 0.421875 0.269531 0.421875 0.265625 0.421875 0.261719 0.417969 0.257812 0.417969 0.257812 0.414062 0.253906 0.410156 0.257812 0.410156 0.261719 0.410156 0.265625 0.406250 0.269531 0.406250 0.273438 0.402344 0.273438 0.398438 0.277344 0.394531 0.277344 0.390625 0.281250 0.386719 0.285156 0.386719 0.289062 0.382812 0.289062 0.371094 0.289062 0.367188 0.285156 0.363281 0.281250 0.363281 0.292969 0.363281 0.296875 0.359375 0.296875 0.343750 0.296875 0.339844 0.300781 0.335938 0.300781 0.324219 0.300781 0.320312 0.304688 0.316406 0.308594 0.316406 0.312500 0.312500
0 0.828125 0.390625 0.832031 0.390625 0.835938 0.390625 0.839844 0.394531 0.843750 0.398438 0.843750 0.402344 0.847656 0.406250 0.847656 0.410156 0.843750 0.414062 0.843750 0.429688 0.843750 0.433594 0.847656 0.437500 0.851562 0.441406 0.859375 0.441406 0.863281 0.441406 0.867188 0.445312 0.863281 0.449219 0.859375 0.453125 0.851562 0.453125 0.847656 0.453125 0.843750 0.449219 0.839844 0.449219 0.839844 0.445312 0.835938 0.441406 0.832031 0.441406 0.832031 0.437500 0.828125 0.433594 0.824219 0.429688 0.816406 0.429688 0.812500 0.429688 0.808594 0.425781 0.804688 0.425781 0.808594 0.425781 0.812500 0.421875 0.816406 0.417969 0.816406 0.402344 0.812500 0.398438 0.816406 0.398438 0.820312 0.398438 0.828125 0.390625
0 0.074219 0.406250 0.078125 0.406250 0.082031 0.406250 0.085938 0.410156 0.089844 0.410156 0.093750 0.410156 0.089844 0.414062 0.089844 0.417969 0.089844 0.421875 0.085938 0.425781 0.082031 0.429688 0.078125 0.429688 0.074219 0.429688 0.070312 0.425781 0.066406 0.425781 0.066406 0.421875 0.062500 0.417969 0.058594 0.417969 0.062500 0.417969 0.066406 0.417969 0.070312 0.414062 0.074219 0.410156 0.074219 0.406250
0 0.925781 0.417969 0.929688 0.417969 0.933594 0.417969 0.933594 0.421875 0.933594 0.425781 0.937500 0.429688 0.941406 0.429688 0.945312 0.429688 0.941406 0.433594 0.941406 0.437500 0.937500 0.441406 0.914062 0.441406 0.910156 0.441406 0.910156 0.433594 0.910156 0.429688 0.914062 0.425781 0.914062 0.421875 0.917969 0.421875 0.921875 0.421875 0.925781 0.417969
0 0.988281 0.625000 1.000000 0.625000 1.000000 0.648438 1.000000 0.648438 0.996094 0.652344 0.988281 0.652344 0.984375 0.652344 0.980469 0.648438 0.980469 0.644531 0.976562 0.640625 0.972656 0.636719 0.972656 0.632812 0.972656 0.628906 0.980469 0.628906 0.984375 0.628906 0.988281 0.625000
0 0.757812 0.703125 0.769531 0.703125 0.773438 0.703125 0.769531 0.707031 0.769531 0.710938 0.769531 0.714844 0.765625 0.718750 0.750000 0.718750 0.746094 0.718750 0.746094 0.714844 0.746094 0.710938 0.750000 0.710938 0.757812 0.703125
0 0.492188 0.742188 0.500000 0.742188 0.503906 0.742188 0.503906 0.761719 0.503906 0.765625 0.500000 0.769531 0.496094 0.773438 0.492188 0.773438 0.488281 0.777344 0.484375 0.781250 0.480469 0.781250 0.476562 0.781250 0.476562 0.777344 0.472656 0.773438 0.472656 0.765625 0.472656 0.761719 0.476562 0.757812 0.476562 0.753906 0.480469 0.750000 0.480469 0.746094 0.484375 0.746094 0.488281 0.746094 0.492188 0.742188
0 1.000000 0.812500 1.000000 0.812500 1.000000 0.808594 1.000000 0.804688 0.996094 0.800781 0.992188 0.800781 0.988281 0.796875 0.984375 0.796875 0.984375 0.789062 0.984375 0.785156 0.988281 0.781250 0.988281 0.777344 0.992188 0.773438 1.000000 0.773438
0 0.242188 0.777344 0.250000 0.777344 0.253906 0.777344 0.257812 0.781250 0.257812 0.785156 0.257812 0.789062 0.253906 0.792969 0.246094 0.792969 0.242188 0.792969 0.238281 0.789062 0.238281 0.785156 0.238281 0.781250 0.242188 0.777344
0 0.328125 0.898438 0.343750 0.898438 0.347656 0.898438 0.351562 0.902344 0.355469 0.906250 0.359375 0.906250 0.363281 0.910156 0.367188 0.910156 0.371094 0.914062 0.375000 0.914062 0.375000 0.917969 0.375000 0.921875 0.371094 0.925781 0.367188 0.925781 0.363281 0.929688 0.359375 0.929688 0.355469 0.933594 0.355469 0.945312 0.355469 0.949219 0.351562 0.953125 0.351562 0.960938 0.351562 0.964844 0.347656 0.968750 0.343750 0.972656 0.343750 0.984375 0.339844 0.988281 0.335938 0.988281 0.332031 0.984375 0.328125 0.984375 0.320312 0.976562 0.316406 0.976562 0.316406 0.968750 0.316406 0.964844 0.308594 0.957031 0.304688 0.953125 0.304688 0.949219 0.300781 0.945312 0.296875 0.941406 0.300781 0.937500 0.304688 0.933594 0.304688 0.929688 0.308594 0.925781 0.308594 0.921875 0.312500 0.921875 0.316406 0.917969 0.320312 0.914062 0.320312 0.910156 0.320312 0.906250 0.328125 0.898438
0 0.542969 0.636719 0.585938 0.640625 0.589844 0.640625 0.621094 0.671875 0.625000 0.675781 0.628906 0.703125 0.632812 0.707031 0.621094 0.730469 0.617188 0.734375 0.601562 0.734375 0.597656 0.734375 0.582031 0.726562 0.578125 0.726562 0.558594 0.738281 0.554688 0.738281 0.554688 0.687500 0.554688 0.683594 0.539062 0.652344 0.535156 0.648438 0.542969 0.636719
0 0.666390 0.698026 0.675454 0.703125 0.675781 0.712668 0.663525 0.716692 0.670355 0.733720 0.651420 0.729814 0.651092 0.719346 0.644531 0.710938 0.644531 0.707031 0.656250 0.699219
