0 0.656250 0.000000 0.656250 0.000000 0.660156 0.003906 0.664062 0.003906 0.667969 0.007812 0.675781 0.007812 0.679688 0.007812 0.683594 0.003906 0.695312 0.003906 0.699219 0.003906 0.695312 0.007812 0.695312 0.015625 0.691406 0.019531 0.687500 0.019531 0.683594 0.023438 0.679688 0.023438 0.675781 0.027344 0.664062 0.027344 0.660156 0.027344 0.656250 0.031250 0.652344 0.031250 0.648438 0.031250 0.644531 0.035156 0.640625 0.035156 0.640625 0.031250 0.636719 0.027344 0.632812 0.023438 0.632812 0.015625 0.632812 0.011719 0.628906 0.007812 0.628906 0.000000 0.628906 0.000000
0 0.210938 0.000000 0.210938 0.000000 0.210938 0.003906 0.214844 0.007812 0.214844 0.011719 0.218750 0.015625 0.222656 0.015625 0.226562 0.015625 0.218750 0.015625 0.214844 0.015625 0.210938 0.019531 0.207031 0.019531 0.203125 0.015625 0.199219 0.011719 0.199219 0.000000
0 0.988281 0.023438 0.992188 0.023438 0.996094 0.023438 1.000000 0.027344 1.000000 0.031250 1.000000 0.035156 0.996094 0.039062 0.992188 0.039062 0.988281 0.042969 0.980469 0.042969 0.976562 0.042969 0.976562 0.039062 0.972656 0.035156 0.976562 0.035156 0.988281 0.023438
0 0.816406 0.050781 0.824219 0.050781 0.828125 0.050781 0.828125 0.058594 0.832031 0.062500 0.828125 0.062500 0.824219 0.066406 0.820312 0.066406 0.816406 0.062500 0.816406 0.050781
0 0.878906 0.078125 0.898438 0.078125 0.898438 0.082031 0.894531 0.085938 0.890625 0.089844 0.882812 0.089844 0.878906 0.093750 0.878906 0.097656 0.871094 0.105469 0.867188 0.109375 0.867188 0.113281 0.863281 0.117188 0.859375 0.121094 0.859375 0.125000 0.859375 0.128906 0.851562 0.136719 0.851562 0.140625 0.847656 0.144531 0.843750 0.148438 0.839844 0.148438 0.835938 0.152344 0.832031 0.152344 0.828125 0.156250 0.828125 0.160156 0.824219 0.164062 0.820312 0.164062 0.816406 0.167969 0.804688 0.167969 0.800781 0.167969 0.796875 0.171875 0.796875 0.175781 0.796875 0.179688 0.789062 0.187500 0.785156 0.191406 0.761719 0.191406 0.757812 0.195312 0.726562 0.195312 0.722656 0.195312 0.722656 0.179688 0.722656 0.175781 0.785156 0.175781 0.789062 0.171875 0.789062 0.164062 0.789062 0.160156 0.785156 0.156250 0.785156 0.152344 0.781250 0.148438 0.789062 0.140625 0.792969 0.136719 0.792969 0.117188 0.792969 0.113281 0.800781 0.113281 0.804688 0.113281 0.808594 0.109375 0.812500 0.109375 0.816406 0.109375 0.820312 0.105469 0.824219 0.105469 0.828125 0.101562 0.832031 0.097656 0.843750 0.097656 0.847656 0.093750 0.871094 0.093750 0.875000 0.093750 0.878906 0.089844 0.878906 0.078125
0 0.925781 0.128906 0.929688 0.128906 0.933594 0.128906 0.933594 0.144531 0.933594 0.148438 0.941406 0.156250 0.945312 0.156250 0.941406 0.156250 0.937500 0.156250 0.933594 0.160156 0.929688 0.160156 0.925781 0.160156 0.925781 0.148438 0.925781 0.144531 0.921875 0.140625 0.917969 0.136719 0.925781 0.128906
0 0.378906 0.160156 0.382812 0.164062 0.386719 0.164062 0.390625 0.167969 0.390625 0.171875 0.386719 0.175781 0.382812 0.179688 0.378906 0.179688 0.375000 0.179688 0.375000 0.167969 0.371094 0.164062 0.375000 0.164062 0.378906 0.160156
0 0.320312 0.285156 0.324219 0.289062 0.328125 0.289062 0.332031 0.292969 0.335938 0.296875 0.347656 0.296875 0.351562 0.296875 0.355469 0.300781 0.359375 0.300781 0.359375 0.304688 0.359375 0.308594 0.355469 0.312500 0.355469 0.316406 0.355469 0.320312 0.347656 0.328125 0.343750 0.332031 0.335938 0.332031 0.332031 0.332031 0.328125 0.328125 0.324219 0.328125 0.320312 0.324219 0.316406 0.324219 0.312500 0.324219 0.308594 0.320312 0.304688 0.320312 0.300781 0.320312 0.296875 0.316406 0.292969 0.312500 0.296875 0.308594 0.296875 0.304688 0.300781 0.304688 0.308594 0.296875 0.312500 0.296875 0.316406 0.292969 0.316406 0.289062 0.320312 0.285156
0 0.667969 0.308594 0.675781 0.308594 0.679688 0.308594 0.683594 0.312500 0.687500 0.312500 0.683594 0.316406 0.679688 0.320312 0.671875 0.320312 0.667969 0.320312 0.667969 0.308594
0 0.406250 0.324219 0.414062 0.324219 0.417969 0.324219 0.421875 0.328125 0.425781 0.332031 0.421875 0.335938 0.421875 0.339844 0.414062 0.347656 0.410156 0.351562 0.406250 0.351562 0.406250 0.347656 0.402344 0.343750 0.402344 0.335938 0.402344 0.332031 0.406250 0.328125 0.406250 0.324219
0 0.261719 0.359375 0.273438 0.359375 0.277344 0.359375 0.281250 0.363281 0.281250 0.367188 0.285156 0.371094 0.285156 0.378906 0.289062 0.382812 0.285156 0.382812 0.281250 0.386719 0.277344 0.386719 0.269531 0.378906 0.265625 0.375000 0.265625 0.371094 0.261719 0.367188 0.261719 0.359375
0 0.761719 0.429688 0.785156 0.429688 0.789062 0.429688 0.792969 0.433594 0.789062 0.437500 0.789062 0.445312 0.789062 0.449219 0.785156 0.453125 0.781250 0.457031 0.777344 0.457031 0.773438 0.457031 0.773438 0.453125 0.765625 0.445312 0.761719 0.445312 0.761719 0.429688
0 0.320312 0.476562 0.328125 0.476562 0.332031 0.480469 0.332031 0.496094 0.328125 0.500000 0.324219 0.500000 0.320312 0.500000 0.320312 0.476562
0 0.988281 0.539062 1.000000 0.539062 1.000000 0.558594 1.000000 0.558594 1.000000 0.562500 0.996094 0.566406 0.992188 0.570312 0.988281 0.566406 0.988281 0.562500 0.984375 0.558594 0.980469 0.558594 0.980469 0.550781 0.980469 0.546875 0.984375 0.546875 0.988281 0.542969 0.988281 0.539062
0 0.847656 0.554688 0.855469 0.554688 0.859375 0.554688 0.855469 0.558594 0.855469 0.562500 0.855469 0.566406 0.847656 0.574219 0.843750 0.574219 0.839844 0.570312 0.843750 0.566406 0.843750 0.562500 0.847656 0.558594 0.847656 0.554688
0 0.906250 0.562500 0.914062 0.562500 0.917969 0.562500 0.921875 0.566406 0.925781 0.566406 0.925781 0.570312 0.917969 0.578125 0.914062 0.578125 0.910156 0.574219 0.906250 0.574219 0.906250 0.562500
0 0.246094 0.566406 0.257812 0.566406 0.261719 0.566406 0.265625 0.570312 0.269531 0.574219 0.265625 0.574219 0.261719 0.578125 0.257812 0.578125 0.253906 0.578125 0.250000 0.574219 0.250000 0.570312 0.246094 0.566406
0 0.585938 0.570312 0.593750 0.570312 0.597656 0.570312 0.597656 0.574219 0.601562 0.578125 0.597656 0.582031 0.593750 0.585938 0.585938 0.585938 0.582031 0.585938 0.582031 0.582031 0.578125 0.578125 0.585938 0.570312
0 0.707031 0.671875 0.714844 0.671875 0.718750 0.671875 0.722656 0.675781 0.726562 0.679688 0.722656 0.683594 0.718750 0.687500 0.714844 0.687500 0.710938 0.687500 0.707031 0.683594 0.707031 0.671875
0 0.539062 0.675781 0.542969 0.675781 0.546875 0.675781 0.546875 0.683594 0.546875 0.687500 0.542969 0.691406 0.539062 0.691406 0.535156 0.691406 0.531250 0.687500 0.535156 0.683594 0.535156 0.679688 0.539062 0.675781
0 0.484375 0.753906 0.496094 0.753906 0.500000 0.753906 0.507812 0.761719 0.507812 0.765625 0.519531 0.777344 0.523438 0.777344 0.519531 0.781250 0.519531 0.792969 0.519531 0.796875 0.523438 0.800781 0.527344 0.800781 0.523438 0.804688 0.523438 0.808594 0.523438 0.812500 0.519531 0.816406 0.515625 0.820312 0.464844 0.820312 0.460938 0.820312 0.457031 0.824219 0.453125 0.828125 0.453125 0.832031 0.449219 0.835938 0.445312 0.839844 0.437500 0.839844 0.433594 0.839844 0.425781 0.847656 0.425781 0.851562 0.421875 0.847656 0.414062 0.847656 0.410156 0.847656 0.406250 0.843750 0.402344 0.839844 0.402344 0.828125 0.398438 0.824219 0.398438 0.820312 0.398438 0.816406 0.402344 0.812500 0.402344 0.808594 0.406250 0.804688 0.406250 0.800781 0.410156 0.796875 0.410156 0.792969 0.410156 0.789062 0.414062 0.785156 0.417969 0.785156 0.421875 0.781250 0.421875 0.777344 0.429688 0.777344 0.433594 0.777344 0.437500 0.773438 0.441406 0.773438 0.445312 0.773438 0.449219 0.769531 0.453125 0.769531 0.457031 0.765625 0.460938 0.765625 0.464844 0.765625 0.468750 0.761719 0.472656 0.761719 0.476562 0.757812 0.480469 0.757812 0.484375 0.753906
0 0.062500 0.820312 0.066406 0.820312 0.070312 0.820312 0.074219 0.824219 0.078125 0.824219 0.078125 0.828125 0.074219 0.832031 0.074219 0.835938 0.070312 0.839844 0.062500 0.839844 0.058594 0.839844 0.058594 0.828125 0.058594 0.824219 0.062500 0.820312
0 0.628906 0.886719 0.636719 0.886719 0.640625 0.886719 0.640625 0.898438 0.644531 0.902344 0.644531 0.906250 0.640625 0.910156 0.636719 0.914062 0.628906 0.914062 0.625000 0.914062 0.621094 0.910156 0.621094 0.906250 0.617188 0.902344 0.621094 0.902344 0.625000 0.898438 0.625000 0.894531 0.625000 0.890625 0.628906 0.886719
0 0.230469 0.945312 0.234375 0.945312 0.238281 0.945312 0.242188 0.949219 0.246094 0.953125 0.242188 0.957031 0.242188 0.960938 0.238281 0.964844 0.234375 0.964844 0.230469 0.960938 0.226562 0.960938 0.226562 0.953125 0.226562 0.949219 0.230469 0.945312
