0 0.910156 0.074219 0.921875 0.074219 0.925781 0.074219 0.925781 0.078125 0.929688 0.082031 0.933594 0.082031 0.933594 0.085938 0.921875 0.097656 0.917969 0.101562 0.914062 0.101562 0.910156 0.101562 0.910156 0.097656 0.906250 0.093750 0.898438 0.093750 0.894531 0.089844 0.910156 0.074219
0 0.492188 0.414062 0.484375 0.406250 0.484375 0.390625 0.480469 0.390625 0.472656 0.382812 0.468750 0.382812 0.464844 0.378906 0.449219 0.378906 0.440441 0.387499 0.429621 0.390407 0.425781 0.390407 0.425781 0.402344 0.433594 0.410156 0.445312 0.410156 0.449219 0.414062 0.449219 0.421875 0.453125 0.425781 0.480469 0.425781
0 0.113281 0.402344 0.121094 0.402344 0.125000 0.402344 0.128906 0.406250 0.132812 0.406250 0.136719 0.406250 0.136719 0.410156 0.136719 0.414062 0.132812 0.417969 0.128906 0.417969 0.125000 0.417969 0.121094 0.421875 0.117188 0.421875 0.113281 0.421875 0.113281 0.402344
0 0.554688 0.414062 0.558594 0.414062 0.562500 0.414062 0.566406 0.417969 0.566406 0.425781 0.562500 0.429688 0.558594 0.429688 0.554688 0.429688 0.554688 0.414062
0 0.367188 0.421875 0.378906 0.421875 0.382812 0.425781 0.375000 0.433594 0.371094 0.437500 0.367188 0.437500 0.363281 0.433594 0.367188 0.429688 0.367188 0.421875
0 0.523438 0.523438 0.531250 0.523438 0.535156 0.523438 0.535156 0.531250 0.539062 0.535156 0.539062 0.539062 0.535156 0.542969 0.535156 0.546875 0.523438 0.558594 0.519531 0.558594 0.519531 0.554688 0.515625 0.550781 0.515625 0.539062 0.515625 0.535156 0.519531 0.531250 0.523438 0.527344 0.523438 0.523438
0 0.097656 0.550781 0.109375 0.550781 0.113281 0.550781 0.113281 0.554688 0.113281 0.558594 0.105469 0.566406 0.101562 0.570312 0.097656 0.570312 0.093750 0.566406 0.089844 0.566406 0.089844 0.558594 0.089844 0.554688 0.093750 0.554688 0.097656 0.550781
0 0.570312 0.566406 0.578125 0.566406 0.582031 0.570312 0.582031 0.574219 0.578125 0.578125 0.574219 0.582031 0.570312 0.582031 0.570312 0.566406
0 0.335938 0.582031 0.339844 0.582031 0.343750 0.582031 0.347656 0.585938 0.351562 0.585938 0.355469 0.585938 0.355469 0.593750 0.355469 0.597656 0.351562 0.601562 0.347656 0.605469 0.343750 0.605469 0.339844 0.609375 0.335938 0.609375 0.332031 0.605469 0.332031 0.601562 0.328125 0.597656 0.332031 0.593750 0.332031 0.589844 0.335938 0.585938 0.335938 0.582031
0 0.363281 0.656250 0.367188 0.660156 0.371094 0.660156 0.375000 0.660156 0.375000 0.664062 0.378906 0.667969 0.378906 0.671875 0.375000 0.675781 0.371094 0.675781 0.367188 0.675781 0.367188 0.671875 0.363281 0.667969 0.363281 0.656250
0 0.128906 0.687500 0.132812 0.691406 0.136719 0.691406 0.140625 0.691406 0.144531 0.695312 0.148438 0.695312 0.152344 0.699219 0.164062 0.699219 0.167969 0.699219 0.171875 0.703125 0.171875 0.714844 0.171875 0.718750 0.175781 0.722656 0.183594 0.722656 0.187500 0.722656 0.183594 0.726562 0.183594 0.742188 0.183594 0.746094 0.175781 0.753906 0.171875 0.757812 0.152344 0.757812 0.148438 0.757812 0.148438 0.750000 0.144531 0.746094 0.140625 0.746094 0.136719 0.742188 0.132812 0.742188 0.128906 0.738281 0.121094 0.738281 0.117188 0.738281 0.113281 0.734375 0.109375 0.730469 0.097656 0.730469 0.093750 0.730469 0.089844 0.726562 0.085938 0.722656 0.085938 0.714844 0.085938 0.710938 0.093750 0.703125 0.093750 0.699219 0.097656 0.699219 0.101562 0.695312 0.105469 0.691406 0.121094 0.691406 0.125000 0.691406 0.128906 0.687500
0 0.707031 0.835938 0.722656 0.835938 0.726562 0.835938 0.730469 0.839844 0.730469 0.847656 0.730469 0.851562 0.726562 0.855469 0.722656 0.855469 0.718750 0.859375 0.714844 0.859375 0.710938 0.855469 0.707031 0.855469 0.703125 0.855469 0.703125 0.843750 0.703125 0.839844 0.707031 0.835938
0 0.972656 0.835938 0.972656 0.839844 0.976562 0.843750 0.980469 0.843750 0.984375 0.843750 0.984375 0.847656 0.988281 0.851562 0.988281 0.855469 0.988281 0.859375 0.984375 0.863281 0.980469 0.867188 0.976562 0.867188 0.972656 0.871094 0.968750 0.867188 0.964844 0.867188 0.964844 0.851562 0.964844 0.847656 0.968750 0.843750 0.972656 0.839844 0.972656 0.835938
0 0.835938 0.953125 0.843750 0.953125 0.847656 0.953125 0.847656 0.968750 0.843750 0.972656 0.839844 0.972656 0.835938 0.972656 0.835938 0.953125
0 0.633931 0.783253 0.632139 0.788205 0.632139 0.800137 0.626977 0.800323 0.624047 0.805401 0.626977 0.810479 0.631338 0.810878 0.627904 0.823503 0.620698 0.833743 0.614734 0.834524 0.594609 0.829697 0.590668 0.821585 0.594588 0.814504 0.591679 0.809447 0.592461 0.805505 0.596737 0.799206 0.597518 0.793368 0.606663 0.789112 0.608455 0.776386 0.619666 0.776870 0.634246 0.782939
0 0.168458 0.575793 0.167677 0.566795 0.162598 0.563865 0.148417 0.571852 0.149028 0.578322 0.146624 0.584896 0.152589 0.593009 0.160471 0.593009 0.164642 0.587826 0.167677 0.578723
0 0.684317 0.534322 0.681387 0.529244 0.676434 0.528462 0.662379 0.534301 0.655173 0.541507 0.655173 0.550401 0.657321 0.552550 0.663285 0.553331 0.672409 0.547366 0.672833 0.543097 0.683536 0.537252
0 0.738156 0.552424 0.733078 0.555354 0.713860 0.555354 0.700815 0.553561 0.697886 0.548483 0.700815 0.543405 0.712848 0.542623 0.733078 0.543635 0.736007 0.544416 0.738937 0.549494
0 0.841098 0.562644 0.838168 0.557566 0.827041 0.549473 0.819159 0.549473 0.816229 0.554552 0.817011 0.557481 0.824216 0.564688 0.834227 0.568503 0.840316 0.565573
0 0.746094 0.449219 0.761719 0.453125 0.765625 0.453125 0.851562 0.523438 0.855469 0.527344 0.875000 0.535156 0.878906 0.535156 0.882812 0.546875 0.882812 0.550781 0.906250 0.562500 0.910156 0.566406 0.902344 0.605469 0.898438 0.609375 0.863281 0.621094 0.859375 0.621094 0.843750 0.632812 0.839844 0.636719 0.808594 0.648438 0.804688 0.652344 0.789062 0.652344 0.785156 0.652344 0.730469 0.625000 0.726562 0.625000 0.695312 0.601562 0.691406 0.601562 0.679688 0.585938 0.675781 0.582031 0.628906 0.562500 0.625000 0.558594 0.625000 0.542969 0.625000 0.539062 0.656250 0.500000 0.660156 0.496094 0.714844 0.476562 0.718750 0.476562 0.746094 0.449219
0 0.835938 0.906250 0.855469 0.906250 0.859375 0.910156 0.859375 0.914062 0.855469 0.917969 0.851562 0.921875 0.851562 0.929688 0.847656 0.933594 0.839844 0.933594 0.835938 0.933594 0.832031 0.929688 0.832031 0.925781 0.828125 0.921875 0.828125 0.917969 0.824219 0.914062 0.828125 0.910156 0.832031 0.910156 0.835938 0.906250
0 0.112174 0.988683 0.103376 0.987660 0.100920 0.997072 0.100920 1.000000 0.123107 1.000000 0.124246 0.997072 0.119949 0.994003 0.115243 0.989297
