0 0.464844 0.000000 0.488281 0.000000 0.492188 0.003906 0.492188 0.019531 0.492188 0.023438 0.496094 0.027344 0.500000 0.031250 0.500000 0.035156 0.503906 0.039062 0.503906 0.042969 0.503906 0.046875 0.507812 0.050781 0.527344 0.050781 0.531250 0.050781 0.531250 0.054688 0.535156 0.058594 0.535156 0.066406 0.539062 0.070312 0.535156 0.074219 0.535156 0.078125 0.531250 0.082031 0.527344 0.082031 0.523438 0.082031 0.519531 0.085938 0.515625 0.085938 0.511719 0.089844 0.507812 0.093750 0.503906 0.093750 0.500000 0.093750 0.496094 0.097656 0.488281 0.097656 0.484375 0.101562 0.480469 0.101562 0.476562 0.097656 0.472656 0.097656 0.472656 0.093750 0.472656 0.089844 0.468750 0.085938 0.464844 0.082031 0.433594 0.082031 0.429688 0.082031 0.429688 0.078125 0.425781 0.074219 0.421875 0.070312 0.421875 0.062500 0.421875 0.058594 0.417969 0.054688 0.417969 0.042969 0.417969 0.039062 0.421875 0.035156 0.421875 0.031250 0.425781 0.027344 0.429688 0.027344 0.433594 0.023438 0.437500 0.023438 0.441406 0.019531 0.445312 0.015625 0.449219 0.015625 0.453125 0.015625 0.457031 0.011719 0.460938 0.011719 0.464844 0.007812 0.464844 0.000000
0 0.792969 0.121094 0.796875 0.121094 0.800781 0.121094 0.804688 0.125000 0.808594 0.128906 0.808594 0.132812 0.812500 0.136719 0.808594 0.136719 0.804688 0.140625 0.800781 0.140625 0.796875 0.140625 0.792969 0.136719 0.792969 0.121094
0 0.542969 0.128906 0.550781 0.128906 0.554688 0.132812 0.554688 0.136719 0.558594 0.140625 0.558594 0.152344 0.558594 0.156250 0.550781 0.164062 0.546875 0.167969 0.542969 0.167969 0.539062 0.171875 0.531250 0.171875 0.527344 0.171875 0.523438 0.167969 0.519531 0.167969 0.515625 0.167969 0.515625 0.148438 0.515625 0.144531 0.519531 0.140625 0.519531 0.136719 0.527344 0.136719 0.531250 0.136719 0.535156 0.132812 0.539062 0.132812 0.542969 0.128906
0 0.347656 0.183594 0.351562 0.187500 0.375000 0.187500 0.378906 0.187500 0.378906 0.191406 0.382812 0.195312 0.386719 0.195312 0.386719 0.207031 0.386719 0.210938 0.382812 0.214844 0.382812 0.230469 0.382812 0.234375 0.378906 0.238281 0.375000 0.238281 0.371094 0.242188 0.371094 0.246094 0.367188 0.242188 0.363281 0.242188 0.359375 0.242188 0.355469 0.238281 0.351562 0.234375 0.343750 0.234375 0.339844 0.234375 0.335938 0.230469 0.324219 0.230469 0.320312 0.230469 0.320312 0.214844 0.320312 0.210938 0.324219 0.207031 0.324219 0.195312 0.324219 0.191406 0.328125 0.191406 0.332031 0.187500 0.339844 0.187500 0.343750 0.187500 0.347656 0.183594
0 0.445312 0.316406 0.453125 0.316406 0.457031 0.316406 0.457031 0.328125 0.460938 0.332031 0.457031 0.332031 0.453125 0.335938 0.453125 0.339844 0.449219 0.343750 0.445312 0.347656 0.429688 0.347656 0.425781 0.347656 0.425781 0.332031 0.425781 0.328125 0.429688 0.324219 0.433594 0.324219 0.437500 0.320312 0.441406 0.320312 0.445312 0.316406
0 0.765625 0.480469 0.769531 0.480469 0.773438 0.480469 0.773438 0.500000 0.773438 0.503906 0.769531 0.507812 0.769531 0.511719 0.765625 0.515625 0.761719 0.519531 0.753906 0.519531 0.750000 0.519531 0.750000 0.515625 0.746094 0.511719 0.742188 0.511719 0.742188 0.503906 0.742188 0.500000 0.750000 0.492188 0.750000 0.488281 0.753906 0.488281 0.757812 0.488281 0.765625 0.480469
0 0.503906 0.492188 0.507812 0.496094 0.511719 0.500000 0.511719 0.503906 0.511719 0.507812 0.515625 0.511719 0.519531 0.515625 0.519531 0.531250 0.523438 0.535156 0.531250 0.535156 0.535156 0.535156 0.539062 0.539062 0.550781 0.539062 0.554688 0.539062 0.558594 0.542969 0.570312 0.542969 0.574219 0.546875 0.574219 0.554688 0.578125 0.558594 0.574219 0.562500 0.574219 0.578125 0.574219 0.582031 0.578125 0.585938 0.578125 0.593750 0.578125 0.597656 0.574219 0.601562 0.570312 0.605469 0.570312 0.613281 0.566406 0.617188 0.515625 0.617188 0.511719 0.617188 0.507812 0.613281 0.492188 0.613281 0.488281 0.613281 0.484375 0.609375 0.476562 0.609375 0.472656 0.609375 0.472656 0.605469 0.468750 0.601562 0.464844 0.597656 0.464844 0.582031 0.464844 0.578125 0.460938 0.574219 0.460938 0.566406 0.460938 0.562500 0.464844 0.558594 0.464844 0.554688 0.468750 0.550781 0.472656 0.546875 0.472656 0.535156 0.472656 0.531250 0.476562 0.531250 0.480469 0.527344 0.480469 0.523438 0.480469 0.519531 0.484375 0.515625 0.484375 0.511719 0.484375 0.507812 0.488281 0.503906 0.488281 0.500000 0.492188 0.500000 0.496094 0.496094 0.500000 0.496094 0.503906 0.492188
0 0.039062 0.613281 0.046875 0.621094 0.050781 0.621094 0.046875 0.625000 0.046875 0.632812 0.042969 0.636719 0.042969 0.652344 0.042969 0.656250 0.039062 0.660156 0.027344 0.660156 0.023438 0.664062 0.019531 0.664062 0.015625 0.664062 0.011719 0.660156 0.007812 0.660156 0.003906 0.656250 0.000000 0.652344 0.000000 0.648438 0.000000 0.648438 0.000000 0.640625 0.003906 0.636719 0.003906 0.632812 0.007812 0.628906 0.011719 0.628906 0.015625 0.625000 0.015625 0.621094 0.019531 0.621094 0.023438 0.617188 0.031250 0.617188 0.035156 0.617188 0.039062 0.613281
0 0.292969 0.664062 0.300781 0.664062 0.304688 0.664062 0.308594 0.667969 0.308594 0.671875 0.312500 0.675781 0.316406 0.675781 0.320312 0.675781 0.320312 0.687500 0.324219 0.691406 0.320312 0.695312 0.316406 0.699219 0.316406 0.707031 0.312500 0.710938 0.308594 0.710938 0.304688 0.710938 0.300781 0.714844 0.296875 0.714844 0.281250 0.730469 0.277344 0.734375 0.269531 0.734375 0.265625 0.734375 0.261719 0.738281 0.257812 0.738281 0.250000 0.730469 0.246094 0.726562 0.246094 0.707031 0.246094 0.703125 0.250000 0.699219 0.250000 0.695312 0.250000 0.691406 0.257812 0.683594 0.261719 0.679688 0.261719 0.675781 0.265625 0.671875 0.269531 0.671875 0.273438 0.671875 0.277344 0.667969 0.285156 0.667969 0.289062 0.667969 0.292969 0.664062
0 0.195312 0.675781 0.207031 0.675781 0.210938 0.675781 0.210938 0.695312 0.210938 0.699219 0.207031 0.703125 0.203125 0.707031 0.191406 0.707031 0.187500 0.707031 0.183594 0.703125 0.179688 0.699219 0.179688 0.695312 0.175781 0.691406 0.179688 0.687500 0.179688 0.683594 0.183594 0.683594 0.187500 0.683594 0.195312 0.675781
0 0.894531 0.703125 0.906250 0.703125 0.910156 0.703125 0.914062 0.707031 0.917969 0.707031 0.921875 0.710938 0.921875 0.714844 0.914062 0.722656 0.910156 0.726562 0.906250 0.726562 0.902344 0.726562 0.902344 0.722656 0.898438 0.718750 0.894531 0.718750 0.894531 0.703125
0 0.121094 0.714844 0.128906 0.714844 0.132812 0.714844 0.136719 0.718750 0.136719 0.722656 0.140625 0.726562 0.140625 0.730469 0.144531 0.734375 0.148438 0.734375 0.152344 0.738281 0.152344 0.742188 0.148438 0.746094 0.144531 0.750000 0.144531 0.753906 0.140625 0.757812 0.140625 0.761719 0.136719 0.765625 0.128906 0.765625 0.125000 0.765625 0.121094 0.769531 0.117188 0.773438 0.105469 0.773438 0.101562 0.773438 0.097656 0.769531 0.097656 0.761719 0.097656 0.757812 0.101562 0.753906 0.105469 0.750000 0.105469 0.742188 0.105469 0.738281 0.109375 0.734375 0.113281 0.730469 0.113281 0.726562 0.117188 0.722656 0.117188 0.718750 0.121094 0.714844
0 0.636719 0.828125 0.640625 0.828125 0.644531 0.828125 0.648438 0.832031 0.656250 0.832031 0.660156 0.835938 0.660156 0.839844 0.656250 0.843750 0.656250 0.847656 0.652344 0.851562 0.652344 0.859375 0.652344 0.863281 0.648438 0.867188 0.640625 0.867188 0.636719 0.867188 0.632812 0.871094 0.621094 0.871094 0.617188 0.871094 0.613281 0.867188 0.617188 0.863281 0.617188 0.851562 0.617188 0.847656 0.628906 0.835938 0.628906 0.832031 0.632812 0.832031 0.636719 0.828125
0 0.007812 0.855469 0.011719 0.855469 0.015625 0.855469 0.015625 0.875000 0.019531 0.878906 0.015625 0.878906 0.011719 0.882812 0.003906 0.882812 0.000000 0.882812 0.000000 0.882812 0.000000 0.867188 0.000000 0.867188 0.003906 0.863281 0.007812 0.859375 0.007812 0.855469
0 0.957031 0.871094 0.960938 0.871094 0.964844 0.871094 0.968750 0.875000 0.972656 0.878906 0.972656 0.882812 0.972656 0.886719 0.976562 0.890625 0.976562 0.894531 0.980469 0.898438 0.980469 0.906250 0.980469 0.910156 0.984375 0.914062 0.984375 0.917969 0.988281 0.921875 0.992188 0.921875 0.996094 0.921875 0.996094 0.972656 0.992188 0.976562 0.988281 0.972656 0.980469 0.972656 0.976562 0.972656 0.972656 0.968750 0.972656 0.964844 0.968750 0.960938 0.960938 0.960938 0.957031 0.957031 0.957031 0.949219 0.960938 0.945312 0.960938 0.933594 0.960938 0.929688 0.957031 0.925781 0.953125 0.925781 0.953125 0.921875 0.949219 0.917969 0.949219 0.902344 0.945312 0.898438 0.945312 0.882812 0.945312 0.878906 0.949219 0.875000 0.953125 0.875000 0.957031 0.871094
0 0.000000 0.917969 0.003906 0.921875 0.003906 0.925781 0.007812 0.929688 0.011719 0.929688 0.011719 0.933594 0.007812 0.937500 0.003906 0.941406 0.000000 0.941406
0 0.546875 0.902344 0.550781 0.902344 0.554688 0.902344 0.558594 0.906250 0.566406 0.906250 0.570312 0.906250 0.570312 0.921875 0.574219 0.925781 0.570312 0.925781 0.566406 0.929688 0.566406 0.941406 0.566406 0.945312 0.562500 0.949219 0.558594 0.953125 0.558594 0.957031 0.554688 0.960938 0.539062 0.960938 0.535156 0.964844 0.535156 0.960938 0.531250 0.957031 0.527344 0.953125 0.515625 0.953125 0.511719 0.953125 0.507812 0.949219 0.503906 0.949219 0.500000 0.945312 0.496094 0.941406 0.496094 0.929688 0.496094 0.925781 0.500000 0.921875 0.503906 0.917969 0.503906 0.914062 0.507812 0.910156 0.511719 0.906250 0.519531 0.906250 0.523438 0.906250 0.527344 0.910156 0.535156 0.910156 0.539062 0.910156 0.546875 0.902344
0 0.847656 0.937500 0.851562 0.941406 0.859375 0.941406 0.863281 0.941406 0.863281 0.953125 0.859375 0.957031 0.859375 0.984375 0.859375 0.988281 0.863281 0.992188 0.863281 0.996094 0.867188 1.000000 0.863281 1.000000 0.863281 1.000000 0.828125 1.000000 0.828125 0.996094 0.824219 0.992188 0.824219 0.984375 0.828125 0.980469 0.828125 0.960938 0.828125 0.957031 0.832031 0.953125 0.832031 0.949219 0.835938 0.945312 0.839844 0.941406 0.843750 0.941406 0.847656 0.937500
0 0.152344 0.984375 0.156250 0.984375 0.160156 0.984375 0.164062 0.988281 0.164062 0.992188 0.167969 0.996094 0.199219 0.996094 0.203125 0.996094 0.207031 1.000000 0.207031 1.000000 0.062500 1.000000 0.062500 1.000000 0.066406 0.996094 0.070312 0.996094 0.074219 0.996094 0.078125 1.000000 0.082031 1.000000 0.082031 1.000000 0.140625 1.000000 0.140625 1.000000 0.140625 0.996094 0.152344 0.984375
0 0.601562 0.187500 0.617188 0.187500 0.621094 0.187500 0.648438 0.203125 0.652344 0.207031 0.667969 0.242188 0.671875 0.246094 0.671875 0.261719 0.671875 0.265625 0.664062 0.281250 0.660156 0.285156 0.628906 0.292969 0.625000 0.292969 0.585938 0.273438 0.582031 0.269531 0.578125 0.226562 0.578125 0.222656 0.582031 0.210938 0.582031 0.207031 0.601562 0.187500
0 0.531250 0.226562 0.554688 0.226562 0.558594 0.226562 0.566406 0.234375 0.570312 0.238281 0.570312 0.265625 0.570312 0.269531 0.554688 0.281250 0.550781 0.285156 0.539062 0.285156 0.535156 0.285156 0.523438 0.273438 0.519531 0.269531 0.519531 0.242188 0.519531 0.238281 0.531250 0.226562
0 0.535156 0.343750 0.550781 0.355469 0.554688 0.359375 0.558594 0.371094 0.562500 0.375000 0.558594 0.394531 0.558594 0.398438 0.527344 0.410156 0.523438 0.414062 0.484375 0.410156 0.480469 0.410156 0.472656 0.398438 0.468750 0.394531 0.472656 0.378906 0.472656 0.375000 0.492188 0.359375 0.496094 0.355469 0.535156 0.343750
0 0.910156 0.332031 0.929688 0.339844 0.933594 0.343750 0.929688 0.414062 0.929688 0.417969 0.933594 0.421875 0.937500 0.425781 0.964844 0.433594 0.968750 0.437500 0.972656 0.457031 0.976562 0.460938 0.976562 0.511719 0.976562 0.515625 0.964844 0.539062 0.964844 0.542969 0.941406 0.558594 0.937500 0.562500 0.925781 0.566406 0.921875 0.570312 0.867188 0.574219 0.863281 0.574219 0.824219 0.558594 0.820312 0.554688 0.792969 0.488281 0.792969 0.484375 0.765625 0.453125 0.761719 0.449219 0.761719 0.425781 0.761719 0.421875 0.773438 0.390625 0.773438 0.386719 0.843750 0.351562 0.847656 0.347656 0.871094 0.347656 0.875000 0.347656 0.910156 0.332031
0 0.554688 0.292969 0.574219 0.300781 0.578125 0.300781 0.589844 0.312500 0.593750 0.316406 0.597656 0.351562 0.597656 0.355469 0.578125 0.375000 0.574219 0.378906 0.562500 0.378906 0.558594 0.378906 0.539062 0.351562 0.535156 0.347656 0.542969 0.304688 0.542969 0.300781 0.554688 0.292969
