0 0.464844 0.000000 0.500000 0.000000 0.503906 0.000000 0.507812 0.003906 0.507812 0.007812 0.503906 0.011719 0.500000 0.011719 0.496094 0.015625 0.492188 0.015625 0.488281 0.015625 0.484375 0.011719 0.472656 0.011719 0.468750 0.011719 0.464844 0.007812 0.464844 0.000000
0 0.671875 0.000000 0.808594 0.000000 0.812500 0.000000 0.796875 0.000000 0.792969 0.000000 0.789062 0.003906 0.789062 0.015625 0.785156 0.019531 0.781250 0.019531 0.777344 0.023438 0.773438 0.027344 0.769531 0.027344 0.765625 0.027344 0.750000 0.042969 0.746094 0.046875 0.738281 0.046875 0.734375 0.050781 0.730469 0.050781 0.726562 0.046875 0.722656 0.042969 0.703125 0.042969 0.699219 0.042969 0.691406 0.035156 0.687500 0.031250 0.687500 0.027344 0.675781 0.015625 0.671875 0.011719 0.671875 0.000000
0 0.589844 0.019531 0.593750 0.019531 0.597656 0.019531 0.597656 0.023438 0.601562 0.027344 0.605469 0.027344 0.609375 0.031250 0.613281 0.031250 0.609375 0.035156 0.609375 0.039062 0.605469 0.042969 0.605469 0.046875 0.601562 0.050781 0.597656 0.050781 0.589844 0.042969 0.585938 0.042969 0.582031 0.039062 0.582031 0.035156 0.578125 0.031250 0.589844 0.019531
0 0.000000 0.101562 0.000000 0.101562 0.007812 0.101562 0.011719 0.101562 0.015625 0.105469 0.019531 0.109375 0.019531 0.113281 0.027344 0.121094 0.031250 0.125000 0.031250 0.128906 0.031250 0.132812 0.035156 0.136719 0.039062 0.136719 0.050781 0.148438 0.054688 0.152344 0.058594 0.152344 0.062500 0.152344 0.062500 0.164062 0.062500 0.167969 0.066406 0.171875 0.066406 0.175781 0.066406 0.179688 0.062500 0.183594 0.050781 0.183594 0.046875 0.183594 0.042969 0.187500 0.042969 0.191406 0.039062 0.195312 0.035156 0.199219 0.035156 0.203125 0.031250 0.207031 0.031250 0.210938 0.023438 0.218750 0.019531 0.222656 0.015625 0.222656 0.011719 0.218750 0.007812 0.218750 0.007812 0.210938 0.003906 0.207031 0.000000 0.207031
0 0.164062 0.089844 0.171875 0.089844 0.175781 0.089844 0.179688 0.093750 0.179688 0.097656 0.179688 0.101562 0.183594 0.105469 0.187500 0.105469 0.187500 0.109375 0.191406 0.113281 0.187500 0.117188 0.183594 0.121094 0.183594 0.132812 0.179688 0.136719 0.179688 0.152344 0.179688 0.156250 0.175781 0.160156 0.171875 0.160156 0.167969 0.164062 0.160156 0.164062 0.156250 0.164062 0.152344 0.167969 0.148438 0.167969 0.144531 0.171875 0.140625 0.175781 0.132812 0.175781 0.128906 0.175781 0.125000 0.171875 0.121094 0.171875 0.117188 0.167969 0.117188 0.160156 0.113281 0.156250 0.117188 0.152344 0.117188 0.144531 0.117188 0.140625 0.121094 0.136719 0.121094 0.132812 0.132812 0.121094 0.136719 0.117188 0.136719 0.113281 0.148438 0.101562 0.148438 0.097656 0.152344 0.093750 0.156250 0.093750 0.160156 0.093750 0.164062 0.089844
0 0.898438 0.125000 0.898438 0.128906 0.902344 0.132812 0.906250 0.132812 0.910156 0.132812 0.910156 0.136719 0.914062 0.140625 0.917969 0.140625 0.929688 0.152344 0.933594 0.152344 0.933594 0.160156 0.933594 0.164062 0.929688 0.167969 0.929688 0.171875 0.925781 0.175781 0.921875 0.175781 0.917969 0.179688 0.914062 0.183594 0.910156 0.183594 0.906250 0.183594 0.902344 0.179688 0.898438 0.179688 0.898438 0.164062 0.898438 0.160156 0.894531 0.156250 0.890625 0.156250 0.886719 0.152344 0.886719 0.144531 0.886719 0.140625 0.890625 0.136719 0.890625 0.132812 0.894531 0.132812 0.898438 0.128906 0.898438 0.125000
0 0.000000 0.406250 0.000000 0.406250 0.003906 0.406250 0.007812 0.410156 0.007812 0.414062 0.011719 0.417969 0.011719 0.421875 0.015625 0.425781 0.015625 0.429688 0.011719 0.433594 0.011719 0.437500 0.007812 0.441406 0.003906 0.441406 0.000000 0.445312 0.000000 0.445312
0 0.519531 0.429688 0.523438 0.433594 0.523438 0.437500 0.527344 0.441406 0.527344 0.445312 0.531250 0.449219 0.566406 0.449219 0.570312 0.449219 0.574219 0.453125 0.589844 0.453125 0.593750 0.453125 0.597656 0.457031 0.601562 0.457031 0.605469 0.457031 0.609375 0.460938 0.613281 0.464844 0.625000 0.464844 0.625000 0.468750 0.617188 0.476562 0.613281 0.480469 0.585938 0.480469 0.582031 0.480469 0.578125 0.476562 0.566406 0.476562 0.562500 0.476562 0.558594 0.472656 0.542969 0.472656 0.539062 0.468750 0.519531 0.468750 0.515625 0.472656 0.511719 0.468750 0.511719 0.464844 0.511719 0.460938 0.507812 0.457031 0.503906 0.457031 0.500000 0.457031 0.507812 0.457031 0.511719 0.453125 0.511719 0.445312 0.511719 0.441406 0.515625 0.437500 0.515625 0.433594 0.519531 0.429688
0 0.664062 0.535156 0.671875 0.535156 0.675781 0.535156 0.679688 0.539062 0.679688 0.542969 0.683594 0.546875 0.687500 0.546875 0.691406 0.546875 0.695312 0.550781 0.699219 0.550781 0.699219 0.562500 0.703125 0.566406 0.699219 0.570312 0.699219 0.574219 0.695312 0.578125 0.695312 0.589844 0.695312 0.593750 0.699219 0.597656 0.714844 0.597656 0.718750 0.597656 0.718750 0.601562 0.722656 0.605469 0.722656 0.609375 0.718750 0.613281 0.718750 0.617188 0.714844 0.621094 0.710938 0.625000 0.707031 0.625000 0.703125 0.628906 0.679688 0.628906 0.675781 0.632812 0.671875 0.628906 0.664062 0.628906 0.660156 0.628906 0.656250 0.625000 0.652344 0.625000 0.652344 0.613281 0.648438 0.609375 0.652344 0.609375 0.656250 0.605469 0.660156 0.601562 0.660156 0.593750 0.660156 0.589844 0.656250 0.585938 0.652344 0.582031 0.652344 0.578125 0.648438 0.574219 0.648438 0.558594 0.648438 0.554688 0.652344 0.550781 0.656250 0.546875 0.656250 0.542969 0.664062 0.535156
0 0.312500 0.597656 0.332031 0.597656 0.335938 0.597656 0.339844 0.601562 0.351562 0.601562 0.355469 0.601562 0.359375 0.605469 0.363281 0.609375 0.367188 0.609375 0.371094 0.609375 0.367188 0.613281 0.367188 0.625000 0.367188 0.628906 0.363281 0.632812 0.359375 0.636719 0.355469 0.636719 0.351562 0.640625 0.347656 0.640625 0.343750 0.640625 0.335938 0.648438 0.332031 0.652344 0.328125 0.652344 0.324219 0.656250 0.320312 0.652344 0.308594 0.652344 0.304688 0.652344 0.304688 0.648438 0.300781 0.644531 0.292969 0.644531 0.289062 0.644531 0.289062 0.628906 0.289062 0.625000 0.292969 0.621094 0.296875 0.617188 0.296875 0.613281 0.300781 0.609375 0.300781 0.605469 0.304688 0.605469 0.312500 0.597656
0 0.109375 0.675781 0.121094 0.675781 0.125000 0.675781 0.125000 0.679688 0.132812 0.687500 0.136719 0.691406 0.144531 0.691406 0.148438 0.695312 0.148438 0.710938 0.152344 0.714844 0.152344 0.738281 0.156250 0.742188 0.160156 0.742188 0.164062 0.742188 0.164062 0.746094 0.167969 0.750000 0.179688 0.750000 0.183594 0.750000 0.187500 0.753906 0.195312 0.753906 0.199219 0.757812 0.199219 0.761719 0.203125 0.765625 0.199219 0.769531 0.199219 0.773438 0.191406 0.781250 0.187500 0.785156 0.160156 0.785156 0.156250 0.785156 0.152344 0.789062 0.148438 0.789062 0.144531 0.792969 0.136719 0.785156 0.132812 0.785156 0.132812 0.781250 0.128906 0.777344 0.109375 0.777344 0.105469 0.777344 0.097656 0.769531 0.093750 0.765625 0.089844 0.765625 0.085938 0.761719 0.085938 0.757812 0.082031 0.753906 0.082031 0.738281 0.085938 0.734375 0.085938 0.718750 0.085938 0.714844 0.082031 0.710938 0.082031 0.695312 0.078125 0.691406 0.082031 0.691406 0.085938 0.687500 0.089844 0.687500 0.093750 0.683594 0.097656 0.683594 0.101562 0.679688 0.105469 0.679688 0.109375 0.675781
0 0.207031 0.691406 0.210938 0.691406 0.214844 0.691406 0.218750 0.695312 0.222656 0.695312 0.222656 0.699219 0.226562 0.703125 0.226562 0.707031 0.218750 0.714844 0.214844 0.718750 0.207031 0.718750 0.203125 0.718750 0.199219 0.714844 0.195312 0.710938 0.195312 0.707031 0.191406 0.703125 0.187500 0.703125 0.191406 0.703125 0.195312 0.699219 0.195312 0.695312 0.199219 0.695312 0.203125 0.695312 0.207031 0.691406
0 0.484375 0.710938 0.492188 0.718750 0.496094 0.718750 0.500000 0.722656 0.500000 0.726562 0.500000 0.730469 0.503906 0.734375 0.507812 0.734375 0.511719 0.734375 0.511719 0.750000 0.515625 0.753906 0.515625 0.773438 0.515625 0.777344 0.500000 0.792969 0.496094 0.796875 0.492188 0.796875 0.488281 0.800781 0.472656 0.800781 0.468750 0.800781 0.464844 0.804688 0.460938 0.804688 0.457031 0.800781 0.457031 0.781250 0.453125 0.777344 0.453125 0.742188 0.453125 0.738281 0.457031 0.734375 0.457031 0.730469 0.457031 0.726562 0.460938 0.726562 0.468750 0.718750 0.472656 0.714844 0.476562 0.714844 0.480469 0.714844 0.484375 0.710938
0 0.773438 0.738281 0.781250 0.738281 0.785156 0.742188 0.808594 0.742188 0.812500 0.742188 0.812500 0.746094 0.812500 0.750000 0.808594 0.753906 0.808594 0.757812 0.808594 0.761719 0.804688 0.765625 0.800781 0.769531 0.800781 0.777344 0.796875 0.781250 0.789062 0.781250 0.785156 0.777344 0.769531 0.777344 0.765625 0.777344 0.765625 0.769531 0.761719 0.765625 0.761719 0.753906 0.761719 0.750000 0.765625 0.746094 0.765625 0.742188 0.769531 0.742188 0.773438 0.738281
0 0.605469 0.757812 0.609375 0.761719 0.628906 0.761719 0.632812 0.765625 0.632812 0.773438 0.636719 0.777344 0.632812 0.781250 0.632812 0.796875 0.632812 0.800781 0.636719 0.804688 0.640625 0.804688 0.644531 0.804688 0.644531 0.808594 0.648438 0.812500 0.652344 0.812500 0.656250 0.816406 0.652344 0.816406 0.648438 0.820312 0.644531 0.820312 0.640625 0.824219 0.636719 0.824219 0.632812 0.824219 0.632812 0.816406 0.628906 0.812500 0.609375 0.812500 0.605469 0.812500 0.601562 0.808594 0.597656 0.808594 0.593750 0.804688 0.593750 0.800781 0.589844 0.796875 0.585938 0.796875 0.585938 0.773438 0.585938 0.769531 0.589844 0.769531 0.593750 0.769531 0.597656 0.765625 0.597656 0.761719 0.601562 0.761719 0.605469 0.757812
0 0.242188 0.875000 0.246094 0.878906 0.250000 0.878906 0.253906 0.882812 0.253906 0.886719 0.257812 0.890625 0.257812 0.894531 0.261719 0.898438 0.265625 0.898438 0.261719 0.902344 0.261719 0.906250 0.250000 0.917969 0.246094 0.921875 0.246094 0.925781 0.242188 0.929688 0.242188 0.933594 0.234375 0.941406 0.230469 0.945312 0.222656 0.945312 0.218750 0.945312 0.214844 0.941406 0.203125 0.941406 0.199219 0.941406 0.195312 0.937500 0.191406 0.937500 0.191406 0.921875 0.191406 0.917969 0.195312 0.914062 0.195312 0.910156 0.199219 0.910156 0.203125 0.910156 0.207031 0.906250 0.210938 0.906250 0.214844 0.902344 0.214844 0.898438 0.222656 0.898438 0.226562 0.898438 0.230469 0.894531 0.230469 0.890625 0.234375 0.886719 0.234375 0.882812 0.242188 0.875000
0 0.917969 0.890625 0.937500 0.890625 0.941406 0.890625 0.945312 0.894531 0.949219 0.894531 0.949219 0.898438 0.957031 0.906250 0.960938 0.910156 0.960938 0.914062 0.964844 0.917969 0.972656 0.917969 0.976562 0.917969 0.980469 0.914062 0.980469 0.910156 0.992188 0.910156 0.996094 0.910156 0.996094 0.914062 1.000000 0.917969 1.000000 0.941406 0.992188 0.941406 0.988281 0.945312 0.984375 0.945312 0.984375 0.941406 0.976562 0.933594 0.972656 0.929688 0.960938 0.929688 0.957031 0.929688 0.953125 0.933594 0.949219 0.937500 0.945312 0.937500 0.941406 0.941406 0.937500 0.945312 0.933594 0.941406 0.929688 0.941406 0.925781 0.941406 0.921875 0.937500 0.921875 0.933594 0.917969 0.929688 0.917969 0.925781 0.917969 0.921875 0.914062 0.917969 0.910156 0.917969 0.910156 0.910156 0.906250 0.906250 0.910156 0.902344 0.910156 0.898438 0.914062 0.898438 0.917969 0.894531 0.917969 0.890625
0 0.894531 0.238281 0.925781 0.238281 0.929688 0.238281 0.941406 0.246094 0.945312 0.250000 0.945312 0.257812 0.945312 0.261719 0.898438 0.328125 0.898438 0.332031 0.882812 0.335938 0.878906 0.339844 0.875000 0.335938 0.871094 0.332031 0.878906 0.269531 0.875000 0.265625 0.882812 0.250000 0.882812 0.246094 0.894531 0.238281
0 0.792969 0.363281 0.812500 0.367188 0.816406 0.367188 0.835938 0.386719 0.839844 0.390625 0.843750 0.398438 0.847656 0.402344 0.847656 0.417969 0.847656 0.421875 0.839844 0.429688 0.835938 0.433594 0.812500 0.429688 0.808594 0.429688 0.789062 0.406250 0.785156 0.402344 0.781250 0.386719 0.781250 0.382812 0.792969 0.363281
0 0.539062 0.148438 0.578125 0.148438 0.582031 0.148438 0.593750 0.160156 0.597656 0.164062 0.597656 0.187500 0.597656 0.191406 0.574219 0.257812 0.570312 0.261719 0.542969 0.261719 0.539062 0.261719 0.515625 0.250000 0.511719 0.250000 0.500000 0.238281 0.496094 0.234375 0.492188 0.218750 0.488281 0.214844 0.488281 0.187500 0.488281 0.183594 0.539062 0.148438
0 0.480469 0.269531 0.511719 0.269531 0.515625 0.269531 0.527344 0.281250 0.531250 0.285156 0.558594 0.292969 0.562500 0.292969 0.566406 0.308594 0.566406 0.312500 0.558594 0.328125 0.558594 0.332031 0.515625 0.371094 0.511719 0.375000 0.457031 0.378906 0.453125 0.378906 0.437500 0.367188 0.433594 0.363281 0.429688 0.343750 0.429688 0.339844 0.457031 0.289062 0.457031 0.285156 0.480469 0.269531
0 0.140625 0.476562 0.187500 0.476562 0.191406 0.476562 0.203125 0.488281 0.207031 0.492188 0.199219 0.527344 0.199219 0.531250 0.179688 0.550781 0.175781 0.554688 0.164062 0.585938 0.160156 0.589844 0.144531 0.593750 0.140625 0.593750 0.113281 0.582031 0.109375 0.578125 0.097656 0.582031 0.093750 0.582031 0.078125 0.574219 0.074219 0.574219 0.070312 0.566406 0.066406 0.562500 0.066406 0.546875 0.066406 0.542969 0.082031 0.531250 0.085938 0.527344 0.109375 0.523438 0.113281 0.523438 0.128906 0.488281 0.128906 0.484375 0.140625 0.476562
0 0.250000 0.242188 0.253906 0.242188 0.257812 0.242188 0.261719 0.246094 0.265625 0.250000 0.265625 0.253906 0.269531 0.257812 0.269531 0.261719 0.273438 0.265625 0.281250 0.265625 0.285156 0.265625 0.289062 0.261719 0.289062 0.257812 0.289062 0.261719 0.292969 0.265625 0.296875 0.265625 0.300781 0.265625 0.300781 0.269531 0.304688 0.273438 0.304688 0.289062 0.308594 0.292969 0.316406 0.292969 0.320312 0.292969 0.324219 0.289062 0.328125 0.285156 0.335938 0.285156 0.339844 0.285156 0.343750 0.281250 0.347656 0.281250 0.351562 0.277344 0.355469 0.277344 0.359375 0.277344 0.363281 0.273438 0.367188 0.273438 0.371094 0.273438 0.371094 0.277344 0.375000 0.281250 0.378906 0.281250 0.378906 0.285156 0.378906 0.289062 0.382812 0.292969 0.382812 0.296875 0.390625 0.304688 0.394531 0.308594 0.386719 0.316406 0.386719 0.320312 0.382812 0.324219 0.378906 0.328125 0.375000 0.328125 0.371094 0.332031 0.367188 0.332031 0.363281 0.332031 0.359375 0.328125 0.355469 0.324219 0.355469 0.316406 0.355469 0.312500 0.351562 0.308594 0.343750 0.308594 0.339844 0.308594 0.335938 0.312500 0.332031 0.316406 0.324219 0.316406 0.320312 0.320312 0.320312 0.324219 0.316406 0.328125 0.316406 0.332031 0.312500 0.335938 0.308594 0.335938 0.304688 0.339844 0.304688 0.347656 0.304688 0.351562 0.292969 0.363281 0.289062 0.367188 0.273438 0.367188 0.269531 0.367188 0.265625 0.363281 0.261719 0.363281 0.253906 0.355469 0.250000 0.355469 0.242188 0.347656 0.238281 0.347656 0.238281 0.343750 0.234375 0.339844 0.234375 0.332031 0.230469 0.328125 0.234375 0.324219 0.234375 0.269531 0.230469 0.265625 0.234375 0.261719 0.234375 0.257812 0.234375 0.253906 0.238281 0.250000 0.242188 0.246094 0.246094 0.246094 0.250000 0.242188
