0 0.285156 0.160156 0.304688 0.160156 0.308594 0.164062 0.304688 0.167969 0.300781 0.171875 0.300781 0.175781 0.296875 0.179688 0.292969 0.179688 0.277344 0.195312 0.273438 0.199219 0.269531 0.199219 0.265625 0.203125 0.261719 0.203125 0.257812 0.207031 0.257812 0.214844 0.257812 0.218750 0.257812 0.210938 0.253906 0.207031 0.250000 0.207031 0.246094 0.207031 0.242188 0.203125 0.238281 0.203125 0.234375 0.203125 0.234375 0.195312 0.234375 0.191406 0.238281 0.187500 0.242188 0.183594 0.242188 0.179688 0.246094 0.175781 0.261719 0.175781 0.265625 0.175781 0.273438 0.167969 0.277344 0.164062 0.281250 0.164062 0.285156 0.160156
0 0.238281 0.312500 0.250000 0.312500 0.253906 0.312500 0.257812 0.316406 0.261719 0.316406 0.261719 0.320312 0.265625 0.324219 0.265625 0.332031 0.265625 0.335938 0.253906 0.347656 0.250000 0.351562 0.242188 0.351562 0.238281 0.351562 0.230469 0.343750 0.226562 0.339844 0.226562 0.328125 0.226562 0.324219 0.238281 0.312500
0 0.992188 0.378906 0.999343 0.369314 0.998531 0.415687 0.996094 0.417969 0.992188 0.421875 0.988281 0.421875 0.984375 0.417969 0.984375 0.410156 0.980469 0.406250 0.984375 0.402344 0.984375 0.398438 0.988281 0.394531 0.988281 0.386719 0.988281 0.382812 0.992188 0.378906
0 0.062500 0.468750 0.070312 0.476562 0.074219 0.476562 0.074219 0.484375 0.070312 0.488281 0.066406 0.488281 0.062500 0.488281 0.062500 0.484375 0.058594 0.480469 0.058594 0.476562 0.058594 0.472656 0.062500 0.468750
0 0.984375 0.480469 0.992188 0.480469 0.996094 0.480469 0.996094 0.511719 0.996094 0.515625 0.992188 0.519531 0.988281 0.519531 0.984375 0.519531 0.980469 0.523438 0.976562 0.523438 0.972656 0.519531 0.968750 0.515625 0.968750 0.511719 0.964844 0.507812 0.968750 0.503906 0.968750 0.500000 0.972656 0.496094 0.972656 0.488281 0.972656 0.484375 0.976562 0.484375 0.980469 0.484375 0.984375 0.480469
0 0.421875 0.652344 0.429688 0.652344 0.433594 0.652344 0.433594 0.656250 0.429688 0.660156 0.429688 0.664062 0.429688 0.667969 0.425781 0.671875 0.421875 0.671875 0.417969 0.675781 0.417969 0.679688 0.414062 0.683594 0.410156 0.687500 0.410156 0.691406 0.406250 0.695312 0.402344 0.699219 0.398438 0.699219 0.394531 0.703125 0.390625 0.707031 0.386719 0.707031 0.382812 0.710938 0.378906 0.714844 0.375000 0.714844 0.367188 0.722656 0.363281 0.726562 0.359375 0.726562 0.355469 0.730469 0.351562 0.730469 0.347656 0.734375 0.343750 0.734375 0.339844 0.734375 0.335938 0.738281 0.332031 0.742188 0.328125 0.742188 0.324219 0.746094 0.289062 0.746094 0.285156 0.742188 0.285156 0.734375 0.285156 0.730469 0.289062 0.730469 0.292969 0.730469 0.296875 0.726562 0.296875 0.722656 0.300781 0.722656 0.304688 0.718750 0.316406 0.718750 0.320312 0.718750 0.324219 0.714844 0.328125 0.714844 0.332031 0.714844 0.335938 0.710938 0.339844 0.710938 0.343750 0.707031 0.343750 0.699219 0.347656 0.695312 0.359375 0.695312 0.363281 0.695312 0.367188 0.691406 0.371094 0.691406 0.375000 0.687500 0.378906 0.683594 0.382812 0.683594 0.386719 0.679688 0.390625 0.679688 0.394531 0.675781 0.394531 0.671875 0.398438 0.671875 0.402344 0.667969 0.406250 0.667969 0.421875 0.652344
0 0.000000 1.000000 0.000000 0.632031 0.011719 0.636719 0.015625 0.636719 0.031250 0.699219 0.035156 0.703125 0.035156 0.742188 0.035156 0.746094 0.015625 0.769531 0.011719 0.773438 0.042969 0.792969 0.046875 0.792969 0.054688 0.847656 0.054688 0.851562 0.066406 0.859375 0.070312 0.863281 0.085938 0.863281 0.089844 0.863281 0.113281 0.878906 0.117188 0.878906 0.136719 0.917969 0.140625 0.921875 0.105469 0.972656 0.105469 0.976562 0.078683 1.000000
0 0.773438 0.921875 0.777344 0.921875 0.781250 0.921875 0.792969 0.933594 0.796875 0.937500 0.800781 0.937500 0.799908 0.942601 0.801424 0.942203 0.812479 0.941892 0.812223 0.945450 0.800754 0.945722 0.800989 0.949045 0.796875 0.949219 0.777344 0.949219 0.773438 0.949219 0.773438 0.945312 0.769531 0.941406 0.769531 0.933594 0.769531 0.929688 0.773438 0.925781 0.773438 0.921875
0 0.375000 0.855469 0.378906 0.855469 0.382812 0.855469 0.382812 0.863281 0.382812 0.867188 0.386719 0.871094 0.386719 0.875000 0.382812 0.878906 0.351562 0.878906 0.347656 0.878906 0.347656 0.863281 0.351562 0.859375 0.367188 0.859375 0.371094 0.859375 0.375000 0.855469
0 0.929899 0.676321 0.922067 0.680237 0.912277 0.681216 0.899550 0.687090 0.895634 0.691005 0.887802 0.692964 0.878991 0.692964 0.877034 0.691005 0.853538 0.691005 0.849622 0.687090 0.848643 0.665552 0.846685 0.662615 0.845706 0.648909 0.840811 0.637161 0.841790 0.631287 0.844727 0.629329 0.863328 0.629329 0.875075 0.642056 0.878012 0.642056 0.894655 0.653804 0.900529 0.652825 0.906403 0.644993 0.906403 0.641077 0.910319 0.634224 0.925004 0.634224 0.936752 0.642056 0.945563 0.654783 0.944584 0.658699 0.939689 0.660657 0.934794 0.668489
0 0.121094 0.343750 0.136719 0.343750 0.140625 0.343750 0.160156 0.359375 0.164062 0.363281 0.179688 0.402344 0.183594 0.406250 0.187500 0.441406 0.187500 0.445312 0.246094 0.570312 0.246094 0.574219 0.214844 0.550781 0.210938 0.546875 0.175781 0.546875 0.171875 0.546875 0.160156 0.539062 0.160189 0.527840 0.147908 0.495531 0.150159 0.482058 0.134567 0.459282 0.121094 0.453125 0.121094 0.441406 0.117188 0.437500 0.113281 0.359375 0.113281 0.355469 0.121094 0.343750
0 0.300781 0.433594 0.312500 0.433594 0.316406 0.433594 0.316406 0.445312 0.316406 0.449219 0.308594 0.460938 0.304688 0.464844 0.285156 0.476562 0.281250 0.476562 0.277344 0.464844 0.277344 0.460938 0.300781 0.433594
