0 0.800781 0.027344 0.824219 0.027344 0.824219 0.031250 0.812500 0.042969 0.808594 0.042969 0.804688 0.039062 0.800781 0.039062 0.800781 0.027344
0 0.464844 0.054688 0.476562 0.054688 0.480469 0.054688 0.480469 0.058594 0.484375 0.062500 0.484375 0.066406 0.484375 0.070312 0.480469 0.074219 0.472656 0.074219 0.468750 0.074219 0.464844 0.070312 0.464844 0.054688
0 0.488281 0.085938 0.492188 0.085938 0.496094 0.085938 0.500000 0.089844 0.503906 0.089844 0.507812 0.089844 0.511719 0.093750 0.515625 0.093750 0.515625 0.097656 0.515625 0.101562 0.511719 0.105469 0.492188 0.105469 0.488281 0.105469 0.488281 0.085938
0 0.507812 0.125000 0.511719 0.125000 0.515625 0.125000 0.515625 0.132812 0.515625 0.136719 0.507812 0.144531 0.503906 0.148438 0.503906 0.152344 0.503382 0.160008 0.500000 0.160156 0.496094 0.156250 0.496094 0.136719 0.496094 0.132812 0.500000 0.132812 0.507812 0.125000
0 0.144531 0.195312 0.156250 0.195312 0.160156 0.195312 0.164062 0.199219 0.164062 0.207031 0.164062 0.210938 0.160156 0.214844 0.156250 0.214844 0.152344 0.214844 0.148438 0.210938 0.144531 0.210938 0.144531 0.195312
0 0.796875 0.199219 0.800781 0.199219 0.804688 0.199219 0.808594 0.203125 0.812500 0.207031 0.808594 0.210938 0.808594 0.218750 0.804688 0.222656 0.800781 0.222656 0.796875 0.218750 0.792969 0.218750 0.792969 0.207031 0.792969 0.203125 0.796875 0.199219
0 0.324219 0.265625 0.328125 0.269531 0.332031 0.269531 0.335938 0.269531 0.335938 0.273438 0.332031 0.277344 0.332031 0.308594 0.332031 0.312500 0.335938 0.316406 0.339844 0.316406 0.339844 0.324219 0.335938 0.328125 0.332031 0.328125 0.328125 0.324219 0.324219 0.324219 0.320312 0.324219 0.320312 0.320312 0.320312 0.316406 0.316406 0.312500 0.312500 0.308594 0.312500 0.304688 0.308594 0.300781 0.292969 0.300781 0.289062 0.300781 0.289062 0.296875 0.285156 0.292969 0.281250 0.292969 0.277344 0.289062 0.277344 0.285156 0.277344 0.281250 0.289062 0.281250 0.292969 0.281250 0.296875 0.277344 0.300781 0.277344 0.304688 0.277344 0.308594 0.273438 0.312500 0.269531 0.316406 0.269531 0.320312 0.269531 0.324219 0.265625
0 0.562500 0.406250 0.566406 0.406250 0.570312 0.406250 0.570312 0.414062 0.570312 0.417969 0.578125 0.425781 0.582031 0.429688 0.582031 0.433594 0.578125 0.437500 0.574219 0.437500 0.570312 0.433594 0.562500 0.433594 0.558594 0.429688 0.558594 0.414062 0.558594 0.410156 0.562500 0.406250
0 0.660156 0.421875 0.671875 0.421875 0.675781 0.421875 0.675781 0.429688 0.675781 0.433594 0.671875 0.437500 0.667969 0.441406 0.667969 0.453125 0.667969 0.457031 0.664062 0.460938 0.660156 0.464844 0.640625 0.464844 0.636719 0.464844 0.636719 0.449219 0.632812 0.445312 0.636719 0.441406 0.640625 0.437500 0.640625 0.433594 0.640625 0.429688 0.652344 0.429688 0.656250 0.429688 0.660156 0.425781 0.660156 0.421875
0 0.570312 0.460938 0.578125 0.460938 0.582031 0.464844 0.582031 0.468750 0.578125 0.472656 0.578125 0.476562 0.574219 0.480469 0.570312 0.480469 0.566406 0.484375 0.566406 0.476562 0.566406 0.472656 0.570312 0.468750 0.570312 0.460938
0 0.546875 0.570312 0.554688 0.570312 0.558594 0.570312 0.558594 0.574219 0.562500 0.578125 0.566406 0.578125 0.566406 0.582031 0.562500 0.585938 0.558594 0.589844 0.550781 0.589844 0.546875 0.589844 0.546875 0.570312
0 0.742188 0.593750 0.746094 0.597656 0.757812 0.597656 0.761719 0.597656 0.761719 0.601562 0.765625 0.605469 0.765625 0.609375 0.761719 0.613281 0.761719 0.617188 0.761719 0.621094 0.757812 0.625000 0.753906 0.628906 0.750000 0.628906 0.746094 0.632812 0.742188 0.632812 0.738281 0.632812 0.738281 0.617188 0.738281 0.613281 0.734375 0.609375 0.730469 0.605469 0.714844 0.605469 0.710938 0.609375 0.710938 0.601562 0.710938 0.597656 0.734375 0.597656 0.738281 0.597656 0.742188 0.593750
0 0.828125 0.601562 0.832031 0.601562 0.835938 0.601562 0.835938 0.605469 0.839844 0.609375 0.839844 0.628906 0.839844 0.632812 0.835938 0.636719 0.832031 0.640625 0.828125 0.636719 0.828125 0.632812 0.824219 0.628906 0.824219 0.625000 0.820312 0.621094 0.820312 0.609375 0.820312 0.605469 0.824219 0.605469 0.828125 0.601562
0 0.890625 0.605469 0.898438 0.605469 0.902344 0.605469 0.902344 0.609375 0.902344 0.613281 0.906250 0.617188 0.914062 0.617188 0.917969 0.617188 0.917969 0.621094 0.921875 0.625000 0.921875 0.628906 0.917969 0.632812 0.914062 0.632812 0.910156 0.636719 0.910156 0.656250 0.910156 0.660156 0.906250 0.664062 0.906250 0.667969 0.902344 0.671875 0.898438 0.675781 0.890625 0.667969 0.886719 0.664062 0.875000 0.664062 0.871094 0.664062 0.871094 0.660156 0.867188 0.656250 0.867188 0.652344 0.863281 0.648438 0.859375 0.648438 0.859375 0.644531 0.859375 0.640625 0.863281 0.636719 0.871094 0.636719 0.875000 0.632812 0.875000 0.625000 0.875000 0.621094 0.890625 0.605469
0 0.984375 0.613281 0.992188 0.613281 0.996094 0.609375 0.996094 0.636719 0.996094 0.640625 0.992188 0.644531 0.980469 0.644531 0.976562 0.644531 0.972656 0.640625 0.972656 0.632812 0.968750 0.628906 0.984375 0.613281
0 0.070312 0.710938 0.078125 0.710938 0.082031 0.710938 0.082031 0.714844 0.085938 0.718750 0.085938 0.722656 0.089844 0.726562 0.085938 0.726562 0.082031 0.730469 0.082031 0.734375 0.074219 0.726562 0.070312 0.722656 0.070312 0.710938
0 0.000000 0.750000 0.000000 0.750000 0.003906 0.750000 0.011719 0.757812 0.015625 0.761719 0.011719 0.761719 0.007812 0.765625 0.003906 0.765625 0.000000 0.765625 0.000000 0.765625
0 0.746094 0.757812 0.750000 0.757812 0.753906 0.757812 0.757812 0.761719 0.757812 0.765625 0.761719 0.769531 0.761719 0.773438 0.761719 0.777344 0.757812 0.781250 0.753906 0.781250 0.750000 0.785156 0.738281 0.785156 0.734375 0.785156 0.734375 0.773438 0.734375 0.769531 0.738281 0.765625 0.738281 0.761719 0.742188 0.761719 0.746094 0.757812
0 0.023438 0.804688 0.039062 0.804688 0.042969 0.804688 0.046875 0.808594 0.050781 0.812500 0.054688 0.812500 0.058594 0.816406 0.058594 0.824219 0.058594 0.828125 0.054688 0.832031 0.050781 0.832031 0.046875 0.835938 0.035156 0.835938 0.031250 0.839844 0.015625 0.839844 0.011719 0.839844 0.011719 0.832031 0.011719 0.828125 0.015625 0.828125 0.019531 0.824219 0.019531 0.816406 0.019531 0.812500 0.023438 0.808594 0.023438 0.804688
0 0.125000 0.855469 0.132812 0.855469 0.136719 0.855469 0.136719 0.859375 0.136719 0.863281 0.132812 0.867188 0.128906 0.871094 0.128906 0.875000 0.128906 0.878906 0.125000 0.882812 0.101562 0.882812 0.097656 0.882812 0.097656 0.878906 0.093750 0.875000 0.097656 0.871094 0.101562 0.867188 0.109375 0.867188 0.113281 0.867188 0.125000 0.855469
0 0.914062 0.890625 0.917969 0.894531 0.921875 0.894531 0.925781 0.898438 0.925781 0.902344 0.921875 0.906250 0.921875 0.910156 0.919893 0.921855 0.914062 0.921875 0.910156 0.917969 0.910156 0.902344 0.910156 0.898438 0.914062 0.894531 0.914062 0.890625
0 0.765625 0.937500 0.769531 0.941406 0.773438 0.945312 0.773438 0.949219 0.777344 0.953125 0.785156 0.953125 0.789062 0.957031 0.781250 0.964844 0.777344 0.968750 0.773438 0.968750 0.769531 0.972656 0.765625 0.968750 0.757812 0.968750 0.753906 0.964844 0.753906 0.953125 0.753906 0.949219 0.765625 0.937500
0 0.593750 0.960938 0.601562 0.960938 0.605469 0.960938 0.613281 0.968750 0.617188 0.972656 0.628906 0.972656 0.632812 0.968750 0.636719 0.972656 0.636719 0.992188 0.636719 0.996094 0.632812 1.000000 0.628906 1.000000 0.625000 1.000000 0.621094 0.996094 0.617188 0.996094 0.617188 0.992188 0.613281 0.988281 0.605469 0.988281 0.601562 0.988281 0.601562 0.984375 0.597656 0.980469 0.593750 0.980469 0.593750 0.976562 0.589844 0.972656 0.589844 0.968750 0.589844 0.964844 0.593750 0.960938
0 0.884012 0.111814 0.881382 0.113318 0.877248 0.114445 0.867852 0.115197 0.863718 0.113693 0.862215 0.112190 0.862591 0.109935 0.865597 0.106553 0.866349 0.104298 0.870107 0.102795 0.871234 0.100916 0.873114 0.100164 0.882885 0.100540 0.884764 0.101291 0.884764 0.108056
0 0.716112 0.529097 0.712165 0.530084 0.707724 0.529591 0.705257 0.528111 0.700816 0.523670 0.699830 0.521696 0.700323 0.515775 0.702297 0.514789 0.704889 0.511241 0.706738 0.509854 0.712658 0.509854 0.718086 0.510348 0.724500 0.511828 0.725980 0.513308 0.725487 0.516269 0.723020 0.522683 0.720059 0.526137
0 0.080393 0.261261 0.075039 0.259254 0.074370 0.257246 0.074370 0.250555 0.073701 0.247878 0.069686 0.246540 0.069686 0.234495 0.071025 0.230480 0.074370 0.225796 0.078385 0.224458 0.083738 0.224458 0.085746 0.225127 0.085746 0.235164 0.087084 0.237841 0.087753 0.241856 0.087753 0.255239 0.086415 0.259254 0.086415 0.261261
0 0.744730 0.531564 0.741276 0.529097 0.738809 0.523177 0.738316 0.519229 0.738316 0.510841 0.738809 0.508868 0.743743 0.506400 0.751638 0.505907 0.756079 0.507387 0.758052 0.511828 0.758052 0.521696 0.757065 0.524163 0.754105 0.527124 0.751638 0.528111 0.750158 0.529591
0 0.652955 0.504427 0.649502 0.506894 0.647528 0.507387 0.637660 0.507387 0.635686 0.506894 0.633219 0.502453 0.633219 0.494065 0.630259 0.491105 0.629272 0.489131 0.629272 0.487157 0.631739 0.483704 0.634206 0.481730 0.639140 0.481237 0.641114 0.481730 0.646048 0.484690 0.656409 0.488144 0.656903 0.490611 0.654929 0.494559 0.654436 0.498999
0 0.709898 0.453841 0.741148 0.461654 0.745054 0.465560 0.748960 0.500716 0.748960 0.504623 0.745054 0.508529 0.741148 0.512435 0.729822 0.505986 0.715167 0.507743 0.674741 0.508529 0.670835 0.508529 0.666929 0.496810 0.666929 0.492904 0.709898 0.453841
0 0.514891 0.757752 0.502304 0.759850 0.498108 0.757053 0.492514 0.750760 0.487619 0.750060 0.486220 0.747962 0.486220 0.745165 0.484822 0.743767 0.484822 0.729082 0.485521 0.726984 0.489717 0.725586 0.491814 0.725586 0.493913 0.724187 0.494612 0.722089 0.494612 0.711600 0.492514 0.710202 0.492514 0.708104 0.493213 0.706006 0.498807 0.699013 0.500905 0.694817 0.501604 0.690621 0.503702 0.686426 0.508597 0.682230 0.513492 0.679433 0.516289 0.675937 0.518387 0.675238 0.519786 0.673839 0.523981 0.673839 0.526779 0.674538 0.528877 0.676636 0.530275 0.680832 0.528177 0.681531 0.525380 0.684328 0.523282 0.688524 0.521184 0.689922 0.521184 0.694817 0.522583 0.696216 0.523282 0.700411 0.521884 0.701810 0.521184 0.703908 0.518387 0.706705 0.518387 0.713698 0.520485 0.718593 0.518387 0.724886 0.515590 0.729082 0.515590 0.735375 0.517688 0.738173 0.517688 0.742368 0.519086 0.743767 0.519086 0.750060 0.517688 0.752857
0 0.487619 0.694817 0.482025 0.692720 0.480626 0.690621 0.473633 0.687825 0.471536 0.687825 0.470137 0.686426 0.470137 0.682230 0.469437 0.680132 0.469437 0.669643 0.470836 0.665448 0.476430 0.659154 0.479228 0.658455 0.483423 0.653560 0.484123 0.651462 0.485521 0.650063 0.487619 0.649364 0.496010 0.649364 0.498108 0.648665 0.502304 0.648665 0.502304 0.661951 0.498108 0.662650 0.506500 0.665448 0.506500 0.668245 0.504402 0.672440 0.504402 0.674538 0.502304 0.675937 0.500206 0.688524 0.497409 0.691321 0.494612 0.691321 0.492514 0.692020
0 0.761188 0.525125 0.785156 0.539062 0.789062 0.539062 0.789062 0.550781 0.789062 0.554688 0.773438 0.574219 0.769531 0.578125 0.742188 0.574219 0.738281 0.570312 0.734375 0.554688 0.742766 0.552180 0.755594 0.530720
0 0.881757 0.051683 0.877999 0.051683 0.872738 0.048677 0.871234 0.047173 0.869731 0.042287 0.866725 0.038905 0.868604 0.037778 0.864094 0.038154 0.857329 0.035523 0.856953 0.033268 0.857705 0.031389 0.857705 0.029134 0.858457 0.027255 0.862215 0.024624 0.863718 0.022745 0.867852 0.020114 0.870483 0.016356 0.873810 0.014209 0.874617 0.013725 0.882133 0.013725 0.883261 0.011470 0.885140 0.010343 0.892656 0.006960 0.895287 0.006584 0.895663 0.011094 0.896414 0.012973 0.895287 0.017107 0.903179 0.026503 0.907313 0.028758 0.919339 0.030637 0.915581 0.033643 0.915957 0.041160 0.914830 0.043415 0.912575 0.044166 0.905058 0.049804 0.900924 0.052059 0.898670 0.052811 0.886267 0.053186
0 0.978343 0.075736 0.972330 0.075736 0.968948 0.072353 0.969324 0.070098 0.967445 0.068595 0.953915 0.068595 0.952412 0.066716 0.952412 0.064085 0.950533 0.057320 0.950533 0.055065 0.951284 0.052811 0.952788 0.051307 0.960680 0.046421 0.961432 0.041912 0.968196 0.041912 0.970075 0.043039 0.972706 0.049052 0.974961 0.049428 0.975337 0.044918 0.974209 0.040784 0.974209 0.038529 0.978343 0.032516 0.983981 0.029509 0.990746 0.029885 0.996007 0.034020 0.996759 0.035898 0.996759 0.046046 0.996383 0.053186 0.992625 0.063709 0.986987 0.073105 0.985108 0.074608 0.982478 0.075360
0 0.000000 0.273597 0.005342 0.270035 0.009476 0.266277 0.012107 0.262519 0.019248 0.255378 0.019248 0.250868 0.022254 0.243728 0.025261 0.240345 0.031650 0.235460 0.032401 0.233580 0.036159 0.229071 0.038414 0.223057 0.042548 0.216293 0.041421 0.214414 0.039542 0.213662 0.034656 0.208400 0.018496 0.202763 0.012483 0.202763 0.010604 0.205018 0.009852 0.207273 0.007221 0.210655 0.006094 0.213286 0.004215 0.214789 0.004215 0.219675 0.003463 0.221554 0.000000 0.223401
0 0.030522 0.272290 0.029019 0.269284 0.025636 0.256505 0.024133 0.254627 0.018120 0.250493 0.019248 0.247486 0.021502 0.246359 0.023757 0.242224 0.024509 0.240345 0.024509 0.237714 0.027516 0.232077 0.031650 0.229071 0.033529 0.224937 0.035032 0.223433 0.041045 0.218923 0.042548 0.214789 0.044052 0.213286 0.059085 0.212910 0.061339 0.213286 0.062467 0.215165 0.063219 0.222306 0.063219 0.236211 0.060212 0.242224 0.056454 0.244855 0.056078 0.247110 0.056078 0.249365 0.057205 0.253499 0.057205 0.260639 0.058333 0.262895 0.059461 0.269284 0.059461 0.274545 0.056830 0.278303 0.054950 0.279431 0.052696 0.279807 0.048186 0.279055 0.046307 0.277927 0.041797 0.276800 0.040293 0.272290 0.035408 0.271538
0 0.929862 0.063334 0.920843 0.065964 0.918588 0.065964 0.916333 0.065588 0.914454 0.061830 0.914830 0.057320 0.920091 0.049804 0.924601 0.046421 0.928735 0.045294 0.938507 0.046421 0.940010 0.049052 0.939634 0.057320 0.935500 0.062582 0.933621 0.063334
0 0.894536 0.091144 0.892280 0.093399 0.882509 0.095654 0.878375 0.094151 0.874617 0.091896 0.873114 0.090017 0.873114 0.078366 0.873865 0.076487 0.875368 0.074984 0.879502 0.073856 0.883261 0.071602 0.884012 0.069722 0.885891 0.068971 0.890777 0.068595 0.906937 0.068971 0.909568 0.075360 0.905810 0.077239 0.903555 0.079494 0.903179 0.081749 0.900548 0.087386 0.898670 0.089265
