0 0.571861 0.619543 0.579692 0.620959 0.582260 0.624156 0.584194 0.626927 0.583121 0.627955 0.580270 0.629729 0.577781 0.633506 0.575689 0.636889 0.573641 0.640589 0.571587 0.644014 0.570124 0.647936 0.569362 0.652177 0.569993 0.656187 0.569080 0.658210 0.565365 0.658540 0.561080 0.658540 0.556799 0.659016 0.552432 0.659007 0.549202 0.657058 0.548222 0.653017 0.547120 0.649111 0.546875 0.644936 0.550304 0.643858 0.553732 0.641972 0.555446 0.638605 0.555814 0.634429 0.556059 0.630253 0.558240 0.627011 0.561830 0.625851 0.565320 0.623930 0.568371 0.621108 0.571861 0.619543
0 0.926754 0.765930 0.930761 0.769028 0.931068 0.771507 0.931059 0.774148 0.929075 0.775764 0.926651 0.776866 0.924309 0.778016 0.921896 0.779112 0.919475 0.780433 0.917163 0.781607 0.914734 0.783006 0.912300 0.784039 0.909886 0.785136 0.907475 0.786344 0.905050 0.787373 0.902515 0.788254 0.900972 0.787446 0.900862 0.784728 0.900862 0.782009 0.900972 0.779291 0.901303 0.776719 0.902846 0.774736 0.904940 0.773119 0.906923 0.771429 0.909017 0.769813 0.911111 0.768123 0.913426 0.766874 0.915961 0.766360 0.918716 0.766213 0.921471 0.766066 0.924116 0.765992 0.926754 0.765930
0 0.228644 0.153887 0.231559 0.154879 0.234498 0.156095 0.236873 0.158075 0.238073 0.160499 0.239102 0.163034 0.240645 0.165459 0.241845 0.167883 0.239616 0.169205 0.238930 0.171961 0.238416 0.174826 0.237388 0.177581 0.234645 0.178573 0.231730 0.179345 0.222301 0.179014 0.219215 0.178794 0.215958 0.178683 0.212920 0.179171 0.210107 0.179805 0.207614 0.181523 0.203272 0.185186 0.202072 0.187280 0.198986 0.187500 0.189386 0.187500 0.187500 0.186288 0.187671 0.183202 0.189557 0.181108 0.191786 0.179124 0.194186 0.177361 0.199672 0.174385 0.202243 0.172622 0.207215 0.168985 0.211329 0.164907 0.213729 0.163144 0.215272 0.160830 0.217158 0.158626 0.219387 0.156752 0.221444 0.154768 0.222814 0.152514
0 0.023455 0.326446 0.029362 0.326600 0.032307 0.326600 0.035252 0.326794 0.038195 0.327085 0.040892 0.327236 0.042907 0.328921 0.042136 0.331370 0.041034 0.333917 0.039821 0.336366 0.038499 0.338815 0.037177 0.341264 0.035524 0.343615 0.034091 0.345868 0.032658 0.348318 0.031146 0.350750 0.029352 0.352922 0.027148 0.352922 0.024944 0.350963 0.022409 0.349885 0.019874 0.348513 0.017450 0.347044 0.015135 0.345183 0.014033 0.342636 0.014033 0.339599 0.014364 0.336758 0.014584 0.333819 0.015686 0.331272 0.016748 0.328735 0.017919 0.326877 0.020466 0.326697 0.023455 0.326446
0 0.058575 0.718813 0.065157 0.718538 0.068464 0.718538 0.071770 0.718538 0.075076 0.718750 0.078382 0.718750 0.081688 0.718750 0.084995 0.718750 0.083672 0.721101 0.082790 0.724040 0.081798 0.726979 0.080807 0.729820 0.079484 0.732563 0.078272 0.735208 0.077060 0.738048 0.075762 0.740711 0.074550 0.743552 0.073487 0.746232 0.071298 0.747341 0.068282 0.746755 0.065225 0.746175 0.062818 0.744711 0.061866 0.741972 0.060116 0.739391 0.057994 0.737069 0.057002 0.734228 0.057112 0.731093 0.060198 0.730309 0.060859 0.727566 0.059977 0.724628 0.059316 0.721591 0.058575 0.718813
0 0.296814 0.043595 0.303906 0.028320 0.318359 0.021289 0.321484 0.024414 0.320929 0.036904 0.320312 0.050781 0.304297 0.057227
0 0.312500 0.277930 0.307422 0.283008 0.290584 0.291906 0.280469 0.277930 0.271875 0.271289 0.277734 0.262695 0.298047 0.262695 0.302344 0.267773
0 0.074609 0.262305 0.071592 0.256270 0.068359 0.249805 0.059289 0.240935 0.058203 0.235352 0.058203 0.227930 0.069531 0.226367 0.069531 0.229102 0.076563 0.225977 0.084248 0.226804 0.088754 0.228231 0.097656 0.232227 0.095098 0.238043 0.089453 0.240039 0.089834 0.253559 0.090264 0.256325 0.087336 0.261069
0 0.227734 0.235352 0.224092 0.238750 0.223775 0.238850 0.215234 0.238867 0.212109 0.270508 0.186050 0.257390 0.164062 0.234570 0.173047 0.226758 0.188672 0.228320 0.190625 0.220117 0.207112 0.219316 0.218750 0.218750 0.218750 0.224023 0.223162 0.222696 0.228125 0.223633
0 0.801563 0.557227 0.782812 0.554102 0.774810 0.554043 0.767187 0.547852 0.766656 0.535622 0.765625 0.511914 0.770858 0.504625 0.785156 0.500000 0.795313 0.501367 0.801563 0.506836 0.803906 0.514258 0.816406 0.515625 0.816406 0.532227 0.817188 0.540820 0.815424 0.545190 0.815388 0.545366 0.815512 0.545519 0.818359 0.549023 0.816177 0.550168 0.811167 0.554955
0 0.968750 0.988281 0.972266 0.998242 0.970252 1.000000 0.908210 1.000000 0.905859 0.995117 0.908203 0.985742 0.916984 0.977226 0.929688 0.968750
0 0.480469 0.502539 0.453906 0.502930 0.452344 0.512305 0.446241 0.515998 0.430469 0.519727 0.417969 0.510742 0.414062 0.496289 0.409753 0.487771 0.412109 0.479102 0.412891 0.470898 0.417578 0.459570 0.424609 0.454492 0.422656 0.441211 0.427734 0.427539 0.450391 0.428711 0.454687 0.431055 0.456641 0.442383 0.464453 0.445898 0.464453 0.456445 0.481234 0.474398 0.487500 0.485742 0.481834 0.492144
0 0.149377 0.755232 0.145384 0.757382 0.143234 0.757382 0.141392 0.756154 0.137399 0.750932 0.135250 0.740184 0.135250 0.735884 0.136785 0.734041 0.139549 0.733427 0.153984 0.733120 0.154905 0.743255 0.153062 0.752775
0 0.094096 0.811434 0.086111 0.810513 0.084883 0.808056 0.083347 0.793314 0.084268 0.790857 0.086111 0.789629 0.095325 0.789322 0.097475 0.789629 0.099317 0.790857 0.100238 0.792700 0.100853 0.797921 0.100853 0.806827 0.099624 0.808977 0.097475 0.810513
0 0.195367 0.137173 0.182977 0.139828 0.166162 0.134518 0.152003 0.127438 0.149348 0.124783 0.149348 0.119473 0.155543 0.113278 0.158198 0.105313 0.167048 0.105313 0.176782 0.112393 0.189172 0.115933 0.197137 0.115933 0.199792 0.119473 0.198907 0.130093
0 0.322923 0.318625 0.320151 0.322136 0.319266 0.323906 0.313071 0.323906 0.305774 0.313157 0.298026 0.309746 0.298026 0.307091 0.303336 0.307091 0.311301 0.300896 0.316089 0.308990 0.326346 0.312401
0 0.565605 0.689970 0.554855 0.693553 0.551271 0.691761 0.543209 0.686386 0.542312 0.676531 0.545896 0.673843 0.564710 0.673843 0.568293 0.675635 0.569189 0.681011
0 0.501998 0.838686 0.487664 0.846749 0.476017 0.848541 0.470642 0.846749 0.466162 0.835998 0.467954 0.830623 0.472434 0.827039 0.474225 0.822560 0.477809 0.820768 0.485872 0.821664 0.491247 0.826144 0.494831 0.832415
0 0.706579 0.747328 0.702547 0.748336 0.691457 0.748336 0.688936 0.746320 0.685912 0.741279 0.685408 0.738758 0.683896 0.737246 0.683391 0.735230 0.684904 0.733717 0.701539 0.733213 0.705067 0.735734 0.706075 0.738758 0.708092 0.740270 0.708092 0.742287
0 0.131207 0.327295 0.117430 0.330867 0.112837 0.330867 0.108755 0.329336 0.107224 0.327805 0.104672 0.320661 0.104672 0.316069 0.105183 0.314027 0.108755 0.310455 0.112837 0.309945 0.117940 0.311476 0.122022 0.311476 0.124063 0.312496 0.130187 0.318620 0.132228 0.323213
0 0.407109 0.158319 0.403113 0.158319 0.401115 0.159817 0.396620 0.160816 0.392623 0.160816 0.385631 0.154822 0.383633 0.148829 0.383633 0.144833 0.386130 0.144333 0.401614 0.144333 0.405610 0.145832 0.406110 0.153823
0 0.703304 0.492474 0.697309 0.495471 0.695312 0.495471 0.692814 0.491975 0.690317 0.484982 0.686820 0.480986 0.685322 0.476990 0.685821 0.472995 0.687819 0.472495 0.698309 0.472495 0.702304 0.475492 0.703803 0.477490 0.708298 0.479987 0.710296 0.480487 0.722783 0.480487 0.724282 0.482984 0.724282 0.486480 0.725281 0.488978 0.724781 0.491475 0.708798 0.493973
0 0.838664 0.232742 0.831671 0.232742 0.827675 0.229745 0.827176 0.227248 0.827176 0.219256 0.828175 0.212762 0.831671 0.209266 0.834168 0.208267 0.840162 0.208767 0.841661 0.210265 0.844158 0.216259 0.846156 0.217757 0.846156 0.227248 0.845657 0.229745 0.844158 0.232243
0 0.603906 0.158818 0.594915 0.158818 0.590420 0.157320 0.588422 0.157320 0.584426 0.155322 0.583427 0.150827 0.583427 0.139838 0.586424 0.135842 0.599910 0.135842 0.601408 0.137340 0.602407 0.139338 0.602407 0.154822
0 0.463550 0.093885 0.452062 0.093885 0.450564 0.089390 0.450564 0.079900 0.454060 0.076403 0.469544 0.076403 0.471043 0.084395 0.469544 0.085893 0.467546 0.086393 0.467546 0.088890
