0 0.128906 0.011719 0.136719 0.011719 0.140625 0.011719 0.144531 0.015625 0.148438 0.015625 0.152344 0.015625 0.152344 0.019531 0.148438 0.023438 0.148438 0.027344 0.144531 0.031250 0.136719 0.031250 0.132812 0.031250 0.128906 0.027344 0.128906 0.011719
0 0.914062 0.062500 0.921875 0.062500 0.925781 0.062500 0.929688 0.066406 0.933594 0.066406 0.933594 0.070312 0.929688 0.074219 0.921875 0.074219 0.917969 0.074219 0.914062 0.070312 0.914062 0.062500
0 0.507812 0.082031 0.511719 0.082031 0.515625 0.082031 0.519531 0.085938 0.523438 0.089844 0.523438 0.093750 0.523438 0.097656 0.519531 0.101562 0.515625 0.105469 0.511719 0.101562 0.507812 0.101562 0.507812 0.082031
0 0.984375 0.117188 1.000000 0.117188 1.000000 0.125000 0.992188 0.132812 0.988281 0.136719 0.984375 0.136719 0.980469 0.132812 0.964844 0.132812 0.960938 0.128906 0.960938 0.125000 0.960938 0.121094 0.976562 0.121094 0.980469 0.121094 0.984375 0.117188
0 0.929688 0.183594 0.945312 0.183594 0.949219 0.187500 0.949219 0.203125 0.949219 0.207031 0.953125 0.210938 0.957031 0.210938 0.957031 0.218750 0.957031 0.222656 0.953125 0.226562 0.953125 0.234375 0.953125 0.238281 0.945312 0.246094 0.941406 0.250000 0.941406 0.261719 0.937500 0.265625 0.937500 0.265625 0.925781 0.265625 0.921875 0.265625 0.917969 0.269531 0.910156 0.269531 0.906250 0.269531 0.906250 0.257812 0.906250 0.253906 0.910156 0.250000 0.910156 0.242188 0.910156 0.238281 0.906250 0.234375 0.898438 0.234375 0.894531 0.234375 0.890625 0.230469 0.890625 0.226562 0.886719 0.222656 0.882812 0.222656 0.878906 0.218750 0.878906 0.210938 0.878906 0.207031 0.882812 0.203125 0.886719 0.199219 0.890625 0.199219 0.894531 0.195312 0.898438 0.195312 0.902344 0.191406 0.917969 0.191406 0.921875 0.191406 0.929688 0.183594
0 0.039062 0.199219 0.050781 0.199219 0.054688 0.199219 0.058594 0.203125 0.062500 0.203125 0.062500 0.234375 0.062500 0.238281 0.058594 0.242188 0.054688 0.246094 0.050781 0.246094 0.046875 0.242188 0.046875 0.230469 0.046875 0.226562 0.050781 0.222656 0.050781 0.214844 0.050781 0.210938 0.046875 0.207031 0.042969 0.207031 0.042969 0.203125 0.039062 0.199219
0 0.851562 0.226562 0.859375 0.226562 0.863281 0.226562 0.863281 0.230469 0.863281 0.234375 0.867188 0.238281 0.871094 0.242188 0.871094 0.265625 0.871094 0.269531 0.867188 0.273438 0.867188 0.277344 0.867188 0.281250 0.859375 0.289062 0.855469 0.292969 0.851562 0.292969 0.847656 0.296875 0.843750 0.292969 0.839844 0.292969 0.839844 0.285156 0.843750 0.281250 0.843750 0.257812 0.843750 0.253906 0.839844 0.250000 0.839844 0.246094 0.835938 0.242188 0.832031 0.242188 0.832031 0.238281 0.832031 0.234375 0.835938 0.234375 0.839844 0.230469 0.843750 0.230469 0.847656 0.230469 0.851562 0.226562
0 0.308594 0.265625 0.312500 0.265625 0.316406 0.265625 0.320312 0.269531 0.328125 0.269531 0.332031 0.269531 0.332031 0.277344 0.335938 0.281250 0.332031 0.285156 0.328125 0.289062 0.320312 0.289062 0.316406 0.289062 0.316406 0.281250 0.312500 0.277344 0.300781 0.277344 0.296875 0.273438 0.300781 0.269531 0.304688 0.269531 0.308594 0.265625
0 0.828125 0.324219 0.835938 0.324219 0.839844 0.324219 0.843750 0.328125 0.847656 0.328125 0.851562 0.332031 0.851562 0.335938 0.847656 0.339844 0.847656 0.343750 0.843750 0.347656 0.843750 0.351562 0.839844 0.355469 0.839844 0.359375 0.835938 0.363281 0.828125 0.363281 0.824219 0.363281 0.820312 0.359375 0.816406 0.355469 0.812500 0.355469 0.808594 0.355469 0.808594 0.347656 0.808594 0.343750 0.816406 0.335938 0.820312 0.335938 0.824219 0.332031 0.828125 0.328125 0.828125 0.324219
0 0.960938 0.343750 0.964844 0.343750 0.968750 0.343750 0.968750 0.355469 0.972656 0.359375 0.968750 0.359375 0.964844 0.363281 0.960938 0.363281 0.960938 0.343750
0 0.839844 0.375000 0.847656 0.375000 0.851562 0.378906 0.847656 0.382812 0.847656 0.386719 0.839844 0.394531 0.835938 0.398438 0.832031 0.394531 0.835938 0.390625 0.835938 0.386719 0.835938 0.382812 0.839844 0.378906 0.839844 0.375000
0 0.554688 0.414062 0.566406 0.414062 0.570312 0.417969 0.570312 0.421875 0.570312 0.425781 0.566406 0.429688 0.562500 0.433594 0.558594 0.429688 0.554688 0.429688 0.550781 0.429688 0.550781 0.425781 0.546875 0.421875 0.554688 0.414062
0 0.824219 0.417969 0.828125 0.417969 0.832031 0.417969 0.832031 0.425781 0.835938 0.429688 0.835938 0.433594 0.832031 0.437500 0.828125 0.441406 0.824219 0.441406 0.820312 0.437500 0.820312 0.425781 0.820312 0.421875 0.824219 0.417969
0 0.980469 0.425781 0.992188 0.425781 0.996094 0.425781 0.996094 0.433594 0.996094 0.437500 0.992188 0.441406 0.988281 0.445312 0.984375 0.441406 0.984375 0.433594 0.984375 0.429688 0.980469 0.425781
0 0.304688 0.468750 0.312500 0.468750 0.316406 0.472656 0.316406 0.476562 0.316406 0.480469 0.312500 0.484375 0.308594 0.488281 0.304688 0.484375 0.300781 0.484375 0.300781 0.476562 0.300781 0.472656 0.304688 0.468750
0 0.382812 0.496094 0.386719 0.500000 0.390625 0.500000 0.394531 0.500000 0.398438 0.503906 0.398438 0.507812 0.390625 0.515625 0.386719 0.519531 0.386719 0.523438 0.382812 0.527344 0.375000 0.527344 0.371094 0.531250 0.371094 0.503906 0.371094 0.500000 0.375000 0.500000 0.378906 0.500000 0.382812 0.496094
0 0.113281 0.500000 0.117188 0.500000 0.121094 0.500000 0.121094 0.519531 0.121094 0.523438 0.125000 0.527344 0.125000 0.535156 0.121094 0.539062 0.113281 0.539062 0.109375 0.539062 0.105469 0.535156 0.097656 0.535156 0.093750 0.531250 0.093750 0.523438 0.093750 0.519531 0.113281 0.500000
0 0.523438 0.523438 0.535156 0.523438 0.539062 0.523438 0.535156 0.527344 0.535156 0.535156 0.531250 0.539062 0.527344 0.539062 0.523438 0.535156 0.523438 0.523438
0 0.175781 0.527344 0.191406 0.527344 0.195312 0.527344 0.195312 0.535156 0.195312 0.539062 0.191406 0.542969 0.179688 0.542969 0.175781 0.542969 0.175781 0.527344
0 0.957031 0.527344 0.964844 0.527344 0.968750 0.531250 0.968750 0.535156 0.960938 0.542969 0.960938 0.546875 0.957031 0.542969 0.957031 0.527344
0 0.628906 0.531250 0.632812 0.535156 0.636719 0.535156 0.640625 0.539062 0.640625 0.542969 0.644531 0.546875 0.640625 0.546875 0.625000 0.562500 0.621094 0.562500 0.621094 0.554688 0.617188 0.550781 0.621094 0.546875 0.621094 0.542969 0.621094 0.539062 0.628906 0.531250
0 0.437500 0.535156 0.445312 0.535156 0.449219 0.535156 0.453125 0.539062 0.457031 0.539062 0.460938 0.542969 0.453125 0.550781 0.449219 0.554688 0.445312 0.554688 0.441406 0.554688 0.437500 0.550781 0.433594 0.546875 0.433594 0.542969 0.433594 0.539062 0.437500 0.535156
0 0.480469 0.546875 0.484375 0.546875 0.488281 0.546875 0.492188 0.550781 0.492188 0.558594 0.488281 0.562500 0.480469 0.562500 0.476562 0.562500 0.476562 0.558594 0.476562 0.554688 0.480469 0.550781 0.480469 0.546875
0 0.976562 0.566406 0.980469 0.566406 0.984375 0.566406 0.988281 0.570312 0.992188 0.570312 0.984375 0.578125 0.980469 0.582031 0.976562 0.578125 0.976562 0.566406
0 0.851562 0.593750 0.859375 0.593750 0.863281 0.593750 0.867188 0.597656 0.867188 0.609375 0.863281 0.613281 0.859375 0.613281 0.855469 0.613281 0.855469 0.609375 0.855469 0.605469 0.851562 0.601562 0.851562 0.593750
0 0.843750 0.625000 0.851562 0.625000 0.855469 0.625000 0.855469 0.628906 0.859375 0.632812 0.863281 0.632812 0.859375 0.636719 0.859375 0.640625 0.859375 0.644531 0.855469 0.648438 0.847656 0.648438 0.843750 0.652344 0.843750 0.679688 0.843750 0.683594 0.847656 0.687500 0.863281 0.687500 0.867188 0.687500 0.871094 0.691406 0.875000 0.691406 0.875000 0.707031 0.875000 0.710938 0.871094 0.714844 0.867188 0.718750 0.867188 0.730469 0.867188 0.734375 0.871094 0.738281 0.875000 0.742188 0.871094 0.746094 0.871094 0.750000 0.867188 0.753906 0.863281 0.753906 0.859375 0.757812 0.855469 0.757812 0.851562 0.757812 0.851562 0.753906 0.851562 0.750000 0.843750 0.742188 0.843750 0.738281 0.839844 0.734375 0.835938 0.734375 0.835938 0.730469 0.828125 0.722656 0.824219 0.718750 0.820312 0.718750 0.816406 0.718750 0.816406 0.714844 0.812500 0.710938 0.808594 0.710938 0.804688 0.710938 0.804688 0.707031 0.792969 0.695312 0.789062 0.691406 0.789062 0.679688 0.785156 0.675781 0.789062 0.675781 0.792969 0.671875 0.792969 0.667969 0.796875 0.664062 0.800781 0.660156 0.808594 0.660156 0.812500 0.656250 0.828125 0.656250 0.832031 0.656250 0.835938 0.652344 0.835938 0.640625 0.835938 0.636719 0.839844 0.632812 0.843750 0.628906 0.843750 0.625000
0 0.070312 0.648438 0.078125 0.648438 0.082031 0.648438 0.082031 0.656250 0.082031 0.660156 0.085938 0.664062 0.085938 0.671875 0.082031 0.675781 0.074219 0.675781 0.070312 0.675781 0.070312 0.648438
0 0.718750 0.652344 0.722656 0.652344 0.726562 0.652344 0.726562 0.656250 0.730469 0.660156 0.730469 0.664062 0.726562 0.667969 0.722656 0.671875 0.718750 0.671875 0.718750 0.667969 0.714844 0.664062 0.714844 0.660156 0.714844 0.656250 0.718750 0.652344
0 0.679688 0.667969 0.683594 0.667969 0.687500 0.667969 0.691406 0.671875 0.691406 0.679688 0.695312 0.683594 0.691406 0.683594 0.687500 0.687500 0.683594 0.687500 0.679688 0.691406 0.671875 0.691406 0.667969 0.691406 0.664062 0.687500 0.664062 0.683594 0.664062 0.679688 0.667969 0.675781 0.671875 0.671875 0.675781 0.671875 0.679688 0.667969
0 0.191406 0.695312 0.195312 0.699219 0.199219 0.699219 0.203125 0.703125 0.203125 0.707031 0.199219 0.710938 0.195312 0.714844 0.191406 0.714844 0.187500 0.710938 0.187500 0.703125 0.187500 0.699219 0.191406 0.695312
0 0.976562 0.703125 0.980469 0.707031 0.980469 0.710938 0.984375 0.714844 0.984375 0.718750 0.988281 0.722656 0.992188 0.726562 0.988281 0.730469 0.988281 0.734375 0.980469 0.742188 0.976562 0.746094 0.972656 0.746094 0.968750 0.746094 0.964844 0.750000 0.960938 0.750000 0.957031 0.746094 0.953125 0.742188 0.953125 0.738281 0.949219 0.734375 0.937500 0.734375 0.933594 0.734375 0.929688 0.738281 0.929688 0.742188 0.929688 0.738281 0.925781 0.734375 0.945312 0.734375 0.949219 0.734375 0.953125 0.730469 0.953125 0.726562 0.953125 0.722656 0.957031 0.718750 0.957031 0.714844 0.960938 0.710938 0.964844 0.710938 0.968750 0.707031 0.972656 0.707031 0.976562 0.703125
0 0.480469 0.707031 0.484375 0.707031 0.488281 0.707031 0.488281 0.734375 0.488281 0.738281 0.484375 0.742188 0.484375 0.750000 0.484375 0.753906 0.480469 0.757812 0.476562 0.761719 0.468750 0.761719 0.464844 0.761719 0.464844 0.718750 0.464844 0.714844 0.472656 0.714844 0.476562 0.714844 0.480469 0.710938 0.480469 0.707031
0 0.593750 0.738281 0.597656 0.742188 0.601562 0.742188 0.601562 0.750000 0.605469 0.753906 0.605572 0.761925 0.603448 0.765832 0.597656 0.761719 0.593750 0.757812 0.589741 0.756579 0.589844 0.750000 0.583058 0.745203 0.593750 0.738281
0 0.011719 0.757812 0.023438 0.757812 0.027344 0.761719 0.023438 0.765625 0.019531 0.769531 0.011719 0.769531 0.007812 0.769531 0.007812 0.765625 0.007812 0.761719 0.011719 0.757812
0 0.277344 0.757812 0.281250 0.757812 0.285156 0.757812 0.285156 0.761719 0.289062 0.765625 0.289062 0.769531 0.292969 0.773438 0.292969 0.777344 0.289062 0.781250 0.285156 0.781250 0.277344 0.773438 0.273438 0.773438 0.273438 0.765625 0.273438 0.761719 0.277344 0.757812
0 0.445312 0.777344 0.457031 0.777344 0.460938 0.781250 0.460938 0.785156 0.460938 0.789062 0.457031 0.792969 0.453125 0.796875 0.449219 0.796875 0.445312 0.792969 0.445312 0.777344
0 0.136719 0.792969 0.140625 0.792969 0.144531 0.792969 0.148438 0.796875 0.148438 0.800781 0.152344 0.804688 0.152344 0.812500 0.152344 0.816406 0.148438 0.820312 0.144531 0.824219 0.136719 0.824219 0.132812 0.824219 0.132812 0.816406 0.136719 0.812500 0.136719 0.792969
0 0.660156 0.816406 0.667969 0.816406 0.671875 0.816406 0.671875 0.824219 0.675781 0.828125 0.671875 0.828125 0.667969 0.832031 0.667969 0.835938 0.664062 0.839844 0.656250 0.839844 0.652344 0.843750 0.648438 0.839844 0.652344 0.835938 0.652344 0.832031 0.652344 0.828125 0.656250 0.824219 0.660156 0.820312 0.660156 0.816406
0 0.437500 0.859375 0.441406 0.863281 0.445312 0.863281 0.449219 0.863281 0.449219 0.867188 0.449219 0.871094 0.445312 0.875000 0.441406 0.878906 0.437500 0.875000 0.433594 0.871094 0.437500 0.867188 0.437500 0.859375
0 0.042969 0.894531 0.050781 0.894531 0.054688 0.894531 0.058594 0.898438 0.062500 0.902344 0.070312 0.902344 0.074219 0.902344 0.078125 0.906250 0.078125 0.910156 0.074219 0.914062 0.066406 0.914062 0.062500 0.910156 0.050781 0.910156 0.046875 0.910156 0.042969 0.906250 0.042969 0.894531
0 0.664062 0.910156 0.671875 0.910156 0.675781 0.914062 0.671875 0.917969 0.671875 0.921875 0.667969 0.925781 0.664062 0.925781 0.660156 0.921875 0.660156 0.917969 0.660156 0.914062 0.664062 0.910156
0 0.015625 0.917969 0.015625 0.921875 0.019531 0.925781 0.023438 0.925781 0.023438 0.929688 0.019531 0.933594 0.019531 0.937500 0.015625 0.941406 0.011719 0.941406 0.011719 0.937500 0.007812 0.933594 0.011719 0.929688 0.015625 0.925781 0.015625 0.917969
0 0.925781 0.933594 0.929688 0.933594 0.933594 0.933594 0.937500 0.937500 0.941406 0.941406 0.941406 0.945312 0.941406 0.949219 0.933594 0.957031 0.929688 0.960938 0.925781 0.960938 0.921875 0.957031 0.917969 0.957031 0.917969 0.953125 0.914062 0.949219 0.917969 0.945312 0.917969 0.941406 0.925781 0.933594
0 0.000000 1.000000 0.000000 0.972656 0.000000 0.972656 0.003906 0.976562 0.007812 0.976562 0.011719 0.976562 0.011719 1.000000 0.011719 1.000000
0 0.621094 0.976562 0.628906 0.976562 0.632812 0.976562 0.632812 0.988281 0.632812 0.992188 0.625000 1.000000 0.625000 1.000000 0.625000 1.000000 0.625000 0.996094 0.621094 0.992188 0.621094 0.976562
0 0.625000 0.976562 0.628906 0.976562 0.632812 0.976562 0.632812 0.988281 0.632812 0.992188 0.625000 1.000000 0.625000 1.000000 0.625000 1.000000 0.625000 0.996094 0.621094 0.992188 0.621094 0.980469 0.621094 0.976562 0.625000 0.976562
0 0.535156 0.988281 0.546875 0.988281 0.550781 0.988281 0.550781 0.992188 0.546875 0.996094 0.546875 1.000000 0.546875 1.000000 0.515625 1.000000 0.515625 0.996094 0.515625 0.992188 0.527344 0.992188 0.531250 0.992188 0.535156 0.988281
0 0.160851 0.335190 0.158976 0.337065 0.156437 0.337768 0.149243 0.337764 0.144983 0.339041 0.141165 0.339041 0.138626 0.338338 0.136751 0.336463 0.136320 0.334905 0.133529 0.335859 0.130990 0.335156 0.129115 0.333281 0.128412 0.330742 0.129751 0.326930 0.137353 0.319965 0.143074 0.319262 0.145613 0.319965 0.147488 0.321840 0.147935 0.323455 0.151346 0.323080 0.153886 0.323783 0.155761 0.325658 0.156105 0.326902 0.158976 0.327601 0.160851 0.329476 0.161554 0.332651
0 0.692861 0.802087 0.691936 0.807632 0.683825 0.811135 0.676639 0.805784 0.672239 0.798624 0.674817 0.794210 0.681977 0.791659 0.690986 0.795134 0.693564 0.799548
0 0.445312 0.261719 0.472656 0.261719 0.476562 0.261719 0.519531 0.281250 0.523438 0.281250 0.523438 0.312500 0.523438 0.316406 0.507812 0.328125 0.503906 0.332031 0.484375 0.363281 0.480469 0.367188 0.453125 0.375000 0.449219 0.375000 0.429688 0.402344 0.425781 0.406250 0.398438 0.410156 0.394531 0.410156 0.359375 0.441406 0.355469 0.445312 0.335938 0.449219 0.332031 0.449219 0.320312 0.425781 0.320312 0.421875 0.328125 0.406250 0.332031 0.402344 0.339844 0.371094 0.339844 0.367188 0.359375 0.351562 0.363281 0.347656 0.402344 0.292969 0.402344 0.289062 0.414062 0.277344 0.417969 0.273438 0.445312 0.261719
0 0.640625 0.148438 0.644531 0.152344 0.648438 0.156250 0.652344 0.175781 0.652344 0.179688 0.667969 0.210938 0.667969 0.214844 0.636719 0.242188 0.632812 0.246094 0.613281 0.250000 0.609375 0.250000 0.558594 0.273438 0.554688 0.277344 0.539062 0.277344 0.535156 0.281250 0.527344 0.273438 0.523438 0.269531 0.523438 0.250000 0.523438 0.246094 0.531250 0.238281 0.531250 0.234375 0.558594 0.203125 0.562500 0.199219 0.605469 0.179688 0.609375 0.179688 0.640625 0.148438
0 0.656250 0.246094 0.675781 0.250000 0.679688 0.250000 0.699219 0.269531 0.703125 0.273438 0.710938 0.289062 0.714844 0.292969 0.710938 0.320312 0.707031 0.324219 0.687500 0.324219 0.683594 0.324219 0.640625 0.292969 0.636719 0.292969 0.636719 0.269531 0.636719 0.265625 0.656250 0.246094
0 0.200841 0.515146 0.195316 0.515699 0.190343 0.512936 0.185923 0.504096 0.183712 0.502438 0.177634 0.494150 0.175977 0.486967 0.175977 0.477021 0.177634 0.475916 0.180397 0.475916 0.185923 0.477574 0.193658 0.478679 0.196973 0.475916 0.200841 0.469838 0.206919 0.469838 0.211339 0.472601 0.220180 0.480336 0.231231 0.480889 0.232888 0.481994 0.233993 0.484204 0.234546 0.494150 0.233993 0.496360 0.231231 0.496360 0.226811 0.497465 0.224600 0.501333 0.224048 0.506306 0.222943 0.508516 0.218522 0.513489 0.211892 0.515699 0.206366 0.515699
0 0.232336 0.521224 0.226258 0.521224 0.223495 0.519014 0.222943 0.516804 0.222943 0.512384 0.226811 0.507411 0.228468 0.503543 0.230126 0.501886 0.232888 0.501886 0.239519 0.500228 0.243939 0.500228 0.245044 0.502438 0.245044 0.510726 0.243939 0.512936 0.242282 0.514041 0.241729 0.516252 0.239519 0.519567 0.237309 0.520119
0 0.651419 0.142302 0.651047 0.138218 0.650305 0.136362 0.648820 0.134877 0.643622 0.132279 0.636940 0.130422 0.635084 0.128195 0.634712 0.125967 0.633598 0.124111 0.628030 0.120770 0.622832 0.120770 0.620976 0.120027 0.613922 0.119285 0.610210 0.121884 0.603156 0.129680 0.609096 0.134135 0.623946 0.140446 0.624688 0.142673 0.624688 0.145272 0.626545 0.148985 0.628401 0.149727 0.631742 0.152697 0.639167 0.154554 0.643993 0.154554 0.646221 0.153811 0.649934 0.150841 0.651419 0.148614 0.651790 0.146386
0 0.715821 0.329007 0.735573 0.329007 0.747193 0.332493 0.751840 0.335979 0.756487 0.335979 0.761135 0.332493 0.763459 0.322036 0.759922 0.313193 0.754164 0.298798 0.744869 0.294150 0.737897 0.282532 0.733250 0.279046 0.725116 0.276722 0.715821 0.276722 0.714659 0.305770
0 0.768107 0.312907 0.773916 0.309587 0.775576 0.290499 0.770596 0.283859 0.768107 0.275560 0.761467 0.271411 0.743209 0.271411 0.740719 0.275560 0.743209 0.283029 0.752338 0.285519 0.753998 0.290499 0.753168 0.304607 0.758147 0.311247 0.761467 0.312077
0 0.938254 0.294052 0.937246 0.289515 0.934725 0.284474 0.934725 0.275905 0.935733 0.273888 0.942286 0.267839 0.947327 0.267335 0.954384 0.267335 0.956401 0.268343 0.958417 0.270360 0.961946 0.278929 0.961946 0.285482 0.956905 0.290523 0.954889 0.291531 0.945815 0.293043 0.943799 0.294052
0 0.181315 0.930601 0.176780 0.919263 0.168843 0.913594 0.168843 0.899988 0.174512 0.894319 0.184716 0.890918 0.185850 0.870509 0.189252 0.865974 0.200589 0.864840 0.211928 0.871643 0.216463 0.889784 0.211928 0.894319 0.207392 0.894319 0.201723 0.897720 0.201723 0.916995 0.203991 0.922664 0.203991 0.931735 0.201723 0.934002 0.190385 0.935136
0 0.141448 0.710218 0.136857 0.701036 0.136857 0.695297 0.143744 0.682671 0.143744 0.678080 0.136857 0.671194 0.135709 0.664307 0.138005 0.662012 0.159812 0.663159 0.164404 0.666603 0.167847 0.675785 0.167847 0.699888 0.162108 0.713661 0.150630 0.714809
0 0.120089 0.969150 0.108751 0.965749 0.104216 0.962347 0.101948 0.955545 0.106484 0.954411 0.109885 0.949875 0.116688 0.947608 0.121223 0.949875 0.123491 0.954411 0.123491 0.960080
0 0.668832 0.787300 0.660721 0.793575 0.653561 0.791024 0.650983 0.786610 0.651686 0.774829 0.656100 0.772251 0.661412 0.773878 0.668832 0.779450 0.669535 0.784761
0 0.656818 0.774362 0.652404 0.776940 0.646168 0.776237 0.643594 0.771391 0.639698 0.770692 0.637120 0.766278 0.639698 0.761864 0.648707 0.760236 0.653121 0.762814 0.653820 0.767098 0.657521 0.771823
0 0.691012 0.738319 0.682901 0.744594 0.672969 0.743891 0.670391 0.739477 0.672969 0.735063 0.685674 0.730663 0.689137 0.731366 0.691715 0.735780
0 0.620775 0.690262 0.614279 0.696758 0.609200 0.696758 0.606622 0.692344 0.607325 0.678714 0.611739 0.676136 0.614279 0.676839 0.616853 0.681818 0.620775 0.684259 0.621478 0.687723
0 0.564619 0.561104 0.562461 0.563058 0.562936 0.565248 0.562233 0.567787 0.560358 0.569662 0.557341 0.570365 0.554802 0.569662 0.552927 0.567787 0.552228 0.563269 0.550541 0.561104 0.549837 0.557133 0.550541 0.554594 0.552416 0.552719 0.554955 0.552016 0.558227 0.553452 0.562744 0.554151 0.564619 0.556026 0.565322 0.558565
0 0.217366 0.069121 0.216663 0.064626 0.214299 0.062261 0.210782 0.061558 0.206775 0.062751 0.203433 0.066093 0.200987 0.070006 0.200284 0.072545 0.200284 0.077437 0.200987 0.079976 0.205797 0.083807 0.208336 0.084511 0.210875 0.083807 0.212750 0.081932 0.213916 0.077342 0.216174 0.073617 0.216877 0.071078
0 0.399115 0.051605 0.394794 0.054948 0.391277 0.056140 0.387759 0.055437 0.386630 0.054307 0.384522 0.055926 0.379538 0.056629 0.374063 0.054948 0.372188 0.053073 0.370996 0.049555 0.371699 0.044571 0.373574 0.042696 0.376113 0.041993 0.379141 0.042696 0.380057 0.043612 0.381890 0.042696 0.385896 0.041993 0.388435 0.042696 0.389693 0.043953 0.394701 0.043949 0.397240 0.044652 0.399115 0.046527 0.399818 0.049066
0 0.337203 0.083620 0.336504 0.087313 0.333651 0.090166 0.328177 0.090870 0.323681 0.089677 0.320828 0.087313 0.319636 0.083796 0.320339 0.079789 0.321317 0.077343 0.323192 0.075468 0.329645 0.074276 0.334629 0.075957 0.336993 0.078322 0.337696 0.081839
0 0.234830 0.671908 0.228565 0.676710 0.226026 0.677413 0.223121 0.676710 0.221246 0.674835 0.220543 0.672296 0.221246 0.669757 0.222709 0.667562 0.224584 0.665687 0.227855 0.664618 0.230416 0.664252 0.232955 0.664955 0.234830 0.666830 0.235533 0.669369
0 0.253852 0.575701 0.248319 0.580868 0.244661 0.583063 0.241390 0.583766 0.238851 0.583063 0.236976 0.581188 0.236273 0.578283 0.236976 0.575744 0.239217 0.573504 0.240611 0.573117 0.239902 0.572409 0.236273 0.560359 0.235541 0.555969 0.236245 0.551967 0.238120 0.550092 0.240659 0.549389 0.243198 0.550092 0.245073 0.551967 0.248437 0.566348 0.251977 0.567650 0.253852 0.569525 0.254555 0.573162
