0 1.000000 0.739264 0.992658 0.738874 0.937500 0.757812 0.906250 0.792969 0.902344 0.816406 0.929688 0.847656 0.949219 0.886719 0.989282 0.935974 1.000000 0.944697
0 0.746094 0.769531 0.765625 0.769531 0.769531 0.769531 0.785156 0.777344 0.789062 0.777344 0.796875 0.785156 0.800781 0.789062 0.808594 0.812500 0.808594 0.816406 0.781250 0.867188 0.777344 0.871094 0.773438 0.906250 0.773438 0.910156 0.761719 0.929688 0.757812 0.933594 0.738281 0.937500 0.734375 0.937500 0.687500 0.878906 0.683594 0.875000 0.648438 0.867188 0.644531 0.867188 0.632812 0.851562 0.632812 0.847656 0.671875 0.808594 0.675781 0.804688 0.746094 0.769531
0 0.765625 0.492188 0.761719 0.488281 0.761719 0.480469 0.744613 0.466662 0.732578 0.472015 0.727611 0.479191 0.709049 0.482411 0.700269 0.495498 0.699208 0.502125 0.698049 0.525287 0.707031 0.550781 0.730469 0.550781 0.761719 0.531250 0.761719 0.527344
0 0.820312 0.496094 0.812500 0.484375 0.797350 0.482331 0.789156 0.505230 0.791400 0.517395 0.796946 0.523544 0.808448 0.526090 0.816406 0.523438 0.816406 0.519531
0 0.105469 0.500000 0.140625 0.515625 0.144531 0.515625 0.148438 0.523438 0.152344 0.527344 0.148438 0.558594 0.144531 0.562500 0.117188 0.566406 0.113281 0.566406 0.093750 0.558594 0.089844 0.554688 0.085938 0.523438 0.085938 0.519531 0.105469 0.500000
0 0.427152 0.616516 0.413223 0.622611 0.404977 0.632792 0.397654 0.650228 0.383120 0.661391 0.368031 0.663249 0.361164 0.659078 0.361834 0.635982 0.375000 0.621094 0.375000 0.617188 0.402344 0.605469 0.422311 0.603831 0.428168 0.612805
0 0.179070 0.260832 0.178055 0.251679 0.171875 0.246094 0.153560 0.254843 0.147037 0.267538 0.134059 0.271649 0.126979 0.267264 0.124693 0.249693 0.121094 0.246094 0.105469 0.246094 0.089844 0.269531 0.093750 0.308594 0.121094 0.324219 0.141224 0.331330 0.148577 0.326673 0.150848 0.317902 0.161413 0.305523 0.173066 0.298556 0.178617 0.280333 0.178616 0.262490
0 0.640625 0.277344 0.671875 0.281250 0.675781 0.285156 0.675781 0.312500 0.675781 0.316406 0.667969 0.324219 0.664062 0.328125 0.652344 0.332031 0.648438 0.332031 0.640625 0.324219 0.636719 0.320312 0.632812 0.289062 0.632812 0.285156 0.640625 0.277344
0 0.092612 0.745782 0.088778 0.761120 0.069792 0.777503 0.059243 0.773391 0.060010 0.751441 0.066486 0.744197 0.073682 0.745437 0.087431 0.737359 0.093315 0.743243
0 0.548355 0.362648 0.540350 0.373954 0.532152 0.377487 0.514303 0.359166 0.519952 0.354196 0.523023 0.344839 0.529323 0.341789 0.545065 0.349565 0.549058 0.360109
0 1.000000 0.315861 0.992178 0.315861 0.975432 0.325359 0.962030 0.344657 0.962030 0.362923 0.964608 0.367337 0.969686 0.367337 0.989095 0.356723 0.991124 0.361432 0.988418 0.369799 0.984737 0.367953 0.980323 0.370531 0.979620 0.379159 0.983705 0.388463 0.995561 0.396454 1.000000 0.393615
0 0.965511 0.069634 0.964808 0.062832 0.957855 0.060957 0.950195 0.071358 0.945323 0.085668 0.948112 0.094448 0.957453 0.095057 0.962981 0.086179 0.964808 0.072173
0 1.000000 0.000000 0.963746 0.000000 0.959633 0.003923 0.961673 0.021171 0.972996 0.027315 0.995594 0.019926 1.000000 0.015520
0 0.484497 0.815818 0.472662 0.865522 0.448993 0.867889 0.427692 0.874989 0.396922 0.874989 0.389821 0.872623 0.389821 0.870256 0.382721 0.870256 0.373254 0.860788 0.373254 0.815818 0.385088 0.801616 0.411123 0.799250 0.418224 0.792149 0.422958 0.792149 0.425325 0.787415 0.477396 0.761379 0.484497 0.770847 0.489230 0.796882
