0 0.910156 0.027344 0.917969 0.027344 0.921875 0.031250 0.921875 0.093750 0.921875 0.097656 0.925781 0.101562 0.925781 0.105469 0.921875 0.109375 0.917969 0.109375 0.914062 0.113281 0.910156 0.113281 0.910156 0.105469 0.910156 0.101562 0.906250 0.097656 0.902344 0.097656 0.898438 0.093750 0.894531 0.093750 0.890625 0.089844 0.886719 0.089844 0.890625 0.089844 0.894531 0.085938 0.894531 0.058594 0.894531 0.054688 0.890625 0.050781 0.890625 0.042969 0.886719 0.039062 0.890625 0.035156 0.894531 0.035156 0.898438 0.031250 0.902344 0.031250 0.906250 0.031250 0.910156 0.027344
0 0.941406 0.226562 0.976562 0.226562 0.980469 0.226562 0.984375 0.230469 0.984375 0.234375 0.984375 0.238281 0.972656 0.250000 0.968750 0.253906 0.960938 0.253906 0.957031 0.253906 0.949219 0.246094 0.945312 0.246094 0.945312 0.234375 0.945312 0.230469 0.941406 0.226562
0 1.000000 0.363281 1.000000 0.363281 1.000000 0.398438 1.000000 0.398438 0.996094 0.394531 0.984375 0.394531 0.980469 0.394531 0.980469 0.382812 0.980469 0.378906 0.984375 0.378906 1.000000 0.363281
0 0.367188 0.367188 0.371094 0.367188 0.375000 0.367188 0.378906 0.371094 0.382812 0.375000 0.386719 0.375000 0.390625 0.375000 0.394531 0.378906 0.398438 0.378906 0.398438 0.406250 0.398438 0.410156 0.394531 0.414062 0.394531 0.433594 0.394531 0.437500 0.390625 0.441406 0.390625 0.445312 0.390625 0.449219 0.386719 0.453125 0.382812 0.457031 0.375000 0.457031 0.371094 0.457031 0.367188 0.453125 0.363281 0.449219 0.343750 0.449219 0.339844 0.449219 0.332031 0.441406 0.328125 0.437500 0.312500 0.437500 0.308594 0.437500 0.304688 0.433594 0.304688 0.429688 0.304688 0.425781 0.308594 0.425781 0.312500 0.421875 0.312500 0.417969 0.316406 0.414062 0.316406 0.382812 0.316406 0.378906 0.320312 0.378906 0.324219 0.375000 0.351562 0.375000 0.355469 0.375000 0.359375 0.371094 0.363281 0.371094 0.367188 0.367188
0 0.074219 0.421875 0.078125 0.421875 0.082031 0.421875 0.085938 0.425781 0.089844 0.429688 0.085938 0.433594 0.082031 0.437500 0.082031 0.445312 0.078125 0.449219 0.062500 0.449219 0.058594 0.449219 0.058594 0.445312 0.054688 0.441406 0.058594 0.441406 0.062500 0.437500 0.066406 0.433594 0.066406 0.429688 0.074219 0.421875
0 0.878906 0.457031 0.886719 0.457031 0.890625 0.457031 0.894531 0.460938 0.898438 0.460938 0.898438 0.464844 0.906250 0.472656 0.906250 0.476562 0.902344 0.480469 0.898438 0.480469 0.894531 0.480469 0.894531 0.476562 0.890625 0.472656 0.882812 0.472656 0.878906 0.472656 0.875000 0.468750 0.871094 0.468750 0.871094 0.464844 0.871094 0.460938 0.875000 0.460938 0.878906 0.457031
0 0.625000 0.566406 0.628906 0.566406 0.632812 0.566406 0.636719 0.570312 0.640625 0.570312 0.652344 0.582031 0.656250 0.585938 0.660156 0.585938 0.664062 0.589844 0.667969 0.589844 0.667969 0.605469 0.667969 0.609375 0.671875 0.613281 0.671875 0.621094 0.671875 0.625000 0.675781 0.628906 0.679688 0.632812 0.683594 0.632812 0.687500 0.636719 0.687500 0.656250 0.687500 0.660156 0.683594 0.664062 0.683594 0.671875 0.683594 0.675781 0.679688 0.679688 0.675781 0.683594 0.675781 0.687500 0.671875 0.691406 0.671875 0.695312 0.667969 0.699219 0.667969 0.703125 0.656250 0.714844 0.652344 0.718750 0.652344 0.722656 0.648438 0.726562 0.648438 0.730469 0.636719 0.742188 0.632812 0.746094 0.628906 0.746094 0.617188 0.757812 0.613281 0.761719 0.613281 0.765625 0.609375 0.769531 0.609375 0.773438 0.605469 0.777344 0.605469 0.781250 0.597656 0.789062 0.597656 0.792969 0.585938 0.804688 0.585938 0.808594 0.582031 0.812500 0.578125 0.812500 0.574219 0.812500 0.566406 0.820312 0.562500 0.820312 0.558594 0.824219 0.554688 0.828125 0.554688 0.832031 0.546875 0.839844 0.546875 0.843750 0.535156 0.855469 0.531250 0.859375 0.531250 0.863281 0.527344 0.867188 0.523438 0.867188 0.519531 0.871094 0.511719 0.871094 0.507812 0.871094 0.507812 0.867188 0.503906 0.863281 0.500000 0.863281 0.500000 0.859375 0.496094 0.855469 0.496094 0.843750 0.500000 0.839844 0.500000 0.804688 0.503906 0.800781 0.503906 0.785156 0.500000 0.781250 0.500000 0.738281 0.500000 0.734375 0.507812 0.726562 0.511719 0.722656 0.511719 0.718750 0.515625 0.714844 0.519531 0.710938 0.519531 0.707031 0.523438 0.703125 0.523438 0.699219 0.527344 0.695312 0.527344 0.691406 0.527344 0.687500 0.535156 0.679688 0.539062 0.675781 0.539062 0.671875 0.539062 0.667969 0.542969 0.664062 0.542969 0.660156 0.542969 0.656250 0.546875 0.652344 0.546875 0.648438 0.550781 0.644531 0.550781 0.640625 0.554688 0.636719 0.554688 0.632812 0.554688 0.628906 0.562500 0.621094 0.562500 0.617188 0.566406 0.613281 0.570312 0.609375 0.574219 0.609375 0.578125 0.605469 0.578125 0.601562 0.585938 0.593750 0.589844 0.589844 0.589844 0.585938 0.589844 0.582031 0.593750 0.582031 0.597656 0.578125 0.601562 0.574219 0.605469 0.574219 0.609375 0.574219 0.613281 0.570312 0.617188 0.570312 0.621094 0.570312 0.625000 0.566406
0 0.777344 0.605469 0.789062 0.605469 0.792969 0.605469 0.796875 0.609375 0.796875 0.613281 0.800781 0.617188 0.804688 0.617188 0.808594 0.621094 0.808594 0.625000 0.804688 0.628906 0.804688 0.636719 0.804688 0.640625 0.800781 0.644531 0.796875 0.644531 0.792969 0.648438 0.789062 0.652344 0.789062 0.656250 0.785156 0.660156 0.781250 0.664062 0.777344 0.664062 0.773438 0.664062 0.769531 0.667969 0.765625 0.667969 0.761719 0.667969 0.742188 0.648438 0.738281 0.644531 0.738281 0.640625 0.734375 0.636719 0.730469 0.632812 0.734375 0.628906 0.734375 0.625000 0.734375 0.621094 0.746094 0.621094 0.750000 0.621094 0.753906 0.617188 0.757812 0.617188 0.761719 0.613281 0.765625 0.613281 0.769531 0.609375 0.773438 0.609375 0.777344 0.605469
0 0.902344 0.753906 0.906250 0.753906 0.910156 0.753906 0.929688 0.773438 0.933594 0.777344 0.933594 0.792969 0.937500 0.796875 0.937500 0.839844 0.941406 0.843750 0.937500 0.843750 0.933594 0.847656 0.933594 0.851562 0.929688 0.847656 0.925781 0.847656 0.917969 0.839844 0.914062 0.835938 0.910156 0.835938 0.906250 0.832031 0.902344 0.832031 0.902344 0.820312 0.902344 0.816406 0.898438 0.812500 0.898438 0.804688 0.898438 0.800781 0.894531 0.796875 0.890625 0.796875 0.890625 0.789062 0.886719 0.785156 0.886719 0.773438 0.886719 0.769531 0.890625 0.769531 0.894531 0.765625 0.894531 0.761719 0.894531 0.757812 0.898438 0.757812 0.902344 0.753906
0 0.847656 0.765625 0.859375 0.765625 0.863281 0.765625 0.863281 0.773438 0.863281 0.777344 0.859375 0.781250 0.855469 0.781250 0.851562 0.785156 0.847656 0.789062 0.843750 0.789062 0.839844 0.789062 0.835938 0.785156 0.835938 0.781250 0.832031 0.777344 0.835938 0.773438 0.839844 0.773438 0.847656 0.765625
0 0.375000 0.976562 0.378906 0.980469 0.382812 0.980469 0.386719 0.984375 0.386719 1.000000 0.363281 1.000000 0.363281 0.988281 0.363281 0.984375 0.367188 0.980469 0.371094 0.980469 0.375000 0.976562
