0 0.625000 0.000000 0.632812 0.000000 0.636719 0.000000 0.640625 0.003906 0.640625 0.007812 0.636719 0.011719 0.628906 0.011719 0.625000 0.011719 0.625000 0.000000
0 0.933594 0.000000 0.941406 0.000000 0.945312 0.003906 0.945312 0.023438 0.945312 0.027344 0.941406 0.031250 0.937500 0.031250 0.933594 0.035156 0.929688 0.035156 0.925781 0.035156 0.925781 0.019531 0.925781 0.015625 0.929688 0.015625 0.933594 0.011719 0.933594 0.000000
0 0.304688 0.031250 0.312500 0.031250 0.316406 0.031250 0.320312 0.035156 0.324219 0.035156 0.328125 0.039062 0.328125 0.042969 0.324219 0.046875 0.320312 0.050781 0.316406 0.050781 0.312500 0.050781 0.308594 0.054688 0.304688 0.054688 0.300781 0.050781 0.296875 0.050781 0.292969 0.046875 0.292969 0.042969 0.289062 0.039062 0.285156 0.039062 0.289062 0.039062 0.292969 0.035156 0.296875 0.035156 0.300781 0.035156 0.304688 0.031250
0 0.410156 0.066406 0.417969 0.066406 0.421875 0.066406 0.421875 0.078125 0.425781 0.082031 0.421875 0.082031 0.417969 0.085938 0.414062 0.082031 0.414062 0.078125 0.410156 0.074219 0.406250 0.070312 0.410156 0.066406
0 0.988281 0.074219 0.992188 0.074219 0.996094 0.074219 1.000000 0.078125 1.000000 0.093750 0.996094 0.093750 0.992188 0.093750 0.988281 0.089844 0.988281 0.074219
0 0.316406 0.085938 0.335938 0.085938 0.339844 0.085938 0.343750 0.089844 0.347656 0.093750 0.355469 0.093750 0.359375 0.093750 0.363281 0.097656 0.367188 0.097656 0.363281 0.097656 0.359375 0.097656 0.355469 0.101562 0.351562 0.105469 0.339844 0.105469 0.335938 0.105469 0.335938 0.101562 0.332031 0.097656 0.320312 0.097656 0.316406 0.097656 0.316406 0.093750 0.312500 0.089844 0.308594 0.089844 0.312500 0.089844 0.316406 0.085938
0 0.378906 0.171875 0.390625 0.171875 0.394531 0.175781 0.410156 0.175781 0.410156 0.179688 0.406250 0.183594 0.406250 0.187500 0.402344 0.191406 0.390625 0.191406 0.386719 0.191406 0.382812 0.187500 0.378906 0.187500 0.378906 0.171875
0 0.660156 0.234375 0.664062 0.234375 0.667969 0.234375 0.671875 0.238281 0.675781 0.242188 0.671875 0.246094 0.671875 0.250000 0.667969 0.253906 0.667969 0.257812 0.656250 0.269531 0.652344 0.269531 0.652344 0.265625 0.652344 0.261719 0.648438 0.257812 0.648438 0.253906 0.644531 0.250000 0.644531 0.246094 0.644531 0.242188 0.648438 0.238281 0.652344 0.238281 0.656250 0.238281 0.660156 0.234375
0 0.957031 0.253906 0.968750 0.253906 0.972656 0.257812 0.972656 0.261719 0.976562 0.265625 0.968750 0.273438 0.964844 0.277344 0.957031 0.277344 0.953125 0.273438 0.953125 0.261719 0.953125 0.257812 0.957031 0.253906
0 0.566406 0.339844 0.593750 0.339844 0.593750 0.343750 0.589844 0.347656 0.570312 0.347656 0.566406 0.347656 0.566406 0.339844
0 0.671875 0.488281 0.683594 0.488281 0.687500 0.488281 0.691406 0.492188 0.695312 0.492188 0.699219 0.492188 0.707031 0.500000 0.710938 0.503906 0.707031 0.503906 0.703125 0.507812 0.691406 0.507812 0.687500 0.507812 0.683594 0.503906 0.679688 0.503906 0.675781 0.503906 0.671875 0.500000 0.671875 0.496094 0.667969 0.492188 0.671875 0.488281
0 0.164062 0.496094 0.175781 0.496094 0.179688 0.496094 0.179688 0.500000 0.183594 0.503906 0.183594 0.507812 0.183594 0.511719 0.179688 0.515625 0.175781 0.515625 0.171875 0.511719 0.171875 0.507812 0.167969 0.503906 0.167969 0.500000 0.164062 0.496094
0 0.832031 0.507812 0.843750 0.507812 0.847656 0.507812 0.859375 0.519531 0.863281 0.523438 0.859375 0.527344 0.859375 0.539062 0.859375 0.542969 0.855469 0.546875 0.851562 0.550781 0.847656 0.550781 0.843750 0.546875 0.839844 0.546875 0.835938 0.546875 0.832031 0.542969 0.828125 0.539062 0.828125 0.535156 0.824219 0.531250 0.828125 0.527344 0.832031 0.523438 0.832031 0.507812
0 0.542969 0.617188 0.540366 0.614585 0.527370 0.614585 0.522824 0.613895 0.519531 0.617188 0.519531 0.621094 0.511719 0.628906 0.496094 0.628906 0.496094 0.640625 0.500000 0.644531 0.507812 0.644531 0.508411 0.645130 0.511810 0.644440 0.515625 0.640625 0.515625 0.636719 0.519531 0.632812 0.523438 0.632812 0.527344 0.628906 0.531250 0.628906
0 0.386719 0.574219 0.406250 0.574219 0.410156 0.574219 0.414062 0.578125 0.414062 0.582031 0.410156 0.585938 0.406250 0.585938 0.402344 0.582031 0.394531 0.582031 0.390625 0.582031 0.390625 0.578125 0.386719 0.574219
0 0.441406 0.652344 0.441406 0.632812 0.437500 0.628906 0.433594 0.628906 0.429688 0.625000 0.429688 0.628906 0.425781 0.632812 0.425781 0.640625 0.421875 0.644531 0.417969 0.644531 0.417969 0.652344 0.421875 0.656250 0.425781 0.656250 0.429688 0.660156 0.429688 0.664062 0.433594 0.664062 0.437500 0.660156 0.437500 0.656250
0 0.628906 0.648438 0.640625 0.648438 0.644531 0.648438 0.644531 0.660156 0.648438 0.664062 0.644531 0.664062 0.640625 0.667969 0.636719 0.667969 0.636719 0.656250 0.636719 0.652344 0.632812 0.648438 0.628906 0.648438
0 0.996094 0.691406 1.000000 0.691406 1.000000 0.691406 1.000000 0.707031 1.000000 0.707031 1.000000 0.707031 1.000000 0.707031 1.000000 0.707031 0.996094 0.707031 0.992188 0.703125 0.992188 0.699219 0.992188 0.695312 0.996094 0.691406
0 0.421875 0.750000 0.433594 0.750000 0.437500 0.753906 0.437500 0.757812 0.437500 0.761719 0.433594 0.765625 0.429688 0.765625 0.425781 0.769531 0.421875 0.769531 0.421875 0.750000
0 0.542969 0.816406 0.546875 0.816406 0.550781 0.816406 0.554688 0.820312 0.558594 0.820312 0.562500 0.820312 0.566406 0.824219 0.566406 0.828125 0.562500 0.832031 0.558594 0.832031 0.554688 0.835938 0.546875 0.835938 0.542969 0.835938 0.542969 0.824219 0.539062 0.820312 0.542969 0.816406
0 0.628906 0.832031 0.632812 0.832031 0.636719 0.832031 0.636719 0.835938 0.640625 0.839844 0.640625 0.843750 0.640625 0.847656 0.636719 0.851562 0.636719 0.855469 0.632812 0.859375 0.632812 0.863281 0.628906 0.867188 0.621094 0.867188 0.617188 0.867188 0.613281 0.863281 0.609375 0.863281 0.605469 0.863281 0.601562 0.859375 0.597656 0.855469 0.597656 0.851562 0.597656 0.847656 0.601562 0.843750 0.605469 0.839844 0.609375 0.839844 0.613281 0.835938 0.621094 0.835938 0.625000 0.835938 0.628906 0.832031
0 0.574219 0.933594 0.578125 0.933594 0.582031 0.933594 0.582031 0.937500 0.578125 0.941406 0.574219 0.945312 0.578125 0.949219 0.578125 0.964844 0.578125 0.968750 0.574219 0.972656 0.566406 0.972656 0.562500 0.972656 0.558594 0.968750 0.558594 0.964844 0.554688 0.960938 0.554688 0.953125 0.554688 0.949219 0.566406 0.949219 0.570312 0.949219 0.574219 0.945312 0.574219 0.933594
0 0.796875 1.000000 0.796875 1.000000 0.796875 0.984375 0.792969 0.984375 0.789062 0.980469 0.773438 0.980469 0.773438 0.995839 0.785268 0.996475 0.785312 1.000000
0 0.445487 0.385846 0.445211 0.375272 0.440625 0.374355 0.440625 0.370870 0.439616 0.370594 0.425465 0.370870 0.425465 0.379151 0.429684 0.379151 0.429684 0.387130 0.433353 0.387314 0.433353 0.390616 0.441634 0.390616 0.443377 0.388782 0.443561 0.387130 0.444661 0.387039 0.445395 0.385846
0 0.476764 0.382977 0.476764 0.379151 0.472794 0.379151 0.472794 0.375180 0.464906 0.375180 0.463438 0.380867 0.461512 0.382610 0.449680 0.382427 0.449038 0.383619 0.449038 0.391992 0.449680 0.392333 0.448762 0.394901 0.441608 0.394901 0.441516 0.398661 0.440416 0.400588 0.437205 0.402147 0.433353 0.402147 0.433353 0.410428 0.445395 0.410428 0.445461 0.406393 0.456493 0.406117 0.458511 0.394285 0.468601 0.394377 0.468758 0.386921 0.472123 0.386921 0.472794 0.382977
0 0.484690 0.884909 0.484690 0.874159 0.484073 0.871277 0.468794 0.870866 0.459891 0.871380 0.453511 0.870557 0.436894 0.870866 0.436894 0.879147 0.444921 0.879147 0.445332 0.894480 0.460817 0.894480 0.460817 0.891187 0.465139 0.891084 0.465139 0.886762 0.471778 0.887482 0.482118 0.887482 0.484484 0.887173 0.484587 0.884909
0 0.471930 0.910380 0.471930 0.906573 0.445175 0.906573 0.445175 0.913825 0.441113 0.913825 0.441113 0.918098 0.449497 0.918098 0.449497 0.921543 0.453922 0.921543 0.453922 0.918147 0.465089 0.917853 0.465089 0.910380
0 0.515461 0.680331 0.515461 0.672050 0.511664 0.672050 0.511664 0.667563 0.503383 0.667563 0.501830 0.671532 0.499070 0.673257 0.499070 0.683264 0.500795 0.683782 0.511664 0.683782 0.511664 0.681539 0.514943 0.680331
0 0.522709 0.578520 0.522709 0.570239 0.513045 0.570066 0.498379 0.570411 0.498379 0.573690 0.495791 0.574207 0.495791 0.582489 0.504245 0.582489 0.507523 0.581626 0.512182 0.581626 0.512182 0.579037 0.522363 0.578520
0 0.441432 0.605784 0.441432 0.597503 0.434702 0.597330 0.421417 0.597330 0.421417 0.605612 0.424178 0.605612 0.424178 0.610271 0.434185 0.610271 0.434702 0.607855 0.436428 0.606302 0.439534 0.605784
0 0.476753 0.355623 0.476753 0.347342 0.473696 0.346853 0.473696 0.344041 0.461224 0.344041 0.461224 0.339883 0.452943 0.339883 0.452698 0.342329 0.451475 0.344041 0.441815 0.343918 0.441937 0.359414 0.448785 0.359903 0.448785 0.363327 0.468927 0.363082 0.469539 0.362838 0.469539 0.359659 0.472596 0.359047 0.472596 0.355990 0.476386 0.355623
0 0.769784 0.191082 0.765780 0.191464 0.765780 0.195568 0.753204 0.195663 0.753967 0.175738 0.769598 0.175833 0.769811 0.187932 0.773797 0.187932 0.773797 0.191082
0 0.796895 0.211221 0.796800 0.191677 0.790118 0.191295 0.777542 0.191486 0.777542 0.195400 0.785441 0.195400 0.785082 0.211125 0.787946 0.211221
