0 0.417969 0.110127 0.425781 0.110127 0.429688 0.114033 0.429688 0.121845 0.433594 0.125752 0.431419 0.134692 0.425781 0.137470 0.421875 0.133564 0.421875 0.125752 0.417969 0.121845 0.417969 0.110127
0 0.761719 0.113281 0.765625 0.117188 0.769531 0.117188 0.773438 0.121094 0.769531 0.125000 0.769531 0.128906 0.765625 0.132812 0.765625 0.140625 0.765625 0.144531 0.764350 0.153323 0.757812 0.152344 0.753906 0.152344 0.750000 0.152344 0.746094 0.148438 0.742188 0.144531 0.736926 0.134692 0.738281 0.128906 0.742188 0.125000 0.746094 0.121094 0.750000 0.121094 0.753906 0.121094 0.761719 0.113281
0 0.871094 0.128906 0.875000 0.132812 0.878906 0.132812 0.882812 0.132812 0.886719 0.136719 0.886719 0.144531 0.886719 0.148438 0.875000 0.160156 0.875000 0.164062 0.871094 0.167969 0.867188 0.167969 0.863281 0.167969 0.859375 0.164062 0.859375 0.148438 0.859375 0.144531 0.863281 0.144531 0.867188 0.140625 0.871094 0.136719 0.871094 0.128906
0 0.296875 0.214844 0.304688 0.214844 0.308594 0.214844 0.312500 0.218750 0.312500 0.222656 0.312500 0.226562 0.308594 0.230469 0.296875 0.230469 0.292969 0.230469 0.292969 0.222656 0.292969 0.218750 0.296875 0.214844
0 0.191406 0.246094 0.199219 0.246094 0.203125 0.246094 0.207031 0.250000 0.210938 0.253906 0.210938 0.261719 0.210938 0.265625 0.203125 0.273438 0.199219 0.277344 0.195312 0.277344 0.191406 0.281250 0.187500 0.281250 0.187500 0.253906 0.187500 0.250000 0.191406 0.246094
0 0.718750 0.375000 0.726562 0.375000 0.730469 0.378906 0.730469 0.382812 0.730469 0.386719 0.726562 0.390625 0.722656 0.394531 0.718750 0.394531 0.718750 0.390625 0.714844 0.386719 0.710938 0.386719 0.707031 0.386719 0.707031 0.382812 0.707031 0.378906 0.710938 0.378906 0.714844 0.378906 0.718750 0.375000
0 0.398438 0.382812 0.406250 0.382812 0.410156 0.386719 0.410156 0.390625 0.407761 0.402049 0.405439 0.403287 0.402344 0.402344 0.402823 0.408830 0.400465 0.412957 0.397590 0.414026 0.390330 0.414542 0.378169 0.413731 0.367813 0.411668 0.366745 0.398769 0.371130 0.398732 0.375000 0.398438 0.378906 0.398438 0.382812 0.398438 0.390625 0.390625 0.394531 0.390625 0.398438 0.386719 0.398438 0.382812
0 0.179688 0.410156 0.183594 0.410156 0.187500 0.410156 0.187500 0.414062 0.183594 0.417969 0.179688 0.421875 0.179688 0.429688 0.179688 0.433594 0.183594 0.437500 0.183594 0.445312 0.183594 0.449219 0.179688 0.453125 0.175781 0.453125 0.171875 0.457031 0.167969 0.457031 0.164062 0.453125 0.164062 0.445312 0.160156 0.441406 0.164062 0.437500 0.175781 0.437500 0.179688 0.433594 0.179688 0.410156
0 0.109375 0.457031 0.117188 0.464844 0.121094 0.464844 0.121094 0.476562 0.121094 0.480469 0.117188 0.484375 0.113281 0.484375 0.109375 0.488281 0.093750 0.472656 0.089844 0.468750 0.089844 0.464844 0.089844 0.460938 0.101562 0.460938 0.105469 0.460938 0.109375 0.457031
0 0.582031 0.472656 0.585938 0.472656 0.589844 0.472656 0.597656 0.480469 0.601562 0.484375 0.597656 0.488281 0.593750 0.492188 0.585938 0.492188 0.578125 0.480469 0.582031 0.476562 0.582031 0.472656
0 0.472656 0.527344 0.484375 0.527344 0.488281 0.531250 0.486752 0.543579 0.472656 0.546875 0.468750 0.542969 0.468750 0.535156 0.468750 0.531250 0.472656 0.527344
0 0.527344 0.527344 0.535156 0.527344 0.539062 0.527344 0.539062 0.535156 0.542969 0.539062 0.539062 0.539062 0.535156 0.542969 0.531250 0.539062 0.527344 0.539062 0.527344 0.527344
0 0.222656 0.566406 0.226562 0.570312 0.230469 0.570312 0.230469 0.582031 0.230469 0.585938 0.226562 0.589844 0.222656 0.593750 0.218750 0.593750 0.214844 0.593750 0.210938 0.589844 0.210938 0.582031 0.210938 0.578125 0.214844 0.574219 0.214844 0.570312 0.218750 0.570312 0.222656 0.566406
0 0.613281 0.562500 0.617188 0.562500 0.617188 0.570312 0.617188 0.585938 0.621094 0.589844 0.628906 0.589844 0.632812 0.589844 0.636719 0.593750 0.644531 0.593750 0.648438 0.597656 0.671875 0.597656 0.675781 0.597656 0.675781 0.601562 0.679688 0.605469 0.687500 0.605469 0.691406 0.605469 0.691406 0.613281 0.691406 0.617188 0.695312 0.621094 0.695312 0.625000 0.699219 0.628906 0.699219 0.632812 0.699219 0.636719 0.703125 0.640625 0.707031 0.644531 0.679688 0.671875 0.675781 0.675781 0.671875 0.675781 0.667969 0.679688 0.640625 0.679688 0.636719 0.683594 0.628906 0.683594 0.625000 0.683594 0.621094 0.679688 0.613281 0.679688 0.609375 0.675781 0.593750 0.675781 0.589844 0.671875 0.589844 0.656250 0.585938 0.652344 0.585938 0.632812 0.585938 0.628906 0.582031 0.625000 0.578125 0.621094 0.578125 0.613281 0.578125 0.609375 0.582031 0.605469 0.582031 0.601562 0.585938 0.601562 0.589844 0.597656 0.593750 0.597656 0.597656 0.593750 0.597656 0.589844 0.601562 0.585938 0.601562 0.582031 0.605469 0.578125 0.605469 0.574219 0.609375 0.570312 0.613281 0.566406 0.613281 0.562500
0 0.824219 0.566406 0.828125 0.566406 0.832031 0.566406 0.835938 0.570312 0.835938 0.574219 0.839844 0.578125 0.839844 0.582031 0.839844 0.585938 0.835938 0.589844 0.832031 0.593750 0.832031 0.601562 0.832031 0.605469 0.820312 0.617188 0.816406 0.617188 0.812500 0.613281 0.804688 0.613281 0.800781 0.609375 0.800781 0.605469 0.796875 0.601562 0.796875 0.597656 0.792969 0.593750 0.792969 0.589844 0.789062 0.585938 0.792969 0.582031 0.796875 0.578125 0.800781 0.578125 0.804688 0.574219 0.812500 0.574219 0.816406 0.574219 0.824219 0.566406
0 0.679688 0.570312 0.683594 0.570312 0.687500 0.570312 0.687500 0.574219 0.691406 0.578125 0.687500 0.582031 0.683594 0.585938 0.679688 0.585938 0.679688 0.578125 0.675781 0.574219 0.679688 0.570312
0 0.707031 0.582031 0.722656 0.582031 0.726562 0.582031 0.726562 0.589844 0.726562 0.593750 0.730469 0.597656 0.734375 0.597656 0.738281 0.601562 0.742188 0.601562 0.742188 0.613281 0.742188 0.617188 0.730469 0.628906 0.726562 0.632812 0.722656 0.628906 0.722656 0.609375 0.722656 0.605469 0.718750 0.601562 0.714844 0.601562 0.710938 0.601562 0.710938 0.597656 0.707031 0.593750 0.707031 0.582031
0 0.089844 0.589844 0.101562 0.589844 0.105469 0.589844 0.105469 0.597656 0.105469 0.601562 0.101562 0.605469 0.093750 0.605469 0.089844 0.605469 0.089844 0.589844
0 0.109375 0.621094 0.113281 0.625000 0.113281 0.628906 0.109375 0.632812 0.105469 0.636719 0.105469 0.640625 0.105469 0.644531 0.101562 0.648438 0.097656 0.652344 0.078125 0.652344 0.074219 0.656250 0.070312 0.652344 0.066406 0.648438 0.070312 0.644531 0.070312 0.640625 0.074219 0.636719 0.074219 0.632812 0.074219 0.628906 0.097656 0.628906 0.101562 0.628906 0.109375 0.621094
0 0.738281 0.648438 0.742188 0.648438 0.746094 0.648438 0.746094 0.652344 0.750000 0.656250 0.750000 0.660156 0.750000 0.664062 0.753906 0.667969 0.757812 0.667969 0.753906 0.671875 0.753906 0.675781 0.750000 0.679688 0.746094 0.683594 0.734375 0.671875 0.730469 0.671875 0.730469 0.664062 0.726562 0.660156 0.726562 0.656250 0.726562 0.652344 0.730469 0.652344 0.734375 0.652344 0.738281 0.648438
0 0.460938 0.652344 0.464844 0.652344 0.468750 0.652344 0.472656 0.656250 0.476562 0.660156 0.484375 0.660156 0.488281 0.664062 0.484375 0.664062 0.480469 0.667969 0.460938 0.667969 0.457031 0.667969 0.457031 0.664062 0.457031 0.660156 0.460938 0.656250 0.460938 0.652344
0 0.292969 0.656250 0.296875 0.656250 0.300781 0.656250 0.300781 0.687500 0.296875 0.691406 0.292969 0.691406 0.289062 0.687500 0.285156 0.687500 0.281250 0.683594 0.281250 0.675781 0.277344 0.671875 0.281250 0.667969 0.285156 0.667969 0.289062 0.667969 0.292969 0.664062 0.292969 0.656250
0 0.875000 0.664062 0.890625 0.664062 0.894531 0.667969 0.894531 0.671875 0.894531 0.675781 0.886719 0.683594 0.882812 0.687500 0.875000 0.687500 0.871094 0.687500 0.871094 0.675781 0.871094 0.671875 0.875000 0.667969 0.875000 0.664062
0 0.796875 0.691406 0.812500 0.691406 0.812500 0.695312 0.804688 0.703125 0.800781 0.703125 0.796875 0.699219 0.796875 0.691406
0 0.343750 0.714844 0.347656 0.714844 0.351562 0.714844 0.355469 0.718750 0.359375 0.722656 0.363281 0.722656 0.367188 0.726562 0.367188 0.730469 0.363281 0.734375 0.351562 0.734375 0.347656 0.734375 0.343750 0.730469 0.343750 0.714844
0 0.488281 0.761719 0.500000 0.761719 0.503906 0.761719 0.507812 0.765625 0.511719 0.765625 0.511719 0.769531 0.507812 0.773438 0.503906 0.773438 0.500000 0.773438 0.496094 0.777344 0.492188 0.777344 0.488281 0.773438 0.488281 0.761719
0 0.890625 0.769531 0.894531 0.769531 0.898438 0.769531 0.898438 0.777344 0.898438 0.781250 0.894531 0.785156 0.890625 0.785156 0.886719 0.785156 0.886719 0.777344 0.886719 0.773438 0.890625 0.769531
0 0.750000 0.789062 0.753906 0.792969 0.757812 0.796875 0.761719 0.796875 0.761719 0.800781 0.757812 0.804688 0.753906 0.808594 0.742188 0.808594 0.738281 0.808594 0.738281 0.804688 0.734375 0.800781 0.734375 0.796875 0.734375 0.792969 0.742188 0.792969 0.746094 0.792969 0.750000 0.789062
0 0.859375 0.917969 0.867188 0.917969 0.871094 0.921875 0.871094 0.925781 0.871094 0.929688 0.867188 0.933594 0.863281 0.933594 0.859375 0.937500 0.855469 0.933594 0.855469 0.925781 0.855469 0.921875 0.859375 0.917969
0 0.507443 0.837775 0.490743 0.823580 0.490743 0.811054 0.492412 0.806044 0.504103 0.795188 0.514123 0.796023 0.523309 0.801034 0.525814 0.805209 0.527484 0.824414 0.520804 0.835270 0.516629 0.836940
0 0.545020 0.835270 0.534164 0.814394 0.530824 0.804374 0.530824 0.794353 0.545855 0.777653 0.550865 0.775148 0.559215 0.775148 0.562555 0.780158 0.562555 0.792683 0.550865 0.810219 0.556710 0.818569 0.555875 0.831095 0.551700 0.833600
0 0.105945 0.237606 0.097552 0.239180 0.091258 0.237082 0.088111 0.233410 0.087586 0.226066 0.089684 0.223968 0.090209 0.221345 0.091782 0.219772 0.093880 0.218723 0.098602 0.219247 0.103847 0.221870 0.106994 0.225542 0.108043 0.232885
0 0.165401 0.582091 0.164203 0.588984 0.164203 0.600073 0.162404 0.610263 0.164203 0.611761 0.168098 0.613259 0.172894 0.614458 0.178288 0.614758 0.180086 0.613259 0.180386 0.610862 0.183083 0.607266 0.187279 0.606666 0.188478 0.604868 0.189976 0.595877 0.189976 0.591082 0.189077 0.588984 0.183083 0.586587 0.182484 0.584489 0.174093 0.581193 0.168698 0.580893
0 0.395571 0.533431 0.395571 0.542027 0.397593 0.544049 0.400627 0.549105 0.404167 0.551634 0.408718 0.556184 0.409729 0.558207 0.410234 0.560229 0.405178 0.567308 0.397088 0.568825 0.393043 0.568825 0.388998 0.567814 0.387481 0.566297 0.386975 0.564275 0.385458 0.562252 0.375851 0.552645 0.373323 0.552139 0.369784 0.548600 0.367761 0.544049 0.367761 0.536970 0.370289 0.532925 0.372312 0.531408 0.374334 0.530903 0.380907 0.530903 0.383941 0.529891 0.385458 0.528375 0.392537 0.528880
0 0.157874 0.253342 0.153153 0.253342 0.151055 0.251769 0.146859 0.245474 0.146859 0.240753 0.147908 0.238130 0.151055 0.234984 0.152104 0.232885 0.157350 0.231312 0.164169 0.231312 0.167840 0.239180 0.167840 0.244950 0.166791 0.247048 0.162070 0.252818
0 0.296179 0.937144 0.286994 0.932134 0.281149 0.915433 0.281149 0.904578 0.282819 0.902073 0.294509 0.892887 0.314550 0.891217 0.315385 0.903743 0.306200 0.925454 0.301189 0.932134
0 0.271129 0.944660 0.260273 0.941320 0.255263 0.931299 0.255263 0.925454 0.261108 0.913763 0.271129 0.908753 0.278644 0.917104 0.281984 0.929629 0.282819 0.941320 0.281984 0.943825 0.279479 0.944660
0 0.000000 1.000000 0.000000 0.975170 0.006964 0.974517 0.009178 0.974517 0.011761 0.975624 0.019510 0.976362 0.026520 0.967138 0.028365 0.960127 0.030210 0.959020 0.042386 0.954223 0.044600 0.953854 0.047552 0.952010 0.054194 0.950165 0.056777 0.950534 0.061573 0.954223 0.063418 0.955699 0.064156 0.958282 0.065632 0.968614 0.065632 0.978576 0.066739 0.980421 0.068584 0.981528 0.075595 0.981528 0.077808 0.983742 0.085926 0.988907 0.087771 0.994073 0.088395 1.000000
0 0.386719 0.261719 0.410156 0.261719 0.414062 0.261719 0.421875 0.269531 0.425781 0.273438 0.429688 0.292969 0.433594 0.296875 0.433594 0.320312 0.433594 0.324219 0.425781 0.335938 0.425781 0.339844 0.414062 0.339844 0.410156 0.339844 0.386719 0.320312 0.382812 0.316406 0.378906 0.304688 0.375000 0.300781 0.375000 0.281250 0.375000 0.277344 0.386719 0.261719
0 0.359375 0.277344 0.371094 0.277344 0.375000 0.281250 0.375000 0.292969 0.378906 0.296875 0.371094 0.304688 0.367188 0.308594 0.343750 0.300781 0.339844 0.300781 0.339844 0.289062 0.339844 0.285156 0.359375 0.277344
0 0.619114 0.354968 0.613520 0.360562 0.612121 0.364058 0.610723 0.365457 0.606527 0.366156 0.603030 0.368953 0.598835 0.370352 0.593940 0.369652 0.591842 0.368953 0.589744 0.364757 0.589744 0.340982 0.591842 0.336786 0.600234 0.327696 0.600234 0.319304 0.600933 0.315109 0.602331 0.310214 0.604429 0.308116 0.615618 0.308116 0.621911 0.310214 0.621911 0.321402 0.623310 0.323500 0.623310 0.329793 0.624708 0.331192 0.631701 0.331192 0.635897 0.330493 0.640092 0.329094 0.640792 0.326996 0.645687 0.326996 0.649183 0.325598 0.657574 0.324199 0.659672 0.324199 0.662469 0.325598 0.663868 0.326996 0.663868 0.329094 0.663169 0.331192 0.660371 0.335388 0.660371 0.340283 0.659672 0.343080 0.658274 0.344479 0.642889 0.347975 0.642190 0.350073 0.642190 0.357065 0.644288 0.358464 0.648484 0.359862 0.649882 0.361261 0.649882 0.376645 0.651281 0.382939 0.654078 0.387834 0.654078 0.396924 0.652679 0.398323 0.650582 0.398323 0.644988 0.402518 0.627505 0.402518 0.621212 0.400421 0.618415 0.397623 0.615618 0.396225 0.613520 0.386435 0.612121 0.385037 0.610023 0.384337 0.603730 0.380141 0.603030 0.378044 0.603030 0.375246 0.603730 0.373149 0.613520 0.368953 0.616317 0.366156 0.618415 0.361960
0 0.824219 0.453125 0.835938 0.453125 0.839844 0.457031 0.835938 0.472656 0.832031 0.476562 0.773438 0.492188 0.769531 0.496094 0.750000 0.496094 0.746094 0.496094 0.738281 0.488281 0.734375 0.484375 0.738281 0.464844 0.742188 0.460938 0.824219 0.453125
0 0.652344 0.738281 0.664062 0.742188 0.667969 0.746094 0.667969 0.789062 0.667969 0.792969 0.687500 0.828125 0.691406 0.832031 0.695312 0.867188 0.695312 0.871094 0.707031 0.890625 0.707031 0.894531 0.738281 0.929688 0.738281 0.933594 0.761719 0.949219 0.765625 0.953125 0.765625 0.968750 0.765625 0.972656 0.730469 0.992188 0.726562 0.992188 0.718750 1.000000 0.174632 1.000000 0.234375 0.949219 0.238281 0.945312 0.253906 0.941406 0.257812 0.937500 0.285156 0.937500 0.289062 0.937500 0.347656 0.953125 0.351562 0.953125 0.398438 0.929688 0.402344 0.929688 0.437500 0.902344 0.441406 0.898438 0.484375 0.882812 0.488281 0.882812 0.511719 0.863281 0.515625 0.859375 0.539062 0.859375 0.542969 0.859375 0.558594 0.871094 0.562500 0.871094 0.566406 0.867188 0.570312 0.863281 0.574219 0.808594 0.574219 0.804688 0.589844 0.792969 0.593750 0.792969 0.636719 0.746094 0.640625 0.742188 0.652344 0.738281
0 0.859269 1.000000 0.856771 0.999098 0.846153 0.993152 0.841481 0.991878 0.836384 0.991878 0.830862 0.996125 0.823642 0.999523 0.818970 0.999523 0.817142 1.000000 0.799604 1.000000 0.797309 0.994426 0.797309 0.987630 0.800282 0.983808 0.802830 0.982959 0.809626 0.978711 0.814723 0.977012 0.820244 0.976588 0.830013 0.972765 0.839782 0.979136 0.848701 0.982534 0.875035 0.983808 0.876734 0.982534 0.876734 0.972340 0.877583 0.970216 0.877583 0.968093 0.880131 0.962571 0.883105 0.959598 0.885653 0.959598 0.890750 0.962571 0.893298 0.962996 0.895422 0.966819 0.896271 0.964695 0.896271 0.962571 0.900518 0.959598 0.923029 0.949405 0.925153 0.949405 0.932373 0.946431 0.942142 0.947705 0.946814 0.949829 0.950637 0.953227 0.951062 0.956625 0.950637 0.964270 0.949363 0.966394 0.946814 0.968518 0.938745 0.970641 0.926427 0.975738 0.924728 0.977437 0.923454 0.981684 0.923029 0.987206 0.926852 0.991878 0.934072 0.995700 0.937046 0.999523 0.937713 1.000000
0 0.269531 0.414062 0.289062 0.429688 0.292969 0.433594 0.296875 0.445312 0.300781 0.449219 0.304688 0.476562 0.304688 0.480469 0.296875 0.492188 0.292969 0.496094 0.265625 0.492188 0.261719 0.492188 0.253906 0.480469 0.250000 0.476562 0.250000 0.437500 0.250000 0.433594 0.269531 0.414062
0 0.003138 0.708409 0.000000 0.708016 0.000000 0.656988 0.006706 0.647302 0.016519 0.637043 0.018303 0.636151 0.023209 0.636597 0.029454 0.640611 0.031238 0.642841 0.032576 0.645964 0.032576 0.654438 0.029454 0.662467 0.028562 0.668711 0.026778 0.672280 0.024993 0.674510 0.023209 0.675402 0.020533 0.679862 0.020533 0.682093 0.022317 0.683430 0.026778 0.684769 0.028116 0.689229 0.028116 0.691459 0.029008 0.693243 0.029454 0.700826 0.029008 0.703056 0.027670 0.704840 0.024102 0.707516 0.019195 0.708409 0.007152 0.708409
0 0.336229 0.508471 0.330942 0.510674 0.319486 0.517284 0.315080 0.518605 0.302743 0.518605 0.301421 0.516843 0.302302 0.514640 0.302302 0.511996 0.298777 0.502303 0.299218 0.491728 0.303184 0.486000 0.304065 0.483797 0.305827 0.482034 0.310233 0.481594 0.313758 0.482475 0.318605 0.482475 0.327858 0.485559 0.332264 0.485559 0.336670 0.483797 0.341076 0.481154 0.344161 0.475425 0.349448 0.471460 0.353854 0.470138 0.356498 0.470579 0.360463 0.474104 0.366632 0.482034 0.374563 0.486441 0.375003 0.488644 0.378969 0.494371 0.380291 0.499218 0.380291 0.508471 0.381172 0.510234 0.382053 0.515080 0.381613 0.525214 0.380731 0.527418 0.377647 0.530943 0.371037 0.536230 0.367072 0.537992 0.360022 0.538433 0.356938 0.535348 0.356057 0.532705 0.350329 0.526977 0.348126 0.525655 0.344601 0.517724 0.344601 0.515521 0.339314 0.511115
0 0.279831 0.583816 0.271019 0.583375 0.265291 0.581172 0.258682 0.576325 0.256038 0.572800 0.256038 0.570597 0.257800 0.566191 0.259122 0.564429 0.260885 0.563107 0.263088 0.562666 0.267054 0.559582 0.268375 0.557820 0.277188 0.556498 0.283356 0.558260 0.286881 0.560463 0.287762 0.562226 0.287762 0.576325 0.285559 0.580732 0.283796 0.582053
0 0.318605 0.564870 0.313758 0.560023 0.310674 0.552092 0.307149 0.548126 0.305387 0.543280 0.304065 0.541517 0.303624 0.536670 0.305387 0.532705 0.308471 0.528739 0.319046 0.522571 0.321248 0.521689 0.329180 0.520808 0.332704 0.523011 0.334467 0.526536 0.335348 0.538433 0.336670 0.541077 0.340636 0.542839 0.340195 0.552092 0.337992 0.558701 0.336670 0.560463 0.334467 0.561785 0.329180 0.563107 0.322570 0.563107
0 0.972646 0.295591 0.992188 0.280934 0.997450 0.275296 1.000000 0.273597 1.000000 0.223401 0.997826 0.224561 0.995195 0.224561 0.992564 0.225688 0.988430 0.228319 0.980162 0.237714 0.978659 0.242224 0.977155 0.243728 0.971143 0.247110 0.968136 0.250493 0.966257 0.251620 0.964002 0.251996 0.962874 0.253875 0.962498 0.260639 0.961371 0.265901 0.961371 0.271914 0.959868 0.277927 0.960244 0.288075 0.961747 0.295591 0.964378 0.297094 0.967008 0.297470 0.969639 0.296718
0 0.367188 0.046875 0.382812 0.046875 0.386719 0.046875 0.386719 0.066406 0.386719 0.070312 0.367188 0.074219 0.363281 0.070312 0.367188 0.046875
