0 0.117188 0.015625 0.125000 0.015625 0.128906 0.019531 0.152344 0.019531 0.156250 0.019531 0.164062 0.027344 0.167969 0.031250 0.167969 0.035156 0.171875 0.039062 0.175781 0.042969 0.175781 0.046875 0.175781 0.050781 0.179688 0.054688 0.179688 0.062500 0.179688 0.066406 0.175781 0.070312 0.171875 0.074219 0.167969 0.074219 0.164062 0.074219 0.160156 0.078125 0.156250 0.078125 0.152344 0.082031 0.148438 0.078125 0.148438 0.074219 0.140625 0.066406 0.136719 0.062500 0.117188 0.062500 0.113281 0.066406 0.109375 0.062500 0.105469 0.062500 0.105469 0.039062 0.105469 0.035156 0.109375 0.031250 0.113281 0.027344 0.113281 0.023438 0.117188 0.019531 0.117188 0.015625
0 0.308594 0.042969 0.312500 0.046875 0.312500 0.050781 0.308594 0.054688 0.304688 0.054688 0.300781 0.058594 0.296875 0.058594 0.292969 0.058594 0.292969 0.054688 0.292969 0.050781 0.296875 0.050781 0.300781 0.050781 0.308594 0.042969
0 0.640625 0.054688 0.644531 0.058594 0.648438 0.058594 0.648438 0.070312 0.648438 0.074219 0.652344 0.078125 0.652344 0.082031 0.652344 0.085938 0.648438 0.089844 0.636719 0.089844 0.632812 0.089844 0.632812 0.082031 0.632812 0.078125 0.636719 0.074219 0.636719 0.070312 0.640625 0.066406 0.640625 0.054688
0 0.906250 0.054688 0.910156 0.054688 0.914062 0.054688 0.917969 0.058594 0.921875 0.058594 0.921875 0.066406 0.921875 0.070312 0.925781 0.074219 0.925781 0.082031 0.921875 0.085938 0.910156 0.085938 0.906250 0.085938 0.906250 0.070312 0.902344 0.066406 0.902344 0.062500 0.902344 0.058594 0.906250 0.054688
0 0.335938 0.085938 0.347656 0.085938 0.351562 0.085938 0.355469 0.089844 0.359375 0.089844 0.355469 0.093750 0.355469 0.101562 0.355469 0.105469 0.351562 0.109375 0.347656 0.109375 0.343750 0.109375 0.339844 0.113281 0.339844 0.121094 0.339844 0.125000 0.335938 0.128906 0.332031 0.128906 0.328125 0.128906 0.328125 0.125000 0.324219 0.121094 0.324219 0.113281 0.324219 0.109375 0.328125 0.105469 0.328125 0.101562 0.328125 0.097656 0.332031 0.093750 0.335938 0.089844 0.335938 0.085938
0 0.062500 0.089844 0.070312 0.097656 0.074219 0.101562 0.074219 0.105469 0.078125 0.109375 0.082031 0.109375 0.078125 0.113281 0.078125 0.121094 0.078125 0.125000 0.074219 0.128906 0.070312 0.128906 0.066406 0.132812 0.062500 0.132812 0.058594 0.128906 0.054688 0.125000 0.054688 0.121094 0.050781 0.117188 0.050781 0.113281 0.050781 0.109375 0.054688 0.105469 0.054688 0.097656 0.054688 0.093750 0.058594 0.093750 0.062500 0.089844
0 0.457031 0.089844 0.460938 0.093750 0.464844 0.097656 0.468750 0.097656 0.472656 0.101562 0.464844 0.109375 0.460938 0.113281 0.457031 0.113281 0.453125 0.109375 0.453125 0.097656 0.453125 0.093750 0.457031 0.089844
0 0.109375 0.093750 0.109375 0.097656 0.113281 0.101562 0.121094 0.101562 0.125000 0.101562 0.125000 0.105469 0.125000 0.109375 0.132812 0.117188 0.136719 0.121094 0.140625 0.121094 0.144531 0.121094 0.144531 0.128906 0.144531 0.132812 0.140625 0.136719 0.140625 0.140625 0.136719 0.144531 0.132812 0.144531 0.128906 0.148438 0.121094 0.148438 0.117188 0.152344 0.113281 0.152344 0.113281 0.148438 0.105469 0.140625 0.101562 0.140625 0.101562 0.136719 0.097656 0.132812 0.101562 0.128906 0.101562 0.109375 0.101562 0.105469 0.105469 0.101562 0.109375 0.097656 0.109375 0.093750
0 0.292969 0.144531 0.300781 0.144531 0.304688 0.144531 0.304688 0.148438 0.308594 0.152344 0.312500 0.152344 0.312500 0.156250 0.316406 0.160156 0.320312 0.160156 0.324219 0.160156 0.328125 0.164062 0.332031 0.167969 0.335938 0.167969 0.339844 0.171875 0.339844 0.175781 0.335938 0.179688 0.332031 0.183594 0.328125 0.183594 0.324219 0.187500 0.320312 0.187500 0.316406 0.187500 0.312500 0.191406 0.312500 0.195312 0.312500 0.199219 0.308594 0.203125 0.304688 0.207031 0.292969 0.207031 0.289062 0.207031 0.285156 0.203125 0.285156 0.195312 0.285156 0.191406 0.281250 0.187500 0.277344 0.187500 0.273438 0.183594 0.273438 0.175781 0.269531 0.171875 0.277344 0.164062 0.281250 0.160156 0.285156 0.160156 0.289062 0.156250 0.292969 0.152344 0.292969 0.144531
0 0.769531 0.226562 0.769531 0.222656 0.765625 0.218750 0.761719 0.218750 0.757812 0.214844 0.757812 0.199219 0.748966 0.199219 0.742407 0.197059 0.735000 0.192521 0.729401 0.190862 0.725997 0.191665 0.720412 0.191627 0.717491 0.192521 0.715616 0.194396 0.714721 0.197509 0.715424 0.201387 0.717491 0.203454 0.728445 0.206452 0.734895 0.207393 0.737381 0.209000 0.742188 0.210611 0.746094 0.214844 0.746094 0.222656 0.750000 0.222656 0.753906 0.226562 0.757812 0.226562 0.761719 0.230469 0.765625 0.230469
0 0.585938 0.214844 0.589844 0.218750 0.593750 0.218750 0.597656 0.218750 0.597656 0.226562 0.597656 0.230469 0.593750 0.234375 0.589844 0.238281 0.589844 0.242188 0.585938 0.246094 0.582031 0.250000 0.574219 0.250000 0.570312 0.250000 0.570312 0.246094 0.570312 0.242188 0.574219 0.238281 0.578125 0.238281 0.582031 0.234375 0.585938 0.230469 0.585938 0.214844
0 0.882812 0.214844 0.886719 0.214844 0.890625 0.214844 0.894531 0.218750 0.894531 0.222656 0.894531 0.226562 0.890625 0.230469 0.886719 0.230469 0.882812 0.230469 0.878906 0.234375 0.878906 0.242188 0.875000 0.246094 0.871094 0.246094 0.867188 0.250000 0.859375 0.250000 0.855469 0.250000 0.851562 0.253906 0.847656 0.257812 0.847656 0.250000 0.847656 0.246094 0.851562 0.242188 0.851562 0.238281 0.851562 0.234375 0.855469 0.234375 0.859375 0.230469 0.867188 0.230469 0.871094 0.230469 0.875000 0.226562 0.878906 0.222656 0.878906 0.218750 0.882812 0.214844
0 0.191406 0.238281 0.195312 0.242188 0.210938 0.242188 0.214844 0.242188 0.214844 0.246094 0.214844 0.250000 0.210938 0.253906 0.210938 0.257812 0.210938 0.261719 0.207031 0.265625 0.203125 0.265625 0.199219 0.265625 0.191406 0.273438 0.191406 0.277344 0.187500 0.273438 0.183594 0.273438 0.179688 0.273438 0.171875 0.265625 0.167969 0.265625 0.167969 0.261719 0.164062 0.257812 0.167969 0.253906 0.171875 0.253906 0.175781 0.253906 0.179688 0.250000 0.179688 0.246094 0.183594 0.242188 0.187500 0.242188 0.191406 0.238281
0 0.917969 0.250000 0.929688 0.250000 0.933594 0.250000 0.937500 0.253906 0.941406 0.253906 0.937500 0.257812 0.937500 0.261719 0.937500 0.265625 0.933594 0.269531 0.921875 0.269531 0.917969 0.269531 0.914062 0.265625 0.914062 0.261719 0.914062 0.257812 0.917969 0.253906 0.917969 0.250000
0 0.808594 0.253906 0.816406 0.253906 0.820312 0.253906 0.820312 0.261719 0.816406 0.265625 0.808594 0.265625 0.804688 0.265625 0.804688 0.261719 0.804688 0.257812 0.808594 0.253906
0 0.347656 0.312500 0.355469 0.312500 0.359375 0.312500 0.371094 0.324219 0.375000 0.328125 0.382812 0.328125 0.386719 0.328125 0.386719 0.332031 0.386719 0.335938 0.382812 0.339844 0.378906 0.339844 0.375000 0.339844 0.371094 0.343750 0.367188 0.343750 0.363281 0.347656 0.363281 0.343750 0.359375 0.339844 0.359375 0.335938 0.355469 0.332031 0.351562 0.332031 0.351562 0.328125 0.351562 0.324219 0.347656 0.320312 0.347656 0.312500
0 0.589844 0.320312 0.601562 0.320312 0.605469 0.320312 0.605469 0.332031 0.609375 0.335938 0.605469 0.339844 0.601562 0.343750 0.597656 0.343750 0.593750 0.347656 0.589844 0.343750 0.578125 0.343750 0.574219 0.339844 0.574219 0.335938 0.574219 0.332031 0.578125 0.328125 0.582031 0.328125 0.585938 0.328125 0.589844 0.324219 0.589844 0.320312
0 0.964844 0.367188 0.968750 0.367188 0.972656 0.367188 0.976562 0.371094 0.976562 0.375000 0.976562 0.378906 0.964844 0.390625 0.964844 0.394531 0.960938 0.398438 0.957031 0.398438 0.953125 0.402344 0.949219 0.398438 0.949219 0.386719 0.949219 0.382812 0.953125 0.378906 0.957031 0.378906 0.960938 0.375000 0.960938 0.371094 0.964844 0.367188
0 0.738281 0.425781 0.742188 0.429688 0.746094 0.429688 0.750000 0.429688 0.750000 0.433594 0.750000 0.437500 0.746094 0.441406 0.746094 0.445312 0.746094 0.449219 0.742188 0.453125 0.738281 0.457031 0.734375 0.453125 0.726562 0.453125 0.722656 0.453125 0.722656 0.449219 0.722656 0.445312 0.726562 0.441406 0.726562 0.437500 0.730469 0.437500 0.734375 0.433594 0.734375 0.429688 0.738281 0.425781
0 0.238281 0.433594 0.246094 0.433594 0.250000 0.433594 0.250000 0.437500 0.250000 0.441406 0.246094 0.445312 0.242188 0.449219 0.242188 0.445312 0.238281 0.441406 0.234375 0.437500 0.238281 0.433594
0 0.417969 0.476562 0.425781 0.476562 0.429688 0.476562 0.429688 0.480469 0.429688 0.484375 0.425781 0.488281 0.425781 0.492188 0.425781 0.496094 0.421875 0.500000 0.417969 0.500000 0.414062 0.503906 0.414062 0.484375 0.414062 0.480469 0.417969 0.476562
0 0.789062 0.500000 0.796875 0.500000 0.800781 0.500000 0.800781 0.511719 0.800781 0.515625 0.796875 0.519531 0.796875 0.523438 0.792969 0.519531 0.792969 0.515625 0.792969 0.511719 0.789062 0.507812 0.789062 0.500000
0 0.589844 0.511719 0.593750 0.515625 0.601562 0.515625 0.605469 0.515625 0.609375 0.519531 0.613281 0.519531 0.601562 0.531250 0.597656 0.531250 0.597656 0.527344 0.593750 0.523438 0.589844 0.523438 0.589844 0.511719
0 0.507812 0.531250 0.515625 0.531250 0.519531 0.531250 0.523438 0.535156 0.527344 0.535156 0.531250 0.535156 0.531250 0.539062 0.535156 0.542969 0.535156 0.546875 0.531250 0.550781 0.527344 0.554688 0.527344 0.566406 0.523438 0.570312 0.515625 0.570312 0.511719 0.570312 0.507812 0.566406 0.503906 0.562500 0.500000 0.562500 0.496094 0.562500 0.496094 0.554688 0.496094 0.550781 0.500000 0.546875 0.500000 0.539062 0.500000 0.535156 0.503906 0.535156 0.507812 0.531250
0 0.628906 0.542969 0.636719 0.542969 0.640625 0.546875 0.640625 0.558594 0.636719 0.562500 0.636719 0.578125 0.640625 0.582031 0.636719 0.582031 0.632812 0.585938 0.628906 0.582031 0.621094 0.582031 0.617188 0.582031 0.617188 0.574219 0.617188 0.570312 0.621094 0.566406 0.625000 0.562500 0.625000 0.550781 0.625000 0.546875 0.628906 0.542969
0 0.121094 0.546875 0.125000 0.546875 0.128906 0.546875 0.132812 0.550781 0.136719 0.550781 0.136719 0.554688 0.140625 0.558594 0.140625 0.562500 0.140625 0.566406 0.132812 0.574219 0.128906 0.578125 0.121094 0.578125 0.117188 0.578125 0.117188 0.554688 0.117188 0.550781 0.121094 0.546875
0 0.281250 0.578125 0.292969 0.578125 0.296875 0.578125 0.300781 0.582031 0.304688 0.585938 0.304688 0.589844 0.308594 0.593750 0.308594 0.601562 0.308594 0.605469 0.304688 0.609375 0.300781 0.613281 0.296875 0.613281 0.292969 0.613281 0.292969 0.605469 0.289062 0.601562 0.277344 0.601562 0.273438 0.601562 0.273438 0.589844 0.269531 0.585938 0.273438 0.585938 0.281250 0.578125
0 0.507812 0.609375 0.523438 0.609375 0.527344 0.613281 0.523438 0.617188 0.519531 0.621094 0.511719 0.621094 0.507812 0.625000 0.507812 0.609375
0 0.300781 0.644531 0.304688 0.648438 0.308594 0.648438 0.312500 0.652344 0.312500 0.656250 0.316406 0.660156 0.320312 0.660156 0.320312 0.664062 0.320312 0.667969 0.316406 0.671875 0.312500 0.675781 0.300781 0.675781 0.296875 0.675781 0.296875 0.652344 0.296875 0.648438 0.300781 0.644531
0 0.496094 0.664062 0.500000 0.667969 0.503906 0.667969 0.507812 0.671875 0.507812 0.675781 0.503906 0.679688 0.503906 0.683594 0.500000 0.687500 0.492188 0.687500 0.488281 0.683594 0.488281 0.675781 0.488281 0.671875 0.492188 0.671875 0.496094 0.667969 0.496094 0.664062
0 0.183594 0.671875 0.195312 0.671875 0.199219 0.671875 0.199219 0.675781 0.199219 0.679688 0.195312 0.683594 0.195312 0.687500 0.191406 0.691406 0.187500 0.691406 0.183594 0.687500 0.183594 0.679688 0.179688 0.675781 0.183594 0.671875
0 0.128906 0.679688 0.132812 0.679688 0.136719 0.679688 0.136719 0.695312 0.136719 0.699219 0.132812 0.703125 0.128906 0.703125 0.125000 0.707031 0.121094 0.710938 0.121094 0.703125 0.117188 0.699219 0.121094 0.695312 0.121094 0.687500 0.121094 0.683594 0.125000 0.683594 0.128906 0.679688
0 0.769531 0.691406 0.773438 0.691406 0.777344 0.691406 0.781250 0.695312 0.785156 0.699219 0.785156 0.703125 0.789062 0.707031 0.796875 0.707031 0.800781 0.707031 0.800781 0.710938 0.800781 0.714844 0.796875 0.718750 0.785156 0.718750 0.781250 0.722656 0.777344 0.718750 0.777344 0.710938 0.777344 0.707031 0.773438 0.703125 0.769531 0.703125 0.769531 0.691406
0 0.398438 0.703125 0.406250 0.703125 0.410156 0.703125 0.410156 0.707031 0.410156 0.710938 0.406250 0.714844 0.402344 0.718750 0.398438 0.718750 0.394531 0.714844 0.394531 0.710938 0.394531 0.707031 0.398438 0.703125
0 0.917969 0.710938 0.929688 0.710938 0.933594 0.710938 0.933594 0.714844 0.937500 0.718750 0.937500 0.734375 0.937500 0.738281 0.941406 0.742188 0.941406 0.750000 0.945312 0.753906 0.945312 0.757812 0.941406 0.761719 0.937500 0.765625 0.933594 0.761719 0.925781 0.761719 0.921875 0.761719 0.921875 0.757812 0.917969 0.753906 0.917969 0.734375 0.914062 0.730469 0.917969 0.726562 0.917969 0.710938
0 0.265625 0.734375 0.273438 0.734375 0.277344 0.738281 0.277344 0.742188 0.273438 0.746094 0.269531 0.750000 0.265625 0.750000 0.265625 0.734375
0 0.203125 0.750000 0.207031 0.753906 0.210938 0.753906 0.210938 0.761719 0.210938 0.765625 0.207031 0.769531 0.203125 0.769531 0.199219 0.773438 0.195312 0.773438 0.191406 0.769531 0.191406 0.765625 0.191406 0.761719 0.195312 0.757812 0.195312 0.753906 0.199219 0.753906 0.203125 0.750000
0 0.644531 0.753906 0.652344 0.753906 0.656250 0.753906 0.656250 0.761719 0.660156 0.765625 0.656250 0.765625 0.652344 0.769531 0.648438 0.769531 0.644531 0.769531 0.644531 0.765625 0.640625 0.761719 0.644531 0.757812 0.644531 0.753906
0 0.464844 0.804688 0.480469 0.804688 0.484375 0.804688 0.488281 0.808594 0.492188 0.812500 0.492188 0.816406 0.488281 0.820312 0.488281 0.828125 0.484375 0.832031 0.480469 0.832031 0.476562 0.828125 0.468750 0.828125 0.464844 0.828125 0.464844 0.804688
0 0.933594 0.808594 0.941406 0.808594 0.945312 0.812500 0.953125 0.812500 0.957031 0.812500 0.960938 0.808594 0.960304 0.805655 0.970893 0.801922 0.980700 0.803673 0.986784 0.804848 0.989342 0.811313 0.989158 0.820117 0.965474 0.824376 0.945312 0.824219 0.941406 0.824219 0.939019 0.821832 0.937500 0.820312 0.933594 0.816406 0.933594 0.808594
0 0.027344 0.828125 0.035156 0.828125 0.039062 0.828125 0.042969 0.832031 0.046875 0.835938 0.046875 0.847656 0.046875 0.851562 0.054688 0.859375 0.058594 0.863281 0.058594 0.871094 0.058594 0.875000 0.054688 0.878906 0.054688 0.882812 0.050781 0.886719 0.046875 0.890625 0.042969 0.890625 0.035156 0.882812 0.031250 0.878906 0.031250 0.875000 0.031250 0.871094 0.035156 0.867188 0.035156 0.859375 0.035156 0.855469 0.031250 0.851562 0.023438 0.851562 0.019531 0.847656 0.019531 0.839844 0.019531 0.835938 0.027344 0.828125
0 0.746094 0.832031 0.750000 0.835938 0.750000 0.839844 0.753906 0.843750 0.757812 0.847656 0.765625 0.847656 0.769531 0.847656 0.773438 0.843750 0.777344 0.843750 0.781250 0.843750 0.781250 0.859375 0.777344 0.863281 0.777344 0.878906 0.777344 0.882812 0.781250 0.886719 0.781250 0.902344 0.781250 0.906250 0.777344 0.910156 0.773438 0.914062 0.769531 0.914062 0.765625 0.917969 0.761719 0.917969 0.757812 0.921875 0.757812 0.914062 0.757812 0.910156 0.750000 0.902344 0.746094 0.898438 0.742188 0.898438 0.738281 0.898438 0.738281 0.894531 0.734375 0.890625 0.714844 0.890625 0.710938 0.890625 0.710938 0.886719 0.707031 0.882812 0.707031 0.878906 0.703125 0.875000 0.707031 0.871094 0.707031 0.859375 0.707031 0.855469 0.710938 0.855469 0.714844 0.851562 0.726562 0.851562 0.730469 0.851562 0.734375 0.847656 0.734375 0.843750 0.734375 0.839844 0.738281 0.835938 0.742188 0.835938 0.746094 0.832031
0 0.996094 0.835938 1.000000 0.835938 1.000000 0.835938 1.000000 0.855469 0.988281 0.855469 0.984375 0.855469 0.984375 0.851562 0.980469 0.847656 0.984375 0.843750 0.988281 0.839844 0.992188 0.839844 0.996094 0.835938
0 0.164062 0.855469 0.171875 0.855469 0.175781 0.855469 0.179688 0.859375 0.183594 0.859375 0.183594 0.863281 0.183594 0.867188 0.179688 0.871094 0.179688 0.875000 0.175781 0.878906 0.171875 0.878906 0.167969 0.878906 0.164062 0.875000 0.160156 0.875000 0.160156 0.863281 0.160156 0.859375 0.164062 0.855469
0 0.597656 0.859375 0.601562 0.859375 0.605469 0.859375 0.609375 0.863281 0.609375 0.867188 0.613281 0.871094 0.613281 0.875000 0.609375 0.878906 0.605469 0.882812 0.605469 0.902344 0.605469 0.906250 0.609375 0.910156 0.617188 0.910156 0.621094 0.910156 0.621094 0.925781 0.621094 0.929688 0.617188 0.933594 0.593750 0.933594 0.589844 0.933594 0.585938 0.937500 0.582031 0.937500 0.578125 0.933594 0.578125 0.898438 0.574219 0.894531 0.578125 0.890625 0.578125 0.886719 0.582031 0.886719 0.585938 0.882812 0.589844 0.878906 0.589844 0.871094 0.589844 0.867188 0.597656 0.859375
0 0.671875 0.902344 0.675781 0.902344 0.679688 0.902344 0.679688 0.906250 0.679688 0.910156 0.683594 0.914062 0.687500 0.914062 0.687500 0.917969 0.691406 0.921875 0.703125 0.921875 0.707031 0.921875 0.707031 0.925781 0.710938 0.929688 0.710938 0.945312 0.714844 0.949219 0.710938 0.953125 0.710938 0.957031 0.707031 0.960938 0.707031 0.964844 0.703125 0.968750 0.703125 0.972656 0.699219 0.968750 0.695312 0.968750 0.691406 0.964844 0.687500 0.960938 0.683594 0.960938 0.679688 0.960938 0.675781 0.957031 0.671875 0.953125 0.667969 0.953125 0.664062 0.953125 0.664062 0.929688 0.664062 0.925781 0.660156 0.921875 0.660156 0.914062 0.660156 0.910156 0.664062 0.906250 0.667969 0.906250 0.671875 0.902344
0 0.332031 0.937500 0.339844 0.937500 0.343750 0.937500 0.343750 0.949219 0.339844 0.953125 0.335938 0.953125 0.335938 0.949219 0.332031 0.945312 0.332031 0.937500
0 0.851562 0.953125 0.859375 0.953125 0.863281 0.953125 0.867188 0.957031 0.867188 0.964844 0.871094 0.968750 0.882812 0.968750 0.886719 0.968750 0.890625 0.972656 0.894531 0.976562 0.898438 0.976562 0.902344 0.980469 0.914062 0.980469 0.917969 0.980469 0.917969 0.984375 0.917969 0.988281 0.914062 0.992188 0.914062 0.996094 0.910156 1.000000 0.878906 1.000000 0.875000 1.000000 0.875000 0.996094 0.871094 0.992188 0.859375 0.992188 0.855469 0.992188 0.851562 0.988281 0.847656 0.984375 0.847656 0.976562 0.843750 0.972656 0.843750 0.968750 0.843750 0.964844 0.847656 0.964844 0.851562 0.960938 0.851562 0.953125
0 0.967907 0.183225 0.961100 0.183225 0.946732 0.176419 0.944463 0.176041 0.943329 0.174150 0.941438 0.165831 0.941438 0.163563 0.943329 0.162428 0.944463 0.160537 0.945976 0.157135 0.946732 0.151463 0.948245 0.149950 0.957319 0.149572 0.962613 0.155244 0.970175 0.158647 0.975469 0.165453 0.979250 0.167722 0.980384 0.169991 0.980384 0.172637 0.979250 0.175284 0.974713 0.180578 0.970932 0.182091
0 0.042969 0.378906 0.058594 0.382812 0.062500 0.382812 0.078125 0.406250 0.082031 0.410156 0.082031 0.429688 0.082031 0.433594 0.070312 0.445312 0.066406 0.449219 0.066406 0.472656 0.066406 0.476562 0.062500 0.476562 0.058594 0.476562 0.054688 0.464844 0.054688 0.460938 0.031250 0.441406 0.027344 0.437500 0.019531 0.417969 0.015625 0.414062 0.019531 0.394531 0.019531 0.390625 0.042969 0.378906
0 0.101562 0.300781 0.117188 0.304688 0.121094 0.308594 0.117188 0.324219 0.117188 0.328125 0.093750 0.359375 0.089844 0.363281 0.062500 0.375000 0.058594 0.375000 0.039062 0.355469 0.039062 0.351562 0.085938 0.308594 0.089844 0.304688 0.101562 0.300781
0 0.164062 0.531250 0.183594 0.531250 0.187500 0.531250 0.191406 0.546875 0.191406 0.550781 0.179688 0.554688 0.175781 0.558594 0.167969 0.554688 0.164062 0.554688 0.164062 0.531250
0 0.960124 0.283684 0.955113 0.258633 0.961794 0.236087 0.986845 0.223561 0.991020 0.226066 0.993525 0.231077 0.995195 0.257798 0.985175 0.278673 0.977659 0.282849 0.966804 0.283684
0 0.457031 0.882812 0.472656 0.882812 0.476562 0.886719 0.476562 0.902344 0.476562 0.906250 0.468750 0.917969 0.464844 0.921875 0.453125 0.921875 0.449219 0.921875 0.449219 0.894531 0.449219 0.890625 0.457031 0.882812
0 0.485248 0.901507 0.480320 0.903355 0.478779 0.907360 0.479088 0.909516 0.476931 0.913213 0.476931 0.915370 0.480320 0.917834 0.484324 0.919682 0.487405 0.922455 0.492334 0.928924 0.496646 0.930464 0.498803 0.930464 0.499727 0.928308 0.503732 0.926460 0.504348 0.921531 0.505580 0.919066 0.505272 0.914754 0.500959 0.907052 0.498803 0.907052 0.496955 0.906128 0.494490 0.902739 0.488021 0.900891
0 0.392487 0.824417 0.391177 0.826512 0.387510 0.828870 0.386724 0.830704 0.386462 0.833061 0.387510 0.835419 0.390130 0.838562 0.390654 0.840920 0.403489 0.840658 0.406109 0.844325 0.410300 0.845635 0.412658 0.845635 0.414491 0.844849 0.415801 0.843277 0.416325 0.832013 0.414753 0.830442 0.411086 0.828608 0.410038 0.823893 0.403751 0.822321 0.394321 0.823369
0 0.028890 0.345429 0.032125 0.349203 0.033204 0.353516 0.033204 0.361065 0.031047 0.365918 0.029429 0.367535 0.022420 0.369153 0.018106 0.369153 0.008940 0.366457 0.008401 0.364300 0.011097 0.357830 0.011097 0.352977 0.009480 0.351359 0.010019 0.343811 0.014871 0.342193 0.021881 0.342193 0.024037 0.342733
0 0.847656 0.589844 0.855469 0.597656 0.859375 0.601562 0.855469 0.617188 0.855469 0.621094 0.847656 0.628906 0.843750 0.632812 0.816406 0.628906 0.812500 0.628906 0.816406 0.613281 0.816406 0.609375 0.847656 0.589844
0 0.839844 0.535156 0.855469 0.535156 0.859375 0.539062 0.859375 0.574219 0.859375 0.578125 0.843750 0.578125 0.839844 0.578125 0.832031 0.570312 0.828125 0.566406 0.828125 0.550781 0.828125 0.546875 0.839844 0.535156
0 0.820312 0.519531 0.835938 0.523438 0.839844 0.527344 0.835938 0.539062 0.835938 0.542969 0.828125 0.546875 0.824219 0.550781 0.812500 0.546875 0.808594 0.546875 0.808594 0.531250 0.808594 0.527344 0.820312 0.519531
0 0.484375 0.140625 0.488281 0.140625 0.492188 0.140625 0.511719 0.160156 0.515625 0.164062 0.515625 0.183594 0.511719 0.187500 0.488281 0.191406 0.484375 0.191406 0.472656 0.183594 0.468750 0.179688 0.464844 0.160156 0.464844 0.156250 0.472656 0.148438 0.472656 0.144531 0.484375 0.140625
0 0.527344 0.156250 0.554688 0.160156 0.558594 0.164062 0.558594 0.191406 0.554688 0.195312 0.539062 0.195312 0.535156 0.195312 0.523438 0.187500 0.519531 0.183594 0.519531 0.171875 0.519531 0.167969 0.527344 0.156250
0 1.000000 0.781250 1.000000 0.781250 0.996094 0.781250 0.988281 0.773438 0.984375 0.769531 0.964844 0.718750 0.964844 0.714844 0.962843 0.700729 0.938546 0.700896 0.945312 0.691406 0.945312 0.687500 0.949219 0.679688 0.953125 0.675781 0.952064 0.647986 0.953262 0.640016 0.967130 0.635049 0.975345 0.646338 0.988281 0.644531 1.000000 0.636719 1.000000 0.636719
0 0.020709 0.480545 0.015262 0.485991 0.013062 0.486583 0.010014 0.488615 0.003334 0.490412 0.000000 0.489515 0.000000 0.463116 0.002428 0.460689 0.009107 0.458892 0.015787 0.460689 0.020709 0.465611 0.022506 0.473865
0 0.180591 0.358405 0.180591 0.363129 0.179888 0.365668 0.178013 0.367543 0.175474 0.368246 0.172935 0.367543 0.171060 0.365668 0.170357 0.363129 0.170885 0.351393 0.169832 0.347909 0.170535 0.345370 0.172410 0.343495 0.175474 0.342792 0.178013 0.343495 0.179888 0.345370 0.180591 0.347909 0.181116 0.356306
0 0.278553 0.463284 0.276678 0.465159 0.274139 0.465862 0.271600 0.465159 0.269725 0.463284 0.268597 0.459532 0.267101 0.458036 0.266402 0.455063 0.263952 0.450688 0.263249 0.445525 0.263952 0.442986 0.266352 0.440586 0.268891 0.439883 0.271430 0.440586 0.273305 0.442461 0.274008 0.445000 0.273479 0.447417 0.277503 0.454007 0.279256 0.460745
0 0.671875 0.000000 0.671875 0.000000 0.675781 0.003906 0.683594 0.003906 0.687500 0.003906 0.687500 0.011719 0.687500 0.015625 0.683594 0.019531 0.683594 0.023438 0.679688 0.027344 0.675781 0.031250 0.671875 0.031250 0.667969 0.035156 0.656250 0.035156 0.652344 0.035156 0.652344 0.031250 0.648438 0.027344 0.644531 0.023438 0.644531 0.000000
0 0.488479 0.379313 0.485816 0.382783 0.487954 0.384731 0.488657 0.387270 0.487954 0.389809 0.486079 0.391684 0.483540 0.392387 0.478902 0.391160 0.475452 0.388235 0.474749 0.382547 0.475452 0.380008 0.479126 0.374235 0.481001 0.372360 0.483540 0.371657 0.486604 0.372360 0.488479 0.374235 0.489182 0.376774
0 0.510521 0.250209 0.508623 0.252632 0.507897 0.255457 0.505497 0.257857 0.502958 0.258560 0.500199 0.257636 0.498760 0.258035 0.496221 0.257332 0.494346 0.255457 0.493643 0.251868 0.495395 0.247230 0.499894 0.242206 0.504008 0.240978 0.508646 0.241681 0.510521 0.243556 0.511224 0.247670
0 0.405558 0.181458 0.398960 0.187532 0.396421 0.188235 0.393357 0.187532 0.391482 0.185657 0.390779 0.183118 0.391482 0.180579 0.394138 0.178446 0.392832 0.178085 0.390957 0.176210 0.390254 0.173671 0.390957 0.171132 0.392832 0.169257 0.395371 0.168554 0.401059 0.169257 0.403984 0.171657 0.405558 0.174280 0.406261 0.178919
0 0.670589 0.117955 0.669540 0.120055 0.667665 0.121930 0.665126 0.122633 0.656204 0.122633 0.652615 0.121405 0.649691 0.118480 0.648988 0.115941 0.649691 0.113402 0.655239 0.106804 0.664601 0.105051 0.667665 0.105754 0.669540 0.107629 0.671293 0.112268 0.671293 0.115416
0 0.903647 0.105452 0.901772 0.107327 0.891102 0.109386 0.888562 0.108682 0.886688 0.106807 0.885984 0.103817 0.889850 0.094050 0.893532 0.090819 0.896974 0.090116 0.899513 0.090819 0.901388 0.092694 0.902091 0.095233 0.901608 0.096980 0.903647 0.099922 0.904350 0.102913
