0 0.758000 0.194147 0.757191 0.191881 0.750878 0.186701 0.744242 0.178446 0.742786 0.176504 0.742300 0.174400 0.742300 0.172296 0.746832 0.171163 0.756382 0.171163 0.760428 0.172943 0.764474 0.176666 0.773377 0.182655 0.779365 0.184759 0.780984 0.185892 0.782926 0.185245 0.784868 0.187511 0.791666 0.192690 0.800083 0.196251 0.803968 0.199002 0.805586 0.200945 0.806071 0.202887 0.804939 0.204829 0.804939 0.206934 0.803320 0.211466 0.802025 0.213246 0.795713 0.214217 0.789077 0.209685 0.780984 0.206610 0.773053 0.202239 0.761885 0.198841 0.758971 0.195765
0 0.875185 0.196089 0.867577 0.196575 0.865797 0.195604 0.861427 0.189615 0.859970 0.184921 0.859808 0.180389 0.861103 0.178123 0.864502 0.175209 0.867416 0.169059 0.869358 0.167926 0.872595 0.167926 0.883763 0.169545 0.888457 0.171163 0.894769 0.175371 0.895902 0.179418 0.895093 0.181522 0.895093 0.185730 0.878907 0.199164 0.876479 0.198679
0 0.215334 0.240239 0.205269 0.240239 0.201716 0.237871 0.188690 0.236095 0.185138 0.236687 0.182177 0.240239 0.178625 0.242608 0.173296 0.244384 0.171520 0.245568 0.169151 0.245568 0.161454 0.243792 0.146652 0.243200 0.144283 0.242608 0.140731 0.239055 0.137178 0.231358 0.135994 0.226621 0.135994 0.221884 0.137770 0.220108 0.147836 0.215964 0.150796 0.208858 0.152573 0.207082 0.153757 0.204714 0.155533 0.202937 0.157902 0.202345 0.159086 0.200569 0.165007 0.196425 0.169151 0.191096 0.172112 0.189911 0.178625 0.189911 0.183954 0.191096 0.188098 0.193464 0.189875 0.197609 0.189875 0.202937 0.185730 0.210043 0.183954 0.214779 0.197572 0.217148 0.204677 0.217148 0.207637 0.217740 0.209414 0.219516 0.211782 0.220108 0.225992 0.230766 0.228361 0.235503 0.228953 0.240239 0.224808 0.242608 0.220071 0.243200
0 0.648438 0.894531 0.660156 0.898438 0.664062 0.902344 0.671875 0.929688 0.675781 0.933594 0.679688 0.980469 0.679688 0.984375 0.675781 0.988281 0.675781 0.992188 0.667969 0.992188 0.664062 0.996094 0.652344 0.992188 0.648438 0.988281 0.644531 0.972656 0.640625 0.968750 0.636719 0.917969 0.636719 0.914062 0.648438 0.894531
0 0.640639 0.997670 0.635978 1.000000 0.627747 1.000000 0.625416 0.997670 0.619214 0.994287 0.617523 0.992595 0.618087 0.989776 0.619214 0.988085 0.623161 0.984702 0.627107 0.982446 0.647405 0.982446 0.653043 0.981883 0.659245 0.980191 0.682361 0.977936 0.689127 0.975117 0.695893 0.974553 0.697584 0.973425 0.700404 0.973425 0.705478 0.971734 0.712244 0.970607 0.715063 0.968351 0.721265 0.964968 0.728030 0.959330 0.733669 0.953128 0.735924 0.948618 0.739307 0.945235 0.742690 0.942980 0.744945 0.945235 0.744945 0.954256 0.743817 0.957075 0.737615 0.970043 0.734232 0.973425 0.728595 0.976809 0.720701 0.980755 0.711116 0.983574 0.705478 0.987521 0.701531 0.988648 0.684617 0.995978 0.671085 0.998234 0.653043 0.998797 0.650788 0.999925 0.647405 0.999925
0 0.681234 0.365069 0.674468 0.364505 0.672213 0.363377 0.670521 0.361686 0.666011 0.354356 0.666575 0.347591 0.667702 0.345899 0.674468 0.344207 0.678979 0.344207 0.680670 0.339133 0.682925 0.338570 0.688563 0.335187 0.709988 0.334623 0.710552 0.336878 0.711680 0.338570 0.713371 0.339697 0.712244 0.341952 0.703223 0.349282 0.699840 0.349846 0.690819 0.353229 0.686872 0.361686
0 0.024601 0.330996 0.017911 0.330996 0.011964 0.328766 0.010477 0.327279 0.008247 0.326536 0.007504 0.323562 0.007504 0.319102 0.006761 0.316872 0.006761 0.299031 0.011221 0.295314 0.022371 0.293084 0.025345 0.290111 0.030548 0.290111 0.032778 0.290854 0.040212 0.297545 0.039468 0.302005 0.037982 0.303491 0.035008 0.312412 0.032778 0.325049 0.030548 0.325792
0 0.429688 0.089844 0.449219 0.093750 0.453125 0.093750 0.480469 0.121094 0.484375 0.125000 0.488281 0.132812 0.492188 0.136719 0.492188 0.160156 0.492188 0.164062 0.480469 0.164062 0.476562 0.164062 0.445312 0.132812 0.441406 0.128906 0.429688 0.101562 0.425781 0.097656 0.429688 0.089844
0 0.617188 0.039062 0.636719 0.042969 0.640625 0.046875 0.636719 0.078125 0.636719 0.082031 0.625000 0.097656 0.625000 0.101562 0.574219 0.113281 0.570312 0.117188 0.539062 0.113281 0.535156 0.113281 0.535156 0.078125 0.539062 0.074219 0.562500 0.066406 0.566406 0.066406 0.617188 0.039062
0 0.332031 0.070312 0.343750 0.070312 0.347656 0.070312 0.347656 0.078125 0.347656 0.082031 0.343750 0.085938 0.339844 0.085938 0.335938 0.085938 0.332031 0.082031 0.332031 0.078125 0.328125 0.074219 0.332031 0.070312
0 0.636719 0.113281 0.640625 0.113281 0.644531 0.113281 0.648438 0.117188 0.652344 0.121094 0.652344 0.125000 0.652344 0.128906 0.656250 0.132812 0.656250 0.136719 0.656250 0.140625 0.652344 0.144531 0.648438 0.144531 0.644531 0.148438 0.640625 0.148438 0.636719 0.144531 0.636719 0.113281
0 0.289062 0.207031 0.300781 0.207031 0.304688 0.207031 0.304688 0.238281 0.304688 0.242188 0.300781 0.246094 0.300781 0.250000 0.300781 0.253906 0.296875 0.257812 0.296875 0.261719 0.292969 0.265625 0.285156 0.265625 0.281250 0.265625 0.281250 0.261719 0.277344 0.257812 0.277344 0.222656 0.277344 0.218750 0.281250 0.218750 0.285156 0.218750 0.289062 0.214844 0.289062 0.207031
0 0.363281 0.281250 0.375000 0.281250 0.378906 0.281250 0.378906 0.285156 0.382812 0.289062 0.382812 0.292969 0.378906 0.296875 0.375000 0.296875 0.371094 0.292969 0.363281 0.292969 0.359375 0.292969 0.359375 0.289062 0.359375 0.285156 0.363281 0.281250
0 0.570925 0.352713 0.597044 0.352101 0.604318 0.353326 0.612278 0.359681 0.605469 0.363281 0.605469 0.367188 0.601562 0.371094 0.597656 0.375000 0.593750 0.375000 0.589844 0.371094 0.566406 0.371094 0.562500 0.371094 0.562500 0.367188 0.562500 0.363281 0.566406 0.363281 0.568170 0.356007 0.570312 0.355469
0 0.812500 0.410156 0.816406 0.414062 0.820312 0.414062 0.820312 0.421875 0.816406 0.425781 0.816406 0.445312 0.816406 0.449219 0.812500 0.453125 0.808594 0.453125 0.804688 0.449219 0.800781 0.449219 0.796875 0.445312 0.792969 0.445312 0.789062 0.445312 0.789062 0.441406 0.785156 0.437500 0.796875 0.425781 0.796875 0.421875 0.800781 0.421875 0.804688 0.421875 0.808594 0.417969 0.808594 0.414062 0.812500 0.410156
0 0.023438 0.636719 0.027344 0.636719 0.031250 0.636719 0.027344 0.640625 0.027344 0.652344 0.031250 0.656250 0.046875 0.656250 0.050781 0.656250 0.046875 0.660156 0.046875 0.679688 0.050781 0.683594 0.050781 0.691406 0.050781 0.695312 0.046875 0.699219 0.042969 0.703125 0.027344 0.703125 0.023438 0.703125 0.023438 0.699219 0.019531 0.695312 0.019531 0.683594 0.019531 0.679688 0.023438 0.675781 0.023438 0.671875 0.027344 0.667969 0.027344 0.644531 0.027344 0.640625 0.023438 0.636719
0 0.242188 0.718750 0.250000 0.718750 0.253906 0.718750 0.257812 0.722656 0.253906 0.726562 0.253906 0.730469 0.250000 0.734375 0.246094 0.734375 0.242188 0.734375 0.242188 0.718750
0 0.195312 0.863281 0.199219 0.863281 0.203125 0.863281 0.207031 0.867188 0.207031 0.875000 0.207031 0.878906 0.203125 0.882812 0.203125 0.886719 0.199219 0.890625 0.195312 0.894531 0.195312 0.898438 0.191406 0.902344 0.191406 0.906250 0.187500 0.910156 0.187500 0.917969 0.183594 0.921875 0.183594 0.941406 0.183594 0.945312 0.179688 0.949219 0.179688 0.953125 0.175781 0.957031 0.171875 0.957031 0.167969 0.953125 0.167969 0.941406 0.167969 0.937500 0.171875 0.933594 0.171875 0.921875 0.171875 0.917969 0.175781 0.914062 0.175781 0.910156 0.179688 0.906250 0.179688 0.902344 0.179688 0.898438 0.183594 0.894531 0.183594 0.890625 0.191406 0.882812 0.195312 0.878906 0.195312 0.863281
0 0.988281 0.921875 0.992188 0.921875 0.996094 0.921875 0.996094 0.945312 0.992188 0.949219 0.964844 0.949219 0.960938 0.949219 0.957031 0.945312 0.949219 0.945312 0.945312 0.945312 0.945312 0.941406 0.941406 0.937500 0.945312 0.933594 0.949219 0.933594 0.953125 0.933594 0.957031 0.929688 0.957031 0.925781 0.980469 0.925781 0.984375 0.925781 0.988281 0.921875
0 0.519531 0.949219 0.527344 0.949219 0.531250 0.949219 0.531250 0.953125 0.535156 0.957031 0.535156 0.964844 0.539062 0.968750 0.539062 0.972656 0.539062 0.976562 0.535156 0.980469 0.531250 0.984375 0.531250 0.988281 0.527344 0.992188 0.523438 0.992188 0.523438 0.984375 0.523438 0.980469 0.519531 0.976562 0.515625 0.976562 0.515625 0.960938 0.515625 0.957031 0.519531 0.953125 0.519531 0.949219
