0 0.976562 0.230469 0.980469 0.230469 0.984375 0.230469 0.992188 0.238281 0.996094 0.242188 1.000000 0.242188 1.000000 0.242188 1.000000 0.281250 1.000000 0.281250 0.996094 0.281250 0.992188 0.281250 0.988281 0.277344 0.984375 0.277344 0.980469 0.273438 0.976562 0.269531 0.968750 0.269531 0.964844 0.269531 0.964844 0.265625 0.960938 0.261719 0.957031 0.257812 0.949219 0.257812 0.945312 0.253906 0.949219 0.250000 0.949219 0.246094 0.957031 0.246094 0.960938 0.246094 0.964844 0.242188 0.964844 0.238281 0.968750 0.238281 0.972656 0.238281 0.976562 0.234375 0.976562 0.230469
0 0.292969 0.289062 0.304688 0.289062 0.308594 0.289062 0.312500 0.292969 0.308594 0.292969 0.304688 0.296875 0.304688 0.300781 0.300781 0.304688 0.289062 0.304688 0.285156 0.304688 0.277344 0.312500 0.273438 0.316406 0.257812 0.316406 0.253906 0.316406 0.253906 0.312500 0.250000 0.308594 0.250000 0.296875 0.250000 0.292969 0.285156 0.292969 0.289062 0.292969 0.292969 0.289062
0 0.570312 0.347656 0.582031 0.347656 0.585938 0.347656 0.585938 0.355469 0.585938 0.359375 0.582031 0.363281 0.578125 0.367188 0.566406 0.367188 0.562500 0.367188 0.558594 0.363281 0.554688 0.363281 0.558594 0.363281 0.562500 0.359375 0.566406 0.355469 0.566406 0.351562 0.570312 0.347656
0 0.234375 0.363281 0.250000 0.363281 0.253906 0.367188 0.253906 0.371094 0.246094 0.378906 0.242188 0.382812 0.238281 0.382812 0.234375 0.378906 0.230469 0.378906 0.230469 0.375000 0.226562 0.371094 0.234375 0.363281
0 0.656250 0.511719 0.699219 0.511719 0.703125 0.511719 0.703125 0.519531 0.699219 0.523438 0.699219 0.535156 0.699219 0.539062 0.703125 0.542969 0.710938 0.542969 0.714844 0.542969 0.714844 0.546875 0.718750 0.550781 0.718750 0.562500 0.718750 0.566406 0.714844 0.570312 0.710938 0.570312 0.707031 0.570312 0.703125 0.574219 0.699219 0.578125 0.695312 0.578125 0.691406 0.578125 0.679688 0.566406 0.675781 0.562500 0.675781 0.546875 0.675781 0.542969 0.671875 0.539062 0.667969 0.539062 0.660156 0.531250 0.656250 0.527344 0.656250 0.511719
0 0.085938 0.656250 0.113281 0.656250 0.117188 0.656250 0.121094 0.660156 0.125000 0.660156 0.128906 0.664062 0.128906 0.671875 0.132812 0.675781 0.128906 0.675781 0.125000 0.679688 0.121094 0.679688 0.117188 0.675781 0.113281 0.671875 0.101562 0.671875 0.097656 0.671875 0.093750 0.667969 0.089844 0.667969 0.085938 0.667969 0.085938 0.656250
0 0.808594 0.726562 0.820312 0.726562 0.824219 0.726562 0.832031 0.734375 0.835938 0.738281 0.832031 0.742188 0.832031 0.746094 0.828125 0.750000 0.824219 0.750000 0.820312 0.746094 0.816406 0.746094 0.812500 0.742188 0.808594 0.742188 0.808594 0.734375 0.804688 0.730469 0.808594 0.726562
0 0.539062 0.792969 0.554688 0.792969 0.558594 0.792969 0.558594 0.796875 0.562500 0.800781 0.562500 0.808594 0.562500 0.812500 0.566406 0.816406 0.570312 0.820312 0.570312 0.824219 0.566406 0.828125 0.562500 0.832031 0.554688 0.832031 0.550781 0.832031 0.546875 0.828125 0.542969 0.828125 0.542969 0.824219 0.531250 0.812500 0.527344 0.808594 0.531250 0.804688 0.531250 0.800781 0.539062 0.792969
0 0.988281 0.894531 0.996094 0.894531 1.000000 0.894531 1.000000 0.894531 1.000000 0.949219 0.996094 0.949219 0.992188 0.949219 0.988281 0.945312 0.984375 0.945312 0.984375 0.941406 0.980469 0.937500 0.980469 0.902344 0.980469 0.898438 0.984375 0.898438 0.988281 0.894531
0 0.191406 0.972656 0.207031 0.972656 0.210938 0.972656 0.214844 0.976562 0.218750 0.980469 0.214844 0.980469 0.210938 0.984375 0.207031 0.984375 0.203125 0.988281 0.199219 0.988281 0.195312 0.988281 0.191406 0.984375 0.191406 0.972656
0 0.570312 0.027344 0.589844 0.027344 0.593750 0.027344 0.621094 0.109375 0.621094 0.113281 0.562500 0.132812 0.558594 0.132812 0.531250 0.148438 0.527344 0.152344 0.507812 0.148438 0.503906 0.148438 0.472656 0.113281 0.468750 0.109375 0.464844 0.085938 0.464844 0.082031 0.570312 0.027344
