0 0.039103 0.199866 0.038135 0.203198 0.033713 0.207620 0.024459 0.214475 0.022155 0.215102 0.013929 0.215102 0.011250 0.214101 0.009920 0.207934 0.010610 0.206900 0.009549 0.206114 0.008813 0.199832 0.003803 0.194267 0.002201 0.187181 0.000000 0.184980 0.000000 0.152413 0.003304 0.152413 0.005609 0.153039 0.009036 0.155781 0.014177 0.158523 0.021684 0.166029 0.027055 0.173810 0.030266 0.174659 0.034680 0.179073 0.037422 0.182501 0.039104 0.188555 0.039104 0.199866
0 0.511343 0.983285 0.518864 0.982955 0.522668 0.982955 0.526356 0.983078 0.530136 0.983346 0.532514 0.985467 0.533314 0.989465 0.531771 0.993003 0.529996 0.995938 0.528538 0.999098 0.528069 1.000000 0.499664 1.000000 0.498842 0.997576 0.498882 0.994541 0.499028 0.991073 0.499080 0.988255 0.501505 0.986889 0.504529 0.985006 0.507661 0.983855 0.511343 0.983285
0 0.909631 0.555295 0.909631 0.535764 0.889244 0.522172 0.888397 0.518562 0.886345 0.516509 0.882984 0.514642 0.880679 0.514015 0.877532 0.514364 0.874475 0.512326 0.843225 0.524045 0.823693 0.555295 0.816144 0.604861 0.820331 0.608714 0.822986 0.616835 0.825273 0.619729 0.828309 0.622158 0.831828 0.623392 0.834864 0.623392 0.837441 0.622494 0.838366 0.623260 0.844344 0.616445 0.844971 0.611063 0.848659 0.605899 0.849766 0.602948 0.855871 0.596843 0.861404 0.593154 0.869523 0.590706 0.876298 0.583830 0.877816 0.583418 0.879892 0.581711 0.890725 0.577517 0.894783 0.574935 0.897200 0.572518 0.899825 0.566205 0.903023 0.560581
0 0.258552 0.010576 0.258552 0.000000 0.151699 0.000000 0.150959 0.000308 0.147452 0.003816 0.146825 0.006120 0.146825 0.012974 0.148196 0.016023 0.148196 0.018914 0.149279 0.023960 0.155528 0.030666 0.157795 0.031574 0.160097 0.034778 0.164686 0.036318 0.168423 0.036318 0.172554 0.040450 0.175780 0.049547 0.177750 0.052954 0.177438 0.060036 0.178065 0.062341 0.179745 0.064020 0.181566 0.064514 0.182177 0.065996 0.183973 0.067707 0.185205 0.072223 0.185205 0.077513 0.183275 0.094884 0.181572 0.095346 0.179893 0.097026 0.179268 0.099330 0.180349 0.104377 0.184314 0.108798 0.187512 0.110625 0.191232 0.111604 0.192995 0.113367 0.195300 0.113993 0.208093 0.113993 0.212004 0.112218 0.213428 0.112573 0.229053 0.073511 0.252491 0.053980 0.253644 0.033212 0.255935 0.031366 0.257414 0.026786 0.257697 0.014557 0.258550 0.010576
0 0.000000 0.336059 0.045581 0.301023 0.045339 0.276159 0.006277 0.268346 0.000000 0.264859
0 1.000000 0.989730 0.999387 1.000000 0.991599 1.000000 0.982989 0.991390 0.978871 0.985213 0.978871 0.972857 1.000000 0.972857
0 0.090290 0.092593 0.081233 0.086555 0.080227 0.073473 0.086264 0.064416 0.095321 0.057372 0.100353 0.057372 0.103372 0.061397 0.108404 0.062404 0.108404 0.081523 0.105385 0.089574 0.099347 0.092593
0 0.434227 0.329333 0.419680 0.332756 0.415402 0.331045 0.411123 0.314786 0.411123 0.301950 0.413690 0.300239 0.429093 0.300239 0.436795 0.304517 0.440218 0.312219 0.439362 0.323343
0 0.516377 0.345592 0.500973 0.347303 0.499262 0.345592 0.499262 0.337890 0.503541 0.330189 0.515521 0.331045 0.518944 0.337890
0 0.999858 0.359283 0.999002 0.383243 0.995579 0.384955 0.982744 0.384955 0.974186 0.381532 0.973331 0.372975 0.977609 0.370408 0.977609 0.367841 0.987022 0.355861 0.994724 0.354149
0 0.998310 0.546366 0.998310 0.573289 0.993944 0.574016 0.990305 0.572561 0.988123 0.570378 0.987395 0.558736 0.988123 0.556553 0.991033 0.552914 0.992488 0.548548 0.993216 0.543455
0 0.778559 0.729734 0.778559 0.736283 0.777103 0.740649 0.777103 0.745743 0.778559 0.750108 0.778559 0.754474 0.776375 0.754474 0.769099 0.756657 0.762550 0.756657 0.758184 0.755202 0.756729 0.753746 0.756001 0.747925 0.756001 0.740649 0.754546 0.734100 0.754546 0.729734 0.758912 0.728279 0.761095 0.728279 0.762550 0.726823 0.764733 0.726823 0.771282 0.723913 0.777831 0.723913
0 0.743631 0.733372 0.737810 0.733372 0.732716 0.729007 0.732716 0.726096 0.735627 0.723185 0.742904 0.721730 0.745814 0.718819 0.752363 0.716636 0.756729 0.716636 0.758912 0.718092 0.758184 0.720275 0.756001 0.724641 0.751636 0.729007
0 0.585003 0.669339 0.576271 0.671522 0.574088 0.672977 0.565356 0.673705 0.563173 0.672977 0.560263 0.667884 0.560263 0.656969 0.563173 0.652603 0.565356 0.651875 0.566812 0.650420 0.566812 0.647509 0.568267 0.643143 0.569722 0.641688 0.570450 0.639505 0.572633 0.638778 0.576999 0.638778 0.579909 0.640961 0.580637 0.643143 0.588641 0.650420 0.598829 0.655514 0.598829 0.657696 0.597373 0.659152 0.595190 0.663518 0.590824 0.665701
0 0.683236 0.504162 0.676687 0.504162 0.673777 0.503434 0.672321 0.501979 0.671594 0.499796 0.671594 0.497613 0.673049 0.492520 0.675232 0.488154 0.676687 0.486698 0.679598 0.485970 0.681781 0.484515 0.686146 0.484515 0.689785 0.485970 0.695606 0.491064 0.696334 0.493247 0.696334 0.500523 0.691968 0.502707 0.689785 0.502707
0 0.771282 0.607489 0.765461 0.609671 0.763278 0.611854 0.758912 0.614038 0.756729 0.614765 0.751636 0.614765 0.749452 0.610399 0.749452 0.600939 0.753818 0.600212 0.756729 0.597301 0.761095 0.596574 0.762550 0.595118 0.765461 0.593663 0.772010 0.591480 0.772010 0.596574 0.771282 0.598757 0.768371 0.601667
0 0.352154 0.586387 0.352882 0.592208 0.354337 0.593663 0.355792 0.598029 0.360886 0.601667 0.361614 0.606033 0.361614 0.618403 0.356520 0.623497 0.352154 0.625680 0.345605 0.627863 0.339056 0.628590 0.337601 0.627135 0.336873 0.618403 0.339784 0.614765 0.339784 0.612582 0.338329 0.607489 0.334691 0.603850 0.333963 0.601667 0.333963 0.595118 0.333235 0.592936 0.332507 0.584931 0.333235 0.582748 0.336873 0.577655 0.337601 0.575472 0.341967 0.574744 0.349243 0.574744 0.352154 0.575472 0.352882 0.579838
0 0.414732 0.374640 0.408911 0.373912 0.406728 0.372457 0.403818 0.369546 0.401634 0.365180 0.400907 0.360814 0.400907 0.352082 0.401634 0.349172 0.403818 0.346989 0.406000 0.346989 0.407456 0.345534 0.411821 0.345534 0.413277 0.346989 0.415460 0.352082 0.416188 0.359359 0.417643 0.363725 0.423464 0.370274 0.423464 0.372457 0.421281 0.373184
0 0.116014 0.121876 0.115178 0.124602 0.113498 0.126282 0.109910 0.127130 0.108065 0.131499 0.108440 0.132880 0.107175 0.137616 0.104727 0.140064 0.101143 0.141203 0.095462 0.141238 0.085696 0.143536 0.081888 0.147566 0.075790 0.148192 0.072432 0.147144 0.070752 0.145464 0.069725 0.142035 0.067585 0.141454 0.065032 0.138820 0.065861 0.116536 0.067004 0.113335 0.068244 0.112108 0.071748 0.110079 0.076633 0.108573 0.085497 0.108198 0.089501 0.105879 0.091806 0.105254 0.094111 0.105879 0.095790 0.107559 0.096283 0.109375 0.097656 0.109375 0.105746 0.117465 0.110140 0.116632 0.113709 0.117680 0.115389 0.119360 0.116015 0.121876
0 0.627207 0.258943 0.620658 0.260398 0.616292 0.262581 0.611198 0.262581 0.608288 0.261854 0.605377 0.258215 0.604650 0.253849 0.606105 0.251666 0.607560 0.250211 0.615564 0.248028 0.618475 0.248028 0.623568 0.246573 0.632300 0.246573 0.633755 0.248028 0.633755 0.252394 0.632300 0.253849
0 0.535523 0.111229 0.535523 0.122144 0.534067 0.123600 0.524608 0.125055 0.518059 0.125055 0.517331 0.120689 0.517331 0.102498 0.521697 0.102498 0.530429 0.101042 0.534795 0.101770 0.534795 0.103953
0 0.172424 0.163620 0.166603 0.167259 0.157143 0.170169 0.146956 0.175263 0.145501 0.173807 0.144773 0.166531 0.142590 0.161437 0.142590 0.156344 0.144773 0.154889 0.149139 0.154161 0.154232 0.151978 0.157871 0.151250 0.159326 0.149067 0.165875 0.147612 0.170241 0.147612 0.172424 0.151978 0.173152 0.156344
0 0.117850 0.032643 0.112029 0.031915 0.104752 0.031915 0.103297 0.030460 0.103297 0.021000 0.104025 0.018818 0.106207 0.018090 0.117850 0.018090 0.120033 0.018818 0.126582 0.026094 0.126582 0.028277 0.124399 0.029732
0 0.025438 0.424120 0.027621 0.432852 0.027621 0.440129 0.026893 0.442311 0.025438 0.443767 0.021072 0.443767 0.018889 0.444494 0.010157 0.444494 0.005791 0.438673 0.005791 0.424848 0.007247 0.423392 0.009430 0.422665 0.018889 0.422665 0.020345 0.421209
0 0.232819 0.765389 0.230636 0.777032 0.229181 0.780670 0.228453 0.788674 0.225543 0.796678 0.225543 0.805410 0.226998 0.807593 0.226998 0.814142 0.222632 0.814142 0.219721 0.813414 0.216083 0.810504 0.213900 0.809776 0.211717 0.806137 0.209534 0.801044 0.209534 0.787946 0.208807 0.785763 0.208807 0.778487 0.210262 0.772666 0.217538 0.763934 0.219721 0.763206 0.224815 0.758840 0.229909 0.758840
0 0.045813 0.761751 0.037080 0.771938 0.034170 0.773393 0.031987 0.773393 0.023255 0.770483 0.018889 0.766117 0.015979 0.759568 0.015979 0.755202 0.018889 0.749381 0.027621 0.741377 0.037080 0.735555 0.040719 0.734828 0.045085 0.734828 0.047995 0.736283 0.050178 0.738466 0.055272 0.744287 0.056000 0.746470 0.056000 0.755930 0.055272 0.758840 0.053089 0.763206
0 0.130042 0.974592 0.125586 0.981275 0.121131 0.984617 0.117232 0.986009 0.113055 0.986288 0.109713 0.984060 0.108321 0.979604 0.107764 0.975148 0.108042 0.970136 0.110270 0.966794 0.116675 0.964845 0.120017 0.961782 0.121966 0.962060 0.129207 0.964288 0.130877 0.965402 0.134498 0.970414 0.133941 0.972364 0.131991 0.972921
0 0.681053 0.272768 0.673777 0.276407 0.670866 0.276407 0.668683 0.274951 0.667228 0.273496 0.666500 0.269858 0.665045 0.268402 0.664317 0.266220 0.664317 0.257488 0.665772 0.256032 0.667955 0.255305 0.677415 0.254577 0.678870 0.253121 0.683236 0.253121 0.683236 0.266220
