0 0.990013 0.955166 0.992227 0.950856 0.995313 0.947461 1.000000 0.946019 1.000000 0.964154 0.993000 0.963784 0.989453 0.962695 0.989180 0.961396 0.989182 0.961214 0.990218 0.958363 0.990273 0.958182 0.989927 0.955398
0 0.671875 0.289062 0.662109 0.290430 0.648828 0.284961 0.647656 0.286523 0.651563 0.276758 0.665625 0.273242 0.677176 0.272915 0.688281 0.281055 0.680990 0.284672
0 0.259891 0.623988 0.261273 0.625975 0.261377 0.626129 0.262809 0.628528 0.264239 0.630927 0.264335 0.631086 0.265766 0.633485 0.267578 0.636523 0.257812 0.640625 0.239844 0.630664 0.238281 0.613281 0.259375 0.624805 0.259504 0.624600 0.259698 0.624294 0.259870 0.624022
0 0.339453 0.956055 0.337105 0.953808 0.345703 0.958789 0.346875 0.971680 0.335547 0.981445 0.333676 0.980256 0.331727 0.974455 0.323828 0.970508 0.323881 0.962386 0.330078 0.955273 0.337389 0.951523
0 0.523066 0.555936 0.522838 0.556081 0.519422 0.556466 0.519138 0.556495 0.515141 0.556824 0.511137 0.557046 0.511036 0.556772 0.510736 0.547520 0.508058 0.548002 0.504685 0.547020 0.502682 0.547661 0.498665 0.545760 0.497378 0.542503 0.498387 0.537713 0.499612 0.531898 0.500189 0.529161 0.503843 0.526339 0.508280 0.522914 0.508556 0.522755 0.516471 0.522755 0.516800 0.522763 0.520743 0.523096 0.525061 0.523127 0.527104 0.525587 0.526702 0.527180 0.525680 0.529954 0.525645 0.531260 0.525674 0.536845 0.527366 0.538352 0.528261 0.540069 0.528314 0.550254
0 0.967010 0.181693 0.975552 0.181835 0.983203 0.180273 1.000000 0.169209 1.000000 0.194080 0.994391 0.196843 0.961328 0.207227 0.947266 0.201367 0.951953 0.192773 0.953906 0.186914
0 0.100154 0.681634 0.103987 0.680883 0.107845 0.680344 0.111726 0.680591 0.111726 0.680591 0.118057 0.684537 0.119600 0.688039 0.120057 0.691825 0.119616 0.695731 0.119724 0.699583 0.120498 0.703379 0.120057 0.707314 0.120277 0.711322 0.119541 0.712175 0.118986 0.715084 0.118145 0.716992 0.115714 0.715004 0.113309 0.712270 0.113638 0.716980 0.113835 0.719806 0.113842 0.720033 0.110541 0.720205 0.107712 0.720352 0.100190 0.719834 0.102371 0.713832 0.093107 0.709621 0.093025 0.709336 0.092822 0.705731 0.092788 0.705404 0.092383 0.701816 0.092354 0.701489 0.091717 0.693966 0.091607 0.689925 0.091277 0.686018 0.092709 0.683189 0.096456 0.682651
0 0.624792 0.699500 0.621535 0.699794 0.618791 0.701852 0.615706 0.702586 0.615020 0.704203 0.617934 0.705966 0.619820 0.708170 0.619820 0.711550 0.617420 0.713313 0.614163 0.713607 0.607305 0.713607 0.603877 0.713460 0.600448 0.713460 0.597505 0.712619 0.597308 0.712431 0.595494 0.707555 0.594961 0.706121 0.593467 0.702105 0.591973 0.698089 0.590053 0.692927 0.587449 0.692195 0.585225 0.687060 0.585392 0.682319 0.583137 0.677187 0.583379 0.675318 0.581953 0.674491 0.584380 0.673704 0.599819 0.674567 0.600966 0.673928 0.605186 0.674219 0.606965 0.675691 0.613024 0.677480 0.615316 0.677219 0.621135 0.680857 0.623763 0.681279 0.622906 0.684365 0.623249 0.687451 0.624106 0.690537 0.625478 0.696855
0 0.405978 0.534739 0.411554 0.534604 0.411362 0.537017 0.411512 0.540247 0.413965 0.546263 0.415551 0.548979 0.416352 0.551994 0.415544 0.555079 0.414069 0.557751 0.413790 0.560906 0.414060 0.564182 0.413922 0.567251 0.414134 0.570321 0.411234 0.570680 0.408499 0.571964 0.405631 0.573004 0.402419 0.573170 0.399919 0.574452 0.399246 0.577537 0.397740 0.580059 0.391639 0.579809 0.388947 0.579195 0.384871 0.575384 0.384136 0.572932 0.384022 0.569907 0.383480 0.566801 0.382664 0.563719 0.381459 0.560751 0.380650 0.557705 0.378233 0.551822 0.378101 0.545421 0.377695 0.542324 0.377540 0.539349 0.378709 0.537993 0.381632 0.538238 0.387527 0.536221 0.393858 0.535536 0.396686 0.534507 0.399437 0.533887
0 0.060967 0.809188 0.060916 0.809016 0.062857 0.806640 0.067448 0.801022 0.070627 0.801244 0.072411 0.800160 0.076996 0.800461 0.081674 0.797267 0.086568 0.796427 0.090907 0.799036 0.092320 0.799135 0.096772 0.803088 0.098183 0.803206 0.100770 0.803591 0.099996 0.804484 0.100330 0.805683 0.099654 0.808600 0.099652 0.811345 0.099591 0.811579 0.095409 0.818961 0.091109 0.820732 0.085417 0.821334 0.074167 0.829043 0.072126 0.828796 0.070950 0.829484 0.067754 0.828924 0.067541 0.828839 0.068463 0.827929 0.071013 0.830007 0.064714 0.824069 0.062370 0.820553 0.057845 0.823045 0.059258 0.822650 0.059452 0.822518 0.062205 0.819053 0.063152 0.816256 0.063098 0.816084 0.062246 0.813325
0 0.544531 0.211914 0.544356 0.211833 0.539453 0.209570 0.535547 0.207617 0.534213 0.204357 0.532031 0.199023 0.521094 0.208008 0.499609 0.192773 0.495703 0.183789 0.498774 0.174320 0.500391 0.169336 0.491406 0.166211 0.492578 0.147070 0.504687 0.149414 0.508984 0.141211 0.520312 0.143555 0.531250 0.150977 0.535937 0.161914 0.545254 0.165714 0.547266 0.172461 0.553430 0.172221 0.558203 0.179492 0.551172 0.188867 0.548828 0.204883
0 0.580892 0.181914 0.578412 0.186873 0.576552 0.188733 0.572213 0.189972 0.570354 0.191212 0.565395 0.196791 0.564775 0.198651 0.564775 0.201130 0.570354 0.204230 0.571593 0.208569 0.572833 0.210429 0.577792 0.210429 0.581512 0.207329 0.593909 0.207329 0.595769 0.206709 0.595769 0.199271 0.601348 0.195552 0.602588 0.193692 0.604447 0.192452 0.605067 0.188113 0.597629 0.184393 0.595769 0.182534 0.595149 0.180674 0.587711 0.180674
0 0.551757 0.277376 0.551757 0.285435 0.552377 0.287914 0.557956 0.291014 0.559816 0.294733 0.562915 0.298452 0.572833 0.299072 0.574693 0.297832 0.577792 0.292254 0.580272 0.291014 0.581512 0.289154 0.583371 0.287914 0.585851 0.282335 0.584611 0.279856 0.576552 0.277996 0.571593 0.277996 0.558576 0.275516
0 1.000000 0.414882 1.000000 0.445418 0.996834 0.442885 0.994975 0.439786 0.993115 0.431727 0.987536 0.425529 0.986916 0.422429 0.987536 0.417470 0.990636 0.413751 0.992495 0.413131 0.997454 0.413751
0 0.448033 0.845512 0.440872 0.848767 0.438919 0.850720 0.437617 0.852673 0.437617 0.855277 0.436315 0.857230 0.436315 0.859834 0.436966 0.861786 0.438919 0.863088 0.442825 0.864390 0.446080 0.870249 0.448033 0.872202 0.450637 0.872202 0.452590 0.873504 0.452590 0.868296 0.454543 0.866343 0.456496 0.865041 0.463656 0.864390 0.467562 0.859834 0.472119 0.859182 0.476025 0.853324 0.476025 0.848116 0.475374 0.846163 0.454543 0.846163
0 0.106922 0.598141 0.104318 0.614416 0.108224 0.615718 0.125800 0.613765 0.127102 0.609208 0.131659 0.606604 0.130357 0.599443 0.116253 0.599443
0 0.214844 0.218750 0.222656 0.218750 0.226562 0.218750 0.234375 0.230469 0.234375 0.234375 0.218750 0.238281 0.214844 0.238281 0.214844 0.218750
0 0.414062 0.480469 0.417969 0.480469 0.421875 0.484375 0.421875 0.496094 0.421875 0.500000 0.410156 0.496094 0.406250 0.492188 0.414062 0.480469
0 0.628906 0.414062 0.636719 0.417969 0.640625 0.417969 0.640625 0.425781 0.640625 0.429688 0.621094 0.429688 0.617188 0.425781 0.628906 0.414062
0 0.394531 0.203125 0.398438 0.203125 0.402344 0.203125 0.406250 0.214844 0.406250 0.218750 0.390625 0.218750 0.386719 0.218750 0.394531 0.203125
0 0.394531 0.203125 0.398438 0.203125 0.402344 0.203125 0.406250 0.214844 0.406250 0.218750 0.390625 0.218750 0.386719 0.218750 0.394531 0.203125
0 0.410156 0.148438 0.421875 0.152344 0.425781 0.152344 0.429688 0.164062 0.429688 0.167969 0.421875 0.167969 0.417969 0.167969 0.414062 0.164062 0.410156 0.160156 0.410156 0.148438
