0 0.207031 0.000000 0.207031 0.000000 0.210938 0.003906 0.214844 0.003906 0.218750 0.007812 0.230469 0.007812 0.234375 0.007812 0.238281 0.011719 0.242188 0.011719 0.246094 0.015625 0.246094 0.019531 0.246094 0.023438 0.242188 0.027344 0.242188 0.031250 0.238281 0.035156 0.234375 0.035156 0.230469 0.035156 0.226562 0.031250 0.218750 0.031250 0.214844 0.027344 0.203125 0.027344 0.199219 0.027344 0.195312 0.023438 0.191406 0.019531 0.191406 0.015625 0.191406 0.011719 0.187500 0.007812 0.183594 0.007812 0.183594 0.000000 0.183594 0.000000
0 0.027344 0.066406 0.035156 0.066406 0.039062 0.070312 0.039062 0.078125 0.039062 0.082031 0.035156 0.085938 0.035156 0.089844 0.031250 0.093750 0.031250 0.101562 0.031250 0.105469 0.027344 0.109375 0.023438 0.109375 0.015625 0.101562 0.011719 0.101562 0.011719 0.097656 0.007812 0.093750 0.007812 0.085938 0.003906 0.082031 0.007812 0.082031 0.015625 0.074219 0.019531 0.070312 0.023438 0.070312 0.027344 0.066406
0 0.226562 0.093750 0.230469 0.093750 0.234375 0.093750 0.238281 0.097656 0.242188 0.097656 0.246094 0.101562 0.250000 0.105469 0.250000 0.117188 0.246094 0.121094 0.242188 0.121094 0.238281 0.117188 0.234375 0.113281 0.234375 0.109375 0.234375 0.105469 0.230469 0.101562 0.230469 0.097656 0.226562 0.093750
0 0.457031 0.128906 0.460938 0.132812 0.464844 0.132812 0.468750 0.136719 0.468750 0.140625 0.468750 0.144531 0.464844 0.148438 0.460938 0.152344 0.453125 0.152344 0.449219 0.152344 0.445312 0.148438 0.441406 0.144531 0.441406 0.136719 0.441406 0.132812 0.449219 0.132812 0.453125 0.132812 0.457031 0.128906
0 0.511719 0.203125 0.515625 0.203125 0.519531 0.203125 0.519531 0.214844 0.523438 0.218750 0.535156 0.218750 0.539062 0.218750 0.531250 0.218750 0.527344 0.218750 0.523438 0.222656 0.519531 0.226562 0.515625 0.226562 0.511719 0.226562 0.511719 0.203125
0 0.648438 0.300781 0.664062 0.300781 0.667969 0.300781 0.667969 0.304688 0.667969 0.308594 0.671875 0.312500 0.675781 0.312500 0.675781 0.316406 0.667969 0.324219 0.664062 0.328125 0.660156 0.328125 0.656250 0.328125 0.652344 0.324219 0.652344 0.320312 0.652344 0.316406 0.648438 0.312500 0.644531 0.312500 0.644531 0.308594 0.640625 0.304688 0.636719 0.304688 0.640625 0.304688 0.644531 0.304688 0.648438 0.300781
0 0.777344 0.421875 0.785156 0.421875 0.789062 0.421875 0.789062 0.425781 0.785156 0.429688 0.785156 0.433594 0.785156 0.437500 0.781250 0.441406 0.769531 0.441406 0.765625 0.441406 0.761719 0.437500 0.761719 0.429688 0.757812 0.425781 0.769531 0.425781 0.773438 0.425781 0.777344 0.421875
0 0.496094 0.531250 0.500000 0.531250 0.503906 0.531250 0.503906 0.535156 0.507812 0.539062 0.511719 0.542969 0.511719 0.550781 0.515625 0.554688 0.515625 0.574219 0.515625 0.578125 0.511719 0.582031 0.507812 0.585938 0.507812 0.601562 0.507812 0.605469 0.511719 0.609375 0.515625 0.609375 0.515625 0.613281 0.511719 0.617188 0.507812 0.617188 0.503906 0.621094 0.503906 0.644531 0.503906 0.648438 0.500000 0.652344 0.496094 0.652344 0.492188 0.652344 0.488281 0.656250 0.484375 0.656250 0.480469 0.652344 0.484375 0.648438 0.484375 0.632812 0.484375 0.628906 0.492188 0.628906 0.496094 0.625000 0.496094 0.621094 0.500000 0.617188 0.500000 0.609375 0.500000 0.605469 0.496094 0.601562 0.492188 0.597656 0.492188 0.582031 0.492188 0.578125 0.488281 0.574219 0.484375 0.574219 0.480469 0.574219 0.472656 0.566406 0.468750 0.562500 0.468750 0.554688 0.468750 0.550781 0.464844 0.546875 0.460938 0.546875 0.464844 0.546875 0.472656 0.539062 0.476562 0.535156 0.488281 0.535156 0.492188 0.535156 0.496094 0.531250
0 0.910156 0.550781 0.925781 0.550781 0.929688 0.554688 0.929688 0.562500 0.929688 0.566406 0.925781 0.570312 0.925781 0.574219 0.917969 0.582031 0.914062 0.585938 0.910156 0.585938 0.910156 0.582031 0.910156 0.578125 0.906250 0.574219 0.906250 0.566406 0.906250 0.562500 0.910156 0.550781
0 0.964844 0.691406 0.968750 0.691406 0.972656 0.691406 0.976562 0.695312 0.980469 0.695312 0.980469 0.699219 0.972656 0.707031 0.968750 0.707031 0.968750 0.703125 0.964844 0.699219 0.960938 0.695312 0.964844 0.691406
0 0.906250 0.925781 0.910156 0.925781 0.914062 0.925781 0.917969 0.929688 0.921875 0.929688 0.925781 0.933594 0.929688 0.933594 0.933594 0.933594 0.937500 0.937500 0.941406 0.941406 0.937500 0.945312 0.937500 0.960938 0.937500 0.964844 0.945312 0.972656 0.949219 0.972656 0.949219 1.000000 0.949219 1.000000 0.933594 1.000000 0.933594 0.992188 0.933594 0.988281 0.929688 0.984375 0.921875 0.984375 0.917969 0.984375 0.917969 0.972656 0.917969 0.968750 0.921875 0.964844 0.921875 0.953125 0.921875 0.949219 0.917969 0.945312 0.910156 0.945312 0.906250 0.941406 0.906250 0.925781
0 0.472656 0.738281 0.484375 0.742188 0.488281 0.746094 0.492188 0.761719 0.492188 0.765625 0.484375 0.777344 0.480469 0.781250 0.460938 0.777344 0.457031 0.773438 0.451506 0.762508 0.470450 0.760575 0.472656 0.738281
