0 0.621802 0.571056 0.616775 0.559501 0.603539 0.554570 0.602901 0.539238 0.587406 0.526611 0.562477 0.494344 0.544074 0.492689 0.533373 0.495584 0.476562 0.480469 0.410156 0.484375 0.406250 0.488281 0.363281 0.500000 0.354575 0.491294 0.356623 0.484268 0.353308 0.454682 0.341045 0.442707 0.337800 0.434774 0.342536 0.426193 0.339795 0.416444 0.324986 0.404510 0.311787 0.398319 0.265625 0.402344 0.226562 0.425781 0.195312 0.433594 0.167969 0.453125 0.164039 0.472752 0.167285 0.486803 0.163535 0.493248 0.156113 0.493248 0.139778 0.483869 0.132834 0.484884 0.128806 0.488912 0.127144 0.505556 0.130252 0.515620 0.142990 0.524478 0.142990 0.531900 0.136545 0.535650 0.129415 0.534356 0.113281 0.539062 0.112597 0.552377 0.103396 0.564812 0.093077 0.566059 0.083435 0.574219 0.082420 0.580399 0.075375 0.587445 0.046875 0.597656 0.027344 0.621094 0.023438 0.621094 0.000000 0.636009 0.000000 0.844029 0.042969 0.859375 0.097680 0.903286 0.123365 0.909668 0.138702 0.908652 0.145010 0.902344 0.189363 0.902344 0.192988 0.905969 0.202064 0.906985 0.220084 0.898814 0.236739 0.886631 0.255857 0.880929 0.261274 0.875511 0.270338 0.847666 0.281964 0.832450 0.279160 0.822479 0.269531 0.812850 0.269531 0.808594 0.285156 0.792969 0.309214 0.785156 0.321896 0.807467 0.334428 0.807467 0.338440 0.803455 0.346346 0.773191 0.363281 0.761719 0.392559 0.762752 0.402779 0.756364 0.409668 0.747559 0.460938 0.730469 0.511719 0.695312 0.546875 0.687500 0.566406 0.656250 0.574219 0.609375 0.585653 0.602874 0.596445 0.587108 0.603360 0.585806 0.620787 0.574767
0 0.955473 0.458000 0.926518 0.458442 0.919152 0.478198 0.839844 0.484375 0.832031 0.476562 0.839844 0.453125 0.825123 0.435316 0.834389 0.425050 0.845655 0.433411 0.865962 0.437971 0.881052 0.452975 0.889172 0.446496 0.890625 0.437500 0.898438 0.425781 0.910522 0.425146 0.902344 0.402344 0.910156 0.386719 0.933594 0.386719 0.947789 0.405908 0.957031 0.406250 0.960938 0.410156 0.960938 0.449219
0 0.724775 0.693608 0.720226 0.652793 0.713958 0.647408 0.699890 0.646393 0.683594 0.632812 0.683594 0.628906 0.671875 0.613281 0.664769 0.611671 0.655651 0.600586 0.648406 0.597804 0.630737 0.597804 0.617309 0.601470 0.614346 0.611673 0.609313 0.615650 0.585938 0.625000 0.585938 0.628906 0.578125 0.636719 0.570312 0.675781 0.550967 0.700498 0.549952 0.711277 0.555468 0.723023 0.578438 0.732741 0.617188 0.742188 0.656250 0.785156 0.656096 0.793614 0.664062 0.804688 0.665714 0.799130 0.674026 0.800897 0.682238 0.796264 0.693855 0.741830 0.705271 0.727152 0.712897 0.733756 0.719343 0.730006 0.723891 0.696837
0 0.582031 0.742188 0.605469 0.750000 0.609375 0.750000 0.617188 0.761719 0.621094 0.765625 0.617188 0.804688 0.617188 0.808594 0.601562 0.835938 0.597656 0.839844 0.578125 0.839844 0.574219 0.839844 0.550781 0.832031 0.546875 0.832031 0.539062 0.824219 0.535156 0.820312 0.539062 0.800781 0.539062 0.796875 0.558594 0.757812 0.558594 0.753906 0.582031 0.742188
0 0.531250 0.867188 0.546875 0.867188 0.550781 0.867188 0.566406 0.875000 0.570312 0.875000 0.570312 0.914062 0.566406 0.917969 0.542969 0.921875 0.539062 0.921875 0.515625 0.902344 0.511719 0.898438 0.511719 0.878906 0.511719 0.875000 0.531250 0.867188
0 0.812500 0.593750 0.828125 0.593750 0.832031 0.593750 0.851562 0.605469 0.855469 0.609375 0.851562 0.628906 0.851562 0.632812 0.828125 0.660156 0.824219 0.664062 0.820312 0.664062 0.816406 0.664062 0.789062 0.640625 0.785156 0.636719 0.785156 0.621094 0.785156 0.617188 0.812500 0.593750
0 0.218750 0.109375 0.253906 0.113281 0.257812 0.113281 0.277344 0.140625 0.281250 0.144531 0.281250 0.164062 0.281250 0.167969 0.257812 0.191406 0.253906 0.195312 0.222656 0.199219 0.218750 0.199219 0.210938 0.195312 0.207031 0.195312 0.191406 0.175781 0.187500 0.171875 0.191406 0.136719 0.191406 0.132812 0.203125 0.117188 0.207031 0.113281 0.218750 0.109375
0 0.070312 0.015625 0.093750 0.023438 0.097656 0.027344 0.089844 0.050781 0.089844 0.054688 0.070312 0.066406 0.066406 0.066406 0.054688 0.062500 0.050781 0.062500 0.042969 0.046875 0.042969 0.042969 0.050781 0.027344 0.050781 0.023438 0.070312 0.015625
0 1.000000 0.173604 0.995447 0.177900 0.992965 0.202870 0.996715 0.212247 1.000000 0.212029
0 0.440393 0.461271 0.438213 0.446501 0.420125 0.439764 0.408121 0.431252 0.395607 0.415827 0.387020 0.415827 0.380212 0.422636 0.379196 0.429839 0.382831 0.439371 0.398826 0.453759 0.402479 0.460780 0.395611 0.481946 0.421214 0.483206 0.436176 0.474005 0.440102 0.462336
0 0.474593 0.465564 0.468948 0.472955 0.448721 0.473246 0.440896 0.458943 0.442203 0.449411 0.453086 0.441729 0.464000 0.441729 0.474302 0.453777 0.475609 0.461854
0 0.869101 0.701621 0.868086 0.693436 0.858392 0.674298 0.850473 0.674298 0.831335 0.689459 0.831335 0.708314 0.843017 0.719499 0.855410 0.719499 0.868086 0.705332
0 0.564946 0.013561 0.554813 0.030035 0.545806 0.030563 0.536202 0.018845 0.536730 0.000326 0.559791 0.000000 0.565961 0.009850
0 0.597139 0.156755 0.590839 0.129265 0.585027 0.119225 0.573297 0.113889 0.567472 0.116490 0.563722 0.122936 0.566852 0.147255 0.585439 0.166371 0.592861 0.166371 0.596611 0.158869
