0 0.313672 0.033008 0.313143 0.015625 0.321094 0.015430 0.332031 0.007812 0.324219 0.035156
0 0.561719 1.000000 0.542236 1.000000 0.540625 0.999023 0.542969 0.984375 0.566406 0.996094
0 0.886719 0.984375 0.891747 1.000000 0.875328 1.000000 0.876482 0.994962 0.878906 0.984375
0 0.268750 0.747461 0.283594 0.733398 0.283669 0.733463 0.283820 0.733592 0.283895 0.733657 0.286334 0.732275 0.287109 0.731836 0.296484 0.727930 0.306641 0.725977 0.312500 0.738281 0.296875 0.761719 0.285937 0.762695 0.280859 0.770117 0.267969 0.765039 0.264063 0.758008
0 0.136719 0.483398 0.134159 0.499394 0.132812 0.507812 0.120703 0.520508 0.097656 0.515625 0.104688 0.490430 0.117188 0.483008
0 0.762109 0.171289 0.769531 0.156250 0.804688 0.167969 0.817578 0.184961 0.804688 0.203125 0.784766 0.202148 0.761719 0.191406
0 0.493313 0.319566 0.471573 0.319566 0.470170 0.318163 0.470170 0.313955 0.468768 0.311851 0.471573 0.309747 0.482092 0.307644 0.485599 0.304137 0.494014 0.304137 0.498923 0.304838 0.499625 0.307644 0.499625 0.318163
0 0.569754 0.265566 0.562039 0.264164 0.559234 0.262761 0.553624 0.262761 0.550819 0.261359 0.548014 0.255047 0.547312 0.249436 0.548715 0.248034 0.564143 0.248034 0.566247 0.249436 0.568351 0.254346 0.572559 0.260657
0 0.487933 0.342351 0.487310 0.334570 0.486377 0.332702 0.484198 0.331457 0.482953 0.329590 0.482953 0.327411 0.484509 0.325543 0.487933 0.323365 0.497270 0.323365 0.499138 0.326788 0.499449 0.331146 0.501939 0.334881 0.503495 0.336126 0.504740 0.339238 0.504740 0.343596 0.502561 0.344218 0.490423 0.344218
0 0.139750 0.126187 0.133092 0.126187 0.129764 0.123968 0.128099 0.120085 0.128099 0.117866 0.126435 0.112873 0.127545 0.110654 0.130318 0.110099 0.131428 0.108434 0.134202 0.107880 0.135311 0.106215 0.139750 0.105661 0.140859 0.103996 0.145297 0.101777 0.147516 0.101777 0.149181 0.102887 0.150845 0.104551 0.151955 0.108989 0.151955 0.118420 0.150845 0.120639 0.149181 0.121749 0.144743 0.122859
0 0.244602 0.107325 0.244048 0.092900 0.246267 0.091791 0.250705 0.091236 0.253479 0.089572 0.255698 0.089572 0.263465 0.084579 0.265684 0.084024 0.268458 0.085134 0.268458 0.094565 0.267903 0.096784 0.260691 0.102332 0.259582 0.103996 0.257917 0.108434 0.257917 0.110654 0.256253 0.111763 0.244048 0.111763
