0 0.582031 0.007812 0.589844 0.007812 0.593750 0.007812 0.593750 0.011719 0.593750 0.015625 0.597656 0.019531 0.601562 0.019531 0.605469 0.023438 0.609375 0.027344 0.609375 0.031250 0.609375 0.035156 0.605469 0.039062 0.601562 0.042969 0.593750 0.042969 0.589844 0.042969 0.585938 0.039062 0.582031 0.035156 0.582031 0.007812
0 1.000000 0.007812 1.000000 0.007812 0.996094 0.011719 0.988281 0.011719 0.984375 0.015625 0.968750 0.015625 0.968750 0.031250 0.972656 0.035156 0.976562 0.035156 0.984375 0.042969 1.000000 0.042969
0 0.414062 0.011719 0.433594 0.011719 0.437500 0.011719 0.437500 0.019531 0.437500 0.023438 0.441406 0.027344 0.445312 0.031250 0.441406 0.035156 0.437500 0.039062 0.425781 0.039062 0.421875 0.039062 0.417969 0.035156 0.417969 0.031250 0.414062 0.027344 0.414062 0.011719
0 0.230469 0.023438 0.234375 0.023438 0.238281 0.023438 0.238281 0.039062 0.234375 0.042969 0.226562 0.042969 0.222656 0.039062 0.222656 0.031250 0.222656 0.027344 0.226562 0.027344 0.230469 0.023438
0 0.031250 0.093750 0.046875 0.093750 0.050781 0.093750 0.050781 0.097656 0.050781 0.101562 0.046875 0.105469 0.039062 0.105469 0.035156 0.105469 0.031250 0.101562 0.031250 0.093750
0 0.273438 0.117188 0.277344 0.121094 0.281250 0.121094 0.289062 0.128906 0.292969 0.132812 0.292969 0.136719 0.289062 0.140625 0.281250 0.140625 0.277344 0.136719 0.277344 0.132812 0.273438 0.128906 0.273438 0.125000 0.269531 0.121094 0.273438 0.117188
0 0.730469 0.133221 0.730469 0.125000 0.726562 0.121094 0.722656 0.121094 0.718750 0.117188 0.714844 0.121094 0.707031 0.121094 0.707031 0.128906 0.703125 0.132812 0.699219 0.132812 0.695312 0.136719 0.691406 0.136719 0.691406 0.144531 0.687500 0.148438 0.683594 0.148438 0.683594 0.160156 0.687500 0.164062 0.699219 0.164062 0.703125 0.160156 0.707031 0.160156 0.714844 0.152344 0.717680 0.151989 0.717680 0.148493 0.718600 0.147757 0.718600 0.146653 0.719336 0.146653 0.719336 0.145181 0.720992 0.144997 0.720992 0.142237 0.721728 0.142237 0.721728 0.140949 0.723200 0.140949 0.723200 0.138741 0.724671 0.138741 0.724855 0.136901 0.726327 0.136901 0.726511 0.135429 0.727984 0.135429 0.727984 0.133957 0.729455 0.133957 0.729455 0.133221
0 0.539062 0.148438 0.546875 0.148438 0.550781 0.148438 0.558594 0.156250 0.562500 0.156250 0.558594 0.160156 0.558594 0.164062 0.554688 0.167969 0.550781 0.171875 0.539062 0.171875 0.535156 0.171875 0.531250 0.167969 0.527344 0.164062 0.531250 0.160156 0.535156 0.156250 0.535156 0.152344 0.539062 0.148438
0 0.367188 0.183594 0.375000 0.183594 0.378906 0.187500 0.390625 0.187500 0.394531 0.187500 0.398438 0.191406 0.402344 0.195312 0.402344 0.218750 0.398438 0.222656 0.386719 0.222656 0.382812 0.222656 0.378906 0.226562 0.363281 0.226562 0.359375 0.222656 0.359375 0.207031 0.359375 0.203125 0.363281 0.199219 0.367188 0.195312 0.367188 0.183594
0 0.746094 0.183594 0.750000 0.183594 0.753906 0.183594 0.761719 0.191406 0.765625 0.191406 0.765625 0.195312 0.761719 0.199219 0.761719 0.203125 0.757812 0.207031 0.753906 0.207031 0.750000 0.210938 0.750000 0.207031 0.746094 0.203125 0.746094 0.183594
0 0.765625 0.230469 0.777344 0.230469 0.781250 0.234375 0.781250 0.265625 0.777344 0.269531 0.761719 0.269531 0.757812 0.269531 0.757812 0.261719 0.757812 0.257812 0.761719 0.253906 0.761719 0.246094 0.765625 0.242188 0.765625 0.230469
0 0.117188 0.253906 0.125000 0.253906 0.128906 0.253906 0.132812 0.257812 0.136719 0.261719 0.136719 0.265625 0.140625 0.269531 0.140625 0.277344 0.140625 0.281250 0.136719 0.285156 0.128906 0.285156 0.125000 0.285156 0.121094 0.289062 0.117188 0.292969 0.117188 0.296875 0.113281 0.300781 0.109375 0.300781 0.109375 0.296875 0.101562 0.289062 0.097656 0.285156 0.097656 0.277344 0.093750 0.273438 0.097656 0.269531 0.101562 0.265625 0.105469 0.265625 0.109375 0.261719 0.109375 0.257812 0.113281 0.257812 0.117188 0.253906
0 0.804688 0.281250 0.808594 0.281250 0.812500 0.281250 0.816406 0.285156 0.816406 0.289062 0.816406 0.292969 0.812500 0.296875 0.812500 0.304688 0.812500 0.308594 0.808594 0.312500 0.804688 0.312500 0.796875 0.320312 0.792969 0.320312 0.792969 0.316406 0.789062 0.312500 0.785156 0.308594 0.785156 0.289062 0.785156 0.285156 0.796875 0.285156 0.800781 0.285156 0.804688 0.281250
0 0.000000 0.308594 0.007812 0.308594 0.011719 0.308594 0.015625 0.312500 0.015625 0.316406 0.011719 0.320312 0.007812 0.320312 0.003906 0.324219 0.000000 0.324219 0.000000 0.308594
0 0.707031 0.371094 0.710938 0.375000 0.714844 0.375000 0.718750 0.375000 0.730469 0.386719 0.734375 0.386719 0.734375 0.390625 0.734375 0.394531 0.738281 0.398438 0.742188 0.402344 0.738281 0.402344 0.734375 0.406250 0.734375 0.410156 0.730469 0.414062 0.726562 0.414062 0.722656 0.417969 0.722656 0.425781 0.718750 0.429688 0.714844 0.429688 0.710938 0.429688 0.707031 0.433594 0.703125 0.437500 0.699219 0.433594 0.695312 0.433594 0.691406 0.429688 0.671875 0.429688 0.667969 0.429688 0.664062 0.425781 0.664062 0.421875 0.656250 0.414062 0.652344 0.410156 0.656250 0.406250 0.656250 0.402344 0.656250 0.398438 0.660156 0.394531 0.664062 0.390625 0.667969 0.390625 0.671875 0.390625 0.675781 0.386719 0.679688 0.386719 0.683594 0.382812 0.691406 0.382812 0.695312 0.382812 0.699219 0.378906 0.699219 0.375000 0.703125 0.375000 0.707031 0.371094
0 0.601562 0.472656 0.609375 0.472656 0.613281 0.472656 0.617188 0.476562 0.621094 0.476562 0.625000 0.480469 0.628906 0.480469 0.632812 0.484375 0.628906 0.488281 0.628906 0.503906 0.625000 0.507812 0.597656 0.507812 0.593750 0.507812 0.593750 0.496094 0.593750 0.492188 0.597656 0.488281 0.597656 0.484375 0.597656 0.480469 0.601562 0.476562 0.601562 0.472656
0 0.875000 0.554688 0.871484 0.551171 0.858985 0.551171 0.855469 0.554688 0.855469 0.566406 0.863281 0.566406
0 0.988281 0.519531 1.000000 0.519531 1.000000 0.546875 1.000000 0.546875 0.996094 0.546875 0.988281 0.539062 0.984375 0.539062 0.984375 0.531250 0.984375 0.527344 0.988281 0.523438 0.988281 0.519531
0 0.207031 0.523438 0.242188 0.523438 0.242188 0.527344 0.238281 0.531250 0.234375 0.531250 0.230469 0.531250 0.226562 0.535156 0.222656 0.535156 0.222656 0.527344 0.218750 0.523438 0.207031 0.523438
0 0.332031 0.554688 0.335938 0.554688 0.339844 0.554688 0.339844 0.558594 0.339844 0.562500 0.343750 0.566406 0.347656 0.566406 0.347656 0.570312 0.339844 0.578125 0.339844 0.582031 0.335938 0.585938 0.332031 0.585938 0.328125 0.589844 0.316406 0.589844 0.312500 0.589844 0.308594 0.585938 0.304688 0.585938 0.304688 0.574219 0.304688 0.570312 0.300781 0.566406 0.296875 0.566406 0.308594 0.566406 0.312500 0.566406 0.316406 0.562500 0.320312 0.558594 0.324219 0.558594 0.328125 0.558594 0.332031 0.554688
0 0.789062 0.628906 0.789062 0.601562 0.781250 0.601562 0.773438 0.593750 0.769531 0.593750 0.765625 0.589844 0.765625 0.582031 0.753906 0.582031 0.750000 0.585938 0.746597 0.585938 0.746094 0.617188 0.750000 0.621094 0.750000 0.625000 0.753906 0.625000 0.757812 0.628906 0.757812 0.632812 0.761719 0.636719 0.765625 0.632812 0.785156 0.632812
0 0.234375 0.601562 0.242188 0.601562 0.246094 0.601562 0.246094 0.613281 0.242188 0.617188 0.234375 0.617188 0.230469 0.617188 0.230469 0.609375 0.230469 0.605469 0.234375 0.601562
0 0.527344 0.621094 0.542969 0.621094 0.546875 0.621094 0.550781 0.625000 0.554688 0.628906 0.554688 0.636719 0.558594 0.640625 0.554688 0.644531 0.554688 0.648438 0.550781 0.652344 0.539062 0.652344 0.535156 0.656250 0.531250 0.656250 0.527344 0.656250 0.523438 0.652344 0.519531 0.652344 0.519531 0.644531 0.515625 0.640625 0.519531 0.636719 0.519531 0.632812 0.519531 0.628906 0.527344 0.621094
0 0.804688 0.667969 0.828125 0.667969 0.832031 0.667969 0.835938 0.671875 0.835938 0.675781 0.828125 0.683594 0.824219 0.687500 0.820312 0.687500 0.816406 0.687500 0.812500 0.691406 0.808594 0.691406 0.804688 0.687500 0.804688 0.667969
0 0.128906 0.671875 0.136719 0.671875 0.140625 0.671875 0.140625 0.683594 0.136719 0.687500 0.132812 0.687500 0.128906 0.687500 0.125000 0.683594 0.121094 0.679688 0.128906 0.671875
0 0.707031 0.699219 0.718750 0.699219 0.722656 0.699219 0.718750 0.703125 0.718750 0.707031 0.714844 0.710938 0.710938 0.710938 0.707031 0.707031 0.703125 0.703125 0.707031 0.699219
0 0.964844 0.742188 0.972656 0.742188 0.976562 0.746094 0.988281 0.746094 0.992188 0.746094 0.996094 0.750000 0.996094 0.753906 0.996094 0.757812 1.000000 0.761719 1.000000 0.765625 0.996094 0.769531 0.992188 0.769531 0.988281 0.773438 0.984375 0.777344 0.980469 0.777344 0.976562 0.781250 0.960938 0.781250 0.957031 0.781250 0.957031 0.777344 0.953125 0.773438 0.953125 0.761719 0.949219 0.757812 0.957031 0.750000 0.957031 0.746094 0.960938 0.746094 0.964844 0.742188
0 0.839844 0.781250 0.847656 0.781250 0.851562 0.781250 0.855469 0.785156 0.859375 0.785156 0.859375 0.789062 0.859375 0.792969 0.855469 0.796875 0.851562 0.796875 0.847656 0.800781 0.843750 0.804688 0.839844 0.804688 0.835938 0.800781 0.832031 0.796875 0.832031 0.792969 0.828125 0.789062 0.832031 0.785156 0.835938 0.785156 0.839844 0.781250
0 0.164062 0.888417 0.164062 0.886719 0.160156 0.882812 0.156250 0.882812 0.152344 0.878906 0.125000 0.879093 0.125000 0.890625 0.128906 0.890625 0.132812 0.894531 0.144531 0.894531 0.148438 0.898438 0.148438 0.902344 0.155154 0.902344 0.155298 0.891577 0.157165 0.890284 0.159175 0.890284 0.159319 0.889279 0.162766 0.889279 0.163053 0.888417
0 0.765625 0.867188 0.769531 0.871094 0.773438 0.871094 0.777344 0.871094 0.773438 0.875000 0.773438 0.878906 0.765625 0.886719 0.761719 0.886719 0.761719 0.875000 0.757812 0.871094 0.761719 0.871094 0.765625 0.867188
0 0.875000 0.878906 0.878906 0.882812 0.890625 0.882812 0.894531 0.886719 0.894531 0.890625 0.886719 0.898438 0.882812 0.902344 0.878906 0.902344 0.878906 0.894531 0.875000 0.890625 0.875000 0.878906
0 0.000000 0.890625 0.019531 0.890625 0.023438 0.890625 0.027344 0.894531 0.031250 0.894531 0.031250 0.906250 0.031250 0.910156 0.027344 0.914062 0.023438 0.917969 0.015625 0.917969 0.011719 0.921875 0.007812 0.921875 0.003906 0.917969 0.000000 0.917969 0.000000 0.906250 0.000000 0.906250 0.000000 0.898438 0.000000 0.898438 0.000000 0.890625
0 0.257812 0.921875 0.269531 0.921875 0.273438 0.921875 0.273438 0.925781 0.277344 0.929688 0.300781 0.929688 0.304688 0.929688 0.308594 0.933594 0.312500 0.933594 0.312500 0.937500 0.316406 0.941406 0.316406 0.945312 0.308594 0.953125 0.304688 0.957031 0.300781 0.957031 0.296875 0.960938 0.292969 0.960938 0.289062 0.960938 0.285156 0.964844 0.281250 0.964844 0.277344 0.960938 0.273438 0.960938 0.265625 0.953125 0.261719 0.949219 0.261719 0.945312 0.253906 0.937500 0.250000 0.937500 0.250000 0.929688 0.250000 0.925781 0.253906 0.925781 0.257812 0.921875
0 0.214844 0.937500 0.234375 0.937500 0.238281 0.937500 0.234375 0.941406 0.234375 0.945312 0.230469 0.949219 0.226562 0.949219 0.222656 0.949219 0.222656 0.945312 0.222656 0.941406 0.218750 0.937500 0.214844 0.937500
0 0.921875 0.980469 0.933594 0.980469 0.937500 0.980469 0.941406 0.984375 0.941406 0.988281 0.937500 0.992188 0.929688 0.992188 0.925781 0.992188 0.921875 0.988281 0.921875 0.980469
0 0.179643 0.905794 0.179643 0.906579 0.167611 0.906230 0.167698 0.894547 0.179731 0.894721 0.179731 0.905794
0 0.863516 0.535190 0.863516 0.524739 0.862831 0.519373 0.853355 0.519601 0.851756 0.518916 0.843475 0.518916 0.843703 0.531308 0.853637 0.531536 0.855121 0.535190
