0 0.000000 0.000000 0.011719 0.000000 0.015625 0.000000 0.015625 0.007812 0.015625 0.011719 0.011719 0.015625 0.007812 0.015625 0.003906 0.019531 0.000000 0.019531
0 0.003906 0.105469 0.011719 0.105469 0.015625 0.105469 0.015625 0.125000 0.011719 0.128906 0.007812 0.128906 0.007812 0.125000 0.003906 0.121094 0.003906 0.105469
0 0.132814 0.144710 0.113146 0.144361 0.113281 0.156250 0.117188 0.160156 0.121094 0.160156 0.132716 0.148534 0.132716 0.144710
0 0.027344 0.152344 0.046875 0.152344 0.050781 0.152344 0.050781 0.156250 0.054688 0.160156 0.054688 0.164062 0.050781 0.167969 0.039062 0.167969 0.035156 0.167969 0.031250 0.164062 0.027344 0.164062 0.027344 0.152344
0 0.327373 0.285208 0.325228 0.276010 0.319186 0.270979 0.310905 0.270979 0.304863 0.276010 0.304863 0.286314 0.310905 0.293368 0.319091 0.293489 0.326240 0.289348
0 0.146195 0.895230 0.139046 0.899371 0.134906 0.898238 0.130765 0.891089 0.131898 0.886949 0.139046 0.882808 0.143187 0.883941 0.147328 0.891089
0 0.717686 0.897253 0.710537 0.901393 0.706396 0.900261 0.702256 0.893112 0.703389 0.888971 0.710537 0.884831 0.714678 0.885964 0.718818 0.893112
0 0.844340 0.935146 0.812603 0.941596 0.806616 0.946630 0.790257 0.947914 0.780998 0.950948 0.766169 0.950956 0.750117 0.947914 0.689296 0.947922 0.667960 0.943755 0.651898 0.933761 0.639638 0.932628 0.635498 0.925480 0.639638 0.918331 0.669385 0.914172 0.689296 0.909107 0.710537 0.908095 0.732097 0.910127 0.745065 0.908104 0.747894 0.894029 0.750902 0.891021 0.756054 0.889888 0.778021 0.901767 0.786039 0.904042 0.843137 0.931481 0.844922 0.934563
0 1.000000 0.186904 0.997800 0.186904 0.993406 0.188290 0.991541 0.185071 0.992674 0.180930 0.998393 0.176723 0.996599 0.171921 0.997732 0.166769 1.000000 0.165455
0 0.046875 0.238281 0.062500 0.238281 0.066406 0.242188 0.062500 0.246094 0.062500 0.250000 0.058594 0.253906 0.054688 0.253906 0.050781 0.253906 0.050781 0.250000 0.046875 0.246094 0.046875 0.238281
0 0.253906 0.246094 0.281250 0.246094 0.285156 0.250000 0.281250 0.250000 0.277344 0.253906 0.273438 0.257812 0.269531 0.257812 0.265625 0.261719 0.261719 0.261719 0.261719 0.257812 0.257812 0.253906 0.257812 0.250000 0.253906 0.246094
0 0.246094 0.289062 0.265625 0.289062 0.269531 0.292969 0.269531 0.304688 0.273438 0.308594 0.273438 0.312500 0.269531 0.316406 0.265625 0.320312 0.242188 0.320312 0.238281 0.320312 0.238281 0.312500 0.238281 0.308594 0.242188 0.304688 0.246094 0.300781 0.246094 0.289062
0 0.371094 0.320312 0.382812 0.320312 0.386719 0.320312 0.386719 0.328125 0.390625 0.332031 0.386719 0.335938 0.386719 0.339844 0.382812 0.343750 0.382812 0.347656 0.378906 0.351562 0.375000 0.351562 0.371094 0.355469 0.367188 0.355469 0.363281 0.351562 0.359375 0.351562 0.359375 0.339844 0.355469 0.335938 0.359375 0.332031 0.363281 0.332031 0.367188 0.332031 0.371094 0.328125 0.371094 0.320312
0 0.238281 0.406250 0.250000 0.406250 0.253906 0.406250 0.253906 0.410156 0.265625 0.421875 0.265625 0.425781 0.261719 0.429688 0.257812 0.433594 0.238281 0.433594 0.234375 0.433594 0.230469 0.429688 0.230469 0.414062 0.230469 0.410156 0.234375 0.410156 0.238281 0.406250
0 0.394531 0.449219 0.390625 0.449219 0.378906 0.437500 0.366883 0.437195 0.366883 0.437793 0.363365 0.437793 0.359375 0.441406 0.358441 0.441406 0.358441 0.444379 0.359375 0.445312 0.359375 0.449219 0.363281 0.449219 0.367188 0.453125 0.367188 0.460938 0.375000 0.460938 0.378906 0.464844 0.386719 0.464844 0.390625 0.460938 0.390625 0.453125
0 0.433594 0.578125 0.429688 0.574219 0.414062 0.574219 0.413077 0.575205 0.413077 0.581045 0.417969 0.585938 0.425781 0.585938
0 0.230469 0.664062 0.242188 0.664062 0.246094 0.664062 0.250000 0.667969 0.253906 0.667969 0.253906 0.671875 0.250000 0.675781 0.246094 0.675781 0.242188 0.679688 0.238281 0.679688 0.234375 0.683594 0.230469 0.683594 0.226562 0.683594 0.226562 0.679688 0.222656 0.675781 0.222656 0.671875 0.222656 0.667969 0.226562 0.667969 0.230469 0.664062
0 0.093750 0.757812 0.109375 0.757812 0.113281 0.757812 0.117188 0.761719 0.117188 0.765625 0.113281 0.769531 0.109375 0.769531 0.105469 0.773438 0.101562 0.773438 0.097656 0.773438 0.093750 0.769531 0.093750 0.765625 0.089844 0.761719 0.093750 0.757812
0 0.636719 0.832031 0.636719 0.827375 0.633870 0.827375 0.633870 0.820312 0.617188 0.820312 0.617188 0.824219 0.613281 0.828125 0.613281 0.839844 0.628906 0.839844
0 0.179688 0.847656 0.183594 0.851562 0.187500 0.851562 0.187500 0.855469 0.187500 0.859375 0.183594 0.863281 0.183594 0.867188 0.179688 0.871094 0.171875 0.871094 0.167969 0.871094 0.164062 0.867188 0.164062 0.859375 0.164062 0.855469 0.167969 0.855469 0.171875 0.855469 0.179688 0.847656
0 0.167969 0.894531 0.191406 0.894531 0.195312 0.894531 0.195312 0.898438 0.199219 0.902344 0.199219 0.917969 0.199219 0.921875 0.203125 0.925781 0.203125 0.929688 0.199219 0.933594 0.199219 0.937500 0.195312 0.941406 0.195312 0.945312 0.195312 0.949219 0.191406 0.953125 0.191406 0.957031 0.187500 0.960938 0.183594 0.964844 0.175781 0.964844 0.171875 0.964844 0.167969 0.968750 0.167969 0.972656 0.167969 0.976562 0.160156 0.984375 0.156250 0.988281 0.152344 0.988281 0.148438 0.992188 0.144531 0.988281 0.140625 0.988281 0.140625 0.984375 0.136719 0.980469 0.136719 0.976562 0.132812 0.972656 0.132812 0.960938 0.132812 0.957031 0.128906 0.953125 0.125000 0.949219 0.125000 0.945312 0.125000 0.941406 0.128906 0.937500 0.132812 0.933594 0.140625 0.933594 0.144531 0.933594 0.148438 0.929688 0.152344 0.925781 0.152344 0.917969 0.152344 0.914062 0.156250 0.914062 0.160156 0.910156 0.164062 0.910156 0.167969 0.906250 0.167969 0.894531
0 0.085938 0.898438 0.089844 0.898438 0.093750 0.898438 0.097656 0.902344 0.101562 0.902344 0.105469 0.906250 0.101562 0.906250 0.093750 0.914062 0.089844 0.914062 0.085938 0.910156 0.082031 0.910156 0.082031 0.906250 0.082031 0.902344 0.085938 0.898438
