0 0.262302 0.374101 0.265521 0.371940 0.271482 0.367698 0.276956 0.367169 0.283663 0.366280 0.287234 0.372465 0.283252 0.379061 0.283112 0.381239 0.282166 0.386724 0.279591 0.389273 0.276712 0.389737 0.273243 0.390107 0.258273 0.382249 0.260250 0.377173
0 0.642857 0.478926 0.647690 0.475092 0.651164 0.474043 0.653750 0.472062 0.666436 0.474264 0.671293 0.480741 0.668712 0.483846 0.661623 0.491625 0.658791 0.494869 0.653836 0.495616 0.650861 0.494784 0.643041 0.492043 0.643041 0.487620 0.643556 0.487104 0.642429 0.482297
0 0.590485 0.346161 0.591398 0.344204 0.595874 0.344543 0.602352 0.345716 0.605027 0.348989 0.607177 0.353067 0.609496 0.358120 0.602635 0.360332 0.599026 0.360177 0.598588 0.362968 0.593509 0.365030 0.590099 0.366144 0.589320 0.355302 0.588774 0.352837 0.589869 0.349871
0 0.789479 0.010848 0.795439 0.010617 0.794426 0.026961 0.792214 0.027554 0.778849 0.020657 0.778687 0.014859 0.784427 0.012347
0 0.516139 0.035355 0.515981 0.037205 0.516543 0.039211 0.520860 0.040369 0.519825 0.045640 0.515650 0.044680 0.511837 0.044526 0.511143 0.045096 0.507896 0.045510 0.506516 0.045873 0.506333 0.046212 0.501457 0.047554 0.491853 0.043779 0.493251 0.039508 0.493145 0.035596 0.493549 0.034089 0.493566 0.031010 0.496009 0.028567 0.498477 0.027821 0.508627 0.026414 0.510439 0.027952 0.513365 0.028136 0.515341 0.032392
0 0.379946 0.083522 0.384532 0.082583 0.390732 0.090937 0.389169 0.095448 0.384315 0.095903 0.376715 0.095167 0.374929 0.088949
0 0.596180 0.066745 0.601070 0.069188 0.596772 0.077220 0.587310 0.078371 0.583384 0.070480 0.583575 0.066324 0.591746 0.064743
0 0.468921 0.176917 0.480738 0.188777 0.481746 0.192039 0.481980 0.197368 0.478481 0.201110 0.475913 0.202386 0.474464 0.207280 0.464571 0.211877 0.464516 0.205444 0.466407 0.203303 0.464721 0.197095 0.464894 0.192143 0.464464 0.188697 0.465182 0.182134 0.467086 0.178487
0 0.236802 0.198167 0.245607 0.194057 0.250518 0.196385 0.246605 0.201935 0.244200 0.209293 0.239182 0.209714 0.236415 0.201725
0 0.050394 0.053012 0.053425 0.051616 0.060279 0.047970 0.064135 0.050623 0.065348 0.056952 0.065836 0.057734 0.067926 0.063477 0.062549 0.068855 0.059568 0.067911 0.053710 0.071801 0.049053 0.069112 0.047615 0.063151 0.046894 0.061052 0.045918 0.057136 0.047821 0.055121
0 0.023041 0.000000 0.048148 0.000000 0.048670 0.002050 0.049561 0.007166 0.049880 0.011937 0.049516 0.014223 0.052106 0.018654 0.049011 0.023459 0.048867 0.026571 0.049156 0.029499 0.046254 0.033157 0.044785 0.035331 0.042308 0.038513 0.041801 0.037855 0.041666 0.037934 0.030666 0.035257 0.025482 0.030073 0.024223 0.022966 0.022552 0.018546 0.022499 0.015071 0.021228 0.013788 0.021396 0.011378 0.020505 0.005589 0.022771 0.003344 0.022521 0.001968
0 0.872949 0.599926 0.872979 0.599595 0.868851 0.596049 0.863423 0.592423 0.863423 0.588038 0.873226 0.585245 0.875629 0.586007 0.877324 0.586013 0.877480 0.585993 0.882236 0.584044 0.888398 0.582884 0.893097 0.580588 0.900856 0.576235 0.910046 0.580620 0.906455 0.593624 0.903649 0.596430 0.902008 0.596870 0.896441 0.601836 0.885684 0.602382 0.874637 0.603638
0 0.887120 0.305741 0.893491 0.291287 0.896338 0.290577 0.897295 0.284270 0.892299 0.282809 0.891479 0.272227 0.891374 0.266441 0.900217 0.270898 0.903694 0.271812 0.906793 0.274567 0.921360 0.280182 0.926889 0.284952 0.926524 0.294238 0.929178 0.300495 0.932189 0.306149 0.928952 0.308574 0.921764 0.314490 0.913543 0.317518 0.907025 0.316983 0.901430 0.318450 0.896305 0.317825 0.888711 0.317538 0.887068 0.310793
0 0.897171 0.409821 0.900951 0.405599 0.903470 0.404937 0.906498 0.401901 0.911577 0.401487 0.914328 0.401356 0.923467 0.398004 0.927870 0.401476 0.933717 0.401732 0.937138 0.411955 0.935273 0.414044 0.937118 0.416009 0.933752 0.421864 0.929945 0.424955 0.923774 0.430372 0.920998 0.433061 0.915398 0.433804 0.911666 0.432459 0.903051 0.435288 0.901283 0.436624 0.898632 0.437531 0.895310 0.436636 0.892882 0.434190 0.892779 0.430561 0.892084 0.425062 0.890901 0.418804 0.892744 0.413539
0 0.162620 0.911834 0.166579 0.911661 0.177362 0.918688 0.185334 0.924673 0.186633 0.929946 0.192173 0.930850 0.195730 0.936336 0.197934 0.936148 0.204987 0.935500 0.213809 0.941229 0.214411 0.947128 0.214518 0.947528 0.219917 0.949279 0.226332 0.956955 0.227906 0.959160 0.229589 0.957478 0.239280 0.949679 0.245775 0.948018 0.247854 0.959141 0.247544 0.962820 0.244879 0.965485 0.245039 0.967971 0.246745 0.974845 0.249436 0.977537 0.251182 0.981234 0.254079 0.980796 0.256174 0.980787 0.258092 0.977537 0.262045 0.973584 0.262506 0.971861 0.269110 0.970091 0.271527 0.974278 0.270737 0.979360 0.270896 0.991937 0.270896 0.995721 0.270258 0.998272 0.271436 1.000000 0.289133 1.000000 0.290764 0.997841 0.298857 0.997193 0.299838 0.997352 0.300781 0.996094 0.312500 0.941406 0.317811 0.938751 0.332234 0.931364 0.342675 0.933829 0.345127 0.933065 0.352481 0.933829 0.358474 0.932447 0.365557 0.932739 0.372068 0.929317 0.374627 0.928937 0.375636 0.928162 0.378132 0.928246 0.380457 0.930572 0.383676 0.931612 0.388503 0.933628 0.392111 0.932995 0.403693 0.932957 0.405681 0.933490 0.406417 0.934193 0.410775 0.934046 0.417402 0.937039 0.420391 0.937304 0.422371 0.939283 0.425294 0.940027 0.430197 0.942752 0.433112 0.944836 0.438015 0.944943 0.440195 0.945634 0.448639 0.945852 0.452180 0.944398 0.463076 0.943999 0.469614 0.941674 0.477741 0.944532 0.484133 0.946565 0.486547 0.949588 0.491052 0.952364 0.493975 0.953653 0.496500 0.956177 0.502692 0.959101 0.506306 0.962715 0.510519 0.964748 0.515023 0.968163 0.530477 0.974900 0.531546 0.976514 0.536250 0.980673 0.536269 0.980697 0.542812 0.982235 0.553468 0.988741 0.556442 0.994309 0.558137 0.996004 0.558846 0.998270 0.560251 1.000000 0.000000 1.000000 0.000000 0.852825 0.003013 0.852724 0.006655 0.853652 0.010066 0.854034 0.017132 0.861763 0.017475 0.863041 0.018906 0.862657 0.025098 0.860656 0.032984 0.859392 0.036786 0.857360 0.044500 0.858670 0.051233 0.865347 0.052548 0.865676 0.053672 0.865750 0.059301 0.865306 0.061459 0.865352 0.072214 0.862261 0.075624 0.862643 0.077368 0.864387 0.085073 0.868118 0.091517 0.869927 0.093681 0.872091 0.098862 0.873961 0.103437 0.874563 0.115114 0.878293 0.120655 0.879860 0.128384 0.887589 0.128847 0.889319 0.132144 0.889808 0.138979 0.894212 0.140951 0.899277 0.141428 0.903282 0.144009 0.905864 0.148037 0.905701 0.157738 0.905024
0 0.250000 0.757812 0.261719 0.761719 0.265625 0.761719 0.289062 0.789062 0.292969 0.792969 0.320312 0.808594 0.324219 0.808594 0.343750 0.828125 0.347656 0.832031 0.347656 0.839844 0.347656 0.843750 0.335938 0.847656 0.332031 0.851562 0.289062 0.851562 0.285156 0.851562 0.246094 0.839844 0.242188 0.839844 0.226562 0.828125 0.222656 0.828125 0.214844 0.816406 0.210938 0.812500 0.210938 0.796875 0.210938 0.792969 0.250000 0.757812
