0 0.113281 0.070312 0.121094 0.070312 0.125000 0.070312 0.125000 0.074219 0.128906 0.078125 0.128906 0.082031 0.125000 0.085938 0.121094 0.085938 0.117188 0.089844 0.113281 0.085938 0.109375 0.082031 0.113281 0.078125 0.113281 0.070312
0 0.058594 0.082031 0.062500 0.082031 0.066406 0.082031 0.074219 0.089844 0.078125 0.089844 0.074219 0.093750 0.074219 0.097656 0.070312 0.101562 0.066406 0.101562 0.062500 0.105469 0.058594 0.101562 0.054688 0.101562 0.054688 0.089844 0.054688 0.085938 0.058594 0.082031
0 0.917969 0.105469 0.921875 0.105469 0.925781 0.105469 0.925781 0.109375 0.929688 0.113281 0.929688 0.117188 0.925781 0.121094 0.914062 0.121094 0.910156 0.121094 0.910156 0.113281 0.910156 0.109375 0.914062 0.109375 0.917969 0.105469
0 0.878906 0.121094 0.878906 0.132812 0.878906 0.136719 0.882812 0.140625 0.886719 0.140625 0.886719 0.156250 0.882812 0.160156 0.878906 0.160156 0.878906 0.152344 0.875000 0.148438 0.878906 0.144531 0.878906 0.121094
0 0.019531 0.140625 0.023438 0.140625 0.027344 0.140625 0.027344 0.144531 0.031250 0.148438 0.035156 0.148438 0.035156 0.152344 0.031250 0.156250 0.031250 0.160156 0.027344 0.156250 0.023438 0.156250 0.019531 0.156250 0.019531 0.140625
0 0.074219 0.152344 0.085938 0.152344 0.089844 0.156250 0.085938 0.160156 0.082031 0.164062 0.082031 0.171875 0.082031 0.175781 0.078125 0.179688 0.074219 0.183594 0.070312 0.183594 0.066406 0.187500 0.066406 0.199219 0.066406 0.203125 0.070312 0.207031 0.070312 0.214844 0.070312 0.218750 0.066406 0.222656 0.062500 0.226562 0.058594 0.226562 0.054688 0.230469 0.050781 0.230469 0.046875 0.234375 0.046875 0.238281 0.046875 0.242188 0.042969 0.246094 0.039062 0.250000 0.039062 0.253906 0.035156 0.257812 0.035156 0.261719 0.031250 0.265625 0.027344 0.265625 0.023438 0.261719 0.019531 0.261719 0.015625 0.257812 0.011719 0.257812 0.011719 0.253906 0.007812 0.250000 0.007812 0.246094 0.007812 0.242188 0.003906 0.238281 0.000000 0.238281 0.000000 0.222656 0.000000 0.218750 0.003906 0.214844 0.003906 0.210938 0.007812 0.207031 0.007812 0.203125 0.011719 0.203125 0.023438 0.191406 0.023438 0.187500 0.035156 0.187500 0.039062 0.183594 0.054688 0.183594 0.058594 0.183594 0.062500 0.179688 0.062500 0.175781 0.062500 0.171875 0.066406 0.167969 0.066406 0.164062 0.066406 0.160156 0.074219 0.152344
0 0.406250 0.171875 0.414062 0.171875 0.417969 0.175781 0.417969 0.187500 0.414062 0.191406 0.402344 0.191406 0.398438 0.187500 0.398438 0.179688 0.398438 0.175781 0.402344 0.175781 0.406250 0.171875
0 0.320312 0.218750 0.328125 0.218750 0.332031 0.218750 0.332031 0.234375 0.335938 0.238281 0.332031 0.238281 0.328125 0.242188 0.324219 0.242188 0.320312 0.246094 0.316406 0.250000 0.312500 0.250000 0.308594 0.253906 0.304688 0.253906 0.300781 0.253906 0.296875 0.250000 0.296875 0.246094 0.292969 0.242188 0.296875 0.238281 0.296875 0.234375 0.304688 0.234375 0.308594 0.234375 0.312500 0.230469 0.312500 0.226562 0.320312 0.218750
0 0.210938 0.285156 0.222656 0.285156 0.226562 0.289062 0.218750 0.296875 0.214844 0.300781 0.210938 0.300781 0.210938 0.285156
0 0.257812 0.296875 0.261719 0.296875 0.265625 0.296875 0.265625 0.308594 0.269531 0.312500 0.265625 0.312500 0.261719 0.316406 0.257812 0.316406 0.253906 0.312500 0.253906 0.304688 0.253906 0.300781 0.257812 0.296875
0 0.839844 0.312500 0.843750 0.316406 0.847656 0.316406 0.847656 0.320312 0.851562 0.324219 0.855469 0.324219 0.859375 0.324219 0.859375 0.332031 0.863281 0.335938 0.859375 0.335938 0.855469 0.339844 0.851562 0.339844 0.847656 0.343750 0.843750 0.343750 0.839844 0.347656 0.835938 0.347656 0.835938 0.343750 0.835938 0.339844 0.832031 0.335938 0.832031 0.332031 0.832031 0.328125 0.835938 0.324219 0.835938 0.320312 0.839844 0.316406 0.839844 0.312500
0 0.656250 0.339844 0.660156 0.339844 0.664062 0.339844 0.664062 0.347656 0.664062 0.351562 0.660156 0.355469 0.656250 0.355469 0.652344 0.359375 0.648438 0.359375 0.648438 0.347656 0.648438 0.343750 0.652344 0.339844
0 0.316406 0.339844 0.320312 0.343750 0.324219 0.343750 0.328125 0.347656 0.328125 0.351562 0.324219 0.355469 0.320312 0.359375 0.316406 0.355469 0.316406 0.339844
0 0.257812 0.355469 0.261719 0.355469 0.265625 0.355469 0.269531 0.359375 0.269531 0.363281 0.273438 0.367188 0.273438 0.371094 0.269531 0.375000 0.253906 0.375000 0.250000 0.375000 0.250000 0.367188 0.250000 0.363281 0.257812 0.355469
0 0.468750 0.371094 0.472656 0.371094 0.476562 0.371094 0.480469 0.375000 0.484375 0.375000 0.484375 0.390625 0.480469 0.394531 0.468750 0.394531 0.464844 0.390625 0.464844 0.378906 0.464844 0.375000 0.468750 0.371094
0 0.332031 0.378906 0.335938 0.382812 0.339844 0.382812 0.339844 0.386719 0.339844 0.390625 0.332031 0.398438 0.328125 0.398438 0.324219 0.394531 0.324219 0.386719 0.324219 0.382812 0.328125 0.382812 0.332031 0.378906
0 0.027344 0.406250 0.031250 0.406250 0.035156 0.406250 0.035156 0.410156 0.039062 0.414062 0.035156 0.417969 0.031250 0.421875 0.027344 0.421875 0.023438 0.421875 0.023438 0.414062 0.023438 0.410156 0.027344 0.406250
0 0.968750 0.460938 0.980469 0.460938 0.984375 0.460938 0.984375 0.464844 0.988281 0.468750 0.984375 0.468750 0.980469 0.472656 0.976562 0.472656 0.972656 0.472656 0.968750 0.468750 0.964844 0.464844 0.968750 0.460938
0 0.113281 0.476562 0.121094 0.476562 0.125000 0.476562 0.132812 0.484375 0.136719 0.484375 0.136719 0.488281 0.136719 0.492188 0.140625 0.496094 0.140625 0.503906 0.144531 0.507812 0.140625 0.507812 0.136719 0.511719 0.132812 0.515625 0.132812 0.519531 0.125000 0.527344 0.121094 0.531250 0.117188 0.531250 0.113281 0.535156 0.109375 0.539062 0.097656 0.539062 0.093750 0.539062 0.089844 0.535156 0.085938 0.531250 0.085938 0.503906 0.085938 0.500000 0.089844 0.496094 0.093750 0.496094 0.097656 0.492188 0.097656 0.488281 0.097656 0.484375 0.101562 0.484375 0.105469 0.484375 0.113281 0.476562
0 0.617188 0.500000 0.621094 0.500000 0.625000 0.500000 0.636719 0.511719 0.636719 0.515625 0.632812 0.519531 0.625000 0.519531 0.621094 0.519531 0.617188 0.523438 0.617188 0.527344 0.609375 0.535156 0.605469 0.535156 0.601562 0.531250 0.601562 0.523438 0.597656 0.519531 0.601562 0.515625 0.605469 0.515625 0.609375 0.511719 0.613281 0.511719 0.617188 0.507812 0.617188 0.500000
0 0.308594 0.507812 0.312500 0.507812 0.316406 0.507812 0.320312 0.511719 0.324219 0.511719 0.320312 0.515625 0.320312 0.519531 0.316406 0.523438 0.316406 0.527344 0.308594 0.535156 0.304688 0.535156 0.304688 0.519531 0.304688 0.515625 0.308594 0.511719 0.308594 0.507812
0 0.691406 0.554688 0.707031 0.554688 0.707031 0.558594 0.699219 0.566406 0.695312 0.566406 0.691406 0.562500 0.691406 0.554688
0 0.812500 0.562500 0.816406 0.566406 0.832031 0.566406 0.835938 0.570312 0.832031 0.570312 0.828125 0.574219 0.828125 0.578125 0.824219 0.582031 0.820312 0.582031 0.816406 0.582031 0.812500 0.578125 0.812500 0.562500
0 0.917969 0.562500 0.921875 0.562500 0.925781 0.562500 0.925781 0.570312 0.929688 0.574219 0.925781 0.578125 0.921875 0.582031 0.921875 0.585938 0.921875 0.589844 0.914062 0.597656 0.910156 0.601562 0.902344 0.601562 0.898438 0.601562 0.894531 0.597656 0.894531 0.593750 0.894531 0.589844 0.902344 0.582031 0.906250 0.578125 0.906250 0.574219 0.917969 0.562500
0 0.328125 0.593750 0.332031 0.593750 0.335938 0.593750 0.339844 0.597656 0.347656 0.597656 0.351562 0.601562 0.351562 0.609375 0.351562 0.613281 0.355469 0.617188 0.355469 0.621094 0.359375 0.625000 0.359375 0.628906 0.363281 0.632812 0.367188 0.632812 0.371094 0.632812 0.371094 0.636719 0.375000 0.640625 0.371094 0.644531 0.367188 0.648438 0.351562 0.648438 0.347656 0.648438 0.343750 0.644531 0.339844 0.644531 0.335938 0.640625 0.335938 0.617188 0.335938 0.613281 0.332031 0.609375 0.328125 0.605469 0.328125 0.593750
0 0.714844 0.605469 0.722656 0.605469 0.726562 0.605469 0.730469 0.609375 0.734375 0.609375 0.738281 0.613281 0.738281 0.617188 0.742188 0.621094 0.742188 0.628906 0.738281 0.632812 0.722656 0.632812 0.718750 0.632812 0.714844 0.628906 0.710938 0.625000 0.710938 0.617188 0.710938 0.613281 0.714844 0.609375 0.714844 0.605469
0 0.828125 0.613281 0.835938 0.613281 0.839844 0.613281 0.839844 0.617188 0.832031 0.625000 0.828125 0.628906 0.824219 0.625000 0.824219 0.621094 0.824219 0.617188 0.828125 0.613281
0 0.195312 0.628906 0.207031 0.628906 0.210938 0.628906 0.214844 0.632812 0.214844 0.636719 0.210938 0.640625 0.207031 0.644531 0.203125 0.644531 0.199219 0.644531 0.195312 0.640625 0.195312 0.636719 0.191406 0.632812 0.195312 0.628906
0 0.734375 0.671875 0.738281 0.671875 0.742188 0.671875 0.742188 0.679688 0.742188 0.683594 0.738281 0.687500 0.738281 0.691406 0.726562 0.703125 0.722656 0.703125 0.722656 0.699219 0.718750 0.695312 0.722656 0.691406 0.722656 0.687500 0.722656 0.683594 0.726562 0.683594 0.730469 0.679688 0.730469 0.675781 0.734375 0.671875
0 0.976562 0.671875 0.980469 0.671875 0.984375 0.671875 0.992188 0.679688 0.992188 0.683594 0.988281 0.687500 0.980469 0.687500 0.976562 0.687500 0.972656 0.683594 0.972656 0.679688 0.972656 0.675781 0.976562 0.671875
0 0.062500 0.679688 0.078125 0.679688 0.082031 0.679688 0.082031 0.683594 0.085938 0.687500 0.085938 0.691406 0.082031 0.695312 0.082031 0.707031 0.078125 0.710938 0.082031 0.714844 0.089844 0.714844 0.093750 0.714844 0.093750 0.722656 0.093750 0.726562 0.089844 0.730469 0.085938 0.734375 0.082031 0.734375 0.082031 0.718750 0.082031 0.714844 0.078125 0.710938 0.070312 0.710938 0.066406 0.710938 0.066406 0.707031 0.062500 0.703125 0.058594 0.699219 0.058594 0.687500 0.058594 0.683594 0.062500 0.679688
0 0.527344 0.687500 0.539062 0.687500 0.542969 0.687500 0.546875 0.691406 0.550781 0.691406 0.554688 0.691406 0.554688 0.707031 0.554688 0.710938 0.550781 0.714844 0.546875 0.718750 0.546875 0.714844 0.542969 0.710938 0.539062 0.710938 0.535156 0.710938 0.531250 0.707031 0.527344 0.707031 0.527344 0.703125 0.523438 0.699219 0.523438 0.695312 0.523438 0.691406 0.527344 0.687500
0 0.156250 0.718750 0.160156 0.722656 0.167969 0.722656 0.171875 0.722656 0.171875 0.726562 0.171875 0.730469 0.167969 0.734375 0.164062 0.738281 0.160156 0.738281 0.156250 0.742188 0.156250 0.734375 0.152344 0.730469 0.152344 0.726562 0.152344 0.722656 0.156250 0.718750
0 0.210938 0.726562 0.218750 0.726562 0.222656 0.726562 0.222656 0.730469 0.230469 0.738281 0.230469 0.742188 0.226562 0.746094 0.222656 0.746094 0.218750 0.746094 0.214844 0.742188 0.214844 0.738281 0.210938 0.734375 0.210938 0.726562
0 0.835938 0.726562 0.843750 0.726562 0.847656 0.726562 0.851562 0.730469 0.855469 0.734375 0.855469 0.746094 0.855469 0.750000 0.851562 0.753906 0.847656 0.757812 0.843750 0.757812 0.839844 0.757812 0.835938 0.753906 0.832031 0.753906 0.828125 0.750000 0.824219 0.750000 0.824219 0.742188 0.824219 0.738281 0.835938 0.726562
0 0.285156 0.750000 0.296875 0.750000 0.300781 0.750000 0.300781 0.753906 0.304688 0.757812 0.312500 0.757812 0.316406 0.757812 0.316406 0.761719 0.316406 0.765625 0.312500 0.769531 0.308594 0.769531 0.308594 0.761719 0.304688 0.757812 0.300781 0.757812 0.296875 0.761719 0.292969 0.761719 0.289062 0.757812 0.285156 0.757812 0.285156 0.750000
0 0.230469 0.792969 0.238281 0.792969 0.242188 0.792969 0.242188 0.796875 0.242188 0.800781 0.246094 0.804688 0.246094 0.812500 0.242188 0.816406 0.238281 0.816406 0.238281 0.812500 0.234375 0.808594 0.230469 0.808594 0.230469 0.792969
0 0.746094 0.812500 0.761719 0.812500 0.765625 0.812500 0.765625 0.816406 0.765625 0.820312 0.769531 0.824219 0.781250 0.824219 0.785156 0.824219 0.789062 0.828125 0.789062 0.835938 0.789062 0.839844 0.785156 0.843750 0.781250 0.847656 0.777344 0.847656 0.773438 0.843750 0.769531 0.843750 0.769531 0.839844 0.765625 0.835938 0.765625 0.832031 0.761719 0.828125 0.757812 0.828125 0.753906 0.828125 0.750000 0.824219 0.750000 0.820312 0.750000 0.816406 0.746094 0.812500
0 0.210938 0.835938 0.214844 0.835938 0.218750 0.835938 0.222656 0.839844 0.226562 0.839844 0.222656 0.843750 0.222656 0.847656 0.218750 0.851562 0.214844 0.851562 0.210938 0.855469 0.210938 0.835938
0 0.679688 0.839844 0.687500 0.839844 0.691406 0.839844 0.691406 0.843750 0.691406 0.847656 0.687500 0.851562 0.679688 0.851562 0.675781 0.855469 0.675781 0.847656 0.671875 0.843750 0.675781 0.843750 0.679688 0.839844
0 0.882812 0.871094 0.886719 0.875000 0.886719 0.886719 0.886719 0.890625 0.890625 0.894531 0.894531 0.894531 0.902344 0.902344 0.906250 0.906250 0.910156 0.906250 0.914062 0.906250 0.914062 0.910156 0.910156 0.914062 0.910156 0.925781 0.910156 0.929688 0.914062 0.933594 0.914062 0.937500 0.917969 0.941406 0.937500 0.941406 0.941406 0.941406 0.941406 0.957031 0.937500 0.960938 0.933594 0.960938 0.929688 0.964844 0.906250 0.964844 0.902344 0.964844 0.898438 0.968750 0.898438 0.972656 0.898438 0.968750 0.894531 0.964844 0.890625 0.960938 0.882812 0.960938 0.878906 0.960938 0.878906 0.957031 0.878906 0.953125 0.875000 0.949219 0.875000 0.945312 0.871094 0.941406 0.871094 0.937500 0.871094 0.933594 0.867188 0.929688 0.863281 0.925781 0.863281 0.890625 0.863281 0.886719 0.871094 0.886719 0.875000 0.886719 0.878906 0.882812 0.878906 0.878906 0.878906 0.875000 0.882812 0.871094
0 0.029607 0.883141 0.039468 0.882610 0.040087 0.887831 0.042843 0.890789 0.042969 0.894531 0.050369 0.894864 0.050781 0.898438 0.054688 0.898438 0.054941 0.908832 0.044046 0.910409 0.042969 0.906250 0.035156 0.898438 0.026977 0.898109 0.026813 0.883305
0 0.378906 0.890625 0.406250 0.890625 0.410156 0.890625 0.410156 0.894531 0.414062 0.898438 0.417969 0.902344 0.421875 0.902344 0.425781 0.902344 0.429688 0.906250 0.433594 0.910156 0.433594 0.914062 0.437500 0.917969 0.437500 0.921875 0.433594 0.925781 0.429688 0.929688 0.425781 0.929688 0.421875 0.933594 0.417969 0.937500 0.417969 0.941406 0.417969 0.945312 0.414062 0.949219 0.414062 0.953125 0.414062 0.957031 0.410156 0.960938 0.406250 0.960938 0.402344 0.964844 0.394531 0.957031 0.390625 0.957031 0.390625 0.949219 0.386719 0.945312 0.375000 0.945312 0.371094 0.945312 0.367188 0.941406 0.355469 0.941406 0.351562 0.941406 0.351562 0.914062 0.351562 0.910156 0.355469 0.906250 0.355469 0.902344 0.355469 0.898438 0.359375 0.894531 0.371094 0.894531 0.375000 0.894531 0.378906 0.890625
0 0.980469 0.890625 0.984375 0.894531 0.988281 0.894531 0.992188 0.898438 0.988281 0.902344 0.988281 0.906250 0.988281 0.910156 0.984375 0.914062 0.980469 0.917969 0.976562 0.917969 0.972656 0.921875 0.968750 0.917969 0.964844 0.917969 0.964844 0.902344 0.964844 0.898438 0.968750 0.898438 0.972656 0.898438 0.980469 0.890625
0 0.164062 0.894531 0.167969 0.894531 0.171875 0.894531 0.171875 0.906250 0.171875 0.910156 0.164062 0.917969 0.160156 0.917969 0.160156 0.914062 0.156250 0.910156 0.160156 0.906250 0.160156 0.902344 0.160156 0.898438 0.164062 0.894531
0 0.101562 0.980469 0.109375 0.980469 0.113281 0.980469 0.113281 0.984375 0.113281 0.988281 0.105469 0.996094 0.105469 1.000000 0.101562 0.996094 0.097656 0.996094 0.097656 0.992188 0.093750 0.988281 0.101562 0.980469
0 0.062500 0.984375 0.066406 0.988281 0.070312 0.988281 0.074219 0.988281 0.074219 0.992188 0.074219 0.996094 0.070312 1.000000 0.066406 1.000000 0.066406 1.000000 0.054688 1.000000 0.054688 0.992188 0.054688 0.988281 0.058594 0.988281 0.062500 0.984375
0 0.945312 0.984375 0.953125 0.984375 0.957031 0.984375 0.957031 0.988281 0.960938 0.992188 0.960938 0.996094 0.957031 1.000000 0.957031 1.000000 0.945312 1.000000 0.945312 1.000000 0.941406 0.996094 0.941406 0.992188 0.941406 0.988281 0.945312 0.984375
0 0.960505 0.442577 0.950834 0.442577 0.939229 0.438709 0.918920 0.427104 0.907315 0.423235 0.904414 0.418400 0.902479 0.389387 0.919887 0.372947 0.924722 0.366177 0.928591 0.364243 0.937295 0.352638 0.945031 0.346836 0.952768 0.350704 0.957604 0.361342 0.960505 0.375848 0.972110 0.400992 0.972110 0.434840 0.969208 0.441610
0 0.979846 0.406795 1.000000 0.406795 1.000000 0.361443 0.993386 0.359407 0.986616 0.353605 0.980813 0.342967 0.976945 0.342967 0.982748 0.338132 0.982748 0.314921 0.976945 0.312020 0.966307 0.311053 0.951801 0.341033 0.951801 0.352638 0.953735 0.353605 0.960505 0.370046 0.965340 0.391321 0.974044 0.400992
0 0.885072 0.391321 0.877335 0.393255 0.861862 0.392289 0.853158 0.385519 0.853158 0.376815 0.860895 0.370046 0.876368 0.362309 0.877335 0.360375 0.892809 0.355539 0.902479 0.342967 0.914084 0.338132 0.922788 0.332329 0.927624 0.326527 0.931492 0.326527 0.936327 0.330395 0.941163 0.337164 0.941163 0.342967 0.919887 0.363276 0.918920 0.366177 0.910216 0.372947 0.907315 0.377782 0.893776 0.386486
0 0.695523 0.380684 0.704227 0.380684 0.709062 0.378749 0.716799 0.366177 0.716799 0.342967 0.714864 0.333296 0.710996 0.330395 0.703260 0.330395 0.689720 0.332329 0.684885 0.337164 0.684885 0.372947 0.687786 0.380684
0 0.578489 0.181786 0.569219 0.168302 0.557421 0.160718 0.543938 0.143021 0.522870 0.123638 0.516970 0.122795 0.490846 0.111840 0.456295 0.112683 0.446182 0.108469 0.426799 0.093300 0.415001 0.081502 0.404888 0.067176 0.404046 0.053692 0.407416 0.048636 0.413316 0.044422 0.428484 0.041051 0.444496 0.041051 0.468093 0.046950 0.475677 0.046950 0.489161 0.035995 0.514442 0.026725 0.530454 0.025039 0.589445 0.025039 0.609670 0.030939 0.615569 0.035152 0.641693 0.046108 0.653491 0.054535 0.673717 0.073918 0.699841 0.088244 0.715853 0.093300 0.783271 0.093300 0.794226 0.096671 0.794226 0.127852 0.788327 0.142178 0.777372 0.153976 0.762203 0.164932 0.748719 0.169145 0.690571 0.169145 0.677930 0.176730 0.666132 0.180100 0.602928 0.183471 0.591130 0.187685 0.583546 0.187685
0 0.409945 0.000000 0.409945 0.018298 0.412473 0.030096 0.421743 0.038523 0.429327 0.038523 0.440283 0.042737 0.462193 0.046108 0.474834 0.044422 0.473149 0.029253 0.471463 0.026725 0.465564 0.025882 0.461351 0.022511 0.453311 0.000000
0 0.525482 0.911669 0.520652 0.911669 0.518237 0.910462 0.514614 0.906839 0.507368 0.902009 0.506161 0.898386 0.506764 0.894159 0.515218 0.887518 0.523671 0.884498 0.532728 0.879064 0.539370 0.870007 0.541181 0.868800 0.542992 0.863366 0.544200 0.861554 0.547823 0.859139 0.556880 0.858535 0.558087 0.860346 0.559898 0.861554 0.562314 0.865177 0.562918 0.867592 0.562918 0.876045 0.562314 0.879064 0.556880 0.884498 0.551445 0.893555 0.550842 0.895971 0.549634 0.897782 0.542389 0.905631 0.537558 0.908046 0.532124 0.908650
0 0.575034 0.976883 0.569440 0.976484 0.563447 0.973687 0.553859 0.962500 0.553859 0.960103 0.554658 0.957706 0.560251 0.949316 0.570639 0.947318 0.583024 0.947718 0.584223 0.951713 0.587419 0.958105 0.587020 0.967295 0.585421 0.971689 0.584223 0.973288 0.578230 0.974886
0 0.358364 0.969395 0.348197 0.972168 0.345424 0.971243 0.343575 0.968470 0.341727 0.963849 0.341265 0.958303 0.342651 0.956916 0.349584 0.954143 0.356516 0.950446 0.359751 0.947673 0.361600 0.946749 0.375464 0.946749 0.378238 0.947211 0.378700 0.949522 0.375464 0.961076 0.366221 0.964311 0.362986 0.967084
0 0.307349 0.949316 0.304153 0.950514 0.290969 0.952512 0.288571 0.950914 0.285775 0.947318 0.284976 0.943323 0.284976 0.932935 0.282579 0.928940 0.282179 0.926942 0.283777 0.922947 0.288571 0.917753 0.292167 0.912160 0.294165 0.910961 0.298560 0.911361 0.303354 0.917354 0.304952 0.925344 0.310945 0.933734 0.311744 0.935732 0.311744 0.942124 0.310546 0.946120
0 0.093680 0.472929 0.085879 0.474730 0.082878 0.474730 0.078077 0.472329 0.077477 0.469929 0.074477 0.466328 0.073276 0.463928 0.072676 0.461527 0.072676 0.456127 0.073876 0.453726 0.078677 0.447725 0.080477 0.446525 0.081678 0.444125 0.084078 0.443525 0.087679 0.440524 0.090679 0.439924 0.102681 0.439924 0.103281 0.442324 0.102681 0.445925 0.096080 0.460927 0.096080 0.466328
0 0.113483 0.440524 0.102681 0.436323 0.098480 0.430322 0.097880 0.417720 0.100881 0.412920 0.111082 0.412319 0.117084 0.414720 0.122484 0.420121 0.123685 0.424921 0.123685 0.430322 0.119484 0.438123
0 0.722601 0.345868 0.713898 0.330395 0.706161 0.324593 0.707128 0.312988 0.721634 0.298481 0.734206 0.292679 0.735173 0.290745 0.740976 0.290745 0.749680 0.285909 0.767087 0.285909 0.771923 0.287843 0.777725 0.296547 0.784495 0.300415 0.784495 0.310086 0.781594 0.316856 0.777725 0.320724 0.769989 0.322658 0.761285 0.329428 0.748712 0.331362 0.740976 0.345868 0.730338 0.347802
0 0.930525 0.318790 0.936327 0.308152 0.945998 0.306218 0.957604 0.306218 0.960505 0.313955 0.960505 0.331362 0.947932 0.344901 0.942130 0.344901 0.936327 0.335230 0.936327 0.332329 0.930525 0.327494
0 0.330030 0.018995 0.316955 0.018995 0.304814 0.017594 0.299677 0.013858 0.298743 0.011990 0.300144 0.010589 0.301078 0.007787 0.307616 0.002184 0.312286 0.001250 0.314785 0.000000 0.330695 0.000000 0.331431 0.000316 0.333766 0.002184 0.334700 0.004986 0.334700 0.014325 0.333299 0.015726
0 0.097656 0.000000 0.097656 0.000000 0.097656 0.015625 0.093750 0.019531 0.078125 0.023438 0.074219 0.023438 0.050781 0.000000 0.050781 0.000000
0 0.034438 0.020862 0.026967 0.022730 0.019962 0.022730 0.013891 0.021796 0.008755 0.019929 0.003151 0.016660 0.001750 0.014792 0.000349 0.011990 0.000000 0.009894 0.000000 0.008992 0.001283 0.006854 0.003151 0.004986 0.009689 0.000783 0.009912 0.000000 0.032913 0.000000 0.032570 0.001717 0.036773 0.004518 0.038174 0.005920 0.039108 0.008254 0.039108 0.012924 0.037707 0.017127
0 0.363185 0.029735 0.352445 0.025532 0.351978 0.016660 0.355247 0.013391 0.362718 0.009655 0.365520 0.009188 0.373459 0.005920 0.374859 0.003584 0.375327 0.000783 0.375848 0.000000 0.407255 0.000000 0.408014 0.004052 0.407547 0.009188 0.406146 0.011523 0.401944 0.013391 0.389803 0.022263 0.383265 0.024598 0.368789 0.026933
0 0.795898 0.000000 0.761719 0.027344 0.757812 0.031250 0.757812 0.054688 0.757812 0.058594 0.781250 0.097656 0.785156 0.101562 0.781250 0.132812 0.781250 0.136719 0.761719 0.164062 0.757812 0.167969 0.683594 0.164062 0.679688 0.164062 0.656250 0.171875 0.652344 0.175781 0.589844 0.175781 0.585938 0.175781 0.531250 0.121094 0.527344 0.117188 0.515625 0.113281 0.511719 0.109375 0.457031 0.101562 0.453125 0.101562 0.417969 0.070312 0.414062 0.066406 0.410156 0.058594 0.410156 0.054688 0.414062 0.046875 0.417969 0.042969 0.418329 0.036126 0.420230 0.000000
0 0.730469 0.164062 0.765625 0.164062 0.769531 0.167969 0.769531 0.187500 0.769531 0.191406 0.742188 0.230469 0.738281 0.234375 0.722656 0.230469 0.718750 0.230469 0.707031 0.214844 0.703125 0.210938 0.703125 0.195312 0.703125 0.191406 0.710938 0.175781 0.710938 0.171875 0.730469 0.164062
