0 0.546875 0.367188 0.524263 0.362868 0.534766 0.357617 0.530159 0.349010 0.527344 0.343750 0.546875 0.344727
0 0.484375 0.640625 0.497656 0.647852 0.495662 0.656841 0.488281 0.664062 0.472656 0.664062
0 0.100355 0.600905 0.100215 0.600625 0.100097 0.600389 0.100054 0.600303 0.100000 0.600195 0.114063 0.598242 0.114063 0.612305 0.113903 0.612679 0.109439 0.623170 0.108323 0.625793 0.106250 0.630664 0.093750 0.628906 0.097266 0.611914 0.101172 0.602539 0.101129 0.602453 0.100871 0.601937 0.100699 0.601593 0.100591 0.601378 0.100505 0.601206
0 0.282812 0.829102 0.289844 0.817383 0.312109 0.818164 0.314062 0.828320 0.304688 0.832031 0.296390 0.830920
0 0.811719 0.871289 0.812878 0.866922 0.812670 0.861835 0.810865 0.860420 0.811328 0.855273 0.816406 0.850195 0.828516 0.848242 0.826953 0.861523 0.827853 0.878536 0.827869 0.879119 0.825391 0.883789 0.816987 0.877802
0 0.150189 0.015454 0.151413 0.017805 0.153372 0.019568 0.155577 0.020891 0.158025 0.021772 0.160720 0.021919 0.165985 0.022507 0.168802 0.022654 0.171005 0.023829 0.172580 0.026129 0.174354 0.027943 0.174324 0.029969 0.174067 0.032499 0.173945 0.035291 0.173588 0.038075 0.173465 0.043651 0.173252 0.046164 0.171863 0.048075 0.169659 0.049251 0.165005 0.051308 0.162923 0.052777 0.161577 0.051161 0.159985 0.046165 0.158270 0.044255 0.156189 0.042638 0.153984 0.041316 0.149821 0.038230 0.148352 0.036173 0.147862 0.033528 0.147862 0.030736 0.147005 0.028384 0.142107 0.027062 0.139780 0.025740 0.139290 0.023241 0.139168 0.020450 0.138678 0.015013 0.139875 0.013386 0.144861 0.012573 0.147397 0.011955
0 0.360937 0.677539 0.347656 0.671875 0.351562 0.659180 0.366797 0.649805 0.372454 0.648996 0.380469 0.647852 0.386719 0.656250 0.383203 0.672461 0.370703 0.671680 0.367881 0.672572 0.363914 0.669525
0 0.121094 0.490820 0.125000 0.476562 0.142969 0.479492 0.144922 0.489648 0.152534 0.488516 0.156250 0.500195 0.144531 0.515625 0.130019 0.512676
0 0.921875 0.414062 0.894531 0.414062 0.901700 0.404173 0.888814 0.383187 0.892272 0.375889 0.905236 0.362926 0.910156 0.355469 0.934698 0.369997 0.929975 0.399531
0 0.000000 0.343414 0.000391 0.343555 0.005859 0.352148 0.000000 0.356774 0.000000 0.358008 0.013281 0.358008 0.031886 0.372565 0.047656 0.392383 0.066016 0.393164 0.066743 0.397043 0.068359 0.405664 0.038459 0.407496 0.015607 0.414889 0.000000 0.410944
0 0.238281 0.480469 0.246094 0.480469 0.250000 0.480469 0.253906 0.496094 0.253906 0.500000 0.238281 0.500000 0.234375 0.496094 0.238281 0.480469
0 0.601562 0.617188 0.613281 0.617188 0.617188 0.617188 0.621094 0.628906 0.621094 0.632812 0.605469 0.636719 0.601562 0.636719 0.601562 0.617188
0 0.595533 0.874621 0.605469 0.875000 0.609375 0.875000 0.613281 0.886719 0.613281 0.890625 0.601562 0.894531 0.597656 0.894531 0.593750 0.890625 0.595533 0.886719 0.596291 0.879172
0 0.062352 0.069975 0.054027 0.066407 0.052243 0.064623 0.048675 0.056893 0.048675 0.054514 0.051054 0.052730 0.051648 0.050352 0.059973 0.050352 0.068893 0.053325 0.070082 0.055109 0.070082 0.062244 0.071866 0.066407 0.070677 0.071164 0.068298 0.075326 0.063541 0.074731
0 0.900322 0.987346 0.898046 0.991139 0.896909 0.995311 0.887806 0.995691 0.883634 0.993415 0.882116 0.991898 0.882496 0.984691 0.888185 0.980899 0.889323 0.979002 0.891598 0.977864 0.896150 0.977864 0.898046 0.978623 0.898805 0.983554
