0 0.332031 0.164062 0.335938 0.164062 0.339844 0.164062 0.343750 0.167969 0.347656 0.167969 0.351562 0.171875 0.355469 0.175781 0.355469 0.179688 0.355469 0.183594 0.351562 0.187500 0.351562 0.191406 0.347656 0.187500 0.335938 0.187500 0.332031 0.187500 0.328125 0.183594 0.324219 0.179688 0.324219 0.175781 0.324219 0.171875 0.332031 0.164062
0 0.580743 1.000000 0.580743 0.998850 0.581465 0.996684 0.583632 0.993794 0.590133 0.988016 0.591578 0.985848 0.593745 0.977180 0.596634 0.973569 0.600246 0.969957 0.603135 0.968513 0.612525 0.959122 0.614693 0.957677 0.623361 0.953343 0.629861 0.953343 0.634918 0.954788 0.640696 0.959845 0.640696 0.962011 0.639252 0.964179 0.634918 0.966345 0.631306 0.969235 0.629139 0.973569 0.623361 0.980792 0.622638 0.983682 0.618304 0.989460 0.614693 0.993072 0.613970 0.995239 0.610359 0.999573 0.610216 1.000000
0 0.843750 0.335938 0.855469 0.335938 0.859375 0.335938 0.867188 0.343750 0.871094 0.343750 0.867188 0.343750 0.863281 0.343750 0.859375 0.347656 0.855469 0.347656 0.851562 0.351562 0.839844 0.351562 0.835938 0.355469 0.835938 0.359375 0.832031 0.363281 0.832031 0.371094 0.832031 0.375000 0.828125 0.378906 0.824219 0.378906 0.820312 0.382812 0.820312 0.394531 0.820312 0.398438 0.824219 0.402344 0.828125 0.402344 0.828125 0.406250 0.832031 0.410156 0.828125 0.414062 0.828125 0.417969 0.828125 0.421875 0.824219 0.425781 0.816406 0.425781 0.812500 0.425781 0.808594 0.421875 0.808299 0.416768 0.806499 0.406250 0.808594 0.402344 0.808594 0.378906 0.808594 0.375000 0.804688 0.371094 0.796875 0.371094 0.792969 0.367188 0.796875 0.363281 0.800781 0.363281 0.804688 0.359375 0.820312 0.359375 0.824219 0.359375 0.828125 0.355469 0.828125 0.351562 0.828125 0.347656 0.832031 0.343750 0.835938 0.339844 0.839844 0.339844 0.843750 0.335938
0 0.757812 0.515625 0.769531 0.515625 0.773438 0.515625 0.777344 0.519531 0.781250 0.523438 0.781250 0.527344 0.781250 0.531250 0.777344 0.535156 0.773438 0.535156 0.769531 0.539062 0.765625 0.542969 0.761719 0.542969 0.757812 0.539062 0.757812 0.535156 0.753906 0.531250 0.753906 0.523438 0.753906 0.519531 0.757812 0.515625
0 0.765625 0.562500 0.769531 0.566406 0.773438 0.566406 0.781250 0.574219 0.785156 0.578125 0.789062 0.578125 0.792969 0.578125 0.796875 0.582031 0.804688 0.582031 0.804688 0.585938 0.800781 0.589844 0.796875 0.589844 0.792969 0.589844 0.789062 0.585938 0.785156 0.585938 0.785156 0.582031 0.777344 0.582031 0.777344 0.582031 0.773438 0.578125 0.757812 0.578125 0.753906 0.578125 0.746094 0.585938 0.742188 0.585938 0.738281 0.582031 0.742188 0.578125 0.742188 0.574219 0.746094 0.570312 0.753906 0.570312 0.757812 0.570312 0.765625 0.562500
0 0.496094 0.617188 0.503906 0.617188 0.507812 0.617188 0.515625 0.625000 0.519531 0.628906 0.519531 0.644531 0.519531 0.648438 0.492188 0.652344 0.488281 0.648438 0.484375 0.632812 0.484375 0.628906 0.496094 0.617188
0 0.000000 0.864397 0.019531 0.867188 0.023438 0.867188 0.031250 0.875000 0.035156 0.878906 0.039062 0.898438 0.039062 0.902344 0.031250 0.917969 0.027344 0.921875 0.000000 0.933594 0.000000 0.933594
0 0.328125 0.640625 0.332031 0.644531 0.339844 0.644531 0.343750 0.644531 0.347656 0.648438 0.351562 0.652344 0.351562 0.660156 0.355469 0.664062 0.351562 0.667969 0.351562 0.679688 0.351562 0.683594 0.347656 0.687500 0.347656 0.691406 0.343750 0.695312 0.343750 0.718750 0.343750 0.722656 0.347656 0.726562 0.347656 0.742188 0.347656 0.746094 0.351562 0.750000 0.355469 0.750000 0.359375 0.750000 0.359375 0.753906 0.363281 0.757812 0.359375 0.757812 0.355469 0.761719 0.351562 0.765625 0.347656 0.761719 0.339844 0.761719 0.335938 0.761719 0.335938 0.757812 0.332031 0.753906 0.328125 0.753906 0.328125 0.750000 0.324219 0.746094 0.324219 0.726562 0.324219 0.722656 0.320312 0.718750 0.320312 0.695312 0.320312 0.691406 0.316406 0.687500 0.300781 0.687500 0.296875 0.683594 0.277344 0.683594 0.273438 0.679688 0.273438 0.671875 0.273438 0.667969 0.281250 0.667969 0.285156 0.664062 0.308594 0.664062 0.312500 0.664062 0.316406 0.660156 0.316406 0.648438 0.316406 0.644531 0.320312 0.644531 0.324219 0.644531 0.328125 0.640625
0 0.429688 0.890625 0.437500 0.890625 0.441406 0.890625 0.441406 0.894531 0.445312 0.898438 0.441406 0.902344 0.437500 0.906250 0.437500 0.917969 0.437500 0.921875 0.441406 0.925781 0.445312 0.925781 0.445312 0.929688 0.445312 0.933594 0.437500 0.941406 0.433594 0.945312 0.433594 0.949219 0.429688 0.953125 0.425781 0.957031 0.421875 0.957031 0.417969 0.960938 0.414062 0.960938 0.406250 0.968750 0.402344 0.972656 0.382812 0.972656 0.378906 0.972656 0.375000 0.968750 0.375000 0.964844 0.371094 0.960938 0.375000 0.960938 0.378906 0.957031 0.378906 0.949219 0.378906 0.945312 0.382812 0.941406 0.382812 0.937500 0.386719 0.933594 0.386719 0.925781 0.386719 0.921875 0.382812 0.917969 0.382812 0.914062 0.378906 0.910156 0.382812 0.906250 0.382812 0.902344 0.394531 0.902344 0.398438 0.898438 0.421875 0.898438 0.425781 0.898438 0.429688 0.894531 0.429688 0.890625
0 0.527344 0.996094 0.542969 0.996094 0.546875 0.996094 0.550781 1.000000 0.550781 1.000000 0.523438 1.000000 0.523438 1.000000 0.527344 0.996094
0 0.156250 0.230469 0.191406 0.234375 0.195312 0.234375 0.218750 0.246094 0.222656 0.246094 0.234375 0.257812 0.234375 0.261719 0.222656 0.273438 0.218750 0.277344 0.156250 0.285156 0.152344 0.285156 0.140625 0.277344 0.136719 0.273438 0.136719 0.253906 0.136719 0.250000 0.156250 0.230469
0 1.000000 0.000000 1.000000 0.023438 1.000000 0.023438 0.996094 0.023438 0.968750 0.003906 0.964844 0.000000 0.937500 0.000000 0.933594 0.000000 0.933594 0.000000
0 0.910156 0.390625 0.953125 0.394531 0.957031 0.394531 0.968750 0.406250 0.972656 0.410156 0.972656 0.429688 0.972656 0.433594 0.953125 0.449219 0.949219 0.453125 0.921875 0.441406 0.917969 0.441406 0.906250 0.421875 0.902344 0.417969 0.902344 0.398438 0.902344 0.394531 0.910156 0.390625
0 0.972656 0.656250 1.000000 0.656250 1.000000 0.681362 0.984375 0.683594 0.980469 0.683594 0.964844 0.675781 0.960938 0.671875 0.972656 0.656250
0 0.457031 0.007812 0.492188 0.007812 0.496094 0.007812 0.500000 0.011719 0.507812 0.011719 0.511719 0.015625 0.531250 0.015625 0.535156 0.015625 0.535156 0.019531 0.539062 0.023438 0.539062 0.027344 0.535156 0.031250 0.527344 0.031250 0.523438 0.027344 0.507812 0.027344 0.503906 0.031250 0.500000 0.031250 0.496094 0.027344 0.480469 0.027344 0.476562 0.027344 0.472656 0.031250 0.468750 0.031250 0.464844 0.031250 0.464844 0.023438 0.464844 0.019531 0.460938 0.015625 0.460938 0.011719 0.457031 0.007812
