0 0.285156 0.000000 0.285156 0.003906 0.285156 0.007812 0.269531 0.023438 0.265625 0.027344 0.261719 0.027344 0.257812 0.023438 0.246094 0.023438 0.242188 0.023438 0.242188 0.019531 0.242188 0.015625 0.246094 0.011719 0.246094 0.007812 0.246094 0.003906 0.250000 0.000000 0.250000 0.000000
0 0.371094 0.046875 0.378906 0.046875 0.382812 0.046875 0.382812 0.054688 0.382812 0.058594 0.386719 0.062500 0.390625 0.062500 0.394531 0.062500 0.394531 0.066406 0.394531 0.070312 0.398438 0.074219 0.402344 0.078125 0.386719 0.093750 0.382812 0.097656 0.378906 0.097656 0.375000 0.097656 0.371094 0.093750 0.367188 0.093750 0.367188 0.082031 0.367188 0.078125 0.359375 0.070312 0.355469 0.070312 0.355469 0.062500 0.355469 0.058594 0.359375 0.054688 0.363281 0.050781 0.367188 0.050781 0.371094 0.046875
0 0.324219 0.265625 0.328125 0.269531 0.332031 0.269531 0.335938 0.273438 0.335938 0.277344 0.339844 0.281250 0.343750 0.281250 0.343750 0.285156 0.343750 0.289062 0.339844 0.292969 0.335938 0.296875 0.335938 0.300781 0.332031 0.304688 0.332031 0.320312 0.335938 0.324219 0.332031 0.328125 0.332031 0.332031 0.332031 0.335938 0.324219 0.343750 0.320312 0.347656 0.320312 0.351562 0.316406 0.355469 0.300781 0.355469 0.296875 0.355469 0.292969 0.351562 0.289062 0.351562 0.285156 0.351562 0.281250 0.347656 0.277344 0.347656 0.273438 0.343750 0.269531 0.343750 0.265625 0.339844 0.269531 0.335938 0.269531 0.332031 0.273438 0.328125 0.273438 0.324219 0.273438 0.320312 0.277344 0.316406 0.277344 0.312500 0.281250 0.308594 0.281250 0.304688 0.281250 0.300781 0.296875 0.285156 0.300781 0.281250 0.304688 0.281250 0.308594 0.277344 0.312500 0.277344 0.324219 0.265625
0 0.023438 0.363281 0.027344 0.363281 0.031250 0.363281 0.031250 0.382812 0.031250 0.386719 0.027344 0.390625 0.027344 0.394531 0.027344 0.398438 0.019531 0.406250 0.019531 0.410156 0.015625 0.414062 0.007812 0.414062 0.003906 0.414062 0.000000 0.410156 0.000000 0.371094 0.000000 0.367188 0.015625 0.367188 0.019531 0.367188 0.023438 0.363281
0 0.253906 0.371094 0.285156 0.371094 0.289062 0.371094 0.289062 0.378906 0.292969 0.382812 0.289062 0.386719 0.289062 0.390625 0.285156 0.394531 0.285156 0.398438 0.285156 0.402344 0.273438 0.414062 0.269531 0.417969 0.261719 0.417969 0.257812 0.417969 0.253906 0.421875 0.250000 0.421875 0.246094 0.421875 0.242188 0.425781 0.238281 0.425781 0.234375 0.421875 0.230469 0.421875 0.230469 0.402344 0.226562 0.398438 0.230469 0.394531 0.230469 0.390625 0.234375 0.386719 0.234375 0.382812 0.238281 0.382812 0.242188 0.378906 0.246094 0.375000 0.250000 0.375000 0.253906 0.371094
0 0.050781 0.519531 0.062500 0.519531 0.066406 0.519531 0.066406 0.546875 0.066406 0.550781 0.062500 0.554688 0.058594 0.558594 0.058594 0.562500 0.054688 0.566406 0.050781 0.566406 0.046875 0.562500 0.042969 0.562500 0.035156 0.554688 0.031250 0.554688 0.031250 0.550781 0.027344 0.546875 0.023438 0.546875 0.023438 0.542969 0.019531 0.539062 0.023438 0.535156 0.023438 0.531250 0.027344 0.527344 0.031250 0.523438 0.042969 0.523438 0.046875 0.523438 0.050781 0.519531
0 0.726562 0.542969 0.730469 0.542969 0.734375 0.542969 0.734375 0.550781 0.738281 0.554688 0.750000 0.554688 0.753906 0.554688 0.753906 0.566406 0.753906 0.570312 0.757812 0.574219 0.761719 0.578125 0.769531 0.578125 0.773438 0.578125 0.777344 0.582031 0.781250 0.585938 0.785156 0.585938 0.789062 0.589844 0.792969 0.589844 0.796875 0.593750 0.800781 0.593750 0.804688 0.593750 0.808594 0.597656 0.812500 0.597656 0.812500 0.613281 0.812500 0.617188 0.808594 0.621094 0.808594 0.640625 0.808594 0.644531 0.804688 0.648438 0.804688 0.664062 0.808594 0.667969 0.839844 0.667969 0.843750 0.667969 0.847656 0.664062 0.859375 0.664062 0.863281 0.664062 0.863281 0.718750 0.863281 0.722656 0.859375 0.726562 0.859375 0.730469 0.855469 0.734375 0.851562 0.734375 0.847656 0.738281 0.839844 0.738281 0.835938 0.738281 0.832031 0.734375 0.832031 0.730469 0.828125 0.726562 0.824219 0.722656 0.820312 0.722656 0.816406 0.718750 0.785156 0.718750 0.781250 0.718750 0.777344 0.714844 0.765625 0.714844 0.761719 0.714844 0.753906 0.722656 0.750000 0.726562 0.750000 0.730469 0.746094 0.734375 0.742188 0.734375 0.738281 0.734375 0.734375 0.738281 0.730469 0.738281 0.726562 0.738281 0.722656 0.734375 0.722656 0.730469 0.718750 0.726562 0.718750 0.722656 0.714844 0.718750 0.714844 0.714844 0.703125 0.703125 0.699219 0.703125 0.699219 0.695312 0.695312 0.691406 0.703125 0.683594 0.707031 0.679688 0.707031 0.671875 0.707031 0.667969 0.710938 0.664062 0.714844 0.664062 0.718750 0.660156 0.722656 0.660156 0.726562 0.660156 0.730469 0.656250 0.738281 0.656250 0.742188 0.656250 0.746094 0.652344 0.746094 0.636719 0.750000 0.632812 0.750000 0.601562 0.750000 0.597656 0.746094 0.593750 0.742188 0.593750 0.738281 0.589844 0.730469 0.589844 0.726562 0.589844 0.722656 0.585938 0.718750 0.585938 0.718750 0.578125 0.718750 0.574219 0.714844 0.570312 0.714844 0.558594 0.714844 0.554688 0.718750 0.550781 0.718750 0.546875 0.722656 0.546875 0.726562 0.542969
0 0.109375 0.550781 0.113281 0.550781 0.117188 0.550781 0.117188 0.554688 0.121094 0.558594 0.128906 0.558594 0.132812 0.562500 0.132812 0.566406 0.132812 0.570312 0.136719 0.574219 0.136719 0.582031 0.136719 0.585938 0.132812 0.589844 0.132812 0.593750 0.128906 0.597656 0.128906 0.601562 0.125000 0.605469 0.113281 0.605469 0.109375 0.605469 0.105469 0.601562 0.101562 0.601562 0.097656 0.597656 0.093750 0.597656 0.093750 0.589844 0.089844 0.585938 0.089844 0.574219 0.089844 0.570312 0.093750 0.566406 0.093750 0.562500 0.097656 0.558594 0.101562 0.558594 0.109375 0.550781
0 0.523438 0.578125 0.527344 0.578125 0.531250 0.578125 0.535156 0.582031 0.539062 0.585938 0.535156 0.589844 0.535156 0.593750 0.535156 0.597656 0.531250 0.601562 0.527344 0.605469 0.527344 0.609375 0.527344 0.613281 0.515625 0.625000 0.511719 0.628906 0.507812 0.628906 0.503906 0.632812 0.500000 0.628906 0.500000 0.625000 0.500000 0.621094 0.492188 0.613281 0.488281 0.609375 0.484375 0.609375 0.480469 0.605469 0.480469 0.597656 0.480469 0.593750 0.484375 0.589844 0.488281 0.585938 0.492188 0.585938 0.496094 0.582031 0.515625 0.582031 0.519531 0.582031 0.523438 0.578125
0 0.359375 0.585938 0.363281 0.589844 0.363281 0.593750 0.367188 0.597656 0.371094 0.597656 0.375000 0.597656 0.378906 0.601562 0.382812 0.601562 0.382812 0.605469 0.378906 0.609375 0.375000 0.609375 0.371094 0.613281 0.367188 0.613281 0.363281 0.613281 0.355469 0.621094 0.351562 0.621094 0.347656 0.617188 0.343750 0.613281 0.343750 0.597656 0.343750 0.593750 0.347656 0.589844 0.351562 0.589844 0.355469 0.589844 0.359375 0.585938
0 0.945312 0.593750 0.953125 0.593750 0.957031 0.597656 0.968750 0.597656 0.972656 0.597656 0.976562 0.601562 0.976562 0.605469 0.980469 0.609375 1.000000 0.609375 1.000000 0.699219 0.988281 0.710938 0.984375 0.714844 0.980469 0.714844 0.976562 0.714844 0.976562 0.710938 0.972656 0.707031 0.968750 0.707031 0.968750 0.703125 0.964844 0.699219 0.957031 0.699219 0.953125 0.699219 0.949219 0.703125 0.945312 0.707031 0.945312 0.710938 0.941406 0.714844 0.937500 0.714844 0.933594 0.714844 0.933594 0.710938 0.929688 0.707031 0.910156 0.707031 0.906250 0.703125 0.906250 0.691406 0.902344 0.687500 0.906250 0.683594 0.906250 0.679688 0.910156 0.675781 0.910156 0.648438 0.910156 0.644531 0.914062 0.644531 0.917969 0.640625 0.917969 0.636719 0.921875 0.636719 0.925781 0.632812 0.925781 0.621094 0.925781 0.617188 0.929688 0.613281 0.929688 0.609375 0.945312 0.593750
0 0.464844 0.921875 0.472656 0.921875 0.476562 0.921875 0.480469 0.925781 0.484375 0.925781 0.488281 0.925781 0.488281 0.937500 0.488281 0.941406 0.492188 0.945312 0.496094 0.949219 0.496094 0.953125 0.500000 0.957031 0.496094 0.957031 0.488281 0.964844 0.488281 0.968750 0.484375 0.964844 0.472656 0.964844 0.468750 0.964844 0.468750 0.960938 0.468750 0.957031 0.464844 0.953125 0.464844 0.949219 0.460938 0.945312 0.457031 0.941406 0.457031 0.937500 0.457031 0.933594 0.460938 0.929688 0.460938 0.925781 0.464844 0.921875
0 0.976562 0.976562 0.980469 0.980469 0.996094 0.980469 1.000000 0.980469 1.000000 0.980469 1.000000 1.000000 0.960938 1.000000 0.960938 0.996094 0.960938 0.992188 0.964844 0.992188 0.968750 0.988281 0.968750 0.984375 0.972656 0.984375 0.976562 0.980469 0.976562 0.976562
0 0.539062 0.996094 0.570312 0.996094 0.574219 0.996094 0.574219 1.000000 0.574219 1.000000 0.539062 1.000000 0.539062 1.000000 0.539062 0.996094
0 0.781250 0.183594 0.789062 0.187500 0.792969 0.191406 0.804688 0.226562 0.804688 0.230469 0.820312 0.253906 0.824219 0.257812 0.820312 0.289062 0.820312 0.292969 0.832031 0.304688 0.835938 0.308594 0.839844 0.324219 0.839844 0.328125 0.855469 0.347656 0.859375 0.351562 0.851562 0.371094 0.851562 0.375000 0.832031 0.398438 0.828125 0.402344 0.781250 0.402344 0.777344 0.402344 0.730469 0.417969 0.726562 0.421875 0.679688 0.421875 0.675781 0.421875 0.644531 0.410156 0.640625 0.410156 0.640625 0.343750 0.640625 0.339844 0.625000 0.304688 0.621094 0.300781 0.625000 0.285156 0.625000 0.281250 0.640625 0.265625 0.644531 0.261719 0.652344 0.238281 0.656250 0.234375 0.695312 0.218750 0.699219 0.218750 0.726562 0.199219 0.730469 0.195312 0.753906 0.195312 0.757812 0.195312 0.781250 0.183594
