0 0.544531 0.128711 0.539062 0.125586 0.544141 0.114648 0.555469 0.116211 0.554688 0.130664 0.550135 0.129789
0 0.801953 0.575195 0.782422 0.568164 0.780469 0.558008 0.804688 0.558594 0.808802 0.568981
0 0.192461 0.807616 0.192314 0.807752 0.189062 0.810742 0.186086 0.812143 0.182422 0.813867 0.171808 0.806834 0.170703 0.797852 0.191074 0.795379 0.200000 0.801367 0.199326 0.801439 0.197044 0.803404 0.196895 0.803538 0.194678 0.805577
0 0.549609 0.320508 0.535091 0.332077 0.529297 0.336133 0.528516 0.319336 0.531641 0.313477 0.541747 0.313433
0 0.561716 0.131723 0.569113 0.132702 0.572639 0.133682 0.576046 0.134900 0.577439 0.138212 0.578027 0.142009 0.577801 0.145931 0.578125 0.149968 0.578125 0.153887 0.578125 0.157927 0.576166 0.160377 0.572835 0.161723 0.569309 0.162826 0.565684 0.163561 0.565488 0.165764 0.564018 0.166744 0.560982 0.167234 0.557847 0.167357 0.554712 0.165275 0.552851 0.162091 0.551871 0.158540 0.553634 0.155601 0.556279 0.154866 0.555986 0.151682 0.553046 0.149479 0.550696 0.146295 0.548540 0.143111 0.549814 0.140050 0.552851 0.137968 0.555398 0.135029 0.558239 0.132825 0.561716 0.131723
0 0.845311 0.242035 0.851648 0.242188 0.854734 0.242188 0.857930 0.242188 0.861016 0.242408 0.862448 0.244759 0.862559 0.246375 0.862559 0.248139 0.862338 0.246669 0.861677 0.249461 0.860465 0.251959 0.859032 0.254311 0.857930 0.256882 0.856718 0.259380 0.855505 0.261952 0.854844 0.264743 0.852530 0.265405 0.849554 0.264670 0.846579 0.264155 0.843603 0.263494 0.841179 0.262025 0.839525 0.259747 0.838203 0.257323 0.837101 0.254751 0.835448 0.252473 0.834015 0.250123 0.833905 0.246963 0.834015 0.243877 0.835889 0.242334 0.838974 0.242261 0.842170 0.242188 0.845311 0.242035
0 0.919181 0.709860 0.921875 0.714170 0.923087 0.716325 0.923087 0.718480 0.925108 0.720097 0.927128 0.721579 0.928475 0.723599 0.928879 0.726158 0.929149 0.728718 0.929553 0.736665 0.929553 0.739359 0.928746 0.741671 0.926544 0.742559 0.921471 0.743130 0.918777 0.742996 0.916083 0.742996 0.913658 0.742457 0.911758 0.740581 0.909881 0.738569 0.908263 0.736681 0.906229 0.734783 0.904203 0.733162 0.902193 0.731419 0.898423 0.727650 0.896550 0.725913 0.895226 0.723792 0.894292 0.721389 0.893622 0.719113 0.893050 0.716595 0.892645 0.714036 0.892376 0.711476 0.891703 0.709052 0.893588 0.708244 0.896282 0.708109 0.901266 0.708378 0.906520 0.708109 0.911773 0.707570 0.914197 0.706896 0.916541 0.706309
0 0.666793 0.359440 0.673650 0.359148 0.677181 0.359148 0.680704 0.359485 0.683938 0.360031 0.686496 0.361631 0.688418 0.364224 0.691118 0.366383 0.693221 0.369039 0.695542 0.371691 0.697347 0.374427 0.696684 0.377835 0.695472 0.380866 0.694768 0.382880 0.692733 0.384470 0.689741 0.385935 0.686875 0.387698 0.683991 0.389275 0.681066 0.390902 0.678616 0.392315 0.677082 0.391546 0.675416 0.389105 0.673226 0.386564 0.670932 0.384032 0.668560 0.381650 0.666690 0.379100 0.666389 0.375892 0.666053 0.372371 0.665943 0.368963 0.666279 0.365451 0.666386 0.362082 0.666793 0.359440
0 0.247741 0.175520 0.250294 0.176014 0.251315 0.177400 0.251636 0.179941 0.251702 0.182749 0.250317 0.185195 0.250330 0.185873 0.249645 0.187304 0.248029 0.189508 0.245257 0.194385 0.244388 0.196926 0.242890 0.199322 0.240811 0.201348 0.238347 0.202944 0.236003 0.204869 0.232046 0.208846 0.230419 0.211064 0.228948 0.212616 0.225916 0.212517 0.224839 0.211261 0.223489 0.209066 0.221318 0.206921 0.219366 0.204670 0.216879 0.203050 0.214144 0.201480 0.212270 0.199607 0.210620 0.197573 0.209739 0.195044 0.210175 0.190041 0.214232 0.190133 0.220054 0.189984 0.223030 0.189473 0.228514 0.187855 0.230983 0.186275 0.232893 0.184218 0.234216 0.181659 0.238036 0.177459 0.240170 0.175684 0.242431 0.174608
0 0.300781 0.917969 0.315812 0.918213 0.320312 0.920117 0.324219 0.933398 0.314514 0.940866 0.308203 0.946680 0.285156 0.937500
0 0.031250 0.289062 0.038902 0.299474 0.040234 0.305273 0.024609 0.312695 0.009766 0.329883 0.000000 0.328125 0.001172 0.293945
0 0.959414 0.321911 0.959799 0.319060 0.959987 0.316336 0.960909 0.314572 0.963145 0.313799 0.965973 0.313159 0.970970 0.311139 0.973195 0.309941 0.975889 0.309304 0.981000 0.307609 0.983834 0.307449 0.986543 0.307553 0.989120 0.306644 0.994134 0.313284 0.995924 0.316762 0.996914 0.322058 0.996754 0.325225 0.995353 0.327187 0.994760 0.333504 0.993354 0.335504 0.987530 0.337863 0.986229 0.339698 0.981991 0.341408 0.981358 0.340832 0.981163 0.343109 0.981272 0.345962 0.981155 0.349101 0.979318 0.350375 0.976379 0.350693 0.970623 0.350693 0.967918 0.350135 0.966040 0.348284 0.964222 0.346077 0.962764 0.343865 0.959727 0.338980 0.959375 0.336338 0.959393 0.333455 0.959150 0.330602 0.959291 0.327753
0 0.895534 0.803102 0.898470 0.802950 0.901070 0.803423 0.902172 0.805765 0.904230 0.807875 0.905883 0.809896 0.907971 0.812047 0.910490 0.816785 0.911907 0.819235 0.911664 0.821106 0.909375 0.822088 0.906943 0.824140 0.905111 0.826239 0.903091 0.828260 0.901254 0.830415 0.899050 0.832436 0.896350 0.833662 0.893661 0.834480 0.890889 0.835613 0.888270 0.837066 0.885745 0.837501 0.880130 0.837881 0.874166 0.837480 0.871156 0.837627 0.868058 0.837343 0.865795 0.836950 0.864980 0.835923 0.865511 0.830819 0.865510 0.824828 0.865409 0.821731 0.865014 0.819301 0.865249 0.818120 0.867520 0.817057 0.869981 0.814992 0.873700 0.810398 0.878405 0.806379 0.881151 0.805261 0.886457 0.802670 0.889384 0.802683
0 0.495458 0.092683 0.497010 0.088435 0.497656 0.073242 0.510547 0.069727 0.521875 0.072461 0.532031 0.079883 0.516797 0.113086 0.508040 0.113276 0.496094 0.109961 0.496385 0.103124
0 0.701562 0.854102 0.710547 0.845508 0.705469 0.838867 0.714453 0.830273 0.738717 0.830730 0.764062 0.834961 0.770703 0.843555 0.769141 0.852148 0.763968 0.853657 0.766657 0.856261 0.766354 0.858637 0.771844 0.861766 0.772053 0.862099 0.773828 0.868164 0.768822 0.872196 0.738281 0.880273 0.730078 0.872852 0.721875 0.874023 0.715234 0.867383 0.705859 0.866992
0 0.089844 0.203125 0.101562 0.203125 0.105469 0.203125 0.109375 0.207031 0.113281 0.207031 0.113281 0.214844 0.113281 0.218750 0.089844 0.222656 0.085938 0.222656 0.082031 0.214844 0.082031 0.210938 0.089844 0.203125
0 0.000915 0.812095 0.000000 0.843559 0.010680 0.840304 0.010680 0.838134 0.017189 0.832710 0.017189 0.821860 0.015020 0.817520 0.010680 0.814265
0 0.000000 0.850069 0.000000 0.875023 0.002000 0.878278 0.007425 0.879363 0.012850 0.872853 0.012850 0.859834 0.008510 0.855494
0 0.056005 0.836031 0.055451 0.840459 0.054344 0.842120 0.054344 0.844334 0.056005 0.845441 0.060433 0.850423 0.062647 0.854852 0.066522 0.857066 0.073164 0.857620 0.075932 0.854298 0.082021 0.850423 0.081468 0.841013 0.080361 0.838799 0.078146 0.837691 0.074272 0.834370 0.060986 0.834370
0 0.069290 0.865369 0.062094 0.869798 0.059879 0.873119 0.058772 0.880315 0.060433 0.881976 0.067075 0.883636 0.070397 0.885850 0.073164 0.885850 0.073718 0.883636 0.075379 0.881976 0.075932 0.879761 0.079807 0.874779 0.078146 0.870905 0.075932 0.869798 0.073718 0.865923
0 0.071504 0.783444 0.072611 0.788426 0.072611 0.796175 0.073718 0.800604 0.078146 0.801711 0.087557 0.801711 0.088111 0.799496 0.088111 0.782337 0.086450 0.780676 0.084236 0.780122 0.077039 0.780676
0 0.144573 0.958366 0.142358 0.966669 0.142358 0.972204 0.144019 0.973865 0.146233 0.974418 0.147340 0.976079 0.147340 0.983275 0.148447 0.984936 0.151769 0.987704 0.161179 0.991025 0.170589 0.991579 0.172804 0.990471 0.175018 0.985489 0.175018 0.983275 0.173911 0.981615 0.169482 0.979400 0.167822 0.974972 0.166161 0.973311 0.168375 0.967222 0.166161 0.966115 0.159518 0.965562 0.155090 0.963901 0.155090 0.961687 0.156751 0.959473 0.155090 0.957812 0.150108 0.957259
0 0.466739 0.772373 0.460650 0.776248 0.452900 0.785104 0.452900 0.787318 0.457882 0.789533 0.458436 0.791747 0.460650 0.795622 0.462864 0.795622 0.475042 0.788426 0.475596 0.783997 0.476703 0.781783 0.476703 0.772373 0.471721 0.772373
0 0.448192 0.171388 0.449657 0.175783 0.449657 0.178224 0.450634 0.180177 0.452587 0.180666 0.453563 0.182619 0.445262 0.185549 0.444774 0.187990 0.447215 0.193850 0.450634 0.196291 0.454052 0.201663 0.459911 0.201663 0.460888 0.199710 0.461376 0.193850 0.465283 0.193362 0.465771 0.191409 0.465771 0.179689 0.467236 0.177736 0.467724 0.175783 0.467236 0.171876 0.463818 0.168458 0.457958 0.166505 0.452098 0.166505 0.450145 0.167970
0 0.277344 0.183594 0.292969 0.187500 0.296875 0.191406 0.281250 0.199219 0.277344 0.199219 0.273438 0.195312 0.269531 0.191406 0.277344 0.183594
0 0.941406 0.222656 0.949219 0.234375 0.949219 0.238281 0.937500 0.242188 0.933594 0.242188 0.929688 0.234375 0.929688 0.230469 0.941406 0.222656
