0 0.065316 0.334725 0.070398 0.340248 0.072970 0.343211 0.075541 0.345905 0.078371 0.348656 0.080439 0.351832 0.081786 0.355065 0.081909 0.358971 0.080929 0.362338 0.077868 0.364089 0.074807 0.366110 0.071990 0.368534 0.069174 0.370959 0.065990 0.372845 0.062316 0.372980 0.058398 0.372845 0.054479 0.372845 0.051785 0.370824 0.050561 0.367322 0.048905 0.364084 0.047440 0.360727 0.045843 0.357480 0.044730 0.353812 0.043759 0.350094 0.046902 0.348148 0.050806 0.348060 0.053745 0.346040 0.054602 0.342672 0.055459 0.339170 0.058643 0.337284 0.061949 0.335803 0.065316 0.334725
0 0.758923 0.056939 0.764388 0.057822 0.765245 0.060663 0.764878 0.063602 0.764950 0.066708 0.763943 0.069528 0.762407 0.072281 0.759979 0.074032 0.757384 0.075712 0.755734 0.077864 0.754529 0.080368 0.753276 0.082852 0.751142 0.082984 0.748837 0.081235 0.745874 0.080436 0.743204 0.079472 0.740383 0.078007 0.737452 0.077423 0.734559 0.076030 0.733107 0.073324 0.732918 0.070264 0.733120 0.067148 0.733505 0.064527 0.736519 0.065064 0.739545 0.064968 0.742729 0.064968 0.746118 0.064845 0.749270 0.063730 0.751889 0.061646 0.754029 0.059641 0.756291 0.058247 0.758923 0.056939
0 0.435639 0.305961 0.439410 0.309096 0.440671 0.311646 0.442216 0.314061 0.444349 0.316095 0.446593 0.318046 0.448814 0.319970 0.450578 0.322125 0.449304 0.324672 0.447541 0.327023 0.445680 0.329276 0.443916 0.331529 0.441585 0.333115 0.438798 0.333675 0.435900 0.333968 0.433568 0.333330 0.432348 0.330757 0.431170 0.328204 0.429904 0.325773 0.429026 0.323104 0.429516 0.320264 0.430202 0.317521 0.430496 0.314680 0.427557 0.315071 0.424716 0.315365 0.423736 0.313112 0.423834 0.310173 0.423932 0.307137 0.426773 0.306647 0.429712 0.306353 0.432651 0.306157 0.435639 0.305961
0 0.052643 0.054688 0.058043 0.055116 0.058484 0.057602 0.058704 0.060345 0.059512 0.062830 0.060835 0.064973 0.063259 0.066002 0.065537 0.066945 0.068035 0.067802 0.070312 0.068574 0.070312 0.071317 0.070312 0.074145 0.070312 0.076974 0.068255 0.078088 0.066051 0.078774 0.063553 0.079460 0.061055 0.080060 0.058484 0.080488 0.055912 0.081003 0.053341 0.081603 0.050769 0.082031 0.049079 0.081174 0.049446 0.078517 0.049814 0.075860 0.050181 0.073117 0.050475 0.070459 0.050769 0.067802 0.051136 0.065059 0.051357 0.062402 0.051651 0.059745 0.052091 0.057002 0.052643 0.054688
0 0.807238 0.199609 0.808986 0.200447 0.810501 0.201198 0.814270 0.204687 0.825665 0.204327 0.825970 0.204383 0.829232 0.205607 0.829538 0.205558 0.832604 0.204108 0.832756 0.207323 0.831160 0.209273 0.830273 0.210355 0.825130 0.216635 0.824421 0.217502 0.821761 0.220750 0.820520 0.222266 0.814633 0.222575 0.813098 0.222656 0.811838 0.225489 0.809334 0.226495 0.805505 0.225570 0.803121 0.225996 0.805128 0.226749 0.802924 0.222546 0.800862 0.219208 0.797412 0.217178 0.795204 0.215184 0.795136 0.211539 0.795002 0.207643 0.795136 0.203761 0.796229 0.201269 0.798205 0.200971 0.804415 0.200035
0 0.175121 0.658477 0.182118 0.660170 0.185529 0.660989 0.189156 0.661612 0.192692 0.662311 0.194148 0.665364 0.193985 0.669084 0.192205 0.672118 0.189785 0.674688 0.186484 0.676528 0.183580 0.678652 0.181223 0.681264 0.179646 0.684105 0.178350 0.687225 0.175500 0.688982 0.171679 0.689202 0.168018 0.689312 0.164197 0.689202 0.161018 0.687657 0.158100 0.685291 0.155318 0.682942 0.153964 0.680630 0.154350 0.677607 0.154603 0.674298 0.156207 0.672179 0.159121 0.671314 0.162824 0.669904 0.165748 0.667422 0.167909 0.664676 0.169992 0.661817 0.172074 0.659530 0.175121 0.658477
0 0.873828 0.297852 0.875000 0.304688 0.871094 0.312305 0.862109 0.319336 0.852734 0.315430 0.844955 0.310441 0.847391 0.311380 0.848228 0.306757 0.852734 0.300977 0.858419 0.299113 0.860534 0.299821
0 0.745703 0.599805 0.754687 0.608789 0.753906 0.619727 0.746484 0.620898 0.741016 0.614648 0.736776 0.617842 0.734576 0.618084 0.725000 0.615820 0.725000 0.605664 0.734375 0.593750 0.737500 0.595420
0 0.807422 0.724023 0.811126 0.723727 0.817187 0.723242 0.815847 0.739630 0.808043 0.748569 0.798437 0.759570 0.795631 0.756127 0.794053 0.754189 0.792299 0.752037 0.789844 0.749023 0.784375 0.743164 0.792578 0.737695
0 0.384375 0.331055 0.394724 0.321806 0.405469 0.315039 0.416406 0.313867 0.419526 0.321576 0.425391 0.347070 0.408203 0.365820 0.400137 0.360743 0.390886 0.362266 0.381987 0.355461 0.371159 0.358291 0.365234 0.352930 0.364844 0.345898 0.370313 0.337305 0.374219 0.337695
0 0.761719 0.988281 0.777344 0.988281 0.781250 0.988281 0.785156 1.000000 0.785156 1.000000 0.752930 1.000000 0.761719 0.988281
0 0.593357 0.580986 0.562609 0.580672 0.556961 0.579417 0.551000 0.579417 0.545038 0.577848 0.539704 0.574083 0.538136 0.572828 0.536567 0.569063 0.536880 0.564670 0.537822 0.562788 0.540646 0.559650 0.542528 0.559023 0.588650 0.558709 0.590847 0.559964 0.592729 0.563729 0.592729 0.578162
0 0.028175 0.960768 0.022503 0.956986 0.020612 0.956356 0.011160 0.955726 0.011160 0.946903 0.013050 0.943122 0.016832 0.940601 0.019982 0.940601 0.022503 0.939971 0.024394 0.938711 0.030066 0.939341 0.033217 0.945013 0.033217 0.955726 0.032586 0.958246
0 0.123194 0.370118 0.116740 0.369125 0.114754 0.367636 0.113761 0.365154 0.110286 0.360686 0.107804 0.354729 0.107308 0.346786 0.108301 0.344800 0.119222 0.344800 0.121704 0.347282 0.122697 0.355722 0.125179 0.359693 0.125179 0.365650
0 0.916054 0.506727 0.900308 0.506727 0.896069 0.500670 0.894252 0.492797 0.894252 0.487952 0.894857 0.485530 0.898491 0.481896 0.899097 0.479473 0.903942 0.478262 0.906364 0.478262 0.908181 0.479473 0.913026 0.489163 0.914843 0.490375 0.915449 0.492797 0.916660 0.494614 0.916660 0.500065
0 0.823999 0.435263 0.810070 0.435263 0.807042 0.434052 0.804620 0.430418 0.804014 0.424967 0.805225 0.423150 0.808253 0.414671 0.810676 0.414066 0.816126 0.414066 0.823394 0.415277 0.825816 0.417700 0.830661 0.425573 0.830661 0.427995 0.828239 0.431629
0 0.653292 0.869757 0.646530 0.872293 0.635541 0.871447 0.628778 0.866375 0.626242 0.853696 0.636386 0.841016 0.646530 0.841016 0.651602 0.847779 0.654138 0.860458
0 0.660900 0.850314 0.638922 0.842707 0.636386 0.838480 0.636386 0.828336 0.638922 0.826646 0.650756 0.826646 0.654983 0.824110 0.665127 0.824110 0.669353 0.830027 0.669353 0.841016 0.666817 0.846088
0 0.250923 0.690550 0.242470 0.686323 0.245851 0.682097 0.245851 0.673644 0.247541 0.671953 0.255150 0.671953 0.264448 0.677025 0.264448 0.685478 0.259376 0.691395
0 0.606622 0.923770 0.598715 0.920176 0.597277 0.918020 0.595840 0.911551 0.597996 0.907238 0.602309 0.905800 0.607341 0.901487 0.613810 0.900050 0.615966 0.901487 0.618841 0.908675 0.623154 0.912988 0.622436 0.919457 0.620279 0.920895 0.613810 0.923052
0 0.484854 0.809462 0.500346 0.809054 0.501569 0.804977 0.501977 0.800900 0.500346 0.796823 0.498715 0.795600 0.498307 0.793562 0.494230 0.791931 0.483223 0.790300 0.479146 0.790300 0.477923 0.791931 0.477923 0.796416 0.479962 0.804570 0.481185 0.806608
0 0.644258 0.722625 0.648334 0.729148 0.649965 0.730371 0.652004 0.731186 0.654042 0.731186 0.655673 0.732409 0.656896 0.734855 0.656896 0.736894 0.657711 0.738932 0.659750 0.739340 0.665865 0.739748 0.671980 0.739340 0.673203 0.732409 0.672795 0.724256 0.671572 0.722625 0.647519 0.723033
0 0.921074 0.692457 0.904767 0.692457 0.903136 0.690418 0.899467 0.681857 0.899467 0.679003 0.902729 0.670442 0.909252 0.669219 0.911290 0.667996 0.919443 0.667996 0.921889 0.668811 0.923928 0.671257 0.924336 0.671665 0.922297 0.681857 0.923928 0.689603
0 0.943497 0.327580 0.943497 0.338180 0.948389 0.338588 0.948389 0.340627 0.950427 0.341850 0.963473 0.341442 0.964696 0.339811 0.964696 0.337773 0.963473 0.335734 0.961843 0.329211 0.960212 0.327173 0.954096 0.324727 0.947574 0.324727
0 0.213336 0.000148 0.239447 0.000729 0.234805 0.007692 0.229003 0.011173 0.227842 0.012914 0.225521 0.013495 0.217398 0.013495 0.215077 0.012334 0.212755 0.008852 0.212175 0.006531
0 0.546027 0.206769 0.542031 0.205770 0.540532 0.204271 0.538035 0.203272 0.536536 0.201774 0.536536 0.197279 0.538035 0.195780 0.545028 0.192284 0.544029 0.190286 0.546027 0.189287 0.550023 0.191285 0.551521 0.192783 0.552021 0.198777 0.552021 0.207768 0.550023 0.209266
