0 0.507812 0.000000 0.527344 0.000000 0.531250 0.003906 0.519531 0.015625 0.515625 0.015625 0.511719 0.011719 0.507812 0.007812 0.507812 0.000000
0 0.000000 0.019531 0.019531 0.019531 0.023438 0.019531 0.023438 0.042969 0.023438 0.046875 0.027344 0.050781 0.042969 0.050781 0.046875 0.050781 0.042969 0.050781 0.039062 0.050781 0.035156 0.054688 0.035156 0.058594 0.031250 0.062500 0.027344 0.066406 0.019531 0.066406 0.015625 0.066406 0.011719 0.070312 0.011719 0.074219 0.007812 0.078125 0.003906 0.082031 0.000000 0.078125 0.000000 0.019531
0 0.589844 0.046875 0.593750 0.046875 0.597656 0.046875 0.601562 0.050781 0.605469 0.050781 0.609375 0.054688 0.609375 0.058594 0.605469 0.062500 0.601562 0.066406 0.597656 0.066406 0.593750 0.066406 0.589844 0.062500 0.585938 0.062500 0.582031 0.058594 0.582031 0.054688 0.582031 0.050781 0.585938 0.050781 0.589844 0.046875
0 0.328125 0.058594 0.332031 0.058594 0.335938 0.058594 0.343750 0.066406 0.347656 0.066406 0.347656 0.074219 0.347656 0.078125 0.343750 0.082031 0.339844 0.085938 0.335938 0.085938 0.328125 0.093750 0.328125 0.097656 0.324219 0.093750 0.324219 0.085938 0.320312 0.082031 0.324219 0.078125 0.324219 0.070312 0.324219 0.066406 0.328125 0.062500 0.328125 0.058594
0 0.191406 0.214844 0.195312 0.214844 0.199219 0.214844 0.199219 0.218750 0.199219 0.222656 0.195312 0.226562 0.191406 0.226562 0.187500 0.230469 0.187500 0.242188 0.187500 0.246094 0.179688 0.253906 0.175781 0.253906 0.175781 0.250000 0.171875 0.246094 0.171875 0.242188 0.167969 0.238281 0.171875 0.234375 0.171875 0.226562 0.171875 0.222656 0.183594 0.222656 0.187500 0.222656 0.191406 0.218750 0.191406 0.214844
0 0.390625 0.273438 0.398438 0.273438 0.402344 0.273438 0.410156 0.281250 0.414062 0.285156 0.414062 0.289062 0.410156 0.292969 0.406250 0.296875 0.402344 0.296875 0.398438 0.300781 0.394531 0.296875 0.390625 0.296875 0.390625 0.273438
0 0.187500 0.308594 0.191406 0.308594 0.195312 0.308594 0.195312 0.312500 0.195312 0.316406 0.191406 0.320312 0.187500 0.320312 0.183594 0.324219 0.179688 0.320312 0.179688 0.316406 0.179688 0.312500 0.183594 0.312500 0.187500 0.308594
0 0.000000 0.460938 0.003906 0.464844 0.007812 0.464844 0.011719 0.468750 0.015625 0.468750 0.015625 0.484375 0.015625 0.488281 0.019531 0.492188 0.019531 0.500000 0.019531 0.503906 0.015625 0.507812 0.015625 0.511719 0.011719 0.515625 0.007812 0.519531 0.003906 0.519531 0.000000 0.515625 0.000000 0.460938
0 0.777344 0.500000 0.796875 0.500000 0.800781 0.500000 0.804688 0.503906 0.812500 0.503906 0.816406 0.503906 0.820312 0.507812 0.824219 0.507812 0.828125 0.507812 0.832031 0.511719 0.835938 0.515625 0.835938 0.519531 0.835938 0.523438 0.832031 0.527344 0.816406 0.527344 0.812500 0.527344 0.808594 0.531250 0.808594 0.542969 0.812500 0.546875 0.808594 0.546875 0.804688 0.550781 0.781250 0.550781 0.777344 0.550781 0.777344 0.546875 0.777344 0.542969 0.773438 0.539062 0.769531 0.539062 0.765625 0.539062 0.765625 0.535156 0.765625 0.531250 0.761719 0.527344 0.761719 0.523438 0.757812 0.519531 0.761719 0.519531 0.769531 0.511719 0.773438 0.511719 0.777344 0.507812 0.777344 0.500000
0 0.593750 0.566406 0.601562 0.566406 0.605469 0.570312 0.605469 0.582031 0.601562 0.585938 0.597656 0.585938 0.597656 0.582031 0.593750 0.578125 0.589844 0.574219 0.593750 0.570312 0.593750 0.566406
0 0.472656 0.691406 0.476562 0.691406 0.480469 0.691406 0.488281 0.699219 0.492188 0.699219 0.492188 0.703125 0.496094 0.707031 0.503906 0.707031 0.507812 0.707031 0.507812 0.710938 0.500000 0.718750 0.496094 0.722656 0.492188 0.722656 0.488281 0.726562 0.484375 0.730469 0.476562 0.730469 0.472656 0.734375 0.468750 0.730469 0.464844 0.730469 0.460938 0.730469 0.457031 0.726562 0.453125 0.726562 0.453125 0.710938 0.453125 0.707031 0.457031 0.707031 0.464844 0.699219 0.464844 0.695312 0.468750 0.695312 0.472656 0.691406
0 0.042969 0.851562 0.046875 0.851562 0.050781 0.851562 0.054688 0.855469 0.058594 0.855469 0.062500 0.859375 0.062500 0.863281 0.062500 0.867188 0.050781 0.878906 0.046875 0.882812 0.042969 0.882812 0.039062 0.882812 0.035156 0.878906 0.031250 0.878906 0.031250 0.875000 0.031250 0.871094 0.035156 0.867188 0.035156 0.863281 0.035156 0.859375 0.042969 0.851562
0 0.378906 0.984375 0.382812 0.988281 0.378906 0.992188 0.378906 0.996094 0.375000 1.000000 0.343750 1.000000 0.343750 1.000000 0.347656 1.000000 0.351562 0.996094 0.355469 0.992188 0.359375 0.992188 0.363281 0.988281 0.371094 0.988281 0.375000 0.988281 0.378906 0.984375
0 0.492188 0.300781 0.519531 0.300781 0.523438 0.300781 0.613281 0.324219 0.617188 0.324219 0.621094 0.335938 0.621094 0.339844 0.601562 0.343750 0.597656 0.343750 0.542969 0.332031 0.539062 0.332031 0.503906 0.316406 0.500000 0.316406 0.492188 0.308594 0.488281 0.304688 0.492188 0.300781
0 0.941406 0.429688 0.949219 0.429688 0.953125 0.433594 0.949219 0.464844 0.949219 0.468750 0.976562 0.531250 0.980469 0.535156 0.984375 0.570312 0.980469 0.574219 0.964844 0.562500 0.960938 0.558594 0.937500 0.503906 0.933594 0.500000 0.925781 0.453125 0.925781 0.449219 0.929688 0.441406 0.929688 0.437500 0.941406 0.429688
0 0.683267 0.025063 0.671944 0.020534 0.644014 0.019024 0.639486 0.016759 0.637976 0.015250 0.642505 0.007701 0.644770 0.006191 0.653828 0.006191 0.656092 0.006946 0.694590 0.006946 0.699119 0.005437 0.726294 0.005437 0.742146 0.009966 0.746675 0.010721 0.755733 0.010721 0.757998 0.012230 0.763282 0.013740 0.765546 0.015250 0.767811 0.015250 0.774605 0.018269 0.782153 0.020534 0.783663 0.026573 0.783663 0.028837 0.782153 0.030347 0.779889 0.031102 0.777624 0.033366 0.773095 0.033366 0.770830 0.034876 0.764791 0.034876 0.758753 0.033366 0.756488 0.031857 0.742901 0.026573 0.733088 0.026573 0.728559 0.028837 0.731578 0.038650 0.731578 0.042425 0.730068 0.043934 0.725539 0.043934 0.724029 0.045444 0.721765 0.046199 0.705158 0.046199 0.700629 0.044689 0.699119 0.043179 0.698364 0.040915 0.703648 0.034876 0.704403 0.030347 0.706668 0.028837 0.707422 0.025818 0.702893 0.024308 0.690816 0.024308
