0 0.941511 0.294938 0.941677 0.301096 0.941969 0.303902 0.942429 0.303480 0.942448 0.306789 0.941786 0.309769 0.941455 0.312855 0.939809 0.315102 0.936752 0.315818 0.933538 0.316163 0.930457 0.316334 0.927348 0.316541 0.924263 0.317055 0.921287 0.317655 0.918202 0.318255 0.915116 0.318684 0.912140 0.319198 0.910156 0.318084 0.910266 0.314912 0.910266 0.311655 0.910889 0.308955 0.913569 0.307650 0.916229 0.306013 0.918752 0.303941 0.921287 0.302055 0.923932 0.300512 0.926798 0.299226 0.929553 0.297940 0.932359 0.296869 0.935394 0.296312 0.938370 0.295540 0.941511 0.294938
0 0.937628 0.638654 0.942989 0.642013 0.943440 0.645489 0.945193 0.648869 0.947148 0.651582 0.947989 0.654676 0.947614 0.658032 0.946076 0.660363 0.942757 0.661640 0.938886 0.662056 0.934965 0.662140 0.931024 0.662055 0.927054 0.661798 0.923068 0.661797 0.919119 0.661437 0.915864 0.661106 0.914321 0.658840 0.912914 0.655809 0.911837 0.651592 0.907456 0.650708 0.904198 0.650963 0.903787 0.649272 0.904443 0.646989 0.907505 0.644840 0.910593 0.642295 0.914489 0.641504 0.918429 0.640801 0.922174 0.639932 0.926058 0.638980 0.929863 0.638297 0.933770 0.637963 0.937628 0.638654
0 0.347266 0.035352 0.341406 0.040820 0.327344 0.027930 0.328803 0.015382 0.335938 0.009961 0.335547 0.002930 0.345312 0.000977 0.358623 0.010175 0.364063 0.027148 0.355469 0.035156
0 0.578906 0.029492 0.563038 0.029286 0.554688 0.021289 0.572659 0.006799 0.573184 0.006676 0.575997 0.006550 0.576528 0.006436 0.578806 0.004781 0.581023 0.004437 0.593359 0.003320 0.601562 0.002539 0.604231 0.000000 0.616312 0.000000 0.615234 0.004492 0.605859 0.009180 0.606425 0.017289 0.607031 0.025977 0.601172 0.039258 0.577344 0.046289
0 0.850781 0.570508 0.850781 0.554492 0.852802 0.553522 0.860547 0.549805 0.858526 0.548054 0.854687 0.544727 0.861746 0.543698 0.869559 0.540199 0.881641 0.540820 0.882039 0.541113 0.879289 0.545637 0.876108 0.548172 0.867188 0.552148 0.878286 0.554710 0.875000 0.559570 0.871094 0.570312 0.870979 0.573245 0.860937 0.575195 0.855078 0.579492
0 0.980145 0.183619 0.980505 0.183832 0.980821 0.184018 0.980957 0.184098 0.981882 0.179131 0.996777 0.178539 1.000000 0.175526 1.000000 0.196483 0.997507 0.195537 0.998329 0.215684 0.990077 0.214062 0.979545 0.204843 0.976414 0.191240 0.978499 0.182646 0.978566 0.182687 0.978724 0.182780 0.979018 0.182953 0.979288 0.183113 0.979852 0.183446 0.980032 0.183552
0 0.973630 0.568312 0.976115 0.570434 0.977856 0.572789 0.978627 0.574875 0.978554 0.577088 0.977510 0.579290 0.975550 0.581684 0.972789 0.584488 0.969905 0.587137 0.966795 0.589933 0.963832 0.592017 0.960930 0.593111 0.957495 0.593983 0.954935 0.594588 0.952903 0.595311 0.950330 0.596502 0.947963 0.597193 0.945120 0.597497 0.942498 0.597523 0.940117 0.597148 0.938089 0.596490 0.936020 0.595486 0.933015 0.594101 0.929915 0.592506 0.926754 0.590277 0.923781 0.587811 0.921241 0.584957 0.918900 0.581821 0.917275 0.579259 0.915219 0.576430 0.913658 0.573916 0.912240 0.571847 0.911007 0.570425 0.909546 0.569527 0.907102 0.569045 0.903275 0.569689 0.900434 0.570348 0.898628 0.570362 0.897530 0.569187 0.897779 0.567324 0.898121 0.565730 0.899891 0.563210 0.902029 0.561044 0.905249 0.558669 0.907288 0.555983 0.909175 0.554060 0.912107 0.552978 0.915898 0.551994 0.918483 0.550544 0.921342 0.548916 0.925142 0.548014 0.927270 0.548091 0.928812 0.549467 0.930731 0.551196 0.933070 0.551308 0.935553 0.548827 0.938755 0.544216 0.940874 0.541217 0.950084 0.545353 0.950423 0.547767 0.951583 0.550022 0.953709 0.552314 0.956439 0.554627 0.959062 0.556269 0.962062 0.558087 0.964789 0.559974 0.967125 0.561623 0.968178 0.562830 0.969802 0.565402 0.970695 0.566389
0 0.970252 0.000000 0.949305 0.018287 0.930672 0.018425 0.913281 0.018555 0.910938 0.005664 0.908210 0.000000
0 0.484125 0.241637 0.479871 0.239802 0.477247 0.230737 0.475781 0.221289 0.469141 0.212695 0.477344 0.196680 0.512891 0.198242 0.521094 0.201367 0.519531 0.210742 0.530078 0.218555 0.521922 0.229398 0.505078 0.238867
0 0.593359 0.931836 0.596565 0.930327 0.600000 0.928711 0.592969 0.926758 0.592969 0.921289 0.588605 0.919107 0.585938 0.917773 0.575781 0.901758 0.581300 0.892479 0.591016 0.886133 0.597656 0.875000 0.621094 0.890625 0.626693 0.896078 0.626953 0.912695 0.618359 0.926367 0.618252 0.927337 0.616797 0.940430 0.610156 0.941211 0.607422 0.946289 0.595312 0.946680
0 1.000000 0.719308 0.992188 0.707031 0.992188 0.675781 1.000000 0.666992
0 0.646264 0.669621 0.639249 0.668744 0.633111 0.665237 0.630480 0.656468 0.626095 0.652083 0.626095 0.643314 0.629603 0.641560 0.639249 0.642437 0.643634 0.647698 0.646264 0.660852 0.649772 0.663483
0 0.797094 0.457407 0.783940 0.453900 0.771663 0.446007 0.770786 0.440746 0.772540 0.437238 0.777802 0.436361 0.778679 0.434607 0.783940 0.434607 0.792709 0.438115 0.801479 0.443377 0.801479 0.449515
0 0.017282 0.532573 0.015451 0.537335 0.008858 0.538800 0.007393 0.540631 0.007393 0.554184 0.007759 0.556382 0.009590 0.557114 0.013986 0.557114 0.016183 0.558213 0.016550 0.560411 0.018015 0.561876 0.024608 0.561876 0.027904 0.554550 0.029003 0.552719 0.032300 0.549788 0.033765 0.545759 0.033765 0.538434 0.033032 0.536236 0.031201 0.534771 0.020945 0.533672
0 0.049515 0.576161 0.049881 0.587149 0.049515 0.589347 0.047684 0.590079 0.047684 0.592643 0.049515 0.598504 0.051346 0.599969 0.061236 0.599969 0.065998 0.601800 0.068562 0.601434 0.070393 0.597405 0.072225 0.596306 0.073689 0.594475 0.074422 0.590079 0.070393 0.587516 0.067829 0.586783 0.066364 0.585318 0.063434 0.577626 0.053178 0.575795
0 0.132812 0.949219 0.148438 0.949219 0.152344 0.949219 0.160156 0.960938 0.162053 0.969774 0.137857 0.969016 0.132812 0.964844 0.132812 0.949219
0 0.000000 0.781250 0.003906 0.781250 0.007812 0.785156 0.007812 0.796875 0.007812 0.800781 0.000000 0.800781 0.000000 0.800781 0.000000 0.781250 0.000000 0.781250
0 0.140625 0.621094 0.144531 0.621094 0.148438 0.621094 0.152344 0.632812 0.148438 0.636719 0.140625 0.632812 0.136719 0.628906 0.140625 0.621094
0 0.160156 0.343750 0.167969 0.343750 0.171875 0.343750 0.171875 0.359375 0.167969 0.363281 0.160156 0.359375 0.156250 0.359375 0.160156 0.343750
0 0.488281 0.300781 0.496094 0.304688 0.500000 0.304688 0.496094 0.316406 0.492188 0.320312 0.484375 0.320312 0.480469 0.316406 0.480469 0.308594 0.480469 0.304688 0.488281 0.300781
0 0.558594 0.519531 0.574219 0.519531 0.578125 0.519531 0.578125 0.531250 0.578125 0.535156 0.558594 0.535156 0.554688 0.535156 0.558594 0.519531
0 0.109375 0.343750 0.117188 0.347656 0.121094 0.347656 0.117188 0.363281 0.113281 0.367188 0.105469 0.367188 0.101562 0.363281 0.101562 0.355469 0.101562 0.351562 0.109375 0.343750
0 0.482249 0.675663 0.466894 0.674810 0.460922 0.668839 0.454097 0.665426 0.448979 0.658602 0.449832 0.646658 0.454097 0.639833 0.460069 0.634715 0.467747 0.615093 0.475425 0.607416 0.478837 0.598885 0.495046 0.598885 0.501871 0.606562 0.507842 0.609975 0.530876 0.607416 0.533435 0.607416 0.534288 0.609975 0.533435 0.621065 0.530023 0.627890 0.515520 0.644099 0.501871 0.667132 0.493339 0.675663 0.490780 0.675663
0 0.425945 0.639833 0.405471 0.630449 0.404618 0.594619 0.406324 0.592913 0.447272 0.592913 0.466894 0.612534 0.467747 0.615946 0.463481 0.619359 0.454950 0.633009 0.447272 0.636421 0.436182 0.638127
0 0.263857 0.604003 0.253620 0.606562 0.250207 0.598032 0.252766 0.593766 0.257885 0.592913 0.260444 0.588648 0.273241 0.588648 0.275800 0.590354 0.278359 0.594619 0.272387 0.599738
0 0.234169 0.051367 0.225467 0.051879 0.222908 0.050855 0.221372 0.049320 0.220349 0.046761 0.220861 0.040618 0.227003 0.033964 0.231098 0.031405 0.233145 0.030893 0.234681 0.029357 0.240823 0.026798 0.244918 0.027310 0.247477 0.028334 0.249013 0.029869 0.249013 0.031917 0.245942 0.035500 0.245942 0.042154 0.245430 0.044201 0.237752 0.048808
