0 0.343750 0.058594 0.343750 0.062500 0.347656 0.066406 0.355469 0.066406 0.359375 0.070312 0.359375 0.074219 0.359375 0.078125 0.351562 0.085938 0.351562 0.089844 0.347656 0.093750 0.308594 0.093750 0.304688 0.093750 0.304688 0.089844 0.300781 0.085938 0.304688 0.082031 0.304688 0.070312 0.304688 0.066406 0.312500 0.066406 0.316406 0.062500 0.320312 0.062500 0.324219 0.062500 0.328125 0.066406 0.335938 0.066406 0.339844 0.066406 0.343750 0.062500 0.343750 0.058594
0 0.093750 0.062500 0.097656 0.066406 0.101562 0.066406 0.105469 0.066406 0.105469 0.078125 0.101562 0.082031 0.097656 0.082031 0.093750 0.082031 0.093750 0.062500
0 0.238281 0.070312 0.242188 0.070312 0.246094 0.070312 0.250000 0.074219 0.250000 0.078125 0.246094 0.082031 0.242188 0.085938 0.234375 0.085938 0.230469 0.085938 0.226562 0.082031 0.238281 0.070312
0 0.062500 0.117188 0.062500 0.105469 0.046875 0.105469 0.044317 0.108027 0.044317 0.110723 0.046875 0.113281 0.046875 0.117188 0.050781 0.117188 0.054688 0.121094 0.058594 0.121094
0 0.656250 0.128906 0.671875 0.128906 0.675781 0.128906 0.671875 0.132812 0.671875 0.140625 0.667969 0.144531 0.664062 0.144531 0.660156 0.144531 0.660156 0.136719 0.660156 0.132812 0.656250 0.128906
0 0.722656 0.136719 0.734375 0.136719 0.738281 0.136719 0.742188 0.140625 0.746094 0.140625 0.746094 0.144531 0.742188 0.148438 0.738281 0.152344 0.734375 0.152344 0.730469 0.152344 0.730469 0.148438 0.726562 0.144531 0.726562 0.140625 0.722656 0.136719
0 0.917969 0.167969 0.921875 0.167969 0.925781 0.167969 0.925781 0.171875 0.929688 0.175781 0.929688 0.179688 0.925781 0.183594 0.921875 0.187500 0.917969 0.187500 0.914062 0.191406 0.914062 0.179688 0.914062 0.175781 0.917969 0.171875 0.917969 0.167969
0 0.396923 0.514711 0.394900 0.520780 0.387694 0.527986 0.380809 0.529779 0.376463 0.535792 0.380509 0.558556 0.384414 0.563940 0.380698 0.566506 0.380908 0.575023 0.376777 0.575484 0.374629 0.577633 0.373847 0.582876 0.370604 0.583388 0.358570 0.575526 0.355641 0.570448 0.357313 0.566971 0.361569 0.564094 0.368760 0.563057 0.367841 0.561679 0.362077 0.560498 0.359372 0.556266 0.356443 0.555485 0.351891 0.557888 0.346202 0.554054 0.336318 0.553273 0.329112 0.547079 0.328330 0.538080 0.332972 0.529779 0.328226 0.528997 0.324054 0.524826 0.322262 0.515827 0.323043 0.506829 0.326203 0.503669 0.333651 0.502289 0.339247 0.498841 0.343799 0.501245 0.348266 0.498463 0.369592 0.499434 0.377214 0.497739 0.391740 0.501646 0.396923 0.506829 0.397704 0.511781
0 0.125018 0.281232 0.124804 0.269531 0.118921 0.269531 0.118921 0.271163 0.118278 0.271592 0.113127 0.272236 0.113127 0.272880 0.110338 0.272880 0.110338 0.273738 0.107333 0.273738 0.107333 0.274382 0.104329 0.274382 0.104329 0.275455 0.101968 0.275455 0.101754 0.276099 0.100466 0.276099 0.100466 0.277172 0.098750 0.277601 0.098750 0.278245 0.097656 0.278888 0.097656 0.281250 0.093750 0.285156 0.093750 0.292969 0.097656 0.296875 0.109375 0.296875
0 0.070312 0.292969 0.066406 0.289062 0.066406 0.285156 0.046875 0.285156 0.042969 0.289062 0.039062 0.289062 0.039062 0.300781 0.042969 0.300781 0.046875 0.304688 0.054688 0.304688 0.066406 0.292969
0 0.687500 0.335938 0.691406 0.339844 0.695312 0.339844 0.699219 0.343750 0.703125 0.343750 0.703125 0.347656 0.699219 0.351562 0.695312 0.355469 0.691406 0.355469 0.687500 0.359375 0.683594 0.359375 0.679688 0.355469 0.679688 0.343750 0.679688 0.339844 0.683594 0.339844 0.687500 0.335938
0 0.828125 0.363281 0.828125 0.359375 0.824219 0.359375 0.820312 0.355469 0.812330 0.355469 0.812500 0.367188 0.816406 0.371094 0.820312 0.367188 0.824219 0.367188
0 0.464844 0.371094 0.484375 0.371094 0.488281 0.371094 0.492188 0.375000 0.496094 0.375000 0.500000 0.375000 0.500000 0.386719 0.503906 0.390625 0.500000 0.394531 0.496094 0.398438 0.496094 0.402344 0.492188 0.406250 0.472656 0.406250 0.468750 0.406250 0.468750 0.394531 0.464844 0.390625 0.464844 0.371094
0 0.273438 0.398438 0.277344 0.398438 0.281250 0.398438 0.281250 0.406250 0.285156 0.410156 0.277344 0.417969 0.273438 0.421875 0.261719 0.421875 0.257812 0.421875 0.257812 0.417969 0.257812 0.414062 0.265625 0.406250 0.269531 0.406250 0.273438 0.402344 0.273438 0.398438
0 0.710938 0.437500 0.734375 0.437500 0.738281 0.437500 0.738281 0.441406 0.742188 0.445312 0.726562 0.460938 0.722656 0.464844 0.718750 0.464844 0.714844 0.464844 0.714844 0.460938 0.710938 0.457031 0.707031 0.457031 0.707031 0.445312 0.707031 0.441406 0.710938 0.437500
0 0.902344 0.449219 0.902344 0.445312 0.898438 0.445312 0.894531 0.441406 0.886719 0.441406 0.886719 0.457031 0.890625 0.457031 0.891427 0.457833 0.894531 0.457833 0.894531 0.457031
0 0.437500 0.445312 0.445312 0.445312 0.449219 0.445312 0.449219 0.449219 0.453125 0.453125 0.449219 0.457031 0.449219 0.460938 0.441406 0.468750 0.437500 0.472656 0.433594 0.472656 0.429688 0.468750 0.425781 0.468750 0.421875 0.468750 0.421875 0.460938 0.421875 0.457031 0.425781 0.453125 0.429688 0.453125 0.433594 0.453125 0.437500 0.449219 0.437500 0.445312
0 0.511719 0.531250 0.511719 0.519531 0.496094 0.519531 0.492188 0.515625 0.492188 0.523438 0.490968 0.524657 0.490968 0.530030 0.492188 0.531250 0.492188 0.535156 0.496094 0.535156 0.500000 0.539062 0.503906 0.535156 0.507812 0.535156
0 0.851562 0.562500 0.855469 0.562500 0.859375 0.562500 0.859375 0.570312 0.859375 0.574219 0.855469 0.578125 0.843750 0.578125 0.839844 0.582031 0.835938 0.578125 0.843750 0.570312 0.843750 0.566406 0.847656 0.566406 0.851562 0.562500
0 0.726562 0.644531 0.738281 0.644531 0.742188 0.644531 0.742188 0.664062 0.738281 0.667969 0.730469 0.667969 0.726562 0.664062 0.726562 0.644531
0 0.199219 0.675781 0.210938 0.675781 0.214844 0.675781 0.218750 0.679688 0.222656 0.679688 0.222656 0.683594 0.222656 0.687500 0.214844 0.695312 0.210938 0.699219 0.203125 0.699219 0.199219 0.699219 0.199219 0.695312 0.195312 0.691406 0.195312 0.683594 0.195312 0.679688 0.199219 0.675781
0 0.523438 0.730469 0.523438 0.722656 0.519531 0.722656 0.517226 0.720351 0.498399 0.720351 0.496094 0.722656 0.496094 0.726562 0.492188 0.730469 0.492188 0.746094 0.496094 0.746094 0.500000 0.750000 0.507812 0.750000 0.519531 0.738281 0.519531 0.734375
0 0.000000 0.703125 0.019531 0.703125 0.019531 0.707031 0.015625 0.710938 0.015625 0.714844 0.011719 0.718750 0.007812 0.718750 0.003906 0.718750 0.000000 0.714844 0.000000 0.703125
0 0.144531 0.703125 0.156250 0.703125 0.160156 0.703125 0.160156 0.707031 0.164062 0.710938 0.164062 0.714844 0.160156 0.718750 0.156250 0.718750 0.148438 0.710938 0.144531 0.710938 0.144531 0.703125
0 0.394176 0.601346 0.394176 0.589999 0.390702 0.589999 0.390702 0.586321 0.387432 0.585708 0.378742 0.585708 0.378538 0.601550 0.387841 0.601346
0 0.910156 0.761719 0.906250 0.757812 0.906250 0.750000 0.902344 0.750000 0.898438 0.746094 0.886719 0.746094 0.886719 0.769531 0.890625 0.773962 0.898438 0.773438 0.902344 0.769531 0.902344 0.765625 0.906250 0.761719
0 0.820312 0.808594 0.820312 0.796875 0.819121 0.795684 0.813691 0.795684 0.812500 0.796875 0.808594 0.796875 0.804688 0.800781 0.800781 0.800781 0.800015 0.801548 0.800015 0.807827 0.804688 0.812500 0.816406 0.812500
0 0.703125 0.859375 0.710938 0.859375 0.714844 0.859375 0.718750 0.863281 0.718750 0.867188 0.718750 0.871094 0.714844 0.875000 0.710938 0.875000 0.707031 0.875000 0.703125 0.871094 0.699219 0.871094 0.699219 0.867188 0.699219 0.863281 0.703125 0.859375
0 0.402344 0.890625 0.406250 0.890625 0.410156 0.890625 0.414062 0.894531 0.417969 0.894531 0.421875 0.898438 0.417969 0.898438 0.414062 0.902344 0.414062 0.910156 0.410156 0.914062 0.406250 0.914062 0.402344 0.910156 0.398438 0.910156 0.398438 0.906250 0.394531 0.902344 0.398438 0.898438 0.398438 0.894531 0.402344 0.890625
0 0.839844 0.945312 0.835938 0.941406 0.827843 0.940877 0.827843 0.937510 0.816342 0.937510 0.816342 0.945791 0.820312 0.945791 0.820312 0.949219 0.824219 0.953125 0.832031 0.953125
0 1.000000 0.941406 1.000000 0.941406 1.000000 0.968750 1.000000 0.968750 0.996094 0.968750 0.992188 0.972656 0.988281 0.976562 0.980469 0.976562 0.976562 0.976562 0.968750 0.968750 0.964844 0.968750 0.964844 0.949219 0.964844 0.945312 0.992188 0.945312 0.996094 0.945312 1.000000 0.941406
