0 0.347656 0.023438 0.359375 0.023438 0.363281 0.023438 0.363281 0.027344 0.363281 0.031250 0.367188 0.035156 0.367188 0.039062 0.363281 0.042969 0.363281 0.046875 0.359375 0.050781 0.355469 0.054688 0.355469 0.058594 0.351562 0.062500 0.335938 0.062500 0.332031 0.062500 0.332031 0.058594 0.328125 0.054688 0.328125 0.050781 0.328125 0.046875 0.332031 0.042969 0.332031 0.035156 0.332031 0.031250 0.335938 0.027344 0.339844 0.027344 0.343750 0.027344 0.347656 0.023438
0 0.652344 0.250000 0.656250 0.250000 0.660156 0.250000 0.664062 0.253906 0.667969 0.253906 0.667969 0.257812 0.671875 0.261719 0.671875 0.269531 0.671875 0.273438 0.667969 0.277344 0.667969 0.281250 0.656250 0.292969 0.652344 0.296875 0.652344 0.312500 0.656250 0.316406 0.656250 0.347656 0.656250 0.351562 0.648438 0.359375 0.644531 0.363281 0.640625 0.363281 0.636719 0.367188 0.632812 0.371094 0.621094 0.371094 0.617188 0.371094 0.613281 0.375000 0.609375 0.378906 0.593750 0.378906 0.589844 0.378906 0.589844 0.375000 0.585938 0.371094 0.574219 0.371094 0.570312 0.371094 0.566406 0.367188 0.562500 0.367188 0.558594 0.363281 0.554688 0.359375 0.554688 0.355469 0.550781 0.351562 0.546875 0.347656 0.515625 0.347656 0.511719 0.347656 0.511719 0.343750 0.507812 0.339844 0.507812 0.335938 0.503906 0.332031 0.503906 0.324219 0.503906 0.320312 0.507812 0.316406 0.507812 0.312500 0.511719 0.308594 0.515625 0.304688 0.519531 0.304688 0.523438 0.304688 0.539062 0.289062 0.542969 0.285156 0.550781 0.285156 0.554688 0.281250 0.562500 0.281250 0.566406 0.281250 0.570312 0.285156 0.578125 0.285156 0.582031 0.285156 0.585938 0.281250 0.589844 0.281250 0.593750 0.281250 0.597656 0.277344 0.601562 0.273438 0.605469 0.273438 0.609375 0.273438 0.613281 0.269531 0.617188 0.269531 0.621094 0.265625 0.621094 0.261719 0.625000 0.261719 0.628906 0.257812 0.632812 0.257812 0.636719 0.257812 0.640625 0.253906 0.644531 0.253906 0.648438 0.253906 0.652344 0.250000
0 0.695312 0.378906 0.714844 0.378906 0.718750 0.378906 0.718750 0.382812 0.722656 0.386719 0.722656 0.394531 0.722656 0.398438 0.718750 0.402344 0.714844 0.406250 0.714844 0.410156 0.710938 0.414062 0.710938 0.417969 0.707031 0.421875 0.699219 0.421875 0.695312 0.421875 0.691406 0.417969 0.687500 0.417969 0.683594 0.417969 0.679688 0.414062 0.679688 0.410156 0.675781 0.406250 0.675781 0.398438 0.671875 0.394531 0.675781 0.390625 0.679688 0.390625 0.683594 0.386719 0.683594 0.382812 0.687500 0.382812 0.691406 0.382812 0.695312 0.378906
0 0.570312 0.625000 0.570312 0.621094 0.566406 0.617188 0.566406 0.613281 0.558594 0.613281 0.546875 0.601562 0.539062 0.601562 0.535156 0.597656 0.535156 0.593750 0.519531 0.593750 0.515625 0.589844 0.507812 0.589844 0.503906 0.585938 0.500000 0.585938 0.496094 0.582031 0.496094 0.578125 0.492188 0.574219 0.492188 0.570312 0.484375 0.570312 0.476562 0.562500 0.476562 0.558594 0.472656 0.554688 0.453125 0.554688 0.441406 0.542969 0.441406 0.539062 0.433594 0.539062 0.433594 0.542969 0.429688 0.546875 0.410156 0.546875 0.406351 0.543070 0.405004 0.543070 0.405004 0.542621 0.375000 0.542969 0.371094 0.546875 0.367188 0.546875 0.363281 0.550781 0.359375 0.550781 0.359375 0.554688 0.347656 0.566406 0.347656 0.570312 0.343750 0.574219 0.343750 0.582031 0.339844 0.585938 0.339844 0.593750 0.335938 0.597656 0.335938 0.625000 0.332031 0.628906 0.328125 0.628906 0.328125 0.644531 0.324219 0.648438 0.312500 0.648438 0.308594 0.652344 0.300781 0.652344 0.296875 0.656250 0.292969 0.656250 0.289062 0.660156 0.285156 0.660156 0.281250 0.664062 0.281250 0.671875 0.277344 0.675781 0.281250 0.679688 0.281250 0.687500 0.285156 0.691406 0.285156 0.695312 0.289062 0.699219 0.289062 0.703125 0.292969 0.703125 0.296875 0.707031 0.304688 0.707031 0.320312 0.722656 0.328125 0.722656 0.332031 0.726562 0.332031 0.730469 0.335938 0.730469 0.343750 0.738281 0.343750 0.746094 0.351562 0.746094 0.355469 0.750000 0.355469 0.765625 0.363281 0.773438 0.367188 0.773438 0.371094 0.777344 0.371094 0.781250 0.394531 0.781250 0.398438 0.785156 0.398438 0.789062 0.402344 0.792969 0.402344 0.796875 0.433594 0.796875 0.437500 0.800781 0.437500 0.812500 0.445312 0.820312 0.445312 0.824219 0.457031 0.824219 0.460938 0.828125 0.468750 0.828125 0.476562 0.820312 0.484375 0.820312 0.500000 0.804688 0.511719 0.804688 0.519531 0.796875 0.523438 0.796875 0.527344 0.792969 0.527344 0.781250 0.531250 0.777344 0.531250 0.773438 0.535156 0.769531 0.535156 0.765625 0.546875 0.753906 0.550781 0.753906 0.562500 0.742188 0.562500 0.738281 0.566406 0.734375 0.566406 0.710938 0.562500 0.707031 0.562500 0.671875 0.566406 0.667969 0.566406 0.628906
0 0.027344 0.402344 0.031250 0.406250 0.050781 0.406250 0.054688 0.406250 0.058594 0.410156 0.062500 0.410156 0.066406 0.410156 0.062500 0.410156 0.058594 0.414062 0.058594 0.417969 0.058594 0.421875 0.054688 0.425781 0.050781 0.429688 0.050781 0.441406 0.050781 0.445312 0.042969 0.453125 0.039062 0.457031 0.035156 0.457031 0.027344 0.449219 0.023438 0.445312 0.023438 0.441406 0.019531 0.437500 0.019531 0.433594 0.015625 0.429688 0.015625 0.425781 0.011719 0.421875 0.011719 0.417969 0.011719 0.414062 0.015625 0.410156 0.015625 0.406250 0.019531 0.406250 0.023438 0.406250 0.027344 0.402344
0 0.890625 0.503906 0.894531 0.503906 0.898438 0.503906 0.902344 0.507812 0.906250 0.511719 0.910156 0.511719 0.914062 0.511719 0.917969 0.515625 0.921875 0.515625 0.921875 0.519531 0.921875 0.523438 0.925781 0.527344 0.929688 0.531250 0.925781 0.535156 0.925781 0.546875 0.921875 0.550781 0.917969 0.550781 0.914062 0.550781 0.910156 0.554688 0.906250 0.554688 0.902344 0.554688 0.898438 0.558594 0.894531 0.558594 0.890625 0.562500 0.886719 0.562500 0.882812 0.558594 0.882812 0.554688 0.882812 0.550781 0.878906 0.546875 0.875000 0.542969 0.875000 0.531250 0.875000 0.527344 0.882812 0.519531 0.886719 0.515625 0.886719 0.511719 0.890625 0.507812 0.890625 0.503906
0 0.898438 0.769531 0.906250 0.769531 0.910156 0.769531 0.914062 0.773438 0.917969 0.773438 0.917969 0.777344 0.921875 0.781250 0.929688 0.781250 0.933594 0.781250 0.929688 0.785156 0.929688 0.792969 0.929688 0.796875 0.917969 0.808594 0.914062 0.812500 0.910156 0.812500 0.906250 0.812500 0.902344 0.816406 0.894531 0.816406 0.890625 0.816406 0.890625 0.812500 0.890625 0.808594 0.886719 0.804688 0.886719 0.796875 0.886719 0.792969 0.890625 0.789062 0.890625 0.781250 0.890625 0.777344 0.898438 0.769531
0 0.613281 0.882812 0.632812 0.882812 0.636719 0.882812 0.636719 0.886719 0.636719 0.890625 0.640625 0.894531 0.640625 0.902344 0.644531 0.906250 0.667969 0.906250 0.671875 0.906250 0.675781 0.910156 0.679688 0.910156 0.683594 0.910156 0.687500 0.914062 0.687500 0.917969 0.687500 0.921875 0.675781 0.933594 0.671875 0.937500 0.660156 0.937500 0.656250 0.941406 0.640625 0.941406 0.636719 0.941406 0.632812 0.945312 0.628906 0.945312 0.625000 0.949219 0.621094 0.953125 0.617188 0.949219 0.609375 0.949219 0.605469 0.949219 0.605469 0.945312 0.597656 0.937500 0.593750 0.933594 0.593750 0.929688 0.589844 0.925781 0.585938 0.925781 0.585938 0.914062 0.585938 0.910156 0.589844 0.906250 0.589844 0.902344 0.597656 0.894531 0.601562 0.890625 0.605469 0.890625 0.613281 0.882812
0 0.429688 0.992188 0.437500 0.992188 0.441406 0.992188 0.445312 0.996094 0.449219 1.000000 0.449219 1.000000 0.421875 1.000000 0.421875 1.000000 0.421875 0.996094 0.425781 0.996094 0.429688 0.992188
0 0.453125 0.500000 0.453125 0.496094 0.449219 0.492188 0.449219 0.488281 0.445312 0.484375 0.441406 0.484375 0.437500 0.480469 0.429688 0.480469 0.425781 0.476562 0.425781 0.457031 0.421875 0.453125 0.421875 0.449219 0.417969 0.449219 0.406250 0.437500 0.406250 0.421875 0.394531 0.421875 0.390625 0.417969 0.390625 0.394531 0.394531 0.390625 0.386719 0.390625 0.382812 0.394531 0.378906 0.394531 0.375000 0.398438 0.371094 0.398438 0.371094 0.402344 0.367188 0.406250 0.343750 0.406250 0.335938 0.414062 0.324219 0.414062 0.324219 0.417969 0.320312 0.421875 0.316406 0.421875 0.316406 0.425781 0.312500 0.429688 0.308594 0.429688 0.308594 0.437500 0.312500 0.441406 0.312500 0.453125 0.308594 0.457031 0.308594 0.472656 0.328125 0.472656 0.332031 0.476562 0.332031 0.480469 0.339844 0.480469 0.351562 0.492188 0.363281 0.492188 0.367188 0.496094 0.371094 0.496094 0.390625 0.515625 0.390625 0.519531 0.394531 0.523438 0.394531 0.527612 0.395585 0.527612 0.396033 0.526715 0.397827 0.526715 0.397827 0.526266 0.422504 0.526715 0.429688 0.519531 0.433594 0.519531 0.441406 0.511719 0.445312 0.511719 0.449219 0.507812 0.449219 0.503906
0 0.112463 0.886224 0.106973 0.884852 0.098739 0.884852 0.086389 0.889655 0.080214 0.893771 0.078155 0.896516 0.078155 0.905436 0.079528 0.908180 0.079528 0.910239 0.082959 0.917100 0.085017 0.923275 0.085017 0.929450 0.094623 0.931509 0.107659 0.931509 0.111776 0.929450 0.116579 0.919845 0.117952 0.915728 0.117952 0.913670 0.119324 0.911611 0.121382 0.903377 0.121382 0.895144 0.119324 0.890341
0 0.556334 0.472366 0.544234 0.471654 0.542810 0.475925 0.542810 0.478060 0.541387 0.479484 0.540675 0.488025 0.542098 0.489448 0.544946 0.495143 0.544946 0.502973 0.545657 0.505108 0.547081 0.506532 0.551352 0.508667 0.571282 0.508667 0.577688 0.506532 0.578400 0.504396 0.578400 0.495855 0.576264 0.491584 0.575553 0.487313 0.567723 0.478060 0.567011 0.475925 0.564876 0.475213 0.563452 0.473077
0 0.576264 0.554933 0.570570 0.553510 0.564164 0.552798 0.559893 0.554933 0.558470 0.557068 0.556334 0.558492 0.555623 0.560627 0.554199 0.562051 0.554199 0.571304 0.554911 0.573440 0.557758 0.576998 0.558470 0.579134 0.559893 0.580557 0.560605 0.582693 0.564876 0.589099 0.569858 0.590523 0.571282 0.591946 0.573417 0.592658 0.579823 0.592658 0.585518 0.584828 0.586941 0.580557 0.586941 0.567745 0.584094 0.559204 0.582670 0.557780
