0 0.863281 0.152344 0.878906 0.152344 0.882812 0.152344 0.886719 0.156250 0.886719 0.160156 0.882812 0.164062 0.882812 0.167969 0.882812 0.171875 0.878906 0.175781 0.875000 0.179688 0.871094 0.179688 0.867188 0.179688 0.863281 0.183594 0.859375 0.183594 0.855469 0.183594 0.851562 0.179688 0.851562 0.171875 0.851562 0.167969 0.855469 0.167969 0.859375 0.164062 0.859375 0.160156 0.863281 0.156250 0.863281 0.152344
0 0.047586 0.192211 0.034213 0.186904 0.000000 0.186904 0.000000 0.165455 0.004880 0.162629 0.022273 0.167166 0.031302 0.172809 0.049941 0.190846
0 0.455927 0.257661 0.435002 0.260696 0.397577 0.261707 0.361773 0.258673 0.354685 0.252595 0.361416 0.247216 0.353368 0.221084 0.345915 0.210594 0.330818 0.213228 0.327144 0.216902 0.319510 0.219890 0.313995 0.227017 0.302496 0.231435 0.293765 0.241178 0.286074 0.242975 0.279394 0.241178 0.274472 0.236256 0.271664 0.225530 0.275484 0.207724 0.283977 0.200243 0.269890 0.203527 0.263211 0.201730 0.258289 0.196808 0.256492 0.190128 0.258289 0.183448 0.265233 0.176504 0.283039 0.171672 0.296800 0.173469 0.306779 0.184460 0.311223 0.193962 0.319854 0.188641 0.338671 0.183810 0.351821 0.182798 0.399971 0.188641 0.408982 0.194949 0.423636 0.196959 0.439419 0.202802 0.444341 0.207724 0.446493 0.213255 0.445640 0.216427 0.452733 0.236080 0.456027 0.257611
0 0.431892 0.170671 0.424914 0.180314 0.413016 0.191571 0.400372 0.190890 0.392206 0.194174 0.381154 0.193412 0.367394 0.189592 0.362472 0.184670 0.360675 0.177990 0.362472 0.171311 0.367394 0.166389 0.378119 0.164592 0.408970 0.168306 0.420801 0.166126 0.431902 0.170635
0 0.474579 0.192667 0.472704 0.194542 0.462073 0.196257 0.440832 0.196257 0.434335 0.192452 0.426175 0.197577 0.416556 0.200303 0.409971 0.199600 0.407393 0.195186 0.409971 0.190771 0.424376 0.187109 0.434246 0.178634 0.446845 0.176380 0.446532 0.166348 0.450946 0.163770 0.454317 0.164423 0.459038 0.160735 0.461577 0.161438 0.464155 0.165852 0.463012 0.182992 0.472704 0.185714 0.475282 0.190128
0 0.584531 0.593806 0.577382 0.597947 0.573242 0.596814 0.569101 0.589666 0.570234 0.585525 0.577382 0.581384 0.581523 0.582517 0.585664 0.589666
0 0.148438 0.199219 0.148438 0.183594 0.136719 0.183594 0.132812 0.179688 0.128906 0.183594 0.110541 0.183594 0.111162 0.195312 0.125000 0.195312 0.128906 0.199219 0.132812 0.199219 0.136719 0.203125 0.144531 0.203125
0 0.210938 0.187500 0.214844 0.191406 0.218750 0.191406 0.214844 0.195312 0.214844 0.203125 0.214844 0.207031 0.210938 0.210938 0.203125 0.210938 0.199219 0.210938 0.195312 0.207031 0.191406 0.207031 0.195312 0.207031 0.199219 0.203125 0.199219 0.199219 0.199219 0.195312 0.203125 0.191406 0.207031 0.191406 0.210938 0.187500
0 0.534119 0.236532 0.532188 0.229329 0.530313 0.227454 0.527774 0.226750 0.526082 0.227151 0.523438 0.226282 0.523438 0.222656 0.515625 0.222656 0.515625 0.242188 0.519531 0.242188 0.520917 0.240802 0.521798 0.241682 0.528265 0.243368 0.530804 0.242664 0.532679 0.240789 0.533416 0.239071
0 0.937500 0.250000 0.945312 0.250000 0.949219 0.250000 0.953125 0.253906 0.957031 0.253906 0.960938 0.253906 0.964844 0.257812 0.968750 0.257812 0.972656 0.257812 0.976562 0.261719 0.980469 0.261719 0.984375 0.265625 0.976562 0.273438 0.976562 0.277344 0.972656 0.281250 0.968750 0.281250 0.964844 0.285156 0.957031 0.285156 0.953125 0.281250 0.941406 0.281250 0.937500 0.281250 0.937500 0.265625 0.933594 0.261719 0.933594 0.257812 0.933594 0.253906 0.937500 0.250000
0 0.464844 0.320312 0.476562 0.320312 0.480469 0.320312 0.480469 0.328125 0.480469 0.332031 0.476562 0.335938 0.468750 0.335938 0.464844 0.335938 0.464844 0.320312
0 0.660156 0.339844 0.664062 0.343750 0.679688 0.343750 0.683594 0.343750 0.683594 0.347656 0.687500 0.351562 0.687500 0.355469 0.691406 0.359375 0.687500 0.359375 0.683594 0.363281 0.656250 0.363281 0.652344 0.363281 0.652344 0.359375 0.648438 0.355469 0.648438 0.351562 0.648438 0.347656 0.652344 0.343750 0.656250 0.343750 0.660156 0.339844
0 0.847656 0.347656 0.863281 0.347656 0.867188 0.347656 0.863281 0.351562 0.863281 0.355469 0.859375 0.359375 0.855469 0.363281 0.851562 0.363281 0.851562 0.355469 0.851562 0.351562 0.847656 0.347656
0 0.480469 0.394531 0.484375 0.394531 0.488281 0.394531 0.492188 0.398438 0.496094 0.402344 0.507812 0.402344 0.511719 0.402344 0.511719 0.414062 0.515625 0.417969 0.511719 0.417969 0.507812 0.421875 0.507812 0.429688 0.503906 0.433594 0.500000 0.433594 0.496094 0.433594 0.496094 0.429688 0.492188 0.425781 0.488281 0.421875 0.484375 0.421875 0.480469 0.417969 0.480469 0.394531
0 0.604241 0.411891 0.608347 0.408898 0.608661 0.406104 0.610373 0.405621 0.612882 0.405621 0.614993 0.404823 0.617188 0.406250 0.621094 0.410156 0.621094 0.421875 0.621094 0.425781 0.617188 0.429688 0.613281 0.433594 0.597656 0.433594 0.593750 0.433594 0.593750 0.425781 0.589844 0.421875 0.593750 0.417969 0.597656 0.414062 0.599652 0.413088
0 0.683594 0.406250 0.683594 0.402344 0.679688 0.402344 0.675781 0.398438 0.671875 0.398438 0.667969 0.394531 0.664062 0.398438 0.656250 0.398438 0.648438 0.406250 0.648438 0.421875 0.652344 0.421875 0.656250 0.425781 0.656250 0.432671 0.660238 0.432671 0.660238 0.433594 0.671875 0.433594 0.675781 0.429688 0.675781 0.425781 0.679688 0.421875 0.679688 0.410156
0 0.094364 0.194453 0.094364 0.184518 0.093220 0.183373 0.078452 0.183628 0.078452 0.191909 0.082141 0.191909 0.082141 0.195725 0.082904 0.195852 0.092966 0.195852 0.093983 0.195470 0.094238 0.194453
0 0.535156 0.421875 0.539062 0.421875 0.542969 0.421875 0.550781 0.429688 0.554688 0.429688 0.554688 0.437500 0.554688 0.441406 0.550781 0.445312 0.550781 0.449219 0.546875 0.453125 0.542969 0.453125 0.539062 0.449219 0.539062 0.445312 0.535156 0.441406 0.531250 0.437500 0.531250 0.429688 0.531250 0.425781 0.535156 0.421875
0 0.933594 0.703125 0.945312 0.703125 0.949219 0.703125 0.953125 0.707031 0.957031 0.707031 0.957031 0.710938 0.960938 0.714844 0.960938 0.726562 0.957031 0.730469 0.953125 0.730469 0.949219 0.730469 0.945312 0.726562 0.941406 0.722656 0.937500 0.722656 0.933594 0.718750 0.933594 0.703125
0 0.871094 0.777344 0.878906 0.777344 0.882812 0.777344 0.882812 0.781250 0.882812 0.785156 0.878906 0.789062 0.875000 0.789062 0.871094 0.792969 0.867188 0.792969 0.863281 0.792969 0.863281 0.785156 0.863281 0.781250 0.867188 0.781250 0.871094 0.777344
0 0.984375 0.882812 0.992188 0.882812 0.996094 0.882812 0.996094 0.886719 0.996094 0.890625 0.992188 0.894531 0.988281 0.894531 0.984375 0.898438 0.984375 0.902344 0.980469 0.898438 0.980469 0.890625 0.980469 0.886719 0.984375 0.882812
0 0.812500 0.914062 0.816406 0.917969 0.816406 0.921875 0.816406 0.925781 0.812500 0.929688 0.804688 0.929688 0.800781 0.929688 0.800781 0.925781 0.796875 0.921875 0.800781 0.917969 0.804688 0.917969 0.808594 0.917969 0.812500 0.914062
0 0.979662 0.985182 0.979662 0.983568 0.972656 0.976562 0.968750 0.976562 0.964844 0.972656 0.960938 0.976562 0.953125 0.976562 0.953125 0.984375 0.960938 0.992188 0.972656 0.992188
0 0.819097 0.186429 0.817222 0.188304 0.814683 0.189007 0.807553 0.189618 0.805014 0.188915 0.802732 0.186632 0.802029 0.184093 0.802732 0.181554 0.804811 0.179475 0.806937 0.178887 0.807213 0.177888 0.809496 0.175605 0.812035 0.174902 0.814981 0.175605 0.819097 0.178906 0.819800 0.183889
0 0.609375 0.015625 0.617188 0.015625 0.621094 0.015625 0.644531 0.039062 0.648438 0.042969 0.660156 0.066406 0.660156 0.070312 0.683594 0.093750 0.687500 0.097656 0.683594 0.132812 0.683594 0.136719 0.691406 0.144531 0.695312 0.148438 0.714844 0.152344 0.718750 0.152344 0.726562 0.164062 0.730469 0.167969 0.726562 0.195312 0.726562 0.199219 0.703125 0.218750 0.699219 0.222656 0.609375 0.222656 0.605469 0.222656 0.550781 0.214844 0.546875 0.214844 0.496094 0.191406 0.492188 0.191406 0.460938 0.144531 0.457031 0.140625 0.460938 0.121094 0.460938 0.117188 0.492188 0.093750 0.496094 0.089844 0.503906 0.066406 0.507812 0.062500 0.511719 0.062500 0.515625 0.062500 0.531250 0.046875 0.535156 0.042969 0.558594 0.039062 0.562500 0.039062 0.609375 0.015625
