0 0.207031 0.101562 0.207031 0.085938 0.195312 0.085938 0.191406 0.082031 0.191406 0.078125 0.187500 0.078125 0.183594 0.074219 0.183594 0.062500 0.175781 0.054688 0.175781 0.050781 0.171875 0.046875 0.167969 0.046875 0.160156 0.039062 0.160156 0.035156 0.152344 0.035156 0.148438 0.031250 0.148438 0.011719 0.144531 0.007812 0.144531 0.000000 0.000000 0.000000 0.000000 0.179688 0.000000 0.179688 0.000000 0.175781 0.011719 0.164062 0.023438 0.164062 0.031250 0.171875 0.046875 0.171875 0.050781 0.167969 0.058594 0.167969 0.066406 0.160156 0.066406 0.156250 0.070312 0.152344 0.070312 0.148438 0.074219 0.144531 0.089844 0.144531 0.093750 0.148438 0.093750 0.152344 0.097656 0.156250 0.097656 0.160156 0.109375 0.171875 0.109375 0.183594 0.113281 0.183594 0.117188 0.187500 0.125000 0.187500 0.128906 0.183594 0.140625 0.183594 0.144531 0.179688 0.152344 0.179688 0.156250 0.175781 0.160156 0.175781 0.164062 0.171875 0.175781 0.171875 0.187500 0.160156 0.187500 0.144531 0.191406 0.140625 0.191406 0.128906 0.195312 0.125000 0.195312 0.117188 0.203125 0.109375 0.203125 0.105469
0 0.480469 0.000000 0.480469 0.000000 0.488281 0.000000 0.492188 0.000000 0.492188 0.003906 0.496094 0.007812 0.496094 0.015625 0.496094 0.019531 0.503906 0.027344 0.507812 0.027344 0.507812 0.050781 0.507812 0.054688 0.503906 0.058594 0.503906 0.066406 0.500000 0.070312 0.468750 0.070312 0.464844 0.070312 0.460938 0.066406 0.457031 0.066406 0.457031 0.058594 0.457031 0.054688 0.453125 0.050781 0.453125 0.039062 0.453125 0.035156 0.457031 0.031250 0.457031 0.027344 0.457031 0.023438 0.460938 0.019531 0.460938 0.015625 0.460938 0.011719 0.464844 0.007812 0.464844 0.003906 0.468750 0.003906 0.472656 0.003906 0.476562 0.000000 0.476562 0.000000
0 0.554688 0.046875 0.558594 0.050781 0.566406 0.050781 0.570312 0.050781 0.574219 0.054688 0.574219 0.058594 0.578125 0.062500 0.582031 0.062500 0.585938 0.066406 0.585938 0.078125 0.585938 0.082031 0.589844 0.085938 0.593750 0.085938 0.597656 0.085938 0.597656 0.089844 0.597656 0.093750 0.601562 0.097656 0.601562 0.105469 0.605469 0.109375 0.605469 0.121094 0.609375 0.125000 0.605469 0.125000 0.597656 0.132812 0.593750 0.136719 0.585938 0.136719 0.582031 0.136719 0.578125 0.140625 0.578125 0.144531 0.574219 0.148438 0.570312 0.148438 0.566406 0.152344 0.562500 0.152344 0.558594 0.156250 0.554688 0.160156 0.546875 0.160156 0.542969 0.160156 0.539062 0.156250 0.535156 0.156250 0.531250 0.152344 0.500000 0.152344 0.496094 0.152344 0.496094 0.136719 0.496094 0.132812 0.488281 0.125000 0.484375 0.125000 0.484375 0.109375 0.480469 0.105469 0.484375 0.105469 0.488281 0.101562 0.488281 0.097656 0.488281 0.093750 0.496094 0.093750 0.500000 0.093750 0.503906 0.089844 0.507812 0.085938 0.507812 0.082031 0.507812 0.078125 0.515625 0.078125 0.519531 0.078125 0.523438 0.074219 0.527344 0.074219 0.535156 0.066406 0.535156 0.062500 0.539062 0.062500 0.542969 0.058594 0.542969 0.054688 0.546875 0.054688 0.550781 0.054688 0.554688 0.050781 0.554688 0.046875
0 0.578125 0.261719 0.582031 0.261719 0.585938 0.261719 0.585938 0.265625 0.593750 0.273438 0.597656 0.277344 0.597656 0.281250 0.597656 0.285156 0.601562 0.289062 0.601562 0.292969 0.605469 0.296875 0.609375 0.296875 0.609375 0.335938 0.609375 0.339844 0.613281 0.343750 0.613281 0.347656 0.613281 0.351562 0.609375 0.355469 0.605469 0.359375 0.601562 0.359375 0.597656 0.363281 0.593750 0.363281 0.589844 0.363281 0.585938 0.367188 0.582031 0.367188 0.578125 0.371094 0.574219 0.375000 0.566406 0.375000 0.562500 0.375000 0.562500 0.371094 0.558594 0.367188 0.542969 0.367188 0.539062 0.367188 0.535156 0.363281 0.531250 0.363281 0.527344 0.359375 0.527344 0.355469 0.527344 0.351562 0.523438 0.347656 0.523438 0.343750 0.523438 0.339844 0.519531 0.335938 0.519531 0.332031 0.515625 0.328125 0.515625 0.324219 0.511719 0.320312 0.511719 0.308594 0.507812 0.304688 0.511719 0.304688 0.515625 0.300781 0.515625 0.296875 0.515625 0.292969 0.519531 0.292969 0.523438 0.289062 0.523438 0.285156 0.523438 0.281250 0.535156 0.281250 0.539062 0.281250 0.542969 0.277344 0.546875 0.273438 0.550781 0.273438 0.554688 0.269531 0.558594 0.269531 0.562500 0.265625 0.570312 0.265625 0.574219 0.265625 0.578125 0.261719
0 0.015625 0.316406 0.023438 0.316406 0.027344 0.316406 0.031250 0.320312 0.039062 0.320312 0.042969 0.324219 0.054688 0.324219 0.058594 0.324219 0.062500 0.328125 0.066406 0.328125 0.070312 0.328125 0.074219 0.332031 0.078125 0.332031 0.082031 0.335938 0.085938 0.335938 0.085938 0.339844 0.089844 0.343750 0.089844 0.347656 0.089844 0.351562 0.093750 0.355469 0.097656 0.359375 0.101562 0.359375 0.105469 0.363281 0.125000 0.363281 0.128906 0.363281 0.128906 0.367188 0.132812 0.371094 0.132812 0.382812 0.136719 0.386719 0.136719 0.394531 0.136719 0.398438 0.132812 0.402344 0.132812 0.406250 0.132812 0.410156 0.128906 0.414062 0.128906 0.417969 0.125000 0.421875 0.121094 0.421875 0.117188 0.425781 0.109375 0.425781 0.105469 0.425781 0.101562 0.429688 0.101562 0.433594 0.097656 0.437500 0.097656 0.441406 0.097656 0.445312 0.085938 0.457031 0.082031 0.460938 0.082031 0.468750 0.082031 0.472656 0.089844 0.480469 0.093750 0.484375 0.097656 0.484375 0.101562 0.484375 0.101562 0.496094 0.101562 0.500000 0.089844 0.511719 0.085938 0.515625 0.085938 0.519531 0.085938 0.523438 0.082031 0.527344 0.082031 0.531250 0.078125 0.535156 0.074219 0.535156 0.070312 0.539062 0.058594 0.539062 0.054688 0.542969 0.050781 0.542969 0.046875 0.539062 0.042969 0.539062 0.039062 0.539062 0.035156 0.535156 0.031250 0.535156 0.023438 0.527344 0.019531 0.523438 0.019531 0.519531 0.015625 0.515625 0.015625 0.511719 0.011719 0.507812 0.011719 0.503906 0.011719 0.500000 0.007812 0.496094 0.003906 0.496094 0.000000 0.492188 0.000000 0.492188 0.000000 0.324219 0.000000 0.324219 0.003906 0.324219 0.007812 0.320312 0.011719 0.320312 0.015625 0.316406
0 0.812500 0.351562 0.816406 0.351562 0.820312 0.351562 0.824219 0.355469 0.828125 0.355469 0.832031 0.359375 0.839844 0.359375 0.843750 0.359375 0.847656 0.363281 0.847656 0.367188 0.847656 0.371094 0.851562 0.375000 0.855469 0.375000 0.859375 0.375000 0.859375 0.382812 0.863281 0.386719 0.871094 0.386719 0.875000 0.386719 0.878906 0.382812 0.882812 0.382812 0.886719 0.382812 0.906250 0.402344 0.910156 0.406250 0.910156 0.410156 0.914062 0.414062 0.914062 0.453125 0.914062 0.457031 0.910156 0.460938 0.910156 0.476562 0.910156 0.480469 0.902344 0.488281 0.898438 0.492188 0.894531 0.492188 0.890625 0.496094 0.882812 0.496094 0.878906 0.496094 0.871094 0.488281 0.867188 0.484375 0.867188 0.480469 0.863281 0.476562 0.863281 0.472656 0.859375 0.468750 0.855469 0.464844 0.855469 0.457031 0.855469 0.453125 0.851562 0.449219 0.851562 0.445312 0.847656 0.441406 0.835938 0.441406 0.832031 0.441406 0.828125 0.445312 0.820312 0.445312 0.816406 0.445312 0.816406 0.441406 0.812500 0.437500 0.808594 0.437500 0.804688 0.437500 0.800781 0.433594 0.796875 0.433594 0.796875 0.429688 0.792969 0.425781 0.789062 0.425781 0.789062 0.421875 0.785156 0.417969 0.785156 0.406250 0.781250 0.402344 0.785156 0.402344 0.789062 0.398438 0.792969 0.394531 0.792969 0.371094 0.792969 0.367188 0.796875 0.363281 0.800781 0.359375 0.804688 0.359375 0.812500 0.351562
0 0.652344 0.488281 0.656250 0.488281 0.660156 0.488281 0.664062 0.492188 0.671875 0.492188 0.675781 0.492188 0.675781 0.496094 0.679688 0.500000 0.679688 0.503906 0.679688 0.507812 0.683594 0.511719 0.683594 0.515625 0.683594 0.519531 0.675781 0.527344 0.671875 0.531250 0.667969 0.531250 0.664062 0.535156 0.660156 0.531250 0.656250 0.531250 0.652344 0.527344 0.625000 0.527344 0.621094 0.523438 0.621094 0.519531 0.621094 0.515625 0.625000 0.511719 0.625000 0.507812 0.625000 0.503906 0.628906 0.500000 0.632812 0.496094 0.636719 0.496094 0.640625 0.492188 0.644531 0.492188 0.648438 0.492188 0.652344 0.488281
0 0.683594 0.562500 0.687500 0.566406 0.695312 0.566406 0.699219 0.566406 0.699219 0.574219 0.699219 0.578125 0.703125 0.582031 0.707031 0.585938 0.703125 0.589844 0.703125 0.597656 0.703125 0.601562 0.699219 0.605469 0.699219 0.609375 0.699219 0.613281 0.695312 0.617188 0.687500 0.617188 0.683594 0.617188 0.679688 0.621094 0.675781 0.621094 0.671875 0.621094 0.671875 0.609375 0.671875 0.605469 0.667969 0.601562 0.664062 0.601562 0.664062 0.593750 0.664062 0.589844 0.667969 0.585938 0.671875 0.582031 0.671875 0.578125 0.675781 0.574219 0.675781 0.570312 0.683594 0.562500
0 0.890625 0.585938 0.894531 0.589844 0.906250 0.589844 0.910156 0.589844 0.914062 0.593750 0.917969 0.593750 0.917969 0.597656 0.921875 0.601562 0.933594 0.601562 0.937500 0.601562 0.941406 0.597656 0.945312 0.593750 0.972656 0.593750 0.976562 0.597656 0.976562 0.601562 0.976562 0.605469 0.972656 0.609375 0.972656 0.617188 0.972656 0.621094 0.968750 0.625000 0.964844 0.628906 0.964844 0.632812 0.964844 0.636719 0.960938 0.640625 0.960938 0.644531 0.960938 0.648438 0.957031 0.652344 0.957031 0.656250 0.953125 0.660156 0.953125 0.664062 0.949219 0.667969 0.945312 0.667969 0.941406 0.671875 0.941406 0.687500 0.941406 0.691406 0.945312 0.695312 0.949219 0.695312 0.945312 0.699219 0.945312 0.703125 0.941406 0.707031 0.937500 0.707031 0.933594 0.710938 0.933594 0.714844 0.933594 0.710938 0.929688 0.707031 0.925781 0.707031 0.921875 0.703125 0.917969 0.703125 0.914062 0.703125 0.910156 0.699219 0.910156 0.695312 0.910156 0.691406 0.906250 0.687500 0.902344 0.687500 0.898438 0.683594 0.898438 0.671875 0.898438 0.667969 0.894531 0.664062 0.894531 0.652344 0.894531 0.648438 0.890625 0.644531 0.886719 0.644531 0.886719 0.632812 0.886719 0.628906 0.882812 0.625000 0.882812 0.617188 0.882812 0.613281 0.878906 0.609375 0.878906 0.605469 0.875000 0.601562 0.882812 0.593750 0.886719 0.593750 0.890625 0.589844 0.890625 0.585938
0 0.207031 0.718750 0.218750 0.718750 0.222656 0.718750 0.222656 0.722656 0.226562 0.726562 0.230469 0.730469 0.234375 0.730469 0.238281 0.730469 0.238281 0.734375 0.242188 0.738281 0.246094 0.738281 0.250000 0.742188 0.246094 0.746094 0.246094 0.750000 0.246094 0.753906 0.242188 0.757812 0.242188 0.765625 0.242188 0.769531 0.238281 0.773438 0.238281 0.777344 0.234375 0.781250 0.230469 0.781250 0.230469 0.777344 0.226562 0.773438 0.214844 0.773438 0.210938 0.769531 0.210938 0.750000 0.207031 0.746094 0.199219 0.746094 0.195312 0.746094 0.191406 0.742188 0.187500 0.738281 0.191406 0.734375 0.191406 0.730469 0.195312 0.726562 0.199219 0.722656 0.203125 0.722656 0.207031 0.718750
0 0.484375 0.742188 0.507812 0.742188 0.511719 0.742188 0.515625 0.746094 0.519531 0.750000 0.519531 0.757812 0.519531 0.761719 0.515625 0.765625 0.515625 0.773438 0.515625 0.777344 0.511719 0.781250 0.507812 0.785156 0.503906 0.785156 0.500000 0.789062 0.500000 0.785156 0.496094 0.781250 0.472656 0.781250 0.468750 0.781250 0.468750 0.777344 0.464844 0.773438 0.464844 0.769531 0.464844 0.765625 0.472656 0.757812 0.472656 0.753906 0.476562 0.753906 0.480469 0.750000 0.480469 0.746094 0.484375 0.742188
0 0.910156 0.859375 0.914062 0.863281 0.917969 0.867188 0.929688 0.867188 0.933594 0.867188 0.933594 0.882812 0.933594 0.886719 0.929688 0.890625 0.925781 0.894531 0.894531 0.894531 0.890625 0.890625 0.890625 0.882812 0.890625 0.878906 0.898438 0.871094 0.898438 0.867188 0.902344 0.867188 0.910156 0.859375
0 0.789062 0.914062 0.792969 0.914062 0.796875 0.914062 0.796875 0.917969 0.800781 0.921875 0.804688 0.921875 0.808594 0.921875 0.808594 0.929688 0.812500 0.933594 0.812500 0.941406 0.808594 0.945312 0.808594 0.957031 0.808594 0.960938 0.812500 0.964844 0.812500 0.968750 0.812500 0.972656 0.816406 0.976562 0.820312 0.976562 0.820312 0.980469 0.820312 0.984375 0.816406 0.988281 0.816406 0.992188 0.812500 0.996094 0.808594 1.000000 0.808594 1.000000 0.761719 1.000000 0.757812 0.996094 0.753906 0.996094 0.753906 0.992188 0.750000 0.988281 0.750000 0.980469 0.750000 0.976562 0.753906 0.972656 0.757812 0.972656 0.761719 0.968750 0.769531 0.968750 0.773438 0.964844 0.773438 0.949219 0.773438 0.945312 0.769531 0.941406 0.769531 0.937500 0.769531 0.933594 0.773438 0.929688 0.773438 0.925781 0.777344 0.921875 0.781250 0.921875 0.789062 0.914062
0 0.742690 0.881968 0.722720 0.881968 0.718351 0.882593 0.713982 0.883841 0.711486 0.883841 0.704621 0.886337 0.700877 0.888833 0.698380 0.892578 0.697132 0.896322 0.697132 0.898818 0.699005 0.905059 0.706493 0.918165 0.708366 0.919413 0.708990 0.921285 0.712734 0.923781 0.716479 0.925030 0.723968 0.925030 0.726464 0.924405 0.733329 0.921909 0.735201 0.920037 0.737073 0.919413 0.738321 0.917541 0.749555 0.913796 0.754547 0.913172 0.758292 0.911300 0.760164 0.907555 0.761412 0.903187 0.760788 0.898818 0.753299 0.888833 0.751427 0.887585 0.750803 0.885713 0.748930 0.884464
0 0.133692 0.886845 0.128592 0.886845 0.122764 0.889760 0.121307 0.891217 0.120578 0.893038 0.120214 0.897774 0.122764 0.910888 0.123492 0.922544 0.127864 0.924366 0.136606 0.925459 0.139885 0.922909 0.142070 0.919266 0.144620 0.910523 0.144620 0.905787 0.143527 0.898502 0.139156 0.886845 0.137335 0.885753
0 0.001014 0.231421 0.000000 0.231499 0.000000 0.304670 0.003104 0.302497 0.012511 0.300929 0.051185 0.301452 0.057456 0.299361 0.060592 0.296225 0.066341 0.292567 0.071044 0.286818 0.073135 0.282638 0.073657 0.271662 0.071567 0.266959 0.069999 0.260687 0.063728 0.248667 0.060592 0.244486 0.056411 0.241351 0.049094 0.230898 0.048572 0.228808 0.043346 0.219401 0.040210 0.215743 0.036029 0.214175 0.029757 0.214175 0.025577 0.215220 0.023486 0.216265 0.019305 0.219923 0.013556 0.227763 0.006763 0.230898
0 0.666876 0.906129 0.660186 0.905825 0.655928 0.907041 0.651975 0.912211 0.648629 0.915252 0.647717 0.917077 0.647717 0.921335 0.648629 0.925896 0.652583 0.931066 0.656232 0.933804 0.665052 0.936237 0.669005 0.934412 0.672046 0.930762 0.673871 0.926809 0.675391 0.919814 0.677216 0.916165 0.679041 0.914948 0.681474 0.908866 0.680562 0.907041 0.678433 0.906433 0.673871 0.905521 0.669613 0.905521
