0 0.461997 0.240223 0.455720 0.234911 0.458956 0.228992 0.460855 0.224244 0.460738 0.221831 0.462122 0.212613 0.462152 0.207753 0.469902 0.201272 0.477808 0.202211 0.483339 0.209011 0.483339 0.214709 0.482530 0.217854 0.486673 0.222472 0.493777 0.231950 0.498225 0.233548 0.502799 0.237173 0.512302 0.243672 0.510095 0.247623 0.499981 0.247623 0.488657 0.245048 0.475291 0.244775 0.472315 0.243223 0.466621 0.242359
0 0.936133 0.420789 0.946842 0.412739 0.949446 0.409213 0.964925 0.414748 0.973061 0.417807 0.976666 0.424649 0.973318 0.430454 0.962426 0.439670 0.954861 0.438327 0.948363 0.439279 0.941673 0.436608 0.934489 0.432550 0.937007 0.424181
0 0.385892 0.021493 0.390363 0.021789 0.396198 0.021825 0.400414 0.020498 0.406252 0.016320 0.411669 0.014493 0.419756 0.008555 0.427630 0.016430 0.427513 0.017807 0.430088 0.018505 0.434907 0.026107 0.432421 0.027053 0.415334 0.034547 0.411005 0.035415 0.407891 0.036170 0.404553 0.036243 0.399969 0.038922 0.395982 0.041012 0.389118 0.036564 0.388575 0.036034 0.385616 0.035114 0.386334 0.028739
0 0.174310 0.569912 0.182653 0.568308 0.186036 0.568014 0.194047 0.566482 0.199268 0.566903 0.201948 0.569584 0.203817 0.574095 0.203799 0.583602 0.199066 0.588262 0.194235 0.588719 0.175430 0.589259 0.172254 0.590736 0.164974 0.588785 0.168845 0.577394 0.170091 0.572745
0 0.024064 0.675950 0.029564 0.670684 0.036340 0.663659 0.039075 0.662580 0.043760 0.663057 0.049531 0.663249 0.050419 0.667044 0.053727 0.668696 0.054551 0.670294 0.056308 0.676854 0.047915 0.681706 0.046687 0.684190 0.041899 0.689822 0.038650 0.690552 0.035456 0.697705 0.012933 0.702531 0.004913 0.700687 0.000000 0.695465 0.000000 0.679356 0.015550 0.674774 0.019461 0.676181
0 0.243646 0.297268 0.230298 0.294551 0.233265 0.286902 0.234827 0.279980 0.235339 0.272312 0.237003 0.267133 0.237931 0.261419 0.249975 0.258558 0.255295 0.258866 0.261993 0.264173 0.266788 0.269903 0.269653 0.274387 0.266191 0.281792 0.259212 0.285990 0.253209 0.291298
0 0.471311 0.449851 0.470616 0.458403 0.468983 0.459937 0.463891 0.465128 0.461831 0.465797 0.461577 0.475091 0.450836 0.474593 0.442679 0.474716 0.438047 0.473852 0.436417 0.467160 0.438024 0.465673 0.437821 0.462205 0.439177 0.456942 0.445187 0.450101 0.449119 0.446176 0.449309 0.441507 0.462500 0.439649 0.464332 0.441480 0.469920 0.445679 0.470423 0.449202
0 0.291680 0.526042 0.292861 0.517992 0.294454 0.516358 0.299586 0.501532 0.304558 0.501505 0.311163 0.500852 0.316145 0.503280 0.323208 0.505476 0.321460 0.512300 0.322497 0.517054 0.321502 0.524370 0.317619 0.527962 0.298648 0.535663 0.292633 0.535356 0.290775 0.528422
0 0.468427 0.794380 0.463676 0.784608 0.467761 0.782327 0.483142 0.781028 0.492047 0.778371 0.496671 0.777877 0.502233 0.776300 0.511310 0.785605 0.512872 0.789025 0.503380 0.798983 0.496785 0.800016 0.492499 0.801749 0.490313 0.801378 0.476790 0.800794 0.472436 0.797995
0 0.935858 0.754071 0.942614 0.748472 0.956278 0.747283 0.960902 0.747777 0.964150 0.751025 0.966916 0.757040 0.966745 0.761269 0.970636 0.763769 0.973885 0.773484 0.958607 0.775342 0.953554 0.768898 0.947934 0.769069 0.941612 0.767467 0.933804 0.764445 0.934106 0.758705
0 0.692743 0.146941 0.706573 0.140188 0.713266 0.136771 0.718382 0.139481 0.723733 0.140627 0.725239 0.142018 0.730340 0.143030 0.733734 0.149830 0.730941 0.154229 0.727498 0.155269 0.722141 0.157819 0.714304 0.158251 0.705923 0.160222 0.702530 0.159034 0.693566 0.149883
0 0.765490 0.143182 0.770971 0.142373 0.773534 0.140410 0.785209 0.139256 0.788813 0.138495 0.795343 0.144425 0.792599 0.148655 0.787078 0.155372 0.781507 0.156038 0.775598 0.162043 0.772302 0.162978 0.767790 0.165371 0.762122 0.164056 0.758369 0.148367 0.761923 0.145867
0 0.308576 0.079027 0.318297 0.078360 0.328368 0.077332 0.333450 0.081223 0.337306 0.087697 0.345691 0.094439 0.355436 0.102754 0.359477 0.102431 0.369457 0.104031 0.373205 0.109155 0.373075 0.110407 0.370243 0.117694 0.367937 0.126657 0.365893 0.127194 0.350757 0.129470 0.349115 0.127448 0.343005 0.126547 0.337479 0.122299 0.333861 0.121318 0.329730 0.116309 0.318409 0.104988 0.312205 0.089606 0.308479 0.082657
0 0.275857 0.078156 0.275926 0.077728 0.270549 0.060494 0.281004 0.058586 0.282487 0.056816 0.286101 0.055847 0.287069 0.052234 0.290748 0.048555 0.306786 0.047209 0.311937 0.048681 0.317318 0.049932 0.320440 0.053054 0.324201 0.054062 0.326166 0.057465 0.329226 0.062766 0.326086 0.069584 0.325127 0.078804 0.320719 0.082551 0.315941 0.086612 0.305891 0.086612 0.301968 0.084652 0.297150 0.085205 0.291643 0.083460 0.279365 0.080737 0.278682 0.080554
0 0.552245 0.120656 0.557357 0.122750 0.565121 0.125650 0.568823 0.129415 0.577512 0.129780 0.578503 0.144293 0.578888 0.149940 0.566980 0.152663 0.560097 0.150549 0.548188 0.149940 0.543133 0.144885 0.542755 0.136247 0.541495 0.134274 0.540410 0.130223 0.547857 0.122777
0 0.169890 1.000000 0.169857 0.998970 0.171663 0.995248 0.173241 0.990375 0.173603 0.982736 0.175902 0.976291 0.176100 0.967752 0.177684 0.962757 0.180314 0.950992 0.187288 0.944045 0.198007 0.943674 0.204746 0.942946 0.206565 0.949555 0.208356 0.960023 0.208390 0.963609 0.209800 0.971853 0.208095 0.978554 0.202986 0.984911 0.201549 0.989580 0.197413 1.000000
0 0.329919 0.736209 0.335440 0.729471 0.338136 0.726775 0.341373 0.722534 0.348905 0.720598 0.353435 0.719162 0.365327 0.719617 0.373425 0.720269 0.379132 0.728241 0.383619 0.731595 0.393441 0.742550 0.394988 0.748627 0.396839 0.750478 0.398723 0.755725 0.406271 0.758778 0.411563 0.772337 0.401687 0.777947 0.397210 0.783292 0.396629 0.782955 0.389534 0.785046 0.388375 0.784753 0.365292 0.787969 0.352789 0.786191 0.350054 0.783328 0.347022 0.781013 0.342104 0.775378 0.334870 0.764116 0.330418 0.759879 0.329727 0.753050 0.328955 0.749331 0.328420 0.741790
0 0.295688 0.591533 0.302521 0.589230 0.305129 0.586622 0.313227 0.585970 0.316455 0.583224 0.328839 0.585075 0.333413 0.588516 0.334521 0.592650 0.334242 0.596140 0.335989 0.604683 0.336811 0.605505 0.339051 0.614169 0.339051 0.625495 0.330194 0.633373 0.325441 0.637600 0.322501 0.641673 0.322062 0.649280 0.321557 0.649427 0.319357 0.651693 0.311529 0.658680 0.297573 0.654546 0.297969 0.645882 0.296465 0.641352 0.298014 0.634771 0.298989 0.631680 0.300069 0.627092 0.300563 0.625444 0.304697 0.616434 0.300806 0.607786 0.299480 0.604838 0.295501 0.595994
0 0.663335 0.072762 0.676332 0.068610 0.697063 0.073614 0.702601 0.079152 0.699048 0.102336 0.692367 0.105048 0.666516 0.107298 0.661304 0.097739 0.659014 0.092772 0.659145 0.092681 0.659793 0.090014 0.661830 0.084635 0.661935 0.076062
0 0.995104 0.895729 1.000000 0.896797 1.000000 0.921080 0.997733 0.921602 0.981473 0.916588 0.980824 0.914164 0.982843 0.909587 0.984338 0.906201 0.987719 0.898540 0.990087 0.897179
