0 0.949219 0.800781 0.957031 0.800781 0.960938 0.800781 0.972656 0.812500 0.976562 0.816406 0.972656 0.835938 0.972656 0.839844 0.964844 0.843750 0.960938 0.847656 0.937500 0.843750 0.933594 0.843750 0.933594 0.820312 0.933594 0.816406 0.949219 0.800781
0 0.316912 1.000000 0.314860 0.995725 0.295112 0.987886 0.277344 0.996094 0.269531 0.996094 0.266602 1.000000 0.218192 1.000000 0.207031 0.984375 0.179688 0.980469 0.171200 0.987070 0.169502 0.995986 0.165762 1.000000
0 0.387777 0.879694 0.386719 0.839844 0.380895 0.835437 0.370065 0.833272 0.360348 0.817270 0.332838 0.798336 0.326815 0.786561 0.325168 0.768574 0.297301 0.748932 0.274353 0.752268 0.266473 0.758848 0.264871 0.764902 0.269954 0.780064 0.269954 0.795658 0.260121 0.825537 0.250894 0.834764 0.251246 0.852534 0.256655 0.857612 0.259124 0.865827 0.249579 0.880570 0.250013 0.895279 0.257026 0.902725 0.267373 0.904327 0.280225 0.898263 0.305845 0.893065 0.320202 0.903957 0.319769 0.908371 0.328740 0.916345 0.339743 0.919907 0.353191 0.936946 0.360074 0.938736 0.369714 0.932532 0.374782 0.907105 0.387777 0.879694
0 0.863281 0.281250 0.875000 0.281250 0.878906 0.281250 0.910156 0.304688 0.914062 0.308594 0.910156 0.351562 0.910156 0.355469 0.882812 0.394531 0.882812 0.398438 0.875000 0.406250 0.871094 0.410156 0.855469 0.410156 0.851562 0.410156 0.816406 0.390625 0.812500 0.386719 0.789062 0.386719 0.785156 0.386719 0.781250 0.390625 0.777344 0.394531 0.757812 0.398438 0.753906 0.398438 0.750000 0.394531 0.746094 0.390625 0.753906 0.371094 0.753906 0.367188 0.781250 0.343750 0.785156 0.343750 0.812500 0.308594 0.816406 0.304688 0.835938 0.300781 0.839844 0.300781 0.863281 0.281250
0 0.957031 0.437500 0.972656 0.437500 0.976562 0.437500 0.992188 0.453125 0.996094 0.453125 0.996094 0.500000 0.996094 0.503906 0.937500 0.523438 0.933594 0.527344 0.917969 0.523438 0.914062 0.523438 0.906250 0.511719 0.902344 0.507812 0.906250 0.500000 0.906250 0.496094 0.937500 0.457031 0.937500 0.453125 0.957031 0.437500
0 0.734375 0.683594 0.765625 0.687500 0.769531 0.687500 0.773438 0.691406 0.777344 0.695312 0.777344 0.710938 0.777344 0.714844 0.757812 0.726562 0.753906 0.730469 0.714844 0.726562 0.710938 0.726562 0.710938 0.699219 0.710938 0.695312 0.734375 0.683594
0 0.773438 0.578125 0.792969 0.578125 0.796875 0.578125 0.812500 0.585938 0.816406 0.585938 0.824219 0.597656 0.828125 0.601562 0.828125 0.617188 0.828125 0.621094 0.820312 0.628906 0.816406 0.632812 0.796875 0.632812 0.792969 0.632812 0.773438 0.621094 0.769531 0.621094 0.765625 0.613281 0.761719 0.609375 0.761719 0.589844 0.761719 0.585938 0.773438 0.578125
0 0.828125 0.000000 0.828125 0.000000 0.824219 0.003906 0.816406 0.003906 0.812500 0.007812 0.777344 0.003906 0.773438 0.003906 0.770313 0.000000
0 0.678477 0.111068 0.676834 0.101142 0.648448 0.073466 0.643300 0.059139 0.621024 0.047857 0.614160 0.051010 0.589992 0.082784 0.596546 0.102703 0.609418 0.119639 0.618822 0.122623 0.637790 0.117542 0.639057 0.136238 0.649816 0.141423 0.655494 0.138270 0.663359 0.125421 0.676665 0.117268 0.678476 0.111068
0 0.158988 0.490813 0.150591 0.506802 0.156337 0.514903 0.153810 0.519550 0.146201 0.520177 0.134839 0.514652 0.124857 0.524854 0.117249 0.527470 0.110082 0.525959 0.106038 0.519582 0.097004 0.514164 0.086469 0.516090 0.078414 0.521557 0.056022 0.515959 0.053533 0.504330 0.044569 0.497001 0.061239 0.470916 0.066026 0.470893 0.071308 0.476843 0.084539 0.478206 0.111502 0.472057 0.123149 0.478915 0.123775 0.486425 0.127760 0.488732 0.134479 0.488732 0.141774 0.477679 0.149074 0.473825 0.158362 0.483646 0.158989 0.490813
0 0.393212 0.484613 0.388687 0.478409 0.376536 0.473805 0.367294 0.463135 0.363310 0.465440 0.358244 0.479730 0.361438 0.486378 0.381943 0.495439 0.393211 0.484613
0 0.498136 0.821450 0.496534 0.827505 0.484916 0.838183 0.470718 0.842918 0.459622 0.836275 0.458020 0.830220 0.459622 0.822600 0.464350 0.817872 0.485439 0.808127 0.495908 0.814143 0.498137 0.821450
0 0.506242 0.909316 0.500227 0.898848 0.477240 0.898006 0.464679 0.905164 0.460793 0.915595 0.463347 0.926596 0.473816 0.932611 0.491856 0.925112 0.504641 0.915371
0 0.498304 0.970031 0.485544 0.983111 0.470225 0.983111 0.463888 0.972321 0.464527 0.953749 0.474996 0.947733 0.489075 0.951582 0.498304 0.957921 0.499905 0.963976
0 0.139773 1.000000 0.138886 0.991582 0.124618 0.991582 0.115157 1.000000
0 0.025190 0.982154 0.023122 0.989140 0.009603 0.998930 0.008858 1.000000 0.000000 1.000000 0.000000 0.954809 0.013580 0.955369 0.023122 0.967241 0.025191 0.982154
0 0.015573 0.952074 0.006806 0.924354 0.001459 0.919007 0.000000 0.918726 0.000000 0.951605 0.015456 0.952105
0 0.098755 0.771225 0.087979 0.760489 0.080907 0.741578 0.071096 0.742175 0.057014 0.754466 0.059403 0.775027 0.069734 0.780664 0.070750 0.792346 0.074679 0.796873 0.086282 0.796275 0.097740 0.774936
0 0.076932 0.618679 0.068374 0.633509 0.056278 0.642469 0.048408 0.642469 0.042538 0.634806 0.034802 0.608696 0.036266 0.596473 0.044376 0.585675 0.071062 0.581195 0.073796 0.591351 0.059222 0.597341 0.062391 0.604819 0.072406 0.606282 0.077948 0.614968
0 0.740647 0.000000 0.717653 0.025293 0.710553 0.025293 0.710553 0.027660 0.703452 0.027660 0.686884 0.034760 0.677416 0.034760 0.660848 0.041861 0.618245 0.039494 0.596943 0.022926 0.592209 0.022926 0.575641 0.008725 0.572732 0.000000
