0 0.125376 0.495393 0.123582 0.486783 0.126663 0.484409 0.131795 0.485143 0.133662 0.475687 0.135419 0.471409 0.138009 0.467462 0.143229 0.461787 0.146832 0.452717 0.153227 0.448600 0.159894 0.445122 0.168411 0.442982 0.180381 0.445884 0.175629 0.454130 0.169781 0.460265 0.167170 0.468798 0.161853 0.473660 0.157314 0.476832 0.155354 0.480991 0.157603 0.485062 0.157402 0.493794 0.150168 0.498250 0.132856 0.498250
0 0.196348 0.483015 0.187253 0.490611 0.184398 0.488948 0.181112 0.488338 0.175532 0.479732 0.175532 0.472762 0.183541 0.470675 0.185099 0.467295 0.188681 0.464023 0.192116 0.462555 0.196794 0.458333 0.217431 0.459700 0.218686 0.464104 0.225009 0.467278 0.228979 0.467454 0.238693 0.470939 0.237640 0.475871 0.233440 0.484843 0.231485 0.485311 0.225507 0.484751 0.219396 0.487330 0.207755 0.480408 0.201173 0.481069
0 0.482492 0.004037 0.482770 0.003349 0.485507 0.000613 0.487310 0.000000 0.496353 0.000000 0.501372 0.010999 0.501081 0.014957 0.494093 0.016613 0.489215 0.020593 0.487270 0.023436 0.484953 0.023837 0.478944 0.017693 0.473898 0.013128 0.470955 0.010263 0.479666 0.003505 0.481882 0.004329
0 0.989272 0.101244 0.989691 0.100022 0.984974 0.087994 0.994400 0.082728 0.995786 0.082732 0.996892 0.082197 0.998487 0.078094 1.000000 0.076504 1.000000 0.117410 0.993663 0.117410 0.988396 0.109117 0.988606 0.106247
0 0.872720 0.721352 0.881044 0.722874 0.890362 0.731261 0.895362 0.733465 0.897077 0.734900 0.903557 0.735658 0.910521 0.737442 0.914930 0.738124 0.921352 0.741321 0.930855 0.743800 0.936214 0.744142 0.943211 0.746809 0.956700 0.750702 0.961770 0.755146 0.966179 0.755829 0.975357 0.759950 0.982019 0.760487 0.985420 0.766378 0.985405 0.770396 1.000000 0.772336 1.000000 0.819688 0.993975 0.819315 0.992551 0.814930 0.991848 0.810579 0.994008 0.806601 0.989464 0.803540 0.986443 0.799815 0.973998 0.790855 0.973122 0.782684 0.970864 0.779097 0.968643 0.773107 0.964641 0.773180 0.950059 0.771337 0.929474 0.761002 0.916188 0.761067 0.904742 0.755838 0.897552 0.754544 0.892970 0.752452 0.884038 0.749944 0.874017 0.734509 0.871864 0.723026
0 0.902182 0.481426 0.918561 0.482091 0.924558 0.481860 0.927279 0.482614 0.929110 0.484437 0.936944 0.485031 0.944429 0.491269 0.949879 0.492679 0.954231 0.502879 0.951479 0.505833 0.948562 0.508037 0.942755 0.513025 0.929139 0.511568 0.920635 0.512562 0.913039 0.510603 0.911075 0.509543 0.904378 0.509465 0.900740 0.509831 0.885120 0.509700 0.878719 0.510132 0.869043 0.509327 0.863920 0.507413 0.855966 0.505000 0.855402 0.500556 0.854252 0.495163 0.860173 0.488086 0.865340 0.486328 0.873168 0.483057 0.878855 0.482771 0.889904 0.482730 0.896786 0.482245
0 0.922486 0.472205 0.922834 0.463235 0.921912 0.458771 0.922169 0.457834 0.922228 0.455222 0.922364 0.449124 0.922552 0.447363 0.922923 0.443834 0.923870 0.442588 0.927264 0.439194 0.931410 0.438730 0.947702 0.440073 0.951130 0.440017 0.957829 0.443759 0.956950 0.453734 0.957829 0.455029 0.957829 0.463319 0.951776 0.466450 0.947105 0.468866 0.935032 0.475111 0.927826 0.474080 0.925050 0.473791
0 0.894460 0.856962 0.904405 0.847771 0.910165 0.845986 0.914769 0.843813 0.928344 0.844079 0.935728 0.844461 0.937644 0.850516 0.941688 0.851083 0.947416 0.859243 0.941203 0.865900 0.938377 0.869389 0.926039 0.876429 0.924253 0.884837 0.920079 0.894970 0.919495 0.898204 0.910169 0.907530 0.909481 0.909542 0.902618 0.916406 0.894848 0.918877 0.892022 0.921041 0.882321 0.923675 0.878134 0.921259 0.877664 0.908908 0.875500 0.902286 0.879403 0.891694 0.877035 0.890695 0.873117 0.882089 0.873499 0.878679 0.885233 0.868114 0.886081 0.865434 0.889417 0.862760
0 0.228696 0.961921 0.222010 0.955972 0.226459 0.954104 0.236367 0.943911 0.245122 0.932802 0.253718 0.930139 0.257898 0.929622 0.265983 0.929777 0.266697 0.929223 0.270773 0.928803 0.271257 0.928669 0.273221 0.928650 0.280095 0.928443 0.284405 0.925636 0.292858 0.923396 0.303563 0.917390 0.309959 0.912324 0.315943 0.909777 0.319542 0.904729 0.320750 0.898003 0.319064 0.896911 0.318057 0.891057 0.329282 0.887593 0.332133 0.887923 0.339617 0.887501 0.345648 0.889497 0.353139 0.888344 0.362776 0.885224 0.366770 0.883325 0.374052 0.881023 0.385189 0.875012 0.390448 0.873862 0.400227 0.872674 0.414054 0.875613 0.411296 0.882179 0.398803 0.889447 0.393135 0.891484 0.385791 0.894902 0.376601 0.896099 0.373511 0.899188 0.366690 0.904155 0.353777 0.908072 0.351057 0.908399 0.348347 0.911770 0.342388 0.917068 0.338189 0.919404 0.334013 0.920220 0.327812 0.924733 0.322698 0.926823 0.316845 0.929904 0.313979 0.934101 0.301563 0.942880 0.278385 0.942217 0.276511 0.941234 0.274357 0.942055 0.272855 0.943556 0.268640 0.945123 0.268504 0.945233 0.269550 0.953518 0.274284 0.959648 0.274173 0.960820 0.269545 0.974680 0.260075 0.974680 0.253252 0.972493 0.244663 0.972297 0.238590 0.969367 0.234352 0.966407 0.232823 0.963212
0 0.320499 0.999863 0.320485 1.000000 0.291196 1.000000 0.296910 0.996303 0.301409 0.989869 0.302011 0.985294 0.307092 0.981538 0.313536 0.980391 0.320766 0.977579 0.327461 0.976768 0.331871 0.970003 0.334167 0.963209 0.334459 0.959468 0.336866 0.957062 0.343666 0.945985 0.349323 0.940343 0.351250 0.937746 0.354806 0.936922 0.365565 0.937170 0.374604 0.948641 0.373498 0.953607 0.372632 0.961653 0.364304 0.970659 0.363361 0.974235 0.359387 0.981520 0.349672 0.989249 0.332686 0.991221 0.328713 0.989017 0.323906 0.990513 0.321642 0.995426
0 0.173102 0.117502 0.175350 0.118447 0.182602 0.124163 0.183204 0.125363 0.184270 0.127146 0.181422 0.141192 0.177898 0.142099 0.167995 0.143275 0.166622 0.142783 0.165911 0.143299 0.164075 0.143571 0.157590 0.143690 0.153004 0.138639 0.150296 0.136005 0.150296 0.133154 0.153834 0.131144 0.156641 0.127264 0.160829 0.121507 0.161544 0.119744 0.163496 0.117793 0.166843 0.116217 0.169563 0.114150 0.171443 0.117139
0 0.052442 0.034514 0.049073 0.036199 0.044019 0.040411 0.038123 0.043359 0.029699 0.050519 0.022961 0.057257 0.016643 0.069050 0.016222 0.071156 0.009484 0.082527 0.008641 0.086739 0.009062 0.093056 0.010747 0.094320 0.017064 0.096847 0.021276 0.098110 0.023382 0.098110 0.025488 0.097689 0.028857 0.094741 0.031384 0.091371 0.033490 0.087160 0.036859 0.084212 0.041071 0.083370 0.051600 0.082948 0.055811 0.081264 0.059602 0.075789 0.059181 0.061048 0.059602 0.046307 0.062550 0.043359 0.070552 0.040411 0.072237 0.039147 0.073079 0.037041 0.073079 0.034936 0.069289 0.029882 0.062550 0.023986 0.056232 0.023564 0.054127 0.029882
0 0.606957 0.752386 0.598730 0.750314 0.591171 0.743822 0.590008 0.743325 0.584206 0.735823 0.581589 0.727788 0.580557 0.721205 0.580616 0.711968 0.582426 0.704746 0.587625 0.699102 0.591220 0.697947 0.603118 0.687867 0.609784 0.684837 0.612730 0.684468 0.620692 0.680595 0.625280 0.680248 0.629679 0.677851 0.631543 0.675457 0.632159 0.675025 0.632195 0.674970 0.636350 0.672862 0.636521 0.672937 0.644434 0.668426 0.648702 0.667282 0.653027 0.662957 0.656948 0.661781 0.662402 0.653973 0.669721 0.652174 0.681566 0.652964 0.702205 0.637537 0.704613 0.637729 0.712951 0.637259 0.718073 0.634189 0.722058 0.630575 0.728832 0.623823 0.743285 0.625386 0.750930 0.625044 0.767918 0.624285 0.776292 0.631097 0.780027 0.632098 0.786182 0.638253 0.785516 0.651857 0.786691 0.657026 0.782276 0.668768 0.769812 0.682716 0.765941 0.683471 0.762300 0.688530 0.765973 0.690641 0.767368 0.691488 0.763230 0.695627 0.747226 0.699558 0.745557 0.705878 0.744367 0.707295 0.740043 0.708337 0.733659 0.713550 0.731592 0.717960 0.722973 0.718901 0.712422 0.725021 0.708659 0.729175 0.708299 0.730241 0.695215 0.731173 0.687554 0.725991 0.678855 0.730783 0.671929 0.733022 0.664402 0.740158 0.645420 0.742954 0.628855 0.747197 0.623399 0.751259 0.618955 0.751933 0.612208 0.755223 0.608808 0.752484
0 0.644500 0.365270 0.650846 0.361113 0.651606 0.361065 0.652912 0.360081 0.657173 0.359726 0.663215 0.358789 0.664103 0.358527 0.672274 0.361357 0.674650 0.361652 0.678029 0.363206 0.681303 0.372316 0.681026 0.375304 0.678559 0.377716 0.678678 0.378114 0.676139 0.383332 0.664099 0.392040 0.657995 0.391375 0.654724 0.392431 0.645095 0.389314 0.643045 0.382353 0.640935 0.376689 0.642098 0.369794
0 0.488181 0.344958 0.490584 0.341779 0.495601 0.340797 0.505671 0.341031 0.509041 0.341244 0.515817 0.341982 0.524321 0.348532 0.526904 0.353721 0.526096 0.355573 0.525741 0.357100 0.523397 0.361788 0.520494 0.363692 0.518185 0.367455 0.517693 0.370620 0.507119 0.374458 0.503229 0.372686 0.502177 0.372326 0.494397 0.371321 0.491767 0.370644 0.490644 0.369304 0.485255 0.365694 0.484578 0.362283 0.485112 0.348923 0.487673 0.347197
0 0.569591 0.093883 0.578718 0.091106 0.587378 0.090914 0.593308 0.095951 0.596387 0.101913 0.593253 0.105811 0.593230 0.109977 0.591435 0.117040 0.586139 0.120031 0.583994 0.120003 0.575516 0.122350 0.567694 0.122977 0.561870 0.119181 0.562520 0.109758 0.566949 0.097675
