0 0.035156 0.101562 0.035156 0.097656 0.031250 0.093750 0.031250 0.065188 0.024709 0.065188 0.024709 0.054979 0.023317 0.054051 0.022853 0.051267 0.021461 0.049875 0.021461 0.048947 0.020533 0.048483 0.019605 0.045235 0.017285 0.042969 0.000000 0.042969 0.000000 0.152344 0.011719 0.152344 0.027344 0.136719 0.027344 0.132812 0.031250 0.128906 0.031250 0.105469
0 0.718750 0.039062 0.730469 0.039062 0.734375 0.039062 0.734375 0.042969 0.738281 0.046875 0.738281 0.078125 0.738281 0.082031 0.726562 0.093750 0.722656 0.097656 0.718750 0.097656 0.714844 0.101562 0.710938 0.105469 0.707031 0.105469 0.703125 0.109375 0.699219 0.113281 0.695312 0.113281 0.691406 0.117188 0.687500 0.117188 0.683594 0.117188 0.679688 0.113281 0.675781 0.113281 0.675781 0.109375 0.675781 0.105469 0.671875 0.101562 0.671875 0.093750 0.671875 0.089844 0.675781 0.085938 0.675781 0.082031 0.679688 0.078125 0.679688 0.074219 0.683594 0.074219 0.687500 0.070312 0.691406 0.066406 0.703125 0.066406 0.707031 0.066406 0.710938 0.062500 0.710938 0.054688 0.710938 0.050781 0.714844 0.046875 0.714844 0.042969 0.718750 0.039062
0 0.429688 0.054688 0.445312 0.054688 0.449219 0.058594 0.449219 0.082031 0.453125 0.085938 0.449219 0.089844 0.449219 0.093750 0.445312 0.097656 0.441406 0.097656 0.437500 0.101562 0.421875 0.101562 0.417969 0.101562 0.414062 0.105469 0.410156 0.105469 0.406250 0.101562 0.402344 0.101562 0.402344 0.097656 0.394531 0.089844 0.390625 0.089844 0.390625 0.082031 0.386719 0.078125 0.390625 0.074219 0.390625 0.070312 0.394531 0.066406 0.394531 0.062500 0.414062 0.062500 0.417969 0.062500 0.421875 0.058594 0.425781 0.058594 0.429688 0.054688
0 0.433594 0.164062 0.437500 0.167969 0.441406 0.171875 0.453125 0.171875 0.457031 0.171875 0.457031 0.175781 0.460938 0.179688 0.476562 0.179688 0.480469 0.179688 0.484375 0.183594 0.488281 0.183594 0.492188 0.187500 0.503906 0.187500 0.507812 0.187500 0.507812 0.191406 0.511719 0.195312 0.511719 0.203125 0.511719 0.207031 0.515625 0.210938 0.515625 0.214844 0.515625 0.218750 0.519531 0.222656 0.523438 0.226562 0.523438 0.230469 0.527344 0.234375 0.523438 0.234375 0.519531 0.238281 0.519531 0.242188 0.515625 0.246094 0.511719 0.246094 0.507812 0.250000 0.503906 0.253906 0.500000 0.253906 0.496094 0.257812 0.492188 0.261719 0.476562 0.261719 0.472656 0.261719 0.468750 0.265625 0.464844 0.265625 0.460938 0.269531 0.453125 0.269531 0.449219 0.269531 0.445312 0.273438 0.445312 0.277344 0.445312 0.273438 0.441406 0.269531 0.437500 0.269531 0.433594 0.265625 0.429688 0.261719 0.429688 0.253906 0.429688 0.250000 0.425781 0.246094 0.421875 0.242188 0.421875 0.238281 0.417969 0.234375 0.414062 0.234375 0.414062 0.222656 0.410156 0.218750 0.410156 0.191406 0.410156 0.187500 0.414062 0.187500 0.417969 0.183594 0.421875 0.179688 0.421875 0.175781 0.421875 0.171875 0.425781 0.171875 0.433594 0.164062
0 0.972656 0.164062 0.976562 0.167969 0.980469 0.167969 0.984375 0.171875 0.988281 0.171875 0.992188 0.171875 0.996094 0.175781 1.000000 0.175781 1.000000 0.218750 1.000000 0.218750 0.996094 0.218750 0.992188 0.218750 0.988281 0.214844 0.984375 0.214844 0.980469 0.210938 0.976562 0.210938 0.972656 0.210938 0.972656 0.183594 0.968750 0.179688 0.968750 0.175781 0.968750 0.171875 0.972656 0.167969 0.972656 0.164062
0 0.636719 0.167969 0.644531 0.167969 0.648438 0.167969 0.648438 0.171875 0.648438 0.175781 0.652344 0.179688 0.656250 0.179688 0.656250 0.183594 0.656250 0.187500 0.648438 0.195312 0.644531 0.199219 0.644531 0.203125 0.644531 0.207031 0.636719 0.214844 0.636719 0.218750 0.632812 0.214844 0.625000 0.214844 0.621094 0.214844 0.617188 0.210938 0.613281 0.210938 0.613281 0.203125 0.613281 0.199219 0.617188 0.195312 0.617188 0.191406 0.617188 0.187500 0.621094 0.187500 0.632812 0.175781 0.636719 0.171875 0.636719 0.167969
0 0.007812 0.289062 0.035156 0.289062 0.039062 0.292969 0.046875 0.292969 0.050781 0.292969 0.054688 0.289062 0.062500 0.289062 0.066406 0.289062 0.066406 0.296875 0.070312 0.300781 0.070312 0.320312 0.070312 0.324219 0.074219 0.328125 0.078125 0.328125 0.078125 0.332031 0.070312 0.339844 0.066406 0.343750 0.062500 0.343750 0.050781 0.355469 0.046875 0.359375 0.042969 0.359375 0.039062 0.363281 0.035156 0.359375 0.031250 0.355469 0.019531 0.355469 0.015625 0.355469 0.015625 0.351562 0.011719 0.347656 0.011719 0.339844 0.011719 0.335938 0.007812 0.332031 0.003906 0.328125 0.000000 0.328125 0.000000 0.328125 0.000000 0.292969 0.000000 0.292969 0.003906 0.292969 0.007812 0.289062
0 0.000000 0.546875 0.000000 0.546875 0.003906 0.546875 0.007812 0.542969 0.011719 0.542969 0.015625 0.542969 0.015625 0.546875 0.015625 0.550781 0.019531 0.554688 0.023438 0.558594 0.039062 0.558594 0.042969 0.558594 0.050781 0.566406 0.054688 0.570312 0.050781 0.574219 0.050781 0.578125 0.046875 0.582031 0.042969 0.582031 0.039062 0.585938 0.031250 0.585938 0.027344 0.585938 0.023438 0.582031 0.015625 0.582031 0.011719 0.578125 0.000000 0.578125 0.000000 0.578125
0 0.375000 0.691406 0.375000 0.679688 0.371094 0.675781 0.371094 0.671875 0.367188 0.667969 0.347656 0.667969 0.343750 0.664062 0.343750 0.660156 0.339844 0.656250 0.335938 0.656250 0.332031 0.652344 0.332031 0.648438 0.328125 0.644531 0.328125 0.640625 0.324219 0.636719 0.324219 0.628906 0.316406 0.628906 0.312500 0.625000 0.312500 0.621094 0.304688 0.621094 0.300781 0.617188 0.296875 0.617188 0.292969 0.613281 0.273438 0.613281 0.261719 0.601562 0.253906 0.601562 0.250000 0.605469 0.246094 0.605469 0.246094 0.609375 0.242188 0.613281 0.242188 0.640625 0.238281 0.644531 0.236418 0.644531 0.235879 0.650445 0.234261 0.650445 0.234261 0.654758 0.232644 0.654758 0.232644 0.655836 0.232105 0.655836 0.232105 0.659070 0.229949 0.659609 0.229949 0.663922 0.227792 0.663922 0.227792 0.668773 0.225097 0.668773 0.225097 0.673086 0.222941 0.673086 0.222941 0.675781 0.221323 0.675781 0.221323 0.677399 0.220245 0.677399 0.220245 0.679555 0.214844 0.679555 0.214844 0.695312 0.207031 0.703125 0.207031 0.707031 0.203125 0.710938 0.203125 0.714844 0.199219 0.718750 0.195312 0.718750 0.195312 0.742188 0.199219 0.746094 0.199219 0.757812 0.203125 0.761719 0.203125 0.765625 0.207031 0.769531 0.207031 0.773438 0.210938 0.777344 0.210938 0.792969 0.207031 0.796875 0.203125 0.796875 0.195312 0.804688 0.195312 0.832031 0.199219 0.835938 0.203125 0.835938 0.210938 0.843750 0.210938 0.847656 0.214844 0.851562 0.214844 0.855469 0.234375 0.855469 0.238281 0.859375 0.246094 0.859375 0.250000 0.863281 0.250000 0.867188 0.253906 0.867188 0.257812 0.871094 0.265625 0.871094 0.269531 0.867188 0.269531 0.863281 0.273438 0.859375 0.273438 0.855469 0.277344 0.851562 0.277344 0.843750 0.281250 0.839844 0.281250 0.835938 0.277344 0.835938 0.273438 0.832031 0.273438 0.824219 0.269531 0.824219 0.265625 0.820312 0.261719 0.820312 0.257812 0.816406 0.257812 0.800781 0.261719 0.796875 0.285156 0.796875 0.289062 0.792969 0.292969 0.792969 0.300781 0.785156 0.316406 0.785156 0.320312 0.781250 0.320312 0.769531 0.332031 0.757812 0.332031 0.753906 0.335938 0.750000 0.335938 0.746094 0.339844 0.742188 0.339844 0.734375 0.359375 0.714844 0.359375 0.710938 0.363281 0.707031 0.367188 0.707031 0.371094 0.703125 0.371094 0.695312
0 0.804688 0.699219 0.808594 0.703125 0.812500 0.703125 0.816406 0.703125 0.816406 0.707031 0.820312 0.710938 0.820312 0.714844 0.820312 0.718750 0.824219 0.722656 0.824219 0.726562 0.828125 0.730469 0.843750 0.730469 0.847656 0.734375 0.847656 0.742188 0.847656 0.746094 0.851562 0.750000 0.855469 0.753906 0.855469 0.757812 0.851562 0.761719 0.851562 0.769531 0.847656 0.773438 0.839844 0.773438 0.835938 0.777344 0.824219 0.777344 0.820312 0.777344 0.816406 0.781250 0.812500 0.781250 0.808594 0.785156 0.804688 0.785156 0.800781 0.781250 0.796875 0.781250 0.792969 0.777344 0.792969 0.761719 0.792969 0.757812 0.789062 0.753906 0.789062 0.746094 0.789062 0.742188 0.769531 0.722656 0.765625 0.718750 0.769531 0.714844 0.773438 0.714844 0.777344 0.710938 0.777344 0.707031 0.785156 0.707031 0.789062 0.707031 0.792969 0.703125 0.796875 0.703125 0.800781 0.703125 0.804688 0.699219
0 0.386719 0.824219 0.394531 0.824219 0.398438 0.828125 0.398438 0.847656 0.398438 0.851562 0.394531 0.855469 0.394531 0.859375 0.390625 0.863281 0.390625 0.878906 0.390625 0.882812 0.398438 0.890625 0.402344 0.890625 0.402344 0.902344 0.402344 0.906250 0.398438 0.910156 0.394531 0.914062 0.378906 0.914062 0.375000 0.914062 0.371094 0.917969 0.367188 0.917969 0.363281 0.921875 0.351562 0.921875 0.347656 0.921875 0.347656 0.914062 0.343750 0.910156 0.335938 0.910156 0.332031 0.910156 0.328125 0.906250 0.324219 0.902344 0.324219 0.894531 0.320312 0.890625 0.320312 0.867188 0.320312 0.863281 0.328125 0.855469 0.332031 0.851562 0.351562 0.851562 0.355469 0.851562 0.359375 0.847656 0.359375 0.843750 0.363281 0.839844 0.363281 0.835938 0.367188 0.832031 0.371094 0.828125 0.378906 0.828125 0.382812 0.828125 0.386719 0.824219
0 0.457031 0.914062 0.460938 0.917969 0.464844 0.917969 0.468750 0.921875 0.484375 0.921875 0.488281 0.917969 0.492188 0.921875 0.496094 0.921875 0.500000 0.921875 0.500000 0.925781 0.515625 0.941406 0.515625 0.945312 0.511719 0.949219 0.507812 0.949219 0.500000 0.957031 0.496094 0.960938 0.488281 0.960938 0.484375 0.960938 0.480469 0.964844 0.476562 0.964844 0.476562 0.957031 0.472656 0.953125 0.468750 0.953125 0.464844 0.949219 0.457031 0.949219 0.453125 0.949219 0.449219 0.945312 0.445312 0.941406 0.445312 0.933594 0.441406 0.929688 0.445312 0.925781 0.445312 0.921875 0.449219 0.921875 0.457031 0.914062
0 0.144531 1.000000 0.144531 0.996094 0.140625 0.992188 0.140625 0.988281 0.136719 0.984375 0.136719 0.980469 0.125000 0.968750 0.121094 0.972656 0.117188 0.972656 0.113281 0.976562 0.109375 0.976562 0.101562 0.984375 0.097656 0.984375 0.093750 0.988281 0.082031 0.988281 0.078125 0.984375 0.070312 0.984375 0.066406 0.980469 0.066406 0.968750 0.062500 0.964844 0.062500 0.960938 0.058594 0.957031 0.058594 0.953125 0.054688 0.953125 0.050781 0.949219 0.039062 0.949219 0.035156 0.953125 0.023438 0.953125 0.015625 0.945312 0.015625 0.941406 0.003906 0.941406 0.000000 0.945312 0.000000 0.945312 0.000000 1.000000
0 0.109564 0.025410 0.109057 0.000091 0.046696 0.000253 0.046209 0.006700 0.042827 0.009067 0.041136 0.013971 0.036401 0.019552 0.036908 0.037416 0.039952 0.047225 0.042489 0.051791 0.043334 0.052129 0.046547 0.056695 0.047393 0.056695 0.050437 0.059232 0.050944 0.060923 0.051452 0.060923 0.053988 0.065150 0.059230 0.066841 0.072022 0.066841 0.076926 0.065489 0.076926 0.064812 0.082337 0.062275 0.084367 0.060415 0.085382 0.060415 0.085382 0.059570 0.086191 0.059570 0.087262 0.057561 0.090813 0.054517 0.097219 0.051954 0.100094 0.047055 0.102969 0.043843 0.106202 0.035746 0.107704 0.034034 0.109226 0.029130 0.109395 0.025410
0 0.199720 0.037924 0.199700 0.021750 0.193104 0.015324 0.187693 0.011773 0.187206 0.000422 0.128884 0.000422 0.128207 0.030483 0.131948 0.033358 0.142771 0.036402 0.146829 0.038431 0.150888 0.041813 0.155285 0.047732 0.174502 0.047732 0.178730 0.046718 0.191582 0.045534 0.196825 0.042828 0.199361 0.039446 0.199700 0.037924
0 0.548753 0.705626 0.538960 0.706052 0.534702 0.707755 0.531721 0.711161 0.530444 0.717548 0.530018 0.732876 0.527038 0.741391 0.524483 0.745223 0.522354 0.746075 0.520651 0.744798 0.516393 0.744372 0.507877 0.741817 0.505323 0.742243 0.501491 0.744372 0.497233 0.750333 0.492975 0.758849 0.489143 0.778009 0.489143 0.791208 0.490420 0.798021 0.492549 0.802279 0.498936 0.802704 0.501065 0.802279 0.503194 0.801001 0.509580 0.793763 0.518522 0.776732 0.520225 0.775029 0.524909 0.772900 0.531721 0.772474 0.535128 0.775029 0.538960 0.780564 0.545346 0.793337 0.547901 0.796743 0.553862 0.801853 0.557694 0.803982 0.568764 0.816329 0.569616 0.818458 0.574300 0.824845 0.580261 0.835490 0.585370 0.843154 0.592608 0.852947 0.597718 0.858482 0.603253 0.864017 0.615601 0.873810 0.632632 0.883603 0.638167 0.887861 0.642425 0.889564 0.646683 0.890416 0.648812 0.890416 0.653070 0.889138 0.660308 0.882326 0.664140 0.876365 0.664991 0.866998 0.666695 0.858482 0.669675 0.851670 0.669675 0.845283 0.665843 0.836767 0.658179 0.826122 0.654347 0.819736 0.651366 0.812923 0.648386 0.789079 0.646257 0.782693 0.639019 0.773325 0.635187 0.770345 0.627948 0.761829 0.621136 0.755017 0.612620 0.747778 0.605382 0.739263 0.601976 0.736708 0.593886 0.732876 0.582815 0.730321 0.579409 0.727766 0.571319 0.718825 0.566210 0.714993 0.564932 0.713290 0.562804 0.712438 0.561526 0.710735 0.557694 0.708180 0.553436 0.706477
0 0.819590 0.852073 0.815293 0.849925 0.810995 0.848850 0.806697 0.848850 0.805086 0.850462 0.802937 0.854759 0.800788 0.861743 0.800788 0.863892 0.799177 0.870338 0.799177 0.876785 0.799714 0.878934 0.802400 0.883231 0.806697 0.884843 0.819590 0.884843 0.822814 0.881620 0.825500 0.877322 0.826574 0.872487 0.827648 0.870338 0.832483 0.864966 0.834632 0.860669 0.835170 0.856371 0.824425 0.852611
