0 0.679688 0.933594 0.659375 0.937305 0.651562 0.928320 0.655859 0.918945 0.652344 0.894531 0.681641 0.909180
0 0.778125 0.718164 0.777269 0.718051 0.777166 0.718018 0.776053 0.717607 0.775949 0.717589 0.776562 0.716602 0.777458 0.720183 0.782422 0.723633 0.770313 0.735742 0.758594 0.732617 0.753987 0.728980 0.751172 0.726758 0.755698 0.717140 0.757422 0.713477 0.764453 0.711914 0.769977 0.711730 0.777734 0.717383 0.776187 0.717323
0 0.907603 0.360865 0.913757 0.355332 0.925391 0.354102 0.930994 0.355610 0.935547 0.356836 0.933927 0.362766 0.930658 0.367983 0.927734 0.377148 0.924030 0.377815 0.917969 0.378906 0.911719 0.377539 0.907813 0.371680 0.899609 0.370508 0.899574 0.370185 0.899538 0.369862 0.899455 0.369121 0.899438 0.368960 0.899359 0.368250 0.899315 0.367863 0.899287 0.367605 0.899269 0.367444 0.899265 0.367411 0.899219 0.366992 0.906250 0.363477
0 0.091797 0.813086 0.070312 0.812500 0.082813 0.796289 0.097656 0.785156 0.105859 0.796289 0.101562 0.804688
0 0.442739 1.000000 0.441223 0.998182 0.410156 0.984375 0.402344 1.000000
0 0.367641 0.349221 0.373984 0.350032 0.379812 0.352897 0.382727 0.354109 0.385225 0.355873 0.387522 0.357637 0.391673 0.361703 0.393760 0.363808 0.402298 0.371740 0.404070 0.374066 0.403223 0.374543 0.400005 0.374104 0.396838 0.373908 0.393500 0.373403 0.390366 0.373206 0.387036 0.373316 0.383695 0.373120 0.380536 0.373231 0.377187 0.374069 0.374129 0.375011 0.370850 0.375734 0.364413 0.375954 0.361116 0.375736 0.357955 0.375380 0.355040 0.374057 0.353166 0.371963 0.351085 0.369869 0.346505 0.366122 0.344840 0.363808 0.343175 0.361714 0.344423 0.359289 0.345880 0.356755 0.347087 0.354262 0.349211 0.352126 0.351085 0.350032 0.353375 0.348048 0.356289 0.347277 0.359412 0.346615 0.362589 0.346047
0 0.422423 0.195368 0.429039 0.195312 0.432455 0.195312 0.435761 0.195312 0.439177 0.195312 0.442484 0.195312 0.445900 0.195312 0.447994 0.197455 0.450198 0.199577 0.452514 0.201893 0.454386 0.204313 0.456260 0.206713 0.456811 0.209798 0.455158 0.212199 0.453284 0.214599 0.450970 0.216913 0.448876 0.219142 0.446451 0.221113 0.443145 0.221285 0.439839 0.221199 0.436532 0.221113 0.433227 0.220856 0.430030 0.220256 0.427165 0.218885 0.424300 0.217342 0.423638 0.214342 0.423528 0.211084 0.423528 0.207827 0.422977 0.204741 0.422536 0.201570 0.422205 0.198398 0.422423 0.195368
0 0.540936 0.063137 0.541977 0.067692 0.542100 0.070288 0.541854 0.072786 0.540514 0.074468 0.538542 0.075714 0.536051 0.076231 0.533528 0.076754 0.530834 0.076852 0.528139 0.076949 0.525568 0.076998 0.522874 0.076998 0.520180 0.076998 0.517486 0.076998 0.514915 0.076607 0.512956 0.075186 0.510996 0.073961 0.508914 0.072688 0.508547 0.070239 0.509895 0.068525 0.512466 0.067790 0.515037 0.067153 0.517486 0.066370 0.520058 0.065439 0.522507 0.064802 0.525078 0.064312 0.527772 0.064018 0.530344 0.063823 0.533037 0.063676 0.535609 0.063529 0.538304 0.063382 0.540936 0.063137
0 0.411763 0.010396 0.418347 0.011070 0.421759 0.011069 0.425096 0.011437 0.428362 0.012145 0.431685 0.012539 0.435213 0.012955 0.438565 0.012711 0.441259 0.014670 0.443137 0.017175 0.443953 0.020254 0.444933 0.023291 0.446280 0.026131 0.446892 0.029266 0.446035 0.032401 0.445055 0.035438 0.443219 0.037495 0.439790 0.037593 0.436239 0.037593 0.432810 0.037691 0.429381 0.037789 0.426565 0.036320 0.423460 0.034829 0.420810 0.032793 0.417993 0.030736 0.415177 0.028972 0.413340 0.026425 0.412972 0.023095 0.412605 0.019764 0.412556 0.016410 0.412433 0.012974 0.411763 0.010396
0 0.528069 0.000000 0.526889 0.002271 0.525533 0.005473 0.523523 0.008388 0.521515 0.011423 0.519774 0.014415 0.517877 0.015984 0.515091 0.014772 0.512028 0.013550 0.508779 0.012530 0.506013 0.011409 0.504881 0.008972 0.503007 0.006164 0.501341 0.003065 0.499756 0.000271 0.499664 0.000000
0 0.606782 0.042591 0.606987 0.045822 0.606191 0.049006 0.604759 0.051712 0.601097 0.057124 0.599505 0.059990 0.600142 0.063333 0.600938 0.066357 0.602211 0.069382 0.603803 0.072247 0.603962 0.074635 0.600620 0.075112 0.597277 0.075749 0.590750 0.076545 0.587407 0.076864 0.584860 0.078456 0.583745 0.081480 0.581995 0.084027 0.578652 0.084505 0.571806 0.084186 0.568463 0.083868 0.565439 0.082913 0.564484 0.079888 0.562573 0.070337 0.562414 0.066835 0.562573 0.063492 0.563369 0.060308 0.565598 0.058079 0.568623 0.056647 0.574512 0.054259 0.576900 0.051871 0.578970 0.049324 0.580880 0.046618 0.583307 0.044104 0.585814 0.042068 0.588487 0.040496 0.594411 0.037703 0.597595 0.037066 0.604425 0.036899
0 0.079802 0.167295 0.082619 0.168764 0.085680 0.169940 0.088497 0.171704 0.089599 0.174642 0.089844 0.178316 0.089844 0.192716 0.089599 0.196243 0.087395 0.198447 0.083966 0.198741 0.080538 0.199329 0.077606 0.200953 0.075271 0.203605 0.072615 0.205635 0.069639 0.206823 0.066210 0.207411 0.062904 0.208146 0.059843 0.209174 0.056291 0.209321 0.052863 0.209762 0.050781 0.208880 0.050781 0.186986 0.052985 0.186398 0.056291 0.187132 0.059843 0.187280 0.063271 0.187573 0.066700 0.188014 0.070006 0.188896 0.073435 0.188749 0.071721 0.185810 0.069639 0.182871 0.067680 0.180079 0.066578 0.176846 0.064986 0.173761 0.063761 0.170528 0.064129 0.167295 0.067190 0.165973 0.070496 0.165238 0.073734 0.164593
0 0.200952 0.039062 0.209382 0.039062 0.213570 0.039062 0.216325 0.040385 0.216325 0.044499 0.216546 0.048614 0.216656 0.052875 0.216656 0.056990 0.214672 0.060516 0.213240 0.064190 0.211696 0.067863 0.209823 0.071390 0.207398 0.074917 0.204754 0.077855 0.201888 0.080648 0.198802 0.082852 0.194835 0.083439 0.190939 0.083848 0.187302 0.084887 0.185974 0.082214 0.185577 0.078150 0.185357 0.074035 0.185247 0.069774 0.185137 0.065659 0.185195 0.061607 0.188186 0.059377 0.189433 0.055513 0.191593 0.052045 0.193909 0.048662 0.196157 0.045234 0.198141 0.041561 0.200952 0.039062
0 0.641433 0.283294 0.649123 0.283477 0.652486 0.282590 0.654396 0.283775 0.655839 0.290889 0.657109 0.294547 0.658675 0.301822 0.661613 0.303108 0.664062 0.304945 0.662985 0.307700 0.659556 0.308067 0.658577 0.310087 0.658865 0.313857 0.660340 0.317435 0.661418 0.321108 0.661907 0.324782 0.663866 0.327721 0.663654 0.331592 0.663452 0.338933 0.660440 0.338212 0.654117 0.337586 0.652344 0.335009 0.649548 0.332730 0.646400 0.330900 0.641048 0.326526 0.638691 0.323864 0.636143 0.321476 0.633009 0.320374 0.632812 0.316516 0.634760 0.313911 0.635359 0.310087 0.632812 0.304210 0.632812 0.300169 0.635751 0.297781 0.633302 0.295393 0.633400 0.291536 0.632797 0.287708 0.632910 0.284556 0.633547 0.282068
0 0.559500 0.429042 0.574219 0.414062 0.593750 0.433594 0.595714 0.443551 0.578125 0.453125 0.565150 0.446130 0.550931 0.442373
0 0.755469 0.815820 0.753906 0.799805 0.769531 0.777344 0.787891 0.788867 0.792969 0.808594 0.777344 0.824219 0.746484 0.826367
0 1.000000 0.069352 1.000000 0.011184 0.958890 0.011184 0.950414 0.014575 0.950484 0.016524 0.948735 0.018223 0.948109 0.020527 0.948418 0.033809 0.949662 0.037967 0.951341 0.039647 0.952832 0.040051 0.958890 0.046782
0 0.133941 0.225718 0.125432 0.235001 0.124658 0.238095 0.121564 0.242737 0.113829 0.242737 0.109187 0.238095 0.108413 0.235775 0.108413 0.223398 0.111508 0.215662 0.113055 0.214115 0.116149 0.213341 0.118470 0.211795 0.120790 0.211795 0.123884 0.212568 0.127752 0.215662 0.130073 0.216436 0.131620 0.218757
0 0.833234 0.108138 0.835555 0.117421 0.835555 0.119741 0.834008 0.125156 0.827819 0.132118 0.813895 0.132118 0.811575 0.131345 0.810028 0.129024 0.807707 0.129024 0.806160 0.123609 0.805386 0.115874 0.806933 0.113553 0.808480 0.107364 0.808480 0.105044 0.810801 0.104270 0.813895 0.101950 0.818537 0.101176 0.834008 0.101176
0 0.769029 0.337110 0.758199 0.337110 0.756652 0.335563 0.750464 0.332469 0.748143 0.330148 0.745049 0.329375 0.743502 0.327828 0.738087 0.327054 0.736540 0.325507 0.736540 0.318545 0.737313 0.316224 0.739634 0.315451 0.745049 0.311583 0.748143 0.310809 0.763614 0.311583 0.768255 0.313904 0.769803 0.315451 0.770576 0.320866 0.770576 0.330148
0 0.379931 0.696040 0.379931 0.708417 0.378384 0.710737 0.372196 0.716926 0.366781 0.720793 0.359819 0.722341 0.355177 0.722341 0.352857 0.720020 0.348989 0.712284 0.345895 0.707643 0.345121 0.692946 0.348215 0.683663 0.352083 0.679021 0.357498 0.677474 0.360592 0.677474 0.363686 0.679021 0.371422 0.685984 0.376837 0.688304
0 0.372196 0.915729 0.369875 0.924238 0.369102 0.930427 0.367554 0.933521 0.367554 0.935842 0.366007 0.940483 0.355951 0.940483 0.348215 0.937389 0.345121 0.934295 0.340480 0.928106 0.339706 0.925786 0.339706 0.915729 0.344348 0.913409 0.350536 0.913409 0.355951 0.911861 0.357498 0.910314 0.364460 0.910314 0.366781 0.911088
0 0.950814 0.853845 0.938438 0.862354 0.933796 0.864675 0.929155 0.864675 0.926834 0.865448 0.922193 0.865448 0.919872 0.864675 0.913684 0.860807 0.910590 0.853845 0.910590 0.846109 0.917552 0.839147 0.920646 0.838374 0.926834 0.835280 0.928381 0.832959 0.931476 0.830638 0.936891 0.828318 0.941532 0.829091 0.943079 0.830638 0.946947 0.838374 0.946947 0.843789 0.948494 0.845336
0 0.714107 0.728529 0.707145 0.728529 0.704824 0.727755 0.700183 0.725435 0.698636 0.723888 0.696315 0.723114 0.692447 0.720020 0.688579 0.718473 0.685485 0.714605 0.683164 0.713058 0.682391 0.708417 0.683164 0.706096 0.684712 0.704549 0.690900 0.701455 0.695541 0.699907 0.700956 0.699907 0.705598 0.701455 0.708692 0.705322 0.712560 0.713058 0.718748 0.717699 0.720295 0.722341 0.720295 0.724661
0 0.212254 0.543496 0.203409 0.543496 0.183950 0.525216 0.188078 0.515192 0.214613 0.529344
0 0.242916 0.606000 0.232302 0.593027 0.258248 0.583003 0.258248 0.603052
