0 0.846591 0.000000 0.824219 0.027344 0.820312 0.031250 0.828125 0.074219 0.828125 0.078125 0.816406 0.078125 0.812500 0.078125 0.796875 0.062500 0.792969 0.058594 0.777344 0.015625 0.777344 0.011719 0.763672 0.000000
0 1.000000 0.144531 1.000000 0.144531 0.996094 0.140625 0.988281 0.125000 0.984375 0.121094 0.945312 0.097656 0.941406 0.093750 0.937500 0.082031 0.937500 0.078125 0.960938 0.054688 0.964844 0.050781 1.000000 0.033203
0 0.589844 0.000000 0.558594 0.031250 0.554688 0.035156 0.496094 0.109375 0.492188 0.113281 0.468750 0.156250 0.468750 0.160156 0.460938 0.167969 0.457031 0.171875 0.449219 0.171875 0.445312 0.171875 0.406250 0.222656 0.402344 0.226562 0.371094 0.226562 0.367188 0.226562 0.339844 0.218750 0.335938 0.218750 0.277344 0.183594 0.273438 0.183594 0.269531 0.167969 0.269531 0.164062 0.277344 0.148438 0.277344 0.144531 0.316406 0.109375 0.320312 0.105469 0.347656 0.070312 0.351562 0.066406 0.363281 0.039062 0.363281 0.035156 0.392045 0.000000
0 0.355469 0.070312 0.394531 0.082031 0.398438 0.082031 0.414062 0.097656 0.417969 0.101562 0.437500 0.179688 0.437500 0.183594 0.433594 0.191406 0.433594 0.195312 0.406250 0.222656 0.402344 0.226562 0.347656 0.222656 0.343750 0.222656 0.269531 0.187500 0.265625 0.183594 0.265625 0.171875 0.265625 0.167969 0.281250 0.140625 0.281250 0.136719 0.300781 0.121094 0.304688 0.121094 0.335938 0.082031 0.339844 0.078125 0.355469 0.070312
0 0.381138 0.000000 0.347656 0.023438 0.343750 0.027344 0.265625 0.031250 0.261719 0.031250 0.238281 0.023438 0.234375 0.019531 0.246094 0.003906 0.250000 0.000000 0.250000 0.000000
0 0.170201 0.000000 0.234375 0.019531 0.238281 0.019531 0.253906 0.031250 0.257812 0.031250 0.261719 0.042969 0.265625 0.046875 0.265625 0.066406 0.265625 0.070312 0.226562 0.070312 0.222656 0.070312 0.132812 0.039062 0.128906 0.039062 0.121094 0.015625 0.121094 0.011719 0.128906 0.000000 0.128906 0.000000
0 0.011719 0.000000 0.035156 0.003906 0.039062 0.003906 0.046875 0.023438 0.046875 0.027344 0.023438 0.046875 0.019531 0.050781 0.003906 0.050781 0.000000 0.050781 0.000000 0.007812 0.000000 0.003906 0.011719 0.000000
0 0.296875 0.207031 0.312500 0.218750 0.316406 0.222656 0.328125 0.250000 0.332031 0.253906 0.332031 0.273438 0.332031 0.277344 0.281250 0.316406 0.281250 0.320312 0.253906 0.316406 0.250000 0.316406 0.234375 0.304688 0.230469 0.300781 0.242188 0.253906 0.242188 0.250000 0.265625 0.226562 0.269531 0.222656 0.296875 0.207031
0 0.390625 0.238281 0.394531 0.238281 0.398438 0.238281 0.460938 0.300781 0.464844 0.304688 0.468750 0.312500 0.468750 0.316406 0.457031 0.328125 0.457031 0.332031 0.433594 0.355469 0.429688 0.359375 0.382812 0.382812 0.378906 0.386719 0.332031 0.390625 0.328125 0.394531 0.269531 0.390625 0.265625 0.390625 0.261719 0.382812 0.257812 0.378906 0.273438 0.355469 0.277344 0.351562 0.285156 0.324219 0.285156 0.320312 0.324219 0.285156 0.328125 0.281250 0.390625 0.238281
0 0.050781 0.476562 0.074219 0.480469 0.078125 0.480469 0.082031 0.496094 0.082031 0.500000 0.074219 0.511719 0.074219 0.515625 0.050781 0.542969 0.046875 0.546875 0.003906 0.558594 0.000000 0.558594 0.000000 0.492188 0.000000 0.488281 0.050781 0.476562
0 0.222656 0.660156 0.238281 0.664062 0.242188 0.667969 0.281250 0.664062 0.285156 0.664062 0.335938 0.679688 0.339844 0.679688 0.359375 0.691406 0.363281 0.691406 0.386719 0.722656 0.390625 0.726562 0.390625 0.753906 0.390625 0.757812 0.382812 0.773438 0.382812 0.777344 0.378906 0.781250 0.375000 0.785156 0.296875 0.781250 0.292969 0.781250 0.234375 0.796875 0.230469 0.800781 0.183594 0.796875 0.179688 0.796875 0.156250 0.777344 0.152344 0.773438 0.152344 0.707031 0.152344 0.703125 0.164062 0.687500 0.167969 0.683594 0.187500 0.679688 0.191406 0.679688 0.222656 0.660156
0 0.945312 0.335938 1.000000 0.335938 1.000000 0.402344 0.996094 0.414062 0.996094 0.417969 0.980469 0.441406 0.980469 0.445312 0.933594 0.484375 0.929688 0.484375 0.906250 0.511719 0.902344 0.511719 0.902344 0.468750 0.902344 0.464844 0.925781 0.398438 0.929688 0.394531 0.933594 0.355469 0.933594 0.351562 0.945312 0.335938
0 0.789062 0.238281 0.808594 0.238281 0.812500 0.238281 0.832031 0.253906 0.835938 0.257812 0.839844 0.273438 0.843750 0.277344 0.843750 0.300781 0.843750 0.304688 0.804688 0.304688 0.800781 0.308594 0.796875 0.335938 0.796875 0.339844 0.824219 0.390625 0.828125 0.394531 0.828125 0.406250 0.832031 0.410156 0.773438 0.460938 0.769531 0.464844 0.742188 0.441406 0.738281 0.437500 0.742188 0.417969 0.746094 0.414062 0.738281 0.406250 0.734375 0.402344 0.734375 0.390625 0.734375 0.386719 0.742188 0.347656 0.742188 0.343750 0.773438 0.253906 0.773438 0.250000 0.789062 0.238281
0 0.835938 0.414062 0.871094 0.417969 0.875000 0.421875 0.871094 0.453125 0.867188 0.457031 0.871094 0.515625 0.871094 0.519531 0.867188 0.539062 0.863281 0.542969 0.863281 0.574219 0.863281 0.578125 0.855469 0.593750 0.855469 0.597656 0.847656 0.601562 0.843750 0.605469 0.750000 0.574219 0.746094 0.574219 0.722656 0.558594 0.718750 0.554688 0.722656 0.539062 0.722656 0.535156 0.742188 0.515625 0.746094 0.511719 0.773438 0.468750 0.773438 0.464844 0.835938 0.414062
0 0.804688 0.164062 0.832031 0.167969 0.835938 0.167969 0.843750 0.175781 0.847656 0.179688 0.847656 0.199219 0.847656 0.203125 0.832031 0.234375 0.832031 0.238281 0.808594 0.238281 0.804688 0.238281 0.792969 0.226562 0.789062 0.222656 0.785156 0.195312 0.785156 0.191406 0.804688 0.164062
0 0.902344 0.128906 0.917969 0.132812 0.921875 0.132812 0.945312 0.156250 0.949219 0.160156 0.949219 0.183594 0.945312 0.187500 0.898438 0.183594 0.894531 0.183594 0.890625 0.152344 0.890625 0.148438 0.902344 0.128906
0 0.554688 0.187500 0.574219 0.195312 0.578125 0.195312 0.625000 0.230469 0.628906 0.234375 0.589844 0.242188 0.585938 0.242188 0.578125 0.238281 0.574219 0.234375 0.542969 0.230469 0.539062 0.230469 0.535156 0.210938 0.535156 0.207031 0.554688 0.187500
0 0.554688 0.144531 0.570312 0.144531 0.574219 0.144531 0.585938 0.152344 0.589844 0.156250 0.589844 0.167969 0.589844 0.171875 0.578125 0.179688 0.574219 0.183594 0.574219 0.191406 0.574219 0.195312 0.605469 0.214844 0.609375 0.214844 0.625000 0.234375 0.625000 0.238281 0.578125 0.242188 0.574219 0.242188 0.539062 0.234375 0.535156 0.230469 0.531250 0.222656 0.531250 0.218750 0.542969 0.195312 0.542969 0.191406 0.527344 0.164062 0.527344 0.160156 0.554688 0.144531
0 0.906250 0.746094 0.917969 0.746094 0.921875 0.746094 0.960938 0.792969 0.964844 0.792969 0.972656 0.812500 0.976562 0.816406 0.972656 0.867188 0.972656 0.871094 0.964844 0.878906 0.960938 0.882812 0.933594 0.890625 0.929688 0.894531 0.906250 0.890625 0.902344 0.886719 0.898438 0.765625 0.898438 0.761719 0.906250 0.746094
0 0.531250 0.675781 0.542969 0.679688 0.546875 0.679688 0.562500 0.703125 0.566406 0.707031 0.546875 0.859375 0.546875 0.863281 0.515625 0.933594 0.511719 0.937500 0.497830 1.000000 0.341146 1.000000 0.351562 0.968750 0.355469 0.964844 0.355469 0.949219 0.355469 0.945312 0.382812 0.906250 0.386719 0.902344 0.390625 0.863281 0.390625 0.859375 0.402344 0.839844 0.402344 0.835938 0.480469 0.722656 0.480469 0.718750 0.511719 0.687500 0.515625 0.683594 0.531250 0.675781
0 0.000000 0.781250 0.003906 0.781250 0.007812 0.785156 0.031250 0.824219 0.031250 0.828125 0.062500 0.859375 0.066406 0.863281 0.097656 0.871094 0.101562 0.871094 0.136719 0.906250 0.140625 0.910156 0.152344 0.914062 0.156250 0.917969 0.171875 0.914062 0.175781 0.910156 0.218750 0.910156 0.222656 0.910156 0.265625 0.953125 0.269531 0.957031 0.279080 1.000000 0.000000 1.000000 0.000000 0.781250
0 0.703125 0.937500 0.730469 0.941406 0.734375 0.945312 0.769531 0.945312 0.773438 0.945312 0.777344 0.949219 0.781250 0.949219 0.781250 0.960938 0.781250 0.964844 0.765625 0.992188 0.765625 0.996094 0.759766 1.000000 0.686632 1.000000 0.679688 0.968750 0.679688 0.964844 0.703125 0.937500
0 1.000000 0.876302 0.996094 0.863281 0.992188 0.859375 0.988281 0.832031 0.988281 0.828125 1.000000 0.815104
0 0.742188 0.757812 0.757812 0.765625 0.761719 0.769531 0.800781 0.820312 0.804688 0.824219 0.839844 0.878906 0.843750 0.882812 0.843750 0.894531 0.843750 0.898438 0.792969 0.898438 0.789062 0.898438 0.753906 0.867188 0.750000 0.863281 0.738281 0.859375 0.734375 0.855469 0.730469 0.800781 0.730469 0.796875 0.722656 0.785156 0.718750 0.781250 0.722656 0.773438 0.722656 0.769531 0.742188 0.757812
0 0.835938 0.929688 0.855469 0.929688 0.859375 0.929688 0.867188 0.945312 0.867188 0.949219 0.847656 0.968750 0.843750 0.972656 0.828125 1.000000 0.828125 1.000000 0.811198 1.000000 0.777344 0.992188 0.773438 0.992188 0.769531 0.984375 0.769531 0.980469 0.781250 0.949219 0.781250 0.945312 0.835938 0.929688
0 0.710938 0.773438 0.722656 0.781250 0.726562 0.785156 0.726562 0.796875 0.730469 0.800781 0.722656 0.835938 0.722656 0.839844 0.699219 0.859375 0.695312 0.863281 0.660156 0.859375 0.656250 0.859375 0.632812 0.828125 0.632812 0.824219 0.644531 0.812500 0.648438 0.808594 0.679688 0.792969 0.683594 0.792969 0.695312 0.781250 0.695312 0.777344 0.710938 0.773438
0 0.593750 0.824219 0.617188 0.824219 0.621094 0.824219 0.671875 0.859375 0.671875 0.863281 0.613281 0.867188 0.609375 0.867188 0.585938 0.859375 0.582031 0.859375 0.578125 0.847656 0.578125 0.843750 0.593750 0.824219
0 0.125000 0.109375 0.140625 0.109375 0.144531 0.109375 0.171875 0.160156 0.171875 0.164062 0.156250 0.195312 0.156250 0.199219 0.144531 0.210938 0.140625 0.214844 0.113281 0.218750 0.109375 0.218750 0.093750 0.203125 0.089844 0.199219 0.082031 0.167969 0.082031 0.164062 0.097656 0.136719 0.097656 0.132812 0.125000 0.109375
0 0.031250 0.074219 0.039062 0.074219 0.042969 0.074219 0.058594 0.089844 0.062500 0.093750 0.078125 0.136719 0.082031 0.140625 0.085938 0.199219 0.085938 0.203125 0.078125 0.207031 0.074219 0.210938 0.054688 0.195312 0.050781 0.191406 0.015625 0.128906 0.011719 0.125000 0.011719 0.113281 0.011719 0.109375 0.031250 0.074219
0 0.093750 0.339844 0.101562 0.339844 0.103512 0.341793 0.105469 0.343750 0.113281 0.367188 0.117188 0.371094 0.117188 0.441406 0.113281 0.445312 0.097656 0.441406 0.093750 0.441406 0.070312 0.410156 0.066406 0.406250 0.066406 0.390625 0.066406 0.386719 0.078125 0.359375 0.078125 0.355469 0.093750 0.339844
0 0.156250 0.343750 0.203125 0.343750 0.207031 0.343750 0.222656 0.351562 0.226562 0.351562 0.250000 0.375000 0.253906 0.378906 0.253906 0.410156 0.253906 0.414062 0.222656 0.480469 0.222656 0.484375 0.210938 0.492188 0.207031 0.496094 0.183594 0.492188 0.179688 0.492188 0.148438 0.503906 0.144531 0.503906 0.144531 0.500000 0.140625 0.496094 0.132812 0.496094 0.128906 0.496094 0.117188 0.484375 0.113281 0.480469 0.117188 0.437500 0.121094 0.433594 0.117188 0.378906 0.117188 0.375000 0.132812 0.355469 0.136719 0.351562 0.156250 0.343750
0 0.492188 0.574219 0.531250 0.574219 0.535156 0.574219 0.550781 0.589844 0.550781 0.593750 0.546875 0.601562 0.542969 0.605469 0.519531 0.617188 0.515625 0.621094 0.476562 0.621094 0.472656 0.621094 0.464844 0.613281 0.460938 0.609375 0.460938 0.597656 0.457031 0.593750 0.460938 0.585938 0.464844 0.582031 0.492188 0.574219
0 0.460938 0.480469 0.488281 0.484375 0.492188 0.488281 0.496094 0.566406 0.496094 0.570312 0.484375 0.574219 0.480469 0.578125 0.464844 0.578125 0.460938 0.578125 0.460938 0.570312 0.457031 0.566406 0.453125 0.519531 0.453125 0.515625 0.445312 0.496094 0.445312 0.492188 0.460938 0.480469
0 0.453125 0.414062 0.492188 0.417969 0.496094 0.417969 0.511719 0.437500 0.511719 0.441406 0.445312 0.484375 0.441406 0.484375 0.417969 0.468750 0.414062 0.468750 0.414062 0.460938 0.410156 0.457031 0.437500 0.425781 0.437500 0.421875 0.453125 0.414062
0 0.695312 0.417969 0.726562 0.421875 0.730469 0.421875 0.734375 0.441406 0.734375 0.445312 0.753906 0.464844 0.757812 0.468750 0.746094 0.492188 0.746094 0.496094 0.730469 0.507812 0.726562 0.511719 0.699219 0.511719 0.695312 0.511719 0.691406 0.496094 0.691406 0.492188 0.679688 0.476562 0.675781 0.472656 0.675781 0.433594 0.675781 0.429688 0.695312 0.417969
0 0.707031 0.550781 0.726562 0.566406 0.730469 0.570312 0.718750 0.585938 0.714844 0.589844 0.687500 0.574219 0.683594 0.570312 0.691406 0.558594 0.695312 0.554688 0.707031 0.550781
0 0.554688 0.589844 0.589844 0.589844 0.593750 0.589844 0.621094 0.597656 0.625000 0.597656 0.628906 0.605469 0.628906 0.609375 0.609375 0.644531 0.609375 0.648438 0.597656 0.652344 0.593750 0.652344 0.570312 0.644531 0.566406 0.644531 0.542969 0.660156 0.539062 0.664062 0.523438 0.660156 0.519531 0.660156 0.511719 0.652344 0.507812 0.652344 0.507812 0.628906 0.507812 0.625000 0.554688 0.589844
0 0.566406 0.472656 0.597656 0.476562 0.601562 0.476562 0.617188 0.488281 0.621094 0.492188 0.593750 0.515625 0.589844 0.515625 0.546875 0.496094 0.542969 0.492188 0.546875 0.484375 0.550781 0.480469 0.566406 0.472656
0 0.759577 1.000000 0.759577 0.996743 0.765673 0.988615 0.769737 0.984550 0.774479 0.977777 0.775834 0.974390 0.778544 0.973712 0.782608 0.973712 0.788027 0.976422 0.794123 0.981841 0.806994 0.995389 0.811058 0.997421 0.813090 0.997421 0.816477 0.998776 0.824606 0.999453 0.825517 1.000000
0 0.732126 0.737433 0.779705 0.709208 0.799059 0.706789 0.845025 0.705982 0.848250 0.701950 0.849863 0.673726 0.843412 0.673726 0.838573 0.671307 0.826477 0.671307 0.803897 0.676145 0.790995 0.676952 0.754706 0.689854 0.721643 0.716466 0.720837 0.728562 0.723256 0.733401 0.725675 0.734207
0 0.720837 0.694693 0.713579 0.694693 0.706321 0.691467 0.705515 0.679371 0.709547 0.672920 0.734546 0.663243 0.760132 0.657659 0.808360 0.644312 0.813516 0.644772 0.819083 0.644756 0.822445 0.650340 0.823251 0.656791 0.819219 0.664855 0.794220 0.675339 0.758738 0.675339 0.740191 0.678564 0.734546 0.680984 0.724869 0.689048
0 0.741319 0.657311 0.741319 0.640559 0.743082 0.637033 0.746021 0.634094 0.747784 0.633212 0.757482 0.632919 0.759834 0.633506 0.768062 0.638209 0.771883 0.642029 0.777173 0.645555 0.777173 0.650258 0.775116 0.651727 0.769532 0.652315 0.765123 0.653784 0.753368 0.654960 0.743964 0.657017
0 0.638884 0.750374 0.622558 0.738945 0.619292 0.733230 0.617660 0.725067 0.609496 0.724251 0.601333 0.728332 0.593986 0.714455 0.593986 0.712006 0.600516 0.707108 0.611129 0.706291 0.616843 0.702210 0.622558 0.701393 0.648680 0.702210 0.649497 0.704659 0.647048 0.707924 0.643782 0.720986 0.645415 0.726700 0.645415 0.747925
0 0.685416 0.529145 0.674804 0.532411 0.655211 0.532411 0.645415 0.526696 0.640517 0.518533 0.638068 0.498941 0.651130 0.489961 0.659293 0.486695 0.672354 0.486695 0.693579 0.494043 0.707457 0.502206 0.711539 0.515268 0.710723 0.517716 0.691947 0.525064
0 0.153268 0.004663 0.144857 0.000780 0.144137 0.000000 0.191241 0.000000 0.190796 0.000134 0.188854 0.001427 0.177855 0.004663 0.160386 0.004663
0 0.246475 0.113551 0.241523 0.112451 0.238772 0.108600 0.236021 0.108049 0.230519 0.108600 0.228318 0.108049 0.226668 0.106399 0.225017 0.101447 0.225017 0.086042 0.227218 0.080540 0.228868 0.078889 0.229969 0.075588 0.232170 0.073938 0.233270 0.068436 0.235471 0.064034 0.240422 0.059633 0.250326 0.056882 0.256928 0.053581 0.269582 0.051380 0.270683 0.054131 0.270683 0.056332 0.274534 0.072287 0.278385 0.077239 0.281136 0.077789 0.283337 0.079439 0.283337 0.081640 0.284988 0.085492 0.284988 0.087693 0.281136 0.093194 0.279486 0.094295 0.276184 0.099796 0.274534 0.100897 0.270132 0.101447 0.260229 0.106949 0.258029 0.107499 0.251426 0.112451
0 0.156244 0.342979 0.146341 0.346280 0.144690 0.347380 0.136987 0.347931 0.133136 0.347380 0.132036 0.345180 0.128184 0.341329 0.125984 0.336377 0.125433 0.333626 0.121032 0.328674 0.119381 0.324823 0.118831 0.318771 0.118831 0.312719 0.121032 0.300064 0.122682 0.297864 0.127634 0.295113 0.134787 0.295113 0.143039 0.293462 0.177151 0.293462 0.179352 0.294013 0.179902 0.300615 0.182103 0.308317 0.182103 0.324823 0.178251 0.327574 0.175500 0.328124 0.169448 0.330875 0.167798 0.333626 0.167248 0.335827 0.168898 0.336927 0.167798 0.338578 0.163396 0.339678 0.161746 0.340778
0 0.173850 0.203782 0.201359 0.198280 0.204660 0.194979 0.207411 0.187276 0.207411 0.170771 0.213463 0.149313 0.211812 0.150964 0.205211 0.150964 0.201909 0.145462 0.198058 0.147112 0.187604 0.146562 0.186504 0.151514 0.183203 0.160317 0.181552 0.161418 0.174950 0.161418 0.172199 0.163618 0.170549 0.166919 0.168898 0.168570 0.168348 0.170771 0.169998 0.175172 0.169998 0.201581
0 0.225567 0.154815 0.230519 0.154815 0.242073 0.163068 0.245924 0.164718 0.255277 0.166369 0.260229 0.168020 0.264630 0.168020 0.266281 0.166919 0.267932 0.161968 0.267932 0.153164 0.266281 0.148763 0.265731 0.142161 0.252527 0.136659 0.247575 0.135559 0.245374 0.135559 0.242073 0.136659 0.238772 0.138860 0.231069 0.139410 0.225017 0.135559 0.215664 0.131157 0.210162 0.131157 0.204110 0.132257 0.193657 0.135009 0.191456 0.136659 0.189255 0.137209 0.189805 0.139410 0.193106 0.141611 0.195307 0.141611 0.201359 0.144362 0.206861 0.147663 0.220066 0.151514
0 0.003842 0.333626 0.014296 0.323172 0.015946 0.318771 0.015946 0.316020 0.013745 0.307767 0.010444 0.303366 0.004392 0.300064 0.001641 0.290711 0.000541 0.289061
0 0.014846 0.294013 0.010444 0.291261 0.008794 0.284659 0.008244 0.277507 0.008794 0.274206 0.010995 0.270354 0.014846 0.268704 0.028600 0.268704 0.033552 0.269804 0.035753 0.270905 0.037954 0.270905 0.039604 0.272005 0.042905 0.276957 0.046207 0.280258 0.047307 0.285209 0.048407 0.286860 0.047307 0.288511 0.045106 0.289061 0.035203 0.297314 0.030801 0.297314 0.029151 0.298414 0.021448 0.298414 0.019798 0.297314
0 0.006043 0.269804 0.001641 0.268154 0.000000 0.265953 0.000000 0.263202 0.000000 0.261001 0.000000 0.254949 0.000000 0.241195 0.000541 0.235693 0.000541 0.226339 0.001091 0.224139 0.002191 0.222488 0.004392 0.221938 0.006593 0.221938 0.008794 0.223038 0.010444 0.224689 0.011545 0.227440 0.012645 0.237343 0.024749 0.249447 0.034102 0.255499 0.036303 0.255499 0.037954 0.256600 0.039054 0.261001 0.037404 0.263202 0.034652 0.264302 0.028050 0.270354 0.025850 0.270354 0.020898 0.272005 0.009894 0.273105
0 0.018697 0.221388 0.024749 0.221388 0.030801 0.219187 0.039604 0.214235 0.041255 0.212585 0.042905 0.207083 0.048407 0.202681 0.050608 0.198280 0.050608 0.193328 0.043455 0.182325 0.039604 0.174622 0.036303 0.171871 0.034102 0.171321 0.024749 0.171321 0.020348 0.169670 0.000000 0.169670 0.000000 0.170771 0.001641 0.219187 0.003842 0.221388 0.008794 0.221388 0.013745 0.219737
0 0.133686 0.268704 0.074816 0.253298 0.095173 0.229641 0.113329 0.229641
0 0.067114 0.304466 0.110578 0.345180 0.114980 0.305016 0.114430 0.290161 0.092422 0.265403 0.066013 0.280808
0 0.067664 0.453566 0.040154 0.437611 0.061612 0.395797 0.090221 0.429909 0.073716 0.451366
0 0.012095 0.393046 0.013195 0.371589 0.045656 0.348481 0.050058 0.386444 0.033552 0.396897
0 0.145824 0.286029 0.180913 0.250941 0.166989 0.243143 0.165318 0.216966 0.145824 0.212511 0.123546 0.226991 0.116862 0.218080 0.112407 0.237574 0.133014 0.258738 0.131343 0.277675
0 0.149723 0.596255 0.173672 0.582889 0.170330 0.566737 0.140812 0.568965 0.139141 0.592914
0 0.147495 0.523851 0.151394 0.495446 0.195394 0.494889 0.215444 0.498788 0.218786 0.519395 0.203191 0.533876 0.203748 0.576762 0.193166 0.599597 0.166989 0.602382 0.160862 0.562838 0.141369 0.549471 0.140255 0.526079
0 0.133571 0.540560 0.117420 0.533319 0.087344 0.489320 0.104609 0.469269 0.123546 0.467598 0.131900 0.493218 0.143039 0.513269 0.139698 0.540560
0 0.742845 0.138739 0.736101 0.134243 0.730856 0.128997 0.730107 0.124501 0.727859 0.122253 0.727859 0.115509 0.730856 0.112512 0.737600 0.112512 0.739848 0.111013 0.745093 0.111013 0.748840 0.111762 0.754835 0.114760 0.754835 0.131245 0.754085 0.133493 0.754085 0.140237 0.748840 0.140987
0 1.000000 0.926404 0.992477 0.914093 0.998849 0.900287 1.000000 0.900616
0 0.959555 0.765415 0.985043 0.760105 0.955307 0.729307 0.926634 0.738865 0.936191 0.762229
0 0.838489 0.853560 0.878844 0.853560 0.888402 0.838692 0.878844 0.823825 0.832117 0.796213 0.829993 0.834444 0.832117 0.846126
0 0.863281 0.132812 0.875000 0.136719 0.878906 0.136719 0.882812 0.167969 0.882812 0.171875 0.878906 0.175781 0.875000 0.179688 0.855469 0.183594 0.851562 0.183594 0.851562 0.160156 0.851562 0.156250 0.863281 0.132812
0 0.605469 0.070312 0.738281 0.070312 0.742188 0.070312 0.757812 0.085938 0.761719 0.089844 0.761719 0.132812 0.761719 0.136719 0.750000 0.152344 0.750000 0.156250 0.683594 0.152344 0.679688 0.152344 0.621094 0.140625 0.617188 0.136719 0.570312 0.136719 0.566406 0.136719 0.550781 0.125000 0.546875 0.121094 0.550781 0.097656 0.550781 0.093750 0.605469 0.070312
0 0.585938 0.039062 0.597656 0.039062 0.601562 0.039062 0.605469 0.042969 0.609375 0.046875 0.609375 0.058594 0.609375 0.062500 0.582031 0.078125 0.578125 0.082031 0.558594 0.082031 0.554688 0.082031 0.550781 0.062500 0.550781 0.058594 0.585938 0.039062
0 0.714844 0.242188 0.761719 0.246094 0.765625 0.250000 0.757812 0.281250 0.757812 0.285156 0.746094 0.300781 0.742188 0.304688 0.730469 0.300781 0.726562 0.296875 0.726562 0.277344 0.726562 0.273438 0.718750 0.261719 0.714844 0.257812 0.714844 0.242188
0 1.000000 0.480469 1.000000 0.480469 0.984375 0.457031 0.980469 0.453125 0.996094 0.421875 1.000000 0.417969 1.000000 0.417969
0 1.000000 0.472656 1.000000 0.472656 0.996094 0.437500 0.996094 0.433594 1.000000 0.425781
0 0.945312 0.242188 0.953125 0.246094 0.957031 0.250000 0.968750 0.289062 0.972656 0.292969 0.968750 0.324219 0.968750 0.328125 0.960938 0.328125 0.957031 0.324219 0.957031 0.308594 0.953125 0.304688 0.960938 0.277344 0.960938 0.273438 0.953125 0.269531 0.949219 0.269531 0.941406 0.257812 0.937500 0.253906 0.945312 0.242188
0 0.000000 0.792969 0.074219 0.882812 0.078125 0.886719 0.109375 0.933594 0.109375 0.937500 0.128906 0.957031 0.132812 0.960938 0.152344 0.968750 0.156250 0.972656 0.156250 0.980469 0.156250 0.984375 0.146307 1.000000 0.000000 1.000000 0.000000 0.792969
0 0.901639 0.386806 0.909221 0.389649 0.909221 0.401969 0.914907 0.402917 0.918698 0.409550 0.918698 0.424714 0.913012 0.424714 0.903535 0.419975 0.895006 0.419975 0.893111 0.418080 0.893111 0.409550 0.881738 0.407655 0.877948 0.405760 0.876052 0.401969 0.876052 0.396283 0.881738 0.390597 0.881738 0.387754 0.890268 0.374486 0.896901 0.374486 0.898796 0.379225
0 0.898796 0.428504 0.900692 0.444615 0.895954 0.455987 0.871314 0.457882 0.871314 0.483470 0.870366 0.475888 0.863732 0.467359 0.862784 0.462621 0.862784 0.451249 0.866575 0.443667 0.866575 0.429452 0.859941 0.417132 0.859941 0.413341 0.861837 0.411446 0.884581 0.407655 0.886477 0.409550 0.886477 0.419975 0.890268 0.424714
0 0.487110 0.255550 0.487110 0.300402 0.476613 0.292768 0.459435 0.292768 0.459435 0.298494 0.451800 0.298494 0.438440 0.287996 0.438440 0.282270 0.445120 0.272727 0.459435 0.272727 0.460389 0.260321 0.489019 0.246961
0 0.602582 0.246961 0.595902 0.256504 0.554866 0.275590 0.551049 0.269864 0.528146 0.268910 0.528146 0.260321 0.535780 0.252687 0.545323 0.247915 0.557730 0.248870 0.572044 0.239326 0.611171 0.239326
0 0.363281 0.449219 0.378906 0.449219 0.382812 0.449219 0.394531 0.464844 0.398438 0.468750 0.425781 0.480469 0.429688 0.480469 0.437500 0.488281 0.441406 0.492188 0.445312 0.507812 0.449219 0.511719 0.449219 0.585938 0.449219 0.589844 0.441406 0.640625 0.441406 0.644531 0.429688 0.679688 0.429688 0.683594 0.406250 0.718750 0.402344 0.722656 0.394531 0.722656 0.390625 0.722656 0.359375 0.687500 0.355469 0.683594 0.343750 0.679688 0.339844 0.675781 0.289062 0.664062 0.285156 0.660156 0.246094 0.656250 0.242188 0.652344 0.281250 0.570312 0.285156 0.566406 0.281250 0.500000 0.281250 0.496094 0.304688 0.472656 0.308594 0.468750 0.363281 0.449219
