0 0.920679 0.975557 0.925149 0.973368 0.930504 0.964557 0.934739 0.964949 0.936930 0.967505 0.943450 0.967736 0.951919 0.973012 0.953329 0.971340 0.963047 0.963380 0.967462 0.965123 0.987253 0.965505 0.995423 0.967530 1.000000 0.967670 1.000000 1.000000 0.880265 1.000000 0.879117 0.999123 0.879979 0.994932 0.888427 0.989021 0.883348 0.984548 0.883411 0.979902 0.898567 0.975965 0.910394 0.975168 0.916754 0.976018
0 0.925264 0.880959 0.920874 0.879894 0.917824 0.876559 0.914341 0.877493 0.909379 0.876755 0.906552 0.877000 0.898295 0.876534 0.895112 0.870249 0.896040 0.866935 0.905846 0.864736 0.910884 0.863937 0.915118 0.858479 0.916125 0.858507 0.919341 0.857048 0.920863 0.855484 0.922842 0.854571 0.926909 0.853343 0.928529 0.851612 0.933325 0.849484 0.947227 0.850384 0.949303 0.851836 0.950565 0.854231 0.950851 0.855298 0.952127 0.856965 0.951697 0.863153 0.946641 0.862962 0.941146 0.863611 0.936805 0.866356 0.932456 0.872314 0.928529 0.876733
0 0.129405 0.526832 0.133260 0.522977 0.137616 0.525492 0.138609 0.527561 0.146360 0.533386 0.140617 0.540433 0.133509 0.545926 0.126857 0.559573 0.121963 0.563164 0.119308 0.562099 0.116932 0.555444 0.118028 0.548522 0.119229 0.543608 0.120296 0.534638 0.128743 0.529922
0 0.414688 1.000000 0.416825 0.991495 0.421578 0.991692 0.427795 0.989939 0.432192 0.986945 0.444230 0.987240 0.450320 0.989120 0.450620 0.991139 0.448144 0.996024 0.437018 0.998808 0.434966 1.000000
0 0.289464 0.835143 0.292617 0.835521 0.301441 0.833219 0.307850 0.833377 0.312437 0.834581 0.308286 0.840224 0.307524 0.842871 0.313492 0.845387 0.314077 0.840126 0.321682 0.840378 0.324456 0.843542 0.324300 0.850394 0.319287 0.853079 0.313916 0.852981 0.301561 0.848018 0.298134 0.842486 0.297854 0.846723 0.296176 0.852737 0.293829 0.855852 0.288647 0.856600 0.287831 0.852410 0.287534 0.843214 0.285427 0.837302
0 0.798180 0.048842 0.802879 0.044784 0.810636 0.037620 0.815568 0.035154 0.817582 0.033146 0.818359 0.024637 0.819143 0.019248 0.830204 0.013243 0.833743 0.014192 0.835753 0.016202 0.837780 0.014188 0.842535 0.013243 0.849898 0.018015 0.850555 0.019906 0.858430 0.026726 0.859832 0.026725 0.862515 0.026920 0.862515 0.030804 0.860133 0.031014 0.860545 0.034502 0.860122 0.038751 0.860222 0.038729 0.864324 0.038886 0.868425 0.038729 0.870367 0.039850 0.869195 0.043655 0.862566 0.046339 0.860029 0.046572 0.855535 0.049464 0.852746 0.047887 0.851059 0.044285 0.832678 0.048359 0.830044 0.051112 0.825471 0.053813 0.822646 0.057278 0.816519 0.057876 0.813276 0.057485 0.812515 0.058148 0.810027 0.058682 0.803468 0.057983 0.798504 0.058057 0.796261 0.055815 0.801823 0.053730 0.802421 0.052350 0.802854 0.051814
0 0.984735 0.395452 0.988487 0.390409 0.996744 0.394225 1.000000 0.393962 1.000000 0.401683 0.996639 0.403473 0.990831 0.403773
0 0.741334 0.387876 0.746145 0.382955 0.750831 0.378989 0.764787 0.373653 0.770077 0.366209 0.771784 0.361192 0.776995 0.358134 0.772848 0.355683 0.770479 0.355856 0.759769 0.354663 0.749920 0.348216 0.755209 0.346037 0.760199 0.342630 0.763254 0.341577 0.772202 0.337131 0.779523 0.341553 0.784261 0.341438 0.788641 0.343080 0.789747 0.346924 0.798752 0.352739 0.799122 0.357562 0.793992 0.362238 0.784126 0.365663 0.778478 0.368360 0.775330 0.371864 0.774920 0.377802 0.771715 0.386102 0.766173 0.386748 0.758636 0.386806 0.751100 0.390309 0.745932 0.392032
0 0.522401 0.223977 0.526095 0.219060 0.527178 0.219533 0.529528 0.218513 0.534021 0.217965 0.541053 0.220700 0.544840 0.223377 0.545729 0.223383 0.545925 0.226457 0.546510 0.227680 0.546811 0.231926 0.544568 0.234168 0.544492 0.234167 0.544038 0.238573 0.535539 0.239601 0.533743 0.236813 0.532157 0.234785 0.531314 0.230645 0.526716 0.229344 0.523621 0.226157
0 0.017462 0.489758 0.018982 0.489116 0.017546 0.488762 0.021792 0.484683 0.030089 0.484430 0.033972 0.482792 0.042356 0.483192 0.046159 0.490441 0.047509 0.494102 0.046821 0.496672 0.041078 0.499126 0.036107 0.497468 0.033941 0.496581 0.029034 0.495108 0.025201 0.493384 0.022939 0.492693 0.018571 0.491039
0 0.412400 0.560636 0.416408 0.565375 0.416591 0.556046 0.416951 0.549557 0.416916 0.545661 0.418989 0.541516 0.423239 0.537265 0.428017 0.536677 0.434381 0.536239 0.438596 0.531412 0.439932 0.527135 0.453025 0.520065 0.458579 0.517395 0.464532 0.520787 0.464585 0.526703 0.464940 0.533595 0.464299 0.537009 0.457820 0.544505 0.455520 0.552435 0.451943 0.554748 0.449319 0.560104 0.446886 0.564423 0.441486 0.568748 0.433764 0.575742 0.430450 0.578434 0.421864 0.580291 0.412268 0.583990 0.407059 0.583759 0.401302 0.583879 0.395123 0.582057 0.392245 0.578234 0.388147 0.573543 0.384000 0.559121 0.391109 0.552812 0.392080 0.552484 0.398608 0.551922 0.403277 0.551775 0.406664 0.556199 0.409496 0.556958
0 0.761282 0.425952 0.749502 0.430663 0.747241 0.435185 0.743472 0.433956 0.739160 0.433724 0.731984 0.432020 0.729225 0.429713 0.733416 0.421118 0.732843 0.412647 0.736755 0.411056 0.742267 0.410341 0.748266 0.414532 0.753120 0.415767 0.757641 0.418932 0.760911 0.422856
0 0.788875 0.254826 0.780577 0.258645 0.774324 0.245894 0.779014 0.232575 0.780469 0.224729 0.785764 0.221671 0.792008 0.219580 0.803339 0.218619 0.807994 0.219295 0.810232 0.229778 0.802668 0.237341 0.799745 0.238125 0.800326 0.241512 0.799580 0.251081 0.794285 0.254138
0 0.730439 0.745867 0.738513 0.741512 0.748940 0.736465 0.756014 0.733844 0.767280 0.732966 0.772868 0.727377 0.776750 0.722305 0.781812 0.724911 0.785002 0.730403 0.778550 0.736306 0.776427 0.736286 0.767038 0.740140 0.762095 0.744911 0.751686 0.745632 0.749996 0.748844 0.744002 0.752123 0.753389 0.751582 0.759790 0.749107 0.760945 0.753416 0.755652 0.757822 0.747326 0.762254 0.732968 0.764202 0.726261 0.770511 0.719897 0.770829 0.715889 0.772583 0.709919 0.773662 0.703176 0.777107 0.688310 0.780820 0.681957 0.779445 0.682379 0.773053 0.685079 0.769789 0.689871 0.766402 0.694268 0.758158 0.696723 0.754603 0.710943 0.753229 0.716913 0.751453 0.721530 0.748538 0.723106 0.745259 0.727416 0.746414
0 0.546281 0.753475 0.547098 0.752849 0.545577 0.750336 0.550571 0.750191 0.552042 0.749065 0.552959 0.747641 0.559249 0.740180 0.561346 0.739932 0.564010 0.740041 0.568129 0.738331 0.571698 0.736754 0.573207 0.736769 0.575655 0.734711 0.581452 0.735532 0.581737 0.736251 0.582234 0.736313 0.582071 0.738990 0.582343 0.739507 0.580098 0.745986 0.576746 0.748127 0.573937 0.752148 0.571009 0.758106 0.564725 0.759097 0.553514 0.758572 0.547288 0.756589
0 0.488931 0.720621 0.486782 0.721455 0.482290 0.721403 0.476381 0.724436 0.472720 0.727705 0.464528 0.724631 0.463979 0.711260 0.458759 0.709057 0.459880 0.707115 0.467251 0.706814 0.473307 0.709706 0.479837 0.711140 0.482599 0.713529 0.484671 0.713680 0.486417 0.712832 0.490519 0.713275 0.495741 0.714305 0.495736 0.714382 0.497355 0.713614 0.499296 0.717368 0.497942 0.718331 0.496913 0.719360 0.491368 0.720272
0 0.535986 0.585228 0.544968 0.585430 0.546734 0.591390 0.537762 0.598209 0.535062 0.602631 0.531186 0.604784 0.525415 0.604691 0.513155 0.602702 0.512479 0.602341 0.508301 0.602127 0.506203 0.601984 0.505382 0.598139 0.511748 0.596713 0.512805 0.595471 0.506509 0.592989 0.505660 0.588549 0.514501 0.586206 0.527797 0.584668 0.532104 0.585645
0 0.629685 0.584634 0.630052 0.585850 0.633137 0.588333 0.628636 0.590833 0.628207 0.590988 0.628123 0.590999 0.626938 0.593009 0.622742 0.592619 0.621825 0.591792 0.621173 0.591874 0.620680 0.589733 0.615855 0.589742 0.613316 0.590575 0.610203 0.589454 0.613316 0.585700 0.619682 0.585391 0.618534 0.580402 0.615074 0.580367 0.614437 0.580900 0.611703 0.581681 0.608640 0.580861 0.610582 0.577107 0.613707 0.575935 0.615815 0.575901 0.612644 0.571627 0.612970 0.567678 0.615313 0.565725 0.621316 0.564409 0.624688 0.560256 0.627321 0.560256 0.630005 0.566886 0.629968 0.570149 0.630473 0.570223 0.630945 0.569985 0.637926 0.569685 0.639868 0.570806 0.639777 0.578958 0.638656 0.580900 0.637535 0.581200 0.635746 0.580439
0 0.082508 0.792090 0.080523 0.790913 0.085206 0.788061 0.092302 0.782021 0.095081 0.776306 0.099854 0.770067 0.109870 0.764846 0.113209 0.761311 0.123712 0.752380 0.133130 0.748495 0.138566 0.745575 0.142585 0.739284 0.149011 0.736841 0.151996 0.734963 0.157861 0.734017 0.166220 0.728558 0.177919 0.726433 0.182495 0.720616 0.185655 0.713293 0.189137 0.708108 0.191827 0.708912 0.200982 0.710306 0.211033 0.725494 0.219754 0.736899 0.222831 0.739972 0.221416 0.748832 0.214123 0.748829 0.214098 0.749047 0.211737 0.749193 0.206659 0.748125 0.205881 0.748179 0.204020 0.747014 0.195020 0.741379 0.191716 0.738299 0.184671 0.739132 0.176204 0.740866 0.171653 0.743172 0.171502 0.748317 0.170064 0.753721 0.166531 0.761830 0.156993 0.760976 0.156330 0.757156 0.156488 0.749032 0.149762 0.752188 0.147683 0.754618 0.146616 0.766888 0.143284 0.770167 0.139241 0.772462 0.136336 0.773074 0.136184 0.776962 0.135220 0.779880 0.128641 0.778278 0.127621 0.775823 0.125803 0.774343 0.122949 0.773417 0.117036 0.777907 0.112803 0.779395 0.103799 0.784215 0.103071 0.786718 0.107744 0.790445 0.115234 0.793327 0.115752 0.792754 0.123683 0.792217 0.124886 0.798390 0.116209 0.799795 0.101736 0.796813 0.099849 0.795361 0.086753 0.792015
0 0.545251 0.964402 0.552845 0.964993 0.548678 0.969195 0.544477 0.978049 0.541479 0.978538 0.529331 0.972806 0.530277 0.967036
0 0.460665 0.870366 0.466393 0.865229 0.474497 0.868263 0.478871 0.870773 0.483552 0.875947 0.491323 0.887516 0.493825 0.891917 0.493825 0.899865 0.486303 0.899913 0.481808 0.893994 0.478658 0.890844 0.472232 0.882994 0.465585 0.879670 0.462989 0.878024 0.460863 0.873852
0 0.353163 0.772182 0.357757 0.771952 0.366645 0.773491 0.370571 0.773000 0.376852 0.774711 0.386798 0.769859 0.396567 0.772920 0.397630 0.777550 0.397490 0.785926 0.396567 0.790556 0.390719 0.795999 0.393970 0.799693 0.399724 0.806865 0.398589 0.810521 0.400852 0.811753 0.405466 0.818824 0.397268 0.821221 0.393684 0.820821 0.391687 0.818824 0.388023 0.813589 0.375886 0.813493 0.373873 0.810006 0.371745 0.804959 0.366560 0.799455 0.359739 0.791161 0.362372 0.783389 0.363762 0.782000 0.361148 0.780530 0.357037 0.778939 0.353900 0.778420 0.353200 0.775805
0 0.103309 0.683259 0.099376 0.676701 0.096832 0.675889 0.094984 0.675212 0.092705 0.671762 0.091429 0.670485 0.094409 0.667958 0.093617 0.666437 0.097630 0.665610 0.100390 0.666437 0.106671 0.666052 0.110321 0.668139 0.114312 0.663557 0.115312 0.663766 0.116808 0.663216 0.122616 0.663125 0.125000 0.665509 0.125184 0.665829 0.127967 0.666411 0.127917 0.667823 0.130078 0.669805 0.130326 0.672684 0.131550 0.676395 0.131941 0.680302 0.131714 0.680410 0.131783 0.680495 0.131991 0.685368 0.130149 0.684330 0.126194 0.683376 0.126099 0.683105 0.125452 0.683415 0.123004 0.681748 0.120508 0.680641 0.119945 0.681091 0.118959 0.682394 0.118750 0.684938 0.116366 0.687321 0.114073 0.687517 0.112897 0.687733 0.112352 0.688135 0.112007 0.687986 0.110609 0.687712 0.109912 0.687082 0.106913 0.685789
0 0.699076 0.581053 0.691380 0.581152 0.688321 0.577663 0.688106 0.571259 0.690088 0.567396 0.692058 0.567098 0.697053 0.564358 0.707314 0.559213 0.713503 0.558939 0.716932 0.559568 0.719884 0.561464 0.723421 0.574797 0.718734 0.575188 0.715423 0.582166 0.720232 0.584073 0.727487 0.588542 0.725346 0.592680 0.720484 0.591307 0.714205 0.590196 0.709468 0.588473 0.706409 0.584984 0.705821 0.580951 0.704027 0.579587
0 0.726304 0.549017 0.736384 0.543960 0.741454 0.543141 0.744314 0.549940 0.746696 0.553609 0.750053 0.554434 0.752046 0.556427 0.749569 0.561518 0.748807 0.562110 0.742573 0.566299 0.739857 0.566299 0.737409 0.566665 0.732186 0.566912 0.731450 0.563463 0.730959 0.563268 0.729611 0.563308 0.725138 0.561877 0.724955 0.553716 0.725030 0.552023
0 0.757860 0.556855 0.758539 0.546061 0.765929 0.540295 0.772896 0.538200 0.778111 0.534610 0.790893 0.534610 0.793708 0.538238 0.798096 0.548392 0.795765 0.552429 0.791923 0.553023 0.785314 0.556301 0.780094 0.556208 0.773760 0.560873 0.766636 0.556084 0.761045 0.557745
0 0.310658 0.446230 0.309654 0.439228 0.307409 0.434722 0.308336 0.432571 0.308627 0.429384 0.314680 0.427695 0.319870 0.427921 0.332649 0.427877 0.333751 0.426986 0.337046 0.422744 0.340924 0.418805 0.348023 0.419868 0.345616 0.432396 0.345637 0.433789 0.343604 0.440301 0.340350 0.442622 0.330948 0.448846 0.328798 0.451424 0.326049 0.451963 0.315635 0.456410 0.311407 0.452182 0.312663 0.449379 0.312048 0.449214
0 0.232375 0.298963 0.235453 0.297953 0.243898 0.295180 0.249918 0.295251 0.252205 0.295583 0.253829 0.297206 0.254091 0.300803 0.254231 0.309179 0.252205 0.313351 0.249395 0.313543 0.245536 0.313351 0.240685 0.309546 0.236305 0.307261 0.230424 0.302373 0.230727 0.301368
0 0.004717 0.267194 0.000425 0.267644 0.000000 0.260947 0.003430 0.257443 0.001020 0.254442 0.000000 0.251775 0.001915 0.248044 0.004247 0.247968 0.003769 0.238762 0.000650 0.234389 0.000845 0.231537 0.004642 0.230217 0.011208 0.226599 0.012093 0.222829 0.015894 0.218432 0.019579 0.217864 0.028524 0.217787 0.032898 0.219376 0.032566 0.226084 0.037476 0.232298 0.043903 0.236624 0.046417 0.241373 0.038954 0.247111 0.034584 0.247265 0.035086 0.248741 0.040413 0.249523 0.047522 0.253694 0.047927 0.256096 0.047264 0.262500 0.036184 0.263799 0.014042 0.263867
0 0.094910 0.253068 0.116011 0.257378 0.111677 0.262094 0.109825 0.266850 0.114538 0.267691 0.121758 0.278780 0.117482 0.282466 0.111225 0.283265 0.105516 0.290457 0.102089 0.295902 0.095314 0.303033 0.089145 0.302657 0.084153 0.294327 0.084484 0.290515 0.081713 0.285688 0.077795 0.286106 0.066954 0.278635 0.068604 0.277911 0.074234 0.272378 0.078719 0.272412 0.078686 0.263600 0.087413 0.259551 0.090862 0.255129
0 0.188839 0.039703 0.183711 0.035123 0.185785 0.033236 0.187084 0.032532 0.188112 0.030722 0.188908 0.026980 0.190863 0.025033 0.194523 0.023921 0.203220 0.024968 0.205954 0.029264 0.206460 0.033326 0.206222 0.037315 0.202844 0.039131 0.198739 0.039997 0.191557 0.040211
0 0.212985 0.081217 0.212821 0.086358 0.212595 0.088928 0.210653 0.090049 0.210295 0.089691 0.208114 0.089997 0.204063 0.089749 0.203300 0.089171 0.202789 0.089474 0.200395 0.089421 0.198925 0.093943 0.193910 0.095507 0.190218 0.095647 0.189761 0.086395 0.187585 0.081534 0.185631 0.078696 0.193518 0.075887 0.199032 0.076602 0.204366 0.076991 0.207978 0.078953 0.208070 0.079104 0.210602 0.080006 0.212128 0.081691
0 0.097994 0.195337 0.100038 0.192523 0.110116 0.184007 0.112990 0.176432 0.117143 0.169193 0.125063 0.163309 0.131231 0.157062 0.136012 0.154626 0.136318 0.148818 0.138104 0.147859 0.144464 0.148555 0.148941 0.154646 0.147095 0.158603 0.143200 0.164446 0.140576 0.165601 0.139534 0.168138 0.136409 0.172434 0.132568 0.175104 0.127775 0.179896 0.118093 0.184771 0.118336 0.187002 0.123974 0.191352 0.129864 0.191442 0.133584 0.194361 0.131342 0.196993 0.119456 0.196948 0.123518 0.203294 0.120209 0.204754 0.114917 0.204899 0.103163 0.198932 0.100417 0.198709
0 0.085611 0.124722 0.083136 0.116275 0.086731 0.112963 0.098455 0.107806 0.111597 0.108579 0.116843 0.113835 0.113786 0.120231 0.109120 0.122939 0.108895 0.124682 0.113966 0.128714 0.114494 0.129084 0.115717 0.129188 0.118400 0.129138 0.119612 0.130349 0.118791 0.133412 0.116075 0.133012 0.116356 0.133604 0.110508 0.134725 0.108247 0.133866 0.091254 0.129963 0.088827 0.128318
0 0.049593 0.154097 0.043579 0.154412 0.035988 0.153818 0.031607 0.153626 0.028657 0.151200 0.025796 0.145333 0.033632 0.143971 0.043366 0.143871 0.047243 0.143831 0.050384 0.144495 0.052478 0.143831 0.058759 0.143971 0.061309 0.144234 0.062408 0.150955 0.053450 0.153349
0 0.313307 0.000000 0.312027 0.000490 0.310893 0.001937 0.303384 0.003428 0.292925 0.003156 0.283366 0.004268 0.279177 0.005071 0.268839 0.009940 0.265327 0.010382 0.265468 0.003910 0.269816 0.000000
0 0.633579 0.333864 0.635923 0.333082 0.636589 0.324146 0.637540 0.321762 0.638267 0.316676 0.644907 0.315504 0.649033 0.317542 0.654111 0.320050 0.656078 0.322138 0.657798 0.323317 0.661475 0.323492 0.666001 0.323707 0.669584 0.321148 0.671470 0.319801 0.675900 0.320146 0.678616 0.323778 0.679673 0.325661 0.678111 0.328395 0.672251 0.330348 0.657798 0.336989 0.655395 0.338971 0.655194 0.339067 0.650336 0.341286 0.648360 0.342309 0.645941 0.345368 0.645559 0.345773 0.640832 0.350499 0.636246 0.352159 0.624527 0.352431 0.624480 0.350880 0.623560 0.340975 0.624952 0.339364
0 1.000000 0.586126 0.996389 0.585031 0.987368 0.589501 0.987414 0.596256 0.984661 0.611764 0.979822 0.615859 0.974867 0.615787 0.970250 0.618037 0.960727 0.617959 0.954090 0.621500 0.948607 0.617959 0.936274 0.617593 0.932887 0.612420 0.930445 0.610032 0.929656 0.605781 0.925827 0.601375 0.922365 0.596181 0.917748 0.581903 0.930233 0.571726 0.932419 0.567809 0.932414 0.562968 0.929348 0.561611 0.928136 0.555355 0.935911 0.553198 0.943988 0.549891 0.947817 0.546062 0.952843 0.543644 0.957051 0.538560 0.965691 0.536952 0.970250 0.534653 0.974580 0.535462 0.983482 0.535374 0.987062 0.531634 0.993820 0.528062 0.996873 0.524131 1.000000 0.524084
0 0.440730 0.974344 0.434926 0.972770 0.433088 0.976346 0.429279 0.979302 0.426663 0.982581 0.419344 0.983360 0.415004 0.987057 0.408969 0.983286 0.407984 0.982421 0.406226 0.975440 0.406421 0.970804 0.411098 0.967339 0.413868 0.968066 0.416405 0.965673 0.418699 0.965068 0.425682 0.962657 0.427287 0.962682 0.431980 0.959137 0.436379 0.956877 0.436082 0.951856 0.438896 0.947108 0.442036 0.947314 0.450322 0.946837 0.454146 0.948939 0.447468 0.961977 0.443755 0.963602 0.445852 0.966796 0.443163 0.969646
0 0.090781 0.875858 0.088781 0.878750 0.088658 0.879036 0.088070 0.882827 0.087949 0.883109 0.080731 0.891235 0.079052 0.898548 0.075157 0.899233 0.072437 0.899615 0.072246 0.899579 0.068231 0.898657 0.067840 0.897094 0.064715 0.892797 0.060832 0.886156 0.054087 0.877593 0.057293 0.867797 0.061981 0.867016 0.082673 0.863288 0.083079 0.863220 0.087063 0.864282 0.087409 0.864495 0.089377 0.865993 0.089716 0.866225 0.093102 0.867741 0.091278 0.872875
0 0.172880 0.869631 0.178564 0.876127 0.179809 0.876560 0.183952 0.882327 0.183870 0.894379 0.174412 0.893380 0.173938 0.893200 0.165797 0.886464 0.154587 0.883099 0.147643 0.870852 0.150271 0.867821 0.149234 0.866866 0.159547 0.866542 0.170011 0.866984
0 0.233220 0.000000 0.223280 0.003054 0.210765 0.006107 0.207568 0.006590 0.201421 0.008510 0.194977 0.008323 0.189446 0.001171 0.189018 0.000735 0.189539 0.000000
0 0.232199 0.129296 0.240271 0.126888 0.249583 0.126310 0.253240 0.124546 0.252444 0.119048 0.259018 0.110291 0.276406 0.113684 0.284531 0.117055 0.290551 0.115912 0.291132 0.115629 0.293282 0.116958 0.294988 0.117492 0.298080 0.121479 0.298843 0.121777 0.297957 0.126074 0.297631 0.128975 0.297949 0.129771 0.301108 0.130170 0.305907 0.135598 0.303911 0.138220 0.295246 0.138172 0.290936 0.135864 0.288203 0.131795 0.283128 0.135702 0.274716 0.133848 0.272995 0.134761 0.282057 0.144052 0.282546 0.148536 0.280301 0.157539 0.272494 0.164221 0.262796 0.163707 0.256130 0.160593 0.250157 0.160254 0.238268 0.154884 0.234317 0.150205 0.231704 0.143830 0.229574 0.135845
0 0.827224 0.663542 0.830496 0.661051 0.834141 0.658692 0.837656 0.656374 0.841255 0.654349 0.842977 0.653150 0.844366 0.650974 0.845822 0.648016 0.846844 0.645120 0.847533 0.641929 0.848486 0.639445 0.850264 0.637597 0.853218 0.635884 0.856430 0.634407 0.859658 0.633361 0.863307 0.632705 0.868789 0.632282 0.874877 0.631988 0.881486 0.631566 0.887912 0.631130 0.893724 0.631194 0.899771 0.631847 0.905755 0.632836 0.910985 0.633789 0.915086 0.634678 0.918982 0.635693 0.922887 0.636598 0.926211 0.637502 0.929204 0.639051 0.932441 0.641029 0.935011 0.642595 0.936900 0.644458 0.937472 0.646141 0.936235 0.648482 0.933114 0.649952 0.928497 0.651396 0.925226 0.652270 0.923184 0.653561 0.921761 0.655871 0.921668 0.656013 0.921573 0.656153 0.917733 0.659986 0.916653 0.661063 0.915481 0.666141 0.915596 0.669487 0.915587 0.669662 0.914952 0.672769 0.914247 0.674562 0.912638 0.675281 0.910039 0.673973 0.908450 0.673173 0.902981 0.672001 0.899856 0.673563 0.896161 0.676382 0.895904 0.676554 0.891596 0.679007 0.891347 0.679800 0.888035 0.680600 0.883555 0.682723 0.880359 0.684623 0.876591 0.687343 0.872880 0.689820 0.870254 0.692321 0.868325 0.694322 0.866597 0.695351 0.864296 0.695752 0.861116 0.695464 0.859024 0.694375 0.858305 0.693267 0.858910 0.691326 0.859839 0.688458 0.859861 0.685754 0.858389 0.683828 0.853901 0.681598 0.848627 0.679628 0.843563 0.678120 0.838037 0.676589 0.832881 0.675618 0.827708 0.675014 0.823868 0.674390 0.821587 0.673076 0.820588 0.671609 0.820819 0.670008 0.821863 0.668126 0.823950 0.665913
0 0.568630 0.940043 0.570150 0.936904 0.572289 0.934722 0.576198 0.932516 0.579907 0.930549 0.583571 0.928202 0.587320 0.925280 0.591306 0.921752 0.596005 0.917903 0.601514 0.914945 0.607918 0.912646 0.614335 0.911109 0.620221 0.910267 0.625736 0.910207 0.631795 0.910501 0.637720 0.911134 0.642668 0.912113 0.647185 0.913429 0.651509 0.915389 0.655126 0.917623 0.658259 0.920284 0.660347 0.923018 0.661506 0.925907 0.661811 0.928773 0.661698 0.931655 0.660872 0.934528 0.659646 0.937574 0.657429 0.941058 0.654712 0.944254 0.651823 0.947198 0.649268 0.949811 0.646287 0.953799 0.643826 0.956729 0.640866 0.959209 0.637512 0.960898 0.635892 0.961756 0.633893 0.963362 0.631807 0.966814 0.631533 0.968620 0.633296 0.977632 0.632319 0.983412 0.623424 0.987859 0.623242 0.988107 0.620798 0.991707 0.618814 0.995225 0.617739 0.997466 0.617632 0.997757 0.617092 1.000000 0.552810 1.000000 0.552886 0.997043 0.552261 0.992166 0.550575 0.986700 0.549832 0.982237 0.550931 0.978442 0.554561 0.973347 0.557718 0.968662 0.562054 0.963114 0.564689 0.958356 0.565982 0.952808 0.566630 0.947859 0.567469 0.943869
0 0.660156 0.167969 0.699219 0.171875 0.703125 0.175781 0.699219 0.179688 0.695312 0.183594 0.671875 0.183594 0.667969 0.183594 0.660156 0.167969
