0 0.000000 0.000000 0.010417 0.000000 0.007812 0.007812 0.007812 0.011719 0.000000 0.016406
0 0.062500 0.859375 0.078125 0.859375 0.082031 0.859375 0.093750 0.871094 0.097656 0.875000 0.101562 0.890625 0.105469 0.894531 0.117188 0.964844 0.121094 0.968750 0.123326 1.000000 0.062500 1.000000 0.062500 0.996094 0.062500 0.992188 0.046875 0.964844 0.042969 0.960938 0.042969 0.921875 0.042969 0.917969 0.054688 0.867188 0.054688 0.863281 0.062500 0.859375
0 0.796875 0.000000 0.796875 0.011719 0.800781 0.015625 0.796875 0.042969 0.796875 0.046875 0.777344 0.054688 0.773438 0.058594 0.714844 0.062500 0.710938 0.062500 0.683594 0.042969 0.679688 0.039062 0.652344 0.035156 0.648438 0.035156 0.608259 0.000000
0 0.011719 0.050781 0.031250 0.050781 0.035156 0.050781 0.089844 0.070312 0.093750 0.070312 0.148438 0.097656 0.152344 0.097656 0.171875 0.121094 0.175781 0.125000 0.175781 0.152344 0.175781 0.156250 0.148438 0.171875 0.144531 0.175781 0.007812 0.125000 0.003906 0.125000 0.000000 0.120117 0.000000 0.085938 0.000000 0.085938 0.011719 0.050781
0 0.925781 0.835938 0.941406 0.835938 0.945312 0.835938 0.957031 0.843750 0.960938 0.847656 0.964844 0.859375 0.968750 0.863281 0.960938 0.878906 0.960938 0.882812 0.925781 0.914062 0.921875 0.917969 0.886719 0.921875 0.882812 0.925781 0.855469 0.921875 0.851562 0.921875 0.847656 0.902344 0.847656 0.898438 0.867188 0.871094 0.871094 0.867188 0.875000 0.851562 0.875000 0.847656 0.910156 0.843750 0.914062 0.843750 0.925781 0.835938
0 0.832031 0.718750 0.863281 0.718750 0.867188 0.718750 0.914062 0.765625 0.917969 0.765625 0.929688 0.789062 0.933594 0.792969 0.933594 0.824219 0.929688 0.828125 0.910156 0.832031 0.906250 0.835938 0.863281 0.835938 0.859375 0.835938 0.796875 0.804688 0.792969 0.804688 0.781250 0.792969 0.777344 0.789062 0.765625 0.765625 0.761719 0.761719 0.765625 0.738281 0.765625 0.734375 0.808594 0.734375 0.812500 0.734375 0.832031 0.718750
0 0.953125 0.894531 0.992188 0.898438 0.996094 0.898438 0.996094 0.964844 0.996094 0.968750 0.972656 0.968750 0.968750 0.968750 0.949219 0.960938 0.945312 0.960938 0.933594 0.949219 0.929688 0.945312 0.921875 0.921875 0.921875 0.917969 0.953125 0.894531
0 0.578125 0.855469 0.601562 0.855469 0.605469 0.855469 0.628906 0.867188 0.632812 0.867188 0.636719 0.875000 0.640625 0.878906 0.644531 0.894531 0.644531 0.898438 0.640625 0.914062 0.636719 0.917969 0.636719 0.953125 0.632812 0.957031 0.585938 0.968750 0.582031 0.968750 0.558594 0.949219 0.554688 0.945312 0.539062 0.910156 0.535156 0.906250 0.539062 0.878906 0.539062 0.875000 0.542969 0.871094 0.542969 0.867188 0.578125 0.855469
0 0.000000 1.000000 0.000000 0.968750 0.023438 0.968750 0.027344 0.968750 0.042969 0.976562 0.046875 0.976562 0.054688 0.992188 0.058594 0.996094 0.057478 1.000000
0 0.437500 0.078125 0.457031 0.082031 0.460938 0.085938 0.457031 0.101562 0.457031 0.105469 0.308594 0.234375 0.304688 0.238281 0.250000 0.242188 0.246094 0.242188 0.218750 0.234375 0.214844 0.234375 0.207031 0.226562 0.203125 0.226562 0.199219 0.214844 0.195312 0.210938 0.195312 0.164062 0.195312 0.160156 0.207031 0.136719 0.210938 0.132812 0.234375 0.128906 0.238281 0.125000 0.292969 0.125000 0.296875 0.125000 0.312500 0.136719 0.316406 0.140625 0.332031 0.140625 0.335938 0.140625 0.351562 0.132812 0.355469 0.132812 0.406250 0.093750 0.410156 0.089844 0.437500 0.078125
0 0.566406 0.000000 0.585938 0.019531 0.589844 0.023438 0.546875 0.085938 0.542969 0.089844 0.480469 0.093750 0.476562 0.093750 0.441406 0.078125 0.437500 0.074219 0.429688 0.050781 0.425781 0.046875 0.429688 0.007812 0.429688 0.003906 0.432292 0.000000
0 0.378906 0.195312 0.402344 0.203125 0.406250 0.207031 0.433594 0.261719 0.433594 0.265625 0.453125 0.285156 0.457031 0.289062 0.460938 0.289062 0.464844 0.289062 0.492188 0.265625 0.496094 0.261719 0.503906 0.238281 0.503906 0.234375 0.527344 0.214844 0.531250 0.210938 0.550781 0.210938 0.554688 0.210938 0.562500 0.222656 0.566406 0.226562 0.562500 0.351562 0.562500 0.355469 0.546875 0.378906 0.546875 0.382812 0.500000 0.429688 0.500000 0.433594 0.488281 0.437500 0.484375 0.441406 0.445312 0.441406 0.441406 0.441406 0.410156 0.429688 0.406250 0.425781 0.386719 0.433594 0.382812 0.437500 0.304688 0.433594 0.300781 0.433594 0.277344 0.406250 0.273438 0.402344 0.238281 0.335938 0.238281 0.332031 0.222656 0.312500 0.218750 0.308594 0.218750 0.300781 0.218750 0.296875 0.230469 0.285156 0.234375 0.281250 0.250000 0.250000 0.250000 0.246094 0.265625 0.242188 0.269531 0.242188 0.320312 0.250000 0.324219 0.250000 0.335938 0.230469 0.335938 0.226562 0.355469 0.222656 0.359375 0.222656 0.378906 0.195312
0 0.628906 0.042969 0.636719 0.042969 0.640625 0.042969 0.679688 0.070312 0.683594 0.074219 0.726562 0.082031 0.730469 0.082031 0.710938 0.097656 0.707031 0.101562 0.707031 0.121094 0.707031 0.125000 0.718750 0.160156 0.718750 0.164062 0.742188 0.191406 0.746094 0.195312 0.746094 0.214844 0.750000 0.218750 0.746094 0.246094 0.742188 0.250000 0.742188 0.289062 0.742188 0.292969 0.734375 0.300781 0.730469 0.304688 0.726562 0.324219 0.722656 0.328125 0.722656 0.363281 0.722656 0.367188 0.667969 0.406250 0.664062 0.410156 0.652344 0.410156 0.648438 0.410156 0.640625 0.402344 0.636719 0.398438 0.605469 0.343750 0.601562 0.339844 0.601562 0.257812 0.601562 0.253906 0.582031 0.218750 0.578125 0.214844 0.578125 0.195312 0.578125 0.191406 0.593750 0.160156 0.597656 0.156250 0.605469 0.121094 0.609375 0.117188 0.617188 0.054688 0.617188 0.050781 0.628906 0.042969
0 0.789062 0.347656 0.800781 0.351562 0.804688 0.355469 0.832031 0.417969 0.832031 0.421875 0.859375 0.453125 0.863281 0.457031 0.855469 0.519531 0.851562 0.523438 0.855469 0.605469 0.855469 0.609375 0.835938 0.656250 0.832031 0.660156 0.816406 0.722656 0.812500 0.726562 0.792969 0.726562 0.789062 0.726562 0.753906 0.703125 0.750000 0.699219 0.734375 0.671875 0.730469 0.667969 0.718750 0.625000 0.714844 0.621094 0.718750 0.554688 0.718750 0.550781 0.746094 0.476562 0.750000 0.472656 0.750000 0.449219 0.750000 0.445312 0.738281 0.421875 0.734375 0.417969 0.738281 0.390625 0.738281 0.386719 0.746094 0.375000 0.750000 0.371094 0.789062 0.347656
0 0.714844 0.378906 0.734375 0.378906 0.738281 0.378906 0.746094 0.433594 0.746094 0.437500 0.722656 0.480469 0.722656 0.484375 0.710938 0.496094 0.707031 0.500000 0.699219 0.500000 0.695312 0.503906 0.671875 0.476562 0.667969 0.472656 0.664062 0.453125 0.664062 0.449219 0.671875 0.421875 0.671875 0.417969 0.679688 0.410156 0.679688 0.406250 0.714844 0.378906
0 0.851562 0.441406 0.882812 0.445312 0.886719 0.445312 0.992188 0.476562 0.996094 0.476562 0.996094 0.523438 0.996094 0.527344 0.914062 0.527344 0.910156 0.527344 0.890625 0.515625 0.886719 0.515625 0.867188 0.500000 0.863281 0.500000 0.851562 0.480469 0.847656 0.476562 0.843750 0.453125 0.843750 0.449219 0.851562 0.441406
0 0.519531 0.433594 0.558594 0.433594 0.562500 0.433594 0.589844 0.453125 0.593750 0.457031 0.593750 0.472656 0.593750 0.476562 0.570312 0.496094 0.566406 0.500000 0.550781 0.523438 0.550781 0.527344 0.535156 0.531250 0.531250 0.535156 0.496094 0.527344 0.492188 0.527344 0.480469 0.519531 0.476562 0.519531 0.464844 0.503906 0.460938 0.500000 0.464844 0.476562 0.464844 0.472656 0.519531 0.433594
0 0.648438 0.597656 0.667969 0.597656 0.671875 0.597656 0.707031 0.617188 0.710938 0.621094 0.726562 0.671875 0.730469 0.675781 0.726562 0.695312 0.726562 0.699219 0.699219 0.703125 0.695312 0.703125 0.648438 0.683594 0.644531 0.679688 0.636719 0.648438 0.636719 0.644531 0.625000 0.625000 0.625000 0.621094 0.628906 0.609375 0.628906 0.605469 0.648438 0.597656
0 0.527344 0.425781 0.550781 0.425781 0.554688 0.425781 0.609375 0.457031 0.613281 0.460938 0.636719 0.453125 0.640625 0.453125 0.671875 0.488281 0.675781 0.492188 0.679688 0.507812 0.679688 0.511719 0.664062 0.507812 0.660156 0.503906 0.652344 0.507812 0.648438 0.511719 0.644531 0.546875 0.644531 0.550781 0.613281 0.582031 0.613281 0.585938 0.632812 0.597656 0.636719 0.601562 0.656250 0.597656 0.660156 0.597656 0.691406 0.605469 0.695312 0.605469 0.707031 0.625000 0.710938 0.628906 0.714844 0.648438 0.718750 0.652344 0.722656 0.679688 0.726562 0.683594 0.722656 0.695312 0.718750 0.699219 0.699219 0.699219 0.695312 0.699219 0.660156 0.683594 0.656250 0.683594 0.632812 0.636719 0.628906 0.632812 0.539062 0.585938 0.535156 0.585938 0.515625 0.546875 0.515625 0.542969 0.503906 0.531250 0.500000 0.527344 0.468750 0.511719 0.464844 0.507812 0.460938 0.480469 0.460938 0.476562 0.500000 0.441406 0.503906 0.437500 0.527344 0.425781
0 0.632812 0.027344 0.644531 0.027344 0.648438 0.027344 0.695312 0.066406 0.699219 0.070312 0.746094 0.078125 0.750000 0.082031 0.773438 0.078125 0.777344 0.078125 0.792969 0.085938 0.796875 0.089844 0.796875 0.109375 0.796875 0.113281 0.785156 0.136719 0.781250 0.140625 0.777344 0.175781 0.777344 0.179688 0.757812 0.191406 0.753906 0.195312 0.753906 0.238281 0.753906 0.242188 0.796875 0.246094 0.800781 0.246094 0.804688 0.250000 0.808594 0.253906 0.816406 0.289062 0.816406 0.292969 0.796875 0.312500 0.792969 0.316406 0.781250 0.320312 0.777344 0.320312 0.718750 0.375000 0.714844 0.378906 0.671875 0.406250 0.667969 0.410156 0.652344 0.410156 0.648438 0.410156 0.609375 0.351562 0.605469 0.347656 0.601562 0.265625 0.601562 0.261719 0.578125 0.218750 0.574219 0.214844 0.574219 0.195312 0.574219 0.191406 0.589844 0.167969 0.593750 0.164062 0.593750 0.152344 0.597656 0.148438 0.613281 0.050781 0.613281 0.046875 0.632812 0.027344
0 0.910156 0.531250 0.992188 0.535156 0.996094 0.535156 0.996094 0.660156 0.996094 0.664062 0.980469 0.660156 0.976562 0.660156 0.945312 0.628906 0.941406 0.625000 0.917969 0.617188 0.914062 0.617188 0.906250 0.609375 0.902344 0.605469 0.894531 0.570312 0.894531 0.566406 0.910156 0.531250
0 0.933594 0.195312 0.968750 0.195312 0.972656 0.195312 0.992188 0.203125 0.996094 0.203125 0.996094 0.292969 0.996094 0.296875 0.941406 0.304688 0.937500 0.308594 0.871094 0.296875 0.867188 0.296875 0.835938 0.261719 0.832031 0.257812 0.832031 0.238281 0.832031 0.234375 0.843750 0.226562 0.847656 0.222656 0.871094 0.230469 0.875000 0.230469 0.933594 0.195312
0 0.476562 0.675781 0.523438 0.675781 0.527344 0.675781 0.550781 0.683594 0.554688 0.687500 0.554688 0.703125 0.554688 0.707031 0.531250 0.742188 0.527344 0.746094 0.503906 0.746094 0.500000 0.746094 0.476562 0.726562 0.472656 0.722656 0.468750 0.691406 0.468750 0.687500 0.476562 0.675781
0 0.871094 0.128906 0.898438 0.132812 0.902344 0.132812 0.906250 0.144531 0.910156 0.148438 0.910156 0.167969 0.910156 0.171875 0.902344 0.203125 0.902344 0.207031 0.890625 0.214844 0.886719 0.218750 0.867188 0.222656 0.863281 0.222656 0.835938 0.210938 0.832031 0.210938 0.816406 0.195312 0.812500 0.191406 0.808594 0.167969 0.808594 0.164062 0.824219 0.144531 0.828125 0.140625 0.871094 0.128906
0 0.910156 0.527344 0.992188 0.531250 0.996094 0.531250 0.996094 0.824219 0.996094 0.828125 0.992188 0.828125 0.988281 0.828125 0.972656 0.808594 0.968750 0.804688 0.968750 0.792969 0.968750 0.789062 0.945312 0.750000 0.941406 0.746094 0.945312 0.718750 0.945312 0.714844 0.972656 0.667969 0.972656 0.664062 0.968750 0.656250 0.968750 0.652344 0.949219 0.636719 0.945312 0.632812 0.933594 0.648438 0.929688 0.648438 0.933594 0.632812 0.933594 0.628906 0.914062 0.617188 0.910156 0.617188 0.906250 0.609375 0.902344 0.605469 0.894531 0.570312 0.894531 0.566406 0.910156 0.527344
0 0.062500 0.859375 0.082031 0.863281 0.085938 0.863281 0.097656 0.878906 0.101562 0.882812 0.113281 0.945312 0.117188 0.949219 0.122266 1.000000 0.058594 1.000000 0.058594 0.984375 0.058594 0.980469 0.046875 0.960938 0.042969 0.957031 0.042969 0.925781 0.042969 0.921875 0.054688 0.867188 0.054688 0.863281 0.062500 0.859375
0 0.730469 0.941406 0.789062 0.972656 0.792969 0.976562 0.828125 0.968750 0.832031 0.964844 0.851562 0.972656 0.855469 0.976562 0.851562 0.992188 0.851562 0.996094 0.847461 1.000000 0.700000 1.000000 0.699219 0.996094 0.695312 0.992188 0.675781 0.992188 0.671875 0.992188 0.664062 1.000000 0.664062 1.000000 0.593750 1.000000 0.593750 1.000000 0.589844 0.996094 0.589844 0.976562 0.593750 0.972656 0.613281 0.972656 0.617188 0.972656 0.636719 0.964844 0.640625 0.960938 0.671875 0.957031 0.675781 0.953125 0.710938 0.953125 0.714844 0.953125 0.730469 0.941406
0 0.765625 0.808594 0.816406 0.812500 0.820312 0.812500 0.855469 0.843750 0.859375 0.847656 0.859375 0.859375 0.859375 0.863281 0.832031 0.902344 0.832031 0.906250 0.812500 0.910156 0.808594 0.910156 0.777344 0.898438 0.773438 0.898438 0.753906 0.878906 0.750000 0.875000 0.718750 0.863281 0.714844 0.859375 0.714844 0.847656 0.714844 0.843750 0.726562 0.828125 0.726562 0.824219 0.765625 0.808594
0 0.113281 0.296875 0.164062 0.300781 0.167969 0.300781 0.199219 0.312500 0.203125 0.312500 0.230469 0.339844 0.234375 0.343750 0.281250 0.441406 0.285156 0.445312 0.296875 0.484375 0.296875 0.488281 0.324219 0.542969 0.324219 0.546875 0.347656 0.578125 0.351562 0.582031 0.390625 0.671875 0.390625 0.675781 0.433594 0.738281 0.437500 0.742188 0.457031 0.816406 0.457031 0.820312 0.464844 0.832031 0.464844 0.835938 0.586250 1.000000 0.124770 1.000000 0.117188 0.957031 0.117188 0.953125 0.093750 0.871094 0.089844 0.867188 0.085938 0.824219 0.085938 0.820312 0.093750 0.773438 0.093750 0.769531 0.082031 0.675781 0.078125 0.671875 0.078125 0.628906 0.078125 0.625000 0.066406 0.539062 0.062500 0.535156 0.062500 0.496094 0.062500 0.492188 0.074219 0.449219 0.074219 0.445312 0.085938 0.425781 0.089844 0.421875 0.117188 0.417969 0.121094 0.414062 0.109375 0.363281 0.105469 0.359375 0.105469 0.324219 0.105469 0.320312 0.113281 0.296875
0 0.000000 0.667969 0.000000 0.667969 0.003906 0.699219 0.007812 0.703125 0.003906 0.738281 0.003906 0.742188 0.000000 0.745028
0 0.000000 0.201172 0.027344 0.214844 0.031250 0.214844 0.039062 0.222656 0.042969 0.226562 0.046875 0.242188 0.050781 0.246094 0.062500 0.238281 0.066406 0.234375 0.078125 0.265625 0.078125 0.269531 0.097656 0.289062 0.101562 0.292969 0.097656 0.394531 0.097656 0.398438 0.105469 0.410156 0.105469 0.414062 0.082031 0.425781 0.078125 0.429688 0.070312 0.453125 0.066406 0.457031 0.054688 0.515625 0.054688 0.519531 0.042969 0.523438 0.039062 0.527344 0.007812 0.527344 0.003906 0.527344 0.000000 0.526228
