0 0.640625 0.781250 0.644531 0.781250 0.644667 0.773709 0.652646 0.773590 0.652344 0.796875 0.652512 0.843555 0.656173 0.843573 0.656319 0.848330 0.679688 0.980469 0.679688 0.984375 0.687500 0.996094 0.691406 1.000000 0.691406 1.000000 0.409877 1.000000 0.402344 0.964844 0.402344 0.960938 0.406250 0.957031 0.410535 0.949433 0.440527 0.949106 0.441709 0.945521 0.452971 0.945486 0.453125 0.941406 0.457031 0.941406 0.486549 0.905078 0.489100 0.897571 0.495709 0.890741 0.524960 0.860593 0.528562 0.856687 0.570312 0.832031 0.574219 0.828125 0.601562 0.820312 0.605469 0.820312 0.640625 0.781250
0 0.621094 0.527344 0.636719 0.527344 0.646515 0.527141 0.683594 0.578125 0.687500 0.582031 0.710938 0.632812 0.714844 0.636719 0.718625 0.640698 0.718750 0.656250 0.722656 0.660156 0.722656 0.687500 0.722446 0.695245 0.711648 0.695529 0.708453 0.690980 0.695739 0.678408 0.692544 0.674502 0.613281 0.578125 0.609375 0.574219 0.609375 0.546875 0.609375 0.542969 0.621094 0.527344
0 0.603338 0.020065 0.602331 0.013737 0.600870 0.012276 0.596682 0.009099 0.590721 0.006316 0.588017 0.003467 0.581099 0.000000 0.573353 0.000000 0.566832 0.002319 0.558780 0.001886 0.550784 0.000293 0.546037 0.002030 0.541423 0.002889 0.538390 0.004622 0.535485 0.007671 0.534911 0.009812 0.535200 0.015877 0.539529 0.025238 0.541134 0.026699 0.545315 0.027269 0.547742 0.028253 0.551442 0.031086 0.562542 0.042531 0.565081 0.043234 0.566416 0.042864 0.571028 0.046050 0.573168 0.046769 0.577934 0.046625 0.580363 0.045762 0.591355 0.034625 0.594298 0.029660 0.598885 0.024352 0.601448 0.023088 0.602908 0.021628
0 0.780945 0.847252 0.792969 0.847656 0.800377 0.847809 0.804502 0.851699 0.804587 0.863505 0.801498 0.867665 0.761719 0.960938 0.761719 0.964844 0.761660 0.972577 0.751824 0.977311 0.742278 0.972913 0.740540 0.969791 0.722656 0.945312 0.718750 0.941406 0.703125 0.933594 0.699219 0.929688 0.695185 0.929517 0.695312 0.917969 0.695312 0.914062 0.718750 0.894531 0.722656 0.890625 0.749917 0.863624 0.749699 0.855337 0.761455 0.855070 0.761666 0.851667 0.773221 0.851586 0.773320 0.847556
0 0.960958 0.664250 0.972829 0.695340 0.976562 0.703125 0.980355 0.703280 0.980469 0.734375 0.980469 0.738281 0.974459 0.757812 0.972656 0.761719 0.962740 0.770883 0.956881 0.777343 0.945162 0.777193 0.941406 0.773438 0.923826 0.754884 0.921875 0.750000 0.917969 0.718750 0.918704 0.714905 0.921823 0.691379 0.925781 0.691406 0.941406 0.671875 0.941406 0.667969 0.949107 0.667696 0.949294 0.664062
0 0.039062 0.339844 0.038917 0.336009 0.050691 0.335810 0.050781 0.339844 0.054688 0.339844 0.106090 0.378078 0.109375 0.378906 0.156250 0.425781 0.160156 0.429688 0.171868 0.437766 0.171602 0.446197 0.152344 0.453125 0.148438 0.457031 0.091361 0.487127 0.086616 0.488992 0.043460 0.520906 0.039357 0.523732 0.011757 0.539240 0.000000 0.547390 0.000000 0.444820 0.003906 0.433594 0.003906 0.429688 0.039062 0.339844
0 0.621266 0.183304 0.644531 0.183594 0.648438 0.183594 0.656179 0.187821 0.656250 0.191406 0.664158 0.191602 0.664173 0.222647 0.660156 0.230469 0.660156 0.234375 0.648438 0.250000 0.644531 0.253906 0.640815 0.258010 0.640702 0.261643 0.628906 0.261719 0.605544 0.261975 0.605469 0.257812 0.601562 0.257812 0.593641 0.257804 0.593750 0.253906 0.589678 0.253589 0.589844 0.250000 0.589844 0.242188 0.589783 0.218639 0.593649 0.218776 0.593750 0.207031 0.601073 0.201978 0.605593 0.194138 0.609375 0.183594 0.618339 0.183304
0 0.422001 0.679878 0.410222 0.679135 0.370535 0.663748 0.343370 0.663748 0.261555 0.644329 0.242242 0.644541 0.242382 0.634080 0.233396 0.628624 0.180160 0.628620 0.148436 0.644117 0.098880 0.617588 0.093527 0.616919 0.078695 0.617124 0.070511 0.613032 0.058645 0.612930 0.054452 0.616817 0.043404 0.617021 0.035119 0.612930 0.000000 0.613325 0.000000 0.760219 0.113474 0.742034 0.114121 0.738668 0.128750 0.738409 0.126808 0.745529 0.145062 0.757698 0.164351 0.758216 0.164998 0.761970 0.238270 0.761711 0.238141 0.776728 0.249921 0.791227 0.297691 0.812199 0.308048 0.812588 0.312838 0.823850 0.321298 0.823133 0.332228 0.816023 0.332334 0.784720 0.321086 0.776867 0.320661 0.765831 0.340293 0.765512 0.379025 0.726356 0.421895 0.687624
0 0.839025 0.320158 0.836867 0.275649 0.859257 0.261891 0.866540 0.261082 0.867080 0.253799 0.879488 0.245976 0.909701 0.230600 0.917793 0.223856 0.958256 0.206322 0.988199 0.206592 0.993055 0.290216 0.997101 0.296959 0.996291 0.303164 0.983883 0.312335 0.971474 0.316382 0.956098 0.324204 0.937755 0.332027 0.881107 0.332297 0.868159 0.327711 0.863843 0.321507
0 1.000000 0.161647 0.996053 0.164662 0.996163 0.167156 0.995534 0.168487 0.996332 0.172723 0.996013 0.177892 0.996989 0.179571 0.998713 0.180083 1.000000 0.180044
0 0.840553 0.149960 0.836618 0.139080 0.831756 0.118014 0.827821 0.114079 0.822034 0.094170 0.797264 0.069863 0.788930 0.068937 0.787772 0.062455 0.773883 0.062687 0.771568 0.073798 0.776892 0.085373 0.777453 0.085967 0.780455 0.086128 0.781431 0.087807 0.780828 0.089540 0.778075 0.090056 0.777371 0.090759 0.777457 0.097154 0.778160 0.097857 0.780336 0.097780 0.783679 0.099075 0.784348 0.101195 0.783486 0.104889 0.776892 0.106208 0.777525 0.110637 0.777542 0.118333 0.779612 0.120744 0.786013 0.121237 0.792171 0.124264 0.793560 0.133293 0.796964 0.147267 0.797099 0.151640 0.800459 0.153274 0.800732 0.155682 0.805597 0.163387 0.823423 0.163850 0.824240 0.163329 0.824513 0.161558 0.825558 0.160428 0.829268 0.159984 0.830947 0.160960 0.831391 0.163485 0.832219 0.164312 0.840090 0.164776
0 0.132983 0.873958 0.133287 0.902531 0.129639 0.906787 0.129335 0.929585 0.124168 0.937488 0.114137 0.937184 0.113225 0.945695 0.117773 0.960482 0.110080 0.967867 0.108850 0.980175 0.097772 0.996176 0.088541 0.996484 0.087556 1.000000 0.077771 1.000000 0.077771 0.992484 0.071001 0.987252 0.071001 0.973098 0.089156 0.972482 0.090079 0.957712 0.079002 0.952173 0.077463 0.941404 0.094079 0.941096 0.098334 0.936655 0.097934 0.929904 0.092233 0.930326 0.083876 0.919071 0.065803 0.901933 0.057896 0.896830 0.052097 0.891654 0.049205 0.890296 0.042752 0.883866 0.039434 0.882051 0.012914 0.859671 0.000000 0.846426 0.000000 0.780686 0.001363 0.779423 0.017474 0.785807 0.049999 0.803437 0.086171 0.817420 0.116264 0.834138 0.136023 0.847817 0.137543 0.860279
0 0.148918 0.523438 0.168449 0.531250 0.172355 0.531250 0.191887 0.546875 0.195793 0.546875 0.227043 0.578125 0.230949 0.582031 0.234855 0.601562 0.234855 0.605469 0.162559 0.636175 0.148563 0.644406 0.133293 0.636719 0.129387 0.636719 0.042969 0.588820 0.035539 0.582031 0.035442 0.574539 0.039125 0.570793 0.057745 0.570480 0.066170 0.562554 0.148918 0.523438
0 0.288824 0.550224 0.288863 0.546875 0.300779 0.546875 0.316167 0.550383 0.332270 0.551020 0.335938 0.554688 0.341895 0.566274 0.344889 0.566158 0.347498 0.566327 0.347180 0.572410 0.326651 0.610943 0.312500 0.636719 0.300781 0.644531 0.296875 0.648438 0.238281 0.628906 0.249684 0.621571 0.234853 0.605470 0.233737 0.597895 0.230150 0.581953 0.225985 0.577079 0.219068 0.570233 0.226562 0.569614 0.226562 0.566406 0.230469 0.562500 0.241966 0.561992 0.242434 0.559003 0.269667 0.551045 0.284917 0.550463
0 0.125000 0.468750 0.199219 0.480469 0.203125 0.480469 0.209457 0.481785 0.210938 0.496094 0.214844 0.500000 0.222227 0.509474 0.216034 0.518430 0.214720 0.534075 0.210938 0.539062 0.206901 0.557816 0.195312 0.546875 0.186634 0.542404 0.172509 0.531341 0.163742 0.528305 0.148305 0.522477 0.141746 0.525680 0.137199 0.528562 0.100379 0.546011 0.093590 0.548957 0.079144 0.556032 0.071207 0.554928 0.066406 0.550781 0.058817 0.546297 0.050878 0.541762 0.042969 0.531250 0.039062 0.527344 0.062500 0.503906 0.066406 0.500000 0.125000 0.468750
0 0.938018 0.516513 0.937150 0.510505 0.935168 0.507202 0.931311 0.503511 0.926687 0.501034 0.920184 0.499505 0.917686 0.499830 0.915918 0.493253 0.905723 0.482410 0.894902 0.479502 0.876451 0.480473 0.865631 0.483381 0.851064 0.490179 0.823065 0.518502 0.820475 0.522710 0.813677 0.531127 0.809998 0.537395 0.806880 0.541161 0.797492 0.550225 0.794255 0.556375 0.789422 0.574317 0.792313 0.585138 0.800243 0.593067 0.811063 0.595975 0.833536 0.590478 0.847132 0.583680 0.861212 0.568952 0.865789 0.561139 0.875295 0.555841 0.886624 0.546454 0.891803 0.542893 0.897306 0.540304 0.906694 0.534153 0.914927 0.525920 0.920768 0.524104 0.930919 0.524438 0.933458 0.523735 0.935994 0.521529 0.937315 0.519052
0 0.761289 0.549190 0.761289 0.546537 0.760157 0.542396 0.757149 0.539388 0.753008 0.538255 0.745379 0.538255 0.738584 0.540052 0.730291 0.544364 0.715613 0.557715 0.710646 0.559825 0.701591 0.560149 0.697450 0.561282 0.693470 0.563604 0.690462 0.566612 0.689467 0.568934 0.688334 0.573075 0.688334 0.578050 0.689798 0.583186 0.692698 0.588739 0.698423 0.606407 0.704726 0.617685 0.707734 0.620693 0.711874 0.621826 0.716015 0.620693 0.719023 0.617685 0.720088 0.613793 0.724662 0.609392 0.726777 0.604955 0.731421 0.597989 0.745561 0.583186 0.746693 0.579045 0.746685 0.571331 0.747719 0.565768 0.750721 0.562435 0.755822 0.558661 0.759161 0.555321 0.760157 0.553331
0 0.296875 0.054688 0.289062 0.027344 0.264205 0.000000 0.203125 0.000000 0.203125 0.000000 0.203125 0.003906 0.226562 0.046875 0.253906 0.074219 0.281250 0.070312
0 0.339844 0.093750 0.351562 0.093750 0.355469 0.093750 0.367188 0.101562 0.371094 0.105469 0.367188 0.132812 0.367188 0.136719 0.351562 0.144531 0.347656 0.148438 0.335938 0.148438 0.332031 0.148438 0.320312 0.140625 0.316406 0.136719 0.320312 0.109375 0.320312 0.105469 0.339844 0.093750
0 0.167969 0.109375 0.191406 0.109375 0.195312 0.109375 0.214844 0.140625 0.214844 0.144531 0.210938 0.148438 0.207031 0.152344 0.171875 0.152344 0.167969 0.152344 0.156250 0.144531 0.152344 0.144531 0.148438 0.125000 0.148438 0.121094 0.167969 0.109375
0 0.335938 0.203125 0.332031 0.199219 0.320312 0.179688 0.320312 0.175781 0.316406 0.152344 0.312500 0.148438 0.292969 0.140625 0.261719 0.164062 0.261719 0.167969 0.253906 0.195312 0.253906 0.218750 0.257812 0.222656 0.261037 0.229911 0.269316 0.238101 0.271934 0.247867 0.270837 0.251960 0.273438 0.257812 0.269531 0.261719 0.264155 0.262794 0.262168 0.264781 0.252402 0.267398 0.247691 0.266209 0.235410 0.269966 0.225210 0.274586 0.220261 0.278046 0.206040 0.286147 0.203125 0.289062 0.203125 0.292453 0.201514 0.297859 0.201009 0.303413 0.202025 0.307124 0.204045 0.310659 0.207789 0.314403 0.213015 0.315924 0.219580 0.315924 0.223291 0.314908 0.226530 0.311669 0.228607 0.305905 0.243718 0.301784 0.256442 0.301785 0.262173 0.300264 0.266927 0.295510 0.273682 0.284210 0.283086 0.273796 0.283886 0.271986 0.290956 0.267441 0.298970 0.263239 0.302065 0.262392 0.305095 0.260372 0.309344 0.256123 0.309612 0.255144 0.312500 0.253906 0.316406 0.250000 0.332031 0.230469 0.332031 0.226562
0 0.250000 0.214844 0.265625 0.238281 0.269531 0.242188 0.269531 0.257812 0.269531 0.261719 0.250000 0.265625 0.246094 0.265625 0.210938 0.250000 0.207031 0.246094 0.207031 0.234375 0.210938 0.230469 0.250000 0.214844
0 0.537594 0.005484 0.537594 0.000939 0.537337 0.000000 0.444861 0.000000 0.443455 0.000820 0.439416 0.005364 0.437396 0.006374 0.431665 0.007895 0.427452 0.007895 0.412633 0.010924 0.400023 0.014459 0.399018 0.015464 0.395307 0.016479 0.390625 0.015625 0.390625 0.023438 0.394531 0.023438 0.414062 0.035156 0.433594 0.035156 0.437500 0.031250 0.479436 0.019268 0.485191 0.020519 0.492261 0.020519 0.502691 0.018499 0.510613 0.018499 0.519024 0.020519 0.525589 0.021024 0.530309 0.019504 0.533549 0.016264 0.536579 0.009195
0 0.743201 0.000000 0.754545 0.018150 0.758451 0.022056 0.754545 0.037681 0.754545 0.041587 0.735013 0.053306 0.731107 0.057212 0.723295 0.053306 0.719388 0.053306 0.711576 0.045494 0.707670 0.041587 0.707670 0.033775 0.703763 0.029869 0.703763 0.000000
0 0.297694 0.372686 0.296679 0.367309 0.293528 0.363742 0.289363 0.361243 0.286448 0.360411 0.285199 0.359161 0.277323 0.356896 0.239844 0.357313 0.231098 0.358146 0.220255 0.360728 0.216305 0.359740 0.209823 0.366222 0.206510 0.368503 0.199648 0.377230 0.187335 0.389126 0.176091 0.397455 0.167189 0.401776 0.163182 0.405367 0.158018 0.407799 0.156250 0.410156 0.156250 0.414062 0.164312 0.430186 0.167429 0.431039 0.170414 0.434273 0.171429 0.437984 0.171679 0.443981 0.170664 0.447692 0.167979 0.450376 0.168667 0.452889 0.171401 0.455623 0.175112 0.456639 0.184420 0.454224 0.187219 0.452475 0.196250 0.443444 0.201970 0.435300 0.218750 0.421875 0.222656 0.421875 0.229216 0.419689 0.230869 0.421342 0.234580 0.422357 0.238291 0.421342 0.241375 0.417908 0.242741 0.411398 0.242391 0.398805 0.240175 0.392282 0.250384 0.389308 0.262332 0.389309 0.270518 0.388059 0.274408 0.388059 0.278119 0.387044 0.291862 0.381214 0.296679 0.376397
0 0.632860 0.520124 0.632860 0.517595 0.631845 0.513884 0.626101 0.505611 0.624850 0.502709 0.624850 0.497636 0.628223 0.485555 0.628223 0.482183 0.626786 0.477629 0.624051 0.474895 0.619919 0.473879 0.616208 0.474895 0.608174 0.479268 0.605469 0.476562 0.593750 0.472656 0.589844 0.468750 0.574219 0.449219 0.570312 0.449219 0.515625 0.425781 0.457031 0.425781 0.441406 0.433594 0.441406 0.437500 0.437500 0.449219 0.459536 0.471254 0.460273 0.477552 0.458337 0.479737 0.456900 0.487242 0.457915 0.490953 0.462336 0.494952 0.469420 0.497232 0.475321 0.498075 0.480802 0.498075 0.489150 0.495373 0.494630 0.492422 0.500532 0.487364 0.507096 0.483329 0.535156 0.488281 0.539062 0.492188 0.549627 0.509795 0.549223 0.516757 0.546357 0.524870 0.544625 0.524889 0.540581 0.522532 0.536870 0.521516 0.532738 0.522532 0.530003 0.525266 0.528987 0.528977 0.530003 0.532688 0.533159 0.535844 0.539904 0.539216 0.543615 0.540232 0.549096 0.540232 0.553056 0.538967 0.554407 0.539263 0.557405 0.549129 0.560356 0.555874 0.564777 0.561138 0.568487 0.562154 0.572198 0.561138 0.574933 0.558404 0.575948 0.554271 0.574262 0.549468 0.574262 0.542322 0.575092 0.539696 0.578178 0.537280 0.584995 0.537702 0.589023 0.547021 0.594286 0.551863 0.602634 0.553722 0.606345 0.552707 0.609080 0.549972 0.610095 0.546261 0.610095 0.539938 0.608237 0.532433 0.606301 0.529232 0.606301 0.509294 0.607313 0.505450 0.608914 0.507972 0.613895 0.520462 0.618737 0.525726 0.620002 0.526570 0.625399 0.527585 0.629110 0.526570 0.631845 0.523835
0 0.236700 0.826543 0.248418 0.826543 0.252325 0.826543 0.260137 0.838262 0.264043 0.842168 0.267950 0.861700 0.267950 0.865606 0.256231 0.881231 0.252325 0.885137 0.240606 0.885137 0.236700 0.885137 0.228887 0.869512 0.224981 0.865606 0.224981 0.849981 0.224981 0.846075 0.236700 0.826543
0 0.475797 0.628906 0.471891 0.625000 0.452359 0.609375 0.428616 0.609375 0.426343 0.611913 0.425289 0.615264 0.417196 0.623356 0.415665 0.624121 0.410268 0.630284 0.409464 0.635545 0.410268 0.638748 0.411875 0.641484 0.414900 0.643379 0.423758 0.653002 0.425539 0.659775 0.425255 0.663109 0.421256 0.664046 0.418521 0.666780 0.417506 0.670491 0.418521 0.674968 0.431207 0.689949 0.433503 0.691480 0.437214 0.692495 0.442455 0.691480 0.446283 0.689949 0.449017 0.687214 0.450033 0.683504 0.450033 0.675084 0.449017 0.671373 0.443659 0.663718 0.440925 0.660984 0.439704 0.660529 0.441484 0.654533 0.449577 0.646441 0.455584 0.644660 0.466300 0.644660 0.470260 0.645800 0.471891 0.644531 0.471891 0.640625
0 1.000000 1.000000 0.981771 1.000000 0.983754 0.988103 0.991616 0.983593 0.999011 0.983593 1.000000 0.983787
0 0.796875 0.835938 0.794518 0.838295 0.792541 0.843974 0.789806 0.846708 0.786095 0.847724 0.782729 0.847724 0.778643 0.846332 0.777786 0.847189 0.762518 0.853321 0.761438 0.854402 0.755187 0.857286 0.751821 0.861133 0.748111 0.862148 0.744400 0.861133 0.741665 0.858398 0.740341 0.853228 0.734302 0.849112 0.731087 0.845897 0.730071 0.842186 0.731087 0.838475 0.733821 0.835741 0.738281 0.834779 0.738281 0.820312 0.765625 0.792969 0.789062 0.800781 0.792969 0.800781 0.800781 0.820312 0.800781 0.824219
0 0.911475 0.745518 0.910460 0.741807 0.898438 0.730469 0.891524 0.731070 0.886769 0.729680 0.881841 0.729680 0.878130 0.730696 0.875146 0.734346 0.855469 0.738281 0.851562 0.734375 0.847959 0.728609 0.844434 0.716185 0.838251 0.709016 0.835021 0.707909 0.832031 0.703125 0.820312 0.703125 0.808594 0.730469 0.808594 0.750000 0.812500 0.753906 0.812500 0.761719 0.816406 0.761719 0.820312 0.765625 0.829033 0.766427 0.838220 0.772658 0.845872 0.774659 0.851293 0.774166 0.855643 0.773011 0.864334 0.764695 0.872218 0.760260 0.882072 0.755825 0.892358 0.752486 0.901551 0.753964 0.907232 0.752456 0.910460 0.749229
0 0.865621 0.635901 0.862887 0.638636 0.855496 0.642085 0.851785 0.643100 0.843872 0.643593 0.840221 0.645534 0.834190 0.647584 0.827991 0.651200 0.826726 0.657659 0.828204 0.664218 0.828204 0.669898 0.829652 0.671347 0.831161 0.676536 0.830175 0.687144 0.833594 0.690563 0.834610 0.694274 0.833594 0.698478 0.830860 0.701212 0.827149 0.702228 0.823438 0.701212 0.821249 0.699516 0.795222 0.702118 0.797655 0.709056 0.797655 0.711520 0.796639 0.715230 0.793905 0.717965 0.790949 0.719443 0.784281 0.720952 0.779847 0.720952 0.774658 0.719443 0.768745 0.715994 0.766011 0.713260 0.763054 0.708332 0.760068 0.698709 0.758590 0.689670 0.755141 0.676536 0.754307 0.669528 0.748050 0.663765 0.744973 0.662165 0.739181 0.660809 0.736447 0.658074 0.735431 0.654363 0.736447 0.650652 0.739181 0.647918 0.742892 0.646902 0.752593 0.646633 0.753170 0.644832 0.751843 0.641443 0.745809 0.634423 0.743002 0.630138 0.739674 0.628288 0.733454 0.621576 0.728834 0.618927 0.724129 0.614221 0.723113 0.610510 0.724129 0.606799 0.726863 0.604065 0.732545 0.603049 0.737241 0.604558 0.742968 0.610285 0.747589 0.612934 0.752577 0.617832 0.764741 0.617339 0.772223 0.616354 0.777344 0.613281 0.792969 0.617188 0.796369 0.618847 0.802552 0.625030 0.803538 0.627001 0.804553 0.630712 0.804553 0.636132 0.802552 0.642800 0.801104 0.645325 0.803177 0.646750 0.804936 0.642769 0.813583 0.635107 0.817032 0.633629 0.828627 0.630642 0.839280 0.629164 0.852278 0.625222 0.859176 0.624729 0.862887 0.625745 0.865621 0.628479 0.866637 0.632190
0 0.915656 0.574239 0.912735 0.578985 0.906714 0.585005 0.900448 0.587116 0.897462 0.587481 0.888824 0.590847 0.884808 0.594133 0.877506 0.601800 0.857790 0.614579 0.854870 0.617135 0.842456 0.622977 0.828522 0.626183 0.825236 0.626183 0.819884 0.624722 0.804790 0.623992 0.801079 0.622977 0.796092 0.617927 0.792136 0.616689 0.771930 0.616325 0.768220 0.615309 0.764025 0.611479 0.763009 0.605578 0.764025 0.601867 0.767854 0.598402 0.771565 0.597387 0.778307 0.597375 0.780543 0.596302 0.786475 0.591100 0.790186 0.590085 0.793837 0.590085 0.799008 0.591465 0.804575 0.595571 0.806470 0.596292 0.820980 0.595562 0.829468 0.593016 0.833573 0.590005 0.843569 0.584391 0.848543 0.579782 0.855116 0.576495 0.855666 0.574484 0.864973 0.563352 0.870084 0.560796 0.875986 0.559050 0.881463 0.557955 0.891686 0.557590 0.907810 0.561161 0.912921 0.562622 0.915656 0.565356 0.916671 0.570528
0 0.956021 0.635866 0.956021 0.629337 0.954469 0.622100 0.954469 0.616511 0.956021 0.608856 0.956021 0.602668 0.953125 0.593836 0.952580 0.589299 0.949219 0.585938 0.936898 0.584397 0.933403 0.581170 0.928623 0.579887 0.924912 0.580902 0.921643 0.584438 0.919559 0.590555 0.919025 0.594824 0.916350 0.601271 0.913182 0.606023 0.906224 0.612982 0.896192 0.620902 0.890120 0.624334 0.875189 0.636888 0.873127 0.649731 0.874059 0.657182 0.875695 0.663066 0.878489 0.667102 0.881534 0.670147 0.886487 0.671784 0.892371 0.670457 0.896968 0.665861 0.899763 0.661204 0.900778 0.657493 0.900778 0.652834 0.914062 0.644531 0.920805 0.644531 0.924068 0.647173 0.930883 0.649430 0.939266 0.649120 0.947323 0.647173 0.950428 0.645310 0.955124 0.640614 0.955711 0.637002
0 0.803136 0.244329 0.803136 0.241136 0.801178 0.235902 0.800523 0.232237 0.800813 0.221688 0.798346 0.211011 0.796895 0.208398 0.793373 0.204876 0.792969 0.199219 0.789062 0.195312 0.777344 0.175781 0.773438 0.175781 0.761719 0.171875 0.734375 0.195312 0.734375 0.214844 0.737607 0.218076 0.741042 0.219016 0.745105 0.223080 0.749750 0.226563 0.757709 0.234812 0.770864 0.250190 0.772325 0.250399 0.775128 0.253386 0.778839 0.254402 0.789289 0.254402 0.793279 0.253393 0.796875 0.253906 0.796766 0.252374 0.798805 0.251645 0.802120 0.248039
0 0.378760 0.278654 0.378760 0.273407 0.377783 0.270402 0.376104 0.268723 0.373565 0.268096 0.371094 0.265625 0.359122 0.260836 0.354765 0.257529 0.346513 0.254803 0.340711 0.256129 0.334483 0.262357 0.331335 0.269003 0.328609 0.277255 0.328959 0.281453 0.330985 0.288305 0.335463 0.293133 0.342110 0.298730 0.346163 0.300406 0.358173 0.300056 0.364704 0.301455 0.368408 0.300829 0.376034 0.294252 0.378758 0.278654
0 0.466615 0.261163 0.466615 0.255916 0.463151 0.244159 0.460416 0.241425 0.456705 0.240409 0.447879 0.242180 0.444112 0.241109 0.438865 0.241109 0.425921 0.242508 0.420462 0.243874 0.415978 0.248007 0.414963 0.251718 0.414963 0.254866 0.418777 0.265574 0.424310 0.271107 0.427108 0.272856 0.443412 0.275621 0.456006 0.275271 0.459717 0.274255 0.463500 0.270471 0.464900 0.267673 0.466265 0.262443
0 0.776902 0.473261 0.775887 0.477562 0.774488 0.480011 0.768605 0.485544 0.758144 0.489008 0.751813 0.492191 0.744255 0.493906 0.739707 0.494256 0.735996 0.493240 0.733828 0.491072 0.703125 0.488281 0.699219 0.484375 0.703125 0.468750 0.707031 0.464844 0.716269 0.464871 0.725364 0.463122 0.733973 0.460357 0.749894 0.453125 0.767485 0.453125 0.770141 0.452398 0.773438 0.453125 0.776586 0.456148 0.777602 0.459859 0.777602 0.470703
0 1.000000 0.302734 0.992188 0.300781 0.984375 0.308594 0.984375 0.320312 0.988281 0.324219 1.000000 0.338867
0 0.074219 0.238281 0.093750 0.250000 0.097656 0.253906 0.101562 0.269531 0.101562 0.273438 0.085938 0.273438 0.082031 0.273438 0.070312 0.265625 0.066406 0.261719 0.066406 0.246094 0.066406 0.242188 0.074219 0.238281
0 0.022204 0.380688 0.021188 0.376512 0.017989 0.373312 0.014278 0.372297 0.000000 0.372743 0.000000 0.434524 0.001395 0.434989 0.001395 0.431082 0.017020 0.399832 0.017020 0.392752 0.019329 0.389048 0.021188 0.384399
0 0.423871 0.173641 0.423871 0.170892 0.422855 0.167181 0.419957 0.162755 0.415590 0.151122 0.415155 0.149707 0.415625 0.147681 0.414610 0.143970 0.411875 0.141236 0.404500 0.139915 0.399567 0.141541 0.393779 0.147024 0.393032 0.148438 0.390994 0.148438 0.387748 0.151378 0.380690 0.154647 0.377670 0.156875 0.370646 0.163899 0.361789 0.171229 0.356903 0.176421 0.354460 0.178254 0.351014 0.179671 0.351633 0.181932 0.354368 0.184667 0.358079 0.185682 0.366019 0.185682 0.375382 0.184155 0.399212 0.184155 0.403583 0.184766 0.417984 0.181918 0.422855 0.177352
0 0.440112 0.072445 0.439096 0.068734 0.436362 0.066000 0.432651 0.064984 0.418119 0.069463 0.405567 0.077686 0.393743 0.088645 0.387251 0.101196 0.386235 0.104907 0.386668 0.109236 0.388982 0.117708 0.395475 0.134155 0.398209 0.136889 0.402104 0.138188 0.405815 0.139204 0.409526 0.138188 0.412261 0.135454 0.413276 0.131743 0.412270 0.126332 0.414142 0.119623 0.415643 0.107914 0.417887 0.104290 0.430872 0.090873 0.434335 0.085679 0.437961 0.077292 0.439096 0.076156
0 0.662559 0.102971 0.659824 0.105705 0.656732 0.107251 0.649019 0.109297 0.646748 0.110537 0.634061 0.120133 0.622209 0.125801 0.616437 0.127332 0.611696 0.126316 0.608962 0.123582 0.607946 0.119871 0.608363 0.118346 0.605355 0.113792 0.602778 0.111215 0.601232 0.108124 0.593309 0.098655 0.590764 0.096109 0.589024 0.095400 0.582683 0.089059 0.580106 0.084937 0.578045 0.082875 0.577030 0.079164 0.578045 0.075454 0.580780 0.072719 0.584491 0.071704 0.612492 0.072219 0.630865 0.068097 0.636533 0.068097 0.642201 0.069127 0.647458 0.070658 0.651064 0.072719 0.657406 0.078545 0.661013 0.086274 0.662559 0.088336 0.663574 0.092046 0.663574 0.099260
0 0.714969 0.138830 0.710657 0.142879 0.706157 0.144157 0.703266 0.144157 0.684044 0.137358 0.679049 0.134203 0.674054 0.132363 0.671688 0.130523 0.663433 0.121742 0.662417 0.118031 0.663433 0.114320 0.666167 0.111586 0.669878 0.110570 0.673589 0.111586 0.679373 0.115266 0.685456 0.120560 0.695409 0.122890 0.699425 0.125029 0.703529 0.124503 0.712234 0.126833 0.714969 0.129568 0.715984 0.135119
0 0.839504 0.312649 0.838174 0.284262 0.836714 0.279220 0.834497 0.275672 0.830875 0.272050 0.826273 0.269222 0.818086 0.261921 0.815868 0.258373 0.810029 0.252091 0.806318 0.251075 0.802607 0.252091 0.799872 0.254825 0.798857 0.258979 0.799872 0.262690 0.803086 0.269896 0.806969 0.284868 0.810878 0.292325 0.784875 0.291882 0.780370 0.290995 0.774359 0.288812 0.766117 0.284026 0.761076 0.282567 0.756640 0.282567 0.752929 0.283582 0.749308 0.286761 0.748292 0.290471 0.748292 0.293576 0.750195 0.299505 0.752413 0.303053 0.757365 0.307562 0.759582 0.308449 0.764461 0.312441 0.778211 0.326191 0.789300 0.332400 0.795673 0.333860 0.802326 0.333416 0.819530 0.328093 0.830875 0.325304 0.833537 0.323973 0.837602 0.319908 0.839061 0.314271
0 0.790821 0.265518 0.787709 0.268629 0.781867 0.271454 0.780793 0.275885 0.781276 0.277648 0.780260 0.281359 0.777526 0.284093 0.773815 0.285109 0.770798 0.285109 0.762821 0.282468 0.760107 0.282468 0.747036 0.286240 0.742193 0.285225 0.740685 0.284470 0.736442 0.280227 0.734556 0.276832 0.730328 0.264605 0.725504 0.254580 0.724488 0.249360 0.725504 0.245649 0.728238 0.242915 0.734212 0.241899 0.739055 0.243292 0.741695 0.244801 0.744712 0.247064 0.752868 0.255219 0.754635 0.255855 0.763254 0.256609 0.768891 0.258042 0.772744 0.255739 0.776455 0.254723 0.784375 0.254346 0.788086 0.255361 0.790821 0.258096 0.791836 0.261807
0 0.765291 0.332789 0.763634 0.328115 0.743429 0.306627 0.733607 0.291995 0.737014 0.287109 0.738030 0.283398 0.738030 0.280832 0.736693 0.276479 0.732676 0.272141 0.719527 0.263482 0.710546 0.255143 0.707660 0.253219 0.703949 0.252203 0.700742 0.252203 0.697031 0.253219 0.691513 0.258095 0.690127 0.250492 0.687854 0.243638 0.683234 0.238389 0.680720 0.237132 0.677009 0.236116 0.671412 0.237132 0.664497 0.240903 0.661763 0.243638 0.660747 0.249234 0.661763 0.252945 0.663910 0.255721 0.663261 0.259292 0.664277 0.263003 0.666791 0.268032 0.672669 0.273909 0.676286 0.275640 0.677698 0.277052 0.681409 0.278068 0.686377 0.277052 0.689800 0.273469 0.692403 0.274181 0.695071 0.273451 0.699276 0.275731 0.707446 0.285826 0.713388 0.291767 0.718468 0.294495 0.719634 0.298013 0.730538 0.314049 0.742925 0.327078 0.743505 0.327978 0.741763 0.329719 0.740748 0.333751 0.741763 0.337462 0.744498 0.340196 0.748209 0.341212 0.753020 0.341212 0.761541 0.339234 0.764275 0.336500
0 0.801366 0.446884 0.799121 0.449128 0.798273 0.453454 0.795539 0.456188 0.791828 0.457204 0.788117 0.456188 0.785135 0.452958 0.782296 0.451020 0.776500 0.449860 0.761294 0.449474 0.748693 0.446526 0.736712 0.441114 0.730819 0.436768 0.723184 0.432998 0.721929 0.431743 0.718932 0.430679 0.716198 0.427945 0.715182 0.424234 0.716198 0.420136 0.718932 0.417402 0.722643 0.416386 0.726121 0.416386 0.739904 0.419092 0.748926 0.419478 0.767346 0.423730 0.781779 0.424116 0.790514 0.427064 0.796699 0.430543 0.801366 0.435983 0.802381 0.439694 0.802381 0.443173
0 0.761831 0.385097 0.751444 0.395760 0.746959 0.402454 0.744162 0.409116 0.739495 0.414059 0.735784 0.415075 0.731919 0.415075 0.725723 0.413230 0.722713 0.410220 0.721698 0.406509 0.722852 0.402660 0.709711 0.398046 0.704216 0.393103 0.702648 0.387736 0.704029 0.379941 0.696486 0.373502 0.695470 0.369515 0.696486 0.365804 0.699220 0.363070 0.702931 0.362054 0.707348 0.362606 0.716088 0.365091 0.727226 0.365643 0.731489 0.366934 0.737839 0.371352 0.743450 0.374202 0.748484 0.373925 0.751935 0.374870 0.755386 0.373925 0.759097 0.374941 0.761831 0.377675 0.762847 0.381386
0 1.000000 0.409480 0.999517 0.408997 0.994527 0.407920 0.992718 0.406894 0.987779 0.402346 0.984257 0.399998 0.980546 0.398982 0.976836 0.399998 0.974101 0.402732 0.973086 0.406443 0.973086 0.411921 0.974884 0.420719 0.980748 0.426583 0.984459 0.427599 0.989546 0.427599 0.994430 0.426192 1.000000 0.421179
0 1.000000 0.886131 0.997113 0.883936 0.994577 0.880487 0.997359 0.880488 1.000000 0.879734 1.000000 0.857930 0.996750 0.857041 0.992611 0.858007 0.990713 0.852266 0.983107 0.844051 0.977874 0.842730 0.973002 0.842730 0.968378 0.844051 0.963208 0.849221 0.959250 0.858050 0.958234 0.861761 0.958234 0.867851 0.959756 0.875462 0.962599 0.884045 0.971727 0.893477 0.979700 0.896320 0.985181 0.897537 0.988280 0.897537 0.989088 0.902313 0.992126 0.905352 0.996750 0.906672 1.000000 0.906426
0 0.850061 0.013002 0.846925 0.002928 0.842679 0.000000 0.792969 0.000000 0.792969 0.000000 0.820291 0.011384 0.821352 0.022548 0.825102 0.028993 0.832524 0.028993 0.836366 0.025150 0.844190 0.022629 0.849046 0.016713
0 0.883130 0.076518 0.883130 0.071860 0.881448 0.066486 0.878382 0.063419 0.876216 0.062826 0.873058 0.059426 0.869347 0.058411 0.863640 0.059426 0.860233 0.062500 0.851562 0.062500 0.843358 0.068653 0.840785 0.066080 0.837074 0.065064 0.833363 0.066080 0.830629 0.068814 0.829613 0.074855 0.830944 0.083172 0.835270 0.096498 0.833606 0.101804 0.834954 0.107179 0.838354 0.110911 0.845059 0.113257 0.856704 0.114588 0.859698 0.114588 0.863409 0.113573 0.866477 0.110506 0.868723 0.104932 0.872465 0.099526 0.873921 0.095408 0.875793 0.092872 0.882114 0.080229
0 0.376257 0.000000 0.376639 0.000382 0.386057 0.011804 0.388061 0.013141 0.391772 0.014156 0.396450 0.014156 0.407579 0.011483 0.409815 0.011483 0.424219 0.006458 0.428958 0.002387 0.429611 0.000000
0 0.184051 0.178386 0.184051 0.175474 0.182387 0.168546 0.182159 0.159171 0.180544 0.156308 0.176779 0.152128 0.174237 0.151323 0.156209 0.151739 0.143300 0.146825 0.132380 0.150143 0.119572 0.156963 0.114424 0.158783 0.110244 0.163379 0.105221 0.170898 0.103383 0.170509 0.099672 0.171525 0.096938 0.174259 0.096138 0.178759 0.094920 0.179688 0.096392 0.179688 0.096938 0.181681 0.099672 0.184415 0.102740 0.185820 0.105079 0.188159 0.115445 0.191670 0.118357 0.191670 0.122068 0.190654 0.124980 0.188575 0.127714 0.185840 0.128127 0.184598 0.133331 0.184183 0.139538 0.182751 0.151292 0.177958 0.152498 0.179008 0.157041 0.180439 0.162843 0.180021 0.169136 0.184415 0.174926 0.186263 0.179885 0.185247 0.183036 0.182097
0 0.058835 0.216788 0.057772 0.213029 0.057773 0.193412 0.056757 0.189701 0.054023 0.186967 0.051103 0.186168 0.050781 0.183594 0.044738 0.178213 0.040819 0.172701 0.038085 0.169966 0.032249 0.167888 0.026398 0.169449 0.023438 0.167969 0.021929 0.175513 0.019959 0.178545 0.018944 0.182255 0.018944 0.188099 0.019959 0.191810 0.025671 0.196991 0.031250 0.210938 0.042969 0.222656 0.044496 0.221129 0.046601 0.223233 0.051374 0.224248 0.055085 0.223233 0.057820 0.220498
0 0.416846 0.503881 0.397445 0.503881 0.392968 0.509851 0.386998 0.508359 0.386998 0.499404 0.372074 0.506866 0.386998 0.545669 0.422816 0.556116 0.422816 0.532237 0.418339 0.524775
0 0.548178 0.793409 0.560117 0.812810 0.540716 0.820272 0.528777 0.848628 0.506391 0.882953 0.482512 0.900862 0.482512 0.903847 0.470573 0.920263 0.470573 0.897877 0.488482 0.866537 0.488482 0.863552 0.501913 0.836689 0.509375 0.812810 0.527284 0.794901
0 0.578575 0.362784 0.569223 0.365122 0.558701 0.363953 0.550518 0.358108 0.548180 0.352263 0.548180 0.345248 0.566884 0.328882 0.576237 0.328882 0.580913 0.332389 0.587927 0.360446
