0 0.000000 0.020500 0.006637 0.028813 0.008232 0.041512 0.002055 0.050836 0.000000 0.054848
0 0.503175 0.762370 0.505150 0.765485 0.516849 0.779546 0.519627 0.783580 0.526142 0.783112 0.530772 0.782242 0.536357 0.786258 0.540063 0.796650 0.544732 0.822499 0.543816 0.824644 0.539616 0.830713 0.534581 0.838794 0.518944 0.844273 0.505254 0.852305 0.491374 0.865296 0.486578 0.867664 0.469350 0.878135 0.460736 0.890328 0.451202 0.896711 0.428402 0.888176 0.405754 0.885019 0.403266 0.878159 0.402795 0.872985 0.402801 0.863265 0.404807 0.858501 0.410239 0.849499 0.420258 0.844242 0.431291 0.845086 0.438801 0.843250 0.445087 0.840988 0.449800 0.829478 0.443647 0.822341 0.437371 0.837084 0.432148 0.838480 0.425491 0.838932 0.418822 0.834045 0.412102 0.816818 0.415177 0.809980 0.417126 0.806847 0.424679 0.790275 0.428378 0.789563 0.438461 0.788917 0.445295 0.793958 0.456321 0.801320 0.457259 0.794273 0.453714 0.785857 0.452718 0.782305 0.449486 0.775442 0.445084 0.771573 0.420114 0.766543 0.411686 0.758003 0.417051 0.750888 0.418529 0.751256 0.448876 0.752118 0.463301 0.755131 0.476795 0.765674 0.490672 0.753802 0.494986 0.752527
0 0.968402 0.448966 0.983758 0.465515 0.986274 0.484871 0.985181 0.515450 0.976771 0.531715 0.963245 0.530633 0.963219 0.537320 0.981172 0.556024 0.986603 0.566700 0.979378 0.589298 0.969643 0.599663 0.958450 0.598666 0.937153 0.600245 0.920886 0.594303 0.906879 0.587836 0.892030 0.589277 0.872429 0.588753 0.843586 0.590784 0.829767 0.595940 0.812170 0.592403 0.813321 0.580060 0.821033 0.571461 0.834075 0.564408 0.857084 0.543474 0.864863 0.535254 0.867205 0.527723 0.850879 0.503186 0.847937 0.496350 0.846701 0.485428 0.847852 0.477714 0.851881 0.472056 0.875478 0.461770 0.889866 0.464342 0.893895 0.469999 0.913462 0.486457 0.920369 0.484400 0.928426 0.476685 0.953750 0.460227 0.961577 0.452062
0 0.201095 0.600685 0.201166 0.607624 0.199500 0.618400 0.201582 0.632947 0.201937 0.648146 0.209077 0.661503 0.210254 0.672334 0.212823 0.686827 0.211158 0.700835 0.214072 0.707839 0.219054 0.712945 0.223303 0.723406 0.222025 0.731181 0.212733 0.742690 0.206800 0.746532 0.199917 0.748788 0.194921 0.753637 0.184512 0.755792 0.177698 0.753761 0.169107 0.741783 0.159532 0.731546 0.144782 0.731465 0.136594 0.723379 0.131008 0.715286 0.120812 0.712150 0.113734 0.704068 0.108321 0.699219 0.097913 0.683594 0.096664 0.676589 0.097913 0.661503 0.103722 0.644037 0.107538 0.638009 0.113734 0.634564 0.120994 0.633404 0.153895 0.614541 0.173843 0.608090 0.180154 0.605368 0.189092 0.600081 0.198272 0.596169
0 0.070312 0.121094 0.058594 0.156250 0.023438 0.210938 0.011719 0.242188 0.000000 0.259766 0.000000 0.146484 0.039062 0.109375
0 0.147505 0.889170 0.171160 0.903462 0.187500 0.929688 0.200080 0.968548 0.200093 0.992052 0.202232 1.000000 0.040018 1.000000 0.035156 0.996094 0.045309 0.982496 0.101312 0.982941 0.064225 0.950380 0.076217 0.937457 0.087594 0.918664 0.096080 0.908289 0.110767 0.897296 0.130933 0.892789 0.142323 0.888233
0 0.765625 0.695312 0.765625 0.726562 0.781250 0.738281 0.832031 0.757812 0.847656 0.792969 0.843750 0.832031 0.824219 0.859375 0.781250 0.875000 0.734375 0.867188 0.687500 0.867188 0.687500 0.863281 0.644531 0.859375 0.632812 0.851562 0.636719 0.832031 0.660156 0.804688 0.664062 0.777344 0.683594 0.746094 0.750000 0.687500
0 0.394629 0.162923 0.468616 0.141519 0.505577 0.173325 0.463031 0.201227 0.511890 0.221505 0.578687 0.189531 0.587054 0.169262 0.615437 0.166339 0.643111 0.180949 0.664050 0.230518 0.654279 0.262062 0.666539 0.284356 0.654824 0.340904 0.632262 0.365666 0.618440 0.357596 0.578325 0.388063 0.544030 0.451413 0.524480 0.450333 0.518030 0.402840 0.527723 0.390979 0.549880 0.310286 0.573313 0.256429 0.544719 0.261789 0.545032 0.289521 0.505597 0.274192 0.460577 0.278918 0.402594 0.305752 0.348511 0.303391 0.284854 0.272878 0.256429 0.221505 0.268510 0.204725 0.337564 0.208007 0.385560 0.230774 0.401440 0.247395 0.445952 0.231977 0.397421 0.197847 0.336594 0.181729 0.313664 0.139266 0.328499 0.117331
0 0.406062 0.903611 0.414827 0.911962 0.441446 0.908320 0.460224 0.908320 0.485827 0.920751 0.487129 0.932034 0.483462 0.960843 0.463374 0.983275 0.462113 1.000000 0.362089 1.000000 0.362098 0.996100 0.345161 0.992336 0.342642 1.000000 0.269239 1.000000 0.263837 0.996378 0.251858 0.972212 0.251182 0.961338 0.263110 0.952501 0.275137 0.948948 0.292368 0.934398 0.303561 0.921079 0.325218 0.917426 0.356021 0.908001 0.380789 0.891595
0 0.519531 0.398438 0.515625 0.437500 0.535156 0.464844 0.546875 0.500000 0.546875 0.539062 0.550781 0.539062 0.550781 0.601562 0.554688 0.605469 0.554688 0.660156 0.542969 0.718750 0.542969 0.746094 0.523438 0.781250 0.511719 0.781250 0.488281 0.734375 0.476562 0.699219 0.464844 0.636719 0.464844 0.601562 0.449219 0.562500 0.445312 0.503906 0.433594 0.460938 0.437500 0.410156 0.453125 0.402344 0.488281 0.398438
0 0.360566 0.000000 0.349313 0.012127 0.326086 0.042026 0.316956 0.047680 0.295714 0.023227 0.287779 0.017094 0.273438 0.015625 0.266410 0.000000
0 0.761719 0.183594 0.785156 0.183594 0.789062 0.183594 0.824219 0.191406 0.828125 0.191406 0.839844 0.199219 0.843750 0.199219 0.855469 0.214844 0.859375 0.218750 0.855469 0.246094 0.855469 0.250000 0.812500 0.253906 0.808594 0.253906 0.773438 0.242188 0.769531 0.242188 0.761719 0.234375 0.757812 0.234375 0.746094 0.222656 0.742188 0.218750 0.742188 0.195312 0.742188 0.191406 0.761719 0.183594
0 0.664062 0.371094 0.683594 0.375000 0.687500 0.378906 0.695312 0.402344 0.699219 0.406250 0.699219 0.425781 0.699219 0.429688 0.679688 0.445312 0.675781 0.449219 0.664062 0.449219 0.660156 0.449219 0.636719 0.460938 0.632812 0.460938 0.613281 0.500000 0.609375 0.503906 0.582031 0.500000 0.578125 0.500000 0.570312 0.492188 0.566406 0.488281 0.566406 0.476562 0.566406 0.472656 0.558594 0.460938 0.554688 0.457031 0.558594 0.425781 0.558594 0.421875 0.566406 0.414062 0.570312 0.410156 0.578125 0.410156 0.582031 0.406250 0.625000 0.406250 0.628906 0.406250 0.664062 0.371094
0 0.683594 0.152344 0.703125 0.156250 0.707031 0.156250 0.722656 0.171875 0.726562 0.175781 0.726562 0.183594 0.730469 0.187500 0.730469 0.214844 0.730469 0.218750 0.718750 0.261719 0.718750 0.265625 0.707031 0.273438 0.703125 0.277344 0.683594 0.277344 0.679688 0.277344 0.667969 0.265625 0.664062 0.261719 0.667969 0.234375 0.667969 0.230469 0.664062 0.214844 0.660156 0.210938 0.660156 0.183594 0.656250 0.179688 0.660156 0.171875 0.660156 0.167969 0.683594 0.152344
0 0.023438 0.554688 0.039062 0.554688 0.042969 0.554688 0.066406 0.585938 0.070312 0.589844 0.070312 0.613281 0.070312 0.617188 0.042969 0.636719 0.039062 0.640625 0.023438 0.636719 0.019531 0.632812 0.011719 0.617188 0.007812 0.613281 0.007812 0.597656 0.003906 0.593750 0.003906 0.578125 0.003906 0.574219 0.023438 0.554688
0 0.093750 0.484375 0.125000 0.484375 0.128906 0.484375 0.132812 0.507812 0.132812 0.511719 0.117188 0.539062 0.117188 0.542969 0.093750 0.566406 0.089844 0.570312 0.070312 0.570312 0.066406 0.570312 0.042969 0.550781 0.039062 0.550781 0.039062 0.531250 0.039062 0.527344 0.066406 0.500000 0.070312 0.496094 0.093750 0.484375
0 0.146072 0.470777 0.160432 0.486734 0.184367 0.494712 0.193941 0.486734 0.214684 0.493116 0.217875 0.481947 0.217875 0.469182 0.211493 0.461204 0.192345 0.465990 0.177984 0.461204 0.160432 0.461204
0 0.388609 0.686188 0.390204 0.710123 0.412543 0.711718 0.420521 0.702145 0.436478 0.702145 0.447647 0.687784 0.447647 0.676614 0.444456 0.668636 0.438073 0.663850 0.430095 0.663850 0.422117 0.660658 0.409352 0.662254
0 0.051929 0.856921 0.042355 0.871282 0.045546 0.871282 0.045546 0.877665 0.064694 0.869687 0.079055 0.872878 0.093416 0.853730 0.122137 0.853730 0.141285 0.840965 0.154050 0.829796 0.152454 0.813839 0.138093 0.817030 0.099798 0.836178 0.071077 0.837774 0.059907 0.840965 0.059907 0.845752
0 0.277344 0.562500 0.351562 0.566406 0.355469 0.566406 0.363281 0.578125 0.367188 0.582031 0.308594 0.605469 0.304688 0.605469 0.261719 0.632812 0.257812 0.632812 0.246094 0.625000 0.242188 0.625000 0.234375 0.613281 0.230469 0.609375 0.230469 0.597656 0.230469 0.593750 0.246094 0.574219 0.250000 0.570312 0.277344 0.562500
0 0.255500 0.306741 0.272511 0.328855 0.291223 0.339062 0.315038 0.344165 0.320142 0.352671 0.340555 0.359475 0.335452 0.339062 0.359267 0.339062 0.371175 0.333959 0.374577 0.325453 0.429012 0.325453 0.447724 0.335660 0.442621 0.316948 0.425610 0.315247 0.425610 0.311845 0.403495 0.306741 0.354164 0.306741 0.298027 0.284627 0.275913 0.286328 0.264005 0.289730
0 0.621094 0.011719 0.644531 0.011719 0.648438 0.011719 0.648438 0.031250 0.648438 0.035156 0.617188 0.070312 0.613281 0.074219 0.589844 0.085938 0.585938 0.089844 0.574219 0.085938 0.570312 0.085938 0.566406 0.058594 0.566406 0.054688 0.574219 0.039062 0.574219 0.035156 0.621094 0.011719
0 0.000000 0.702716 0.008042 0.701376 0.006569 0.676336 0.003623 0.667498 0.000000 0.664237
0 0.000000 0.625636 0.000000 0.666662 0.006569 0.671917 0.036028 0.660133 0.034555 0.640984 0.008042 0.626255
0 0.996094 0.000000 0.996094 0.023438 0.976562 0.035156 0.945312 0.042969 0.886719 0.066406 0.875000 0.066406 0.839844 0.082031 0.804688 0.089844 0.781250 0.101562 0.753906 0.109375 0.730469 0.109375 0.714844 0.117188 0.695312 0.117188 0.675781 0.125000 0.593750 0.132812 0.596275 0.111808 0.646925 0.046469 0.689725 0.009419 0.697050 0.000000
