0 0.148438 0.625000 0.148438 0.601562 0.144531 0.597656 0.109375 0.531250 0.078125 0.507812 0.062500 0.507812 0.046875 0.515625 0.027344 0.539062 0.000000 0.545898 0.000000 0.658026 0.031250 0.683594 0.128906 0.691406 0.144531 0.679688 0.144531 0.664062 0.128906 0.640625 0.132812 0.636719
0 0.078125 0.000000 0.054688 0.070312 0.050781 0.074219 0.062500 0.214844 0.062500 0.218750 0.054688 0.230469 0.050781 0.234375 0.007812 0.253906 0.003906 0.257812 0.000000 0.258203 0.000000 0.000000
0 0.191406 0.000000 0.183594 0.007812 0.183594 0.011719 0.144531 0.011719 0.140625 0.011719 0.105469 0.023438 0.101562 0.027344 0.093750 0.023438 0.089844 0.019531 0.089844 0.000000
0 0.847656 0.000000 0.847656 0.000000 0.863281 0.031250 0.863281 0.035156 0.902344 0.050781 0.906250 0.050781 0.917969 0.070312 0.921875 0.074219 0.929688 0.140625 0.929688 0.144531 0.906250 0.171875 0.902344 0.175781 0.886719 0.179688 0.882812 0.179688 0.855469 0.148438 0.851562 0.144531 0.851562 0.074219 0.851562 0.070312 0.843750 0.062500 0.839844 0.058594 0.824219 0.054688 0.820312 0.054688 0.804688 0.042969 0.800781 0.042969 0.792969 0.031250 0.789062 0.027344 0.784505 0.000000
0 0.359375 0.218750 0.410156 0.218750 0.414062 0.218750 0.437500 0.238281 0.441406 0.242188 0.437500 0.269531 0.437500 0.273438 0.421875 0.289062 0.417969 0.292969 0.417969 0.300781 0.414062 0.304688 0.417969 0.339844 0.417969 0.343750 0.386719 0.371094 0.382812 0.375000 0.347656 0.375000 0.343750 0.375000 0.335938 0.367188 0.332031 0.363281 0.328125 0.351562 0.328125 0.347656 0.339844 0.312500 0.339844 0.308594 0.324219 0.300781 0.320312 0.300781 0.312500 0.281250 0.308594 0.277344 0.312500 0.253906 0.312500 0.250000 0.359375 0.218750
0 0.257812 0.105469 0.289062 0.109375 0.292969 0.109375 0.300781 0.121094 0.304688 0.125000 0.312500 0.156250 0.312500 0.160156 0.300781 0.179688 0.300781 0.183594 0.292969 0.187500 0.289062 0.191406 0.273438 0.187500 0.269531 0.187500 0.246094 0.152344 0.242188 0.148438 0.242188 0.132812 0.242188 0.128906 0.257812 0.105469
0 0.167969 0.843750 0.152344 0.781250 0.152344 0.742188 0.128906 0.714844 0.109375 0.714844 0.078125 0.765625 0.086504 0.777358 0.096381 0.779945 0.103529 0.787093 0.107694 0.797788 0.113790 0.805749 0.116407 0.815626 0.140625 0.839844 0.144531 0.839844
0 0.484375 0.871094 0.519531 0.875000 0.523438 0.875000 0.527344 0.898438 0.527344 0.902344 0.566406 0.933594 0.570312 0.937500 0.585938 0.968750 0.589844 0.972656 0.589844 0.980469 0.585938 0.984375 0.546875 0.996094 0.542969 0.996094 0.540365 1.000000 0.497830 1.000000 0.496094 0.984375 0.496094 0.980469 0.484375 0.957031 0.484375 0.953125 0.468750 0.941406 0.464844 0.937500 0.464844 0.894531 0.464844 0.890625 0.468750 0.882812 0.468750 0.878906 0.484375 0.871094
0 0.429688 0.609375 0.445312 0.609375 0.449219 0.609375 0.460938 0.621094 0.464844 0.625000 0.472656 0.671875 0.476562 0.675781 0.472656 0.714844 0.472656 0.718750 0.464844 0.730469 0.460938 0.734375 0.445312 0.738281 0.441406 0.742188 0.382812 0.742188 0.378906 0.742188 0.363281 0.777344 0.363281 0.781250 0.355469 0.785156 0.351562 0.785156 0.343750 0.765625 0.339844 0.761719 0.339844 0.734375 0.339844 0.730469 0.347656 0.710938 0.347656 0.707031 0.398438 0.632812 0.398438 0.628906 0.429688 0.609375
0 0.005713 0.464775 0.000000 0.470489 0.000000 0.476562 0.000000 0.476562 0.000000 0.439531 0.005713 0.445244 0.008330 0.455010
0 0.823326 0.078168 0.818422 0.096106 0.817102 0.105348 0.817102 0.110630 0.820025 0.120645 0.821964 0.124450 0.808594 0.128906 0.804688 0.132812 0.765625 0.132812 0.730469 0.117188 0.726562 0.117188 0.769531 0.093750 0.773438 0.093750 0.808594 0.066406 0.820312 0.074219 0.823794 0.077700
0 0.706977 0.000000 0.714477 0.006251 0.720652 0.010180 0.725143 0.014671 0.733564 0.020846 0.742425 0.023571 0.746916 0.023571 0.754655 0.021408 0.757462 0.019723 0.764121 0.013064 0.767490 0.006889 0.769285 0.000000
0 0.242188 0.523438 0.257812 0.527344 0.261719 0.527344 0.265625 0.535156 0.269531 0.539062 0.269531 0.574219 0.269531 0.578125 0.261719 0.605469 0.261719 0.609375 0.242188 0.644531 0.242188 0.648438 0.222656 0.671875 0.222656 0.675781 0.210938 0.683594 0.207031 0.687500 0.195312 0.687500 0.191406 0.687500 0.171875 0.675781 0.167969 0.671875 0.167969 0.632812 0.167969 0.628906 0.199219 0.566406 0.199219 0.562500 0.242188 0.523438
0 0.344531 0.000000 0.351562 0.011719 0.351562 0.015625 0.367188 0.023438 0.371094 0.023438 0.382812 0.050781 0.382812 0.054688 0.378906 0.062500 0.375000 0.066406 0.339844 0.070312 0.335938 0.070312 0.304688 0.093750 0.300781 0.097656 0.285156 0.097656 0.281250 0.097656 0.273438 0.093750 0.269531 0.089844 0.261719 0.039062 0.261719 0.035156 0.269531 0.023438 0.269531 0.019531 0.300223 0.000000
0 0.433594 0.000000 0.433594 0.000000 0.433594 0.015625 0.433594 0.019531 0.417969 0.031250 0.414062 0.035156 0.386719 0.031250 0.382812 0.027344 0.382812 0.007812 0.382812 0.003906 0.385938 0.000000
0 0.125000 0.335938 0.144531 0.335938 0.148438 0.335938 0.175781 0.359375 0.179688 0.363281 0.203125 0.425781 0.207031 0.429688 0.207031 0.445312 0.207031 0.449219 0.148438 0.453125 0.144531 0.453125 0.125000 0.433594 0.121094 0.429688 0.085938 0.410156 0.082031 0.406250 0.085938 0.375000 0.085938 0.371094 0.074219 0.355469 0.074219 0.351562 0.105469 0.347656 0.109375 0.347656 0.125000 0.335938
