0 0.164209 0.224700 0.164278 0.216934 0.167070 0.216709 0.172904 0.217548 0.176254 0.228076 0.174551 0.235155 0.164405 0.230986
0 0.127148 0.228779 0.125872 0.232685 0.125003 0.239390 0.124387 0.241959 0.124032 0.247392 0.117402 0.248827 0.113624 0.245830 0.113352 0.243995 0.109718 0.240361 0.109493 0.237568 0.111137 0.230621 0.113105 0.226309 0.122344 0.224755
0 0.876330 0.741116 0.879631 0.744417 0.876346 0.749522 0.865967 0.748964 0.861475 0.748384 0.857048 0.747924 0.857701 0.739341 0.862541 0.740549 0.864262 0.741286
0 0.829482 0.815407 0.835609 0.807977 0.840705 0.809258 0.845765 0.807195 0.852913 0.810437 0.847296 0.816318 0.831966 0.816923
0 0.754914 0.826627 0.772255 0.827894 0.773299 0.835305 0.768095 0.836731 0.761964 0.834647 0.754559 0.834396 0.750698 0.829927
0 0.393298 0.829198 0.400533 0.827127 0.402170 0.830319 0.411055 0.832741 0.412099 0.836636 0.403770 0.839806 0.393879 0.836636
0 0.413577 0.842213 0.431959 0.842194 0.435201 0.845436 0.426490 0.849850 0.419849 0.851803 0.414482 0.849041 0.411328 0.845744
0 0.313674 0.840411 0.320312 0.835457 0.330345 0.837190 0.323352 0.846477 0.322923 0.850421 0.316796 0.853717 0.311586 0.844782
0 0.242211 0.939911 0.251028 0.935763 0.257278 0.934096 0.262473 0.937338 0.258561 0.941513 0.248938 0.945667 0.243606 0.946049
0 0.017405 0.796696 0.020011 0.801372 0.012464 0.803475 0.008811 0.805150 0.006930 0.805150 0.006404 0.805541 0.000164 0.802935 0.000164 0.796177 0.001208 0.795133 0.002634 0.794751 0.005109 0.796375
0 0.003569 0.664233 0.009330 0.657473 0.016361 0.657473 0.021947 0.661496 0.018177 0.666700 0.012318 0.669435 0.005108 0.669280
0 0.090958 0.765304 0.091254 0.765379 0.092520 0.763411 0.099837 0.763906 0.101114 0.762239 0.104884 0.761857 0.107338 0.763268 0.111914 0.769470 0.113794 0.771349 0.108208 0.775763 0.104012 0.773783 0.095845 0.771866 0.094423 0.769957 0.092911 0.769522 0.091217 0.765652
0 0.059057 0.725474 0.054323 0.727042 0.052641 0.724129 0.050479 0.719870 0.054345 0.716964 0.059306 0.713544 0.065961 0.714832 0.070405 0.718140 0.071615 0.723946 0.071387 0.729909 0.071707 0.732862 0.074536 0.737165 0.062589 0.740559 0.060493 0.740025 0.060432 0.735545 0.060957 0.730065 0.062038 0.728981 0.061536 0.727621
0 0.552543 0.845189 0.552892 0.844969 0.555685 0.845194 0.555632 0.845545 0.556466 0.845975 0.557892 0.849226 0.556857 0.855211 0.554366 0.856116 0.554377 0.856257 0.550216 0.861071 0.540852 0.857683 0.540289 0.850398 0.540852 0.847019 0.543459 0.844804 0.549572 0.844031 0.550998 0.844413 0.551867 0.845190
0 0.122225 0.824086 0.122687 0.824837 0.126270 0.826107 0.127369 0.832466 0.129015 0.835149 0.128738 0.840090 0.120283 0.838528 0.117114 0.832459 0.114368 0.830254 0.114298 0.830256 0.111438 0.825588 0.120516 0.824259 0.120738 0.824330
0 0.321504 0.824502 0.323100 0.820036 0.331805 0.817558 0.336102 0.815110 0.340985 0.816048 0.354071 0.815891 0.359117 0.817940 0.364345 0.822649 0.354953 0.824301 0.350964 0.823047 0.345836 0.823842 0.343134 0.825110 0.340399 0.824900 0.335711 0.826282 0.325515 0.826186 0.325573 0.825309 0.323346 0.825753
0 0.493665 0.663498 0.507514 0.659050 0.513113 0.659165 0.517979 0.662194 0.512216 0.666954 0.505361 0.669645 0.493022 0.669223
0 0.308996 0.706307 0.319742 0.706506 0.322852 0.706968 0.323552 0.717934 0.320112 0.718318 0.307317 0.714593 0.307317 0.709394
0 0.353116 0.492925 0.356275 0.486878 0.360164 0.486197 0.360455 0.483089 0.362400 0.478148 0.365260 0.476331 0.367714 0.477742 0.371409 0.480265 0.373717 0.480620 0.375542 0.482445 0.367962 0.489751 0.367468 0.492378 0.364088 0.495706 0.356862 0.493987 0.354557 0.493868
0 0.072774 0.482764 0.076814 0.481992 0.086036 0.482705 0.087861 0.488944 0.081876 0.492609 0.074591 0.491550 0.069641 0.484530
0 0.111882 0.513807 0.125369 0.506687 0.130609 0.510647 0.132480 0.519355 0.128492 0.521448 0.114029 0.521474 0.111994 0.517824
0 0.060870 0.431923 0.064791 0.427511 0.068341 0.427334 0.072108 0.429170 0.075744 0.431363 0.077475 0.434250 0.078214 0.437741 0.080176 0.443633 0.076673 0.445583 0.071777 0.443869 0.069620 0.442895 0.065316 0.440531 0.063232 0.442893 0.057475 0.441350 0.059547 0.434711
0 0.513856 0.000000 0.520158 0.000000 0.524385 0.005564 0.527653 0.007270 0.525055 0.012486 0.516598 0.010256 0.510876 0.003099
0 0.655692 0.489047 0.667030 0.486765 0.667143 0.486818 0.674363 0.487785 0.676262 0.491104 0.678085 0.491960 0.676269 0.494820 0.668202 0.496374 0.663261 0.495992 0.655721 0.492320
0 0.866551 0.006628 0.876298 0.010002 0.878585 0.016184 0.866823 0.016997 0.862383 0.015323 0.858804 0.010700 0.862383 0.006508
0 0.969267 0.458746 0.971225 0.455355 0.974406 0.455954 0.978850 0.455855 0.980726 0.458734 0.981372 0.462526 0.981260 0.466299 0.983246 0.468231 0.988148 0.472406 0.986714 0.476692 0.979590 0.475394 0.977311 0.471524 0.973941 0.467765 0.973870 0.462793 0.970496 0.460708
0 0.873051 0.303029 0.875902 0.303029 0.876332 0.303774 0.877570 0.304305 0.879680 0.305635 0.876430 0.309913 0.874086 0.309913 0.872713 0.309938 0.876293 0.317343 0.872914 0.317620 0.865757 0.315518 0.865471 0.314451 0.864203 0.310577 0.867087 0.307430 0.867320 0.306807 0.872839 0.303820
0 0.855082 0.231271 0.864823 0.225949 0.868104 0.235781 0.866028 0.240970 0.861710 0.243383 0.858968 0.242027 0.855148 0.234667
0 0.265405 0.079752 0.268965 0.075105 0.275174 0.074806 0.278218 0.073818 0.280718 0.074391 0.283149 0.077736 0.278854 0.086213 0.276267 0.090996 0.275177 0.094382 0.271071 0.098736 0.267658 0.102592 0.264175 0.099042 0.265235 0.094366 0.265212 0.090254 0.265348 0.087829
0 0.774520 0.365837 0.782120 0.362750 0.788370 0.367047 0.790195 0.375239 0.782393 0.375502 0.780440 0.374720 0.773537 0.367817
0 0.455973 0.501804 0.458063 0.498957 0.466085 0.501862 0.462993 0.506271 0.459090 0.508485 0.458829 0.509098 0.455188 0.512086 0.448587 0.508977 0.447766 0.508961 0.444523 0.505328 0.446340 0.502468 0.451830 0.502251
0 0.421244 0.462515 0.426970 0.461321 0.435818 0.461989 0.436471 0.472525 0.430096 0.474236 0.424373 0.474740 0.420237 0.467138
0 0.308398 0.549301 0.316756 0.549631 0.320225 0.553618 0.322879 0.559777 0.312791 0.561436 0.306611 0.558605 0.306788 0.552291
0 0.253414 0.279897 0.253636 0.279780 0.252485 0.276969 0.255083 0.272546 0.261841 0.272546 0.263486 0.274576 0.264243 0.274176 0.263721 0.276395 0.263080 0.279118 0.261872 0.281699 0.264252 0.288102 0.251626 0.290700 0.248046 0.289726 0.244627 0.289041 0.239391 0.286539 0.240435 0.281472 0.245376 0.280518 0.249282 0.279528 0.250276 0.279809
0 0.137045 0.344216 0.145054 0.346542 0.145326 0.350330 0.147150 0.354888 0.149870 0.356436 0.152866 0.359433 0.152223 0.362054 0.151432 0.365281 0.142685 0.364074 0.139333 0.362675 0.139139 0.360392 0.138833 0.356797 0.135036 0.352909 0.135616 0.347926 0.135848 0.345931
0 0.155502 0.335235 0.152129 0.330120 0.156575 0.323848 0.167735 0.326478 0.171122 0.329084 0.165119 0.333357 0.161621 0.338830
0 0.211784 0.168665 0.218633 0.165508 0.222006 0.164737 0.225586 0.164817 0.227071 0.162267 0.231439 0.161866 0.237614 0.168175 0.238945 0.170602 0.231850 0.177288 0.227481 0.176886 0.225100 0.174767 0.220940 0.175009 0.216641 0.174531 0.213803 0.174006 0.211927 0.170944
0 0.361889 0.139582 0.375878 0.139446 0.377313 0.140880 0.378875 0.148029 0.370937 0.150131 0.361308 0.148291 0.359587 0.143510
0 0.672192 0.418475 0.676276 0.419824 0.678101 0.424500 0.668073 0.430232 0.663659 0.430622 0.662233 0.428153 0.665221 0.417089
0 0.904079 0.134718 0.908284 0.139398 0.898264 0.148118 0.887338 0.143949 0.890478 0.135223 0.893459 0.132632 0.900253 0.132277
0 0.808209 0.326353 0.812234 0.324164 0.826792 0.324431 0.829898 0.329005 0.824594 0.336877 0.812694 0.337415 0.807730 0.331204
0 0.751584 0.451711 0.750333 0.452962 0.749000 0.454411 0.751993 0.455629 0.753037 0.456673 0.753591 0.458009 0.755118 0.458363 0.756231 0.458920 0.762149 0.459535 0.761759 0.464865 0.758405 0.465701 0.758405 0.465782 0.755723 0.465969 0.755509 0.466037 0.752899 0.466166 0.748600 0.466466 0.745917 0.466256 0.740386 0.458507 0.741154 0.456252 0.742249 0.453036 0.742247 0.453020 0.742509 0.447747 0.742247 0.445989 0.747052 0.439231 0.758256 0.442068 0.758505 0.442220 0.758429 0.442420 0.758505 0.442610 0.758861 0.446481 0.759669 0.448333 0.757852 0.451193 0.752227 0.451592
0 0.338753 0.159720 0.346479 0.159359 0.357549 0.159355 0.358338 0.157703 0.363121 0.155684 0.366964 0.163707 0.367454 0.164730 0.367672 0.165185 0.367478 0.165268 0.364625 0.169009 0.361500 0.168409 0.359997 0.168489 0.357940 0.169375 0.355571 0.175595 0.355172 0.180420 0.351539 0.183662 0.343609 0.176904 0.343976 0.172802 0.338292 0.169807 0.335016 0.165185 0.336014 0.162832
0 0.477548 0.227212 0.482592 0.226756 0.483570 0.226501 0.486441 0.225216 0.491494 0.225854 0.493071 0.227041 0.491404 0.235856 0.491118 0.237705 0.486268 0.238596 0.482689 0.241818 0.479050 0.241818 0.472743 0.236173
0 0.191623 0.713179 0.193857 0.715135 0.194048 0.716926 0.194820 0.717640 0.195593 0.719847 0.194820 0.723226 0.194317 0.724144 0.193648 0.727913 0.191042 0.730129 0.181679 0.727913 0.181351 0.726862 0.180487 0.726577 0.175088 0.726026 0.171665 0.719771 0.174768 0.715258 0.176857 0.710440 0.177491 0.709914 0.177495 0.709691 0.176999 0.707737 0.177382 0.706312 0.183366 0.705095 0.188961 0.706702 0.189886 0.711533 0.190441 0.712378
0 0.386066 0.963059 0.387240 0.963030 0.389000 0.962883 0.389156 0.962981 0.398009 0.962755 0.400808 0.972533 0.396148 0.974771 0.394698 0.977044 0.393296 0.979541 0.387996 0.978264 0.385495 0.976544 0.385113 0.969650 0.386307 0.964423
0 0.757677 0.790199 0.757258 0.785887 0.766387 0.784646 0.768239 0.785813 0.770574 0.795832 0.765125 0.800255 0.759770 0.794329
0 0.726001 0.802456 0.729571 0.799584 0.733980 0.799347 0.744541 0.802589 0.744173 0.805944 0.747157 0.806429 0.751495 0.808976 0.750713 0.819640 0.743475 0.822324 0.735543 0.820927 0.729872 0.815236 0.724516 0.812836 0.722209 0.812481 0.719611 0.808449 0.721956 0.804100
0 0.778238 0.724332 0.783087 0.717195 0.783171 0.714640 0.784620 0.706183 0.791640 0.704358 0.793359 0.707919 0.795019 0.709171 0.795091 0.712825 0.795535 0.713990 0.799908 0.714315 0.802090 0.719817 0.802225 0.719966 0.805449 0.720096 0.808828 0.720374 0.810653 0.725050 0.808850 0.727251 0.809155 0.727585 0.801691 0.733676 0.808373 0.740476 0.797447 0.741910 0.792724 0.736796 0.789634 0.736442 0.785521 0.730631 0.779764 0.727743
0 0.835579 0.742548 0.835583 0.742543 0.833903 0.737624 0.840669 0.737084 0.840915 0.737079 0.841285 0.736700 0.844438 0.736765 0.840153 0.732859 0.840153 0.726491 0.845479 0.721166 0.846381 0.715251 0.849502 0.713119 0.849918 0.709304 0.858833 0.705691 0.863228 0.705122 0.864614 0.707214 0.862279 0.716452 0.861072 0.718051 0.859154 0.723875 0.855782 0.730372 0.853549 0.736120 0.854068 0.737683 0.848345 0.745231 0.844029 0.747293 0.841314 0.751480 0.836637 0.750437 0.835644 0.745803 0.835465 0.745554 0.835083 0.744128 0.835579 0.743124
0 0.797826 0.804300 0.801655 0.800189 0.805967 0.794307 0.808752 0.795105 0.815898 0.795713 0.819543 0.798799 0.823599 0.803507 0.821306 0.806641 0.814284 0.806302 0.812407 0.818477 0.808638 0.818859 0.803434 0.815480 0.798618 0.813789 0.797184 0.812355 0.797025 0.808308
0 0.877364 0.779152 0.888617 0.774970 0.889947 0.777862 0.899036 0.781092 0.896430 0.788503 0.891879 0.789666 0.890833 0.790857 0.889789 0.797487 0.883871 0.797712 0.880160 0.798650 0.873911 0.798260 0.870659 0.796053 0.873664 0.788182 0.874175 0.784998 0.876904 0.783531
0 0.764646 0.936282 0.773311 0.929888 0.783330 0.928725 0.788135 0.932357 0.779034 0.936609 0.768877 0.943021 0.766603 0.941205
0 0.710559 0.969349 0.708326 0.969979 0.705594 0.967013 0.706405 0.963014 0.710540 0.952266 0.715975 0.952712 0.719152 0.948727 0.726939 0.949033 0.729778 0.952263 0.733970 0.952939 0.734200 0.958232 0.727756 0.958233 0.724271 0.959178 0.720354 0.963120 0.724717 0.965788 0.724580 0.971878 0.730559 0.976481 0.734459 0.981852 0.732061 0.983124 0.729037 0.982209 0.723759 0.982251 0.715557 0.985052 0.713545 0.984827 0.712951 0.978390
0 0.966648 0.916527 0.973396 0.917764 0.980725 0.925094 0.979987 0.934495 0.977587 0.949179 0.977344 0.955773 0.970311 0.960549 0.960774 0.954115 0.956857 0.951889 0.952562 0.952097 0.946259 0.951703 0.942774 0.951866 0.942397 0.951619 0.943098 0.951011 0.947157 0.943907 0.951235 0.934389 0.958297 0.926363 0.959075 0.918341 0.960074 0.915710
0 0.811722 0.968407 0.809779 0.960941 0.809980 0.955194 0.807621 0.944513 0.809200 0.934471 0.809432 0.929181 0.812854 0.924331 0.817680 0.921193 0.818080 0.919581 0.819074 0.919015 0.820695 0.916404 0.821402 0.915765 0.822675 0.912112 0.828991 0.905795 0.830324 0.905299 0.830837 0.904726 0.831139 0.903601 0.832730 0.902010 0.833231 0.900774 0.836013 0.897297 0.840493 0.888967 0.840570 0.888695 0.845007 0.885052 0.847011 0.880822 0.849178 0.878403 0.848537 0.876240 0.849512 0.873111 0.849959 0.867522 0.853369 0.863948 0.862154 0.854468 0.867021 0.850296 0.869362 0.849346 0.874415 0.844293 0.880487 0.841003 0.882676 0.837464 0.884150 0.836645 0.890673 0.827568 0.888539 0.820795 0.887212 0.815295 0.883796 0.813231 0.882325 0.808375 0.886886 0.804714 0.894637 0.803023 0.904532 0.807970 0.914830 0.807031 0.919244 0.808635 0.924988 0.809961 0.932725 0.815701 0.934795 0.819163 0.941467 0.823548 0.945407 0.828527 0.952386 0.842922 0.956744 0.850061 0.957680 0.858175 0.962888 0.872397 0.962986 0.886670 0.961829 0.891629 0.961097 0.907251 0.961596 0.911702 0.959075 0.918341 0.958297 0.926363 0.951235 0.934389 0.947157 0.943907 0.943098 0.951011 0.936554 0.956680 0.933331 0.960598 0.931641 0.961448 0.930794 0.971959 0.931002 0.972890 0.930547 0.980587 0.930716 0.988293 0.931697 0.993054 0.927801 0.998408 0.926472 1.000000 0.802648 1.000000 0.804560 0.995625 0.809691 0.984845 0.809932 0.979148 0.811701 0.974502
0 0.174325 0.484086 0.184548 0.485614 0.186048 0.482871 0.192629 0.477789 0.204306 0.483929 0.206359 0.486368 0.208057 0.492761 0.205823 0.494802 0.199661 0.503486 0.195697 0.505764 0.189060 0.503100 0.181887 0.497865 0.172332 0.498479 0.168530 0.496445 0.171476 0.487242
0 0.000000 0.346985 0.007352 0.350560 0.015566 0.359586 0.020456 0.364500 0.023536 0.366322 0.031083 0.373918 0.034654 0.374822 0.036294 0.375979 0.035303 0.377138 0.039290 0.384044 0.041443 0.383467 0.045162 0.387187 0.049977 0.392632 0.053019 0.401981 0.054627 0.405541 0.054629 0.406338 0.047489 0.411163 0.040931 0.411354 0.040123 0.413907 0.033560 0.417723 0.029432 0.413987 0.025486 0.411749 0.024756 0.409109 0.020311 0.409648 0.016595 0.408843 0.012581 0.413069 0.001670 0.411807 0.000000 0.409338
0 0.504764 0.621530 0.504564 0.620877 0.500824 0.620448 0.500129 0.610266 0.504739 0.608539 0.504818 0.605498 0.506311 0.597268 0.512682 0.591282 0.512132 0.588401 0.515776 0.577346 0.514974 0.573638 0.517045 0.569014 0.519215 0.566792 0.521982 0.557851 0.522607 0.549545 0.525266 0.544995 0.530954 0.539339 0.532194 0.535997 0.540586 0.528541 0.545016 0.526604 0.551645 0.525335 0.558511 0.527563 0.568111 0.531932 0.573780 0.535813 0.575252 0.539295 0.580136 0.544836 0.589259 0.548972 0.605131 0.550021 0.612322 0.550049 0.613834 0.547336 0.618090 0.545617 0.622774 0.549231 0.628520 0.549093 0.634280 0.552996 0.638471 0.557804 0.640238 0.572133 0.641141 0.574265 0.640442 0.579970 0.637470 0.582632 0.630169 0.586269 0.625195 0.587293 0.624391 0.592101 0.606164 0.597596 0.605567 0.600427 0.599480 0.606359 0.595395 0.607629 0.585566 0.615405 0.579820 0.616320 0.569364 0.622796 0.564165 0.625487 0.561526 0.621391 0.554501 0.620277 0.554854 0.619554 0.549975 0.621783 0.546018 0.620411 0.539680 0.625136 0.527114 0.629905 0.518123 0.632112 0.513873 0.638769 0.510617 0.641382 0.506600 0.643748 0.499886 0.648941 0.495490 0.641328 0.499407 0.636715 0.500357 0.633679 0.508473 0.625563 0.513595 0.623223 0.515160 0.621615 0.515155 0.620891 0.508180 0.621960
0 0.152672 0.269659 0.156126 0.266206 0.162273 0.259452 0.164707 0.256396 0.168692 0.252127 0.171905 0.251265 0.185009 0.248850 0.191063 0.252305 0.198377 0.255559 0.201834 0.262139 0.203816 0.266353 0.204573 0.270596 0.208609 0.286398 0.203212 0.289972 0.200915 0.292320 0.197056 0.294711 0.195790 0.296325 0.189228 0.301628 0.179319 0.305830 0.176256 0.308373 0.170478 0.310289 0.167560 0.311764 0.158778 0.314256 0.155138 0.313812 0.144480 0.311304 0.143684 0.306052 0.143209 0.299843 0.141504 0.296593 0.140021 0.292653 0.145138 0.280089 0.146555 0.276077
0 0.932577 0.044882 0.937700 0.046590 0.939480 0.052006 0.942569 0.053641 0.942702 0.054577 0.944332 0.055100 0.944209 0.058190 0.944214 0.062275 0.944305 0.077973 0.944457 0.078195 0.944367 0.078742 0.944729 0.081789 0.944481 0.083689 0.944489 0.083794 0.944896 0.089514 0.940395 0.090640 0.932370 0.090495 0.930234 0.084919 0.926748 0.081800 0.926634 0.076952 0.925518 0.074134 0.925940 0.073046 0.925813 0.070707 0.924565 0.067154 0.925308 0.065324 0.924565 0.063495 0.924158 0.058210 0.924556 0.054693 0.925080 0.054144 0.925369 0.047782 0.928585 0.046733
0 0.759081 0.104998 0.760887 0.104333 0.763739 0.107185 0.763739 0.112263 0.763045 0.115425 0.765048 0.115653 0.768187 0.119574 0.770779 0.122946 0.771161 0.130232 0.768380 0.134704 0.768427 0.135700 0.768427 0.149927 0.771257 0.158264 0.771936 0.159260 0.775466 0.162009 0.777315 0.168154 0.782888 0.173337 0.783166 0.176716 0.784052 0.179060 0.784786 0.185916 0.787313 0.187528 0.791091 0.192087 0.791639 0.196077 0.793459 0.197896 0.793834 0.199053 0.798522 0.203350 0.802052 0.205709 0.802330 0.209478 0.802825 0.211041 0.803216 0.214947 0.797117 0.225214 0.794773 0.229120 0.794622 0.235259 0.793684 0.246002 0.794231 0.247759 0.794231 0.250884 0.793849 0.255045 0.792564 0.257134 0.792669 0.262212 0.792664 0.263793 0.795788 0.265850 0.800091 0.269634 0.797365 0.277310 0.794127 0.281353 0.794074 0.291705 0.792415 0.297104 0.786302 0.297277 0.783958 0.297877 0.778489 0.297877 0.775364 0.297172 0.772630 0.297877 0.769666 0.296347 0.766907 0.296323 0.766184 0.295766 0.761302 0.295923 0.759153 0.295271 0.757005 0.295533 0.755378 0.294950 0.750364 0.295142 0.747434 0.294490 0.742942 0.295142 0.740630 0.293874 0.737220 0.292807 0.735359 0.291660 0.732649 0.294370 0.726435 0.294334 0.723411 0.295142 0.719309 0.294880 0.713645 0.295923 0.711000 0.293842 0.709095 0.293588 0.706751 0.292026 0.703611 0.287714 0.698902 0.283006 0.696727 0.284980 0.692319 0.288291 0.692168 0.288756 0.690071 0.297104 0.686660 0.297780 0.678769 0.297637 0.676282 0.297104 0.674984 0.295070 0.674891 0.295043 0.672630 0.295142 0.668389 0.294868 0.667677 0.298795 0.665959 0.300166 0.666505 0.300748 0.664036 0.302173 0.660502 0.302064 0.659876 0.302107 0.655052 0.304517 0.652903 0.303579 0.650364 0.303136 0.642570 0.302454 0.633599 0.300905 0.632395 0.301002 0.627845 0.300229 0.624848 0.298013 0.624151 0.295131 0.622239 0.295142 0.618351 0.294251 0.618059 0.299322 0.616634 0.301791 0.613255 0.302069 0.606614 0.301783 0.603080 0.300501 0.602052 0.303873 0.598802 0.305689 0.595677 0.305689 0.594114 0.305194 0.591516 0.304916 0.589849 0.302859 0.588001 0.302573 0.586724 0.301296 0.584348 0.301002 0.581646 0.299734 0.580833 0.299830 0.576673 0.298276 0.573110 0.291233 0.573096 0.291014 0.572766 0.290854 0.569627 0.286152 0.564691 0.281216 0.565968 0.274354 0.566177 0.273983 0.566645 0.272115 0.568470 0.270290 0.572630 0.268736 0.574275 0.268818 0.574457 0.266646 0.577296 0.263026 0.577591 0.260650 0.577010 0.258443 0.572895 0.254654 0.572670 0.249517 0.572895 0.245552 0.576677 0.244239 0.576419 0.243462 0.576801 0.242037 0.584739 0.239439 0.587864 0.239439 0.588711 0.239457 0.589023 0.230572 0.589076 0.220611 0.587356 0.214947 0.587356 0.207916 0.587956 0.201275 0.587969 0.199472 0.587741 0.199268 0.588132 0.193800 0.588627 0.192237 0.588627 0.183643 0.587741 0.181690 0.587741 0.177784 0.588123 0.174405 0.588679 0.173682 0.588522 0.163721 0.589041 0.162159 0.588123 0.160460 0.587837 0.158611 0.587067 0.157091 0.584870 0.156425 0.582663 0.152393 0.582581 0.149830 0.580319 0.145362 0.580319 0.137940 0.581766 0.133009 0.580710 0.130909 0.581600 0.123859 0.580710 0.117628 0.581986 0.113721 0.580311 0.112022 0.577194 0.106690 0.579011 0.103830 0.580454 0.103453 0.581229 0.100831 0.581092 0.097843 0.585937 0.096122 0.587214 0.094846 0.592682 0.092893 0.593598 0.092771 0.596550 0.089969 0.596596 0.089307 0.595944 0.086378 0.595944 0.080518 0.596835 0.073469 0.595936 0.070616 0.595163 0.065675 0.594772 0.061768 0.594848 0.059921 0.588913 0.050831 0.589227 0.043409 0.588813 0.041444 0.588458 0.040768 0.588306 0.040184 0.587111 0.035771 0.586362 0.033203 0.582989 0.027877 0.582456 0.025390 0.579352 0.016591 0.582544 0.009808 0.581696 0.006826 0.582170 0.000000 0.789224 0.000000 0.789054 0.002161 0.790269 0.004276 0.786871 0.004939 0.782856 0.006458 0.778539 0.008898 0.778521 0.011150 0.783492 0.017822 0.783882 0.024853 0.781902 0.029439 0.781157 0.032529 0.780533 0.036438 0.781580 0.039845 0.781616 0.040004 0.784672 0.043740 0.786226 0.049462 0.785063 0.052451 0.783629 0.053885 0.783074 0.054049 0.782601 0.055694 0.781547 0.061826 0.779253 0.063205 0.777379 0.065213 0.773329 0.066919 0.771129 0.068729 0.764488 0.071854 0.761293 0.073486 0.762407 0.074990 0.762797 0.080966 0.758855 0.086861 0.757329 0.092685 0.755262 0.095556 0.756547 0.102724 0.756802 0.103365
