0 0.791999 0.000000 0.783153 0.013967 0.774818 0.018134 0.856780 0.022302 0.851223 0.000075 0.851223 0.000000
0 0.000000 0.000000 0.013718 0.000000 0.007551 0.025267 0.000000 0.042082
0 0.191406 0.195312 0.234375 0.195312 0.238281 0.195312 0.242188 0.218750 0.242188 0.222656 0.164062 0.304688 0.160156 0.308594 0.136719 0.316406 0.132812 0.316406 0.113281 0.281250 0.109375 0.277344 0.105469 0.253906 0.105469 0.250000 0.132812 0.210938 0.136719 0.207031 0.191406 0.195312
0 0.148438 0.136719 0.179688 0.148438 0.183594 0.152344 0.187500 0.171875 0.191406 0.175781 0.187500 0.187500 0.187500 0.191406 0.171875 0.195312 0.167969 0.199219 0.136719 0.195312 0.132812 0.191406 0.128906 0.152344 0.128906 0.148438 0.148438 0.136719
0 0.281250 0.156250 0.292969 0.160156 0.296875 0.160156 0.308594 0.179688 0.312500 0.183594 0.316406 0.222656 0.316406 0.226562 0.300781 0.250000 0.300781 0.253906 0.265625 0.269531 0.261719 0.269531 0.250000 0.242188 0.246094 0.238281 0.246094 0.207031 0.246094 0.203125 0.238281 0.191406 0.238281 0.187500 0.242188 0.171875 0.246094 0.167969 0.257812 0.167969 0.261719 0.167969 0.281250 0.156250
0 0.828125 0.250000 0.867188 0.250000 0.871094 0.250000 0.992188 0.273438 0.996094 0.273438 0.996094 0.339844 0.996094 0.343750 0.933594 0.359375 0.929688 0.363281 0.890625 0.355469 0.886719 0.355469 0.871094 0.332031 0.867188 0.328125 0.824219 0.296875 0.820312 0.292969 0.804688 0.261719 0.804688 0.257812 0.828125 0.250000
0 0.745645 0.036194 0.717861 0.050086 0.692856 0.097318 0.690077 0.097318 0.678964 0.108432 0.703970 0.113988 0.737310 0.112599 0.760926 0.095929 0.767872 0.079259 0.767872 0.058421 0.751202 0.052864
0 0.926240 0.088983 0.901234 0.091761 0.901234 0.095929 0.884564 0.112599 0.892899 0.133437 0.917905 0.147329 0.934575 0.154275 0.947078 0.137605 0.937353 0.140383 0.934575 0.138994 0.934575 0.123713 0.947078 0.119545 0.951245 0.111210 0.942910 0.093150
0 0.997088 0.016745 0.962359 0.016745 0.962359 0.052864 0.977640 0.069534 0.988753 0.066756 0.992921 0.052864 0.997088 0.052864
0 0.774730 0.000000 0.724643 0.000000 0.723418 0.009799 0.730364 0.009799 0.745645 0.013967 0.745645 0.038972 0.756759 0.043140 0.762315 0.041750 0.776207 0.026470 0.777596 0.013967 0.762315 0.013967 0.762315 0.005632 0.774818 0.000075
0 0.992921 0.144551 0.976251 0.147329 0.977640 0.169556 0.983196 0.184837 0.979029 0.189005 0.981807 0.197340 0.997088 0.197340 0.999867 0.155664
0 0.000000 0.150914 0.014931 0.175113 0.000000 0.200381 0.000000 0.229206 0.009375 0.236237 0.042715 0.239016 0.048272 0.240405 0.067721 0.251518 0.084391 0.252907 0.092726 0.218178 0.087169 0.151496 0.081613 0.145940 0.076056 0.145940 0.059386 0.136216 0.020488 0.082037 0.007986 0.066756 0.003818 0.066756 0.000000 0.061665
0 0.000000 0.283470 0.005207 0.283470 0.010764 0.280691 0.010764 0.275134 0.006596 0.262632 0.019099 0.252907 0.014931 0.233459 0.001039 0.233459 0.000000 0.232419
0 0.000000 0.452273 0.021877 0.444616 0.028823 0.444616 0.069110 0.436280 0.070499 0.433502 0.073277 0.433502 0.076056 0.427945 0.077445 0.418221 0.074666 0.415443 0.048272 0.414054 0.046883 0.416832 0.000000 0.431483
0 0.769261 0.408496 0.766483 0.427945 0.773429 0.441837 0.781764 0.448783 0.790099 0.434891 0.794267 0.416832
0 0.745645 0.437670 0.745645 0.491848 0.748423 0.508518 0.797045 0.516854 0.792878 0.491848 0.791488 0.468232 0.787321 0.464064 0.781764 0.448783 0.759537 0.430724
0 0.660156 0.441406 0.667969 0.445312 0.671875 0.445312 0.675781 0.460938 0.675781 0.464844 0.691406 0.488281 0.695312 0.492188 0.699219 0.515625 0.703125 0.519531 0.699219 0.542969 0.695312 0.546875 0.675781 0.535156 0.671875 0.531250 0.656250 0.531250 0.652344 0.531250 0.625000 0.566406 0.625000 0.570312 0.613281 0.574219 0.609375 0.574219 0.593750 0.566406 0.589844 0.566406 0.554688 0.539062 0.550781 0.535156 0.558594 0.484375 0.562500 0.480469 0.601562 0.484375 0.605469 0.484375 0.613281 0.476562 0.617188 0.472656 0.632812 0.472656 0.636719 0.472656 0.660156 0.441406
0 0.376121 0.547416 0.428910 0.540470 0.430299 0.523799 0.388623 0.523799 0.369175 0.537691
0 0.925781 0.636719 0.941406 0.636719 0.945312 0.636719 0.957031 0.652344 0.960938 0.656250 0.957031 0.675781 0.957031 0.679688 0.937500 0.710938 0.933594 0.714844 0.917969 0.710938 0.914062 0.710938 0.906250 0.695312 0.902344 0.691406 0.902344 0.667969 0.902344 0.664062 0.910156 0.652344 0.910156 0.648438 0.925781 0.636719
0 0.867188 0.644531 0.886719 0.648438 0.890625 0.648438 0.902344 0.664062 0.902344 0.667969 0.875000 0.718750 0.875000 0.722656 0.847656 0.738281 0.843750 0.738281 0.843750 0.679688 0.843750 0.675781 0.855469 0.656250 0.855469 0.652344 0.867188 0.644531
0 0.535156 0.703125 0.546875 0.707031 0.550781 0.707031 0.560244 0.718750 0.558594 0.722656 0.556599 0.757290 0.542969 0.769531 0.507812 0.761719 0.503906 0.757812 0.507812 0.734375 0.507812 0.730469 0.535156 0.703125
0 0.640625 0.738281 0.695312 0.738281 0.699219 0.738281 0.699219 0.753906 0.699219 0.757812 0.671875 0.769531 0.667969 0.773438 0.644531 0.773438 0.640625 0.773438 0.640625 0.738281
0 0.429688 0.675781 0.437500 0.675781 0.441406 0.675781 0.445312 0.683594 0.449219 0.687500 0.453125 0.726562 0.449219 0.730469 0.441406 0.730469 0.437500 0.730469 0.421875 0.718750 0.417969 0.714844 0.417969 0.695312 0.417969 0.691406 0.429688 0.675781
0 0.428910 0.657162 0.412239 0.654383 0.396959 0.662718 0.392791 0.666886 0.395569 0.683556 0.412239 0.684945 0.413629 0.680778 0.435856 0.668275
0 0.698412 0.330702 0.691467 0.329313 0.678964 0.320978 0.667850 0.339037 0.676186 0.347372 0.676186 0.350151 0.695634 0.341816 0.705359 0.341816 0.709526 0.339037
0 0.481699 0.136216 0.523375 0.118156 0.523375 0.115378 0.508094 0.098707 0.501148 0.075091 0.523375 0.087594 0.516429 0.095929 0.530321 0.116767 0.556715 0.119545 0.597002 0.118156 0.624786 0.123713 0.633121 0.123713 0.660905 0.129270 0.665072 0.136216 0.667850 0.136216 0.672018 0.140383 0.678964 0.141772 0.677575 0.125102 0.674796 0.125102 0.667850 0.118156 0.662294 0.107043 0.637288 0.097318 0.626175 0.087594 0.613672 0.063978 0.598391 0.055643 0.587277 0.057032 0.565050 0.048696 0.540045 0.047307 0.520596 0.040361 0.516429 0.033415 0.451137 0.038972 0.438634 0.045918 0.426132 0.062588 0.428910 0.091761 0.435856 0.094540 0.441413 0.094540 0.451137 0.102875 0.466418 0.111210 0.467807 0.113988 0.471975 0.113988 0.502537 0.108432 0.483088 0.112599
0 0.452526 0.132048 0.442802 0.150107 0.440023 0.161221 0.428910 0.166778 0.435856 0.193172 0.431688 0.208454 0.430299 0.223734 0.449748 0.227902 0.481699 0.245961 0.520596 0.294583 0.540045 0.289026 0.545602 0.289026 0.545602 0.286248 0.584499 0.259854 0.545602 0.243183 0.521986 0.236237 0.516429 0.236237 0.508094 0.232070 0.508094 0.229291 0.502537 0.225123 0.496980 0.194561 0.494202 0.158443 0.491423 0.157053 0.492813 0.138994 0.474753 0.130659
0 0.642845 0.130659 0.623396 0.134826 0.601170 0.129270 0.591445 0.122323 0.574775 0.118156 0.552548 0.118156 0.528932 0.122323 0.523375 0.127880 0.503926 0.127880 0.501148 0.132048 0.494202 0.133437 0.492813 0.134826 0.492813 0.150107 0.501148 0.211232 0.506705 0.236237 0.549770 0.248740 0.556715 0.248740 0.594223 0.262632 0.631732 0.284859 0.670629 0.311254 0.687299 0.326534 0.690077 0.326534 0.713694 0.339037 0.716472 0.365432 0.773429 0.402940 0.798434 0.427945 0.841499 0.475178 0.841499 0.484902 0.838721 0.489070 0.997088 0.494627 0.997088 0.401551 0.959580 0.389048 0.937353 0.384880 0.927629 0.384880 0.909570 0.366821 0.890121 0.354318 0.885953 0.354318 0.863726 0.345983 0.841499 0.327924 0.838721 0.323756 0.835943 0.323756 0.819272 0.314032 0.806770 0.291805 0.802602 0.272356 0.802602 0.250129 0.712305 0.190394 0.662294 0.133437
0 0.753906 0.750000 0.777344 0.753906 0.781250 0.753906 0.820312 0.789062 0.824219 0.792969 0.824219 0.808594 0.824219 0.812500 0.808594 0.839844 0.808594 0.843750 0.773438 0.886719 0.769531 0.890625 0.761719 0.953125 0.761719 0.957031 0.647062 0.977952 0.576475 0.979341 0.562500 0.960938 0.558594 0.957031 0.546875 0.957031 0.542969 0.953125 0.480469 0.957031 0.476562 0.957031 0.417969 0.945312 0.414062 0.941406 0.410156 0.863281 0.410156 0.859375 0.421875 0.757812 0.425781 0.753906 0.457031 0.753906 0.460938 0.753906 0.507812 0.765625 0.511719 0.769531 0.582031 0.773438 0.585938 0.777344 0.660156 0.777344 0.664062 0.777344 0.753906 0.750000
0 0.968750 0.804688 0.992188 0.804688 0.996094 0.804688 0.996094 0.890625 0.996094 0.894531 0.980469 0.890625 0.976562 0.890625 0.960938 0.871094 0.957031 0.867188 0.945312 0.863281 0.941406 0.859375 0.941406 0.847656 0.937500 0.843750 0.957031 0.816406 0.957031 0.812500 0.968750 0.804688
0 0.000000 0.641544 0.050781 0.644531 0.054688 0.644531 0.156250 0.667969 0.160156 0.667969 0.191406 0.691406 0.195312 0.695312 0.195312 0.703125 0.195312 0.707031 0.187500 0.714844 0.187500 0.718750 0.070491 0.869787 0.042969 0.900088 0.036807 0.917707 0.039585 0.925781 0.037591 0.943057 0.015625 0.941406 0.000000 0.947266
0 0.356672 0.780800 0.348337 0.793302 0.310829 0.803027 0.334445 0.816918 0.358061 0.822475 0.356672 0.836367 0.390013 0.837756 0.390013 0.840535 0.394180 0.841924 0.396959 0.822475 0.390013 0.808583 0.384456 0.786356 0.371953 0.786356
0 0.323332 0.834978 0.359450 0.864151 0.366396 0.886378 0.374732 0.886378 0.378899 0.868318 0.415018 0.850259 0.405294 0.837756 0.392791 0.846091 0.381677 0.857205 0.360839 0.844702 0.352504 0.834978 0.341391 0.828032 0.333056 0.829421
0 0.573386 0.982232 0.557987 1.000000 0.694319 1.000000 0.676186 0.986400 0.645623 0.980843 0.612283 0.980843
0 0.494202 0.998902 0.493732 1.000000 0.520686 1.000000 0.512261 0.994735 0.509483 0.994735
0 0.187191 0.925275 0.156629 0.928054 0.163575 0.947502 0.192748 0.950280 0.196915 0.955837 0.201083 0.954448 0.203861 0.940556 0.188580 0.936389
0 0.270542 0.923886 0.259429 0.925275 0.253872 0.932221 0.252483 0.960005 0.248315 0.962783 0.248315 0.969729 0.245537 0.972508 0.245537 0.978064 0.251094 0.991956 0.258039 0.991956 0.276099 0.983621 0.277488 0.979454 0.281656 0.976675 0.281656 0.973897 0.285823 0.971118 0.288602 0.957227 0.276099 0.944724 0.274710 0.941945 0.276099 0.933610
0 0.089948 0.941945 0.062164 0.943335 0.057996 0.948891 0.057996 0.953059 0.066331 0.954448 0.071888 0.960005 0.076056 0.961394 0.099672 0.961394 0.099672 0.951670 0.098283 0.950280
