0 0.883014 0.000000 0.883383 0.006871 0.889927 0.021060 0.887302 0.028986 0.878508 0.025524 0.873930 0.018490 0.871577 0.016572 0.870403 0.011968 0.866180 0.009374 0.864339 0.007080 0.858459 0.002969 0.857984 0.000000
0 0.549859 0.039066 0.548101 0.036574 0.547076 0.034782 0.543388 0.030265 0.547772 0.029464 0.549831 0.029318 0.561809 0.027287 0.561937 0.027169 0.569134 0.030825 0.568266 0.032858 0.566217 0.039295 0.562977 0.040920 0.561707 0.042351 0.558896 0.043372 0.551890 0.040465
0 0.678039 0.139728 0.684080 0.138294 0.690849 0.139750 0.692824 0.141189 0.698379 0.143104 0.703529 0.144003 0.704684 0.151610 0.703585 0.156557 0.701330 0.158262 0.692683 0.158112 0.689998 0.154822 0.689269 0.149721 0.686214 0.148734 0.678791 0.145472 0.675712 0.142338
0 0.733574 0.075520 0.737055 0.073315 0.742946 0.069234 0.745386 0.064250 0.751754 0.065056 0.756673 0.066159 0.758131 0.067946 0.763966 0.073071 0.769798 0.075631 0.775190 0.077039 0.775190 0.082601 0.773217 0.084574 0.774554 0.087220 0.776145 0.094773 0.775827 0.098508 0.768292 0.099845 0.765344 0.096896 0.761293 0.094754 0.752618 0.087352 0.744543 0.085845 0.739863 0.085159 0.733915 0.084756 0.732853 0.079109
0 0.644337 0.173357 0.651159 0.177760 0.650646 0.178056 0.652195 0.179504 0.647156 0.180528 0.646518 0.180986 0.646448 0.181424 0.644301 0.184095 0.640636 0.186712 0.637564 0.188161 0.628156 0.186659 0.627755 0.183066 0.623566 0.177828 0.624300 0.173376 0.637636 0.170655 0.639374 0.170755 0.641384 0.171752
0 0.565925 0.247052 0.565757 0.247077 0.563504 0.250902 0.562457 0.253121 0.556269 0.249957 0.555864 0.248733 0.553964 0.248434 0.552850 0.246413 0.552566 0.245850 0.553034 0.240595 0.552939 0.235096 0.553208 0.232668 0.553860 0.230267 0.553625 0.229304 0.556308 0.225800 0.557375 0.225514 0.564019 0.224628 0.564783 0.229263 0.565222 0.229341 0.564573 0.235518 0.564785 0.238827 0.566061 0.240468 0.567446 0.244468
0 0.571155 0.171701 0.578504 0.173671 0.585293 0.174743 0.583475 0.177777 0.582404 0.182542 0.575149 0.184888 0.572510 0.184830 0.572521 0.186177 0.573911 0.186495 0.573911 0.190378 0.572560 0.190834 0.572568 0.191711 0.570173 0.194135 0.570232 0.194263 0.571216 0.197761 0.568547 0.198867 0.566464 0.199649 0.565797 0.201275 0.562444 0.201182 0.558805 0.197086 0.556381 0.186784 0.557654 0.175973 0.566892 0.172440
0 0.613014 0.247923 0.616298 0.256672 0.616237 0.258764 0.618875 0.261280 0.621768 0.263817 0.621891 0.268074 0.621891 0.272813 0.618046 0.275033 0.606829 0.270081 0.595045 0.258992 0.595640 0.252905 0.599095 0.250224 0.602678 0.246640 0.607218 0.246253 0.609797 0.246441
0 0.473899 0.329081 0.479428 0.338098 0.476305 0.339962 0.472032 0.343682 0.468090 0.347364 0.465341 0.346042 0.460191 0.343949 0.459097 0.338821 0.458943 0.337165 0.456412 0.331430 0.458309 0.328293 0.460725 0.328019 0.463413 0.327848 0.469761 0.327758 0.471254 0.327935
0 0.860155 0.290725 0.870914 0.295366 0.871882 0.298980 0.873559 0.300657 0.872039 0.307053 0.872316 0.308125 0.868070 0.315145 0.864801 0.315393 0.863434 0.315836 0.857965 0.315836 0.856598 0.315393 0.853328 0.314755 0.851954 0.310939 0.848503 0.309572 0.848056 0.306121 0.847624 0.303047 0.852547 0.292512 0.857885 0.291723
0 0.448165 0.429929 0.455471 0.429988 0.459570 0.434673 0.464049 0.437589 0.465079 0.444766 0.466693 0.447304 0.466393 0.452332 0.463312 0.454121 0.459218 0.458903 0.454496 0.459110 0.439118 0.454532 0.440334 0.440664 0.441025 0.437199 0.444534 0.432564
0 0.389744 0.381027 0.395456 0.381924 0.399652 0.386670 0.404251 0.389070 0.406248 0.391067 0.410604 0.391458 0.412089 0.389070 0.420740 0.389070 0.420839 0.389812 0.423424 0.391105 0.422603 0.400418 0.419181 0.400067 0.417442 0.402229 0.414493 0.403530 0.406449 0.409375 0.399925 0.410347 0.391752 0.409375 0.383347 0.403433 0.381237 0.403202 0.375757 0.401624 0.375757 0.398469 0.379755 0.396003 0.380759 0.393466 0.384350 0.391525 0.387437 0.383230
0 0.210712 0.430120 0.220567 0.428181 0.226426 0.425056 0.230279 0.425071 0.245125 0.417935 0.252547 0.420669 0.255621 0.425736 0.253329 0.431975 0.247469 0.438615 0.235022 0.437243 0.230404 0.434566 0.220706 0.436343 0.217505 0.441836 0.212457 0.437444 0.205741 0.434897
0 0.182261 0.445293 0.189319 0.444100 0.194396 0.443242 0.202131 0.439353 0.204856 0.442079 0.204819 0.443838 0.206755 0.446352 0.204190 0.449440 0.199757 0.454775 0.194596 0.453460 0.192872 0.451863 0.188836 0.451926 0.186463 0.451324 0.182725 0.451086 0.181771 0.447442
0 0.218754 0.328551 0.221140 0.326352 0.231017 0.326107 0.236027 0.329065 0.237047 0.335786 0.231292 0.337290 0.225042 0.336941
0 0.264320 0.333648 0.268771 0.327112 0.272862 0.324557 0.277918 0.319186 0.283936 0.318717 0.288796 0.324125 0.289183 0.330448 0.289130 0.338552 0.289308 0.338929 0.290645 0.340656 0.291283 0.343535 0.290996 0.351141 0.285382 0.351389 0.283285 0.351141 0.283163 0.351065 0.279973 0.351243 0.277531 0.350415 0.273588 0.345917 0.269740 0.340497 0.265755 0.337646
0 0.084720 0.522021 0.093951 0.526647 0.098116 0.528038 0.101515 0.531015 0.101515 0.539595 0.095146 0.544285 0.087262 0.542871 0.085611 0.541378 0.082219 0.542550 0.068232 0.540162 0.067845 0.537548 0.068255 0.534418 0.079715 0.532261 0.079696 0.527762 0.081988 0.524061
0 0.028495 0.404604 0.038310 0.405042 0.040513 0.410034 0.040973 0.412453 0.045030 0.412164 0.057487 0.411772 0.060525 0.413649 0.061484 0.415302 0.066058 0.417330 0.068507 0.419778 0.075043 0.422798 0.074898 0.426852 0.066978 0.428236 0.066665 0.428218 0.062644 0.427073 0.056560 0.424504 0.048972 0.423166 0.037644 0.419260 0.029336 0.415249 0.025925 0.414573 0.019754 0.410147 0.018559 0.406917 0.021412 0.405202
0 0.014972 0.301973 0.006194 0.286080 0.000000 0.280274 0.000000 0.000000 0.217068 0.000000 0.217270 0.000043 0.221371 0.000454 0.224243 0.002504 0.227934 0.006196 0.229575 0.008657 0.228754 0.013989 0.232036 0.016039 0.235317 0.016860 0.234496 0.020551 0.232136 0.024127 0.227934 0.026704 0.223996 0.033623 0.213579 0.042289 0.212348 0.049672 0.212348 0.061157 0.209887 0.074282 0.209887 0.079614 0.209636 0.086645 0.209511 0.090161 0.209502 0.090395 0.209477 0.091098 0.205850 0.095094 0.198517 0.108662 0.197890 0.110061 0.189629 0.129036 0.185559 0.145768 0.180133 0.152551 0.180133 0.157073 0.170184 0.170639 0.164306 0.181491 0.162961 0.186296 0.159332 0.189179 0.158427 0.195962 0.154522 0.211288 0.149684 0.216519 0.149502 0.216738 0.148235 0.218633 0.147637 0.220235 0.148119 0.226487 0.148272 0.228476 0.143584 0.230820 0.141241 0.236679 0.148272 0.238632 0.150225 0.240976 0.147881 0.244491 0.147491 0.248788 0.150616 0.252304 0.151397 0.256210 0.148272 0.256991 0.148272 0.264413 0.149053 0.267929 0.153741 0.269491 0.154913 0.273788 0.148663 0.274179 0.149053 0.279648 0.150750 0.281533 0.154522 0.290585 0.154522 0.288241 0.155303 0.293710 0.149834 0.302304 0.153350 0.301913 0.154131 0.302304 0.159209 0.302304 0.161553 0.299179 0.163506 0.298788 0.172881 0.295663 0.181475 0.293320 0.187485 0.288920 0.187715 0.288750 0.190459 0.286679 0.197881 0.285116 0.206441 0.279003 0.212829 0.257664 0.215371 0.239082 0.218194 0.233945 0.224053 0.230038 0.238506 0.216757 0.240850 0.213632 0.249053 0.207382 0.253741 0.197226 0.255694 0.186679 0.263506 0.151132 0.260381 0.132773 0.259991 0.127304 0.261163 0.124570 0.264288 0.120273 0.265069 0.113241 0.264793 0.109477 0.264785 0.109268 0.264854 0.108012 0.265023 0.107910 0.271319 0.105038 0.272928 0.105240 0.276397 0.106210 0.278928 0.108945 0.277826 0.111264 0.277178 0.115585 0.274754 0.128193 0.273272 0.135898 0.272491 0.152304 0.283819 0.163241 0.290459 0.170663 0.295538 0.173007 0.301787 0.179648 0.306754 0.183269 0.320538 0.183945 0.321400 0.181574 0.322100 0.179648 0.326006 0.180038 0.328350 0.185507 0.328766 0.191399 0.327569 0.196054 0.329051 0.199017 0.331475 0.203866 0.331475 0.210898 0.332527 0.221663 0.335381 0.224570 0.338637 0.227102 0.338009 0.227352 0.315171 0.227938 0.306247 0.232539 0.287285 0.240905 0.287843 0.245925 0.266846 0.259416 0.256052 0.262656 0.248244 0.267118 0.226493 0.282176 0.217012 0.285523 0.211697 0.295002 0.195261 0.299466 0.175741 0.310062 0.174587 0.310062 0.167375 0.310062 0.164673 0.317238 0.158586 0.324933 0.153432 0.326794 0.139489 0.322332 0.133354 0.325121 0.131123 0.329025 0.125773 0.350636 0.105468 0.370296 0.095987 0.366392 0.085948 0.354122 0.058143 0.335510 0.041888 0.331256
0 0.461640 0.069180 0.461080 0.074209 0.457256 0.080038 0.444008 0.118619 0.435772 0.142148 0.430303 0.158554 0.425616 0.167538 0.423245 0.175095 0.419366 0.187460 0.416631 0.195273 0.411944 0.196835 0.409209 0.199179 0.405717 0.202067 0.405589 0.202194 0.403074 0.205288 0.402959 0.205429 0.402178 0.215195 0.395537 0.215585 0.391565 0.226450 0.388116 0.226132 0.384600 0.216757 0.379912 0.218710 0.379131 0.225741 0.372881 0.227304 0.369756 0.237851 0.361162 0.242148 0.355694 0.241757 0.353350 0.234726 0.349834 0.235116 0.347491 0.238632 0.340069 0.235507 0.338897 0.227304 0.335381 0.224570 0.332527 0.221663 0.331475 0.210898 0.331475 0.203866 0.329051 0.199017 0.327569 0.196054 0.328766 0.191399 0.328350 0.185507 0.326006 0.180038 0.322100 0.179648 0.321400 0.181574 0.320538 0.183945 0.306754 0.183269 0.301787 0.179648 0.295538 0.173007 0.290459 0.170663 0.283819 0.163241 0.272491 0.152304 0.273272 0.135898 0.274754 0.128193 0.277178 0.115585 0.277826 0.111264 0.278928 0.108945 0.276397 0.106210 0.272928 0.105240 0.271319 0.105038 0.265023 0.107910 0.264854 0.108012 0.264785 0.109268 0.264793 0.109477 0.265069 0.113241 0.264288 0.120273 0.261163 0.124570 0.259991 0.127304 0.260381 0.132773 0.263506 0.151132 0.255694 0.186679 0.253741 0.197226 0.249053 0.207382 0.240850 0.213632 0.238506 0.216757 0.224053 0.230038 0.218194 0.233945 0.215371 0.239082 0.212829 0.257664 0.206441 0.279003 0.197881 0.285116 0.190459 0.286679 0.187715 0.288750 0.187485 0.288920 0.181475 0.293320 0.172881 0.295663 0.163506 0.298788 0.161553 0.299179 0.159209 0.302304 0.154131 0.302304 0.153350 0.301913 0.149834 0.302304 0.155303 0.293710 0.154522 0.288241 0.154522 0.290585 0.150750 0.281533 0.149053 0.279648 0.148663 0.274179 0.154913 0.273788 0.153741 0.269491 0.149053 0.267929 0.148272 0.264413 0.148272 0.256991 0.151397 0.256210 0.150616 0.252304 0.147491 0.248788 0.147881 0.244491 0.150225 0.240976 0.148272 0.238632 0.141241 0.236679 0.143584 0.230820 0.148272 0.228476 0.148119 0.226487 0.147637 0.220235 0.148235 0.218633 0.149502 0.216738 0.149684 0.216519 0.154522 0.211288 0.158427 0.195962 0.159332 0.189179 0.162961 0.186296 0.164306 0.181491 0.170184 0.170639 0.180133 0.157073 0.180133 0.152551 0.185559 0.145768 0.189629 0.129036 0.197890 0.110061 0.198517 0.108662 0.205850 0.095094 0.209477 0.091098 0.209502 0.090395 0.209511 0.090161 0.209636 0.086645 0.209887 0.079614 0.209887 0.074282 0.212348 0.061157 0.212348 0.049672 0.213579 0.042289 0.223996 0.033623 0.227934 0.026704 0.232136 0.024127 0.234496 0.020551 0.235317 0.016860 0.232036 0.016039 0.228754 0.013989 0.229575 0.008657 0.227934 0.006196 0.224243 0.002504 0.221371 0.000454 0.217270 0.000043 0.217068 0.000000 0.331021 0.000000 0.331957 0.001871 0.335863 0.007340 0.343285 0.008512 0.346019 0.013980 0.348244 0.017107 0.353832 0.021012 0.355785 0.024137 0.367504 0.025309 0.375707 0.030387 0.380326 0.031196 0.385472 0.029215 0.390160 0.024137 0.393285 0.012027 0.398754 0.008121 0.398754 0.000000 0.471791 0.000000 0.467413 0.002695 0.461290 0.027983
0 0.925781 0.894531 0.933594 0.898438 0.937500 0.898438 0.949219 0.914062 0.953125 0.917969 0.949219 0.933594 0.945312 0.937500 0.921875 0.925781 0.917969 0.921875 0.914062 0.906250 0.914062 0.902344 0.925781 0.894531
