0 0.000000 0.619420 0.167969 0.691406 0.171875 0.695312 0.296875 0.738281 0.300781 0.738281 0.363281 0.765625 0.367188 0.769531 0.363281 0.789062 0.363281 0.792969 0.316406 0.828125 0.312500 0.832031 0.246094 0.871094 0.242188 0.875000 0.207031 0.886719 0.203125 0.886719 0.160156 0.910156 0.156250 0.914062 0.109375 0.925781 0.105469 0.929688 0.046875 0.937500 0.042969 0.937500 0.000000 0.948958
0 0.149740 0.000000 0.144531 0.003906 0.140625 0.007812 0.136719 0.039062 0.136719 0.042969 0.121094 0.054688 0.117188 0.058594 0.042969 0.046875 0.039062 0.046875 0.000000 0.032924 0.000000 0.000000
0 0.679688 0.046875 0.703125 0.046875 0.707031 0.046875 0.789062 0.089844 0.792969 0.089844 0.890625 0.179688 0.894531 0.183594 0.914062 0.214844 0.917969 0.218750 0.917969 0.234375 0.917969 0.238281 0.902344 0.253906 0.898438 0.257812 0.843750 0.222656 0.839844 0.218750 0.808594 0.207031 0.804688 0.207031 0.785156 0.187500 0.781250 0.183594 0.753906 0.175781 0.750000 0.171875 0.710938 0.175781 0.707031 0.179688 0.609375 0.175781 0.605469 0.175781 0.558594 0.195312 0.554688 0.199219 0.539062 0.195312 0.535156 0.195312 0.523438 0.179688 0.523438 0.175781 0.531250 0.160156 0.531250 0.156250 0.550781 0.136719 0.550781 0.132812 0.656250 0.066406 0.660156 0.066406 0.679688 0.046875
0 1.000000 0.458984 0.980469 0.410156 0.980469 0.406250 0.949219 0.371094 0.945312 0.367188 0.941406 0.339844 0.941406 0.335938 0.933594 0.320312 0.929688 0.316406 0.914062 0.261719 0.910156 0.257812 0.945312 0.218750 0.949219 0.214844 0.972656 0.199219 0.976562 0.195312 0.992188 0.148438 0.996094 0.144531 0.996094 0.125000 0.996094 0.121094 1.000000 0.113281
0 0.734375 0.179688 0.761719 0.179688 0.765625 0.179688 0.847656 0.242188 0.851562 0.246094 0.875000 0.246094 0.878906 0.246094 0.894531 0.253906 0.898438 0.253906 0.917969 0.304688 0.921875 0.308594 0.921875 0.328125 0.921875 0.332031 0.894531 0.351562 0.890625 0.355469 0.859375 0.363281 0.855469 0.367188 0.796875 0.351562 0.792969 0.351562 0.789062 0.347656 0.785156 0.343750 0.781250 0.304688 0.781250 0.300781 0.718750 0.246094 0.714844 0.242188 0.707031 0.222656 0.703125 0.218750 0.703125 0.195312 0.703125 0.191406 0.734375 0.179688
0 0.722656 0.179688 0.761719 0.179688 0.765625 0.179688 0.796875 0.203125 0.800781 0.207031 0.839844 0.222656 0.843750 0.222656 0.855469 0.234375 0.859375 0.238281 0.890625 0.253906 0.894531 0.253906 0.914062 0.289062 0.917969 0.292969 0.921875 0.328125 0.925781 0.332031 0.902344 0.351562 0.898438 0.355469 0.898438 0.386719 0.898438 0.390625 0.875000 0.402344 0.871094 0.406250 0.812500 0.414062 0.808594 0.414062 0.789062 0.449219 0.785156 0.453125 0.789062 0.472656 0.792969 0.476562 0.816406 0.476562 0.820312 0.476562 0.867188 0.492188 0.871094 0.492188 0.878906 0.500000 0.882812 0.503906 0.894531 0.546875 0.894531 0.550781 0.910156 0.578125 0.914062 0.582031 0.910156 0.593750 0.906250 0.597656 0.878906 0.601562 0.875000 0.601562 0.863281 0.597656 0.859375 0.593750 0.839844 0.593750 0.835938 0.593750 0.820312 0.578125 0.816406 0.574219 0.742188 0.546875 0.738281 0.542969 0.722656 0.542969 0.718750 0.542969 0.691406 0.566406 0.687500 0.570312 0.667969 0.570312 0.664062 0.570312 0.644531 0.554688 0.640625 0.550781 0.632812 0.535156 0.628906 0.531250 0.628906 0.511719 0.628906 0.507812 0.660156 0.464844 0.664062 0.460938 0.679688 0.378906 0.683594 0.375000 0.683594 0.359375 0.683594 0.355469 0.660156 0.339844 0.656250 0.335938 0.656250 0.316406 0.656250 0.312500 0.691406 0.281250 0.695312 0.277344 0.722656 0.261719 0.726562 0.257812 0.710938 0.238281 0.707031 0.234375 0.703125 0.210938 0.699219 0.207031 0.703125 0.191406 0.703125 0.187500 0.722656 0.179688
0 0.289062 0.398438 0.347656 0.402344 0.351562 0.402344 0.359375 0.410156 0.363281 0.410156 0.378906 0.425781 0.382812 0.429688 0.378906 0.464844 0.378906 0.468750 0.375000 0.472656 0.371094 0.476562 0.300781 0.472656 0.296875 0.472656 0.285156 0.460938 0.281250 0.457031 0.273438 0.437500 0.269531 0.433594 0.269531 0.417969 0.269531 0.414062 0.289062 0.398438
0 0.378906 0.429688 0.417969 0.433594 0.421875 0.433594 0.476562 0.476562 0.480469 0.480469 0.503906 0.531250 0.507812 0.535156 0.503906 0.562500 0.500000 0.566406 0.468750 0.566406 0.464844 0.566406 0.433594 0.546875 0.429688 0.542969 0.390625 0.535156 0.386719 0.535156 0.375000 0.523438 0.371094 0.519531 0.371094 0.468750 0.371094 0.464844 0.378906 0.429688
0 0.281250 0.519531 0.296875 0.519531 0.300781 0.519531 0.335938 0.535156 0.339844 0.535156 0.347656 0.558594 0.347656 0.562500 0.328125 0.582031 0.324219 0.585938 0.316406 0.621094 0.316406 0.625000 0.308594 0.632812 0.304688 0.636719 0.273438 0.644531 0.269531 0.644531 0.242188 0.636719 0.238281 0.636719 0.222656 0.625000 0.218750 0.625000 0.210938 0.601562 0.207031 0.597656 0.207031 0.582031 0.207031 0.578125 0.238281 0.539062 0.242188 0.535156 0.281250 0.519531
0 0.149740 0.000000 0.144531 0.003906 0.140625 0.007812 0.136719 0.039062 0.136719 0.042969 0.121094 0.054688 0.117188 0.058594 0.042969 0.046875 0.039062 0.046875 0.000000 0.032227 0.000000 0.000000
0 0.550781 0.000000 0.535156 0.007812 0.531250 0.011719 0.519531 0.011719 0.515625 0.011719 0.496094 0.000000 0.496094 0.000000
0 0.815104 0.000000 0.824219 0.054688 0.828125 0.058594 0.824219 0.097656 0.820312 0.101562 0.726562 0.054688 0.722656 0.054688 0.699219 0.031250 0.695312 0.027344 0.681641 0.000000
0 0.312500 0.167969 0.339844 0.167969 0.343750 0.167969 0.367188 0.191406 0.371094 0.195312 0.367188 0.214844 0.367188 0.218750 0.347656 0.250000 0.347656 0.253906 0.335938 0.257812 0.332031 0.257812 0.285156 0.246094 0.281250 0.242188 0.285156 0.210938 0.285156 0.207031 0.312500 0.167969
0 0.531250 0.050781 0.546875 0.058594 0.550781 0.058594 0.558594 0.070312 0.562500 0.074219 0.566406 0.101562 0.566406 0.105469 0.550781 0.117188 0.546875 0.117188 0.527344 0.140625 0.523438 0.144531 0.511719 0.179688 0.507812 0.179688 0.492188 0.164062 0.488281 0.160156 0.484375 0.109375 0.484375 0.105469 0.488281 0.097656 0.488281 0.093750 0.531250 0.050781
0 0.265625 0.871094 0.281250 0.878906 0.285156 0.882812 0.289062 0.898438 0.289062 0.902344 0.304688 0.917969 0.308594 0.921875 0.312500 0.933594 0.312500 0.937500 0.328125 0.957031 0.324219 0.960938 0.296875 0.972656 0.292969 0.972656 0.253906 0.945312 0.250000 0.945312 0.226562 0.972656 0.222656 0.976562 0.203125 0.980469 0.199219 0.984375 0.156250 0.980469 0.152344 0.980469 0.132812 0.964844 0.128906 0.960938 0.128906 0.933594 0.132812 0.929688 0.187500 0.902344 0.191406 0.898438 0.242188 0.882812 0.246094 0.882812 0.265625 0.871094
0 0.347656 0.117188 0.394531 0.121094 0.398438 0.121094 0.453125 0.140625 0.457031 0.140625 0.468750 0.160156 0.472656 0.164062 0.464844 0.203125 0.464844 0.207031 0.472656 0.214844 0.476562 0.214844 0.496094 0.195312 0.500000 0.191406 0.507812 0.195312 0.511719 0.199219 0.511719 0.210938 0.507812 0.214844 0.476562 0.226562 0.472656 0.230469 0.472656 0.234375 0.472656 0.238281 0.492188 0.253906 0.496094 0.253906 0.507812 0.273438 0.507812 0.277344 0.468750 0.285156 0.464844 0.285156 0.441406 0.277344 0.437500 0.277344 0.414062 0.257812 0.410156 0.253906 0.394531 0.250000 0.390625 0.246094 0.355469 0.257812 0.351562 0.261719 0.332031 0.261719 0.328125 0.261719 0.292969 0.250000 0.289062 0.250000 0.285156 0.246094 0.281250 0.242188 0.285156 0.210938 0.285156 0.207031 0.296875 0.187500 0.296875 0.183594 0.308594 0.171875 0.312500 0.167969 0.332031 0.160156 0.335938 0.156250 0.332031 0.136719 0.332031 0.132812 0.347656 0.117188
0 0.253906 0.261719 0.273438 0.265625 0.277344 0.269531 0.273438 0.316406 0.273438 0.320312 0.253906 0.332031 0.250000 0.332031 0.210938 0.316406 0.207031 0.316406 0.203125 0.300781 0.203125 0.296875 0.214844 0.285156 0.218750 0.281250 0.253906 0.261719
0 0.699219 0.726562 0.714844 0.730469 0.718750 0.730469 0.750000 0.757812 0.753906 0.761719 0.750000 0.792969 0.750000 0.796875 0.656250 0.804688 0.652344 0.808594 0.644531 0.804688 0.640625 0.804688 0.636719 0.785156 0.636719 0.781250 0.644531 0.761719 0.644531 0.757812 0.656250 0.746094 0.660156 0.742188 0.699219 0.726562
0 0.945312 0.777344 0.964844 0.781250 0.968750 0.785156 1.000000 0.785156 1.000000 0.813965 0.933594 0.855469 0.929688 0.855469 0.902344 0.839844 0.898438 0.839844 0.894531 0.824219 0.894531 0.820312 0.910156 0.800781 0.914062 0.796875 0.945312 0.777344
0 0.789062 0.796875 0.828125 0.800781 0.832031 0.800781 0.914062 0.855469 0.917969 0.859375 0.929688 0.863281 0.933594 0.867188 0.972656 0.871094 0.976562 0.871094 0.988281 0.878906 0.992188 0.878906 1.000000 0.894531 1.000000 0.894531 1.000000 1.000000 1.000000 1.000000 1.000000 1.000000 0.410156 1.000000 0.410156 1.000000 0.410156 0.996094 0.375000 0.941406 0.371094 0.937500 0.367188 0.921875 0.363281 0.917969 0.371094 0.808594 0.371094 0.804688 0.457031 0.808594 0.460938 0.808594 0.507812 0.800781 0.511719 0.800781 0.589844 0.812500 0.593750 0.816406 0.632812 0.816406 0.636719 0.816406 0.789062 0.796875
0 0.503906 0.484375 0.550781 0.488281 0.554688 0.488281 0.570312 0.531250 0.574219 0.535156 0.574219 0.558594 0.574219 0.562500 0.566406 0.574219 0.566406 0.578125 0.515625 0.613281 0.511719 0.617188 0.484375 0.660156 0.484375 0.664062 0.460938 0.671875 0.457031 0.671875 0.449219 0.656250 0.445312 0.652344 0.445312 0.628906 0.445312 0.625000 0.453125 0.605469 0.453125 0.601562 0.464844 0.593750 0.468750 0.589844 0.492188 0.589844 0.496094 0.589844 0.503906 0.582031 0.507812 0.578125 0.503906 0.519531 0.500000 0.515625 0.503906 0.484375
0 0.511719 0.398438 0.542969 0.402344 0.546875 0.402344 0.562500 0.429688 0.562500 0.433594 0.558594 0.437500 0.554688 0.441406 0.503906 0.437500 0.500000 0.437500 0.496094 0.425781 0.496094 0.421875 0.511719 0.398438
0 0.480469 0.335938 0.503906 0.339844 0.507812 0.343750 0.507812 0.363281 0.507812 0.367188 0.500000 0.378906 0.496094 0.382812 0.464844 0.386719 0.460938 0.386719 0.437500 0.375000 0.433594 0.371094 0.433594 0.355469 0.437500 0.351562 0.468750 0.343750 0.472656 0.343750 0.480469 0.335938
0 0.085938 0.339844 0.109375 0.339844 0.113281 0.339844 0.128906 0.347656 0.132812 0.351562 0.191406 0.363281 0.195312 0.363281 0.203125 0.371094 0.207031 0.371094 0.242188 0.402344 0.246094 0.406250 0.265625 0.437500 0.269531 0.441406 0.273438 0.457031 0.273438 0.460938 0.289062 0.472656 0.292969 0.476562 0.296875 0.503906 0.296875 0.507812 0.292969 0.511719 0.289062 0.515625 0.273438 0.515625 0.269531 0.515625 0.242188 0.527344 0.238281 0.531250 0.195312 0.523438 0.191406 0.523438 0.160156 0.542969 0.156250 0.546875 0.078125 0.507812 0.074219 0.507812 0.039062 0.468750 0.035156 0.464844 0.019531 0.460938 0.015625 0.457031 0.015625 0.437500 0.015625 0.433594 0.042969 0.414062 0.046875 0.410156 0.074219 0.351562 0.074219 0.347656 0.085938 0.339844
0 0.285156 0.519531 0.296875 0.519531 0.300781 0.519531 0.382812 0.546875 0.386719 0.546875 0.417969 0.562500 0.421875 0.562500 0.437500 0.582031 0.441406 0.585938 0.433594 0.628906 0.433594 0.632812 0.414062 0.644531 0.410156 0.648438 0.386719 0.648438 0.382812 0.648438 0.363281 0.640625 0.359375 0.636719 0.324219 0.632812 0.320312 0.632812 0.292969 0.656250 0.289062 0.656250 0.277344 0.648438 0.273438 0.644531 0.226562 0.628906 0.222656 0.628906 0.210938 0.605469 0.207031 0.601562 0.210938 0.570312 0.210938 0.566406 0.242188 0.535156 0.246094 0.531250 0.285156 0.519531
