0 0.000000 1.000000 0.000000 0.793945 0.003906 0.808594 0.003906 0.812500 0.054688 0.914062 0.054875 0.925576 0.058428 0.925797 0.062314 0.933405 0.073216 0.964676 0.074273 0.964895 0.074511 0.968814 0.078144 0.968812 0.078661 0.976195 0.081893 0.976753 0.081980 0.987878 0.085755 0.988374 0.085592 0.996305 0.089732 0.996136 0.089930 1.000000
0 0.603743 0.000000 0.726562 0.000000 0.734171 0.000000 0.734508 0.007682 0.738203 0.007831 0.749985 0.031054 0.755648 0.041966 0.761880 0.054821 0.765625 0.066406 0.776978 0.086124 0.777414 0.124977 0.781250 0.125000 0.781250 0.128906 0.786055 0.128720 0.792756 0.128829 0.797080 0.132797 0.808562 0.132680 0.808554 0.136534 0.816573 0.136838 0.816755 0.140544 0.823970 0.140757 0.824405 0.144631 0.824219 0.148438 0.824407 0.152057 0.820480 0.152360 0.820526 0.164058 0.808709 0.164093 0.804476 0.168105 0.789314 0.168346 0.789004 0.171875 0.777609 0.172051 0.776989 0.175796 0.773762 0.179787 0.757838 0.179913 0.750000 0.187500 0.746094 0.191406 0.742363 0.219073 0.738920 0.218782 0.738655 0.230492 0.731902 0.237311 0.728152 0.243633 0.702332 0.280882 0.699219 0.281250 0.699047 0.296933 0.687666 0.297158 0.687500 0.285156 0.683594 0.289062 0.679817 0.292913 0.664141 0.293339 0.664014 0.297033 0.613439 0.297097 0.613346 0.300829 0.597836 0.300761 0.597607 0.304861 0.554688 0.304688 0.550781 0.304688 0.550781 0.242188 0.550781 0.238281 0.539062 0.203125 0.539062 0.199219 0.558594 0.152344 0.562500 0.148438 0.566406 0.089844 0.566406 0.085938 0.574204 0.074057 0.578448 0.074129 0.578125 0.058594 0.582031 0.054688 0.582338 0.035185 0.585905 0.034978 0.585938 0.031250 0.585938 0.027344 0.602976 0.001357
0 0.562549 0.519764 0.601562 0.519531 0.605469 0.519531 0.644531 0.535156 0.648438 0.535156 0.660156 0.550781 0.664062 0.554688 0.636719 0.593750 0.636719 0.597656 0.582031 0.636719 0.578125 0.640625 0.578010 0.644490 0.551191 0.644762 0.546875 0.640625 0.542969 0.640625 0.523438 0.632812 0.519531 0.632812 0.503906 0.621094 0.500000 0.617188 0.496094 0.601562 0.492188 0.597656 0.492188 0.578125 0.492188 0.574219 0.500000 0.562500 0.500000 0.558594 0.545100 0.529768
0 0.000000 0.390547 0.000000 0.271789 0.003780 0.269754 0.003780 0.265625 0.007772 0.265487 0.012038 0.269891 0.011763 0.277186 0.016167 0.277048 0.019470 0.280764 0.027728 0.281039 0.031031 0.277323 0.038738 0.276910 0.042867 0.281314 0.042867 0.297004 0.038738 0.300720 0.027315 0.301133 0.019608 0.293013 0.019608 0.300582 0.023186 0.308152 0.023324 0.316548 0.015617 0.327971 0.015892 0.332237 0.011625 0.332375 0.012451 0.343798 0.016030 0.343798 0.015479 0.347927 0.004193 0.348065 0.000202 0.351093 0.000202 0.355496 0.000000 0.355496 0.000000 0.362932 0.000064 0.362929 0.000064 0.387014 0.000064 0.390455
0 0.000000 0.362556 0.004174 0.363125 0.011645 0.355457 0.015676 0.355457 0.015184 0.347789 0.019706 0.347495 0.023639 0.351427 0.031602 0.351525 0.035002 0.351536 0.035042 0.355457 0.046347 0.355064 0.046642 0.363322 0.035141 0.363518 0.027276 0.371383 0.027374 0.379248 0.015479 0.386719 0.000000 0.387111
0 0.046937 0.390553 0.046741 0.386424 0.043202 0.382983 0.043005 0.370695 0.050673 0.363617 0.058734 0.363420 0.062764 0.367352 0.062568 0.374922 0.054998 0.382885 0.054704 0.390946
0 0.070195 0.092522 0.067734 0.093967 0.031398 0.093871 0.031050 0.108214 0.028589 0.109659 0.024061 0.108931 0.023497 0.106948 0.022342 0.105793 0.019869 0.105404 0.019480 0.103232 0.018124 0.101976 0.015536 0.101587 0.013303 0.098461 0.009161 0.097503 0.005067 0.097357 0.004012 0.096302 0.003874 0.093989 0.000000 0.092184 0.000000 0.077649 0.006967 0.077266 0.007315 0.075536 0.010704 0.073500 0.022571 0.074313 0.023998 0.076708 0.026114 0.077097 0.026920 0.078436 0.027089 0.074637 0.026243 0.069266 0.026718 0.067522 0.028195 0.066045 0.044280 0.065148 0.052352 0.066973 0.055253 0.069115 0.057160 0.069504 0.058215 0.070559 0.058859 0.072809 0.059194 0.080926 0.061884 0.081484 0.062667 0.082266 0.065259 0.082327 0.066314 0.083382 0.066553 0.085417 0.068549 0.085955 0.069941 0.087516 0.070585 0.091116
0 0.472656 0.035156 0.468750 0.031250 0.457031 0.000000 0.402344 0.000000 0.397760 0.033084 0.398438 0.059483 0.402344 0.082031 0.406979 0.093960 0.428472 0.093977 0.442102 0.089584 0.468750 0.066406
0 0.474334 0.000593 0.566406 0.000000 0.570312 0.000000 0.573922 0.005541 0.578125 0.019531 0.578074 0.073770 0.552568 0.085388 0.511719 0.121094 0.506330 0.135973 0.496441 0.136863 0.496094 0.128906 0.480520 0.106359 0.476020 0.067159 0.470038 0.065017 0.473004 0.040054 0.458022 0.000890
0 0.896266 0.019533 0.906250 0.019531 0.910156 0.023438 0.910156 0.035156 0.910156 0.039062 0.894100 0.070745 0.890192 0.078125 0.882812 0.082031 0.881077 0.089411 0.867839 0.089194 0.854380 0.092449 0.836370 0.094838 0.835938 0.085938 0.832031 0.078125 0.828125 0.074219 0.828125 0.054688 0.837026 0.050998 0.879116 0.027782
0 0.506158 0.288603 0.504223 0.295324 0.499143 0.300737 0.487483 0.308400 0.476156 0.319060 0.466375 0.326509 0.463164 0.329721 0.451837 0.338049 0.444450 0.339985 0.441229 0.339985 0.437454 0.340983 0.431399 0.339382 0.426985 0.334968 0.424070 0.330720 0.419739 0.329054 0.409864 0.323511 0.400832 0.319768 0.386560 0.316665 0.371748 0.316998 0.360831 0.318997 0.354502 0.318997 0.347780 0.317061 0.343366 0.312647 0.340582 0.307864 0.333372 0.300988 0.328708 0.294991 0.327106 0.287937 0.328708 0.281882 0.333122 0.277468 0.379154 0.266537 0.401474 0.262207 0.411136 0.260874 0.423205 0.260541 0.449446 0.256210 0.478430 0.256210 0.490814 0.259811 0.498893 0.267557 0.501558 0.271221 0.503890 0.276219 0.506159 0.284272 0.506159 0.288603
0 0.522483 0.369223 0.522483 0.360895 0.520547 0.353507 0.519214 0.351842 0.514467 0.347095 0.510803 0.344429 0.502807 0.340432 0.493088 0.337830 0.483427 0.337830 0.476098 0.338829 0.465712 0.341431 0.459716 0.344429 0.444725 0.359754 0.443599 0.360483 0.436063 0.362086 0.431649 0.366500 0.430046 0.372555 0.431411 0.377996 0.438786 0.377807 0.446173 0.379742 0.452827 0.386395 0.469435 0.388623 0.479096 0.388623 0.484723 0.387134 0.489090 0.388290 0.507746 0.387291 0.514800 0.385355 0.520547 0.379942 0.522150 0.373887 0.522482 0.369223
0 0.459636 0.343832 0.457667 0.339876 0.454791 0.337364 0.453385 0.336973 0.441335 0.340496 0.436225 0.340675 0.430396 0.339163 0.428455 0.337737 0.425980 0.333441 0.423347 0.330808 0.416599 0.328111 0.412350 0.327868 0.400937 0.329446 0.395646 0.330808 0.389818 0.334814 0.385420 0.340185 0.380591 0.342220 0.378444 0.344246 0.378444 0.347788 0.380834 0.349813 0.386975 0.352146 0.392162 0.352886 0.396010 0.356005 0.410943 0.361347 0.415193 0.364018 0.422113 0.367053 0.426969 0.371666 0.428375 0.372057 0.430836 0.370612 0.432630 0.364279 0.435943 0.362394 0.441922 0.360618 0.447264 0.357341 0.451718 0.353493 0.452979 0.351019 0.456102 0.348017 0.457584 0.347628 0.458638 0.346573 0.459245 0.345238
0 0.462085 0.528321 0.461069 0.524611 0.460144 0.523686 0.460844 0.520631 0.457348 0.506502 0.448914 0.490873 0.436505 0.477968 0.431047 0.473007 0.424102 0.468046 0.406489 0.458123 0.392111 0.454131 0.384421 0.452642 0.374002 0.452642 0.367800 0.453635 0.362105 0.455395 0.358627 0.458625 0.357611 0.462584 0.358487 0.465785 0.363336 0.464798 0.367046 0.465813 0.369841 0.468767 0.374984 0.469782 0.378209 0.471271 0.382928 0.475989 0.385502 0.481789 0.387656 0.483913 0.407069 0.496616 0.413187 0.499054 0.416659 0.501783 0.422867 0.507494 0.426111 0.511730 0.435874 0.519480 0.449920 0.534767 0.454624 0.535782 0.458335 0.534767 0.461069 0.532032
0 0.424302 0.438263 0.423286 0.434552 0.420552 0.431818 0.406214 0.426861 0.401070 0.423835 0.394650 0.418021 0.387541 0.402741 0.386170 0.397511 0.386170 0.392654 0.387771 0.391054 0.388786 0.387343 0.387771 0.383632 0.384959 0.379052 0.379174 0.363052 0.378132 0.360707 0.376391 0.358804 0.375384 0.350708 0.373202 0.342164 0.372348 0.335518 0.372538 0.331816 0.373163 0.329511 0.375226 0.327727 0.376021 0.324821 0.375005 0.320589 0.372271 0.317855 0.368560 0.316839 0.361616 0.319184 0.352670 0.318663 0.348437 0.319939 0.345703 0.322673 0.344688 0.327426 0.345964 0.331918 0.354300 0.344944 0.357947 0.354322 0.364003 0.365588 0.369409 0.378638 0.357223 0.379355 0.352604 0.380673 0.348659 0.384618 0.347448 0.386736 0.346433 0.390447 0.347448 0.395368 0.348054 0.396882 0.351091 0.399919 0.352301 0.400827 0.357828 0.402447 0.370038 0.403960 0.370038 0.405986 0.362367 0.403263 0.356841 0.404278 0.354106 0.407012 0.353091 0.411631 0.354409 0.417158 0.356527 0.421698 0.362288 0.426550 0.368064 0.428157 0.367617 0.430395 0.368632 0.434105 0.371670 0.437445 0.377499 0.438763 0.382492 0.437070 0.388012 0.442893 0.391406 0.453373 0.396675 0.455189 0.403525 0.453289 0.407459 0.453289 0.412986 0.451669 0.416012 0.449853 0.418747 0.447119 0.419996 0.444861 0.423286 0.441974
0 0.555133 0.496643 0.554225 0.500075 0.549369 0.504606 0.547768 0.510661 0.548152 0.512115 0.547078 0.516176 0.548589 0.521887 0.544291 0.526185 0.538237 0.527787 0.535547 0.527075 0.536059 0.525138 0.534457 0.519084 0.530043 0.514670 0.523989 0.513068 0.522489 0.513465 0.521794 0.513063 0.520998 0.513859 0.512729 0.516068 0.490208 0.516068 0.479815 0.512756 0.467607 0.509870 0.455888 0.502056 0.451244 0.497412 0.447484 0.490436 0.442907 0.485757 0.441404 0.482162 0.436208 0.476966 0.411586 0.459966 0.407678 0.458207 0.398848 0.456277 0.399222 0.454864 0.410218 0.452373 0.420184 0.448465 0.422706 0.445943 0.443274 0.451480 0.455562 0.451480 0.460282 0.449966 0.463701 0.447568 0.470675 0.445735 0.489289 0.444586 0.495343 0.446189 0.499064 0.449909 0.498130 0.453440 0.499732 0.459495 0.501085 0.460848 0.500900 0.463660 0.503536 0.463889 0.514425 0.467345 0.519596 0.470495 0.520618 0.469473 0.521472 0.466407 0.526644 0.461793 0.527599 0.458182 0.532951 0.456767 0.539006 0.458368 0.543420 0.462782 0.545039 0.470537 0.544091 0.474122 0.546171 0.480656 0.546171 0.482539 0.553531 0.490359 0.555134 0.496643
0 0.972807 0.493155 0.970073 0.495890 0.966362 0.496905 0.959634 0.496625 0.950035 0.493367 0.921720 0.479069 0.915621 0.473251 0.914605 0.468418 0.915621 0.464707 0.919196 0.461132 0.922907 0.460116 0.939168 0.459275 0.947364 0.461693 0.951781 0.465829 0.952302 0.467270 0.962784 0.474589 0.966639 0.478445 0.967609 0.482325 0.970073 0.482999 0.972807 0.485734 0.973823 0.489445
0 0.222656 0.789062 0.242188 0.792969 0.246094 0.796875 0.250000 0.828125 0.250000 0.832031 0.222656 0.863281 0.218750 0.867188 0.179688 0.894531 0.175781 0.898438 0.132812 0.914062 0.128906 0.914062 0.121094 0.894531 0.117188 0.890625 0.089844 0.882812 0.085938 0.882812 0.085938 0.871094 0.085938 0.867188 0.093750 0.859375 0.097656 0.855469 0.148438 0.843750 0.152344 0.843750 0.171875 0.820312 0.175781 0.816406 0.222656 0.789062
0 0.155396 0.816771 0.158032 0.817493 0.161040 0.820500 0.162173 0.824641 0.159764 0.831432 0.155346 0.837618 0.150767 0.842098 0.145841 0.843722 0.142895 0.843722 0.138755 0.842589 0.135747 0.839581 0.135244 0.837744 0.131070 0.838185 0.123454 0.845801 0.114940 0.852294 0.105469 0.851562 0.100481 0.843470 0.090418 0.832381 0.086049 0.817387 0.074219 0.816406 0.070312 0.812500 0.074219 0.796875 0.086180 0.791191 0.085497 0.774223 0.094699 0.769710 0.101562 0.746094 0.125000 0.750000 0.128906 0.750000 0.160156 0.769531 0.164062 0.773438
0 0.226080 0.722446 0.223097 0.724707 0.222760 0.727778 0.220985 0.730560 0.215973 0.731027 0.215529 0.738088 0.214195 0.743134 0.205352 0.752983 0.201111 0.754116 0.196769 0.752883 0.193761 0.749875 0.191648 0.747159 0.190415 0.742716 0.191302 0.739317 0.190602 0.737484 0.191032 0.735921 0.192606 0.734247 0.199057 0.733921 0.199538 0.726861 0.197737 0.726435 0.196565 0.725263 0.196136 0.723700 0.196867 0.721434 0.198803 0.719498 0.199986 0.716705 0.204679 0.711307 0.207829 0.710509 0.222295 0.710611 0.225407 0.711181 0.225906 0.713035 0.225701 0.717585 0.226510 0.720883
0 0.527396 0.774475 0.526966 0.772913 0.525795 0.771741 0.523529 0.771315 0.523241 0.767274 0.525615 0.766698 0.526787 0.765526 0.527216 0.763963 0.526787 0.762401 0.525615 0.761229 0.524052 0.760799 0.520834 0.760893 0.520408 0.758987 0.519236 0.757815 0.517360 0.757471 0.514486 0.750004 0.514662 0.743177 0.515584 0.741027 0.515108 0.738349 0.515752 0.736251 0.517245 0.734866 0.519021 0.734329 0.524979 0.734448 0.526116 0.730304 0.525141 0.726738 0.522587 0.725602 0.520518 0.726538 0.517566 0.726002 0.515431 0.724295 0.515186 0.721846 0.510263 0.721846 0.507297 0.722657 0.506888 0.724402 0.505716 0.725574 0.502977 0.726004 0.500370 0.725572 0.496625 0.728890 0.492602 0.729961 0.490082 0.729915 0.482525 0.732312 0.473725 0.736886 0.466852 0.738828 0.461732 0.743596 0.460599 0.747737 0.460599 0.750555 0.463316 0.759098 0.468952 0.767022 0.471593 0.772129 0.479179 0.780596 0.483320 0.781729 0.487461 0.780596 0.490468 0.777588 0.491203 0.774902 0.493272 0.774256 0.495055 0.772506 0.497322 0.771439 0.501120 0.767464 0.502762 0.773362 0.505770 0.776370 0.508474 0.777300 0.511114 0.777819 0.523693 0.777729 0.525795 0.777210 0.526966 0.776038
0 0.672138 0.693712 0.669791 0.684596 0.661887 0.677423 0.660061 0.676510 0.654964 0.675624 0.647109 0.675807 0.643656 0.676693 0.641416 0.678933 0.640716 0.683417 0.639107 0.683982 0.633801 0.680571 0.629504 0.676919 0.615111 0.669400 0.604954 0.666763 0.600814 0.667896 0.597028 0.670823 0.591909 0.668541 0.585190 0.666978 0.581049 0.668111 0.578041 0.671119 0.576909 0.675259 0.579116 0.684341 0.580190 0.686919 0.583945 0.692393 0.584221 0.693906 0.583784 0.700613 0.580324 0.708580 0.572666 0.719473 0.565152 0.721819 0.561239 0.726280 0.557476 0.726272 0.553336 0.727405 0.549898 0.729338 0.545172 0.734065 0.541735 0.740510 0.539743 0.748088 0.539528 0.751310 0.540875 0.756095 0.543180 0.760548 0.544312 0.765978 0.547320 0.768986 0.551461 0.770118 0.555602 0.768986 0.558609 0.765978 0.560758 0.761681 0.566773 0.755236 0.572788 0.745139 0.574351 0.739709 0.574305 0.737177 0.575220 0.735652 0.582241 0.733323 0.583612 0.731952 0.586928 0.734846 0.586361 0.736916 0.586790 0.745572 0.580679 0.745783 0.579116 0.746212 0.577944 0.747384 0.577514 0.748947 0.578424 0.750990 0.578159 0.754318 0.578588 0.755880 0.580190 0.757697 0.583041 0.758127 0.585034 0.757482 0.586474 0.755332 0.590346 0.755334 0.593066 0.754629 0.596146 0.755295 0.598666 0.757170 0.606020 0.758509 0.608333 0.760607 0.616212 0.763150 0.617571 0.765001 0.620852 0.765431 0.627786 0.764786 0.628957 0.763614 0.629336 0.761867 0.633801 0.760607 0.640461 0.756955 0.648839 0.753732 0.654139 0.750152 0.658018 0.751213 0.662159 0.750080 0.671443 0.745981 0.671989 0.742545 0.669952 0.739065 0.669952 0.736702 0.668604 0.731916 0.661564 0.718910 0.660705 0.715773 0.660714 0.711996 0.658292 0.703773 0.653566 0.698617 0.647416 0.693972 0.646615 0.692127 0.648753 0.690252 0.649684 0.691184 0.654661 0.692576 0.661621 0.696254 0.663751 0.698126 0.666290 0.698829 0.669560 0.698126 0.671435 0.696251
0 0.965277 0.854933 0.965277 0.873659 0.963693 0.878702 0.960234 0.882161 0.956093 0.883294 0.952631 0.882574 0.950002 0.883294 0.945490 0.883294 0.940526 0.882166 0.930745 0.879002 0.919239 0.873136 0.911118 0.867948 0.895776 0.860502 0.888557 0.858021 0.884721 0.855990 0.876148 0.849448 0.856897 0.832001 0.855764 0.826507 0.856897 0.822366 0.860807 0.818005 0.868783 0.815744 0.872923 0.816877 0.875931 0.819884 0.877064 0.824025 0.877059 0.827104 0.878143 0.828236 0.880107 0.828513 0.881037 0.826427 0.888446 0.817231 0.889613 0.814224 0.890229 0.810061 0.888743 0.805567 0.889876 0.801427 0.892884 0.798419 0.902624 0.795890 0.906008 0.795890 0.913082 0.798151 0.917620 0.801634 0.920837 0.800754 0.924768 0.800985 0.930989 0.802811 0.934459 0.806282 0.935385 0.811181 0.941734 0.814620 0.945870 0.818756 0.946888 0.821373 0.950872 0.822463 0.953880 0.825471 0.955013 0.829612 0.954470 0.831597 0.955796 0.833872 0.963467 0.842220 0.965051 0.847714 0.965503 0.854031
0 0.797778 0.212091 0.796918 0.214672 0.789608 0.221552 0.779713 0.227575 0.773968 0.229130 0.773686 0.230160 0.770678 0.233168 0.766538 0.234300 0.760945 0.234300 0.756804 0.233168 0.750354 0.227148 0.746482 0.216393 0.745350 0.212252 0.745350 0.207089 0.746275 0.203709 0.744920 0.199346 0.746052 0.194775 0.751645 0.186601 0.755513 0.182732 0.757234 0.181872 0.767828 0.179018 0.774140 0.179333 0.779014 0.178158 0.783316 0.178158 0.787457 0.179291 0.790464 0.182298 0.790950 0.184075 0.793208 0.187193 0.796488 0.190473 0.798911 0.200636 0.798911 0.207950
0 0.840370 0.181115 0.837789 0.189289 0.836392 0.191546 0.836127 0.192774 0.837169 0.196746 0.836036 0.200887 0.833029 0.203895 0.828085 0.205188 0.821695 0.203734 0.812082 0.197218 0.805849 0.194448 0.799396 0.188855 0.792516 0.181115 0.792269 0.179932 0.790088 0.177429 0.788490 0.171883 0.789004 0.171875 0.789314 0.168346 0.804476 0.168105 0.808709 0.164093 0.820526 0.164058 0.820480 0.152360 0.824407 0.152057 0.824219 0.148438 0.824405 0.144631 0.823970 0.140757 0.816755 0.140544 0.816573 0.136838 0.808554 0.136534 0.808562 0.132680 0.797080 0.132797 0.793942 0.129917 0.796934 0.128430 0.799067 0.118961 0.803079 0.117054 0.812457 0.117611 0.814887 0.123466 0.820050 0.130779 0.829084 0.139384 0.831666 0.148418 0.835107 0.157023 0.842712 0.171080
0 0.257893 0.263475 0.256018 0.265350 0.252872 0.265885 0.238945 0.272954 0.235832 0.273657 0.233293 0.272954 0.231418 0.271079 0.230141 0.262371 0.230844 0.258971 0.234112 0.255707 0.235148 0.251223 0.238171 0.248057 0.242575 0.246493 0.244727 0.246493 0.248844 0.247627 0.252077 0.250142 0.253335 0.249793 0.255874 0.250496 0.257749 0.252371 0.258452 0.254911 0.257875 0.258379 0.258596 0.260936
0 0.249232 0.234092 0.248529 0.231430 0.246654 0.229555 0.244115 0.228852 0.234312 0.229223 0.233417 0.226193 0.235552 0.225574 0.237427 0.223699 0.238130 0.221160 0.237427 0.215449 0.235430 0.213452 0.230338 0.212507 0.228232 0.210158 0.226187 0.209332 0.224085 0.207230 0.221546 0.206527 0.217298 0.207108 0.215057 0.209227 0.214354 0.211766 0.214323 0.223057 0.215200 0.226979 0.217075 0.228854 0.219250 0.229722 0.221789 0.230425 0.224067 0.230098 0.224358 0.236776 0.225183 0.239681 0.227302 0.241922 0.230817 0.242625 0.233356 0.241922 0.235827 0.239451 0.243993 0.239331 0.246532 0.238628 0.248529 0.236631
0 0.093750 0.250000 0.105469 0.250000 0.109375 0.250000 0.121094 0.261719 0.125000 0.265625 0.121094 0.296875 0.121094 0.300781 0.109375 0.312500 0.105469 0.316406 0.093750 0.312500 0.089844 0.312500 0.078125 0.289062 0.074219 0.285156 0.082031 0.265625 0.082031 0.261719 0.093750 0.250000
0 0.176089 0.292166 0.174600 0.285829 0.171875 0.283656 0.171875 0.265625 0.164062 0.257812 0.156141 0.257812 0.154203 0.260443 0.151898 0.261069 0.139520 0.261069 0.140384 0.266249 0.139080 0.269619 0.140625 0.277344 0.156250 0.292969 0.161511 0.292517 0.165432 0.296150 0.168313 0.297064 0.173785 0.296150 0.175464 0.294470
0 0.199219 0.199219 0.195312 0.195312 0.195312 0.179688 0.191406 0.179688 0.160156 0.167969 0.156859 0.172916 0.154494 0.179962 0.153054 0.187539 0.152929 0.202211 0.149365 0.203467 0.147269 0.205563 0.146643 0.207868 0.147477 0.211422 0.151017 0.218710 0.155612 0.222680 0.159999 0.223515 0.162304 0.222888 0.164133 0.221059 0.164760 0.222874 0.168105 0.226220 0.177269 0.227887 0.184569 0.230594 0.189164 0.229968 0.191468 0.227871 0.192093 0.225567 0.190740 0.222534
0 0.446581 0.251725 0.443496 0.242043 0.435914 0.233477 0.433609 0.232850 0.431146 0.233387 0.429688 0.230469 0.406250 0.230469 0.378906 0.246094 0.378906 0.257812 0.382812 0.257812 0.393187 0.256330 0.394909 0.258168 0.397214 0.258795 0.409442 0.258303 0.412461 0.259286 0.422789 0.259286 0.432466 0.256827 0.438528 0.256827 0.444275 0.255709 0.445955 0.254029 0.446580 0.251725
0 0.034846 0.213105 0.019910 0.215096 0.012441 0.210616 0.007463 0.203645 0.005471 0.197671 0.000492 0.188709 0.000000 0.177876 0.000000 0.177717 0.000492 0.174270 0.004475 0.170785 0.007961 0.169291 0.009952 0.169291 0.014433 0.169789 0.016923 0.173274 0.016923 0.175764 0.022399 0.195679 0.027378 0.200658 0.031361 0.201654 0.036838 0.206135 0.039825 0.209620 0.040323 0.211611 0.039327 0.213603
0 0.796875 0.460938 0.816406 0.460938 0.820312 0.460938 0.824219 0.468750 0.828125 0.472656 0.824219 0.511719 0.824219 0.515625 0.816406 0.535156 0.812500 0.539062 0.789062 0.539062 0.785156 0.539062 0.781250 0.523438 0.777344 0.519531 0.781250 0.488281 0.781250 0.484375 0.789062 0.468750 0.789062 0.464844 0.796875 0.460938
0 0.960716 0.535444 0.959700 0.529370 0.955625 0.525294 0.953556 0.520389 0.949219 0.515579 0.949219 0.496094 0.945312 0.492188 0.917969 0.484375 0.875000 0.511719 0.875000 0.515625 0.867188 0.535156 0.871094 0.539062 0.882812 0.574219 0.886719 0.574219 0.891212 0.576216 0.890248 0.579736 0.890248 0.584071 0.891264 0.587782 0.895999 0.593185 0.901044 0.594867 0.914165 0.594867 0.916681 0.595524 0.921346 0.598521 0.925057 0.599536 0.931436 0.597854 0.934170 0.595120 0.935186 0.591409 0.935185 0.582174 0.937186 0.571618 0.938423 0.567521 0.942174 0.561102 0.943189 0.557391 0.942627 0.555338 0.946586 0.544781 0.949946 0.544795 0.955075 0.543307 0.959700 0.539155
0 0.798492 0.323884 0.775243 0.332603 0.762649 0.331634 0.760712 0.327275 0.759743 0.320009 0.756837 0.313229 0.756352 0.310322 0.757805 0.304026 0.756352 0.299182 0.756352 0.296276 0.763134 0.287557 0.765071 0.287073 0.769430 0.283198 0.774274 0.281261 0.782508 0.282230 0.786867 0.283683 0.793164 0.289979 0.794617 0.298213 0.795586 0.308869 0.797039 0.315650
0 0.823194 0.295792 0.807210 0.289979 0.797039 0.290464 0.785898 0.281261 0.784445 0.279323 0.783961 0.272543 0.786383 0.267699 0.788320 0.261887 0.791226 0.258496 0.799945 0.260434 0.801398 0.261887 0.802851 0.266730 0.802851 0.271574 0.803820 0.273995 0.807695 0.275933 0.816413 0.282714 0.819804 0.283198 0.822709 0.284652 0.827553 0.289979 0.829491 0.294339 0.828037 0.295792
0 0.809632 0.586407 0.768946 0.572360 0.763134 0.556376 0.735041 0.506487 0.709705 0.485980 0.708205 0.480816 0.712440 0.472918 0.726807 0.472387 0.736330 0.474371 0.740369 0.478879 0.749087 0.483723 0.762165 0.499222 0.764102 0.504066 0.780570 0.522471 0.786383 0.540877 0.783477 0.545720 0.791226 0.550564 0.798007 0.550564 0.803335 0.558314 0.809148 0.561220 0.816413 0.573329 0.816897 0.583016
0 0.591186 0.431896 0.581984 0.440130 0.574718 0.444005 0.566968 0.444974 0.557281 0.441099 0.555828 0.439162 0.551953 0.430443 0.551953 0.421725 0.549047 0.417850 0.547594 0.413491 0.544204 0.412038 0.533063 0.404288 0.531126 0.402350 0.529673 0.398475 0.528220 0.391695 0.527736 0.372320 0.530157 0.362633 0.535485 0.357789 0.540813 0.357305 0.547110 0.359727 0.556312 0.360696 0.559219 0.360696 0.563094 0.359727 0.571812 0.363118 0.576655 0.363118 0.584890 0.367961 0.585858 0.370383 0.583921 0.376195 0.581015 0.380554 0.579077 0.385398 0.579077 0.387820 0.575687 0.391210 0.570359 0.393148 0.566484 0.401382 0.567937 0.403804 0.572296 0.406225 0.575202 0.410100 0.578593 0.412522 0.580530 0.413006 0.582468 0.412522 0.586343 0.409131 0.590218 0.408163 0.592155 0.409616 0.595546 0.409616 0.593124 0.424146 0.594093 0.426084
0 0.269047 0.492088 0.266635 0.498952 0.267798 0.502357 0.266553 0.507061 0.262139 0.511475 0.255193 0.513078 0.230407 0.508800 0.216182 0.498142 0.210120 0.480485 0.205479 0.475843 0.203876 0.468897 0.205479 0.462842 0.209893 0.458428 0.215947 0.456826 0.228634 0.457718 0.238662 0.454633 0.243121 0.442741 0.242605 0.433587 0.239554 0.426084 0.241156 0.420029 0.245570 0.415615 0.251625 0.414013 0.260355 0.415615 0.263636 0.419720 0.262586 0.426765 0.267264 0.436787 0.269048 0.492088
0 0.156250 0.972656 0.164062 0.976562 0.167969 0.980469 0.179988 1.000000 0.132812 1.000000 0.132812 1.000000 0.156250 0.972656
0 0.896258 0.214296 0.896258 0.208701 0.895243 0.204990 0.892508 0.202255 0.888741 0.201241 0.882366 0.201241 0.871094 0.203538 0.871094 0.224360 0.872842 0.226108 0.880306 0.226108 0.882580 0.226730 0.886355 0.226108 0.887841 0.224787 0.891265 0.223850 0.893999 0.221116 0.895243 0.218007
0 0.448621 0.540340 0.447398 0.541869 0.437614 0.543092 0.429236 0.541860 0.429125 0.537301 0.427441 0.531585 0.423429 0.524899 0.419024 0.520493 0.412638 0.518140 0.410410 0.517695 0.408851 0.518060 0.402757 0.516185 0.400311 0.516185 0.377379 0.507623 0.360867 0.499980 0.351389 0.491113 0.349860 0.488666 0.339770 0.480411 0.338852 0.473684 0.339770 0.467569 0.348331 0.463288 0.351083 0.463288 0.366982 0.466346 0.378907 0.474295 0.381659 0.477047 0.386246 0.484080 0.433333 0.518020 0.446787 0.533002 0.448927 0.536977
0 0.420580 0.757160 0.420580 0.722004 0.416674 0.718097 0.397143 0.710285 0.385424 0.718097 0.385424 0.722004 0.374361 0.749661 0.371686 0.751448 0.367604 0.755531 0.363108 0.761825 0.361193 0.768233 0.361193 0.770480 0.362659 0.775989 0.365843 0.779173 0.371801 0.781088 0.378994 0.782886 0.387984 0.782886 0.391695 0.781871 0.394879 0.778687 0.395300 0.777152 0.412768 0.772785 0.412768 0.768879
0 0.459843 0.842555 0.457109 0.845289 0.453398 0.846305 0.451591 0.845810 0.450446 0.846955 0.446736 0.847970 0.432366 0.842624 0.420041 0.836295 0.415641 0.832229 0.414625 0.827851 0.415974 0.823141 0.419707 0.819407 0.424751 0.817725 0.432079 0.817725 0.444118 0.820407 0.449780 0.823738 0.458844 0.833134 0.460859 0.838844
0 0.565148 0.854051 0.565453 0.855166 0.564437 0.858877 0.561703 0.861611 0.555993 0.862960 0.550284 0.861278 0.539323 0.856630 0.534009 0.855964 0.520971 0.852284 0.518237 0.849550 0.517221 0.845839 0.518237 0.842128 0.520971 0.839394 0.524682 0.838378 0.529359 0.838378 0.529213 0.835846 0.530228 0.832135 0.532963 0.829400 0.536673 0.828385 0.538505 0.828886 0.546000 0.828052 0.549711 0.829067 0.564104 0.841795 0.566119 0.850502
0 0.938805 0.771123 0.902485 0.750573 0.902485 0.733369 0.927335 0.734325 0.943106 0.726200 0.948841 0.730980 0.943584 0.769211
0 0.117980 0.073798 0.114230 0.067352 0.090566 0.057192 0.084361 0.058207 0.074219 0.070312 0.078125 0.074219 0.078125 0.085938 0.082031 0.089844 0.088777 0.092092 0.095168 0.101027 0.101373 0.102874 0.105916 0.101859 0.111144 0.097462 0.116964 0.077509
0 0.148438 0.226562 0.144531 0.222656 0.142920 0.217018 0.142920 0.199880 0.146246 0.176888 0.145230 0.173177 0.138785 0.169427 0.134243 0.170443 0.124580 0.180938 0.091843 0.201204 0.082457 0.209758 0.079779 0.215963 0.080611 0.225939 0.084120 0.233807 0.091843 0.243193 0.106808 0.252337 0.128423 0.260651 0.135460 0.261667 0.141905 0.257917 0.142089 0.249419 0.144531 0.246094
0 0.149934 0.426057 0.148918 0.422346 0.146184 0.419612 0.142473 0.418596 0.134453 0.418597 0.126213 0.416475 0.116846 0.418198 0.114019 0.419612 0.111284 0.422346 0.110269 0.426057 0.110344 0.430575 0.104976 0.433323 0.099173 0.435165 0.095024 0.439313 0.094479 0.441307 0.092455 0.439407 0.086800 0.436579 0.083089 0.435563 0.078140 0.435563 0.070895 0.437993 0.066039 0.442848 0.065024 0.448812 0.062505 0.452038 0.061091 0.456987 0.060075 0.460698 0.060075 0.463526 0.063211 0.474306 0.071602 0.481989 0.075312 0.483005 0.088037 0.483005 0.091748 0.481989 0.098818 0.479161 0.105621 0.473772 0.108623 0.472184 0.116072 0.469573 0.119982 0.469573 0.124623 0.472092 0.128334 0.473107 0.133282 0.473107 0.136993 0.472092 0.140435 0.468651 0.141450 0.464940 0.140435 0.459815 0.137700 0.457080 0.133989 0.456065 0.128797 0.456065 0.116890 0.453238 0.109704 0.447465 0.114545 0.445054 0.120734 0.443814 0.122588 0.441959 0.124975 0.440986 0.126830 0.439132 0.133857 0.434932 0.136574 0.434225 0.141766 0.434225 0.145477 0.433210 0.148918 0.429768
0 0.165464 0.356069 0.165464 0.353948 0.164131 0.349523 0.162536 0.347928 0.162010 0.345988 0.159623 0.343602 0.157319 0.342975 0.153600 0.343602 0.151214 0.345988 0.150587 0.350146 0.139461 0.354206 0.136368 0.358006 0.135576 0.363266 0.133854 0.357791 0.130319 0.352842 0.125905 0.348428 0.119143 0.346826 0.113089 0.348428 0.108675 0.352842 0.107072 0.358897 0.106365 0.371936 0.105593 0.374305 0.104433 0.375465 0.102830 0.381520 0.102830 0.390003 0.105140 0.397471 0.110968 0.403300 0.118436 0.405608 0.124491 0.404006 0.129612 0.398886 0.131214 0.390920 0.133147 0.388281 0.134916 0.381371 0.136817 0.381887 0.139202 0.381182 0.142473 0.381182 0.146898 0.379848 0.152113 0.375341 0.152739 0.373036 0.152739 0.364553 0.151484 0.361123 0.153442 0.359166 0.154536 0.358869 0.155721 0.360054 0.158026 0.360680 0.163158 0.360054 0.164838 0.358374 0.165463 0.356069
0 0.386480 0.624278 0.385854 0.621613 0.384050 0.619448 0.376961 0.613801 0.371018 0.611371 0.366500 0.608752 0.358786 0.606682 0.356949 0.607084 0.343750 0.597656 0.343750 0.581869 0.345580 0.581373 0.347260 0.579693 0.348116 0.575952 0.349946 0.573599 0.350815 0.572892 0.355781 0.571900 0.369606 0.571539 0.371911 0.570913 0.373951 0.568872 0.374578 0.566568 0.368384 0.565502 0.360087 0.562617 0.351853 0.553661 0.345801 0.553661 0.343496 0.554288 0.336767 0.560656 0.335664 0.562500 0.328125 0.562500 0.312500 0.578125 0.312500 0.601562 0.316406 0.605469 0.320312 0.613281 0.331280 0.624248 0.331717 0.627304 0.333757 0.629344 0.336282 0.630426 0.341112 0.631053 0.344498 0.630066 0.347621 0.627304 0.348248 0.624874 0.349862 0.623259 0.360791 0.621893 0.365859 0.623573 0.372712 0.627902 0.376459 0.629250 0.384174 0.628262 0.385854 0.626582 0.386479 0.624278
0 0.475775 0.594932 0.475775 0.597159 0.473157 0.606925 0.470704 0.612446 0.466410 0.618580 0.455581 0.628795 0.445815 0.631413 0.433547 0.631413 0.423525 0.628539 0.421875 0.628906 0.417969 0.632812 0.410156 0.628906 0.406250 0.628906 0.408335 0.616395 0.414024 0.611852 0.416633 0.602116 0.420054 0.598695 0.417279 0.597634 0.416190 0.596545 0.405256 0.593340 0.396390 0.584474 0.393773 0.574708 0.394765 0.571005 0.404103 0.570071 0.416322 0.566840 0.419839 0.565164 0.429702 0.563937 0.436614 0.563937 0.446380 0.561320 0.449219 0.558594 0.472656 0.562500 0.476562 0.566406 0.476562 0.593750
0 0.535428 0.688995 0.533827 0.682940 0.530686 0.679799 0.531703 0.675954 0.531703 0.670366 0.530101 0.664311 0.525687 0.659897 0.519632 0.658294 0.510318 0.658294 0.504263 0.659897 0.498035 0.665508 0.498171 0.681198 0.499995 0.688850 0.501139 0.691857 0.502157 0.692875 0.504244 0.701307 0.504884 0.701947 0.510939 0.703550 0.516527 0.703550 0.519632 0.702929 0.528792 0.700084 0.533827 0.695049
0 0.567359 0.714299 0.561082 0.721197 0.554406 0.722800 0.548352 0.721197 0.545917 0.718762 0.543384 0.718092 0.541521 0.716850 0.532760 0.708711 0.531158 0.702035 0.532760 0.695980 0.537174 0.691566 0.543229 0.689964 0.550525 0.692187 0.554774 0.695815 0.562945 0.697776 0.567359 0.702190 0.568961 0.708245
0 0.738281 0.777344 0.718750 0.777344 0.710938 0.773438 0.708219 0.770841 0.704178 0.768596 0.695036 0.765291 0.690622 0.760877 0.689021 0.754823 0.690622 0.748768 0.695036 0.744354 0.699429 0.743192 0.700873 0.744637 0.714561 0.748934 0.737461 0.752525 0.744713 0.752525 0.746094 0.753906 0.746094 0.761719 0.750000 0.765625
0 1.000000 0.949565 0.997877 0.950082 0.996343 0.950850 0.991929 0.955264 0.990326 0.961318 0.990326 0.968220 0.991929 0.974275 0.996343 0.978689 1.000000 0.981349
0 1.000000 0.706998 0.987656 0.707031 0.989161 0.701344 0.987559 0.695289 0.982378 0.690109 0.974023 0.687739 0.966434 0.689341 0.962020 0.693755 0.959651 0.702878 0.959651 0.705179 0.961554 0.711534 0.961554 0.733127 0.962930 0.735079 0.977025 0.739554 0.984174 0.740654 0.991833 0.740654 0.998563 0.739120 1.000000 0.739120
0 0.274137 0.780210 0.274137 0.772872 0.273121 0.769161 0.270675 0.764269 0.269071 0.762665 0.266395 0.758154 0.263030 0.755247 0.261719 0.750000 0.250000 0.738281 0.246094 0.738281 0.230469 0.734375 0.210938 0.742188 0.210938 0.746094 0.199219 0.765625 0.199219 0.768028 0.200352 0.769161 0.201368 0.773484 0.200352 0.777195 0.197906 0.782086 0.194029 0.785963 0.195049 0.790686 0.197214 0.792318 0.202622 0.791706 0.205944 0.790426 0.209764 0.785995 0.214698 0.784368 0.225094 0.784979 0.228045 0.785787 0.230174 0.785153 0.231167 0.784161 0.237324 0.782533 0.246496 0.782533 0.252654 0.784161 0.254408 0.785915 0.256934 0.786607 0.259864 0.788683 0.267020 0.791246 0.271287 0.787590 0.273121 0.783921
0 0.271898 0.848130 0.270675 0.851187 0.268230 0.854245 0.259380 0.863094 0.251430 0.867375 0.248101 0.868395 0.248454 0.869491 0.247438 0.873202 0.243481 0.877159 0.239770 0.878175 0.235279 0.878174 0.233043 0.878786 0.225094 0.878786 0.221383 0.877770 0.218648 0.875036 0.217633 0.871325 0.218648 0.867614 0.222606 0.863045 0.224743 0.862183 0.227498 0.859376 0.229563 0.858534 0.231167 0.856930 0.234421 0.855845 0.237835 0.852498 0.240663 0.844988 0.248289 0.837362 0.256280 0.834512 0.261173 0.834512 0.269164 0.836750 0.271898 0.839485 0.272914 0.844419
0 0.328157 0.925791 0.326364 0.927585 0.317182 0.931130 0.312138 0.931742 0.298475 0.931742 0.291959 0.933577 0.278907 0.932965 0.275196 0.933980 0.274254 0.934922 0.270015 0.930683 0.268388 0.925138 0.269404 0.920204 0.272138 0.917470 0.284410 0.915231 0.289759 0.916454 0.313762 0.916454 0.315839 0.917022 0.318001 0.915023 0.321712 0.914008 0.325423 0.915023 0.328157 0.917758 0.329173 0.922080
0 0.478993 0.915354 0.478993 0.912908 0.477977 0.909197 0.476143 0.904916 0.474712 0.903278 0.473697 0.898189 0.470962 0.895455 0.464805 0.893828 0.461533 0.893828 0.458066 0.894777 0.456513 0.894352 0.450440 0.896326 0.447402 0.891463 0.445196 0.889257 0.450606 0.886997 0.450605 0.884196 0.451621 0.880485 0.453113 0.878473 0.453206 0.877061 0.445901 0.869187 0.444969 0.866643 0.441946 0.865815 0.436156 0.867351 0.432901 0.871125 0.431886 0.874836 0.432692 0.878823 0.431989 0.880877 0.428741 0.884645 0.427726 0.888356 0.427726 0.890956 0.429609 0.896639 0.427380 0.908627 0.427380 0.915354 0.429008 0.921511 0.431742 0.924245 0.435453 0.925261 0.440834 0.924348 0.440834 0.928195 0.442461 0.933129 0.445195 0.935864 0.448906 0.936879 0.452033 0.936024 0.453676 0.940064 0.453675 0.946541 0.454691 0.950252 0.457425 0.952986 0.461136 0.954002 0.465459 0.952986 0.471862 0.947194 0.473085 0.944748 0.474713 0.938591 0.474713 0.930641 0.472821 0.924832 0.476754 0.921511 0.477977 0.919065
0 0.862760 0.882754 0.860026 0.885489 0.855684 0.886504 0.855419 0.885538 0.852685 0.882804 0.845971 0.880118 0.838679 0.878207 0.830174 0.878207 0.829010 0.884008 0.826276 0.886742 0.822565 0.887758 0.812498 0.884862 0.809763 0.882128 0.808901 0.880012 0.804823 0.875934 0.794951 0.872329 0.792217 0.869595 0.791201 0.865884 0.792217 0.862173 0.794951 0.859438 0.796831 0.858812 0.803049 0.857170 0.817462 0.857170 0.844986 0.863825 0.848347 0.867186 0.848753 0.868669 0.851797 0.870636 0.860026 0.872598 0.862760 0.875332 0.863776 0.879043
0 0.200648 0.579852 0.190677 0.591357 0.181473 0.599027 0.175337 0.602095 0.169200 0.602095 0.165365 0.587522 0.163831 0.583687 0.170734 0.576784 0.184541 0.571414 0.194512 0.575249
0 0.284255 0.704111 0.265846 0.701809 0.259710 0.699508 0.249739 0.681100 0.262778 0.674196 0.266858 0.679558 0.271952 0.679558 0.275064 0.683803 0.281007 0.683520 0.282139 0.692009 0.285534 0.696537
0 0.654353 0.371147 0.654353 0.363809 0.651418 0.359895 0.649461 0.359895 0.641633 0.352066 0.640165 0.348642 0.633805 0.349131 0.621084 0.348642 0.620595 0.345217 0.609832 0.343749 0.605918 0.344238 0.602982 0.357938 0.598089 0.366255 0.592218 0.371147 0.587815 0.380443 0.583901 0.386314 0.587326 0.391696 0.590261 0.393163 0.593686 0.389250 0.596132 0.377507 0.598089 0.374572 0.600536 0.377507 0.605918 0.378975 0.621573 0.379464 0.621084 0.384846 0.623041 0.387293 0.637230 0.386314 0.647014 0.380443 0.649461 0.377507
0 0.880387 0.352556 0.866198 0.352556 0.864242 0.353534 0.864731 0.364787 0.871091 0.369190 0.873048 0.369190 0.873538 0.372126 0.884790 0.372126 0.886747 0.369679 0.889682 0.368212 0.890661 0.365276 0.890172 0.363319 0.885279 0.362830 0.883812 0.359895 0.881855 0.358916
0 0.851032 0.246388 0.840757 0.244431 0.833419 0.247856 0.827059 0.249324 0.825591 0.253727 0.826570 0.268894 0.827548 0.274765 0.832440 0.278679 0.838311 0.276233 0.841736 0.271340 0.845650 0.267915 0.849075 0.266937 0.850543 0.263512 0.850543 0.261555 0.844182 0.261555 0.844671 0.258130 0.849564 0.257152 0.852989 0.257152 0.852989 0.251770
0 0.494858 0.215077 0.486051 0.222415 0.484584 0.228775 0.485073 0.237582 0.488497 0.243453 0.499261 0.247856 0.506600 0.246878 0.509535 0.228286 0.505621 0.222904 0.498282 0.220458
0 0.137540 0.522242 0.140230 0.535692 0.155025 0.543762 0.176545 0.547797 0.181925 0.530312 0.177890 0.518207 0.160405 0.515517 0.152335 0.515517 0.149645 0.518207
0 0.288180 0.463062 0.278765 0.464407 0.272040 0.469787 0.273385 0.499377 0.285490 0.499377 0.292215 0.493997 0.297595 0.484582 0.297595 0.468442
0 0.332564 0.156403 0.362155 0.161783 0.382329 0.161783 0.380984 0.146988 0.374259 0.142953 0.337945 0.138918
0 0.894773 0.932466 0.908223 0.949951 0.959333 0.960711 0.980853 0.960711 0.976818 0.948606 0.956643 0.925741 0.944538 0.917671 0.927053 0.909601 0.912258 0.910946
0 0.986233 0.904221 0.959333 0.916326 0.952608 0.928431 0.948573 0.949951 0.976818 0.956676 0.983543 0.943226 0.994303 0.936501 0.994303 0.923051
0 0.783139 0.797966 0.779104 0.810071 0.792554 0.815451 0.843663 0.804691 0.855768 0.780481 0.843663 0.773756 0.819454 0.780481
