0 0.078125 0.000000 0.253906 0.000000 0.257812 0.000000 0.269531 0.023438 0.273438 0.027344 0.273438 0.042969 0.277344 0.046875 0.269531 0.125000 0.269531 0.128906 0.273438 0.136719 0.277344 0.140625 0.320312 0.160156 0.324219 0.164062 0.339844 0.218750 0.343750 0.222656 0.354910 0.289623 0.358816 0.351556 0.353794 0.376116 0.353794 0.383370 0.352677 0.396204 0.338728 0.401227 0.239396 0.426897 0.216520 0.433593 0.212609 0.445312 0.199776 0.454798 0.172434 0.463168 0.090414 0.482697 0.017854 0.503348 0.000000 0.504107 0.000000 0.023752 0.000562 0.023436 0.036829 0.007255 0.047995 0.004465 0.066407 0.001117 0.078125 0.000000
0 0.150815 0.560309 0.176481 0.559194 0.190987 0.550266 0.197683 0.527948 0.216653 0.506746 0.236739 0.487776 0.236739 0.479965 0.233392 0.479965 0.222233 0.471038 0.174249 0.478849 0.163090 0.490008 0.158627 0.523485
0 0.468750 0.000000 0.554688 0.001675 0.554688 0.007812 0.527344 0.050781 0.527344 0.054688 0.511719 0.058594 0.507812 0.058594 0.495534 0.043526 0.482700 0.033483 0.468750 0.000000
0 0.453125 0.042969 0.476562 0.042969 0.480469 0.042969 0.500000 0.054688 0.503906 0.058594 0.527344 0.058594 0.541293 0.061941 0.537945 0.068081 0.535714 0.074219 0.527344 0.082031 0.523438 0.085938 0.492188 0.097656 0.488281 0.101562 0.453125 0.109375 0.449219 0.113281 0.417969 0.113281 0.414062 0.113281 0.402344 0.101562 0.398438 0.097656 0.394531 0.078125 0.394531 0.074219 0.410156 0.058594 0.414062 0.054688 0.453125 0.042969
0 0.460938 0.109375 0.484375 0.113281 0.488281 0.117188 0.496094 0.132812 0.500000 0.136719 0.501116 0.167968 0.491630 0.169642 0.474886 0.158482 0.459820 0.148996 0.445312 0.125000 0.445312 0.121094 0.460938 0.109375
0 0.261719 0.000000 0.285156 0.000000 0.289062 0.000000 0.329243 0.051343 0.347656 0.082031 0.355469 0.102121 0.366070 0.114954 0.364954 0.128906 0.359375 0.132812 0.343750 0.152344 0.339844 0.156250 0.316406 0.156250 0.312500 0.156250 0.281250 0.136719 0.277344 0.136719 0.273438 0.117188 0.273438 0.113281 0.277344 0.089844 0.281250 0.085938 0.281250 0.054688 0.281250 0.050781 0.261719 0.000000
0 0.386719 0.125000 0.417969 0.132812 0.421875 0.132812 0.449219 0.167969 0.457589 0.171875 0.464060 0.194031 0.450177 0.219777 0.462054 0.226006 0.465401 0.248883 0.448098 0.253352 0.428569 0.275112 0.385043 0.285714 0.371094 0.281250 0.359375 0.273438 0.355469 0.269531 0.355469 0.261719 0.351562 0.257812 0.351562 0.183594 0.351562 0.179688 0.343750 0.164062 0.343750 0.160156 0.355469 0.140625 0.359375 0.136719 0.386719 0.125000
0 0.784039 0.068638 0.800781 0.070312 0.809151 0.074219 0.808593 0.098772 0.800781 0.101562 0.785156 0.109375 0.781250 0.113281 0.757812 0.109375 0.753906 0.109375 0.746094 0.101562 0.742188 0.101562 0.738281 0.086496 0.758367 0.085938 0.772880 0.073102
0 0.332706 0.001246 0.323779 0.028027 0.341634 0.050345 0.334938 0.059273 0.340518 0.065968 0.370647 0.043650 0.394080 0.016868 0.413051 0.016868 0.421978 0.000000
0 0.370647 0.050345 0.375110 0.062620 0.391849 0.059273 0.414167 0.032491 0.406355 0.024680 0.392965 0.021332 0.391186 0.026459 0.379574 0.032491 0.379574 0.034723
0 0.641809 0.174210 0.654084 0.175326 0.659664 0.168630 0.661895 0.148544 0.660780 0.136269 0.652968 0.138501 0.644041 0.130690 0.636230 0.127342 0.630650 0.140733
0 0.463943 0.527732 0.441833 0.544928 0.444290 0.562125 0.435692 0.567038 0.453389 0.584978 0.471313 0.564582 0.479912 0.551070 0.478683 0.543700
0 0.366905 0.424552 0.419723 0.425780 0.425865 0.398757 0.417267 0.396300 0.409896 0.382788 0.400070 0.401213 0.387787 0.406127 0.387787 0.415954
0 0.445071 0.430692 0.448392 0.427371 0.461677 0.421836 0.462784 0.408552 0.502636 0.400803 0.507064 0.403017 0.513705 0.410766 0.529204 0.408552 0.542488 0.397482 0.552451 0.394161 0.560200 0.401910 0.560200 0.430692 0.579019 0.441763 0.582340 0.452832 0.573484 0.456154 0.557986 0.445083 0.548023 0.445083 0.564628 0.458368 0.567949 0.469438 0.560200 0.483829 0.576805 0.481614 0.577912 0.504862 0.574591 0.511504 0.564628 0.512611 0.555772 0.518146 0.533632 0.521467 0.533632 0.528109 0.517027 0.527002 0.520348 0.536965 0.518134 0.543607 0.508171 0.554677 0.492673 0.563533 0.495993 0.573496 0.467211 0.573496 0.467211 0.567961 0.480495 0.552463 0.480495 0.544714 0.463890 0.529216 0.463890 0.501541 0.477175 0.496005 0.480495 0.457261 0.469425 0.448404 0.460570 0.436227
0 0.367188 0.421875 0.410156 0.425781 0.414062 0.425781 0.452018 0.434764 0.462566 0.441406 0.469272 0.447005 0.479820 0.456446 0.477606 0.496489 0.462108 0.504823 0.464717 0.527344 0.443684 0.544534 0.442971 0.562500 0.429688 0.566406 0.407230 0.589907 0.373435 0.616475 0.365368 0.636197 0.341536 0.648959 0.316470 0.648959 0.308136 0.632354 0.269404 0.618689 0.255535 0.598178 0.231210 0.592004 0.214938 0.590515 0.199209 0.578332 0.181380 0.577540 0.179688 0.573634 0.178059 0.562500 0.183594 0.558594 0.195312 0.550781 0.199219 0.550781 0.234375 0.511719 0.238281 0.507812 0.269531 0.488281 0.273438 0.488281 0.335938 0.437500 0.339844 0.433594 0.367188 0.421875
0 1.000000 0.421094 0.992188 0.414062 0.988281 0.410156 0.980469 0.394531 0.976562 0.390625 0.976562 0.367188 0.976562 0.363281 0.988281 0.339844 0.988281 0.335938 1.000000 0.319531
0 1.000000 0.245823 0.978647 0.245823 0.981968 0.251358 0.988610 0.252465 0.981968 0.264642 0.987503 0.277926 1.000000 0.281050
0 0.912227 0.180509 0.872375 0.207078 0.874589 0.214827 0.845807 0.225896 0.854663 0.235860 0.874589 0.235860 0.916655 0.202650 0.939902 0.189366 0.933260 0.181616
0 0.825880 0.277926 0.836951 0.285675 0.839165 0.284568 0.850235 0.272391 0.860198 0.266856 0.872375 0.251358 0.867947 0.239181 0.850235 0.241395 0.836951 0.249144 0.831416 0.266856
0 0.877910 0.287889 0.893408 0.290103 0.916655 0.261321 0.916655 0.252465 0.897836 0.255786 0.898943 0.248037 0.913334 0.243609 0.923297 0.233646 0.923297 0.217041 0.902264 0.217041 0.898943 0.231432 0.876803 0.233646 0.876803 0.250251 0.886766 0.250251 0.888980 0.255786 0.873482 0.263535 0.863519 0.273498
0 0.746176 0.471652 0.757246 0.472759 0.783814 0.460581 0.792671 0.445083 0.788243 0.428479 0.777172 0.424050 0.772745 0.417408 0.759461 0.420729 0.757246 0.459475
0 0.920097 0.392831 0.947999 0.368734 0.958145 0.347173 0.956877 0.328149 0.928975 0.323076 0.901073 0.326881 0.888390 0.331954 0.892195 0.368734 0.904877 0.372539 0.908682 0.387758
0 0.961950 0.487952 1.000000 0.493717 1.000000 0.460367 0.998730 0.460050 0.969559 0.458781 0.956877 0.468928
0 0.944262 0.318448 0.967865 0.314908 0.982027 0.314908 0.998550 0.296025 1.000000 0.296347 1.000000 0.322119 0.986748 0.336151 0.978487 0.334971 0.973766 0.329070 0.956064 0.329070
0 0.901776 0.390439 0.901776 0.404600 0.897055 0.399880 0.887614 0.396339 0.878172 0.405781 0.869911 0.421123 0.869911 0.424663 0.876992 0.436465 0.895875 0.431745 0.895875 0.428204 0.902956 0.417582 0.911217 0.415222 0.921839 0.423483 0.921839 0.421123 0.936001 0.417582 0.932460 0.403420 0.923019 0.402240 0.921839 0.392799
0 0.819164 0.378637 0.868731 0.402240 0.884073 0.398700 0.879353 0.390439 0.859290 0.377457 0.849848 0.362114 0.836866 0.357394 0.821524 0.359754 0.819164 0.366835 0.820344 0.369195
0 0.774318 0.179188 0.740093 0.181549 0.748354 0.202792 0.761336 0.201612 0.769597 0.213413 0.788480 0.212233 0.796741 0.205152 0.789660 0.190990
0 0.653941 0.194530 0.648040 0.208693 0.653941 0.215773 0.664562 0.218134 0.676364 0.225215 0.701147 0.215773 0.704688 0.212233 0.685805 0.207512 0.677544 0.203972 0.676364 0.199251 0.664562 0.196891
0 0.807362 0.000000 0.807362 0.015145 0.860470 0.012785 0.869911 0.000983 0.907677 0.008064 0.907677 0.000000
0 0.916849 0.917986 0.932438 0.920584 0.932438 0.927080 0.946728 0.927080 0.958420 0.917986 0.946728 0.894603 0.909055 0.890705 0.905158 0.904995
0 0.730203 0.834374 0.734008 0.854666 0.740349 0.864813 0.736545 0.873691 0.739081 0.883837 0.759373 0.871154 0.788544 0.848325 0.802495 0.834374 0.802495 0.821691 0.799958 0.812814 0.749227 0.821691 0.749227 0.824228
0 0.730469 0.738281 0.750000 0.738281 0.753906 0.738281 0.753906 0.761719 0.750000 0.765625 0.730469 0.777344 0.726562 0.781250 0.714844 0.781250 0.710938 0.785156 0.691406 0.785156 0.687500 0.785156 0.679688 0.777344 0.675781 0.773438 0.671875 0.753906 0.675781 0.750000 0.730469 0.738281
0 0.470207 0.943446 0.489231 0.934568 0.506987 0.934568 0.493036 0.928227 0.512060 0.921885 0.517133 0.907934 0.508255 0.880032 0.508255 0.882569 0.494304 0.882569 0.480353 0.886373 0.475280 0.899056 0.475280 0.916812 0.477816 0.926958 0.466402 0.925690 0.458793 0.949787
0 0.538694 0.958665 0.538694 0.971348 0.561523 0.966275 0.580547 0.965006 0.595766 0.954860 0.604644 0.954860 0.622400 0.948519 0.630009 0.929495 0.614790 0.920617 0.603376 0.920617 0.602107 0.934568 0.597034 0.940909 0.579279 0.943446 0.578010 0.949787
0 0.642692 0.904129 0.626205 0.920617 0.624936 0.929495 0.656643 0.929495 0.660448 0.913007 0.655375 0.907934
0 0.401720 0.810277 0.401720 0.844520 0.424549 0.843252 0.451183 0.835643 0.462597 0.830570 0.481621 0.834374 0.486695 0.824228 0.509523 0.826764 0.504450 0.781107 0.472743 0.778570 0.458793 0.792521 0.457524 0.805204
0 0.487963 0.739254 0.462597 0.740522 0.454988 0.748132 0.449914 0.757009 0.452451 0.768424 0.461329 0.773497 0.470207 0.768424 0.493036 0.765888 0.498109 0.760814 0.501914 0.751936 0.513328 0.744327 0.505718 0.735449
0 0.523474 0.789985 0.515865 0.801399 0.515865 0.805204 0.528548 0.805204 0.536157 0.801399 0.542498 0.789985 0.546303 0.772229 0.539962 0.764619 0.539962 0.762082 0.545035 0.758278 0.548840 0.751936 0.539962 0.750668 0.533621 0.731644 0.508255 0.730376 0.515865 0.746863 0.515865 0.753205 0.505718 0.755741 0.501914 0.765888 0.513328 0.767155 0.506987 0.773497 0.508255 0.787448 0.513328 0.791253
0 0.589425 0.712620 0.585620 0.732912 0.602107 0.732912 0.616058 0.725303 0.618595 0.715156 0.610985 0.705010 0.619863 0.699937 0.626205 0.678377 0.626205 0.664425 0.616058 0.655548 0.613522 0.644133 0.603376 0.625109 0.594498 0.622572 0.589425 0.645401 0.593229 0.659352 0.584352 0.660621 0.571669 0.658084 0.558986 0.659352 0.558986 0.683450 0.562791 0.693596 0.574205 0.701205 0.575473 0.703742
0 0.602107 0.740522 0.600839 0.751936 0.594498 0.762082 0.617327 0.784911 0.631278 0.795058 0.633814 0.795058 0.643961 0.806472 0.647765 0.792521 0.655375 0.793789 0.656643 0.788716 0.638888 0.773497 0.614790 0.760814 0.617327 0.737985 0.614790 0.737985
0 0.078125 0.953125 0.109375 0.953125 0.113281 0.953125 0.128906 0.972656 0.132812 0.976562 0.128906 0.996094 0.128906 1.000000 0.128906 1.000000 0.091797 1.000000 0.082031 0.996094 0.078125 0.996094 0.070312 0.984375 0.066406 0.980469 0.066406 0.964844 0.066406 0.960938 0.078125 0.953125
0 0.023774 0.859740 0.027579 0.862276 0.046604 0.890178 0.066896 0.897788 0.082115 0.895251 0.083383 0.891446 0.075773 0.888910 0.074505 0.871154 0.070700 0.864813 0.033921 0.849593 0.016165 0.849593
0 0.120163 0.881300 0.121432 0.893983 0.127773 0.906666 0.140455 0.909202 0.148065 0.907934 0.154407 0.900325 0.153138 0.888910 0.142992 0.880032
0 0.304063 0.753205 0.286307 0.767155 0.277429 0.777302 0.277429 0.783643 0.293917 0.793789 0.309136 0.789985 0.318014 0.784911 0.318014 0.757009 0.315477 0.750668
0 0.068164 0.621304 0.068164 0.628914 0.071969 0.639060 0.070700 0.670767 0.079579 0.678377 0.092261 0.682181 0.099871 0.688523 0.145529 0.685986 0.139187 0.669498 0.136651 0.669498 0.129041 0.660621 0.120163 0.656816 0.103676 0.655548 0.099871 0.628914 0.080847 0.628914
0 0.160748 0.725303 0.129041 0.727839 0.126505 0.743059 0.121432 0.743059 0.122700 0.754473 0.156943 0.753205 0.163284 0.749400 0.167089 0.743059
0 0.286307 0.698669 0.282502 0.711352 0.259673 0.717693 0.246991 0.717693 0.245722 0.724034 0.243186 0.725303 0.243186 0.731644 0.269820 0.753205 0.277429 0.755741 0.282502 0.750668 0.302795 0.743059 0.306600 0.732912 0.314209 0.730376 0.320550 0.722766 0.302795 0.717693 0.302795 0.706279 0.297721 0.698669
0 0.619623 0.597555 0.636719 0.597656 0.640625 0.597656 0.687500 0.648438 0.691406 0.652344 0.699219 0.671875 0.703125 0.675781 0.703125 0.691406 0.703125 0.695312 0.683594 0.730469 0.679688 0.734375 0.671875 0.730469 0.667969 0.726562 0.664062 0.710938 0.664062 0.707031 0.652344 0.691406 0.652344 0.687500 0.621094 0.656250 0.620992 0.644734 0.609477 0.624189
0 0.692886 0.135522 0.678724 0.139063 0.670463 0.148504 0.677544 0.167387 0.689346 0.179188 0.694066 0.178008 0.702327 0.153225 0.698787 0.143783
