0 1.000000 0.189712 0.994192 0.187180 0.991545 0.183284 0.991509 0.169181 0.992908 0.160407 1.000000 0.159665 1.000000 0.141195 0.995813 0.138222 0.994209 0.133786 0.996756 0.124590 1.000000 0.121886
0 0.348744 0.906753 0.371241 0.911561 0.390782 0.909397 0.401925 0.913714 0.405687 0.920859 0.424249 0.980774 0.433641 0.997688 0.435295 1.000000 0.311803 1.000000 0.313795 0.994146 0.320509 0.967489 0.321084 0.959946 0.311093 0.933950 0.313337 0.921556 0.325232 0.909934 0.336336 0.906948
0 0.770082 0.119158 0.784219 0.134276 0.790085 0.143759 0.797780 0.164011 0.798622 0.168458 0.806118 0.181086 0.809725 0.189802 0.811825 0.192794 0.814277 0.199483 0.814429 0.203136 0.816630 0.211222 0.810569 0.215979 0.810764 0.223095 0.812453 0.228022 0.821457 0.241827 0.817476 0.248055 0.811673 0.250686 0.808088 0.251398 0.785855 0.261195 0.781856 0.262606 0.768098 0.270609 0.763065 0.292143 0.760772 0.298341 0.755879 0.302341 0.742629 0.306194 0.730323 0.311405 0.716747 0.321902 0.711498 0.319871 0.696815 0.302621 0.692025 0.284839 0.692715 0.284012 0.690927 0.269936 0.691321 0.251065 0.689925 0.236408 0.688129 0.234852 0.683695 0.227050 0.683153 0.218995 0.684115 0.214293 0.684880 0.193083 0.685909 0.185239 0.688424 0.179188 0.689060 0.175587 0.691798 0.168996 0.693009 0.164019 0.701694 0.150346 0.702982 0.140757 0.710814 0.137850 0.714910 0.139991 0.721666 0.142258 0.728738 0.143226 0.735486 0.146555 0.742665 0.146737 0.749258 0.147639 0.760454 0.146538 0.761444 0.145416 0.757640 0.133838 0.759311 0.119034 0.764800 0.117341
0 0.000000 0.406456 0.017078 0.416926 0.023210 0.417496 0.027920 0.415895 0.032728 0.413240 0.043544 0.416419 0.053322 0.423870 0.057602 0.427753 0.063773 0.428781 0.068747 0.420763 0.074081 0.414799 0.080476 0.417489 0.087559 0.421836 0.088559 0.424418 0.089607 0.433523 0.084323 0.447066 0.082812 0.448364 0.076936 0.456574 0.073002 0.458857 0.059196 0.468782 0.051982 0.476676 0.051685 0.482577 0.060252 0.494821 0.058963 0.499670 0.055595 0.501472 0.046500 0.507792 0.042326 0.513131 0.042486 0.516329 0.040478 0.534666 0.038159 0.540991 0.034768 0.547379 0.028948 0.556328 0.015428 0.555391 0.005963 0.548929 0.002744 0.547317 0.000000 0.545443 0.000000 0.520677 0.008229 0.515698 0.003282 0.510143 0.000000 0.503170
0 0.896357 0.737195 0.907431 0.742781 0.916585 0.749984 0.915152 0.756270 0.907144 0.757671 0.909656 0.765248 0.914808 0.771080 0.931588 0.771882 0.943272 0.774472 0.956059 0.782845 0.967974 0.798652 0.973957 0.803704 0.968145 0.813569 0.961076 0.818711 0.931857 0.828191 0.934258 0.835780 0.952638 0.850900 0.957510 0.864117 0.941681 0.881847 0.932011 0.887583 0.904352 0.891593 0.888923 0.887380 0.877608 0.886327 0.869894 0.887907 0.858065 0.886854 0.851085 0.883958 0.840379 0.858810 0.831321 0.829460 0.825863 0.818539 0.820692 0.795761 0.822064 0.787863 0.833153 0.777266 0.844125 0.778724 0.847264 0.775752 0.840064 0.772593 0.835093 0.766257 0.837789 0.763376 0.855189 0.753908 0.880609 0.735872
0 0.085920 0.977616 0.082864 0.996339 0.078489 1.000000 0.029145 1.000000 0.032793 0.986224 0.047181 0.976832 0.071592 0.970931
0 0.660818 0.656791 0.660646 0.669720 0.642409 0.684290 0.641473 0.688455 0.656706 0.701534 0.668973 0.727321 0.673809 0.732372 0.688957 0.726722 0.700615 0.727321 0.720599 0.744722 0.742024 0.756107 0.748964 0.769128 0.744505 0.784706 0.729999 0.797755 0.710646 0.796395 0.698957 0.787044 0.706710 0.767139 0.666959 0.772515 0.639829 0.757923 0.617346 0.750123 0.598195 0.762123 0.583768 0.775982 0.557214 0.790291 0.538242 0.820925 0.514927 0.822125 0.499939 0.817325 0.500771 0.807724 0.534911 0.772323 0.562235 0.764265 0.561584 0.752017 0.559059 0.732722 0.564055 0.714721 0.579043 0.694321 0.571571 0.682620 0.569861 0.670796 0.581408 0.661065 0.604024 0.667320 0.610288 0.665951 0.636405 0.644684
0 1.000000 0.587062 0.999265 0.586562 0.991734 0.584334 0.988220 0.582741 0.982697 0.577647 0.978681 0.571598 0.976171 0.565230 0.975668 0.561410 0.977677 0.557908 0.986714 0.550904 1.000000 0.543482
0 0.248653 0.314961 0.254065 0.318880 0.252768 0.326177 0.252816 0.338472 0.256398 0.353530 0.253305 0.365388 0.245361 0.390454 0.236435 0.403499 0.224921 0.413903 0.223256 0.417332 0.231583 0.429088 0.243956 0.437055 0.246154 0.443996 0.235963 0.455951 0.208851 0.456463 0.202027 0.459433 0.188284 0.454068 0.177043 0.456027 0.169312 0.454471 0.161292 0.446281 0.155747 0.436213 0.152535 0.421059 0.135789 0.414721 0.128300 0.405932 0.126994 0.389745 0.132953 0.379826 0.139447 0.375248 0.154255 0.373213 0.161120 0.368932 0.162471 0.361493 0.156181 0.351776 0.157051 0.347582 0.162784 0.342248 0.173064 0.338898 0.192409 0.336877 0.197443 0.331125 0.215346 0.317411 0.225690 0.314009 0.233471 0.313259
0 0.232465 0.459848 0.236971 0.463962 0.239506 0.469448 0.242886 0.474934 0.250490 0.484877 0.251616 0.487963 0.251898 0.494134 0.250499 0.500573 0.249927 0.506478 0.247392 0.515392 0.244857 0.521221 0.241759 0.526021 0.235281 0.532879 0.224016 0.543507 0.218946 0.547279 0.217538 0.549336 0.222326 0.545565 0.217498 0.550936 0.214774 0.551912 0.209934 0.555508 0.207117 0.556536 0.200921 0.556880 0.195006 0.555508 0.189373 0.553451 0.182614 0.547279 0.175573 0.541793 0.169659 0.540079 0.167969 0.538021 0.168250 0.531850 0.173038 0.523621 0.176981 0.518478 0.187402 0.506821 0.198668 0.491392 0.201766 0.485905 0.204582 0.477334 0.210215 0.463277 0.214721 0.459505 0.221150 0.459570 0.226832 0.458361
0 0.476562 0.000000 0.476562 0.015625 0.502838 0.051766 0.504449 0.066520 0.492188 0.085938 0.485445 0.090636 0.465007 0.099311 0.447122 0.097005 0.433940 0.092027 0.415723 0.080347 0.386462 0.059085 0.323607 0.048420 0.312500 0.035156 0.313053 0.011685 0.310101 0.000000
0 0.500000 0.871094 0.507812 0.878906 0.539062 0.882812 0.601562 0.910156 0.613281 0.921875 0.628906 0.957031 0.628906 0.968750 0.644531 0.996094 0.644531 1.000000 0.430122 1.000000 0.417969 0.972656 0.406250 0.910156 0.410156 0.867188 0.421875 0.855469
0 0.394531 0.632812 0.417969 0.644531 0.449219 0.671875 0.453125 0.687500 0.472656 0.703125 0.488281 0.738281 0.511719 0.757812 0.507812 0.781250 0.480469 0.808594 0.460938 0.816406 0.417969 0.847656 0.390625 0.878906 0.375000 0.906250 0.324219 0.894531 0.300781 0.902344 0.285156 0.917969 0.226562 0.945312 0.183594 0.945312 0.160156 0.914062 0.156250 0.875000 0.167969 0.847656 0.167969 0.820312 0.144531 0.816406 0.148438 0.796875 0.179688 0.765625 0.214844 0.710938 0.253906 0.691406 0.253906 0.679688 0.316406 0.625000 0.324219 0.625000
0 0.698242 0.000000 0.753906 0.023438 0.779804 0.039954 0.805400 0.057677 0.862293 0.111216 0.877997 0.127564 0.891543 0.143821 0.912109 0.178430 0.930648 0.202472 0.942346 0.233693 0.949897 0.237339 0.955802 0.253592 0.963130 0.280486 0.978831 0.308752 0.980046 0.316772 0.979281 0.355044 0.975902 0.368452 0.957638 0.383802 0.933594 0.382812 0.906250 0.355469 0.890625 0.324219 0.890625 0.304688 0.884962 0.280260 0.874375 0.252737 0.874577 0.238345 0.866930 0.215662 0.854590 0.193590 0.838269 0.177100 0.837620 0.168780 0.829660 0.156535 0.820599 0.143801 0.807741 0.135842 0.786503 0.115998 0.766990 0.095777 0.745972 0.087651 0.731579 0.079992 0.711330 0.065313 0.684693 0.067567 0.636537 0.067553 0.635871 0.063293 0.613361 0.061543 0.594045 0.057471 0.559717 0.036820 0.554030 0.028648 0.540531 0.002685 0.541209 0.000000
0 0.000000 0.000000 0.208984 0.000000 0.207031 0.011719 0.203125 0.050781 0.187500 0.105469 0.171875 0.175781 0.109375 0.171875 0.085938 0.164062 0.031250 0.160156 0.019531 0.152344 0.000000 0.150716
0 0.179688 0.566406 0.203125 0.574219 0.207031 0.578125 0.210938 0.605469 0.210938 0.609375 0.203125 0.625000 0.203125 0.628906 0.167969 0.660156 0.164062 0.664062 0.156250 0.664062 0.152344 0.664062 0.140625 0.636719 0.140625 0.632812 0.128906 0.625000 0.125000 0.621094 0.121094 0.609375 0.117188 0.605469 0.132812 0.582031 0.136719 0.578125 0.179688 0.566406
0 0.078125 0.750000 0.097656 0.753906 0.101562 0.753906 0.132812 0.800781 0.136719 0.804688 0.136719 0.812500 0.136719 0.816406 0.117188 0.832031 0.113281 0.835938 0.125000 0.847656 0.128906 0.851562 0.140625 0.878906 0.144531 0.882812 0.144531 0.894531 0.148438 0.898438 0.136719 0.941406 0.132812 0.945312 0.125000 0.945312 0.121094 0.945312 0.109375 0.921875 0.109375 0.917969 0.101562 0.910156 0.097656 0.906250 0.082031 0.902344 0.078125 0.902344 0.074219 0.894531 0.070312 0.890625 0.070312 0.863281 0.070312 0.859375 0.058594 0.824219 0.058594 0.820312 0.070312 0.808594 0.074219 0.804688 0.070312 0.765625 0.070312 0.761719 0.078125 0.750000
0 0.381541 0.064247 0.378625 0.054182 0.372894 0.059914 0.363128 0.062531 0.347771 0.058796 0.337568 0.049710 0.329141 0.055898 0.323091 0.055898 0.319467 0.050937 0.308854 0.024590 0.305499 0.005279 0.305499 0.000000 0.266437 0.000000 0.266437 0.007216 0.269791 0.028462 0.284710 0.069539 0.289183 0.078486 0.297868 0.087171 0.285668 0.098254 0.263902 0.104364 0.252280 0.115986 0.249204 0.122475 0.239002 0.119201 0.235347 0.115547 0.219132 0.111633 0.215219 0.107719 0.205453 0.105102 0.195688 0.107719 0.188539 0.114868 0.184804 0.126870 0.187421 0.136635 0.194569 0.143784 0.217154 0.150713 0.220289 0.153848 0.244592 0.162057 0.279259 0.171003 0.289024 0.168386 0.296173 0.161237 0.298790 0.151471 0.296173 0.138351 0.294082 0.136260 0.308034 0.131483 0.328163 0.110236 0.338026 0.103661 0.361711 0.094580 0.376688 0.079604 0.378924 0.074012
0 0.755511 0.563149 0.797081 0.576511 0.819350 0.570572 0.835681 0.580965 0.887643 0.592842 0.884673 0.576511 0.881704 0.576511 0.872796 0.569088 0.860920 0.569088 0.852012 0.558695 0.811927 0.558695 0.798565 0.551272 0.789657 0.552757 0.786688 0.555726 0.770357 0.557211
0 0.694642 0.398356 0.688704 0.395387 0.682765 0.411718 0.699096 0.432503 0.718396 0.462195 0.739180 0.466649 0.759965 0.475557 0.767388 0.469618 0.755511 0.460711 0.745119 0.457741 0.745119 0.420626 0.736211 0.417656 0.736211 0.413203 0.731757 0.407264 0.712457 0.396872 0.709488 0.396872 0.705034 0.396872
0 0.660156 0.949219 0.695312 0.953125 0.699219 0.953125 0.722656 0.972656 0.726562 0.976562 0.726562 0.988281 0.726562 0.992188 0.707031 1.000000 0.703125 1.000000 0.664062 0.988281 0.660156 0.988281 0.656250 0.976562 0.652344 0.972656 0.652344 0.957031 0.652344 0.953125 0.660156 0.949219
0 0.757812 0.914062 0.777344 0.914062 0.781250 0.914062 0.812500 0.925781 0.816406 0.929688 0.832031 0.929688 0.835938 0.929688 0.847656 0.941406 0.847656 0.945312 0.843750 0.949219 0.843750 0.953125 0.812500 0.968750 0.808594 0.972656 0.734375 0.964844 0.730469 0.964844 0.726562 0.960938 0.722656 0.957031 0.726562 0.945312 0.726562 0.941406 0.757812 0.914062
0 0.859375 0.921875 0.898438 0.921875 0.902344 0.921875 0.906250 0.949219 0.906250 0.953125 0.894531 0.957031 0.890625 0.960938 0.859375 0.960938 0.855469 0.960938 0.847656 0.953125 0.843750 0.949219 0.843750 0.937500 0.843750 0.933594 0.859375 0.921875
0 0.613281 0.523438 0.625000 0.523438 0.628906 0.523438 0.640625 0.546875 0.640625 0.550781 0.636719 0.558594 0.632812 0.562500 0.605469 0.566406 0.601562 0.566406 0.582031 0.546875 0.582031 0.542969 0.613281 0.523438
0 0.574219 0.550781 0.585938 0.554688 0.589844 0.558594 0.597656 0.582031 0.597656 0.585938 0.593750 0.589844 0.593750 0.593750 0.570312 0.601562 0.566406 0.601562 0.558594 0.593750 0.554688 0.589844 0.550781 0.570312 0.550781 0.566406 0.574219 0.550781
0 0.421875 0.582031 0.460938 0.582031 0.464844 0.582031 0.492188 0.597656 0.496094 0.601562 0.523438 0.609375 0.527344 0.609375 0.527344 0.617188 0.531250 0.621094 0.523438 0.632812 0.523438 0.636719 0.511719 0.644531 0.507812 0.648438 0.457031 0.652344 0.453125 0.652344 0.441406 0.628906 0.437500 0.625000 0.402344 0.613281 0.398438 0.609375 0.406250 0.593750 0.406250 0.589844 0.421875 0.582031
0 0.386719 0.382812 0.402344 0.382812 0.406250 0.382812 0.441406 0.406250 0.441406 0.410156 0.421875 0.421875 0.417969 0.425781 0.375000 0.417969 0.371094 0.417969 0.335502 0.412191 0.367188 0.402344 0.386719 0.382812
0 0.375000 0.417969 0.394531 0.429688 0.398438 0.433594 0.398438 0.460938 0.402344 0.464844 0.398438 0.472656 0.398438 0.476562 0.382812 0.488281 0.378906 0.492188 0.355469 0.480469 0.351562 0.476562 0.351562 0.460938 0.351562 0.457031 0.375000 0.417969
0 0.507812 0.199219 0.558594 0.199219 0.562500 0.199219 0.574219 0.203125 0.578125 0.203125 0.585938 0.214844 0.585938 0.218750 0.578125 0.226562 0.574219 0.230469 0.492188 0.230469 0.488281 0.230469 0.468750 0.218750 0.464844 0.214844 0.468750 0.210938 0.472656 0.207031 0.507812 0.199219
0 0.472656 0.238281 0.492188 0.242188 0.496094 0.242188 0.515625 0.257812 0.519531 0.261719 0.523438 0.277344 0.523438 0.281250 0.519531 0.285156 0.515625 0.289062 0.488281 0.296875 0.484375 0.296875 0.472656 0.292969 0.468750 0.292969 0.453125 0.277344 0.449219 0.277344 0.445312 0.261719 0.445312 0.257812 0.472656 0.238281
0 0.566406 0.062500 0.636719 0.066406 0.640625 0.066406 0.652344 0.070312 0.656250 0.070312 0.660156 0.082031 0.660156 0.085938 0.648438 0.097656 0.644531 0.101562 0.609375 0.101562 0.605469 0.101562 0.574219 0.117188 0.570312 0.117188 0.558594 0.109375 0.554688 0.109375 0.546875 0.089844 0.542969 0.085938 0.546875 0.074219 0.546875 0.070312 0.566406 0.062500
0 0.572918 0.125289 0.529350 0.160935 0.521429 0.170837 0.507566 0.204502 0.537271 0.184699 0.555095 0.190640 0.566977 0.184699 0.564996 0.172817 0.578859 0.170837 0.578859 0.154994
0 0.505586 0.012409 0.505586 0.038153 0.519448 0.053996 0.519448 0.069839 0.503605 0.069839 0.487763 0.089642 0.493704 0.111426 0.505586 0.109446 0.519448 0.133210 0.541232 0.147072 0.568957 0.125289 0.568957 0.113406 0.553114 0.103505 0.545193 0.091623 0.543213 0.081721 0.545193 0.069839 0.555095 0.061917 0.557075 0.052016 0.576878 0.048055 0.551134 0.028252 0.527370 0.016369
0 0.347158 0.127269 0.351118 0.151033 0.363000 0.188660 0.382804 0.202522 0.394686 0.196581 0.400627 0.180738 0.432313 0.186679 0.448155 0.204502 0.469939 0.204502 0.483802 0.190640 0.465979 0.147072 0.420430 0.125289 0.408548 0.133210 0.386765 0.141131 0.378843 0.131230 0.378843 0.117367 0.364981 0.117367
0 1.000000 0.034180 0.988281 0.031250 0.984375 0.031250 0.984375 0.019531 0.984375 0.015625 1.000000 0.006944
0 0.430872 0.470066 0.440757 0.476656 0.455585 0.473361 0.468766 0.455238 0.453938 0.447001 0.447348 0.443705 0.430872 0.443705 0.417692 0.447001 0.417692 0.463476
0 0.496773 0.504664 0.523134 0.516196 0.536314 0.514549 0.544552 0.501369 0.556084 0.499721 0.559379 0.496426 0.562674 0.496426 0.567617 0.493131 0.556084 0.486541 0.546199 0.484894 0.511601 0.496426
0 0.995973 0.914897 0.999268 0.921488 1.000000 0.921697 1.000000 0.888877 0.997621 0.888537 0.994325 0.900070
0 0.937932 0.072086 0.917518 0.086219 0.908096 0.095641 0.908096 0.123907 0.920659 0.123907 0.942643 0.101922
0 0.262939 0.598891 0.249012 0.601677 0.254583 0.667136 0.243441 0.675492 0.257368 0.685241 0.276867 0.661565 0.274081 0.650423 0.274081 0.635103 0.271296 0.635103 0.275474 0.608641
0 0.900947 0.628510 0.931235 0.631144 0.949672 0.629827 0.958890 0.625876 0.958890 0.615341 0.962841 0.615341 0.945721 0.600855 0.931235 0.599538 0.931235 0.589003 0.907531 0.591637 0.898313 0.596905 0.887778 0.610073 0.902264 0.610073 0.908848 0.614024
0 0.983911 0.802339 0.993129 0.815509 1.000000 0.814036 1.000000 0.789189 0.999714 0.789171
0 0.981260 0.371851 1.000000 0.376536 1.000000 0.313960 0.990988 0.319968 0.992609 0.323210 0.981260 0.324832
