0 1.000000 0.896875 0.992188 0.890625 0.988281 0.886719 0.992188 0.875000 0.992188 0.871094 1.000000 0.867188
0 1.000000 0.270020 0.992188 0.273438 0.988281 0.277344 0.957031 0.277344 0.953125 0.277344 0.937500 0.230469 0.933594 0.226562 0.941406 0.203125 0.941406 0.199219 0.953125 0.187500 0.957031 0.183594 0.972656 0.179688 0.976562 0.179688 0.996094 0.160156 1.000000 0.156250 1.000000 0.156250
0 0.898438 0.476562 0.910156 0.476562 0.914062 0.476562 0.941406 0.492188 0.945312 0.492188 0.960938 0.511719 0.964844 0.515625 0.984375 0.523438 0.988281 0.523438 1.000000 0.535156 1.000000 0.535156 1.000000 0.573730 0.972656 0.597656 0.968750 0.601562 0.968750 0.640625 0.968750 0.644531 0.960938 0.652344 0.957031 0.656250 0.937500 0.660156 0.933594 0.664062 0.855469 0.664062 0.851562 0.664062 0.843750 0.660156 0.839844 0.656250 0.816406 0.613281 0.812500 0.609375 0.800781 0.558594 0.796875 0.554688 0.796875 0.511719 0.796875 0.507812 0.804688 0.500000 0.808594 0.496094 0.863281 0.488281 0.867188 0.488281 0.898438 0.476562
0 0.621094 0.269531 0.664062 0.269531 0.667969 0.269531 0.683594 0.300781 0.683594 0.304688 0.726562 0.367188 0.726562 0.371094 0.746094 0.390625 0.750000 0.394531 0.808594 0.433594 0.812500 0.433594 0.828125 0.464844 0.828125 0.468750 0.839844 0.476562 0.839844 0.480469 0.804688 0.492188 0.800781 0.496094 0.785156 0.496094 0.781250 0.496094 0.773438 0.476562 0.773438 0.472656 0.750000 0.445312 0.750000 0.441406 0.722656 0.421875 0.718750 0.421875 0.640625 0.351562 0.636719 0.347656 0.617188 0.312500 0.613281 0.308594 0.613281 0.285156 0.613281 0.281250 0.621094 0.269531
0 0.675781 0.542969 0.722656 0.554688 0.726562 0.554688 0.718750 0.585938 0.714844 0.589844 0.718750 0.597656 0.722656 0.601562 0.781250 0.609375 0.785156 0.609375 0.808594 0.621094 0.812500 0.621094 0.824219 0.632812 0.828125 0.636719 0.828125 0.652344 0.828125 0.656250 0.816406 0.671875 0.812500 0.675781 0.769531 0.675781 0.765625 0.675781 0.761719 0.679688 0.757812 0.683594 0.757812 0.707031 0.757812 0.710938 0.746094 0.718750 0.742188 0.718750 0.718750 0.750000 0.714844 0.753906 0.605469 0.753906 0.601562 0.753906 0.585938 0.722656 0.585938 0.718750 0.558594 0.695312 0.554688 0.691406 0.574219 0.625000 0.578125 0.621094 0.578125 0.589844 0.578125 0.585938 0.570312 0.574219 0.566406 0.570312 0.582031 0.570312 0.585938 0.570312 0.609375 0.558594 0.613281 0.554688 0.664062 0.550781 0.667969 0.550781 0.675781 0.542969
0 0.664062 0.402344 0.675781 0.402344 0.679688 0.402344 0.707031 0.421875 0.710938 0.421875 0.738281 0.453125 0.742188 0.457031 0.746094 0.535156 0.746094 0.539062 0.738281 0.546875 0.734375 0.550781 0.722656 0.535156 0.718750 0.531250 0.648438 0.539062 0.644531 0.539062 0.613281 0.550781 0.609375 0.554688 0.585938 0.554688 0.582031 0.554688 0.570312 0.566406 0.566406 0.570312 0.546875 0.535156 0.546875 0.531250 0.511719 0.496094 0.507812 0.492188 0.488281 0.460938 0.484375 0.457031 0.484375 0.441406 0.484375 0.437500 0.503906 0.421875 0.507812 0.417969 0.535156 0.410156 0.539062 0.406250 0.609375 0.414062 0.613281 0.414062 0.664062 0.402344
0 0.628906 0.363281 0.652344 0.367188 0.656250 0.367188 0.671875 0.378906 0.675781 0.382812 0.675781 0.390625 0.675781 0.394531 0.664062 0.402344 0.660156 0.406250 0.593750 0.414062 0.589844 0.414062 0.562500 0.402344 0.558594 0.402344 0.550781 0.390625 0.546875 0.386719 0.546875 0.382812 0.546875 0.378906 0.574219 0.371094 0.578125 0.367188 0.628906 0.363281
0 0.929688 0.914062 0.953125 0.914062 0.957031 0.914062 0.996094 0.925781 1.000000 0.929688 0.996094 0.988281 0.996094 0.992188 0.984375 1.000000 0.861328 1.000000 0.867188 0.992188 0.871094 0.988281 0.886719 0.953125 0.886719 0.949219 0.929688 0.914062
0 0.242188 0.777344 0.250000 0.777344 0.253906 0.777344 0.261719 0.789062 0.265625 0.792969 0.265625 0.824219 0.265625 0.828125 0.281250 0.863281 0.285156 0.867188 0.277344 0.902344 0.277344 0.906250 0.253906 0.925781 0.250000 0.929688 0.246094 0.976562 0.246094 0.980469 0.231771 1.000000 0.106120 1.000000 0.070312 0.980469 0.066406 0.976562 0.062500 0.910156 0.062500 0.906250 0.093750 0.867188 0.097656 0.863281 0.152344 0.839844 0.156250 0.839844 0.218750 0.796875 0.222656 0.796875 0.242188 0.777344
0 0.222656 0.703125 0.234375 0.707031 0.238281 0.707031 0.253906 0.722656 0.257812 0.726562 0.257812 0.750000 0.257812 0.753906 0.238281 0.769531 0.234375 0.773438 0.207031 0.781250 0.203125 0.781250 0.195312 0.789062 0.191406 0.792969 0.191406 0.804688 0.187500 0.808594 0.136719 0.808594 0.132812 0.808594 0.121094 0.789062 0.121094 0.785156 0.136719 0.757812 0.136719 0.753906 0.175781 0.722656 0.179688 0.718750 0.222656 0.703125
0 0.250000 0.000000 0.292969 0.000000 0.296875 0.000000 0.304688 0.121094 0.304688 0.125000 0.296875 0.144531 0.292969 0.148438 0.289062 0.175781 0.285156 0.179688 0.273438 0.175781 0.269531 0.175781 0.257812 0.164062 0.253906 0.160156 0.253906 0.152344 0.250000 0.148438 0.250000 0.000000
0 0.304688 0.000000 0.398438 0.000000 0.402344 0.000000 0.398438 0.035156 0.398438 0.039062 0.394531 0.046875 0.390625 0.050781 0.351562 0.070312 0.347656 0.070312 0.320312 0.042969 0.316406 0.039062 0.308594 0.019531 0.304688 0.015625 0.304688 0.000000
0 0.324219 0.062500 0.339844 0.070312 0.343750 0.070312 0.351562 0.082031 0.355469 0.085938 0.359375 0.128906 0.359375 0.132812 0.351562 0.144531 0.347656 0.148438 0.328125 0.144531 0.324219 0.144531 0.304688 0.121094 0.300781 0.117188 0.304688 0.078125 0.304688 0.074219 0.308594 0.070312 0.308594 0.066406 0.324219 0.062500
0 0.000000 0.167969 0.019531 0.175781 0.023438 0.175781 0.066406 0.207031 0.070312 0.207031 0.078125 0.218750 0.078125 0.222656 0.066406 0.226562 0.062500 0.226562 0.039062 0.246094 0.035156 0.250000 0.000000 0.265381
0 0.000000 0.168294 0.027344 0.179688 0.031250 0.179688 0.117188 0.242188 0.121094 0.246094 0.113281 0.296875 0.113281 0.300781 0.085938 0.355469 0.085938 0.359375 0.125000 0.425781 0.128906 0.429688 0.171875 0.437500 0.175781 0.437500 0.175781 0.480469 0.179688 0.484375 0.175781 0.511719 0.175781 0.515625 0.136719 0.558594 0.132812 0.562500 0.117188 0.562500 0.113281 0.562500 0.105469 0.527344 0.105469 0.523438 0.097656 0.511719 0.093750 0.507812 0.085938 0.507812 0.082031 0.503906 0.058594 0.515625 0.054688 0.519531 0.035156 0.519531 0.031250 0.519531 0.003906 0.531250 0.000000 0.535156 0.000000 0.535156
0 0.019531 0.699219 0.042969 0.703125 0.046875 0.703125 0.039062 0.769531 0.039062 0.773438 0.042969 0.781250 0.042969 0.785156 0.066406 0.808594 0.070312 0.812500 0.082031 0.859375 0.085938 0.863281 0.062500 0.898438 0.058594 0.902344 0.054688 0.964844 0.054688 0.968750 0.023438 0.984375 0.019531 0.988281 0.003906 0.988281 0.000000 0.988281 0.000000 0.988281 0.000000 0.750000 0.003906 0.746094 0.007812 0.742188 0.019531 0.699219
0 0.292969 0.667969 0.316406 0.667969 0.320312 0.667969 0.332031 0.691406 0.332031 0.695312 0.296875 0.718750 0.292969 0.722656 0.269531 0.730469 0.265625 0.730469 0.250000 0.710938 0.246094 0.707031 0.246094 0.699219 0.242188 0.695312 0.257812 0.679688 0.261719 0.675781 0.292969 0.667969
0 0.339844 0.722656 0.355469 0.722656 0.359375 0.722656 0.375000 0.738281 0.378906 0.742188 0.378906 0.761719 0.378906 0.765625 0.371094 0.781250 0.367188 0.785156 0.367188 0.804688 0.367188 0.808594 0.351562 0.828125 0.347656 0.832031 0.335938 0.828125 0.332031 0.828125 0.328125 0.820312 0.324219 0.816406 0.324219 0.765625 0.324219 0.761719 0.332031 0.734375 0.332031 0.730469 0.339844 0.722656
0 0.320312 0.828125 0.347656 0.835938 0.351562 0.839844 0.359375 0.882812 0.363281 0.886719 0.359375 0.902344 0.359375 0.906250 0.335938 0.945312 0.332031 0.949219 0.308594 0.949219 0.304688 0.945312 0.296875 0.890625 0.292969 0.886719 0.296875 0.851562 0.296875 0.847656 0.300781 0.839844 0.304688 0.835938 0.320312 0.828125
0 0.429688 0.742188 0.445312 0.746094 0.449219 0.746094 0.464844 0.761719 0.468750 0.765625 0.468750 0.789062 0.468750 0.792969 0.425781 0.792969 0.421875 0.792969 0.406250 0.808594 0.402344 0.812500 0.386719 0.808594 0.382812 0.808594 0.375000 0.796875 0.371094 0.792969 0.371094 0.781250 0.371094 0.777344 0.402344 0.761719 0.406250 0.761719 0.414062 0.753906 0.414062 0.750000 0.429688 0.742188
0 0.406250 0.660156 0.425781 0.660156 0.429688 0.660156 0.460938 0.675781 0.464844 0.675781 0.472656 0.695312 0.476562 0.699219 0.480469 0.726562 0.480469 0.730469 0.472656 0.734375 0.468750 0.738281 0.441406 0.738281 0.437500 0.738281 0.410156 0.726562 0.406250 0.726562 0.394531 0.714844 0.390625 0.710938 0.390625 0.699219 0.386719 0.695312 0.390625 0.679688 0.390625 0.675781 0.406250 0.660156
0 0.480469 0.687500 0.511719 0.687500 0.515625 0.687500 0.546875 0.703125 0.550781 0.703125 0.554688 0.730469 0.554688 0.734375 0.550781 0.738281 0.546875 0.742188 0.515625 0.742188 0.511719 0.742188 0.500000 0.734375 0.496094 0.734375 0.484375 0.714844 0.480469 0.710938 0.480469 0.687500
0 0.593750 0.953125 0.605469 0.957031 0.609375 0.957031 0.636719 0.984375 0.640625 0.988281 0.636719 0.996094 0.632812 1.000000 0.621094 1.000000 0.617188 1.000000 0.597656 0.980469 0.593750 0.976562 0.589844 0.968750 0.585938 0.964844 0.593750 0.953125
0 0.566406 0.871094 0.574219 0.871094 0.578125 0.871094 0.605469 0.894531 0.609375 0.898438 0.617188 0.914062 0.621094 0.917969 0.621094 0.925781 0.621094 0.929688 0.597656 0.949219 0.593750 0.953125 0.578125 0.953125 0.574219 0.953125 0.550781 0.941406 0.546875 0.937500 0.546875 0.914062 0.546875 0.910156 0.566406 0.871094
0 0.425781 0.937500 0.449219 0.937500 0.453125 0.937500 0.476562 0.949219 0.480469 0.953125 0.562500 0.968750 0.566406 0.968750 0.578125 0.976562 0.582031 0.980469 0.578125 1.000000 0.578125 1.000000 0.468750 1.000000 0.468750 1.000000 0.402344 0.980469 0.398438 0.976562 0.398438 0.972656 0.394531 0.968750 0.425781 0.937500
0 0.906250 0.800781 0.941406 0.812500 0.945312 0.812500 0.949219 0.820312 0.953125 0.824219 0.953125 0.839844 0.953125 0.843750 0.941406 0.859375 0.937500 0.863281 0.894531 0.894531 0.890625 0.894531 0.882812 0.890625 0.878906 0.890625 0.871094 0.855469 0.867188 0.851562 0.886719 0.832031 0.890625 0.828125 0.898438 0.808594 0.898438 0.804688 0.906250 0.800781
0 0.984375 0.015625 1.000000 0.017188 1.000000 0.058594 0.980469 0.058594 0.976562 0.058594 0.964844 0.042969 0.964844 0.039062 0.972656 0.027344 0.972656 0.023438 0.984375 0.015625
0 0.906250 0.000000 0.917969 0.000000 0.921875 0.000000 0.925781 0.019531 0.925781 0.023438 0.917969 0.035156 0.914062 0.039062 0.898438 0.035156 0.894531 0.031250 0.894531 0.023438 0.894531 0.019531 0.906250 0.000000
0 0.832031 0.128906 0.851562 0.132812 0.855469 0.136719 0.859375 0.144531 0.859375 0.148438 0.851562 0.160156 0.847656 0.164062 0.839844 0.164062 0.835938 0.164062 0.828125 0.156250 0.824219 0.152344 0.824219 0.140625 0.824219 0.136719 0.832031 0.128906
0 0.769531 0.855469 0.785156 0.855469 0.789062 0.859375 0.789062 0.871094 0.789062 0.875000 0.781250 0.882812 0.777344 0.886719 0.761719 0.882812 0.757812 0.882812 0.750000 0.875000 0.746094 0.871094 0.746094 0.867188 0.750000 0.863281 0.769531 0.855469
0 0.738281 0.859375 0.750000 0.867188 0.753906 0.871094 0.738281 0.898438 0.738281 0.902344 0.726562 0.902344 0.722656 0.906250 0.722656 0.894531 0.722656 0.890625 0.738281 0.859375
0 0.949238 0.481089 0.943317 0.478975 0.937396 0.473054 0.932744 0.470516 0.928092 0.469247 0.923863 0.467132 0.923017 0.465018 0.922594 0.454022 0.929784 0.445563 0.933590 0.442603 0.945855 0.435413 0.948815 0.432453 0.955582 0.427378 0.960657 0.425686 0.962349 0.424417 0.967424 0.423148 0.972499 0.423148 0.977997 0.425263 0.986033 0.429915 0.988147 0.431607 0.988993 0.433721 0.989416 0.438374 0.988993 0.443449 0.980535 0.454022 0.967847 0.466710 0.958120 0.482358 0.952621 0.483204
0 0.877764 0.941370 0.863107 0.937817 0.856889 0.935152 0.852892 0.932487 0.851559 0.930266 0.850227 0.924937 0.851115 0.922716 0.859998 0.918275 0.863995 0.917831 0.866216 0.916498 0.879096 0.914278 0.889311 0.908948 0.897305 0.908948 0.899526 0.910280 0.900859 0.914722 0.900859 0.922716 0.898638 0.929378 0.894641 0.936040 0.892420 0.937373 0.890199 0.937373 0.881761 0.940926
0 0.376778 0.981342 0.361677 0.981342 0.354571 0.978677 0.345689 0.973792 0.342136 0.967130 0.341247 0.964465 0.340803 0.959136 0.342136 0.956915 0.345689 0.954694 0.348798 0.953806 0.378999 0.953806 0.381220 0.954694 0.382552 0.956471 0.384329 0.960468 0.385217 0.964909 0.384773 0.973792 0.380775 0.982230
0 0.381220 0.914722 0.374113 0.914278 0.367451 0.911613 0.365675 0.909836 0.363454 0.905395 0.363010 0.898289 0.363898 0.895624 0.368784 0.891182 0.375446 0.887630 0.383884 0.886297 0.389658 0.886297 0.393655 0.890295 0.394543 0.902286 0.394099 0.907171 0.390546 0.910725 0.388325 0.911169 0.384773 0.913389
0 0.447840 0.924493 0.441178 0.923161 0.438069 0.920940 0.431407 0.918719 0.427854 0.915610 0.424745 0.910280 0.424301 0.907616 0.422080 0.904062 0.422080 0.901842 0.423857 0.898733 0.426965 0.897845 0.442066 0.895180 0.449616 0.895624 0.460276 0.897400 0.461164 0.900065 0.461164 0.905839 0.460276 0.908504 0.457611 0.914278 0.456279 0.919163 0.453614 0.922716 0.451393 0.923605
0 0.659693 0.848990 0.653475 0.843216 0.652143 0.840107 0.644592 0.830336 0.640151 0.827671 0.638818 0.825895 0.637930 0.824118 0.637930 0.818788 0.644148 0.813459 0.649034 0.810794 0.655251 0.805909 0.662802 0.802355 0.665466 0.801911 0.673017 0.801911 0.679679 0.805464 0.685453 0.809462 0.686785 0.811238 0.688118 0.821897 0.688118 0.830780 0.681011 0.842328 0.679235 0.844104 0.673461 0.846769 0.665466 0.848990
0 0.666799 0.900954 0.663690 0.897845 0.659248 0.896068 0.655695 0.889850 0.655695 0.887186 0.653475 0.883188 0.653031 0.880079 0.653031 0.877859 0.654363 0.875638 0.656139 0.874750 0.666355 0.872973 0.668131 0.872085 0.676126 0.862758 0.684564 0.857872 0.689894 0.856984 0.693003 0.858761 0.694779 0.863202 0.695223 0.870308 0.694779 0.876526 0.693891 0.878747 0.683676 0.893847 0.682344 0.896068 0.681900 0.898289 0.678346 0.901398 0.674349 0.903174 0.669908 0.903618
0 0.826244 0.857428 0.811587 0.854319 0.808478 0.852987 0.805813 0.852987 0.803593 0.851655 0.803149 0.848990 0.803593 0.838330 0.805813 0.834333 0.808922 0.833445 0.810699 0.832113 0.816029 0.832113 0.821802 0.829892 0.824911 0.829448 0.834238 0.829004 0.840012 0.829004 0.845786 0.830336 0.851115 0.830336 0.852892 0.831224 0.852448 0.837442 0.848450 0.843216 0.844897 0.845881 0.839568 0.848546 0.838680 0.850322 0.834682 0.854763 0.832462 0.855652
0 0.295945 0.836110 0.291948 0.836110 0.287063 0.834777 0.270630 0.820565 0.267077 0.816568 0.265744 0.814347 0.264412 0.806797 0.264412 0.796582 0.268853 0.793917 0.274182 0.793473 0.310602 0.793473 0.315043 0.793917 0.316820 0.794805 0.320817 0.804576 0.321261 0.807241 0.321261 0.822341 0.324814 0.825895 0.329700 0.828115 0.331920 0.834333 0.329700 0.835666 0.323926 0.836110 0.301719 0.836554
0 0.092848 0.855186 0.088618 0.852014 0.087032 0.849370 0.083860 0.841439 0.079630 0.833508 0.078572 0.828221 0.078044 0.823991 0.078572 0.821348 0.080159 0.819232 0.085975 0.817118 0.123515 0.816589 0.131446 0.823462 0.134618 0.830336 0.134618 0.835623 0.133561 0.837738 0.128273 0.843554 0.124043 0.846727 0.113998 0.850428 0.103423 0.852014 0.099193 0.853600
0 0.068527 0.804428 0.071699 0.800198 0.077515 0.796497 0.083860 0.791210 0.085975 0.788566 0.086504 0.786451 0.092320 0.779578 0.093906 0.776405 0.104480 0.762658 0.108710 0.759486 0.117699 0.754727 0.119285 0.753141 0.121929 0.753141 0.122457 0.755256 0.122457 0.778520 0.118756 0.788037 0.112411 0.795968 0.106066 0.801784 0.100779 0.804957 0.097607 0.806014 0.095492 0.807600 0.085446 0.812359 0.074343 0.811830 0.070641 0.808658
0 0.000000 1.000000 0.000000 0.166140 0.127185 0.246604 0.107619 0.377546 0.107619 0.380556 0.225015 0.397112 0.285219 0.339919 0.291239 0.415173 0.311809 0.460827 0.311809 0.465845 0.309300 0.465845 0.306791 0.470861 0.254114 0.521031 0.254114 0.518522 0.251605 0.518522 0.206453 0.508488 0.096080 0.638929 0.060961 0.791946 0.182597 0.711460 0.264219 0.725452 0.282098 0.807074 0.274324 0.937670 0.254113 0.989752 0.247708 1.000000
0 0.631682 0.044280 0.620425 0.038652 0.614797 0.038652 0.602414 0.026270 0.593409 0.024018 0.593409 0.019516 0.612546 0.007133 0.629431 0.000000 0.633934 0.000000 0.636185 0.002630 0.636185 0.036401
0 0.611420 0.204128 0.604666 0.183866 0.597912 0.177112 0.594534 0.166980 0.595660 0.139964 0.597912 0.137712 0.605791 0.136587 0.617048 0.130959 0.630557 0.132084 0.635059 0.150095 0.637311 0.152346 0.637311 0.186117 0.627179 0.208631 0.622677 0.212008 0.618174 0.210882
0 0.565267 0.130959 0.556261 0.137712 0.531496 0.137712 0.528119 0.134336 0.528119 0.126456 0.541627 0.117450 0.546130 0.111822 0.547256 0.107319 0.559638 0.093811 0.567518 0.090434 0.574272 0.098314 0.576523 0.109570 0.575398 0.134336
0 0.547256 0.203002 0.530370 0.190620 0.526993 0.183866 0.526993 0.175986 0.530370 0.173735 0.574272 0.172609 0.586655 0.165855 0.595660 0.165855 0.599037 0.173735 0.596786 0.183866 0.591157 0.190620 0.575398 0.201877 0.557387 0.201877
0 0.377277 0.118576 0.395288 0.100565 0.397539 0.090434 0.408796 0.072423 0.411048 0.065669 0.411048 0.056663 0.403168 0.049909 0.390785 0.049909 0.381780 0.058914 0.362643 0.066794 0.355889 0.073548 0.355889 0.088182 0.362643 0.103942 0.368271 0.110696 0.368271 0.115199
0 0.492097 0.428140 0.481966 0.427014 0.478589 0.422511 0.462829 0.412380 0.459452 0.403375 0.449321 0.390992 0.443693 0.377484 0.426807 0.357221 0.426807 0.348216 0.429059 0.343713 0.483091 0.342587 0.501102 0.343713 0.507857 0.347090 0.511234 0.352719 0.511234 0.412380 0.506731 0.420260 0.502228 0.422511
0 0.078125 0.507812 0.085938 0.511719 0.089844 0.511719 0.089844 0.523438 0.093750 0.527344 0.085938 0.636719 0.085938 0.640625 0.078125 0.667969 0.078125 0.671875 0.035156 0.734375 0.031250 0.738281 0.019531 0.730469 0.015625 0.726562 0.011719 0.691406 0.011719 0.687500 0.000000 0.680469 0.000000 0.633929 0.015625 0.609375 0.015625 0.605469 0.042969 0.578125 0.046875 0.574219 0.078125 0.507812
0 0.414062 0.421875 0.421875 0.421875 0.425781 0.421875 0.453125 0.449219 0.457031 0.453125 0.472656 0.484375 0.476562 0.488281 0.449219 0.562500 0.445312 0.566406 0.410156 0.566406 0.406250 0.566406 0.382812 0.542969 0.378906 0.539062 0.375000 0.523438 0.371094 0.519531 0.371094 0.460938 0.371094 0.457031 0.378906 0.445312 0.382812 0.441406 0.414062 0.421875
0 0.281250 0.347656 0.292969 0.351562 0.296875 0.355469 0.296875 0.367188 0.296875 0.371094 0.277344 0.402344 0.273438 0.406250 0.273438 0.417969 0.273438 0.421875 0.296875 0.437500 0.300781 0.437500 0.300781 0.460938 0.300781 0.464844 0.292969 0.488281 0.292969 0.492188 0.281250 0.500000 0.277344 0.503906 0.265625 0.503906 0.261719 0.503906 0.214844 0.488281 0.210938 0.488281 0.207031 0.484375 0.203125 0.480469 0.199219 0.441406 0.199219 0.437500 0.222656 0.406250 0.222656 0.402344 0.281250 0.347656
