0 0.965054 0.959519 0.963246 0.961221 0.960958 0.963195 0.958884 0.965019 0.956414 0.967457 0.954462 0.969291 0.951687 0.971115 0.949172 0.972853 0.947660 0.974552 0.945820 0.976789 0.944713 0.977885 0.943070 0.978864 0.940146 0.980182 0.937587 0.981529 0.935318 0.982862 0.933819 0.984042 0.932160 0.985932 0.930049 0.988202 0.927905 0.990361 0.924948 0.992909 0.922038 0.995223 0.919774 0.996382 0.915906 0.997432 0.911712 0.998018 0.907309 0.998389 0.901630 0.998553 0.897203 0.998387 0.895605 0.997989 0.894565 0.997319 0.894237 0.996280 0.894323 0.994726 0.894829 0.992464 0.895908 0.990102 0.897762 0.987637 0.900120 0.984868 0.902105 0.982541 0.904068 0.980408 0.906137 0.978084 0.908008 0.976000 0.909733 0.974189 0.911325 0.972713 0.913075 0.971593 0.915264 0.970450 0.917864 0.969255 0.919485 0.968390 0.920930 0.966784 0.921762 0.965029 0.921934 0.963068 0.921829 0.960738 0.922149 0.959425 0.923837 0.957893 0.926523 0.956425 0.928984 0.955123 0.931625 0.953802 0.934250 0.952455 0.936887 0.950818 0.939978 0.948907 0.942760 0.947361 0.946058 0.946082 0.947960 0.945163 0.949093 0.943756 0.949896 0.941084 0.950998 0.937742 0.952333 0.935295 0.954032 0.933861 0.956376 0.932880 0.958708 0.932665 0.961610 0.933011 0.965168 0.933824 0.968237 0.935020 0.971061 0.936571 0.973609 0.938374 0.975100 0.940280 0.975900 0.942437 0.975981 0.945539 0.975518 0.948005 0.974252 0.950355 0.972221 0.952812 0.969625 0.955113 0.967376 0.957146
0 0.049986 0.739912 0.053217 0.735132 0.062987 0.732999 0.067072 0.739047 0.062274 0.747044 0.062234 0.747084 0.063293 0.749006 0.060519 0.752952 0.055152 0.752952 0.054036 0.751043 0.051254 0.748464
0 0.064324 0.925973 0.072923 0.922407 0.077437 0.923052 0.080926 0.926112 0.086031 0.928911 0.092467 0.931538 0.095497 0.932219 0.096816 0.942241 0.086472 0.945205 0.082371 0.943980 0.076317 0.943173 0.074489 0.942244 0.067382 0.939826 0.062843 0.934030 0.062818 0.929453
0 0.000000 0.770629 0.000552 0.770890 0.008257 0.773348 0.015522 0.777502 0.020821 0.780204 0.024182 0.783213 0.021939 0.785455 0.019659 0.786401 0.017201 0.792186 0.014138 0.791366 0.013930 0.790873 0.009949 0.788951 0.003362 0.783565 0.000000 0.778926
0 0.727220 0.400004 0.728640 0.398584 0.728669 0.398592 0.731605 0.396932 0.737389 0.399427 0.738093 0.400005 0.739809 0.400057 0.741556 0.404412 0.741326 0.406392 0.740848 0.410510 0.741009 0.412466 0.741762 0.414972 0.741762 0.417316 0.738556 0.418184 0.736293 0.418796 0.733311 0.418367 0.724696 0.413265 0.723770 0.409214 0.722261 0.405402 0.722330 0.403715 0.722708 0.403318 0.722639 0.403022
0 0.051010 0.503475 0.052989 0.505922 0.055020 0.508431 0.054406 0.509181 0.051504 0.512728 0.048238 0.517557 0.044243 0.518362 0.035311 0.518662 0.031600 0.518819 0.028493 0.517025 0.029806 0.512124 0.036980 0.510809 0.043184 0.507028 0.048559 0.503752
0 0.054136 0.494928 0.058012 0.489780 0.062361 0.488877 0.071362 0.483320 0.079624 0.483320 0.091457 0.492273 0.097712 0.494087 0.099690 0.500957 0.096851 0.505244 0.094012 0.506205 0.085144 0.505675 0.081309 0.503132 0.072479 0.505343 0.064199 0.501526 0.057192 0.498825
0 0.128685 0.098408 0.130791 0.096389 0.148032 0.100520 0.162810 0.108658 0.163839 0.113101 0.160714 0.118179 0.157991 0.120082 0.151361 0.116617 0.150372 0.115237 0.143731 0.111721 0.140463 0.110797 0.137565 0.108679 0.131505 0.108032 0.126361 0.105289 0.126361 0.103292
0 0.093603 0.084890 0.100614 0.084801 0.119899 0.085049 0.121566 0.087497 0.124247 0.087483 0.128833 0.092069 0.128285 0.093438 0.122684 0.095483 0.117720 0.096580 0.113700 0.098217 0.104662 0.097031 0.102032 0.096354 0.099192 0.093335 0.091836 0.090065 0.092037 0.087720
0 0.078793 0.103814 0.088003 0.104511 0.092627 0.105331 0.094112 0.104552 0.100051 0.104552 0.101147 0.106909 0.103350 0.107562 0.105876 0.112721 0.104212 0.113790 0.104274 0.113932 0.101749 0.114089 0.100461 0.115498 0.097590 0.116729 0.092218 0.117589 0.085088 0.118370 0.083830 0.115822 0.082284 0.112695 0.077521 0.110064 0.077642 0.105911
0 0.221810 0.241355 0.230368 0.243233 0.226204 0.256547 0.218484 0.256547 0.214181 0.251032 0.214471 0.250280 0.214473 0.247024 0.215006 0.246388 0.215254 0.242727 0.216856 0.241125 0.220015 0.241391
0 0.026246 0.380590 0.029816 0.384084 0.031518 0.384422 0.030255 0.387075 0.030346 0.387156 0.029440 0.389758 0.029291 0.390183 0.028236 0.393213 0.027702 0.396090 0.025761 0.397211 0.025279 0.397159 0.025252 0.397206 0.023529 0.402270 0.021561 0.402746 0.016980 0.404206 0.016012 0.399288 0.015352 0.394993 0.015305 0.387992 0.015681 0.384447 0.019203 0.382088 0.023713 0.380619
0 0.287838 0.036032 0.279390 0.035836 0.278226 0.035809 0.276746 0.035775 0.269679 0.034052 0.267919 0.032292 0.264600 0.027390 0.264934 0.024136 0.265259 0.024236 0.267206 0.023887 0.269214 0.023296 0.276273 0.021909 0.279705 0.022244 0.282867 0.022733 0.285718 0.024916 0.288880 0.025405 0.288880 0.025745 0.290791 0.026846 0.291039 0.028943 0.290361 0.034205 0.288444 0.034833
0 0.105735 0.150925 0.103578 0.142182 0.105721 0.136745 0.117779 0.132929 0.119721 0.136683 0.117213 0.139972 0.119768 0.145820 0.132912 0.146890 0.133303 0.152359 0.127100 0.153414 0.124957 0.150238 0.117895 0.151054 0.115826 0.152648 0.109047 0.152555
0 0.057954 0.167918 0.066462 0.166375 0.070909 0.166213 0.076968 0.169402 0.082596 0.172850 0.087797 0.176427 0.087774 0.184228 0.075889 0.189799 0.073586 0.191641 0.059641 0.191641 0.057873 0.189226 0.055631 0.187405 0.054497 0.180295 0.054406 0.176378 0.053874 0.170656
0 0.158277 0.503334 0.158930 0.503127 0.161138 0.500311 0.163011 0.501323 0.163872 0.501092 0.164686 0.501309 0.166399 0.500768 0.168996 0.502799 0.168634 0.505371 0.168197 0.507413 0.168900 0.507642 0.169720 0.510705 0.167186 0.512141 0.167038 0.512833 0.165883 0.512428 0.155720 0.512307 0.154599 0.510365 0.154734 0.508518 0.153837 0.508204 0.155426 0.505977
0 0.116899 0.556864 0.119690 0.555826 0.124812 0.553668 0.128863 0.553812 0.130982 0.556667 0.132379 0.556937 0.137015 0.560441 0.134236 0.564180 0.133590 0.567421 0.128472 0.571758 0.126765 0.572006 0.121543 0.571758 0.119862 0.568770 0.116034 0.567031 0.115786 0.559855
0 0.000000 0.664524 0.000587 0.663714 0.000629 0.663734 0.001877 0.663659 0.002072 0.663480 0.005826 0.665421 0.005788 0.665631 0.007058 0.666683 0.008338 0.667270 0.008338 0.668344 0.008338 0.669639 0.008338 0.674589 0.004887 0.676087 0.000000 0.676739
0 0.145807 0.410000 0.150316 0.410070 0.156011 0.410158 0.156091 0.410137 0.156171 0.410118 0.159136 0.409377 0.180230 0.409767 0.183579 0.408953 0.183841 0.408927 0.185961 0.408998 0.193120 0.408986 0.193391 0.409737 0.194562 0.412992 0.196636 0.418752 0.197417 0.423439 0.193902 0.427345 0.193721 0.428246 0.193361 0.430050 0.191558 0.432033 0.186089 0.434767 0.190777 0.439064 0.191623 0.438383 0.195464 0.436720 0.196218 0.435777 0.198589 0.432814 0.200967 0.430753 0.203005 0.428987 0.204024 0.428104 0.206062 0.426337 0.209289 0.423541 0.210308 0.422658 0.208745 0.418361 0.203277 0.412502 0.199761 0.408205 0.196245 0.407033 0.195464 0.407033 0.193775 0.401904 0.192371 0.392847 0.192888 0.386392 0.193782 0.378710 0.195190 0.371105 0.195373 0.370430 0.199442 0.360700 0.203727 0.351978 0.209004 0.346897 0.215914 0.341888 0.222132 0.339475 0.228093 0.338326 0.233120 0.338276 0.237898 0.338885 0.241295 0.341573 0.241948 0.347658 0.243120 0.356642 0.241948 0.364845 0.241957 0.367188 0.241921 0.367575 0.241484 0.369876 0.238433 0.383595 0.244683 0.385939 0.251027 0.391317 0.258089 0.398729 0.262465 0.401864 0.262652 0.402037 0.262578 0.404189 0.261850 0.406752 0.256792 0.408595 0.259095 0.409875 0.260308 0.410548 0.266558 0.416017 0.267261 0.416479 0.264130 0.416861 0.259643 0.415878 0.249680 0.418697 0.247193 0.424294 0.244978 0.427247 0.242755 0.428057 0.240696 0.429492 0.238281 0.429688 0.238281 0.433848 0.238139 0.434519 0.236872 0.441346 0.234702 0.451076 0.233108 0.460192 0.230637 0.469206 0.228279 0.473221 0.218134 0.478112 0.210148 0.474954 0.205587 0.476132 0.201004 0.471777 0.201714 0.467970 0.197027 0.464845 0.193120 0.467580 0.193511 0.476173 0.190777 0.485158 0.191168 0.486204 0.192667 0.490216 0.189954 0.492036 0.183745 0.492189 0.175086 0.495957 0.174843 0.496189 0.174726 0.496935 0.169080 0.496762 0.163464 0.496013 0.163072 0.493412 0.162652 0.490627 0.159136 0.489455 0.155230 0.488283 0.151291 0.492567 0.137969 0.490420 0.130230 0.486720 0.129839 0.488283 0.123327 0.485456 0.123006 0.485272 0.117888 0.480916 0.115573 0.477432 0.115777 0.471486 0.115542 0.467875 0.115021 0.459852 0.121636 0.451955 0.123198 0.448439 0.122027 0.444142 0.122027 0.438283 0.124937 0.434354 0.125110 0.434103 0.127747 0.428930 0.130230 0.425392 0.129813 0.425391 0.132001 0.425392 0.132964 0.425392 0.142339 0.425783 0.142339 0.422658 0.136574 0.420612 0.136425 0.420529 0.136201 0.419250 0.135921 0.417651 0.135666 0.415638 0.136688 0.413661 0.136852 0.413589 0.142730 0.413283 0.144384 0.410009 0.145570 0.410001
0 0.446537 0.444590 0.444700 0.443268 0.442790 0.441798 0.440880 0.440476 0.439116 0.438933 0.437500 0.437316 0.437529 0.434944 0.437824 0.432580 0.438339 0.430296 0.438970 0.428059 0.440116 0.426205 0.442472 0.425810 0.444879 0.425588 0.444879 0.425588 0.449771 0.425588 0.452268 0.425855 0.453586 0.427212 0.453720 0.427347 0.455539 0.429166 0.456810 0.431708 0.457728 0.433543 0.458646 0.435379 0.458748 0.435498 0.460276 0.437096 0.460938 0.439006 0.460938 0.441504 0.460350 0.443708 0.459615 0.445839 0.458664 0.447839 0.456823 0.448925 0.454472 0.449219 0.452047 0.449219 0.450211 0.447676 0.448447 0.446133
0 0.491790 0.401222 0.492366 0.405622 0.492529 0.405875 0.500337 0.413305 0.502514 0.417164 0.502514 0.420680 0.499665 0.425232 0.499611 0.425350 0.499762 0.426549 0.499771 0.426683 0.499761 0.427757 0.498730 0.429067 0.498187 0.429635 0.492771 0.431719 0.492237 0.434988 0.491102 0.436583 0.490390 0.437075 0.488884 0.437782 0.487182 0.438091 0.484834 0.438152 0.482537 0.437950 0.482411 0.437922 0.479757 0.435155 0.477518 0.434479 0.465942 0.428372 0.462569 0.423437 0.457322 0.422096 0.455249 0.418727 0.454445 0.414141 0.451653 0.412455 0.451604 0.412171 0.451441 0.408993 0.451706 0.405813 0.452294 0.403911 0.453213 0.402026 0.454367 0.400366 0.455502 0.399061 0.455586 0.398978 0.455639 0.398992 0.457882 0.398391 0.458911 0.397363 0.459444 0.397220 0.460818 0.395846 0.461439 0.395529 0.460718 0.393336 0.461090 0.391111 0.462318 0.390433 0.463765 0.389867 0.473218 0.390294 0.481811 0.391383 0.483659 0.391962 0.485327 0.394898 0.489201 0.398653 0.490549 0.398917 0.491842 0.400592
0 0.631111 0.949225 0.630618 0.949093 0.630398 0.949214 0.629503 0.952554 0.626220 0.955836 0.624727 0.956236 0.624807 0.957534 0.624573 0.957622 0.621345 0.956866 0.618318 0.956997 0.617439 0.955491 0.617439 0.951585 0.616185 0.948914 0.614705 0.949241 0.613664 0.949457 0.613409 0.949528 0.613142 0.949241 0.612361 0.949632 0.611369 0.949347 0.609587 0.950166 0.608739 0.949971 0.607777 0.950362 0.606382 0.949824 0.605436 0.947947 0.604266 0.946740 0.601423 0.945725 0.599861 0.945335 0.600252 0.942600 0.600252 0.940647 0.596048 0.941411 0.595564 0.941429 0.595564 0.941429 0.595564 0.941038 0.592331 0.940068 0.591658 0.939866 0.592439 0.939475 0.592048 0.939085 0.593611 0.935960 0.596502 0.932279 0.597158 0.931602 0.601033 0.930882 0.601605 0.927851 0.600252 0.926194 0.602339 0.922453 0.603999 0.921832 0.604939 0.921507 0.605997 0.920357 0.606863 0.919417 0.606952 0.919307 0.608000 0.917787 0.610017 0.914866 0.613412 0.913896 0.615486 0.913304 0.616995 0.912361 0.618611 0.911350 0.619661 0.911084 0.619750 0.911074 0.619930 0.911062 0.620018 0.911047 0.623689 0.909788 0.627084 0.908091 0.629158 0.907054 0.633747 0.906899 0.639560 0.906703 0.644761 0.906528 0.645057 0.906452 0.647127 0.905897 0.651611 0.907099 0.653243 0.908731 0.653791 0.909117 0.653818 0.909149 0.653799 0.909287 0.654894 0.910382 0.656095 0.914866 0.655962 0.915361 0.656877 0.918772 0.655675 0.923257 0.653620 0.925312 0.653752 0.925804 0.653385 0.927172 0.654259 0.929296 0.657527 0.930611 0.661531 0.933216 0.662834 0.934154 0.664598 0.936049 0.665386 0.937829 0.665473 0.939593 0.664806 0.939889 0.662644 0.942051 0.658166 0.943404 0.656524 0.945046 0.656357 0.945604 0.652205 0.945538 0.648412 0.945612 0.647885 0.943093 0.644002 0.940850 0.643625 0.941109 0.643175 0.942788 0.639892 0.946070 0.636691 0.946929 0.635595 0.948023
0 0.039295 0.836604 0.041263 0.836965 0.048562 0.836120 0.053214 0.831470 0.053365 0.831335 0.055773 0.830802 0.056593 0.830732 0.065593 0.831075 0.067962 0.831166 0.076015 0.831473 0.078383 0.831563 0.084068 0.831780 0.095437 0.832214 0.100906 0.831823 0.106019 0.830037 0.108805 0.828249 0.110506 0.826424 0.112463 0.823929 0.114316 0.822596 0.116793 0.822918 0.118912 0.824340 0.121211 0.826350 0.124704 0.827388 0.131059 0.829295 0.133623 0.830804 0.136014 0.832577 0.137692 0.834662 0.139597 0.836311 0.142142 0.837321 0.151023 0.839273 0.152899 0.838996 0.155239 0.840231 0.158180 0.840958 0.165451 0.844211 0.167487 0.845896 0.169569 0.846807 0.173562 0.847839 0.175906 0.847839 0.179031 0.847448 0.182156 0.847448 0.185751 0.847624 0.188366 0.847752 0.197518 0.848198 0.198171 0.848230 0.207937 0.847839 0.207849 0.863063 0.206222 0.863818 0.199537 0.863649 0.196979 0.863918 0.195437 0.863855 0.190570 0.862758 0.183390 0.862568 0.177078 0.860339 0.171609 0.859948 0.165911 0.859558 0.156069 0.858884 0.152961 0.858671 0.146228 0.858209 0.141140 0.856433 0.141140 0.856823 0.128718 0.854085 0.128410 0.854010 0.127237 0.853518 0.126928 0.853446 0.122848 0.852855 0.118904 0.852447 0.113381 0.852052 0.107965 0.851504 0.101079 0.850793 0.093324 0.849916 0.085683 0.848954 0.078446 0.848221 0.074718 0.847272 0.069174 0.846828 0.066622 0.847105 0.064939 0.846912 0.062625 0.846277 0.061062 0.843542 0.057331 0.843727 0.056131 0.843168 0.053219 0.843545 0.048171 0.843933 0.043046 0.843843 0.034659 0.843695 0.032647 0.842539 0.031995 0.840663 0.032675 0.837959 0.035645 0.837026
0 0.042675 1.000000 0.044246 0.997079 0.047620 0.991708 0.050852 0.985618 0.053708 0.981286 0.056715 0.978656 0.060596 0.977170 0.065069 0.976649 0.069651 0.977030 0.077004 0.979486 0.081593 0.982618 0.087666 0.987821 0.094622 0.993473 0.100491 0.999225 0.100714 1.000000
0 0.240885 1.000000 0.214844 0.992188 0.205461 0.985417 0.203125 0.980469 0.207031 0.949219 0.208204 0.825677 0.206368 0.814663 0.205016 0.801896 0.202719 0.792770 0.206146 0.786599 0.204775 0.766032 0.205461 0.746150 0.203945 0.745102 0.202033 0.740666 0.205461 0.735181 0.208204 0.694732 0.208975 0.690190 0.209676 0.686061 0.211126 0.650643 0.210754 0.603152 0.214235 0.566073 0.211215 0.527974 0.214844 0.527344 0.214857 0.519436 0.219832 0.511973 0.226672 0.489587 0.238281 0.445312 0.238281 0.429688 0.243462 0.429269 0.247193 0.424294 0.249680 0.418697 0.259643 0.415878 0.264130 0.416861 0.274554 0.415588 0.295696 0.404395 0.312486 0.397555 0.319326 0.388227 0.329897 0.382631 0.334250 0.370194 0.339844 0.363281 0.346065 0.362732 0.380036 0.396562 0.400165 0.411857 0.441406 0.441406 0.482248 0.478394 0.490954 0.484613 0.497767 0.486686 0.508365 0.488965 0.508987 0.492696 0.502768 0.497049 0.520802 0.514461 0.552516 0.538713 0.586627 0.562112 0.610706 0.578629 0.617905 0.581509 0.622943 0.587268 0.627982 0.594466 0.635901 0.594466 0.670787 0.616512 0.701903 0.643969 0.712056 0.656210 0.717964 0.687328 0.728043 0.683009 0.730816 0.689457 0.726603 0.700285 0.740280 0.734118 0.757713 0.759470 0.776807 0.787237 0.777596 0.788466 0.779872 0.793866 0.787071 0.799625 0.787791 0.818341 0.784911 0.829859 0.757812 0.851562 0.730469 0.863281 0.707031 0.863281 0.701819 0.868183 0.694963 0.877781 0.681563 0.883600 0.655886 0.893549 0.637534 0.903860 0.615074 0.908896 0.597656 0.917969 0.591441 0.929199 0.583716 0.935934 0.572930 0.945653 0.564018 0.958679 0.555802 0.962505 0.550781 0.964844 0.507812 0.964844 0.506170 0.967087 0.487234 0.992958 0.468096 0.997436 0.449527 0.996386 0.437500 1.000000 0.437500 1.000000
