0 0.773438 0.000000 0.847656 0.000000 0.851562 0.000000 0.890625 0.035156 0.894531 0.039062 0.898438 0.066406 0.898438 0.070312 0.878906 0.078125 0.875000 0.082031 0.843750 0.082031 0.839844 0.082031 0.785156 0.058594 0.781250 0.058594 0.773438 0.046875 0.769531 0.042969 0.773438 0.000000
0 0.488281 0.792969 0.542969 0.800781 0.546875 0.804688 0.562500 0.800781 0.566406 0.796875 0.589844 0.796875 0.593750 0.796875 0.621094 0.828125 0.625000 0.832031 0.660156 0.847656 0.664062 0.851562 0.687500 0.855469 0.691406 0.855469 0.773438 0.898438 0.777344 0.902344 0.824219 0.906250 0.828125 0.906250 0.875000 0.925781 0.878906 0.929688 0.890625 0.929688 0.894531 0.929688 1.000000 0.989955 1.000000 1.000000 0.494792 1.000000 0.488281 0.980469 0.484375 0.976562 0.480469 0.906250 0.480469 0.902344 0.464844 0.867188 0.460938 0.863281 0.464844 0.824219 0.464844 0.820312 0.488281 0.792969
0 1.000000 0.462891 0.996094 0.445312 0.992188 0.441406 0.996094 0.386719 0.996094 0.382812 1.000000 0.377604
0 0.816406 0.261719 0.824219 0.261719 0.828125 0.261719 0.835938 0.269531 0.839844 0.273438 0.847656 0.316406 0.847656 0.320312 0.871094 0.343750 0.871094 0.347656 0.910156 0.347656 0.914062 0.347656 0.929688 0.375000 0.933594 0.378906 0.933594 0.390625 0.937500 0.394531 0.933594 0.414062 0.933594 0.417969 0.921875 0.437500 0.917969 0.441406 0.894531 0.457031 0.890625 0.460938 0.863281 0.468750 0.859375 0.468750 0.839844 0.480469 0.835938 0.484375 0.816406 0.484375 0.812500 0.484375 0.789062 0.449219 0.785156 0.445312 0.777344 0.394531 0.777344 0.390625 0.765625 0.355469 0.761719 0.351562 0.765625 0.308594 0.765625 0.304688 0.816406 0.261719
0 0.308594 0.292969 0.347656 0.292969 0.351562 0.292969 0.402344 0.324219 0.406250 0.324219 0.410156 0.332031 0.414062 0.335938 0.421875 0.402344 0.421875 0.406250 0.441406 0.425781 0.445312 0.429688 0.468750 0.410156 0.472656 0.406250 0.480469 0.406250 0.484375 0.406250 0.503906 0.425781 0.507812 0.429688 0.457031 0.531250 0.453125 0.535156 0.437500 0.542969 0.433594 0.546875 0.390625 0.550781 0.386719 0.550781 0.355469 0.570312 0.351562 0.574219 0.339844 0.574219 0.335938 0.574219 0.289062 0.523438 0.285156 0.519531 0.273438 0.503906 0.269531 0.500000 0.265625 0.460938 0.265625 0.457031 0.218750 0.421875 0.214844 0.417969 0.210938 0.398438 0.207031 0.394531 0.207031 0.382812 0.207031 0.378906 0.218750 0.355469 0.218750 0.351562 0.269531 0.312500 0.273438 0.308594 0.308594 0.292969
0 0.347656 0.164062 0.355469 0.167969 0.359375 0.167969 0.371094 0.183594 0.375000 0.187500 0.375000 0.214844 0.375000 0.218750 0.339844 0.261719 0.335938 0.265625 0.273438 0.300781 0.269531 0.300781 0.253906 0.222656 0.253906 0.218750 0.273438 0.187500 0.277344 0.183594 0.316406 0.187500 0.320312 0.187500 0.347656 0.164062
0 0.703125 0.652344 0.761719 0.652344 0.765625 0.652344 0.789062 0.667969 0.792969 0.671875 0.863281 0.699219 0.867188 0.703125 0.890625 0.703125 0.894531 0.703125 0.910156 0.691406 0.914062 0.687500 0.929688 0.687500 0.933594 0.683594 0.945312 0.687500 0.949219 0.687500 0.953125 0.703125 0.953125 0.707031 0.921875 0.761719 0.917969 0.765625 0.882812 0.781250 0.878906 0.785156 0.781250 0.804688 0.777344 0.804688 0.730469 0.828125 0.726562 0.828125 0.714844 0.847656 0.710938 0.851562 0.699219 0.851562 0.695312 0.851562 0.640625 0.832031 0.636719 0.832031 0.601562 0.796875 0.597656 0.792969 0.554688 0.777344 0.550781 0.777344 0.546875 0.769531 0.542969 0.765625 0.542969 0.742188 0.542969 0.738281 0.546875 0.722656 0.550781 0.718750 0.550781 0.691406 0.550781 0.687500 0.609375 0.667969 0.613281 0.664062 0.628906 0.664062 0.632812 0.660156 0.671875 0.667969 0.675781 0.667969 0.703125 0.652344
0 0.238281 0.851562 0.304688 0.863281 0.308594 0.863281 0.332031 0.875000 0.335938 0.875000 0.347656 0.886719 0.351562 0.886719 0.375000 0.921875 0.378906 0.925781 0.382812 0.968750 0.382812 0.972656 0.375000 0.980469 0.371094 0.984375 0.359375 0.984375 0.355469 0.984375 0.316406 0.957031 0.312500 0.957031 0.285156 0.925781 0.281250 0.921875 0.242188 0.890625 0.238281 0.886719 0.238281 0.851562
0 1.000000 0.615625 0.992188 0.593750 0.988281 0.589844 0.992188 0.582031 0.992188 0.578125 1.000000 0.572917
0 1.000000 0.895399 0.992188 0.894531 0.988281 0.890625 0.968750 0.832031 0.968750 0.828125 0.976562 0.816406 0.980469 0.812500 1.000000 0.809245
0 0.132812 0.429688 0.160156 0.433594 0.164062 0.437500 0.160156 0.460938 0.160156 0.464844 0.148438 0.480469 0.144531 0.484375 0.132812 0.519531 0.132812 0.523438 0.125000 0.531250 0.121094 0.535156 0.078125 0.546875 0.074219 0.546875 0.062500 0.523438 0.058594 0.519531 0.058594 0.503906 0.058594 0.500000 0.113281 0.441406 0.117188 0.437500 0.132812 0.429688
0 0.250000 0.742188 0.265625 0.742188 0.269531 0.742188 0.300781 0.753906 0.304688 0.757812 0.363281 0.753906 0.367188 0.753906 0.375000 0.785156 0.375000 0.789062 0.371094 0.792969 0.367188 0.796875 0.347656 0.800781 0.343750 0.800781 0.308594 0.839844 0.304688 0.839844 0.242188 0.773438 0.238281 0.769531 0.238281 0.757812 0.238281 0.753906 0.250000 0.742188
0 0.335938 0.000000 0.402344 0.000000 0.406250 0.000000 0.417969 0.015625 0.421875 0.015625 0.425781 0.035156 0.429688 0.039062 0.429688 0.066406 0.429688 0.070312 0.417969 0.105469 0.414062 0.109375 0.382812 0.109375 0.378906 0.105469 0.339844 0.031250 0.335938 0.027344 0.335938 0.000000
0 0.933594 0.781250 0.949219 0.792969 0.953125 0.796875 0.957031 0.808594 0.960938 0.812500 0.960938 0.839844 0.960938 0.843750 0.945312 0.855469 0.941406 0.859375 0.917969 0.859375 0.914062 0.859375 0.890625 0.867188 0.886719 0.867188 0.878906 0.875000 0.875000 0.878906 0.863281 0.878906 0.859375 0.878906 0.847656 0.859375 0.843750 0.855469 0.843750 0.824219 0.843750 0.820312 0.855469 0.800781 0.855469 0.796875 0.906250 0.792969 0.910156 0.792969 0.933594 0.781250
0 1.000000 0.787891 0.976562 0.789062 0.972656 0.789062 0.945312 0.785156 0.941406 0.785156 0.929688 0.777344 0.925781 0.773438 0.941406 0.742188 0.945312 0.738281 0.996094 0.734375 1.000000 0.734375 1.000000 0.734375
0 0.160156 0.070312 0.265625 0.082031 0.269531 0.085938 0.261719 0.109375 0.261719 0.113281 0.250000 0.117188 0.246094 0.121094 0.238281 0.140625 0.234375 0.144531 0.238281 0.152344 0.242188 0.156250 0.238281 0.199219 0.234375 0.203125 0.214844 0.203125 0.210938 0.203125 0.199219 0.195312 0.195312 0.195312 0.148438 0.156250 0.144531 0.152344 0.132812 0.121094 0.132812 0.117188 0.144531 0.085938 0.144531 0.082031 0.160156 0.070312
0 0.000000 1.000000 0.000000 0.518329 0.039062 0.566406 0.042969 0.570312 0.046875 0.613281 0.046875 0.617188 0.066406 0.671875 0.070312 0.675781 0.074219 0.710938 0.074219 0.714844 0.089844 0.761719 0.093750 0.765625 0.097656 0.792969 0.101562 0.796875 0.097656 0.867188 0.097656 0.871094 0.070312 0.953125 0.066406 0.957031 0.058824 1.000000
