0 0.960938 0.484375 1.000000 0.488487 1.000000 0.571615 0.988281 0.570312 0.984375 0.570312 0.960938 0.558594 0.957031 0.558594 0.937500 0.542969 0.933594 0.542969 0.929688 0.507812 0.929688 0.503906 0.933594 0.496094 0.937500 0.492188 0.960938 0.484375
0 0.113281 0.527344 0.121094 0.531250 0.125000 0.535156 0.136719 0.566406 0.140625 0.570312 0.128906 0.617188 0.128906 0.621094 0.097656 0.656250 0.093750 0.660156 0.078125 0.660156 0.074219 0.660156 0.062500 0.644531 0.058594 0.640625 0.062500 0.609375 0.062500 0.605469 0.113281 0.527344
0 0.054688 0.457031 0.058594 0.457031 0.062500 0.457031 0.078125 0.476562 0.082031 0.480469 0.082031 0.503906 0.082031 0.507812 0.058594 0.507812 0.054688 0.507812 0.031250 0.484375 0.027344 0.480469 0.023438 0.468750 0.027344 0.464844 0.054688 0.457031
0 0.085938 0.343750 0.097656 0.343750 0.101562 0.343750 0.121094 0.371094 0.125000 0.375000 0.125000 0.398438 0.125000 0.402344 0.117188 0.417969 0.113281 0.421875 0.078125 0.421875 0.074219 0.421875 0.066406 0.414062 0.062500 0.410156 0.066406 0.375000 0.066406 0.371094 0.078125 0.351562 0.078125 0.347656 0.085938 0.343750
0 0.058594 0.921875 0.078125 0.925781 0.082031 0.925781 0.101562 0.941406 0.105469 0.945312 0.109375 0.953125 0.109375 0.957031 0.101562 0.968750 0.097656 0.972656 0.078125 0.976562 0.074219 0.976562 0.050781 0.957031 0.046875 0.953125 0.046875 0.937500 0.046875 0.933594 0.058594 0.921875
0 0.953125 0.148438 0.960938 0.148438 0.964844 0.148438 0.992188 0.167969 0.996094 0.171875 1.000000 0.173340 1.000000 0.220982 0.980469 0.207031 0.976562 0.203125 0.949219 0.191406 0.945312 0.191406 0.933594 0.175781 0.933594 0.171875 0.941406 0.160156 0.941406 0.156250 0.953125 0.148438
0 0.457031 0.167969 0.507812 0.183594 0.511719 0.183594 0.519531 0.191406 0.523438 0.195312 0.527344 0.210938 0.527344 0.214844 0.519531 0.218750 0.515625 0.222656 0.492188 0.222656 0.488281 0.222656 0.476562 0.242188 0.472656 0.246094 0.453125 0.242188 0.449219 0.242188 0.433594 0.226562 0.429688 0.222656 0.406250 0.175781 0.406250 0.171875 0.437500 0.175781 0.441406 0.175781 0.457031 0.167969
0 0.511719 0.093750 0.523438 0.093750 0.527344 0.093750 0.554688 0.128906 0.558594 0.132812 0.558594 0.140625 0.554688 0.144531 0.488281 0.140625 0.484375 0.136719 0.492188 0.117188 0.492188 0.113281 0.511719 0.093750
0 0.417969 0.257812 0.441406 0.261719 0.445312 0.261719 0.445312 0.324219 0.445312 0.328125 0.437500 0.328125 0.433594 0.328125 0.417969 0.300781 0.414062 0.296875 0.410156 0.273438 0.410156 0.269531 0.417969 0.257812
0 0.320312 0.132812 0.328125 0.132812 0.332031 0.132812 0.332031 0.156250 0.332031 0.160156 0.324219 0.207031 0.324219 0.210938 0.316406 0.214844 0.312500 0.214844 0.304688 0.207031 0.300781 0.203125 0.300781 0.167969 0.300781 0.164062 0.320312 0.132812
0 0.527344 0.519531 0.550781 0.523438 0.554688 0.527344 0.562500 0.558594 0.562500 0.562500 0.574219 0.574219 0.578125 0.574219 0.582031 0.585938 0.585938 0.589844 0.566406 0.617188 0.562500 0.621094 0.523438 0.617188 0.519531 0.617188 0.472656 0.601562 0.468750 0.597656 0.449219 0.597656 0.445312 0.597656 0.394531 0.582031 0.390625 0.578125 0.390625 0.570312 0.394531 0.566406 0.414062 0.566406 0.417969 0.566406 0.437500 0.558594 0.441406 0.558594 0.460938 0.542969 0.464844 0.539062 0.488281 0.546875 0.492188 0.546875 0.527344 0.519531
0 0.769531 0.695312 0.816406 0.695312 0.820312 0.695312 0.824219 0.699219 0.828125 0.703125 0.828125 0.718750 0.828125 0.722656 0.820312 0.734375 0.820312 0.738281 0.808594 0.742188 0.804688 0.746094 0.781250 0.746094 0.777344 0.746094 0.765625 0.738281 0.761719 0.738281 0.750000 0.722656 0.750000 0.718750 0.753906 0.710938 0.753906 0.707031 0.769531 0.695312
0 0.804688 0.750000 0.832031 0.753906 0.835938 0.757812 0.835938 0.796875 0.835938 0.800781 0.824219 0.820312 0.820312 0.824219 0.804688 0.816406 0.800781 0.812500 0.789062 0.785156 0.785156 0.781250 0.789062 0.765625 0.789062 0.761719 0.804688 0.750000
0 1.000000 0.667969 1.000000 0.667969 1.000000 0.730469 1.000000 0.730469 0.996094 0.722656 0.992188 0.718750 0.992188 0.679688 0.992188 0.675781 1.000000 0.667969
0 0.894531 0.835938 0.906250 0.835938 0.910156 0.835938 0.914062 0.855469 0.914062 0.859375 0.898438 0.882812 0.894531 0.886719 0.878906 0.890625 0.875000 0.890625 0.867188 0.875000 0.863281 0.871094 0.863281 0.851562 0.863281 0.847656 0.894531 0.835938
0 0.199219 0.789062 0.230469 0.808594 0.234375 0.812500 0.234375 0.843750 0.230469 0.847656 0.210938 0.851562 0.207031 0.851562 0.187500 0.843750 0.183594 0.839844 0.179688 0.816406 0.179688 0.812500 0.199219 0.789062
0 0.824219 0.175781 0.835938 0.175781 0.839844 0.175781 0.851562 0.187500 0.855469 0.191406 0.886719 0.191406 0.890625 0.195312 0.890625 0.218750 0.890625 0.222656 0.882812 0.242188 0.878906 0.246094 0.824219 0.246094 0.820312 0.246094 0.812500 0.238281 0.808594 0.234375 0.804688 0.199219 0.804688 0.195312 0.824219 0.175781
0 0.503906 0.863281 0.531250 0.867188 0.535156 0.867188 0.562500 0.882812 0.566406 0.882812 0.601562 0.914062 0.605469 0.917969 0.605469 0.933594 0.605469 0.937500 0.582031 0.972656 0.578125 0.976562 0.566406 0.976562 0.562500 0.976562 0.535156 0.957031 0.531250 0.957031 0.472656 0.902344 0.468750 0.898438 0.468750 0.886719 0.468750 0.882812 0.476562 0.875000 0.480469 0.871094 0.503906 0.863281
0 0.562500 0.847656 0.578125 0.847656 0.582031 0.847656 0.636719 0.871094 0.640625 0.875000 0.664062 0.878906 0.667969 0.882812 0.714844 0.878906 0.718750 0.878906 0.722656 0.894531 0.722656 0.898438 0.714844 0.914062 0.710938 0.917969 0.710938 0.933594 0.710938 0.937500 0.703125 0.945312 0.699219 0.949219 0.667969 0.953125 0.664062 0.953125 0.632812 0.933594 0.628906 0.933594 0.597656 0.898438 0.593750 0.894531 0.542969 0.867188 0.539062 0.863281 0.562500 0.847656
0 0.464844 0.710938 0.480469 0.714844 0.484375 0.714844 0.515625 0.742188 0.519531 0.746094 0.519531 0.757812 0.519531 0.761719 0.507812 0.785156 0.503906 0.789062 0.503906 0.843750 0.503906 0.847656 0.496094 0.863281 0.492188 0.867188 0.480469 0.867188 0.476562 0.867188 0.457031 0.843750 0.453125 0.839844 0.441406 0.789062 0.437500 0.785156 0.441406 0.750000 0.441406 0.746094 0.464844 0.710938
0 0.312500 0.562500 0.328125 0.562500 0.332031 0.562500 0.351562 0.578125 0.355469 0.582031 0.378906 0.585938 0.382812 0.585938 0.406250 0.597656 0.410156 0.597656 0.457031 0.644531 0.460938 0.648438 0.460938 0.714844 0.460938 0.718750 0.445312 0.738281 0.441406 0.742188 0.429688 0.777344 0.425781 0.781250 0.414062 0.777344 0.410156 0.777344 0.402344 0.765625 0.398438 0.761719 0.386719 0.683594 0.390625 0.679688 0.378906 0.652344 0.378906 0.648438 0.371094 0.640625 0.367188 0.636719 0.304688 0.605469 0.300781 0.605469 0.289062 0.593750 0.285156 0.589844 0.312500 0.562500
0 0.253906 0.589844 0.269531 0.589844 0.273438 0.589844 0.304688 0.613281 0.308594 0.613281 0.332031 0.636719 0.335938 0.636719 0.355469 0.664062 0.359375 0.667969 0.347656 0.703125 0.347656 0.707031 0.359375 0.757812 0.359375 0.761719 0.367188 0.777344 0.371094 0.781250 0.382812 0.828125 0.386719 0.832031 0.386719 0.859375 0.386719 0.863281 0.371094 0.886719 0.367188 0.890625 0.343750 0.890625 0.339844 0.890625 0.312500 0.867188 0.308594 0.863281 0.292969 0.839844 0.289062 0.835938 0.289062 0.828125 0.292969 0.824219 0.281250 0.796875 0.277344 0.792969 0.261719 0.796875 0.257812 0.800781 0.246094 0.796875 0.242188 0.796875 0.218750 0.781250 0.214844 0.781250 0.203125 0.761719 0.199219 0.757812 0.199219 0.742188 0.199219 0.738281 0.207031 0.722656 0.210938 0.718750 0.253906 0.707031 0.257812 0.703125 0.242188 0.660156 0.238281 0.656250 0.238281 0.621094 0.238281 0.617188 0.242188 0.605469 0.242188 0.601562 0.253906 0.589844
0 0.632812 0.960938 0.644531 0.960938 0.648438 0.960938 0.660156 0.968750 0.664062 0.972656 0.662354 1.000000 0.614258 1.000000 0.617188 0.976562 0.617188 0.972656 0.632812 0.960938
0 0.972656 0.910156 0.992188 0.914062 0.996094 0.917969 0.992188 0.968750 0.992188 0.972656 0.980469 0.992188 0.976562 0.996094 0.975781 1.000000 0.914062 1.000000 0.914062 1.000000 0.917969 0.996094 0.921875 0.957031 0.921875 0.953125 0.972656 0.910156
0 0.609375 0.011719 0.625000 0.015625 0.628906 0.015625 0.640625 0.027344 0.644531 0.031250 0.656250 0.031250 0.660156 0.035156 0.695312 0.027344 0.699219 0.027344 0.718750 0.015625 0.722656 0.015625 0.730469 0.027344 0.734375 0.031250 0.734375 0.042969 0.734375 0.046875 0.726562 0.054688 0.722656 0.058594 0.691406 0.062500 0.687500 0.062500 0.683594 0.066406 0.679688 0.070312 0.675781 0.097656 0.671875 0.101562 0.632812 0.109375 0.628906 0.109375 0.613281 0.082031 0.609375 0.078125 0.566406 0.058594 0.562500 0.054688 0.562500 0.035156 0.562500 0.031250 0.578125 0.031250 0.582031 0.031250 0.609375 0.011719
0 0.167969 0.000000 0.175781 0.007812 0.179688 0.011719 0.207031 0.007812 0.210938 0.003906 0.222656 0.015625 0.226562 0.019531 0.226562 0.031250 0.230469 0.035156 0.218750 0.062500 0.214844 0.066406 0.164062 0.066406 0.160156 0.066406 0.148438 0.046875 0.148438 0.042969 0.108774 0.000000
0 1.000000 0.000000 1.000000 0.011719 0.996094 0.011719 0.992188 0.011719 0.980469 0.003906 0.976562 0.000000 0.937500 0.000000 0.933594 0.000000 0.933594 0.000000
0 0.781250 0.285156 0.808594 0.289062 0.812500 0.289062 0.820312 0.312500 0.820312 0.316406 0.839844 0.335938 0.843750 0.339844 0.855469 0.343750 0.859375 0.347656 0.859375 0.363281 0.859375 0.367188 0.824219 0.398438 0.820312 0.402344 0.800781 0.398438 0.796875 0.398438 0.789062 0.406250 0.785156 0.410156 0.777344 0.410156 0.773438 0.410156 0.753906 0.402344 0.750000 0.402344 0.742188 0.390625 0.742188 0.386719 0.757812 0.378906 0.761719 0.375000 0.785156 0.375000 0.789062 0.371094 0.789062 0.351562 0.789062 0.347656 0.765625 0.308594 0.761719 0.304688 0.761719 0.296875 0.761719 0.292969 0.781250 0.285156
0 0.807495 0.525300 0.803872 0.530372 0.801698 0.530372 0.795178 0.532546 0.782136 0.533995 0.773441 0.533995 0.771267 0.531821 0.764022 0.530372 0.761848 0.531097 0.759675 0.533271 0.757501 0.537618 0.757501 0.547037 0.759675 0.548486 0.761848 0.551384 0.766195 0.552109 0.777064 0.552109 0.780687 0.553558 0.788657 0.555007 0.790106 0.556456 0.795902 0.558630 0.804597 0.568774 0.808944 0.568774 0.814016 0.564427 0.816914 0.556456 0.816914 0.553558 0.822711 0.544139 0.829956 0.540516 0.833579 0.537618 0.835028 0.533271 0.836477 0.531821 0.838651 0.526025 0.838651 0.521678 0.839375 0.518780 0.838651 0.510809 0.837926 0.507911 0.836477 0.506462 0.836477 0.504288 0.832854 0.499216 0.829956 0.498492 0.822711 0.498492 0.816190 0.505013 0.811843 0.513708 0.811118 0.518780
0 0.636805 0.015875 0.622134 0.015875 0.616632 0.014041 0.606545 0.004872 0.605571 0.000000 0.655205 0.000000 0.655145 0.001204 0.651477 0.006706 0.644141 0.011291
0 0.162728 0.240535 0.158143 0.233199 0.147139 0.224029 0.146222 0.219445 0.144388 0.218528 0.145305 0.211192 0.150807 0.201105 0.153558 0.199271 0.159977 0.199271 0.175565 0.212109 0.178316 0.219445 0.178316 0.232282 0.177399 0.235950 0.170063 0.237784
0 0.126966 0.261625 0.121464 0.251539 0.116879 0.251539 0.101290 0.265293 0.080200 0.274463 0.068279 0.281799 0.063694 0.292803 0.054524 0.293720 0.050856 0.292803 0.041686 0.285467 0.030683 0.268961 0.019679 0.257041 0.018762 0.249705 0.020596 0.246954 0.027932 0.243286 0.036185 0.241452 0.079282 0.241452 0.092120 0.232282 0.106792 0.225863 0.129716 0.223113 0.142554 0.226780 0.150807 0.232282 0.159977 0.240535 0.166396 0.253373 0.164562 0.258875 0.148973 0.266211 0.139803 0.266211 0.134301 0.263459
0 0.667617 1.000000 0.665266 0.996474 0.663219 0.991355 0.663219 0.980095 0.665266 0.976000 0.677551 0.967810 0.681646 0.961668 0.686764 0.960644 0.691883 0.971905 0.691883 0.988284 0.694487 1.000000
0 0.134469 1.000000 0.125572 1.000000 0.110309 0.993459 0.107841 0.988524 0.110309 0.977421 0.112776 0.974953 0.114010 0.963850 0.122646 0.957681 0.130048 0.956447 0.143619 0.957681 0.143619 0.962616 0.146086 0.963850 0.151021 0.977421 0.149787 0.990991 0.137450 0.999627
0 0.159657 0.907099 0.162125 0.897229 0.168293 0.892295 0.178163 0.891061 0.183098 0.897229 0.184332 0.904632 0.179397 0.908333 0.170761 0.909566
0 0.820201 0.030547 0.809197 0.010373 0.801861 0.001204 0.800256 0.000000 0.836606 0.000000 0.846793 0.004872 0.850461 0.007623 0.853212 0.013125 0.852295 0.018627 0.843125 0.027796 0.826620 0.036049
0 0.632877 0.447773 0.627081 0.449947 0.609692 0.449947 0.607518 0.449222 0.605344 0.447773 0.603895 0.437629 0.602446 0.433282 0.602446 0.431109 0.604620 0.428210 0.608243 0.426761 0.611865 0.426761 0.614039 0.426037 0.621284 0.420965 0.622009 0.418791 0.626356 0.413719 0.628530 0.412270 0.629255 0.410096 0.629255 0.405025 0.631428 0.399228 0.633602 0.398504 0.636500 0.396330 0.644470 0.394156 0.655339 0.394156 0.657512 0.395605 0.659686 0.399953 0.661135 0.405749 0.664033 0.408647 0.669105 0.407198 0.672728 0.405025 0.674902 0.405025 0.682147 0.402126 0.683596 0.400677 0.685770 0.399953 0.690117 0.395605 0.699536 0.389809 0.706782 0.387635 0.711854 0.383288 0.716201 0.381114 0.718375 0.380389 0.721273 0.380389 0.721998 0.383288 0.721998 0.391982 0.721273 0.394881 0.716926 0.401402 0.713303 0.403575 0.711129 0.406473 0.710405 0.408647 0.703884 0.415168 0.688668 0.426037 0.686495 0.428935 0.684321 0.428935 0.682147 0.430384 0.672728 0.434007 0.668380 0.434007 0.666207 0.434731 0.665482 0.437629 0.666931 0.439079 0.669105 0.439803 0.669105 0.441977 0.670554 0.444150 0.669830 0.449222 0.664033 0.450671 0.650991 0.450671 0.644470 0.449222 0.640123 0.449222
0 0.000000 0.208869 0.000000 0.169486 0.002179 0.169486 0.008665 0.180604 0.010518 0.194502 0.006812 0.204693 0.001253 0.208400
0 0.007739 0.161147 0.000000 0.160778 0.000000 0.082227 0.000327 0.081465 0.009592 0.076833 0.015151 0.076833 0.024416 0.072200 0.034608 0.070347 0.040167 0.066641 0.043873 0.060155 0.048506 0.062008 0.049432 0.064788 0.049432 0.078686 0.044800 0.088877 0.040167 0.094437 0.040167 0.099996 0.048506 0.104629 0.049432 0.107408 0.049432 0.115747 0.051286 0.116673 0.050359 0.133351 0.043873 0.140763 0.016077 0.159294
0 0.417571 0.032462 0.400454 0.028183 0.376918 0.013206 0.369875 0.000000 0.432548 0.000000 0.432548 0.023904
0 0.324219 0.339844 0.335938 0.339844 0.339844 0.339844 0.375000 0.359375 0.378906 0.359375 0.382812 0.363281 0.386719 0.367188 0.386719 0.390625 0.386719 0.394531 0.382812 0.398438 0.378906 0.402344 0.335938 0.398438 0.332031 0.398438 0.316406 0.382812 0.312500 0.378906 0.308594 0.359375 0.304688 0.355469 0.308594 0.347656 0.312500 0.343750 0.324219 0.339844
0 0.722656 0.136719 0.742188 0.140625 0.746094 0.140625 0.750000 0.152344 0.750000 0.156250 0.726562 0.167969 0.722656 0.167969 0.718750 0.160156 0.714844 0.156250 0.714844 0.148438 0.714844 0.144531 0.722656 0.136719
0 0.148438 0.789062 0.160156 0.789062 0.164062 0.792969 0.164062 0.832031 0.164062 0.835938 0.160156 0.843750 0.156250 0.847656 0.136719 0.847656 0.132812 0.847656 0.128906 0.820312 0.128906 0.816406 0.148438 0.789062
0 0.023438 0.941406 0.031250 0.945312 0.035156 0.945312 0.035156 0.957031 0.035156 0.960938 0.025391 1.000000 0.000000 1.000000 0.000000 0.987500 0.011719 0.957031 0.011719 0.953125 0.023438 0.941406
0 0.269531 0.917969 0.292969 0.921875 0.296875 0.925781 0.292969 0.949219 0.292969 0.953125 0.269531 0.953125 0.265625 0.953125 0.250000 0.945312 0.246094 0.941406 0.246094 0.937500 0.246094 0.933594 0.269531 0.917969
0 0.449219 0.375000 0.468750 0.378906 0.472656 0.378906 0.492188 0.402344 0.496094 0.406250 0.492188 0.410156 0.488281 0.414062 0.429688 0.414062 0.425781 0.414062 0.425781 0.394531 0.425781 0.390625 0.449219 0.375000
0 0.570312 0.695312 0.597656 0.699219 0.601562 0.699219 0.601562 0.718750 0.601562 0.722656 0.582031 0.730469 0.578125 0.734375 0.558594 0.730469 0.554688 0.730469 0.550781 0.726562 0.550781 0.722656 0.558594 0.718750 0.562500 0.714844 0.570312 0.695312
0 0.921179 0.755332 0.919066 0.762922 0.915381 0.767118 0.914461 0.770597 0.910047 0.775011 0.903992 0.776613 0.897937 0.775011 0.893523 0.770597 0.891921 0.764542 0.891921 0.761984 0.892987 0.757959 0.889751 0.757103 0.886169 0.754033 0.882076 0.751986 0.877150 0.747060 0.875548 0.741005 0.877150 0.734951 0.882076 0.730025 0.888130 0.728423 0.894185 0.730025 0.896488 0.732328 0.902004 0.735797 0.911582 0.740770 0.919577 0.748254 0.921180 0.755332
