0 0.789062 0.046875 0.933594 0.078125 0.937500 0.082031 1.000000 0.086839 1.000000 0.207344 0.964844 0.203125 0.960938 0.199219 0.910156 0.203125 0.906250 0.203125 0.843750 0.187500 0.839844 0.187500 0.816406 0.171875 0.812500 0.167969 0.796875 0.128906 0.796875 0.125000 0.769531 0.093750 0.765625 0.089844 0.769531 0.062500 0.769531 0.058594 0.789062 0.046875
0 0.964844 0.000000 1.000000 0.000000 1.000000 0.212440 0.953125 0.207031 0.949219 0.203125 0.906250 0.203125 0.902344 0.203125 0.835938 0.183594 0.832031 0.183594 0.820312 0.171875 0.816406 0.167969 0.792969 0.125000 0.792969 0.121094 0.769531 0.097656 0.769531 0.093750 0.761719 0.085938 0.757812 0.082031 0.746094 0.085938 0.742188 0.082031 0.742188 0.062500 0.742188 0.058594 0.773438 0.035156 0.777344 0.035156 0.789062 0.019531 0.792969 0.015625 0.800781 0.015625 0.804688 0.011719 0.941406 0.015625 0.945312 0.015625 0.953125 0.011719 0.957031 0.011719 0.964844 0.000000
0 0.484375 0.824219 0.496094 0.828125 0.500000 0.828125 0.503906 0.835938 0.503906 0.839844 0.542969 0.875000 0.546875 0.878906 0.570312 0.925781 0.570312 0.929688 0.615312 1.000000 0.527344 1.000000 0.519531 0.976562 0.519531 0.972656 0.484375 0.910156 0.484375 0.906250 0.464844 0.890625 0.460938 0.886719 0.445312 0.863281 0.441406 0.859375 0.433594 0.859375 0.429688 0.859375 0.425781 0.851562 0.421875 0.847656 0.425781 0.839844 0.429688 0.835938 0.441406 0.832031 0.445312 0.828125 0.464844 0.835938 0.468750 0.835938 0.484375 0.824219
0 0.437500 0.980469 0.453125 0.980469 0.457031 0.980469 0.492543 1.000000 0.386719 1.000000 0.386719 1.000000 0.390625 0.996094 0.437500 0.980469
0 0.855469 0.808594 0.921875 0.808594 0.925781 0.808594 0.945312 0.816406 0.949219 0.820312 0.925781 0.917969 0.925781 0.921875 0.914062 0.937500 0.914062 0.941406 0.902344 0.945312 0.898438 0.949219 0.859375 0.949219 0.855469 0.949219 0.808594 0.886719 0.804688 0.882812 0.804688 0.859375 0.804688 0.855469 0.816406 0.835938 0.816406 0.832031 0.828125 0.820312 0.832031 0.816406 0.855469 0.808594
0 0.777344 0.945312 0.804688 0.945312 0.808594 0.945312 0.832031 0.960938 0.835938 0.960938 0.847656 0.980469 0.847656 0.984375 0.828355 1.000000 0.712240 1.000000 0.730469 0.972656 0.734375 0.968750 0.777344 0.945312
0 0.402344 0.746094 0.468750 0.757812 0.472656 0.757812 0.476562 0.769531 0.476562 0.773438 0.464844 0.785156 0.460938 0.789062 0.382812 0.820312 0.378906 0.820312 0.332031 0.859375 0.328125 0.863281 0.242188 0.882812 0.238281 0.886719 0.210938 0.882812 0.207031 0.878906 0.207031 0.847656 0.207031 0.843750 0.238281 0.796875 0.242188 0.792969 0.285156 0.792969 0.289062 0.792969 0.292969 0.808594 0.292969 0.812500 0.308594 0.820312 0.312500 0.820312 0.324219 0.808594 0.328125 0.804688 0.339844 0.777344 0.339844 0.773438 0.402344 0.746094
0 0.519531 0.792969 0.539062 0.792969 0.542969 0.792969 0.566406 0.808594 0.570312 0.812500 0.574219 0.824219 0.578125 0.828125 0.574219 0.871094 0.570312 0.875000 0.550781 0.875000 0.546875 0.875000 0.500000 0.835938 0.496094 0.832031 0.500000 0.808594 0.500000 0.804688 0.519531 0.792969
0 0.171875 0.882812 0.195312 0.882812 0.199219 0.882812 0.242188 0.917969 0.246094 0.921875 0.246094 1.000000 0.246094 1.000000 0.171875 1.000000 0.171875 1.000000 0.167969 0.996094 0.156250 0.906250 0.156250 0.902344 0.160156 0.894531 0.160156 0.890625 0.171875 0.882812
0 0.000000 0.174316 0.011719 0.175781 0.015625 0.175781 0.035156 0.203125 0.039062 0.207031 0.039062 0.257812 0.039062 0.261719 0.011719 0.296875 0.007812 0.300781 0.000000 0.302734
0 0.019531 0.417969 0.031250 0.417969 0.035156 0.417969 0.039062 0.425781 0.042969 0.429688 0.042969 0.457031 0.042969 0.460938 0.035156 0.468750 0.035156 0.472656 0.000000 0.502790 0.000000 0.427734 0.019531 0.417969
0 0.406250 0.601562 0.421875 0.601562 0.425781 0.601562 0.433594 0.609375 0.437500 0.613281 0.437500 0.644531 0.437500 0.648438 0.421875 0.671875 0.417969 0.675781 0.378906 0.679688 0.375000 0.679688 0.363281 0.667969 0.359375 0.664062 0.359375 0.652344 0.359375 0.648438 0.371094 0.628906 0.371094 0.625000 0.382812 0.613281 0.386719 0.609375 0.406250 0.601562
0 0.000000 0.792969 0.000000 0.792969 0.007812 0.808594 0.007812 0.812500 0.000000 0.816406 0.000000 0.816406
0 0.660156 0.703125 0.679688 0.707031 0.683594 0.707031 0.703125 0.722656 0.707031 0.726562 0.707031 0.738281 0.707031 0.742188 0.683594 0.781250 0.679688 0.785156 0.648438 0.785156 0.644531 0.785156 0.640625 0.777344 0.636719 0.773438 0.636719 0.730469 0.636719 0.726562 0.644531 0.714844 0.644531 0.710938 0.660156 0.703125
0 0.429688 0.812500 0.468750 0.828125 0.472656 0.832031 0.464844 0.855469 0.464844 0.859375 0.484375 0.914062 0.488281 0.917969 0.488281 0.937500 0.488281 0.941406 0.472656 0.968750 0.468750 0.972656 0.410156 0.972656 0.406250 0.968750 0.414062 0.878906 0.417969 0.875000 0.414062 0.832031 0.414062 0.828125 0.429688 0.812500
0 0.511719 0.000000 0.789062 0.000000 0.792969 0.000000 0.792969 0.023438 0.792969 0.027344 0.757812 0.054688 0.753906 0.058594 0.746094 0.105469 0.746094 0.109375 0.742188 0.113281 0.738281 0.117188 0.703125 0.121094 0.699219 0.121094 0.667969 0.101562 0.664062 0.097656 0.613281 0.078125 0.609375 0.074219 0.593750 0.074219 0.589844 0.074219 0.574219 0.089844 0.570312 0.093750 0.550781 0.097656 0.546875 0.097656 0.523438 0.066406 0.519531 0.062500 0.511719 0.000000
0 0.871094 0.441406 0.898438 0.441406 0.902344 0.441406 0.964844 0.472656 0.968750 0.476562 0.972656 0.515625 0.972656 0.519531 0.957031 0.550781 0.957031 0.554688 0.945312 0.554688 0.941406 0.558594 0.921875 0.550781 0.917969 0.550781 0.882812 0.519531 0.878906 0.515625 0.871094 0.492188 0.867188 0.488281 0.871094 0.441406
