0 1.000000 0.949219 1.000000 0.949219 0.968750 0.933594 0.964844 0.929688 0.945312 0.890625 0.945312 0.886719 0.902344 0.847656 0.898438 0.843750 0.925781 0.781250 0.925781 0.777344 0.894531 0.726562 0.890625 0.722656 0.890625 0.710938 0.890625 0.707031 0.914062 0.679688 0.917969 0.675781 0.976562 0.675781 0.980469 0.675781 1.000000 0.652344
0 0.406250 0.636719 0.492188 0.648438 0.496094 0.648438 0.515625 0.664062 0.519531 0.667969 0.542969 0.675781 0.546875 0.679688 0.574219 0.675781 0.578125 0.675781 0.601562 0.664062 0.605469 0.660156 0.625000 0.660156 0.628906 0.660156 0.660156 0.679688 0.664062 0.683594 0.699219 0.687500 0.703125 0.687500 0.746094 0.730469 0.750000 0.734375 0.792969 0.804688 0.796875 0.808594 0.804688 0.835938 0.808594 0.839844 0.808594 0.890625 0.808594 0.894531 0.789062 0.894531 0.785156 0.894531 0.707031 0.855469 0.703125 0.855469 0.582031 0.781250 0.578125 0.777344 0.550781 0.765625 0.546875 0.765625 0.519531 0.746094 0.515625 0.742188 0.394531 0.679688 0.390625 0.679688 0.386719 0.675781 0.382812 0.671875 0.382812 0.660156 0.382812 0.656250 0.386719 0.648438 0.390625 0.644531 0.406250 0.636719
0 0.472656 0.492188 0.488281 0.492188 0.492188 0.492188 0.535156 0.519531 0.539062 0.523438 0.558594 0.570312 0.558594 0.574219 0.574219 0.589844 0.578125 0.593750 0.605469 0.640625 0.609375 0.644531 0.601562 0.660156 0.597656 0.664062 0.585938 0.667969 0.582031 0.671875 0.542969 0.675781 0.539062 0.675781 0.531250 0.671875 0.527344 0.671875 0.511719 0.648438 0.507812 0.644531 0.429688 0.636719 0.425781 0.632812 0.417969 0.605469 0.417969 0.601562 0.394531 0.566406 0.390625 0.562500 0.390625 0.550781 0.390625 0.546875 0.417969 0.523438 0.421875 0.519531 0.472656 0.492188
0 0.679688 0.464844 0.687500 0.468750 0.691406 0.472656 0.753906 0.562500 0.757812 0.566406 0.757812 0.582031 0.757812 0.585938 0.742188 0.609375 0.738281 0.613281 0.722656 0.660156 0.722656 0.664062 0.707031 0.667969 0.703125 0.671875 0.652344 0.664062 0.648438 0.664062 0.625000 0.648438 0.621094 0.648438 0.609375 0.625000 0.605469 0.621094 0.605469 0.574219 0.605469 0.570312 0.613281 0.554688 0.613281 0.550781 0.625000 0.531250 0.625000 0.527344 0.648438 0.507812 0.652344 0.503906 0.652344 0.496094 0.652344 0.492188 0.664062 0.476562 0.664062 0.472656 0.679688 0.464844
0 0.800781 0.164062 0.820312 0.164062 0.824219 0.164062 0.832031 0.207031 0.832031 0.210938 0.855469 0.226562 0.859375 0.226562 0.871094 0.242188 0.871094 0.246094 0.898438 0.269531 0.902344 0.273438 0.898438 0.296875 0.898438 0.300781 0.824219 0.343750 0.820312 0.347656 0.789062 0.359375 0.785156 0.359375 0.753906 0.382812 0.750000 0.382812 0.722656 0.410156 0.718750 0.414062 0.667969 0.433594 0.664062 0.437500 0.652344 0.433594 0.648438 0.433594 0.628906 0.394531 0.625000 0.390625 0.640625 0.343750 0.640625 0.339844 0.679688 0.289062 0.679688 0.285156 0.699219 0.269531 0.703125 0.265625 0.722656 0.203125 0.722656 0.199219 0.800781 0.164062
0 0.708594 0.000000 0.714844 0.093750 0.714844 0.097656 0.703125 0.121094 0.703125 0.125000 0.675781 0.140625 0.671875 0.144531 0.664062 0.175781 0.664062 0.179688 0.652344 0.199219 0.652344 0.203125 0.640625 0.214844 0.636719 0.218750 0.613281 0.226562 0.609375 0.226562 0.585938 0.210938 0.582031 0.207031 0.566406 0.156250 0.566406 0.152344 0.609375 0.121094 0.613281 0.117188 0.609375 0.085938 0.605469 0.082031 0.605469 0.035156 0.605469 0.031250 0.613281 0.000000 0.613281 0.000000
0 0.773438 0.953125 0.800781 0.957031 0.804688 0.957031 0.828125 0.992188 0.832031 0.996094 0.832031 1.000000 0.691406 1.000000 0.691406 0.980469 0.691406 0.976562 0.699219 0.968750 0.703125 0.964844 0.738281 0.964844 0.742188 0.964844 0.773438 0.953125
0 0.234375 0.332031 0.253906 0.332031 0.257812 0.332031 0.296875 0.355469 0.300781 0.355469 0.308594 0.367188 0.312500 0.371094 0.312500 0.394531 0.316406 0.398438 0.363281 0.406250 0.367188 0.406250 0.371094 0.410156 0.371094 0.414062 0.359375 0.437500 0.359375 0.441406 0.347656 0.449219 0.343750 0.453125 0.328125 0.453125 0.324219 0.453125 0.265625 0.437500 0.261719 0.437500 0.250000 0.429688 0.246094 0.429688 0.218750 0.398438 0.214844 0.394531 0.207031 0.367188 0.203125 0.363281 0.203125 0.347656 0.203125 0.343750 0.234375 0.332031
0 0.953125 0.039062 0.941406 0.042969 0.937500 0.046875 0.902344 0.046875 0.890625 0.039062 0.886719 0.035156 0.886719 0.019531 0.902344 0.003906 0.901693 0.000000 0.979167 0.000000 0.980469 0.007812 0.980469 0.011719
0 0.386719 0.296875 0.429688 0.296875 0.433594 0.296875 0.445312 0.304688 0.449219 0.308594 0.457031 0.324219 0.460938 0.328125 0.457031 0.378906 0.457031 0.382812 0.433594 0.406250 0.429688 0.410156 0.398438 0.410156 0.394531 0.410156 0.378906 0.398438 0.375000 0.394531 0.371094 0.375000 0.367188 0.371094 0.367188 0.320312 0.367188 0.316406 0.386719 0.296875
0 0.589844 0.000000 0.589844 0.000000 0.585938 0.035156 0.585938 0.039062 0.550781 0.078125 0.550781 0.082031 0.507812 0.058594 0.503906 0.058594 0.500000 0.042969 0.496094 0.039062 0.496094 0.000000
