0 0.632812 0.160156 0.648438 0.160156 0.652344 0.160156 0.664062 0.171875 0.667969 0.175781 0.703125 0.187500 0.707031 0.187500 0.710938 0.207031 0.714844 0.210938 0.710938 0.230469 0.710938 0.234375 0.746094 0.269531 0.750000 0.273438 0.761719 0.300781 0.765625 0.304688 0.765625 0.312500 0.765625 0.316406 0.750000 0.343750 0.746094 0.347656 0.742188 0.375000 0.742188 0.378906 0.718750 0.417969 0.714844 0.421875 0.714844 0.445312 0.714844 0.449219 0.695312 0.511719 0.695312 0.515625 0.683594 0.535156 0.683594 0.539062 0.671875 0.542969 0.667969 0.546875 0.597656 0.542969 0.593750 0.542969 0.578125 0.531250 0.574219 0.527344 0.531250 0.515625 0.527344 0.515625 0.519531 0.511719 0.515625 0.507812 0.511719 0.445312 0.507812 0.441406 0.460938 0.425781 0.457031 0.421875 0.394531 0.421875 0.390625 0.421875 0.382812 0.417969 0.378906 0.414062 0.378906 0.406250 0.375000 0.402344 0.375000 0.386719 0.375000 0.382812 0.402344 0.343750 0.406250 0.339844 0.460938 0.324219 0.464844 0.324219 0.496094 0.300781 0.500000 0.300781 0.515625 0.281250 0.519531 0.277344 0.546875 0.261719 0.550781 0.257812 0.554688 0.246094 0.558594 0.242188 0.558594 0.214844 0.558594 0.210938 0.585938 0.203125 0.589844 0.203125 0.632812 0.160156
0 0.136719 0.230469 0.230469 0.253906 0.234375 0.257812 0.281250 0.261719 0.285156 0.261719 0.406250 0.312500 0.410156 0.312500 0.414062 0.324219 0.414062 0.328125 0.378906 0.355469 0.375000 0.359375 0.371094 0.421875 0.371094 0.425781 0.355469 0.429688 0.351562 0.433594 0.183594 0.429688 0.179688 0.429688 0.140625 0.410156 0.136719 0.410156 0.128906 0.398438 0.125000 0.394531 0.125000 0.324219 0.125000 0.320312 0.105469 0.281250 0.101562 0.277344 0.101562 0.261719 0.101562 0.257812 0.136719 0.230469
0 0.433594 0.425781 0.468750 0.437500 0.472656 0.437500 0.503906 0.464844 0.507812 0.468750 0.503906 0.500000 0.500000 0.503906 0.472656 0.511719 0.468750 0.511719 0.433594 0.500000 0.429688 0.496094 0.386719 0.496094 0.382812 0.496094 0.371094 0.484375 0.367188 0.480469 0.359375 0.464844 0.359375 0.460938 0.375000 0.437500 0.378906 0.433594 0.433594 0.425781
0 0.980469 0.933594 0.992188 0.933594 0.996094 0.933594 0.996094 1.000000 0.920312 1.000000 0.929688 0.968750 0.929688 0.964844 0.980469 0.933594
0 0.335938 0.800781 0.406250 0.808594 0.410156 0.808594 0.437500 0.843750 0.441406 0.847656 0.476562 0.851562 0.480469 0.851562 0.484375 0.859375 0.488281 0.863281 0.480469 0.894531 0.480469 0.898438 0.464844 0.914062 0.460938 0.917969 0.355469 0.945312 0.351562 0.949219 0.300781 0.949219 0.296875 0.949219 0.277344 0.937500 0.273438 0.937500 0.261719 0.921875 0.257812 0.917969 0.269531 0.843750 0.269531 0.839844 0.289062 0.820312 0.292969 0.816406 0.335938 0.800781
0 0.890625 0.539062 0.917969 0.542969 0.921875 0.546875 0.925781 0.585938 0.925781 0.589844 0.917969 0.628906 0.914062 0.632812 0.914062 0.667969 0.914062 0.671875 0.898438 0.710938 0.898438 0.714844 0.894531 0.722656 0.890625 0.726562 0.863281 0.734375 0.859375 0.734375 0.847656 0.730469 0.843750 0.726562 0.839844 0.703125 0.839844 0.699219 0.847656 0.683594 0.851562 0.679688 0.875000 0.558594 0.875000 0.554688 0.890625 0.539062
0 0.613281 0.789062 0.632812 0.792969 0.636719 0.796875 0.652344 0.789062 0.656250 0.789062 0.660156 0.792969 0.664062 0.796875 0.660156 0.828125 0.660156 0.832031 0.644531 0.855469 0.644531 0.859375 0.621094 0.882812 0.617188 0.886719 0.582031 0.906250 0.578125 0.910156 0.562500 0.910156 0.558594 0.910156 0.535156 0.886719 0.531250 0.882812 0.539062 0.851562 0.539062 0.847656 0.562500 0.804688 0.566406 0.800781 0.613281 0.789062
0 0.257812 0.117188 0.277344 0.121094 0.281250 0.125000 0.281250 0.175781 0.281250 0.179688 0.273438 0.195312 0.269531 0.199219 0.246094 0.203125 0.242188 0.203125 0.238281 0.195312 0.234375 0.191406 0.238281 0.152344 0.238281 0.148438 0.242188 0.132812 0.242188 0.128906 0.257812 0.117188
0 0.050781 0.230469 0.062500 0.230469 0.066406 0.230469 0.093750 0.250000 0.097656 0.253906 0.093750 0.273438 0.093750 0.277344 0.078125 0.292969 0.074219 0.296875 0.062500 0.292969 0.058594 0.292969 0.031250 0.265625 0.027344 0.261719 0.027344 0.253906 0.027344 0.250000 0.050781 0.230469
0 0.709201 0.000000 0.726562 0.015625 0.726562 0.019531 0.625000 0.066406 0.621094 0.070312 0.613281 0.054688 0.613281 0.050781 0.621094 0.035156 0.621094 0.031250 0.640625 0.015625 0.644531 0.011719 0.644531 0.000000
0 0.394531 0.199219 0.410156 0.199219 0.414062 0.199219 0.425781 0.207031 0.429688 0.207031 0.453125 0.222656 0.457031 0.222656 0.480469 0.246094 0.484375 0.250000 0.492188 0.289062 0.492188 0.292969 0.480469 0.304688 0.476562 0.308594 0.460938 0.312500 0.457031 0.316406 0.429688 0.316406 0.425781 0.316406 0.378906 0.292969 0.375000 0.289062 0.378906 0.226562 0.378906 0.222656 0.382812 0.210938 0.382812 0.207031 0.394531 0.199219
0 0.558594 0.046875 0.570312 0.054688 0.574219 0.058594 0.574219 0.085938 0.574219 0.089844 0.558594 0.121094 0.558594 0.125000 0.546875 0.125000 0.542969 0.125000 0.539062 0.101562 0.539062 0.097656 0.546875 0.062500 0.546875 0.058594 0.558594 0.046875
0 0.797483 0.468380 0.767766 0.465408 0.761822 0.441635 0.743992 0.429748 0.743992 0.397059 0.749936 0.391116 0.761822 0.391116 0.761822 0.388144 0.773709 0.385173 0.779653 0.376257 0.785596 0.373286 0.788568 0.364371 0.800454 0.364371 0.836114 0.391116 0.836114 0.438663 0.833143 0.444606 0.827200 0.447578 0.821256 0.462436
0 0.089844 0.382812 0.109375 0.386719 0.113281 0.386719 0.121094 0.406250 0.125000 0.410156 0.167969 0.429688 0.171875 0.429688 0.183594 0.445312 0.183594 0.449219 0.238281 0.496094 0.242188 0.500000 0.242188 0.550781 0.238281 0.554688 0.226562 0.554688 0.222656 0.554688 0.210938 0.546875 0.207031 0.546875 0.167969 0.511719 0.164062 0.507812 0.117188 0.492188 0.113281 0.488281 0.109375 0.472656 0.109375 0.468750 0.082031 0.445312 0.078125 0.445312 0.066406 0.417969 0.062500 0.414062 0.070312 0.398438 0.070312 0.394531 0.089844 0.382812
0 0.378906 0.937500 0.394531 0.949219 0.398438 0.953125 0.431250 1.000000 0.348958 1.000000 0.355469 0.960938 0.355469 0.957031 0.363281 0.945312 0.367188 0.941406 0.378906 0.937500
0 0.910156 0.414062 0.937500 0.414062 0.941406 0.414062 0.968750 0.429688 0.972656 0.433594 0.992188 0.429688 0.996094 0.429688 0.996094 0.539062 0.996094 0.542969 0.968750 0.539062 0.964844 0.539062 0.933594 0.558594 0.929688 0.558594 0.921875 0.546875 0.917969 0.542969 0.902344 0.535156 0.898438 0.531250 0.906250 0.468750 0.906250 0.464844 0.890625 0.453125 0.886719 0.453125 0.882812 0.441406 0.882812 0.437500 0.910156 0.414062
0 0.953125 0.078125 0.972656 0.078125 0.976562 0.078125 0.992188 0.089844 0.996094 0.089844 0.996094 0.175781 0.996094 0.179688 0.976562 0.171875 0.972656 0.171875 0.945312 0.152344 0.941406 0.148438 0.875000 0.144531 0.871094 0.140625 0.875000 0.113281 0.878906 0.109375 0.953125 0.078125
0 0.765625 0.945312 0.796875 0.945312 0.800781 0.945312 0.812500 0.953125 0.816406 0.957031 0.820312 0.980469 0.820312 0.984375 0.812500 0.996094 0.812500 1.000000 0.812500 1.000000 0.764323 1.000000 0.722656 0.992188 0.718750 0.992188 0.714844 0.976562 0.714844 0.972656 0.722656 0.964844 0.726562 0.960938 0.765625 0.945312
0 0.089844 0.824219 0.125000 0.832031 0.128906 0.832031 0.140625 0.839844 0.144531 0.839844 0.167969 0.894531 0.171875 0.898438 0.164062 0.910156 0.160156 0.914062 0.152344 0.917969 0.148438 0.921875 0.132812 0.921875 0.128906 0.921875 0.074219 0.867188 0.070312 0.863281 0.074219 0.843750 0.074219 0.839844 0.089844 0.824219
0 0.000000 0.886719 0.058594 0.886719 0.062500 0.886719 0.082031 0.894531 0.085938 0.894531 0.093750 0.902344 0.097656 0.906250 0.105469 0.929688 0.109375 0.933594 0.097656 0.968750 0.097656 0.972656 0.082031 0.980469 0.078125 0.984375 0.042969 0.976562 0.039062 0.972656 0.000000 0.972656
0 0.085938 0.828125 0.128906 0.835938 0.132812 0.835938 0.156250 0.871094 0.156250 0.875000 0.179688 0.898438 0.183594 0.902344 0.183594 0.910156 0.187500 0.914062 0.171875 0.929688 0.167969 0.933594 0.132812 0.941406 0.128906 0.941406 0.117188 0.949219 0.113281 0.949219 0.101562 0.964844 0.101562 0.968750 0.085938 0.980469 0.082031 0.984375 0.042969 0.980469 0.039062 0.976562 0.003906 0.976562 0.000000 0.976562 0.000000 0.976562 0.000000 0.882812 0.054688 0.882812 0.058594 0.882812 0.066406 0.871094 0.070312 0.867188 0.070312 0.847656 0.070312 0.843750 0.085938 0.828125
0 0.445312 0.000000 0.457031 0.011719 0.460938 0.015625 0.472656 0.019531 0.476562 0.019531 0.488281 0.031250 0.492188 0.035156 0.503906 0.074219 0.503906 0.078125 0.500000 0.082031 0.496094 0.082031 0.468750 0.070312 0.464844 0.070312 0.445312 0.046875 0.441406 0.042969 0.429688 0.058594 0.425781 0.062500 0.402344 0.070312 0.398438 0.074219 0.386719 0.074219 0.382812 0.074219 0.347656 0.054688 0.343750 0.054688 0.339844 0.039062 0.339844 0.035156 0.343750 0.015625 0.347656 0.011719 0.347656 0.000000
0 0.222656 0.441406 0.324219 0.445312 0.328125 0.445312 0.343750 0.457031 0.347656 0.460938 0.363281 0.484375 0.367188 0.488281 0.363281 0.511719 0.359375 0.515625 0.347656 0.523438 0.343750 0.527344 0.304688 0.535156 0.300781 0.539062 0.304688 0.585938 0.304688 0.589844 0.296875 0.601562 0.292969 0.605469 0.277344 0.605469 0.273438 0.605469 0.242188 0.570312 0.238281 0.566406 0.246094 0.511719 0.246094 0.507812 0.234375 0.488281 0.230469 0.484375 0.207031 0.472656 0.203125 0.468750 0.210938 0.453125 0.210938 0.449219 0.222656 0.441406
0 0.003906 0.433594 0.011719 0.433594 0.015625 0.433594 0.019531 0.441406 0.023438 0.445312 0.023438 0.515625 0.023438 0.519531 0.003906 0.535156 0.000000 0.539062 0.000000 0.539062 0.000000 0.447266 0.003906 0.433594
0 0.000000 0.368566 0.054688 0.375000 0.058594 0.375000 0.062500 0.382812 0.066406 0.386719 0.046875 0.410156 0.042969 0.414062 0.000000 0.428385
0 0.359375 0.148438 0.375000 0.156250 0.378906 0.160156 0.378906 0.214844 0.378906 0.218750 0.355469 0.257812 0.355469 0.261719 0.328125 0.265625 0.324219 0.265625 0.316406 0.257812 0.312500 0.253906 0.304688 0.195312 0.304688 0.191406 0.328125 0.167969 0.332031 0.164062 0.359375 0.148438
0 0.363281 0.113281 0.375000 0.113281 0.378906 0.113281 0.386719 0.125000 0.390625 0.128906 0.402344 0.132812 0.406250 0.136719 0.414062 0.152344 0.417969 0.156250 0.417969 0.171875 0.414062 0.175781 0.402344 0.175781 0.398438 0.175781 0.359375 0.152344 0.355469 0.148438 0.351562 0.132812 0.351562 0.128906 0.363281 0.113281
0 0.683594 0.113281 0.722656 0.121094 0.726562 0.125000 0.730469 0.148438 0.730469 0.152344 0.714844 0.175781 0.710938 0.179688 0.679688 0.171875 0.675781 0.171875 0.640625 0.152344 0.636719 0.152344 0.644531 0.144531 0.644531 0.140625 0.656250 0.136719 0.660156 0.136719 0.683594 0.113281
0 0.766221 0.514789 0.756679 0.511211 0.754293 0.506439 0.741171 0.504053 0.720891 0.487352 0.716120 0.487352 0.708962 0.483774 0.707769 0.469459 0.711348 0.469459 0.716120 0.465880 0.724470 0.464687 0.737592 0.458723 0.755486 0.455144 0.778151 0.455144 0.781729 0.462302 0.785308 0.464687 0.785308 0.468266 0.787694 0.469459 0.787694 0.473038 0.793659 0.483774 0.793659 0.488545 0.797237 0.492124 0.797237 0.496896 0.788887 0.514789 0.781729 0.519561 0.774572 0.519561
0 0.102688 0.801352 0.097637 0.799458 0.094480 0.792513 0.094480 0.789987 0.093218 0.787462 0.093849 0.781779 0.096375 0.779885 0.101425 0.774203 0.105214 0.765363 0.105214 0.757155 0.103320 0.756524 0.102688 0.753998 0.097006 0.749579 0.091955 0.748316 0.079959 0.748316 0.076170 0.749579 0.073645 0.753367 0.071751 0.758418 0.069857 0.759681 0.067963 0.764732 0.067963 0.776728 0.064805 0.780516 0.059754 0.783673 0.058492 0.785568 0.058492 0.791250 0.059754 0.795038 0.061648 0.797564 0.077433 0.813980 0.079327 0.814611 0.083116 0.817768 0.086904 0.818399 0.090692 0.820293 0.099531 0.820293 0.104582 0.815874 0.106477 0.813348 0.107739 0.809560 0.107739 0.803878
0 0.061648 0.860702 0.055335 0.860070 0.049652 0.857545 0.046495 0.853757 0.045233 0.849968 0.045233 0.843023 0.049652 0.831658 0.054072 0.822188 0.059754 0.817768 0.063543 0.815874 0.071751 0.815874 0.074907 0.817137 0.078696 0.820293 0.081221 0.820925 0.080590 0.826607 0.071751 0.843023 0.067331 0.856282 0.066068 0.858176
0 0.018083 0.676129 0.011770 0.667710 0.010717 0.657187 0.002299 0.655082 0.000000 0.652400 0.000000 0.619508 0.017031 0.611938 0.026502 0.609834 0.039129 0.609834 0.043339 0.611938 0.047548 0.617200 0.048600 0.635089 0.038077 0.649821 0.034920 0.667710 0.034920 0.680337 0.032816 0.684547 0.021240 0.684547
0 0.064384 0.588788 0.060175 0.574055 0.061228 0.567741 0.065437 0.564585 0.077012 0.563532 0.080169 0.560375 0.087535 0.558271 0.130679 0.558271 0.145412 0.564585 0.152778 0.565637 0.156987 0.568794 0.156987 0.577212 0.149621 0.579317 0.085430 0.579317 0.074907 0.584579
0 0.047548 0.537225 0.035972 0.534068 0.030711 0.529859 0.024397 0.527754 0.022293 0.523545 0.022293 0.511970 0.024397 0.508813 0.044391 0.507761 0.047548 0.509865 0.053862 0.520388 0.053862 0.530911
0 0.063332 0.505656 0.049652 0.504604 0.030711 0.497238 0.023345 0.488819 0.022293 0.473035 0.023345 0.469878 0.030711 0.463564 0.059123 0.448832 0.063332 0.444623 0.068594 0.443570 0.069646 0.441466 0.074907 0.443570 0.078064 0.454093 0.087535 0.463564 0.087535 0.481453 0.089640 0.483558 0.105424 0.484610 0.113843 0.476191 0.123313 0.476191 0.133836 0.486714 0.142255 0.505656 0.141202 0.510918 0.094901 0.510918 0.084378 0.504604 0.072803 0.505656
0 0.706910 0.564620 0.659485 0.563726 0.639799 0.556567 0.636220 0.544040 0.646063 0.536881 0.655906 0.533302 0.694383 0.532407 0.701541 0.529723 0.728386 0.528828 0.731070 0.532407 0.731070 0.536881 0.729280 0.546724 0.724806 0.555672 0.719437 0.559252 0.699752 0.566410
0 0.999514 0.418766 1.000000 0.392507 1.000000 0.370405 0.991461 0.369551 0.986986 0.390132 0.964616 0.391027 0.952984 0.393711 0.951194 0.397291 0.951194 0.406239 0.961932 0.414292 0.979828 0.419661 0.991461 0.419661
0 1.000000 0.356674 1.000000 0.295841 0.988776 0.300651 0.985197 0.304230 0.978038 0.319442 0.978038 0.322126 0.980723 0.323021 0.986986 0.332864 0.990566 0.346286 0.994145 0.351655
0 0.000000 1.000000 0.000000 0.986057 0.028730 0.986057 0.036132 0.988524 0.043534 0.995926 0.045280 1.000000
0 0.389276 0.109310 0.381782 0.108561 0.372790 0.100318 0.369793 0.092824 0.369793 0.090576 0.367545 0.083832 0.366796 0.079336 0.366796 0.070344 0.371291 0.068096 0.379534 0.067347 0.384030 0.065848 0.393772 0.065848 0.399017 0.070344 0.401265 0.081584 0.401265 0.091326 0.396020 0.098819 0.395270 0.101067 0.393022 0.103315
0 0.575861 0.198481 0.569117 0.191737 0.565370 0.181996 0.564621 0.177500 0.562373 0.174502 0.562373 0.168507 0.560874 0.158766 0.561623 0.152022 0.563122 0.149025 0.568368 0.143779 0.574363 0.141531 0.576611 0.141531 0.590098 0.137785 0.593845 0.137785 0.599091 0.136286 0.611829 0.134787 0.646299 0.134787 0.655291 0.137036 0.659787 0.142281 0.659787 0.150523 0.659038 0.152771 0.651544 0.158766 0.647048 0.161764 0.643302 0.162513 0.638056 0.164761 0.619323 0.173753 0.613328 0.178249 0.611080 0.178249 0.605085 0.183495 0.598341 0.187241 0.596093 0.187241 0.590098 0.191737 0.584104 0.193236 0.581106 0.194734
0 0.687500 0.574219 0.765625 0.609375 0.769531 0.609375 0.804688 0.644531 0.808594 0.648438 0.816406 0.671875 0.820312 0.675781 0.820312 0.695312 0.824219 0.699219 0.824219 0.742188 0.824219 0.746094 0.816406 0.757812 0.812500 0.761719 0.847656 0.796875 0.851562 0.800781 0.851562 0.824219 0.851562 0.828125 0.843750 0.839844 0.843750 0.843750 0.828125 0.843750 0.824219 0.843750 0.761719 0.777344 0.757812 0.773438 0.738281 0.777344 0.734375 0.781250 0.644531 0.785156 0.640625 0.789062 0.621094 0.785156 0.617188 0.785156 0.613281 0.734375 0.613281 0.730469 0.601562 0.707031 0.597656 0.703125 0.601562 0.664062 0.601562 0.660156 0.609375 0.648438 0.613281 0.644531 0.632812 0.640625 0.636719 0.640625 0.656250 0.621094 0.660156 0.617188 0.671875 0.585938 0.671875 0.582031 0.687500 0.574219
0 0.011719 0.265625 0.023438 0.265625 0.027344 0.265625 0.039062 0.273438 0.042969 0.277344 0.042969 0.292969 0.042969 0.296875 0.031250 0.312500 0.027344 0.316406 0.000000 0.313368 0.000000 0.275000 0.011719 0.265625
0 0.000000 0.189603 0.023438 0.191406 0.027344 0.191406 0.031250 0.195312 0.035156 0.199219 0.031250 0.218750 0.031250 0.222656 0.015625 0.238281 0.011719 0.242188 0.000000 0.242188
0 0.085938 0.046875 0.117188 0.046875 0.121094 0.046875 0.125000 0.054688 0.128906 0.058594 0.125000 0.070312 0.125000 0.074219 0.113281 0.078125 0.109375 0.078125 0.097656 0.070312 0.093750 0.070312 0.085938 0.062500 0.082031 0.058594 0.085938 0.046875
