0 0.000000 0.204297 0.054688 0.207031 0.058594 0.207031 0.285156 0.253906 0.289062 0.257812 0.421875 0.269531 0.425781 0.269531 0.441406 0.277344 0.445312 0.277344 0.472656 0.304688 0.476562 0.308594 0.500000 0.359375 0.503906 0.363281 0.503906 0.417969 0.503906 0.421875 0.492188 0.480469 0.488281 0.484375 0.484375 0.527344 0.484375 0.531250 0.457031 0.578125 0.453125 0.582031 0.453125 0.605469 0.453125 0.609375 0.488281 0.648438 0.492188 0.652344 0.527344 0.679688 0.531250 0.683594 0.531250 0.707031 0.531250 0.710938 0.507812 0.734375 0.503906 0.738281 0.351562 0.832031 0.347656 0.835938 0.277344 0.859375 0.273438 0.859375 0.175781 0.906250 0.171875 0.906250 0.160156 0.894531 0.156250 0.890625 0.144531 0.855469 0.140625 0.851562 0.148438 0.835938 0.152344 0.832031 0.148438 0.804688 0.148438 0.800781 0.140625 0.792969 0.136719 0.789062 0.109375 0.785156 0.105469 0.785156 0.078125 0.730469 0.074219 0.726562 0.066406 0.679688 0.066406 0.675781 0.070312 0.628906 0.070312 0.625000 0.082031 0.582031 0.085938 0.578125 0.085938 0.554688 0.089844 0.550781 0.085938 0.472656 0.085938 0.468750 0.066406 0.402344 0.066406 0.398438 0.058594 0.386719 0.054688 0.382812 0.042969 0.347656 0.042969 0.343750 0.000000 0.277644
0 1.000000 0.880208 0.996094 0.886719 0.996094 0.890625 0.945312 0.937500 0.941406 0.941406 0.917969 0.949219 0.914062 0.953125 0.886719 0.949219 0.882812 0.949219 0.851562 0.933594 0.847656 0.929688 0.824219 0.871094 0.824219 0.867188 0.773438 0.812500 0.769531 0.808594 0.761719 0.781250 0.757812 0.777344 0.765625 0.714844 0.765625 0.710938 0.800781 0.640625 0.800781 0.636719 0.910156 0.519531 0.914062 0.515625 0.949219 0.488281 0.953125 0.484375 1.000000 0.460938
0 0.582031 0.324219 0.597656 0.324219 0.601562 0.324219 0.636719 0.355469 0.640625 0.359375 0.644531 0.375000 0.648438 0.378906 0.613281 0.507812 0.613281 0.511719 0.597656 0.542969 0.597656 0.546875 0.570312 0.570312 0.566406 0.574219 0.531250 0.582031 0.527344 0.585938 0.500000 0.574219 0.496094 0.574219 0.492188 0.562500 0.488281 0.558594 0.496094 0.457031 0.496094 0.453125 0.511719 0.394531 0.511719 0.390625 0.523438 0.371094 0.523438 0.367188 0.542969 0.343750 0.546875 0.339844 0.582031 0.324219
0 0.996094 0.015625 1.000000 0.016183 1.000000 0.207031 1.000000 0.207031 0.996094 0.210938 0.957031 0.222656 0.953125 0.222656 0.945312 0.238281 0.941406 0.242188 0.937500 0.269531 0.937500 0.273438 0.929688 0.281250 0.925781 0.285156 0.910156 0.285156 0.906250 0.285156 0.894531 0.277344 0.890625 0.273438 0.851562 0.269531 0.847656 0.269531 0.843750 0.257812 0.843750 0.253906 0.851562 0.246094 0.855469 0.242188 0.847656 0.226562 0.847656 0.222656 0.820312 0.191406 0.816406 0.187500 0.812500 0.171875 0.808594 0.167969 0.808594 0.148438 0.808594 0.144531 0.820312 0.128906 0.824219 0.125000 0.820312 0.109375 0.820312 0.105469 0.828125 0.093750 0.828125 0.089844 0.871094 0.070312 0.875000 0.070312 0.890625 0.054688 0.894531 0.050781 0.914062 0.050781 0.917969 0.054688 0.941406 0.035156 0.945312 0.031250 0.968750 0.027344 0.972656 0.027344 0.996094 0.015625
0 0.011719 0.511719 0.031250 0.515625 0.035156 0.519531 0.050781 0.554688 0.054688 0.558594 0.066406 0.632812 0.070312 0.636719 0.070312 0.652344 0.070312 0.656250 0.062500 0.667969 0.058594 0.671875 0.042969 0.671875 0.039062 0.671875 0.019531 0.652344 0.015625 0.648438 0.015625 0.632812 0.015625 0.628906 0.000000 0.582031 0.000000 0.526367 0.011719 0.511719
0 0.035156 0.710938 0.042969 0.710938 0.046875 0.710938 0.066406 0.726562 0.070312 0.730469 0.101562 0.789062 0.105469 0.792969 0.132812 0.792969 0.136719 0.792969 0.144531 0.800781 0.148438 0.804688 0.148438 0.828125 0.148438 0.832031 0.128906 0.855469 0.125000 0.859375 0.109375 0.898438 0.105469 0.902344 0.085938 0.902344 0.082031 0.902344 0.054688 0.871094 0.050781 0.867188 0.050781 0.812500 0.050781 0.808594 0.035156 0.789062 0.031250 0.785156 0.023438 0.785156 0.019531 0.785156 0.007812 0.773438 0.003906 0.769531 0.023438 0.726562 0.023438 0.722656 0.035156 0.710938
0 0.625000 0.542969 0.632812 0.542969 0.636719 0.542969 0.652344 0.570312 0.656250 0.574219 0.679688 0.578125 0.683594 0.578125 0.714844 0.640625 0.718750 0.644531 0.718750 0.679688 0.718750 0.683594 0.710938 0.714844 0.710938 0.718750 0.738281 0.757812 0.742188 0.761719 0.757812 0.804688 0.761719 0.808594 0.757812 0.824219 0.757812 0.828125 0.742188 0.843750 0.738281 0.847656 0.687500 0.847656 0.683594 0.847656 0.648438 0.812500 0.644531 0.812500 0.640625 0.800781 0.636719 0.796875 0.632812 0.757812 0.628906 0.753906 0.628906 0.683594 0.625000 0.679688 0.628906 0.605469 0.628906 0.601562 0.621094 0.578125 0.617188 0.574219 0.625000 0.542969
0 0.085938 0.000000 0.285156 0.003906 0.285156 0.007812 0.269531 0.039062 0.269531 0.042969 0.257812 0.054688 0.253906 0.058594 0.226562 0.062500 0.222656 0.062500 0.183594 0.039062 0.179688 0.035156 0.160156 0.031250 0.156250 0.031250 0.085938 0.000000
0 0.000000 0.099219 0.011719 0.136719 0.015625 0.140625 0.015625 0.167969 0.015625 0.171875 0.003906 0.183594 0.000000 0.187500 0.000000 0.187500
0 0.292969 0.000000 0.390625 0.000000 0.394531 0.000000 0.386719 0.019531 0.382812 0.023438 0.398438 0.046875 0.402344 0.050781 0.398438 0.058594 0.394531 0.062500 0.363281 0.066406 0.359375 0.070312 0.343750 0.109375 0.343750 0.113281 0.320312 0.128906 0.316406 0.132812 0.308594 0.156250 0.308594 0.160156 0.281250 0.179688 0.277344 0.183594 0.292969 0.203125 0.296875 0.207031 0.304688 0.234375 0.308594 0.238281 0.300781 0.246094 0.296875 0.250000 0.261719 0.242188 0.257812 0.242188 0.234375 0.230469 0.230469 0.230469 0.218750 0.207031 0.214844 0.203125 0.214844 0.175781 0.214844 0.171875 0.226562 0.156250 0.230469 0.152344 0.226562 0.105469 0.226562 0.101562 0.242188 0.074219 0.242188 0.070312 0.269531 0.042969 0.273438 0.039062 0.292969 0.000000
0 0.036122 0.457011 0.018509 0.457011 0.014986 0.451727 0.014986 0.442920 0.023793 0.435875 0.036122 0.435875 0.039645 0.432352 0.041406 0.428829 0.041406 0.393603 0.043167 0.386557 0.046690 0.383035 0.055496 0.384796 0.060780 0.388319 0.066064 0.395364 0.073110 0.409455 0.073110 0.425307 0.071348 0.435875 0.066064 0.442920 0.062542 0.453488 0.053735 0.460533 0.050213 0.465817
0 0.484375 0.761719 0.503906 0.765625 0.507812 0.765625 0.523438 0.789062 0.523438 0.792969 0.507812 0.796875 0.503906 0.800781 0.476562 0.796875 0.472656 0.796875 0.472656 0.781250 0.472656 0.777344 0.484375 0.761719
0 0.046875 0.000000 0.089844 0.000000 0.093750 0.000000 0.093750 0.003906 0.097656 0.007812 0.109375 0.007812 0.113281 0.007812 0.183594 0.035156 0.187500 0.035156 0.230469 0.062500 0.230469 0.066406 0.214844 0.082031 0.210938 0.085938 0.199219 0.117188 0.199219 0.121094 0.179688 0.136719 0.175781 0.140625 0.125000 0.132812 0.121094 0.132812 0.097656 0.109375 0.093750 0.105469 0.035156 0.109375 0.031250 0.109375 0.023438 0.093750 0.019531 0.089844 0.019531 0.062500 0.019531 0.058594 0.027344 0.031250 0.027344 0.027344 0.046875 0.000000
0 0.113281 0.117188 0.171875 0.128906 0.175781 0.128906 0.171875 0.218750 0.167969 0.222656 0.156250 0.222656 0.152344 0.222656 0.132812 0.210938 0.128906 0.207031 0.121094 0.187500 0.117188 0.183594 0.113281 0.117188
0 0.695312 0.855469 0.714844 0.855469 0.718750 0.855469 0.753906 0.871094 0.757812 0.871094 0.757812 0.890625 0.757812 0.894531 0.742188 0.906250 0.738281 0.910156 0.746094 0.921875 0.750000 0.925781 0.750000 0.941406 0.750000 0.945312 0.703125 0.960938 0.699219 0.964844 0.683594 0.964844 0.679688 0.964844 0.628906 0.949219 0.625000 0.949219 0.625000 0.925781 0.625000 0.921875 0.617188 0.910156 0.613281 0.906250 0.597656 0.898438 0.593750 0.894531 0.589844 0.878906 0.589844 0.875000 0.593750 0.871094 0.597656 0.867188 0.621094 0.867188 0.625000 0.867188 0.644531 0.878906 0.648438 0.878906 0.695312 0.855469
0 0.406250 0.886719 0.421875 0.890625 0.425781 0.890625 0.437500 0.910156 0.437500 0.914062 0.449219 0.921875 0.453125 0.925781 0.453125 0.949219 0.453125 0.953125 0.441406 0.964844 0.437500 0.968750 0.394531 0.976562 0.390625 0.980469 0.371094 0.980469 0.367188 0.980469 0.335938 0.960938 0.332031 0.960938 0.320312 0.925781 0.320312 0.921875 0.339844 0.906250 0.343750 0.902344 0.390625 0.894531 0.394531 0.894531 0.406250 0.886719
0 0.000000 0.481278 0.004360 0.482731 0.009234 0.487605 0.012484 0.497354 0.012484 0.541220 0.010859 0.550969 0.002736 0.559092 0.000000 0.560973
0 0.012484 0.061932 0.000000 0.060972 0.000000 0.011566 0.014108 0.011566 0.015733 0.013191 0.027106 0.014816 0.041729 0.024564 0.041729 0.031063 0.040104 0.037562 0.023857 0.055434
0 0.595753 0.755682 0.582755 0.762180 0.568133 0.767055 0.563259 0.767055 0.558385 0.770304 0.550261 0.770304 0.548636 0.768679 0.548636 0.762180 0.545387 0.757306 0.545387 0.742684 0.556760 0.723187 0.590879 0.695568 0.599002 0.690693 0.602252 0.690693 0.607126 0.695568 0.610375 0.718313 0.613625 0.728062 0.613625 0.737810 0.608750 0.745933
0 0.590879 0.802798 0.571382 0.796299 0.564884 0.788176 0.564884 0.780052 0.573007 0.773553 0.594128 0.767055 0.615249 0.767055 0.616874 0.765430 0.637995 0.763805 0.637995 0.767055 0.641245 0.771929 0.641245 0.783302 0.637995 0.788176 0.631496 0.793050 0.623373 0.794675 0.620123 0.797924 0.607126 0.799548
0 0.535639 0.867786 0.560009 0.838541 0.563259 0.828793 0.569757 0.822295 0.581130 0.815796 0.584380 0.815796 0.589254 0.810921 0.589254 0.802798 0.586005 0.799548 0.571382 0.793050 0.556760 0.789800 0.545387 0.783302 0.537263 0.783302 0.535639 0.784926 0.535639 0.796299 0.532389 0.810921 0.529140 0.814171 0.527515 0.820670 0.508019 0.820670 0.503145 0.822295 0.496646 0.828793 0.496646 0.848290 0.499895 0.856413 0.511268 0.862912 0.522641 0.866161
0 0.555135 0.685819 0.538888 0.672821 0.534014 0.671197 0.521016 0.656575 0.521016 0.632204 0.524266 0.632204 0.530764 0.627330 0.547012 0.624080 0.563259 0.624080 0.582755 0.617582 0.589254 0.612707 0.595753 0.611083 0.603877 0.602959 0.608750 0.601334 0.610375 0.598085 0.616874 0.596461 0.620123 0.593211 0.623373 0.593211 0.628247 0.602959 0.628247 0.622456 0.615249 0.640327 0.616874 0.676071 0.579506 0.679320 0.568133 0.682570
0 0.909321 0.424242 0.891449 0.424242 0.884950 0.422617 0.880076 0.419368 0.880076 0.414493 0.884950 0.409619 0.902822 0.403120 0.909321 0.396622 0.917445 0.394997 0.928818 0.386873 0.930442 0.378750 0.938566 0.367377 0.948314 0.360878 0.962936 0.346256 0.962936 0.339757 0.966186 0.339757 0.967811 0.343006 0.967811 0.359254 0.962936 0.369002 0.962936 0.378750 0.959687 0.385249 0.949939 0.394997 0.940190 0.398246 0.936941 0.401496 0.932067 0.401496 0.928818 0.404745 0.920694 0.404745 0.906071 0.411244
0 0.987597 0.323268 0.982722 0.324486 0.980285 0.324486 0.973582 0.322049 0.972973 0.319611 0.972973 0.314127 0.971145 0.309252 0.974191 0.308643 0.984550 0.308643 0.986379 0.306815 0.986379 0.301330 0.991253 0.300721 0.993081 0.301940 0.993691 0.304377 0.995519 0.307424 0.996128 0.311080 0.995519 0.316564 0.993081 0.318393
