0 0.976562 0.203125 1.000000 0.204297 1.000000 0.277644 0.992188 0.265625 0.988281 0.261719 0.972656 0.226562 0.968750 0.222656 0.976562 0.203125
0 0.394531 0.113281 0.476562 0.117188 0.480469 0.117188 0.492188 0.128906 0.496094 0.132812 0.492188 0.152344 0.492188 0.156250 0.472656 0.175781 0.468750 0.179688 0.433594 0.195312 0.429688 0.199219 0.382812 0.207031 0.378906 0.210938 0.328125 0.210938 0.324219 0.210938 0.320312 0.191406 0.316406 0.187500 0.324219 0.164062 0.324219 0.160156 0.394531 0.113281
0 0.214844 0.128906 0.250000 0.128906 0.253906 0.128906 0.285156 0.140625 0.289062 0.140625 0.304688 0.152344 0.308594 0.152344 0.316406 0.160156 0.320312 0.164062 0.324219 0.214844 0.324219 0.218750 0.300781 0.234375 0.296875 0.238281 0.238281 0.242188 0.234375 0.242188 0.222656 0.230469 0.218750 0.226562 0.222656 0.187500 0.222656 0.183594 0.210938 0.156250 0.207031 0.152344 0.214844 0.128906
0 0.097656 0.273438 0.128906 0.273438 0.132812 0.273438 0.148438 0.285156 0.152344 0.285156 0.179688 0.316406 0.183594 0.320312 0.183594 0.339844 0.183594 0.343750 0.171875 0.351562 0.167969 0.355469 0.128906 0.355469 0.125000 0.355469 0.070312 0.324219 0.066406 0.324219 0.062500 0.308594 0.058594 0.304688 0.062500 0.292969 0.062500 0.289062 0.074219 0.281250 0.078125 0.277344 0.097656 0.273438
0 0.117188 0.976562 0.130859 1.000000 0.074219 1.000000 0.074219 0.984375 0.078125 0.980469 0.117188 0.976562
0 0.488281 0.496094 0.535156 0.496094 0.539062 0.496094 0.542969 0.500000 0.546875 0.503906 0.546875 0.527344 0.546875 0.531250 0.515625 0.585938 0.511719 0.589844 0.503906 0.617188 0.503906 0.621094 0.500000 0.625000 0.496094 0.628906 0.480469 0.628906 0.476562 0.628906 0.457031 0.601562 0.453125 0.597656 0.445312 0.550781 0.445312 0.546875 0.460938 0.515625 0.460938 0.511719 0.468750 0.503906 0.472656 0.500000 0.488281 0.496094
0 0.738281 0.937500 0.781250 0.937500 0.785156 0.937500 0.792969 0.941406 0.796875 0.941406 0.808594 0.957031 0.812500 0.960938 0.809896 1.000000 0.644531 1.000000 0.644531 0.953125 0.648438 0.949219 0.703125 0.953125 0.707031 0.953125 0.738281 0.937500
0 1.000000 0.582031 0.992188 0.558594 0.988281 0.554688 0.996094 0.535156 0.996094 0.531250 1.000000 0.526367
0 0.875000 0.718750 0.898438 0.726562 0.902344 0.726562 0.910156 0.738281 0.914062 0.742188 0.917969 0.789062 0.917969 0.792969 0.902344 0.835938 0.902344 0.839844 0.894531 0.843750 0.890625 0.847656 0.863281 0.843750 0.859375 0.843750 0.835938 0.816406 0.832031 0.812500 0.835938 0.761719 0.835938 0.757812 0.875000 0.718750
0 0.238281 0.988281 0.269531 0.988281 0.273438 0.988281 0.285156 0.996094 0.289062 1.000000 0.289062 1.000000 0.207031 1.000000 0.207031 1.000000 0.238281 0.988281
0 0.945312 0.046875 0.960938 0.046875 0.964844 0.046875 0.988281 0.070312 0.992188 0.074219 1.000000 0.099219 1.000000 0.187500 1.000000 0.187500 0.980469 0.183594 0.976562 0.183594 0.968750 0.175781 0.964844 0.175781 0.941406 0.144531 0.937500 0.140625 0.933594 0.089844 0.933594 0.085938 0.945312 0.046875
0 0.562500 0.015625 0.566406 0.015625 0.570312 0.015625 0.585938 0.031250 0.589844 0.035156 0.605469 0.062500 0.609375 0.066406 0.609375 0.082031 0.609375 0.085938 0.601562 0.101562 0.597656 0.105469 0.593750 0.105469 0.589844 0.105469 0.570312 0.082031 0.566406 0.078125 0.562500 0.039062 0.558594 0.035156 0.562500 0.015625
0 0.472656 0.765625 0.484375 0.769531 0.488281 0.769531 0.515625 0.796875 0.519531 0.796875 0.527344 0.804688 0.531250 0.808594 0.531250 0.824219 0.531250 0.828125 0.507812 0.824219 0.503906 0.824219 0.480469 0.812500 0.476562 0.812500 0.472656 0.796875 0.468750 0.792969 0.472656 0.765625
0 0.109375 0.144531 0.125000 0.144531 0.128906 0.144531 0.132812 0.156250 0.132812 0.160156 0.121094 0.175781 0.121094 0.179688 0.105469 0.191406 0.101562 0.191406 0.097656 0.187500 0.093750 0.187500 0.093750 0.171875 0.093750 0.167969 0.109375 0.144531
0 0.292969 0.039062 0.324219 0.042969 0.328125 0.042969 0.335938 0.066406 0.335938 0.070312 0.324219 0.078125 0.320312 0.082031 0.304688 0.082031 0.300781 0.085938 0.277344 0.078125 0.273438 0.078125 0.273438 0.054688 0.273438 0.050781 0.292969 0.039062
0 0.000000 0.400670 0.003906 0.402344 0.007812 0.406250 0.003906 0.425781 0.000000 0.429688 0.000000 0.429688
0 0.593750 0.882812 0.601562 0.882812 0.605469 0.882812 0.621094 0.906250 0.625000 0.910156 0.625000 0.925781 0.625000 0.929688 0.609375 0.941406 0.605469 0.945312 0.589844 0.945312 0.585938 0.945312 0.582031 0.937500 0.578125 0.933594 0.578125 0.917969 0.574219 0.914062 0.578125 0.902344 0.578125 0.898438 0.593750 0.882812
0 0.804688 0.679688 0.824219 0.679688 0.828125 0.679688 0.832031 0.695312 0.832031 0.699219 0.804688 0.707031 0.800781 0.707031 0.792969 0.695312 0.792969 0.691406 0.804688 0.679688
0 0.593428 0.634615 0.615798 0.617216 0.615798 0.593603 0.607098 0.589875 0.590942 0.589875 0.589700 0.592360 0.582243 0.594846 0.581000 0.627159 0.578514 0.634615 0.578514 0.637101 0.581000 0.637101
0 0.841987 0.683084 0.840744 0.652014 0.841987 0.649529 0.846958 0.649529 0.849444 0.653257 0.853172 0.669413 0.856900 0.676870 0.863114 0.683084 0.863114 0.688055 0.853172 0.688055
0 0.118680 0.904302 0.101281 0.899330 0.096310 0.893117 0.093824 0.893117 0.093824 0.888145 0.096310 0.885660 0.101281 0.885660 0.109980 0.881932 0.117437 0.871989 0.123651 0.873232 0.129865 0.880689 0.136079 0.893117 0.138565 0.894359 0.138565 0.896845 0.129865 0.898088
0 0.000000 0.722900 0.000000 0.685760 0.007943 0.680872 0.015132 0.679075 0.019626 0.673683 0.021423 0.678176 0.021423 0.720413 0.007943 0.721311
0 0.027344 0.464844 0.058594 0.468750 0.062500 0.468750 0.070312 0.476562 0.074219 0.480469 0.093750 0.523438 0.093750 0.527344 0.152344 0.585938 0.156250 0.589844 0.156250 0.597656 0.156250 0.601562 0.144531 0.613281 0.140625 0.617188 0.136719 0.632812 0.132812 0.636719 0.136719 0.667969 0.136719 0.671875 0.125000 0.691406 0.121094 0.695312 0.105469 0.699219 0.101562 0.703125 0.066406 0.699219 0.062500 0.699219 0.027344 0.664062 0.023438 0.660156 0.000000 0.609375 0.000000 0.609375 0.000000 0.476562 0.000000 0.476562 0.003906 0.472656 0.027344 0.464844
0 0.015625 0.468750 0.062500 0.472656 0.066406 0.472656 0.097656 0.531250 0.097656 0.535156 0.152344 0.585938 0.156250 0.589844 0.167969 0.582031 0.171875 0.578125 0.175781 0.558594 0.179688 0.554688 0.238281 0.558594 0.242188 0.558594 0.253906 0.574219 0.257812 0.578125 0.265625 0.578125 0.269531 0.578125 0.281250 0.558594 0.285156 0.554688 0.300781 0.554688 0.304688 0.554688 0.355469 0.589844 0.359375 0.589844 0.367188 0.605469 0.371094 0.609375 0.363281 0.664062 0.363281 0.667969 0.355469 0.679688 0.351562 0.683594 0.304688 0.707031 0.300781 0.710938 0.277344 0.710938 0.273438 0.710938 0.261719 0.703125 0.257812 0.699219 0.246094 0.707031 0.242188 0.710938 0.246094 0.734375 0.246094 0.738281 0.234375 0.789062 0.234375 0.792969 0.242188 0.812500 0.246094 0.816406 0.246094 0.832031 0.246094 0.835938 0.238281 0.843750 0.238281 0.847656 0.222656 0.851562 0.218750 0.855469 0.203125 0.851562 0.199219 0.851562 0.148438 0.785156 0.148438 0.781250 0.132812 0.769531 0.128906 0.765625 0.121094 0.765625 0.117188 0.765625 0.070312 0.789062 0.066406 0.792969 0.054688 0.789062 0.050781 0.789062 0.023438 0.769531 0.019531 0.765625 0.019531 0.746094 0.019531 0.742188 0.027344 0.722656 0.027344 0.718750 0.058594 0.695312 0.058594 0.691406 0.027344 0.667969 0.023438 0.664062 0.000000 0.609375 0.000000 0.478125 0.015625 0.468750
0 0.644531 0.437500 0.671875 0.437500 0.675781 0.437500 0.687500 0.445312 0.691406 0.449219 0.691406 0.472656 0.691406 0.476562 0.683594 0.488281 0.679688 0.492188 0.660156 0.496094 0.656250 0.500000 0.625000 0.500000 0.621094 0.500000 0.609375 0.492188 0.605469 0.488281 0.566406 0.480469 0.562500 0.480469 0.566406 0.468750 0.570312 0.464844 0.593750 0.460938 0.597656 0.460938 0.644531 0.437500
0 0.605469 0.363281 0.621094 0.363281 0.625000 0.363281 0.656250 0.402344 0.660156 0.406250 0.679688 0.410156 0.683594 0.410156 0.687500 0.414062 0.691406 0.417969 0.687500 0.425781 0.687500 0.429688 0.628906 0.449219 0.625000 0.453125 0.597656 0.449219 0.593750 0.449219 0.589844 0.437500 0.585938 0.433594 0.589844 0.386719 0.589844 0.382812 0.605469 0.363281
0 0.582031 0.644531 0.605469 0.648438 0.609375 0.652344 0.613281 0.687500 0.613281 0.691406 0.625000 0.722656 0.625000 0.726562 0.640625 0.746094 0.644531 0.750000 0.644531 0.765625 0.644531 0.769531 0.632812 0.781250 0.628906 0.785156 0.617188 0.785156 0.613281 0.785156 0.593750 0.753906 0.589844 0.750000 0.550781 0.742188 0.546875 0.742188 0.539062 0.734375 0.535156 0.730469 0.539062 0.707031 0.539062 0.703125 0.558594 0.664062 0.558594 0.660156 0.582031 0.644531
0 0.765625 0.726562 0.796875 0.730469 0.800781 0.730469 0.828125 0.746094 0.832031 0.746094 0.835938 0.753906 0.835938 0.757812 0.824219 0.785156 0.824219 0.789062 0.781250 0.800781 0.777344 0.800781 0.746094 0.832031 0.742188 0.835938 0.730469 0.828125 0.726562 0.824219 0.722656 0.808594 0.722656 0.804688 0.750000 0.789062 0.753906 0.785156 0.753906 0.750000 0.753906 0.746094 0.765625 0.726562
0 0.707031 0.031250 0.714844 0.035156 0.718750 0.039062 0.722656 0.054688 0.722656 0.058594 0.703125 0.097656 0.703125 0.101562 0.691406 0.113281 0.687500 0.117188 0.679688 0.117188 0.675781 0.117188 0.660156 0.093750 0.656250 0.089844 0.652344 0.050781 0.652344 0.046875 0.679688 0.042969 0.683594 0.046875 0.707031 0.031250
0 0.507812 0.058594 0.531250 0.070312 0.535156 0.074219 0.558594 0.078125 0.562500 0.078125 0.574219 0.089844 0.578125 0.093750 0.578125 0.097656 0.582031 0.101562 0.574219 0.109375 0.570312 0.113281 0.570312 0.128906 0.570312 0.132812 0.582031 0.144531 0.585938 0.148438 0.589844 0.171875 0.589844 0.175781 0.574219 0.191406 0.570312 0.195312 0.562500 0.191406 0.558594 0.191406 0.519531 0.144531 0.519531 0.140625 0.484375 0.113281 0.480469 0.109375 0.476562 0.085938 0.476562 0.082031 0.507812 0.058594
0 0.378906 0.066406 0.425781 0.070312 0.429688 0.070312 0.437500 0.082031 0.437500 0.085938 0.421875 0.105469 0.417969 0.109375 0.398438 0.113281 0.394531 0.113281 0.390625 0.109375 0.386719 0.105469 0.378906 0.074219 0.375000 0.070312 0.378906 0.066406
0 0.546875 0.398438 0.550781 0.402344 0.554688 0.402344 0.554688 0.414062 0.558594 0.417969 0.546875 0.464844 0.546875 0.468750 0.527344 0.468750 0.523438 0.468750 0.519531 0.472656 0.515625 0.476562 0.503906 0.476562 0.500000 0.480469 0.484375 0.480469 0.480469 0.480469 0.468750 0.472656 0.464844 0.468750 0.449219 0.468750 0.445312 0.468750 0.433594 0.476562 0.429688 0.472656 0.433594 0.460938 0.437500 0.457031 0.468750 0.457031 0.472656 0.457031 0.503906 0.414062 0.507812 0.410156 0.546875 0.398438
0 0.234375 0.406250 0.261719 0.410156 0.265625 0.410156 0.281250 0.425781 0.285156 0.429688 0.296875 0.453125 0.300781 0.457031 0.300781 0.468750 0.300781 0.472656 0.273438 0.511719 0.273438 0.515625 0.265625 0.523438 0.261719 0.527344 0.246094 0.527344 0.242188 0.531250 0.171875 0.511719 0.167969 0.507812 0.167969 0.433594 0.167969 0.429688 0.175781 0.421875 0.175781 0.417969 0.187500 0.414062 0.191406 0.410156 0.210938 0.410156 0.214844 0.414062 0.234375 0.406250
0 0.000000 0.255272 0.000292 0.255272 0.016539 0.273144 0.018164 0.286142 0.021413 0.287766 0.021413 0.300764 0.013290 0.308887 0.005166 0.312137 0.000000 0.312137
0 0.053907 0.170788 0.034411 0.156165 0.023038 0.143168 0.023038 0.118797 0.034411 0.099301 0.039285 0.096051 0.050658 0.094427 0.057157 0.097676 0.063656 0.105800 0.065280 0.122046 0.068530 0.131795 0.068530 0.165914 0.066905 0.167538
0 0.702165 0.438864 0.694041 0.422617 0.694041 0.411244 0.702165 0.401496 0.710288 0.396622 0.720037 0.394997 0.750906 0.396622 0.763904 0.401496 0.780151 0.417743 0.780151 0.427491 0.778526 0.429116 0.765529 0.429116 0.754155 0.433990 0.720037 0.433990 0.715162 0.435614
0 0.931248 0.546095 0.945871 0.526598 0.952370 0.526598 0.958868 0.521724 0.962118 0.508726 0.965367 0.503852 0.966992 0.494104 0.975115 0.485980 0.978365 0.485980 0.984864 0.481106 0.999486 0.481106 1.000000 0.481278 1.000000 0.560973 0.976740 0.576964 0.939372 0.576964 0.934498 0.575339 0.927999 0.570465 0.927999 0.559092
0 0.811020 0.523349 0.799647 0.516850 0.789899 0.503852 0.789899 0.489230 0.791524 0.484356 0.804521 0.481106 0.809395 0.477857 0.812645 0.477857 0.815894 0.474607 0.824018 0.474607 0.827267 0.469734 0.827267 0.433990 0.835391 0.429116 0.853263 0.429116 0.854887 0.427491 0.864636 0.427491 0.872759 0.435614 0.877633 0.455111 0.877633 0.461610 0.880882 0.464859 0.880882 0.469734 0.884132 0.472983 0.884132 0.497354 0.882507 0.505477 0.872759 0.511976 0.858137 0.515225 0.848388 0.515225 0.825643 0.523349
0 0.620930 0.552593 0.606307 0.555843 0.596559 0.555843 0.586811 0.536346 0.586811 0.518475 0.611181 0.513600 0.630678 0.513600 0.637177 0.518475 0.640426 0.526598 0.640426 0.539596 0.635552 0.550969
0 1.000000 0.060972 0.991362 0.060308 0.973491 0.047310 0.953994 0.044061 0.945871 0.035937 0.942621 0.029438 0.942621 0.019690 0.947495 0.016441 0.957244 0.011566 1.000000 0.011566
0 0.947495 0.325135 0.927999 0.321885 0.923125 0.317011 0.923125 0.304014 0.934498 0.294265 0.936123 0.289391 0.936123 0.276393 0.939372 0.269895 0.960493 0.268270 0.963743 0.271520 0.970241 0.289391 0.983239 0.305638 0.983239 0.308887 0.988113 0.315386 0.991362 0.328384 0.989738 0.334883 0.975115 0.334883 0.965367 0.330009 0.963743 0.326759 0.960493 0.326759
0 0.737909 0.393372 0.711913 0.394997 0.711913 0.391748 0.708664 0.388498 0.710288 0.383624 0.713538 0.381999 0.715162 0.373876 0.718412 0.372251 0.718412 0.364128 0.721661 0.362503 0.724911 0.356004 0.750906 0.356004 0.754155 0.365752 0.754155 0.380375 0.749281 0.385249
0 0.651799 0.255272 0.666421 0.227652 0.666421 0.224403 0.672920 0.214655 0.672920 0.204907 0.671296 0.198408 0.668046 0.195158 0.661547 0.191909 0.637177 0.191909 0.627429 0.203282 0.624179 0.204907 0.611181 0.204907 0.604682 0.209780 0.598184 0.211405 0.596559 0.214655 0.596559 0.229277 0.599809 0.245524 0.604682 0.256897 0.604682 0.287766 0.611181 0.297515 0.620930 0.302389 0.627429 0.302389 0.635552 0.289391 0.642051 0.271520 0.642051 0.265021
0 0.289490 0.409619 0.286240 0.388498 0.282991 0.386873 0.281366 0.380375 0.276492 0.373876 0.276492 0.370627 0.273243 0.369002 0.273243 0.364128 0.266744 0.357629 0.266744 0.338132 0.263495 0.333258 0.263495 0.317011 0.269993 0.304014 0.273243 0.302389 0.278117 0.294265 0.284616 0.291016 0.294364 0.291016 0.297613 0.289391 0.307362 0.291016 0.308986 0.294265 0.308986 0.320261 0.307362 0.321885 0.307362 0.326759 0.300863 0.336507 0.297613 0.338132 0.297613 0.364128 0.300863 0.370627 0.302488 0.380375 0.302488 0.398246 0.299238 0.399871
0 0.952370 0.973392 0.937747 0.971767 0.932873 0.968518 0.929624 0.968518 0.926374 0.962019 0.918251 0.957145 0.915001 0.957145 0.903629 0.949021 0.900379 0.949021 0.900379 0.942523 0.903629 0.939273 0.910127 0.937648 0.945871 0.937648 0.947495 0.934399 0.955619 0.934399 0.958868 0.939273 0.958868 0.958770
0 0.402878 1.000000 0.401595 0.971767 0.399970 0.960395 0.396720 0.958770 0.398345 0.936024 0.399970 0.929525 0.403219 0.926276 0.406468 0.911653 0.408093 0.880784 0.409718 0.875910 0.424340 0.862912 0.448711 0.862912 0.466583 0.874285 0.466583 0.905154 0.461709 0.919777 0.456834 0.927900 0.456834 1.000000
0 0.486079 0.908404 0.482830 0.895406 0.482830 0.877534 0.477955 0.871036 0.477955 0.867786 0.484454 0.861287 0.512074 0.859663 0.515324 0.856413 0.528321 0.851539 0.554317 0.851539 0.560816 0.854789 0.560816 0.869411 0.559191 0.872660 0.547818 0.879159 0.536445 0.880784 0.529946 0.885658 0.516948 0.890532 0.499077 0.905154
0 0.755436 0.348145 0.742926 0.349282 0.732691 0.344733 0.701984 0.340184 0.701984 0.301516 0.709945 0.298104 0.730416 0.299241 0.740652 0.308339 0.746338 0.316301 0.759986 0.319713 0.765672 0.326536 0.766809 0.342459 0.764535 0.344733
0 0.786428 0.123605 0.757618 0.120816 0.741818 0.105946 0.739030 0.088288 0.734383 0.075277 0.724160 0.063195 0.724160 0.056689 0.726019 0.055760 0.759476 0.061336 0.786428 0.069701 0.838473 0.104088 0.840332 0.106876 0.832897 0.119887 0.794793 0.121746
0 0.194140 0.282956 0.191282 0.268670 0.188425 0.267718 0.188425 0.259146 0.186521 0.257241 0.194140 0.251527 0.202711 0.251527 0.206521 0.259146 0.206521 0.271528 0.211283 0.282956 0.210330 0.284861 0.201759 0.284861
