0 1.000000 0.000000 1.000000 0.053594 0.916260 0.000000
0 1.000000 0.972656 0.992188 0.988281 0.992188 0.992188 0.984375 1.000000 0.984375 1.000000 0.960938 1.000000 0.960938 1.000000 0.957031 0.996094 0.953125 0.945312 0.949219 0.941406 0.953125 0.886719 0.953125 0.882812 0.980469 0.722656 0.980469 0.718750 1.000000 0.669922
0 0.453125 0.699219 0.511719 0.703125 0.515625 0.703125 0.539062 0.710938 0.542969 0.710938 0.613281 0.746094 0.617188 0.750000 0.648438 0.757812 0.652344 0.757812 0.671875 0.773438 0.675781 0.773438 0.695312 0.792969 0.699219 0.796875 0.722656 0.855469 0.726562 0.859375 0.746094 0.953125 0.746094 0.957031 0.726562 0.988281 0.726562 0.992188 0.717187 1.000000 0.186198 1.000000 0.191406 0.921875 0.191406 0.917969 0.242188 0.867188 0.246094 0.863281 0.261719 0.824219 0.261719 0.820312 0.281250 0.796875 0.285156 0.792969 0.300781 0.761719 0.304688 0.757812 0.355469 0.734375 0.359375 0.730469 0.394531 0.722656 0.398438 0.722656 0.417969 0.710938 0.421875 0.707031 0.453125 0.699219
0 0.523438 0.000000 0.523438 0.003906 0.519531 0.007812 0.484375 0.011719 0.480469 0.011719 0.472656 0.015625 0.468750 0.019531 0.460938 0.035156 0.457031 0.039062 0.441406 0.035156 0.437500 0.035156 0.414062 0.007812 0.414062 0.003906 0.408594 0.000000
0 0.637240 0.000000 0.636719 0.007812 0.636719 0.011719 0.625000 0.023438 0.621094 0.027344 0.562500 0.015625 0.558594 0.015625 0.546875 0.000000
0 1.000000 0.636719 0.992188 0.644531 0.988281 0.648438 0.972656 0.648438 0.968750 0.648438 0.941406 0.621094 0.937500 0.617188 0.855469 0.500000 0.851562 0.496094 0.851562 0.488281 0.851562 0.484375 0.871094 0.476562 0.875000 0.472656 0.964844 0.464844 0.968750 0.460938 1.000000 0.460938
0 0.133138 0.000000 0.132812 0.003906 0.132812 0.007812 0.105469 0.046875 0.101562 0.050781 0.101562 0.058594 0.101562 0.062500 0.109375 0.085938 0.113281 0.089844 0.113281 0.144531 0.113281 0.148438 0.136719 0.175781 0.140625 0.179688 0.148438 0.273438 0.148438 0.277344 0.136719 0.312500 0.136719 0.316406 0.113281 0.328125 0.109375 0.332031 0.085938 0.324219 0.082031 0.324219 0.015625 0.269531 0.011719 0.265625 0.003906 0.265625 0.000000 0.265625 0.000000 0.000000
0 0.171875 0.375000 0.265625 0.375000 0.269531 0.375000 0.281250 0.390625 0.285156 0.394531 0.285156 0.410156 0.285156 0.414062 0.312500 0.476562 0.316406 0.480469 0.316406 0.554688 0.316406 0.558594 0.269531 0.593750 0.265625 0.597656 0.238281 0.605469 0.234375 0.609375 0.199219 0.609375 0.195312 0.609375 0.164062 0.589844 0.160156 0.585938 0.136719 0.578125 0.132812 0.578125 0.125000 0.562500 0.121094 0.558594 0.105469 0.500000 0.101562 0.496094 0.101562 0.480469 0.101562 0.476562 0.121094 0.433594 0.125000 0.429688 0.128906 0.402344 0.128906 0.398438 0.171875 0.375000
0 0.964844 0.656250 0.988281 0.660156 0.992188 0.660156 0.992188 0.683594 0.992188 0.687500 0.980469 0.707031 0.980469 0.710938 0.972656 0.714844 0.968750 0.718750 0.937500 0.718750 0.933594 0.718750 0.906250 0.734375 0.902344 0.734375 0.863281 0.714844 0.859375 0.714844 0.851562 0.707031 0.847656 0.707031 0.843750 0.695312 0.839844 0.691406 0.843750 0.667969 0.847656 0.664062 0.902344 0.667969 0.906250 0.667969 0.964844 0.656250
0 0.933594 0.660156 0.988281 0.664062 0.992188 0.667969 0.980469 0.710938 0.976562 0.714844 0.976562 0.738281 0.976562 0.742188 0.964844 0.785156 0.964844 0.789062 0.957031 0.800781 0.953125 0.804688 0.925781 0.800781 0.921875 0.800781 0.914062 0.789062 0.910156 0.785156 0.906250 0.746094 0.906250 0.742188 0.855469 0.714844 0.851562 0.714844 0.843750 0.703125 0.839844 0.699219 0.843750 0.667969 0.847656 0.664062 0.898438 0.667969 0.902344 0.667969 0.933594 0.660156
0 0.742188 0.363281 0.765625 0.367188 0.769531 0.367188 0.785156 0.382812 0.789062 0.386719 0.792969 0.402344 0.796875 0.406250 0.796875 0.449219 0.792969 0.453125 0.742188 0.449219 0.738281 0.445312 0.718750 0.390625 0.718750 0.386719 0.722656 0.378906 0.722656 0.375000 0.742188 0.363281
0 0.738281 0.367188 0.761719 0.367188 0.765625 0.367188 0.785156 0.386719 0.789062 0.390625 0.800781 0.484375 0.800781 0.488281 0.769531 0.535156 0.765625 0.539062 0.753906 0.628906 0.753906 0.632812 0.742188 0.644531 0.738281 0.648438 0.710938 0.656250 0.707031 0.656250 0.691406 0.667969 0.687500 0.671875 0.675781 0.671875 0.671875 0.671875 0.648438 0.648438 0.644531 0.644531 0.628906 0.562500 0.628906 0.558594 0.644531 0.527344 0.648438 0.523438 0.656250 0.519531 0.660156 0.519531 0.707031 0.472656 0.710938 0.468750 0.734375 0.457031 0.738281 0.453125 0.726562 0.406250 0.722656 0.402344 0.722656 0.386719 0.722656 0.382812 0.738281 0.367188
0 0.460938 0.308594 0.480469 0.308594 0.484375 0.308594 0.527344 0.339844 0.531250 0.343750 0.539062 0.382812 0.542969 0.386719 0.539062 0.406250 0.539062 0.410156 0.531250 0.417969 0.527344 0.421875 0.496094 0.425781 0.492188 0.425781 0.457031 0.410156 0.453125 0.406250 0.445312 0.378906 0.441406 0.375000 0.441406 0.335938 0.441406 0.332031 0.460938 0.308594
0 0.808594 0.992188 0.824219 1.000000 0.797656 1.000000 0.808594 0.992188
0 1.000000 1.000000 0.990234 1.000000 1.000000 0.980469 1.000000 0.980469
0 0.277344 0.769531 0.285156 0.769531 0.289062 0.769531 0.292969 0.777344 0.292969 0.781250 0.265625 0.812500 0.261719 0.816406 0.238281 0.867188 0.238281 0.871094 0.195312 0.906250 0.191406 0.910156 0.183594 0.941406 0.179688 0.945312 0.070312 0.902344 0.066406 0.898438 0.066406 0.886719 0.066406 0.882812 0.089844 0.863281 0.093750 0.859375 0.191406 0.808594 0.195312 0.804688 0.277344 0.769531
0 0.320312 0.187500 0.398438 0.195312 0.402344 0.195312 0.421875 0.210938 0.421875 0.214844 0.390625 0.242188 0.386719 0.246094 0.328125 0.253906 0.324219 0.253906 0.308594 0.238281 0.304688 0.234375 0.304688 0.226562 0.300781 0.222656 0.304688 0.203125 0.304688 0.199219 0.320312 0.187500
0 0.789062 0.687500 0.804688 0.699219 0.808594 0.699219 0.824219 0.718750 0.828125 0.722656 0.824219 0.734375 0.824219 0.738281 0.808594 0.753906 0.804688 0.757812 0.761719 0.769531 0.757812 0.773438 0.730469 0.773438 0.726562 0.773438 0.707031 0.757812 0.703125 0.753906 0.691406 0.734375 0.687500 0.730469 0.687500 0.699219 0.691406 0.695312 0.773438 0.699219 0.777344 0.699219 0.789062 0.687500
0 0.769531 0.667969 0.785156 0.671875 0.789062 0.671875 0.796875 0.679688 0.800781 0.683594 0.800781 0.687500 0.800781 0.691406 0.820312 0.714844 0.824219 0.718750 0.824219 0.730469 0.824219 0.734375 0.804688 0.753906 0.800781 0.757812 0.761719 0.769531 0.757812 0.773438 0.734375 0.773438 0.730469 0.773438 0.699219 0.750000 0.695312 0.746094 0.679688 0.703125 0.679688 0.699219 0.683594 0.695312 0.687500 0.691406 0.734375 0.691406 0.738281 0.691406 0.750000 0.675781 0.753906 0.671875 0.769531 0.667969
0 0.859375 0.390625 0.863281 0.390625 0.867188 0.390625 0.906250 0.425781 0.910156 0.429688 0.914062 0.437500 0.917969 0.441406 0.917969 0.457031 0.917969 0.460938 0.847656 0.480469 0.843750 0.484375 0.816406 0.468750 0.812500 0.464844 0.812500 0.449219 0.812500 0.445312 0.835938 0.425781 0.839844 0.421875 0.851562 0.398438 0.851562 0.394531 0.859375 0.390625
0 0.867188 0.539062 0.886719 0.546875 0.890625 0.550781 0.937500 0.617188 0.941406 0.621094 0.941406 0.636719 0.937500 0.640625 0.898438 0.636719 0.894531 0.636719 0.843750 0.593750 0.839844 0.589844 0.839844 0.562500 0.839844 0.558594 0.867188 0.539062
0 0.904297 0.000000 0.917969 0.007812 0.921875 0.007812 1.000000 0.062500 1.000000 0.062500 1.000000 0.167969 0.980469 0.167969 0.976562 0.167969 0.964844 0.160156 0.960938 0.156250 0.953125 0.132812 0.949219 0.128906 0.925781 0.121094 0.921875 0.117188 0.910156 0.074219 0.910156 0.070312 0.875000 0.019531 0.871094 0.015625 0.871094 0.000000 0.871094 0.000000
0 0.820312 0.070312 0.828125 0.070312 0.832031 0.070312 0.843750 0.093750 0.847656 0.097656 0.855469 0.152344 0.855469 0.156250 0.863281 0.160156 0.867188 0.164062 0.921875 0.171875 0.925781 0.175781 0.933594 0.214844 0.933594 0.218750 0.921875 0.242188 0.917969 0.246094 0.902344 0.250000 0.898438 0.253906 0.843750 0.253906 0.839844 0.253906 0.804688 0.242188 0.800781 0.238281 0.777344 0.144531 0.777344 0.140625 0.796875 0.125000 0.800781 0.121094 0.808594 0.085938 0.808594 0.082031 0.820312 0.070312
0 0.511719 0.437500 0.550781 0.449219 0.554688 0.453125 0.582031 0.453125 0.585938 0.453125 0.609375 0.492188 0.613281 0.496094 0.617188 0.519531 0.621094 0.523438 0.621094 0.574219 0.621094 0.578125 0.617188 0.601562 0.617188 0.605469 0.605469 0.617188 0.601562 0.621094 0.597656 0.636719 0.597656 0.640625 0.566406 0.644531 0.562500 0.644531 0.539062 0.636719 0.535156 0.636719 0.519531 0.644531 0.515625 0.648438 0.488281 0.648438 0.484375 0.648438 0.480469 0.644531 0.476562 0.640625 0.437500 0.636719 0.433594 0.636719 0.371094 0.613281 0.367188 0.613281 0.363281 0.589844 0.363281 0.585938 0.406250 0.562500 0.410156 0.558594 0.453125 0.550781 0.457031 0.550781 0.472656 0.558594 0.476562 0.562500 0.488281 0.562500 0.492188 0.562500 0.500000 0.554688 0.503906 0.550781 0.511719 0.519531 0.511719 0.515625 0.503906 0.503906 0.500000 0.500000 0.484375 0.492188 0.480469 0.488281 0.472656 0.468750 0.472656 0.464844 0.476562 0.453125 0.480469 0.449219 0.511719 0.437500
0 0.929688 0.863281 0.937500 0.871094 0.941406 0.875000 0.941406 0.898438 0.941406 0.902344 0.917969 0.976562 0.917969 0.980469 0.886719 1.000000 0.886719 1.000000 0.852865 1.000000 0.847656 0.996094 0.843750 0.992188 0.855469 0.925781 0.855469 0.921875 0.894531 0.886719 0.898438 0.882812 0.929688 0.863281
0 0.000000 0.820312 0.042969 0.835938 0.046875 0.839844 0.039062 0.878906 0.039062 0.882812 0.062500 0.914062 0.066406 0.917969 0.070312 0.941406 0.070312 0.945312 0.085938 0.984375 0.085938 0.988281 0.097656 0.996094 0.101562 0.996094 0.104818 1.000000 0.000000 1.000000 0.000000 0.820312
