0 0.324942 0.148207 0.338947 0.148477 0.342816 0.150555 0.342450 0.155678 0.335905 0.163325 0.338118 0.166164 0.340604 0.167737 0.340138 0.172587 0.330872 0.171186 0.328276 0.164673 0.327543 0.160245 0.322727 0.154293 0.321150 0.151896 0.322101 0.150389
0 0.260591 0.151495 0.265775 0.151507 0.275737 0.153800 0.279045 0.155935 0.278512 0.163892 0.278564 0.167603 0.277052 0.169935 0.270799 0.168659 0.266997 0.168373 0.263833 0.165599 0.262518 0.163112 0.260708 0.161302 0.259627 0.158621 0.258364 0.157005 0.259131 0.153583
0 0.352718 0.319549 0.351922 0.328081 0.342035 0.329980 0.334642 0.327504 0.338374 0.319305 0.343943 0.314027 0.350133 0.314322
0 0.248280 0.218643 0.239739 0.218002 0.240237 0.211639 0.249656 0.208125 0.251361 0.201073 0.254241 0.200786 0.263643 0.204429 0.266618 0.204691 0.271330 0.207142 0.274410 0.207474 0.282386 0.212817 0.275044 0.218848 0.272044 0.221848 0.268513 0.222903 0.256205 0.220651
0 0.180640 0.331239 0.185905 0.327716 0.186655 0.327357 0.186977 0.326480 0.188969 0.324487 0.193215 0.323405 0.196329 0.327941 0.192434 0.329738 0.192058 0.329759 0.192108 0.330047 0.203767 0.330373 0.207010 0.331586 0.213258 0.332541 0.218700 0.339624 0.226579 0.342992 0.234996 0.344026 0.235817 0.350780 0.230799 0.351846 0.221980 0.351681 0.215418 0.350561 0.209375 0.350370 0.204810 0.348446 0.200462 0.347222 0.195635 0.340992 0.193679 0.339596 0.187418 0.340527 0.180145 0.340827 0.178203 0.339706 0.177957 0.335919
0 0.428042 0.217749 0.435921 0.222248 0.433668 0.226495 0.432066 0.230831 0.421581 0.227666 0.422858 0.220241 0.424484 0.217348
0 0.278667 0.244772 0.282698 0.245599 0.289150 0.245157 0.293080 0.246753 0.296975 0.246385 0.297365 0.252924 0.294058 0.255059 0.291630 0.256538 0.288726 0.260968 0.283218 0.264132 0.279851 0.264108 0.277812 0.260289 0.281169 0.253456 0.277688 0.253256 0.272589 0.254103 0.270245 0.256345 0.263904 0.253559 0.261600 0.251821 0.258843 0.246827 0.259514 0.246160 0.260167 0.241248 0.261423 0.236975 0.266275 0.232762 0.271159 0.231042 0.274183 0.238363 0.272966 0.242045
0 0.512895 0.642945 0.520918 0.636000 0.527981 0.636046 0.528452 0.644743 0.530059 0.646871 0.529813 0.647216 0.530450 0.648043 0.528562 0.649150 0.527040 0.649951 0.526260 0.650730 0.519334 0.650339 0.513050 0.647221
0 0.628388 0.400919 0.632192 0.403161 0.628221 0.405359 0.621305 0.410571 0.612813 0.409790 0.610703 0.405864 0.610034 0.405600 0.610127 0.405485 0.610111 0.404861 0.610034 0.404819 0.609213 0.401756 0.616213 0.401523 0.622483 0.401416 0.623231 0.401606
0 0.548167 0.337052 0.552220 0.334161 0.558973 0.335193 0.563575 0.343407 0.568942 0.341724 0.568305 0.341234 0.568305 0.336569 0.572272 0.336386 0.572318 0.336157 0.580534 0.339926 0.582046 0.342649 0.572557 0.347760 0.570560 0.358861 0.567694 0.362469 0.559112 0.358614 0.560334 0.351633 0.558925 0.344244 0.549919 0.340437
0 0.662804 0.512224 0.669328 0.515734 0.669551 0.518175 0.669990 0.519524 0.669686 0.524912 0.669690 0.528429 0.667017 0.531026 0.661175 0.528377 0.656201 0.528091 0.654299 0.525368 0.658610 0.521017 0.659287 0.518779 0.658545 0.517154 0.655381 0.512528 0.659998 0.511952
0 0.442552 0.764575 0.447038 0.761585 0.452405 0.767343 0.447296 0.771755 0.445073 0.777448 0.435370 0.776316 0.433417 0.765791 0.438054 0.769975
0 0.453283 0.692195 0.460832 0.695232 0.460832 0.702552 0.458109 0.704454 0.450738 0.702201 0.449723 0.698776 0.446175 0.698377 0.444325 0.693506 0.446136 0.687502 0.448014 0.686216 0.453351 0.683699 0.457011 0.683556 0.457011 0.687440 0.456263 0.687726
0 0.142596 0.754053 0.147909 0.753396 0.151453 0.753703 0.152532 0.754611 0.156608 0.755320 0.157824 0.759376 0.158457 0.764663 0.157646 0.776129 0.155771 0.779573 0.148117 0.776268 0.145020 0.773896 0.139971 0.766982 0.142750 0.764524 0.144307 0.761065 0.142326 0.756839
0 0.045265 0.382468 0.058945 0.381943 0.061875 0.380719 0.070418 0.381410 0.072645 0.385451 0.084871 0.386879 0.086773 0.389602 0.085875 0.390499 0.085966 0.391127 0.085666 0.392248 0.084885 0.394983 0.084064 0.395804 0.078657 0.394592 0.078887 0.391401 0.071054 0.391401 0.069285 0.397754 0.063302 0.398709 0.062970 0.398929 0.060728 0.398929 0.057278 0.392744 0.056530 0.391444 0.053281 0.391453 0.043187 0.389383
0 0.222996 0.493888 0.226789 0.490032 0.234845 0.489557 0.237829 0.491654 0.245407 0.488216 0.254521 0.479157 0.261490 0.480368 0.261490 0.485736 0.257154 0.490072 0.253039 0.489499 0.249629 0.497700 0.250552 0.503704 0.245435 0.506478 0.236552 0.506869 0.230918 0.495810
0 0.122355 0.469105 0.129452 0.466807 0.130933 0.457168 0.135910 0.456778 0.139869 0.459994 0.142601 0.460384 0.148514 0.463132 0.151093 0.465360 0.146507 0.469555 0.144062 0.470829 0.141418 0.475856 0.137132 0.479321 0.130503 0.478200 0.128506 0.473348 0.121949 0.472771
0 0.089392 0.481762 0.095757 0.477059 0.103462 0.478925 0.104757 0.472120 0.109770 0.471755 0.122158 0.473421 0.128725 0.486663 0.128053 0.488385 0.128527 0.488848 0.125650 0.495280 0.125243 0.502687 0.121569 0.504867 0.112732 0.504350 0.106144 0.501424 0.101634 0.496930 0.098608 0.490021 0.091241 0.484775
0 0.979675 0.373067 0.995853 0.373296 0.995273 0.380025 0.999094 0.388676 0.994134 0.393850 0.996329 0.394567 0.996344 0.398752 0.988248 0.396944 0.981241 0.394217 0.974384 0.392432 0.969061 0.387667 0.969391 0.384030 0.973291 0.383752 0.979093 0.382175 0.973106 0.374274
0 0.575902 0.400826 0.577691 0.397560 0.582431 0.394734 0.590388 0.394486 0.592877 0.394734 0.597604 0.399852 0.597213 0.406782 0.594490 0.407798 0.588101 0.408256 0.587017 0.412680 0.584775 0.412680 0.583173 0.408735 0.581858 0.404686 0.578751 0.401969 0.577487 0.401884
0 0.380479 0.455471 0.394283 0.461243 0.394283 0.463485 0.392473 0.464905 0.389618 0.469503 0.387803 0.471909 0.384573 0.472002 0.380491 0.471570 0.377490 0.468726 0.374594 0.465637 0.374404 0.464289 0.370331 0.458134 0.368680 0.455228 0.371924 0.454875 0.375071 0.455371
0 0.564973 0.487350 0.571638 0.484768 0.576326 0.484377 0.580100 0.482126 0.581846 0.476084 0.588158 0.476639 0.591158 0.477686 0.587213 0.484655 0.584045 0.486620 0.585689 0.493600 0.577304 0.498470 0.575830 0.500671 0.569345 0.500671 0.561254 0.493125 0.560115 0.493070 0.558017 0.492821 0.558748 0.488247 0.561091 0.488742 0.563260 0.488580
0 0.196986 0.266393 0.200904 0.266266 0.210850 0.266266 0.215232 0.266598 0.216142 0.270995 0.216604 0.274500 0.215223 0.278779 0.212843 0.280901 0.210142 0.281130 0.201175 0.281409 0.199334 0.281034 0.193314 0.281105 0.186390 0.277987 0.192261 0.271168 0.193901 0.268334
0 0.458948 0.302341 0.454534 0.310105 0.445156 0.310782 0.441811 0.307436 0.439062 0.301132 0.443060 0.297485 0.445878 0.297943 0.446622 0.297753 0.451896 0.297805 0.454384 0.298054 0.455551 0.299516 0.456592 0.299686
0 0.554420 0.278336 0.562887 0.276766 0.564755 0.277837 0.569958 0.279540 0.569633 0.284293 0.572653 0.284579 0.577771 0.290766 0.573434 0.293931 0.568993 0.294179 0.564945 0.298123 0.559864 0.298619 0.558757 0.295950 0.558014 0.287107 0.556309 0.285298 0.554338 0.280853
0 0.624987 0.211154 0.633370 0.214475 0.632341 0.214516 0.632458 0.214696 0.632744 0.216154 0.632691 0.217055 0.633506 0.218613 0.633930 0.219333 0.633900 0.219461 0.635493 0.224411 0.635193 0.227876 0.633773 0.229296 0.632458 0.231392 0.629684 0.234166 0.621727 0.234804 0.617286 0.234947 0.616165 0.233005 0.617286 0.231063 0.618085 0.230668 0.618460 0.224327 0.616555 0.221286 0.621923 0.218654 0.622500 0.218692 0.623442 0.213267
0 0.527205 0.243655 0.528570 0.242250 0.531945 0.235900 0.534184 0.234832 0.534882 0.234425 0.539300 0.230670 0.546192 0.231108 0.549213 0.232054 0.550009 0.233767 0.550226 0.234235 0.551426 0.234037 0.553368 0.237400 0.552174 0.238429 0.553823 0.241980 0.549907 0.248603 0.547137 0.253290 0.542068 0.253290 0.536785 0.250083 0.533071 0.249138 0.531502 0.247568 0.528428 0.245738
0 0.746379 0.235353 0.745558 0.233603 0.742065 0.233225 0.742065 0.229342 0.745988 0.229625 0.746759 0.228643 0.750551 0.226615 0.752618 0.224736 0.755984 0.223888 0.757607 0.222905 0.759643 0.220357 0.761234 0.220027 0.762151 0.219100 0.767607 0.219118 0.766213 0.222893 0.765180 0.228130 0.762672 0.230573 0.760043 0.231250 0.755641 0.234089 0.748712 0.235838
0 1.000000 0.000000 1.000000 0.280274 0.997270 0.277714 0.990577 0.264329 0.976024 0.245871 0.957832 0.228758 0.951059 0.219845 0.946418 0.219427 0.944855 0.224895 0.930402 0.219036 0.927277 0.217083 0.924966 0.214812 0.924928 0.214701 0.925180 0.211991 0.925324 0.210442 0.922199 0.201848 0.911262 0.193645 0.903840 0.189348 0.901887 0.184661 0.897199 0.182708 0.883527 0.183098 0.884309 0.180364 0.877668 0.180364 0.875324 0.177630 0.867512 0.176848 0.865559 0.172942 0.863215 0.169427 0.859699 0.167473 0.855402 0.167473 0.854554 0.168699 0.851887 0.172552 0.845188 0.171846 0.841340 0.169036 0.833541 0.167912 0.830378 0.166741 0.815717 0.159570 0.815227 0.159303 0.812043 0.155364 0.810417 0.155877 0.810211 0.155917 0.803840 0.155364 0.796027 0.163567 0.791730 0.164739 0.781968 0.154995 0.773320 0.144290 0.662396 0.021089 0.671771 0.015230 0.676459 0.004293 0.692084 0.003511 0.692145 0.000000
