0 0.654303 0.675646 0.663366 0.681444 0.666871 0.691360 0.666873 0.698702 0.664932 0.716864 0.662275 0.730604 0.655365 0.746866 0.653021 0.749774 0.635702 0.761314 0.620259 0.769398 0.606947 0.772234 0.588428 0.781956 0.581243 0.786791 0.577864 0.787180 0.573175 0.791212 0.573050 0.788976 0.560920 0.784348 0.552949 0.777479 0.551810 0.773842 0.553708 0.767376 0.557825 0.761592 0.563198 0.757274 0.572337 0.752943 0.567374 0.750404 0.560541 0.749192 0.557884 0.747171 0.556327 0.740231 0.557554 0.736802 0.564346 0.735433 0.575345 0.735453 0.589391 0.733432 0.595750 0.730916 0.598082 0.728027 0.604984 0.715414 0.616759 0.697623 0.623207 0.689144 0.627798 0.679602 0.634037 0.676428 0.647660 0.674030
0 0.274219 0.661388 0.269106 0.695321 0.268664 0.699163 0.267037 0.695148 0.270744 0.695909 0.274792 0.702150 0.280519 0.706737 0.291661 0.709251 0.295024 0.710904 0.296583 0.717995 0.293949 0.720416 0.287239 0.723192 0.285786 0.729979 0.274627 0.731809 0.264695 0.726771 0.249477 0.727085 0.241931 0.725937 0.231682 0.720828 0.230469 0.718750 0.203392 0.742606 0.187798 0.747041 0.144832 0.774897 0.121094 0.769531 0.123981 0.758552 0.143326 0.743696 0.164745 0.718649 0.180129 0.689904 0.183387 0.669397 0.189391 0.651845 0.207791 0.632755 0.232003 0.623676 0.255774 0.617947 0.274722 0.626794 0.281427 0.629999 0.292509 0.645441 0.299672 0.654325 0.301396 0.657714 0.309199 0.665997 0.313552 0.672252 0.316461 0.674697 0.323254 0.677866 0.328695 0.683203 0.332692 0.689446 0.331716 0.692573 0.328105 0.693345 0.320713 0.691739 0.310278 0.687099 0.304680 0.682039 0.298529 0.677645 0.293611 0.671823 0.287969 0.666755 0.275469 0.658246 0.273631 0.659301 0.275438 0.662607
0 1.000000 0.633934 0.995141 0.627824 0.984964 0.624507 0.986064 0.627820 0.972121 0.630854 0.972906 0.633783 0.979449 0.637486 0.989219 0.637333 0.997741 0.663027 0.965370 0.673836 0.962439 0.697557 0.919781 0.680636 0.897785 0.682368 0.895737 0.669004 0.908020 0.628244 0.897168 0.615288 0.854495 0.602839 0.854437 0.585621 0.878563 0.577745 0.906042 0.592146 0.953580 0.600880 0.988477 0.583917 0.981706 0.554144 1.000000 0.538989
0 1.000000 0.195871 0.984375 0.195312 0.980469 0.195312 0.972656 0.187500 0.968750 0.183594 0.964844 0.164062 0.964844 0.160156 0.976562 0.132812 0.980469 0.128906 0.984375 0.105469 0.984375 0.101562 1.000000 0.089844 1.000000 0.089844
0 0.949219 0.000000 1.000000 0.000000 1.000000 0.055990 0.992188 0.074219 0.992188 0.078125 0.980469 0.085938 0.976562 0.089844 0.968750 0.089844 0.964844 0.089844 0.960938 0.082031 0.957031 0.078125 0.949219 0.000000
0 0.000000 0.000000 0.359375 0.000000 0.359375 0.003906 0.312500 0.031250 0.308594 0.031250 0.257812 0.105469 0.257812 0.109375 0.242188 0.113281 0.238281 0.117188 0.074219 0.082031 0.070312 0.078125 0.003906 0.070312 0.000000 0.070312 0.000000 0.000000
0 0.484375 0.828125 0.503906 0.832031 0.507812 0.832031 0.511719 0.843750 0.515625 0.847656 0.519531 0.867188 0.523438 0.871094 0.523438 0.898438 0.523438 0.902344 0.550781 0.941406 0.554688 0.945312 0.554688 0.957031 0.558594 0.960938 0.550781 0.964844 0.546875 0.968750 0.527344 0.964844 0.523438 0.964844 0.496094 0.933594 0.496094 0.929688 0.457031 0.894531 0.453125 0.890625 0.449219 0.863281 0.449219 0.859375 0.468750 0.835938 0.472656 0.832031 0.484375 0.828125
0 0.402344 0.941406 0.421875 0.945312 0.425781 0.949219 0.429688 0.957031 0.433594 0.960938 0.429688 0.976562 0.429688 0.980469 0.404576 1.000000 0.332031 1.000000 0.332031 1.000000 0.363281 0.980469 0.367188 0.980469 0.402344 0.941406
0 0.164062 0.792969 0.199219 0.800781 0.203125 0.800781 0.207031 0.812500 0.210938 0.816406 0.210938 0.839844 0.210938 0.843750 0.191406 0.867188 0.187500 0.871094 0.140625 0.875000 0.136719 0.875000 0.117188 0.863281 0.113281 0.859375 0.105469 0.835938 0.105469 0.832031 0.164062 0.792969
0 0.639639 0.469264 0.668395 0.473688 0.670607 0.480324 0.688304 0.482536 0.701575 0.491384 0.701575 0.495808 0.705999 0.495808 0.723695 0.506868 0.732543 0.506868 0.736968 0.513504 0.752452 0.513504 0.754664 0.489172 0.743604 0.480324 0.736968 0.480324 0.734755 0.475900 0.725907 0.473688 0.725907 0.455992 0.721484 0.440508 0.701575 0.436084 0.686091 0.438296 0.670607 0.444932 0.663971 0.449356 0.655123 0.447144 0.635215 0.449356
0 0.690515 0.402904 0.714847 0.400692 0.714847 0.398480 0.723695 0.396268 0.723695 0.391844 0.728120 0.391844 0.728120 0.363088 0.717059 0.360876 0.714847 0.356452 0.705999 0.354240 0.703788 0.349816 0.699363 0.349816 0.694939 0.345392 0.681667 0.345392 0.675031 0.347604 0.668395 0.358664 0.668395 0.349816 0.661759 0.349816 0.652911 0.352028 0.644063 0.360876 0.644063 0.365300 0.639639 0.365300 0.637427 0.382996 0.641851 0.387420 0.639639 0.436084 0.661759 0.433872 0.668395 0.427236 0.679455 0.427236 0.679455 0.422812 0.688304 0.420600
0 0.608671 0.480324 0.617519 0.464840 0.617519 0.453780 0.610883 0.453780 0.608671 0.447144 0.608671 0.425024 0.602035 0.422812 0.602035 0.418388 0.597611 0.418388 0.593187 0.411752 0.566643 0.416176 0.555583 0.422812 0.537887 0.422812 0.537887 0.418388 0.515767 0.418388 0.511343 0.422812 0.511343 0.440508 0.531251 0.440508 0.531251 0.444932 0.537887 0.451568 0.537887 0.455992 0.542311 0.458204 0.542311 0.462628 0.555583 0.462628 0.564431 0.471476 0.577703 0.471476 0.584339 0.475900 0.590975 0.475900
0 0.449407 0.506868 0.475951 0.502444 0.475951 0.504656 0.493647 0.511292 0.495859 0.515716 0.502495 0.515716 0.506919 0.511292 0.506919 0.506868 0.542311 0.506868 0.560007 0.513504 0.566643 0.517928 0.566643 0.522352 0.573279 0.524564 0.573279 0.489172 0.568855 0.489172 0.568855 0.484748 0.555583 0.482536 0.555583 0.480324 0.542311 0.480324 0.542311 0.478112 0.526827 0.480324 0.524615 0.464840 0.520191 0.464840 0.520191 0.462628 0.502495 0.462628 0.502495 0.464840 0.495859 0.464840 0.493647 0.469264 0.460467 0.469264 0.449407 0.458204 0.449407 0.453780 0.442771 0.453780 0.442771 0.451568 0.425075 0.451568 0.422863 0.455992 0.407379 0.455992 0.405167 0.473688 0.436135 0.471476 0.442771 0.475900 0.442771 0.480324 0.447195 0.480324 0.447195 0.489172 0.444983 0.489172
0 0.438347 0.557744 0.436135 0.535624 0.422863 0.535624 0.420651 0.542260 0.407379 0.551108 0.396319 0.553320 0.396319 0.557744 0.380835 0.557744 0.360927 0.571016 0.349867 0.571016 0.349867 0.595348 0.316687 0.595348 0.316687 0.601984 0.323323 0.604196 0.323323 0.610832 0.327746 0.613045 0.329959 0.639589 0.334382 0.639589 0.334382 0.644012 0.338807 0.644012 0.338807 0.661709 0.343230 0.666132 0.343230 0.670557 0.363139 0.670557 0.365351 0.679405 0.374199 0.679405 0.378623 0.683829 0.394107 0.683829 0.394107 0.688253 0.411803 0.688253 0.416227 0.683829 0.416227 0.666132 0.429499 0.659496 0.429499 0.650648 0.431711 0.650648 0.429499 0.619680 0.436135 0.608620 0.436135 0.597561 0.440559 0.597561 0.440559 0.577652
0 0.227984 0.513919 0.268756 0.513919 0.265620 0.502942 0.265620 0.491965 0.276596 0.488829 0.278165 0.484124 0.287574 0.476284 0.290710 0.476284 0.290710 0.473147 0.295414 0.473147 0.303255 0.477852 0.303255 0.484124 0.325209 0.484124 0.331482 0.480988 0.337755 0.468443 0.340891 0.468443 0.340891 0.465306 0.350300 0.448057 0.356573 0.449625 0.361277 0.457466 0.365982 0.459034 0.365982 0.462170 0.372254 0.465306 0.375390 0.470011 0.386368 0.471579 0.387936 0.460602 0.391072 0.459034 0.392640 0.448057 0.384799 0.440216 0.384799 0.435511 0.380095 0.433943 0.375390 0.426103 0.362845 0.426103 0.359709 0.424534 0.359709 0.421398 0.355004 0.421398 0.351868 0.416694 0.345595 0.413557 0.329914 0.411989 0.320505 0.421398 0.317369 0.421398 0.315800 0.437080 0.311096 0.446489 0.286005 0.446489 0.286005 0.443352 0.275029 0.438648 0.271892 0.426103 0.282869 0.426103 0.287574 0.424534 0.287574 0.421398 0.290710 0.421398 0.296983 0.426103 0.306391 0.426103 0.311096 0.418262 0.315800 0.415125 0.322073 0.415125 0.325209 0.419830 0.333050 0.422966 0.336187 0.418262 0.336187 0.408853 0.333050 0.408853 0.333050 0.405716 0.314232 0.404148 0.312664 0.402580 0.289142 0.402580 0.279733 0.404148 0.279733 0.407285 0.267188 0.410421 0.260915 0.416694 0.254643 0.416694 0.249938 0.421398 0.237393 0.421398 0.234257 0.432375 0.234257 0.440216 0.232688 0.441784 0.232688 0.477852 0.209166 0.479420 0.209166 0.484124 0.206030 0.487261 0.207598 0.499806 0.213870 0.506079 0.234257 0.502942 0.238961 0.504510 0.240529 0.512351
0 0.268170 0.808511 0.261947 0.819400 0.261947 0.828734 0.266614 0.828734 0.268170 0.831846 0.272837 0.833401 0.313284 0.833401 0.316396 0.830290 0.319507 0.830290 0.331952 0.822512 0.324174 0.822512 0.328841 0.814734 0.327285 0.805400 0.324174 0.803844 0.321062 0.800732 0.311729 0.797621 0.308617 0.792954 0.293061 0.792954 0.291505 0.747840 0.289949 0.741618 0.286838 0.741618 0.285282 0.733839 0.282171 0.733839 0.279060 0.729172 0.274393 0.729172 0.265059 0.733839 0.257280 0.735395 0.252614 0.740062 0.232390 0.741618 0.227723 0.749396 0.226167 0.755618 0.226167 0.777398 0.219945 0.777398 0.224612 0.782064 0.233946 0.785176 0.238613 0.791398 0.241724 0.791398 0.246391 0.796066 0.247946 0.802288 0.254169 0.803844 0.254169 0.806955
0 0.244835 1.000000 0.244835 0.988967 0.202832 0.985856 0.195054 0.974966 0.257280 0.971855 0.249502 0.959410 0.258836 0.954743 0.275948 0.953187 0.289949 0.962521 0.300839 0.965632 0.321062 0.965632 0.325729 0.970299 0.330396 0.976522 0.330396 0.979633 0.322618 0.993634 0.322618 0.998301 0.319507 0.999857 0.319507 1.000000
0 0.321062 0.931408 0.317951 0.945409 0.307062 0.946964 0.305506 0.950076 0.300839 0.951631 0.313284 0.957854 0.375511 0.959410 0.375511 0.956298 0.380177 0.956298 0.383289 0.953187 0.386400 0.953187 0.389511 0.948520 0.394179 0.946964 0.394179 0.931408 0.389511 0.928296 0.353731 0.928296 0.355287 0.926741 0.369288 0.926741 0.370844 0.925185 0.372399 0.912740 0.369288 0.912740 0.366177 0.909629 0.353731 0.909629 0.352176 0.911184 0.307062 0.909629 0.316396 0.911184 0.321062 0.917407
0 0.464891 0.719221 0.484799 0.719221 0.498071 0.730281 0.502495 0.730281 0.502495 0.734705 0.513555 0.741341 0.531251 0.741341 0.533463 0.736917 0.537887 0.736917 0.537887 0.730281 0.544523 0.730281 0.544523 0.725857 0.548947 0.725857 0.546735 0.719221 0.537887 0.710373 0.522403 0.705949 0.520191 0.701525 0.504707 0.701525 0.504707 0.692677 0.502495 0.692677 0.498071 0.679405 0.493647 0.679405 0.493647 0.674980 0.487011 0.672769 0.482587 0.659496 0.475951 0.657284 0.475951 0.652861 0.467103 0.648436 0.444983 0.648436 0.440559 0.652861 0.440559 0.657284 0.433923 0.659496 0.431711 0.668345 0.422863 0.674980 0.422863 0.683829 0.456043 0.701525 0.460467 0.701525
