0 0.132812 0.156250 0.144531 0.156250 0.148438 0.156250 0.152344 0.164062 0.156250 0.167969 0.160156 0.210938 0.164062 0.214844 0.160156 0.250000 0.160156 0.253906 0.144531 0.273438 0.140625 0.277344 0.097656 0.308594 0.093750 0.312500 0.039062 0.339844 0.035156 0.343750 0.027344 0.339844 0.023438 0.339844 0.000000 0.317969 0.000000 0.239062 0.003906 0.238281 0.007812 0.238281 0.042969 0.214844 0.046875 0.214844 0.078125 0.179688 0.082031 0.175781 0.132812 0.156250
0 0.089844 0.320312 0.117188 0.328125 0.121094 0.332031 0.121094 0.367188 0.121094 0.371094 0.128906 0.406250 0.132812 0.410156 0.136719 0.468750 0.136719 0.472656 0.109375 0.480469 0.105469 0.484375 0.085938 0.484375 0.082031 0.488281 0.031250 0.484375 0.027344 0.484375 0.011719 0.472656 0.007812 0.468750 0.007812 0.425781 0.007812 0.421875 0.015625 0.394531 0.015625 0.390625 0.042969 0.339844 0.046875 0.335938 0.089844 0.320312
0 0.664062 0.000000 0.675781 0.011719 0.679688 0.015625 0.679688 0.035156 0.679688 0.039062 0.664062 0.066406 0.664062 0.070312 0.636719 0.097656 0.632812 0.101562 0.605469 0.101562 0.601562 0.101562 0.597656 0.085938 0.597656 0.082031 0.609375 0.070312 0.613281 0.066406 0.621094 0.042969 0.621094 0.039062 0.656605 0.000000
0 0.183594 0.636719 0.230469 0.640625 0.234375 0.644531 0.234375 0.660156 0.234375 0.664062 0.218750 0.683594 0.214844 0.687500 0.214844 0.695312 0.214844 0.699219 0.234375 0.722656 0.238281 0.726562 0.238281 0.738281 0.238281 0.742188 0.167969 0.757812 0.164062 0.757812 0.148438 0.769531 0.144531 0.769531 0.132812 0.761719 0.128906 0.761719 0.093750 0.726562 0.089844 0.722656 0.085938 0.707031 0.085938 0.703125 0.117188 0.664062 0.121094 0.660156 0.144531 0.648438 0.148438 0.644531 0.183594 0.636719
0 0.082031 0.578125 0.171875 0.578125 0.175781 0.578125 0.179688 0.582031 0.183594 0.585938 0.191406 0.628906 0.191406 0.632812 0.187500 0.636719 0.183594 0.640625 0.140625 0.652344 0.136719 0.652344 0.109375 0.675781 0.105469 0.675781 0.058594 0.632812 0.054688 0.628906 0.070312 0.589844 0.070312 0.585938 0.082031 0.578125
0 0.285156 0.757812 0.339844 0.769531 0.343750 0.769531 0.359375 0.785156 0.363281 0.789062 0.375000 0.847656 0.378906 0.851562 0.378906 0.882812 0.382812 0.886719 0.378906 0.937500 0.378906 0.941406 0.363281 0.953125 0.359375 0.957031 0.328125 0.960938 0.324219 0.960938 0.285156 0.921875 0.281250 0.917969 0.246094 0.906250 0.242188 0.902344 0.265625 0.781250 0.265625 0.777344 0.285156 0.757812
0 0.242188 0.902344 0.281250 0.921875 0.285156 0.921875 0.332031 0.968750 0.335938 0.972656 0.358724 1.000000 0.167535 1.000000 0.164062 0.968750 0.160156 0.964844 0.164062 0.960938 0.167969 0.957031 0.183594 0.960938 0.187500 0.964844 0.199219 0.960938 0.203125 0.960938 0.230469 0.914062 0.230469 0.910156 0.242188 0.902344
0 0.417969 0.695312 0.488281 0.703125 0.492188 0.707031 0.531250 0.703125 0.535156 0.699219 0.546875 0.718750 0.550781 0.722656 0.550781 0.738281 0.550781 0.742188 0.539062 0.750000 0.535156 0.753906 0.500000 0.765625 0.496094 0.769531 0.460938 0.769531 0.457031 0.769531 0.406250 0.781250 0.402344 0.785156 0.382812 0.785156 0.378906 0.785156 0.375000 0.777344 0.371094 0.773438 0.367188 0.746094 0.367188 0.742188 0.398438 0.707031 0.402344 0.703125 0.417969 0.695312
0 0.925781 0.441406 0.992188 0.445312 0.996094 0.445312 0.996094 0.500000 0.996094 0.503906 0.976562 0.507812 0.972656 0.511719 0.937500 0.511719 0.933594 0.511719 0.910156 0.507812 0.906250 0.507812 0.882812 0.496094 0.878906 0.496094 0.863281 0.476562 0.859375 0.472656 0.863281 0.457031 0.863281 0.453125 0.867188 0.449219 0.871094 0.445312 0.925781 0.441406
0 0.773438 0.406250 0.824219 0.414062 0.828125 0.414062 0.855469 0.441406 0.859375 0.445312 0.859375 0.468750 0.859375 0.472656 0.875000 0.492188 0.878906 0.496094 0.878906 0.503906 0.882812 0.507812 0.882812 0.554688 0.882812 0.558594 0.875000 0.585938 0.871094 0.589844 0.855469 0.593750 0.851562 0.593750 0.828125 0.582031 0.824219 0.582031 0.789062 0.531250 0.785156 0.527344 0.757812 0.460938 0.753906 0.457031 0.753906 0.433594 0.753906 0.429688 0.761719 0.417969 0.761719 0.414062 0.773438 0.406250
0 0.972656 0.515625 0.992188 0.515625 0.996094 0.515625 0.996094 0.699219 0.996094 0.703125 0.984375 0.691406 0.980469 0.687500 0.968750 0.632812 0.968750 0.628906 0.925781 0.558594 0.921875 0.554688 0.925781 0.527344 0.929688 0.523438 0.972656 0.515625
0 0.949219 0.605469 0.964844 0.621094 0.968750 0.625000 0.960938 0.648438 0.960938 0.652344 0.941406 0.675781 0.937500 0.679688 0.921875 0.714844 0.917969 0.718750 0.890625 0.718750 0.886719 0.718750 0.882812 0.691406 0.882812 0.687500 0.890625 0.675781 0.894531 0.671875 0.894531 0.656250 0.898438 0.652344 0.890625 0.632812 0.890625 0.628906 0.894531 0.625000 0.898438 0.621094 0.949219 0.605469
0 0.691406 0.351562 0.695312 0.351562 0.699219 0.351562 0.707031 0.363281 0.710938 0.367188 0.742188 0.382812 0.746094 0.386719 0.746094 0.425781 0.746094 0.429688 0.726562 0.460938 0.722656 0.464844 0.675781 0.460938 0.671875 0.460938 0.660156 0.472656 0.656250 0.476562 0.632812 0.480469 0.628906 0.480469 0.625000 0.476562 0.621094 0.472656 0.621094 0.460938 0.621094 0.457031 0.648438 0.445312 0.652344 0.441406 0.644531 0.378906 0.644531 0.375000 0.652344 0.367188 0.656250 0.363281 0.667969 0.363281 0.671875 0.363281 0.691406 0.351562
0 0.531250 0.136719 0.550781 0.140625 0.554688 0.140625 0.574219 0.160156 0.578125 0.164062 0.574219 0.187500 0.570312 0.191406 0.554688 0.187500 0.550781 0.187500 0.519531 0.164062 0.515625 0.160156 0.515625 0.148438 0.515625 0.144531 0.531250 0.136719
0 0.574219 0.226562 0.597656 0.234375 0.601562 0.238281 0.617188 0.273438 0.621094 0.277344 0.617188 0.285156 0.613281 0.289062 0.609375 0.316406 0.605469 0.320312 0.582031 0.320312 0.578125 0.320312 0.535156 0.296875 0.531250 0.292969 0.531250 0.281250 0.531250 0.277344 0.550781 0.261719 0.554688 0.257812 0.558594 0.242188 0.558594 0.238281 0.574219 0.226562
0 0.265625 0.175781 0.277344 0.175781 0.281250 0.175781 0.316406 0.214844 0.320312 0.218750 0.328125 0.242188 0.328125 0.246094 0.312500 0.257812 0.308594 0.261719 0.289062 0.261719 0.285156 0.261719 0.253906 0.246094 0.250000 0.242188 0.250000 0.214844 0.250000 0.210938 0.265625 0.175781
0 0.315104 0.000000 0.312500 0.015625 0.308594 0.019531 0.281250 0.023438 0.277344 0.023438 0.246094 0.011719 0.242188 0.007812 0.242188 0.000000
0 0.207031 0.019531 0.250000 0.023438 0.253906 0.023438 0.253906 0.046875 0.253906 0.050781 0.195312 0.050781 0.191406 0.050781 0.187500 0.046875 0.183594 0.042969 0.207031 0.019531
0 0.148438 0.046875 0.167969 0.054688 0.171875 0.058594 0.179688 0.117188 0.179688 0.121094 0.160156 0.144531 0.156250 0.148438 0.140625 0.152344 0.136719 0.152344 0.117188 0.144531 0.113281 0.140625 0.109375 0.121094 0.109375 0.117188 0.125000 0.105469 0.128906 0.101562 0.117188 0.066406 0.117188 0.062500 0.148438 0.046875
0 0.683594 0.566406 0.695312 0.566406 0.699219 0.566406 0.718750 0.578125 0.722656 0.582031 0.726562 0.628906 0.722656 0.632812 0.660156 0.648438 0.656250 0.652344 0.625000 0.648438 0.621094 0.648438 0.605469 0.640625 0.601562 0.636719 0.566406 0.648438 0.562500 0.652344 0.554688 0.648438 0.550781 0.648438 0.546875 0.625000 0.546875 0.621094 0.554688 0.609375 0.554688 0.605469 0.566406 0.597656 0.570312 0.593750 0.683594 0.566406
0 0.597656 0.546875 0.613281 0.546875 0.617188 0.546875 0.621094 0.562500 0.625000 0.566406 0.625000 0.574219 0.621094 0.578125 0.605469 0.582031 0.601562 0.585938 0.593750 0.582031 0.589844 0.582031 0.589844 0.562500 0.589844 0.558594 0.597656 0.546875
0 0.414062 0.550781 0.464844 0.558594 0.468750 0.558594 0.476562 0.562500 0.480469 0.566406 0.480469 0.574219 0.480469 0.578125 0.464844 0.597656 0.460938 0.601562 0.449219 0.601562 0.445312 0.601562 0.421875 0.582031 0.417969 0.578125 0.414062 0.566406 0.410156 0.562500 0.414062 0.550781
0 0.867188 0.722656 0.882812 0.726562 0.886719 0.726562 0.894531 0.734375 0.898438 0.738281 0.894531 0.839844 0.890625 0.843750 0.875000 0.832031 0.871094 0.828125 0.855469 0.785156 0.851562 0.781250 0.847656 0.753906 0.843750 0.750000 0.847656 0.738281 0.847656 0.734375 0.867188 0.722656
0 0.734375 0.843750 0.757812 0.843750 0.761719 0.843750 0.808594 0.871094 0.812500 0.871094 0.820312 0.886719 0.824219 0.890625 0.828125 0.917969 0.828125 0.921875 0.816406 0.929688 0.812500 0.933594 0.773438 0.925781 0.769531 0.925781 0.734375 0.886719 0.730469 0.882812 0.726562 0.867188 0.726562 0.863281 0.734375 0.843750
0 0.769531 0.925781 0.789062 0.929688 0.792969 0.929688 0.796875 0.937500 0.800781 0.941406 0.808594 0.980469 0.812500 0.984375 0.812500 1.000000 0.812500 1.000000 0.760937 1.000000 0.757812 0.984375 0.753906 0.980469 0.753906 0.949219 0.753906 0.945312 0.769531 0.925781
0 0.710938 0.972656 0.718750 0.972656 0.722656 0.972656 0.738281 1.000000 0.738281 1.000000 0.650391 1.000000 0.652344 0.996094 0.652344 0.992188 0.710938 0.972656
0 0.582031 0.804688 0.605469 0.804688 0.609375 0.804688 0.625000 0.820312 0.628906 0.824219 0.628906 0.859375 0.625000 0.863281 0.566406 0.867188 0.562500 0.871094 0.554688 0.867188 0.550781 0.863281 0.558594 0.832031 0.558594 0.828125 0.582031 0.804688
0 0.671875 0.910156 0.687500 0.914062 0.691406 0.914062 0.691406 0.925781 0.691406 0.929688 0.675781 0.953125 0.671875 0.957031 0.656250 0.960938 0.652344 0.960938 0.652344 0.925781 0.652344 0.921875 0.671875 0.910156
0 0.574219 0.703125 0.585938 0.703125 0.589844 0.703125 0.597656 0.710938 0.601562 0.714844 0.601562 0.726562 0.601562 0.730469 0.585938 0.746094 0.582031 0.750000 0.570312 0.738281 0.566406 0.734375 0.566406 0.718750 0.566406 0.714844 0.574219 0.703125
0 0.398438 0.632812 0.433594 0.632812 0.437500 0.632812 0.445312 0.648438 0.449219 0.652344 0.449219 0.671875 0.449219 0.675781 0.441406 0.683594 0.437500 0.687500 0.414062 0.691406 0.410156 0.691406 0.359375 0.710938 0.355469 0.710938 0.351562 0.707031 0.347656 0.703125 0.355469 0.664062 0.355469 0.660156 0.398438 0.632812
0 0.585938 0.804688 0.609375 0.808594 0.613281 0.808594 0.625000 0.828125 0.628906 0.832031 0.636719 0.921875 0.636719 0.925781 0.621094 0.949219 0.621094 0.953125 0.567677 0.984986 0.562500 0.964655 0.554688 0.949219 0.550781 0.945312 0.550781 0.859375 0.550781 0.855469 0.562500 0.828125 0.562500 0.824219 0.585938 0.804688
0 0.714844 0.871094 0.726562 0.878906 0.730469 0.882812 0.738281 0.898438 0.742188 0.902344 0.742188 0.917969 0.742188 0.921875 0.726562 0.929688 0.722656 0.933594 0.707031 0.929688 0.703125 0.929688 0.683594 0.906250 0.679688 0.902344 0.679688 0.882812 0.683594 0.878906 0.714844 0.871094
0 0.707031 0.046875 0.722656 0.046875 0.726562 0.046875 0.726562 0.066406 0.726562 0.070312 0.722656 0.074219 0.718750 0.078125 0.687500 0.074219 0.683594 0.074219 0.679688 0.066406 0.675781 0.062500 0.679688 0.058594 0.679688 0.054688 0.707031 0.046875
0 0.039062 0.757812 0.058594 0.757812 0.062500 0.757812 0.066406 0.777344 0.066406 0.781250 0.050781 0.804688 0.050781 0.808594 0.035156 0.816406 0.031250 0.816406 0.000000 0.788628 0.000000 0.773438 0.000000 0.773438 0.003906 0.769531 0.039062 0.757812
0 0.000000 0.554688 0.000000 0.554688 0.003906 0.554688 0.015625 0.566406 0.019531 0.570312 0.058594 0.585938 0.062500 0.585938 0.062500 0.601562 0.062500 0.605469 0.046875 0.621094 0.042969 0.625000 0.000000 0.614258
0 0.496094 0.250000 0.511719 0.250000 0.515625 0.253906 0.515625 0.273438 0.515625 0.277344 0.507812 0.292969 0.503906 0.296875 0.488281 0.292969 0.484375 0.292969 0.468750 0.281250 0.464844 0.281250 0.464844 0.269531 0.464844 0.265625 0.496094 0.250000
0 0.167969 0.218750 0.203125 0.242188 0.207031 0.242188 0.210938 0.289062 0.214844 0.292969 0.210938 0.300781 0.207031 0.304688 0.187500 0.304688 0.183594 0.304688 0.148438 0.285156 0.144531 0.281250 0.156250 0.257812 0.160156 0.253906 0.167969 0.218750
0 0.968750 0.828125 0.992188 0.828125 0.996094 0.828125 0.996094 0.972656 0.996094 0.976562 0.968750 0.953125 0.964844 0.949219 0.949219 0.925781 0.949219 0.921875 0.921875 0.902344 0.917969 0.898438 0.921875 0.882812 0.921875 0.878906 0.945312 0.843750 0.945312 0.839844 0.968750 0.828125
0 0.088522 0.021262 0.076534 0.024687 0.052559 0.024687 0.039287 0.023403 0.035862 0.019978 0.033721 0.016125 0.033721 0.007991 0.038431 0.002425 0.043280 0.000000 0.097941 0.000000 0.097941 0.004993 0.096656 0.007134 0.096228 0.011416 0.094516 0.015697 0.085525 0.023831
0 0.156016 0.039312 0.150134 0.036216 0.146419 0.032811 0.140227 0.029096 0.134655 0.024762 0.133726 0.022905 0.122582 0.012379 0.115152 0.007426 0.108961 0.004330 0.103547 0.000000 0.167171 0.000000 0.178305 0.003711 0.180781 0.004021 0.183567 0.005569 0.189759 0.010212 0.192545 0.014856 0.194402 0.016713 0.197189 0.022905 0.197189 0.029405 0.196570 0.031263 0.195331 0.032811 0.190378 0.035907 0.185115 0.037764 0.175518 0.039931 0.159421 0.039931
0 0.636719 0.164062 0.652344 0.171875 0.656250 0.175781 0.707031 0.179688 0.710938 0.183594 0.750000 0.179688 0.753906 0.175781 0.855469 0.183594 0.859375 0.183594 0.886719 0.175781 0.890625 0.175781 0.941406 0.210938 0.945312 0.210938 0.972656 0.238281 0.976562 0.242188 0.980469 0.253906 0.984375 0.257812 0.980469 0.281250 0.980469 0.285156 0.988281 0.300781 0.988281 0.304688 0.980469 0.312500 0.976562 0.316406 0.957031 0.320312 0.953125 0.324219 0.949219 0.343750 0.949219 0.347656 0.929688 0.367188 0.929688 0.371094 0.914062 0.378906 0.910156 0.382812 0.886719 0.386719 0.882812 0.386719 0.781250 0.335938 0.777344 0.332031 0.667969 0.296875 0.664062 0.296875 0.628906 0.277344 0.625000 0.277344 0.613281 0.261719 0.609375 0.257812 0.605469 0.218750 0.605469 0.214844 0.636719 0.164062
0 0.652344 0.082031 0.828125 0.093750 0.832031 0.093750 0.921875 0.140625 0.921875 0.144531 0.875000 0.171875 0.871094 0.175781 0.855469 0.175781 0.851562 0.179688 0.781250 0.175781 0.777344 0.171875 0.714844 0.179688 0.710938 0.179688 0.640625 0.171875 0.636719 0.171875 0.636719 0.101562 0.636719 0.097656 0.652344 0.082031
0 0.962617 0.401088 0.963851 0.397879 0.965826 0.396891 0.970023 0.392695 0.972491 0.388252 0.976194 0.384302 0.978663 0.382573 0.981379 0.377143 0.981132 0.371959 0.976935 0.366528 0.976194 0.363812 0.976688 0.361590 0.986069 0.357394 0.990759 0.356159 0.997424 0.355666 1.000000 0.358440 1.000000 0.374882 0.998659 0.408247 0.990512 0.415653 0.988291 0.416888 0.979650 0.420590 0.975454 0.421331 0.973232 0.421084 0.969035 0.418121 0.963111 0.411703 0.961382 0.407754 0.961136 0.403063
0 0.957974 0.401847 0.953333 0.398813 0.948871 0.394350 0.943694 0.390959 0.939589 0.385961 0.932627 0.379892 0.931735 0.375786 0.931913 0.373823 0.935126 0.368825 0.940481 0.363113 0.947621 0.357579 0.954761 0.350618 0.959224 0.350439 0.962794 0.348476 0.967792 0.350082 0.969934 0.351510 0.981001 0.362577 0.984392 0.367932 0.984928 0.370431 0.984749 0.372752 0.982964 0.377214 0.975110 0.387746 0.963686 0.399348 0.959759 0.401312
0 0.913885 0.547623 0.911405 0.540681 0.908926 0.539193 0.906447 0.536218 0.903968 0.531756 0.903472 0.524814 0.902480 0.520848 0.902976 0.507460 0.903968 0.504981 0.907935 0.501014 0.914876 0.501510 0.921322 0.504485 0.929255 0.505477 0.931239 0.509939 0.931239 0.512418 0.932726 0.518864 0.932726 0.535227 0.935701 0.540681 0.935701 0.547127 0.935205 0.549110 0.930247 0.554068 0.923801 0.557539
0 0.926936 0.594368 0.922071 0.595136 0.913876 0.593600 0.907473 0.590782 0.905937 0.589246 0.904656 0.586685 0.904144 0.581563 0.905169 0.577210 0.909266 0.569015 0.911827 0.568246 0.920790 0.567991 0.926168 0.569271 0.930009 0.573368 0.933339 0.578746 0.933595 0.587966 0.933082 0.590270 0.929497 0.592575
0 0.728953 0.694640 0.718428 0.695003 0.716613 0.694277 0.715161 0.689921 0.714798 0.685566 0.710443 0.672138 0.710443 0.669960 0.713347 0.668145 0.716613 0.667419 0.732220 0.667056 0.737301 0.668508 0.738753 0.671049 0.738390 0.691373 0.736938 0.692825 0.735849 0.695366 0.733671 0.695366
0 0.730768 0.722586 0.725324 0.722586 0.723146 0.721861 0.711895 0.713513 0.708991 0.710246 0.708991 0.702988 0.709717 0.700447 0.711532 0.698632 0.730405 0.698632 0.737301 0.699358 0.738390 0.701173 0.739841 0.708069 0.739841 0.713150 0.738027 0.718957 0.734034 0.724401
0 0.631322 0.687018 0.625515 0.684477 0.618620 0.680122 0.617530 0.678307 0.617530 0.673226 0.618620 0.666330 0.621523 0.660523 0.626967 0.659435 0.628782 0.658346 0.633500 0.657983 0.636041 0.656894 0.643299 0.656894 0.645840 0.657983 0.649106 0.661249 0.650558 0.665242 0.650558 0.675404 0.648380 0.682300 0.644025 0.685204 0.642211 0.685929 0.639670 0.685929 0.635677 0.687381
0 0.630234 0.789730 0.627693 0.791182 0.625152 0.791182 0.620434 0.788641 0.617530 0.785012 0.617893 0.782471 0.620071 0.778842 0.621523 0.769405 0.622975 0.767954 0.626604 0.767591 0.633500 0.765413 0.650558 0.765413 0.654913 0.766139 0.656728 0.767954 0.657454 0.769768 0.657454 0.774850 0.656728 0.777027 0.653099 0.781382 0.640396 0.789367 0.638581 0.790093 0.633863 0.790456
0 0.510826 0.700810 0.507196 0.700447 0.505019 0.698269 0.503930 0.695003 0.503930 0.690648 0.505019 0.688470 0.510463 0.684114 0.527521 0.683752 0.536232 0.685204 0.545668 0.685204 0.547483 0.686292 0.548935 0.690648 0.548935 0.695003 0.547483 0.701536 0.546394 0.703713 0.542402 0.706254 0.538046 0.707343 0.516270 0.707343 0.513367 0.706980 0.511552 0.705165
0 0.800562 0.085279 0.799927 0.079561 0.800562 0.076384 0.801833 0.074479 0.803104 0.070031 0.806280 0.065584 0.809457 0.057960 0.815175 0.049700 0.817716 0.044618 0.818352 0.038900 0.819622 0.036994 0.820258 0.034452 0.827882 0.022381 0.831059 0.018569 0.833600 0.016663 0.835506 0.010945 0.839318 0.006498 0.843765 0.004592 0.850118 0.004592 0.854566 0.003321 0.862825 0.003321 0.864731 0.005863 0.866002 0.009675 0.866002 0.057325 0.864731 0.062407 0.861554 0.070666 0.857743 0.072573 0.855836 0.074479 0.850118 0.075749 0.843765 0.078291 0.835506 0.087821 0.832964 0.089091 0.829152 0.092268 0.825341 0.094174 0.822799 0.094809 0.817081 0.094174 0.806916 0.089091
0 0.916193 0.129117 0.908569 0.119587 0.904122 0.118316 0.901580 0.111963 0.901580 0.098621 0.902851 0.094809 0.902851 0.092268 0.906663 0.085914 0.913016 0.082738 0.918734 0.083373 0.931441 0.089091 0.935253 0.090362 0.937795 0.090362 0.939700 0.091632 0.940971 0.094174 0.941607 0.155166 0.940336 0.160248 0.936524 0.164696 0.933982 0.165331 0.928900 0.165331 0.921911 0.162155 0.917464 0.156437 0.916829 0.154530 0.916829 0.134835
0 0.428892 0.084644 0.423174 0.080196 0.421268 0.077655 0.416186 0.068761 0.410468 0.061137 0.410468 0.058595 0.408562 0.056689 0.402843 0.054783 0.399667 0.050971 0.398396 0.045889 0.398396 0.043347 0.400302 0.039535 0.405385 0.036994 0.409197 0.036359 0.415550 0.033182 0.433339 0.033182 0.436516 0.033817 0.438422 0.035723 0.448588 0.042077 0.452400 0.045253 0.460659 0.049700 0.467648 0.055418 0.468918 0.064948 0.468918 0.077020 0.469554 0.078926 0.469554 0.082103 0.468918 0.084644 0.467648 0.086550 0.463200 0.089091 0.437787 0.089091 0.434610 0.088456
0 0.872991 0.106245 0.866637 0.104339 0.860919 0.103704 0.857107 0.101163 0.855836 0.099257 0.847577 0.096080 0.845036 0.087185 0.845036 0.078291 0.846942 0.073208 0.849483 0.071937 0.857743 0.070666 0.865366 0.071302 0.867273 0.072573 0.870449 0.078291 0.874261 0.092268 0.877438 0.098621 0.877438 0.101163
0 0.999422 0.251737 0.993704 0.247925 0.991162 0.243477 0.985445 0.240301 0.982268 0.237124 0.977821 0.235853 0.977821 0.232677 0.979091 0.230771 0.980997 0.229500 0.984809 0.229500 0.992433 0.225688 0.998787 0.218699
0 0.650624 0.876270 0.645541 0.875634 0.643635 0.871822 0.643635 0.861021 0.641729 0.854668 0.641729 0.831796 0.645541 0.826078 0.646176 0.824172 0.648082 0.823537 0.649988 0.821631 0.656977 0.817819 0.660789 0.816548 0.663330 0.816548 0.664601 0.819089 0.665236 0.831161 0.666507 0.837514 0.667778 0.840691 0.667778 0.850221 0.669048 0.852763 0.669048 0.858480 0.671590 0.864198 0.672861 0.878176 0.671590 0.880082 0.660154 0.879446 0.656342 0.878176
0 0.432704 1.000000 0.432704 0.996983 0.433339 0.995077 0.435246 0.993171 0.439057 0.992536 0.441599 0.991265 0.446682 0.989995 0.461930 0.989995 0.472730 0.991265 0.477813 0.992536 0.493061 0.992536 0.494967 0.991265 0.497508 0.990630 0.499414 0.988724 0.505132 0.989359 0.507038 0.991265 0.509580 0.998254 0.509580 1.000000
0 0.540711 0.955686 0.531816 0.954416 0.524828 0.952510 0.507038 0.953145 0.504497 0.953780 0.494332 0.953780 0.487343 0.951239 0.480354 0.944886 0.479719 0.939168 0.478448 0.937262 0.482260 0.934720 0.491155 0.934085 0.493061 0.932814 0.496238 0.932179 0.501955 0.932179 0.503862 0.931544 0.518474 0.931544 0.532452 0.934085 0.541982 0.937262 0.547700 0.937897 0.549605 0.939168 0.550876 0.942345 0.553418 0.944886 0.554053 0.946792 0.554053 0.955686 0.552147 0.957593 0.546429 0.957593
0 0.385689 0.872458 0.397125 0.872458 0.399032 0.870552 0.402843 0.868646 0.403479 0.865469 0.403479 0.847680 0.402843 0.845774 0.399032 0.842597 0.393314 0.840055 0.381242 0.840055 0.379336 0.841962 0.374254 0.852127 0.374254 0.857845 0.374889 0.859751 0.376795 0.861657 0.380607 0.869916
0 0.061758 0.729664 0.066206 0.695192 0.071766 0.688520 0.087334 0.682960 0.091782 0.682960 0.094006 0.684072 0.096230 0.691856 0.095118 0.707424 0.071766 0.724104
0 0.024457 0.641135 0.023511 0.620332 0.042423 0.581564 0.049042 0.573054 0.068899 0.561707 0.070790 0.558870 0.076464 0.556033 0.082137 0.556033 0.092538 0.567380 0.093484 0.576836 0.081191 0.588183 0.070790 0.603312 0.052824 0.638298 0.051879 0.643972 0.042423 0.649645 0.033912 0.649645 0.030130 0.646809
0 0.109559 0.573054 0.101994 0.571162 0.091593 0.559815 0.091593 0.552251 0.095375 0.550360 0.112396 0.550360 0.117123 0.552251 0.128470 0.564543 0.143600 0.568325 0.154001 0.568325 0.156837 0.570217 0.158729 0.573999 0.158729 0.582509 0.156837 0.584400 0.123743 0.584400 0.116178 0.577781
0 0.442402 0.203333 0.437674 0.196714 0.437674 0.190095 0.432000 0.182530 0.432946 0.172129 0.448075 0.166455 0.468878 0.165510 0.471715 0.174020 0.471715 0.191040 0.463205 0.202387 0.462259 0.210897 0.452803 0.210897 0.449966 0.209006
0 0.583293 0.070007 0.581402 0.052041 0.584238 0.045421 0.584238 0.022728 0.586130 0.018000 0.591416 0.012992 0.599368 0.011381 0.614497 0.011381 0.626789 0.014218 0.627735 0.035020 0.624898 0.037857 0.614497 0.041639 0.606932 0.049204 0.604096 0.054877 0.603150 0.071898 0.595586 0.074734 0.589912 0.074734
0 0.175521 0.379959 0.167246 0.372866 0.163700 0.372866 0.156607 0.365773 0.149514 0.362227 0.143603 0.362227 0.140057 0.361045 0.138875 0.358680 0.127053 0.356316 0.124689 0.353952 0.124689 0.348041 0.128235 0.346859 0.138875 0.337402 0.175521 0.336220 0.179068 0.345677 0.179068 0.370502
0 0.197982 0.337402 0.170793 0.338584 0.169610 0.322034 0.183796 0.317305 0.203893 0.314941 0.205075 0.329127
0 0.978783 0.326396 0.968746 0.325058 0.959378 0.319036 0.955363 0.317697 0.953355 0.317697 0.947333 0.312344 0.946664 0.310337 0.941980 0.304984 0.934619 0.299630 0.933281 0.297623 0.927928 0.292939 0.925251 0.286247 0.921905 0.282232 0.917890 0.278887 0.917221 0.274872 0.912537 0.267511 0.911199 0.262158 0.911199 0.258143 0.917890 0.255466 0.925920 0.255466 0.931273 0.258143 0.933950 0.258812 0.942649 0.264165 0.954025 0.269518 0.963393 0.271526 0.977445 0.276879 0.982798 0.279556 0.988820 0.280894 0.991497 0.284909 0.991497 0.304314 0.990828 0.307660 0.990828 0.316359 0.989489 0.321043 0.988151 0.323051 0.984136 0.324389 0.968746 0.324389
0 0.257127 0.580963 0.250832 0.577029 0.244537 0.569946 0.243750 0.564437 0.239815 0.558929 0.232733 0.539256 0.222503 0.521944 0.223290 0.509353 0.233520 0.506205 0.250045 0.506205 0.253980 0.510140 0.262636 0.530600 0.275227 0.543191 0.283096 0.563651 0.283096 0.574668 0.280735 0.577815 0.272866 0.582537 0.268144 0.582537 0.262636 0.585685
0 0.836302 0.790284 0.826859 0.779268 0.823711 0.771398 0.823711 0.737561 0.844171 0.699788 0.845745 0.698214 0.850467 0.699001 0.858336 0.702936 0.862270 0.708445 0.864631 0.720248 0.864631 0.748577 0.860696 0.757234 0.858336 0.776907 0.854401 0.790284 0.851254 0.793432 0.843384 0.793432
0 0.226562 0.824219 0.238281 0.828125 0.242188 0.828125 0.242188 0.875000 0.242188 0.878906 0.234375 0.886719 0.230469 0.890625 0.195312 0.863281 0.191406 0.863281 0.191406 0.851562 0.191406 0.847656 0.226562 0.824219
