0 0.038425 0.047352 0.046213 0.058743 0.058153 0.068669 0.065070 0.079489 0.068277 0.094607 0.068277 0.113122 0.068956 0.117751 0.068277 0.132151 0.069634 0.141409 0.068598 0.159923 0.066394 0.164038 0.059875 0.168116 0.053691 0.174192 0.050445 0.181602 0.044703 0.187137 0.031618 0.196439 0.024752 0.197946 0.024025 0.201068 0.007102 0.196547 0.001320 0.190287 0.000000 0.189712 0.000000 0.159665 0.001179 0.159542 0.005168 0.151180 0.002473 0.142952 0.000000 0.141195 0.000000 0.121886 0.000025 0.121865 0.004821 0.113879 0.006580 0.104905 0.004986 0.086284 0.006801 0.077267 0.010529 0.063738 0.018615 0.053018 0.024760 0.047291 0.034260 0.043111
0 0.180145 0.000000 0.187958 0.017180 0.188898 0.033920 0.188457 0.071893 0.187570 0.076619 0.178158 0.078856 0.159750 0.072516 0.149049 0.074465 0.144573 0.080379 0.144984 0.097105 0.143784 0.109350 0.131177 0.117929 0.126950 0.119036 0.110441 0.117162 0.103816 0.109350 0.109338 0.111701 0.090909 0.093187 0.086268 0.082599 0.079668 0.077513 0.072354 0.074976 0.065990 0.069488 0.055148 0.056241 0.053757 0.043763 0.054297 0.035202 0.078951 0.013133 0.085885 0.009857 0.095163 0.000000 0.108979 0.000000 0.114113 0.003007 0.119855 0.000000
0 0.894432 0.000000 0.894629 0.000833 0.894409 0.010776 0.893307 0.020719 0.890000 0.040262 0.889119 0.043348 0.887836 0.049607 0.885372 0.055692 0.884049 0.062206 0.883608 0.065292 0.883168 0.072149 0.882286 0.075235 0.880743 0.077978 0.877216 0.083464 0.876996 0.086550 0.874351 0.083121 0.869943 0.078664 0.867518 0.076607 0.859804 0.072492 0.857379 0.070778 0.852750 0.066664 0.845477 0.061177 0.841509 0.056377 0.836439 0.047463 0.835778 0.040948 0.836273 0.034091 0.836053 0.031005 0.836273 0.024148 0.835778 0.017290 0.835778 0.010776 0.836880 0.004261 0.844033 0.000000
0 0.943186 0.090698 0.949282 0.095120 0.956645 0.103839 0.962061 0.114117 0.964455 0.116767 0.975039 0.133059 0.977755 0.141196 0.990182 0.172245 0.987729 0.175414 0.980061 0.176559 0.972925 0.185103 0.962161 0.189262 0.972252 0.199623 0.980604 0.213631 0.983028 0.225485 0.988819 0.240933 0.991200 0.251105 0.988720 0.253050 0.981142 0.254041 0.974677 0.257274 0.967134 0.256735 0.964709 0.254041 0.957705 0.253502 0.946659 0.244343 0.939052 0.242797 0.931536 0.234495 0.918785 0.213250 0.916085 0.205192 0.911510 0.185272 0.906913 0.169036 0.906094 0.160806 0.910291 0.148976 0.911786 0.141216 0.914770 0.133077 0.918912 0.125808 0.922552 0.109996 0.925554 0.101810 0.929367 0.094728 0.935507 0.090171
0 0.676323 0.338403 0.679581 0.340377 0.686797 0.343265 0.690391 0.343896 0.698404 0.345293 0.701105 0.346495 0.704790 0.347383 0.712122 0.350625 0.717173 0.356434 0.726722 0.362840 0.737889 0.373249 0.739751 0.380327 0.747196 0.388654 0.755398 0.405163 0.765656 0.420540 0.770177 0.431041 0.769333 0.455036 0.765946 0.456736 0.749696 0.459237 0.745891 0.459137 0.739598 0.460105 0.720750 0.462245 0.712464 0.462525 0.705698 0.462757 0.705768 0.462293 0.703718 0.459479 0.702060 0.456101 0.702060 0.452354 0.710943 0.440270 0.714016 0.433649 0.711014 0.427077 0.710917 0.421940 0.702786 0.423425 0.692252 0.427466 0.680961 0.427660 0.678994 0.427448 0.669821 0.429710 0.668184 0.429500 0.664526 0.429079 0.654541 0.427936 0.653749 0.427351 0.650736 0.425322 0.639144 0.417561 0.638193 0.417057 0.631888 0.414499 0.627052 0.409391 0.624364 0.402980 0.621094 0.384490 0.621412 0.372480 0.626963 0.358832 0.636921 0.347050 0.648268 0.336462 0.651981 0.335191 0.658576 0.332219 0.659015 0.332218 0.662876 0.332565 0.666605 0.332914 0.671803 0.334877
0 0.414142 0.391956 0.425514 0.394408 0.436529 0.398084 0.443659 0.401156 0.446733 0.402944 0.457031 0.408148 0.463779 0.411821 0.474077 0.417944 0.477273 0.419475 0.484020 0.423455 0.487017 0.425800 0.489099 0.428798 0.492290 0.435524 0.497514 0.445496 0.500276 0.452470 0.500994 0.456191 0.500630 0.460264 0.498818 0.463713 0.491122 0.472130 0.484020 0.476722 0.484375 0.474885 0.476207 0.475497 0.468750 0.474273 0.461346 0.472157 0.445668 0.470293 0.438565 0.467844 0.424006 0.462334 0.417259 0.458354 0.409801 0.449782 0.401279 0.437537 0.397372 0.430802 0.395241 0.423761 0.394531 0.420087 0.393821 0.412434 0.394176 0.404475 0.395952 0.401413 0.400923 0.395596 0.406821 0.389949
0 0.209946 0.910355 0.210930 0.912977 0.210332 0.913267 0.205664 0.918419 0.203534 0.921271 0.194088 0.931794 0.185614 0.936826 0.193637 0.942252 0.199642 0.942251 0.208833 0.941493 0.214966 0.944480 0.225688 0.954471 0.230655 0.960400 0.232737 0.963600 0.234940 0.966396 0.238786 0.972305 0.240120 0.975704 0.241249 0.979476 0.239504 0.990383 0.235802 1.000000 0.129528 1.000000 0.128796 0.982085 0.131453 0.975742 0.133236 0.973657 0.137773 0.966886 0.143543 0.962282 0.150453 0.962153 0.155454 0.964319 0.160318 0.965696 0.167602 0.961361 0.167050 0.958028 0.165179 0.952289 0.157882 0.949126 0.152165 0.948767 0.148918 0.948352 0.147394 0.942265 0.150639 0.936053 0.156239 0.932603 0.165646 0.927395 0.175544 0.924900 0.175934 0.924970 0.181271 0.920195 0.186070 0.915460 0.190683 0.909613 0.192793 0.906482 0.196412 0.906810 0.201589 0.908077
0 0.232783 0.627290 0.225142 0.637796 0.228007 0.643858 0.234216 0.645878 0.240902 0.644262 0.265123 0.646985 0.274809 0.651939 0.288905 0.662595 0.310410 0.664682 0.316091 0.667891 0.321611 0.687096 0.329252 0.698411 0.330684 0.708513 0.326864 0.725081 0.323043 0.731142 0.317790 0.734779 0.307761 0.737204 0.294867 0.732355 0.288336 0.733048 0.282450 0.737204 0.276242 0.736800 0.268295 0.730048 0.267346 0.719557 0.265120 0.717296 0.258741 0.718492 0.253446 0.722959 0.249955 0.723388 0.236436 0.719301 0.228842 0.712859 0.211644 0.708816 0.191023 0.695428 0.186612 0.686334 0.187092 0.678546 0.189536 0.672761 0.195279 0.667939 0.208246 0.652081 0.212080 0.642753 0.213959 0.625039 0.222911 0.623567
0 0.032167 0.531473 0.046459 0.538487 0.053989 0.535940 0.062022 0.535940 0.069429 0.538889 0.075990 0.543691 0.087560 0.553578 0.093546 0.558323 0.109216 0.574145 0.116746 0.582741 0.124780 0.598342 0.124278 0.600889 0.120763 0.602799 0.111726 0.609804 0.104697 0.614261 0.095158 0.621265 0.094656 0.622539 0.087627 0.620310 0.083611 0.619992 0.076080 0.617763 0.053989 0.608530 0.039186 0.603104 0.035530 0.602490 0.020419 0.597698 0.013286 0.594792 0.010012 0.592573 0.002501 0.588763 0.000000 0.587062 0.000000 0.543482 0.007800 0.539124 0.017339 0.532120 0.024565 0.529903
0 0.552011 0.000000 0.550200 0.007031 0.551788 0.014388 0.543823 0.027196 0.541536 0.033771 0.546773 0.037861 0.557659 0.040097 0.565413 0.053810 0.561674 0.061698 0.554712 0.061645 0.552552 0.067621 0.555762 0.075293 0.561870 0.078555 0.584696 0.076687 0.591950 0.077277 0.603624 0.085344 0.609350 0.095048 0.611310 0.102542 0.607831 0.121127 0.598648 0.123660 0.592764 0.122235 0.581032 0.114914 0.561686 0.130990 0.552045 0.147737 0.545479 0.151380 0.530429 0.148488 0.525579 0.142158 0.523961 0.126866 0.530197 0.116906 0.527396 0.106742 0.514578 0.082723 0.499318 0.047212 0.493790 0.028802 0.507260 0.000000
0 1.000000 0.000000 1.000000 0.119123 0.984264 0.117940 0.972038 0.109818 0.979227 0.070687 0.975468 0.062612 0.957031 0.050781 0.956771 0.043075 0.951166 0.006791 0.951319 0.000000
0 0.176929 0.720883 0.196348 0.737331 0.199063 0.753281 0.203745 0.771326 0.199912 0.855582 0.179983 0.875637 0.152223 0.875692 0.123478 0.843590 0.123724 0.779386 0.124094 0.762873 0.120206 0.761159 0.136813 0.727945 0.140625 0.718750 0.154175 0.715149
0 0.769531 0.464844 0.792969 0.515625 0.750000 0.585938 0.750000 0.597656 0.734375 0.617188 0.730469 0.632812 0.707031 0.664062 0.675781 0.718750 0.660156 0.738281 0.632812 0.796875 0.621094 0.808594 0.589844 0.875000 0.585938 0.914062 0.578125 0.921875 0.574219 0.949219 0.562500 0.972656 0.560221 1.000000 0.233297 1.000000 0.257812 0.949219 0.257812 0.937500 0.277344 0.906250 0.300781 0.851562 0.343750 0.773438 0.386719 0.703125 0.410156 0.675781 0.414062 0.660156 0.437500 0.632812 0.464844 0.582031 0.511719 0.523438 0.523438 0.515625 0.554688 0.515625 0.574219 0.507812 0.597656 0.507812 0.625000 0.500000 0.656250 0.500000 0.671875 0.492188 0.695312 0.492188 0.710938 0.480469 0.730469 0.480469 0.734375 0.472656 0.757812 0.464844
0 0.312500 0.296875 0.328125 0.296875 0.332031 0.300781 0.351562 0.343750 0.355469 0.347656 0.355469 0.367188 0.351562 0.371094 0.324219 0.371094 0.320312 0.371094 0.296875 0.335938 0.292969 0.332031 0.289062 0.316406 0.289062 0.312500 0.312500 0.296875
0 0.132812 0.597656 0.148438 0.613281 0.152344 0.617188 0.152344 0.660156 0.152344 0.664062 0.136719 0.675781 0.132812 0.675781 0.117188 0.695312 0.113281 0.699219 0.097656 0.699219 0.093750 0.699219 0.089844 0.691406 0.085938 0.687500 0.085938 0.671875 0.082031 0.667969 0.089844 0.636719 0.089844 0.632812 0.101562 0.613281 0.105469 0.609375 0.132812 0.597656
0 1.000000 0.885851 0.972656 0.855469 0.968750 0.851562 0.960938 0.816406 0.957031 0.812500 0.960938 0.773438 0.960938 0.769531 0.988281 0.761719 0.992188 0.761719 1.000000 0.756510
0 0.914062 0.691406 0.957031 0.695312 0.960938 0.695312 0.996094 0.714844 1.000000 0.718750 1.000000 0.718750 1.000000 0.753906 1.000000 0.753906 0.968750 0.761719 0.964844 0.765625 0.941406 0.765625 0.937500 0.765625 0.914062 0.753906 0.910156 0.753906 0.898438 0.761719 0.894531 0.765625 0.894531 0.781250 0.894531 0.785156 0.863281 0.812500 0.859375 0.816406 0.843750 0.820312 0.839844 0.820312 0.839844 0.804688 0.839844 0.800781 0.859375 0.781250 0.863281 0.777344 0.871094 0.757812 0.871094 0.753906 0.894531 0.726562 0.898438 0.722656 0.902344 0.703125 0.902344 0.699219 0.914062 0.691406
0 0.701771 0.093795 0.698494 0.104720 0.690802 0.114597 0.679285 0.119476 0.673230 0.117875 0.668816 0.113461 0.667213 0.107406 0.670978 0.093772 0.667214 0.085555 0.668816 0.079500 0.673230 0.075086 0.690210 0.073484 0.696265 0.075086 0.700679 0.079500 0.703373 0.087740
0 0.933594 0.542969 0.964844 0.550781 0.968750 0.550781 0.976562 0.570312 0.976562 0.574219 0.964844 0.582031 0.960938 0.585938 0.945312 0.585938 0.941406 0.589844 0.917969 0.582031 0.914062 0.582031 0.910156 0.562500 0.910156 0.558594 0.933594 0.542969
0 0.890625 0.886719 0.898438 0.886719 0.902344 0.886719 0.917969 0.898438 0.921875 0.898438 0.929688 0.917969 0.929688 0.921875 0.890625 0.953125 0.886719 0.957031 0.863281 0.968750 0.859375 0.968750 0.859375 0.914062 0.859375 0.910156 0.890625 0.886719
0 0.683594 0.988281 0.707031 0.988281 0.710938 0.992188 0.714286 1.000000 0.675781 1.000000 0.675781 1.000000 0.683594 0.988281
0 0.796875 0.378906 0.851562 0.386719 0.855469 0.386719 0.863281 0.390625 0.867188 0.394531 0.875000 0.410156 0.875000 0.414062 0.851562 0.417969 0.847656 0.417969 0.804688 0.410156 0.800781 0.410156 0.785156 0.398438 0.781250 0.394531 0.781250 0.390625 0.781250 0.386719 0.796875 0.378906
0 0.800781 0.304688 0.851562 0.320312 0.855469 0.320312 0.875000 0.332031 0.878906 0.332031 0.890625 0.343750 0.894531 0.347656 0.894531 0.367188 0.894531 0.371094 0.886719 0.375000 0.882812 0.378906 0.835938 0.375000 0.832031 0.375000 0.777344 0.339844 0.773438 0.339844 0.769531 0.332031 0.769531 0.328125 0.800781 0.304688
0 0.812500 0.566406 0.824219 0.566406 0.828125 0.566406 0.843750 0.578125 0.847656 0.582031 0.851562 0.593750 0.855469 0.597656 0.851562 0.613281 0.847656 0.617188 0.792969 0.609375 0.789062 0.605469 0.796875 0.582031 0.796875 0.578125 0.812500 0.566406
0 0.722656 0.164062 0.750000 0.171875 0.753906 0.171875 0.753906 0.175781 0.753906 0.179688 0.773438 0.195312 0.777344 0.199219 0.773438 0.222656 0.773438 0.226562 0.753906 0.242188 0.750000 0.246094 0.722656 0.246094 0.718750 0.246094 0.710938 0.238281 0.707031 0.234375 0.703125 0.179688 0.703125 0.175781 0.722656 0.164062
0 0.791804 0.229854 0.812052 0.246728 0.806990 0.258539 0.796866 0.265289 0.786742 0.268663 0.774930 0.258539 0.769868 0.239978 0.769868 0.229854
0 0.783367 0.207919 0.790117 0.211293 0.803616 0.211293 0.832300 0.196107 0.832300 0.187670 0.820489 0.185983 0.810365 0.172484 0.827238 0.174171 0.823864 0.169109 0.810365 0.164048 0.805303 0.158986 0.793491 0.158986 0.778305 0.150549 0.756370 0.157298 0.751308 0.177546 0.769868 0.189358
0 0.690563 0.177546 0.683814 0.187670 0.668627 0.189358 0.665253 0.204544 0.665253 0.221418 0.714186 0.239978 0.705749 0.180921
0 0.493143 0.364842 0.515079 0.374966 0.535327 0.374966 0.553888 0.364842 0.558950 0.359780 0.540389 0.342907 0.523515 0.334470 0.520141 0.334470 0.511704 0.342907 0.494830 0.341219
0 0.540389 0.391840 0.550513 0.401964 0.560637 0.408713 0.585947 0.407026 0.594384 0.398589 0.596071 0.390152 0.601134 0.380029 0.604508 0.380029 0.607883 0.366530 0.596071 0.366530 0.592697 0.373279 0.560637 0.374966
0 0.412150 0.501518 0.390215 0.494768 0.371654 0.496455 0.363217 0.503205 0.361530 0.516704 0.351405 0.528515 0.353093 0.533577 0.356468 0.533577 0.383465 0.547076 0.386840 0.538639 0.403714 0.538639 0.402026 0.531890 0.400339 0.518391
0 0.451321 0.235527 0.459305 0.239520 0.489246 0.219559 0.479266 0.195607 0.485254 0.185627 0.461301 0.181634 0.455313 0.169658 0.439345 0.173650 0.429365 0.179639 0.423377 0.189619 0.423377 0.199599 0.433357 0.209579 0.437349 0.221555
0 0.398460 0.104407 0.396432 0.092238 0.355867 0.065871 0.343698 0.061815 0.337613 0.047618 0.295020 0.053702 0.327472 0.076013 0.349782 0.086154 0.361952 0.102379 0.376149 0.104407
0 0.439921 0.240987 0.426560 0.254348 0.419137 0.267710 0.398352 0.289979 0.405775 0.295918 0.426560 0.297402 0.432498 0.295918 0.445860 0.298887 0.460706 0.298887 0.474068 0.273648 0.490399 0.260287 0.485945 0.240987 0.474068 0.236533 0.456252 0.239502
0 0.800684 0.478526 0.814046 0.491887 0.843739 0.515641 0.837800 0.524549 0.833346 0.526034 0.815531 0.523064 0.805138 0.514157 0.791777 0.514157 0.772477 0.478526
0 0.285521 0.598780 0.285521 0.588388 0.275129 0.577995 0.266221 0.585419 0.255829 0.586903 0.249890 0.595811 0.261767 0.607688 0.255829 0.626988 0.254344 0.638865 0.248405 0.643319 0.273644 0.644804 0.279582 0.635896 0.289975 0.632927 0.309275 0.647773 0.321152 0.647773 0.319667 0.632927 0.325606 0.629957 0.331544 0.616596 0.315213 0.607688 0.307790 0.600265
0 0.089551 0.533457 0.108851 0.545334 0.119243 0.564634 0.135574 0.588388 0.151905 0.597296 0.177144 0.603234 0.184567 0.589873 0.175659 0.586903 0.168236 0.575026 0.144482 0.560180 0.147451 0.546818 0.137059 0.534941 0.125182 0.529003
0 0.226136 0.417656 0.214259 0.416172 0.209805 0.398356 0.205352 0.398356 0.202382 0.395387 0.190505 0.395387 0.181598 0.401326 0.178628 0.416172 0.180113 0.420626 0.190505 0.433987 0.205352 0.445864 0.212775 0.439926 0.232075 0.433987
0 0.089844 0.949219 0.101562 0.949219 0.105469 0.949219 0.109375 0.953125 0.113281 0.957031 0.113281 0.968750 0.113281 0.972656 0.109375 0.976562 0.109375 0.980469 0.078125 0.984375 0.074219 0.984375 0.074219 0.960938 0.074219 0.957031 0.089844 0.949219
0 0.738281 0.042969 0.785156 0.046875 0.789062 0.046875 0.792969 0.082031 0.792969 0.085938 0.781250 0.105469 0.777344 0.109375 0.761719 0.109375 0.757812 0.109375 0.734375 0.074219 0.730469 0.070312 0.726562 0.058594 0.722656 0.054688 0.738281 0.042969
0 0.050781 0.000000 0.050781 0.000000 0.054688 0.003906 0.050781 0.023438 0.050781 0.027344 0.042969 0.031250 0.039062 0.035156 0.023438 0.035156 0.019531 0.039062 0.000000 0.034180 0.000000 0.006944 0.012500 0.000000
0 0.307740 0.118719 0.298688 0.120227 0.297179 0.138332 0.279074 0.133806 0.277565 0.141350 0.279074 0.145876 0.291144 0.153420 0.306231 0.159455 0.322827 0.159455 0.322827 0.127771
0 0.421034 0.362977 0.406206 0.367920 0.373256 0.384395 0.366666 0.405813 0.351838 0.418993 0.360076 0.447001 0.379846 0.447001 0.404559 0.443705 0.401264 0.428878 0.399616 0.397575 0.407854 0.394280 0.424329 0.394280 0.432567 0.386042
0 0.000000 0.921697 0.022334 0.928077 0.017391 0.914897 0.023981 0.909955 0.027276 0.900070 0.014096 0.896775 0.005858 0.895127 0.009153 0.890184 0.000000 0.888877
0 0.480469 0.503906 0.488281 0.503906 0.492188 0.503906 0.503906 0.515625 0.507812 0.519531 0.503906 0.531250 0.503906 0.535156 0.492188 0.542969 0.488281 0.546875 0.476562 0.535156 0.472656 0.531250 0.472656 0.515625 0.472656 0.511719 0.480469 0.503906
0 0.949219 0.359375 0.968750 0.359375 0.972656 0.359375 0.988281 0.367188 0.992188 0.367188 1.000000 0.378906 1.000000 0.378906 1.000000 0.398438 1.000000 0.398438 1.000000 0.402344 0.980469 0.406250 0.976562 0.410156 0.945312 0.406250 0.941406 0.406250 0.937500 0.402344 0.933594 0.398438 0.933594 0.382812 0.933594 0.378906 0.949219 0.359375
0 0.555064 0.285649 0.577049 0.285649 0.589611 0.282508 0.584900 0.240110 0.559775 0.236969 0.540932 0.246391 0.537791 0.252672 0.572338 0.255813 0.567627 0.271516 0.559775 0.273086
0 0.622720 0.297396 0.606403 0.304927 0.605147 0.319989 0.592596 0.330031 0.582554 0.341327 0.593851 0.355134 0.618954 0.351369 0.613934 0.346348 0.613934 0.338817 0.618954 0.328776 0.626485 0.327520 0.630251 0.332541 0.645313 0.325010 0.639037 0.317479 0.630251 0.311203
0 0.567492 0.308693 0.552430 0.306182 0.544899 0.309948 0.542389 0.316224 0.541134 0.330031 0.553685 0.336307 0.564982 0.336307
0 0.000000 0.814036 0.011566 0.811558 0.012882 0.802339 0.010249 0.803656 0.020784 0.801023 0.020784 0.790487 0.000000 0.789189
0 0.882812 0.234375 0.929688 0.238281 0.933594 0.238281 0.953125 0.253906 0.957031 0.257812 0.953125 0.265625 0.953125 0.269531 0.925781 0.281250 0.921875 0.285156 0.902344 0.281250 0.898438 0.281250 0.871094 0.257812 0.867188 0.253906 0.867188 0.242188 0.867188 0.238281 0.882812 0.234375
0 0.234194 0.127024 0.221223 0.127024 0.217980 0.139995 0.208252 0.162694 0.201766 0.162694 0.208252 0.178908 0.239058 0.185393 0.255272 0.185393 0.261757 0.172423 0.253650 0.159452 0.253650 0.152966 0.258514 0.152966 0.260136 0.143238 0.245544 0.136752
0 0.337962 0.088111 0.328234 0.094596 0.318505 0.094596 0.318505 0.109189 0.323370 0.114053 0.354176 0.122160 0.354176 0.107568 0.350933 0.089732
0 0.433623 0.130267 0.433623 0.120539 0.448215 0.117296 0.441730 0.099461 0.435244 0.094596 0.432002 0.086490 0.415788 0.086490 0.409302 0.089732 0.409302 0.101082 0.401195 0.109189 0.412545 0.123781
0 0.067193 0.313482 0.073678 0.336181 0.075300 0.354016 0.091513 0.358880 0.091513 0.339424 0.097999 0.334560 0.130426 0.347531 0.130426 0.331317 0.117455 0.326453 0.110970 0.321589 0.107727 0.308618 0.099620 0.308618
0 0.000000 0.376536 0.007202 0.378337 0.007202 0.375094 0.020173 0.370230 0.046115 0.370230 0.042872 0.357259 0.039629 0.355637 0.038008 0.339424 0.033144 0.326453 0.013688 0.321589 0.005580 0.321589 0.000716 0.313482 0.000000 0.313960
0 0.074187 0.472227 0.064344 0.493882 0.089936 0.531286 0.097810 0.507662 0.089936 0.478133
0 0.097810 0.403326 0.103716 0.421043 0.117496 0.430886 0.135214 0.430886 0.139151 0.419075 0.123402 0.417106 0.113559 0.405295 0.113559 0.411200
0 0.249393 0.243868 0.259237 0.257648 0.274986 0.257648 0.286797 0.253711 0.286797 0.237962 0.278923 0.232056 0.263174 0.232056
