0 0.358724 0.000000 0.375000 0.019531 0.378906 0.019531 0.375000 0.039062 0.371094 0.042969 0.273438 0.082031 0.269531 0.085938 0.238281 0.085938 0.234375 0.085938 0.218750 0.074219 0.214844 0.070312 0.210938 0.031250 0.210938 0.027344 0.187500 0.015625 0.183594 0.015625 0.171875 0.003906 0.167969 0.003906 0.167535 0.000000
0 0.359375 0.050781 0.378906 0.070312 0.382812 0.074219 0.414062 0.136719 0.417969 0.140625 0.421875 0.167969 0.421875 0.171875 0.386719 0.171875 0.382812 0.171875 0.332031 0.152344 0.328125 0.152344 0.316406 0.140625 0.312500 0.136719 0.292969 0.101562 0.289062 0.097656 0.289062 0.085938 0.285156 0.082031 0.292969 0.074219 0.296875 0.070312 0.359375 0.050781
0 0.812500 0.000000 0.812500 0.000000 0.812500 0.003906 0.804688 0.007812 0.800781 0.011719 0.765625 0.007812 0.761719 0.003906 0.760937 0.000000
0 0.738281 0.000000 0.738281 0.000000 0.738281 0.003906 0.726562 0.011719 0.722656 0.015625 0.703125 0.019531 0.699219 0.019531 0.660156 0.039062 0.656250 0.039062 0.652344 0.007812 0.648438 0.003906 0.650391 0.000000
0 0.691406 0.394531 0.699219 0.394531 0.703125 0.394531 0.722656 0.410156 0.726562 0.414062 0.753906 0.421875 0.757812 0.421875 0.792969 0.441406 0.796875 0.441406 0.851562 0.488281 0.855469 0.492188 0.882812 0.539062 0.882812 0.542969 0.898438 0.554688 0.902344 0.558594 0.964844 0.652344 0.968750 0.656250 0.968750 0.695312 0.968750 0.699219 0.937500 0.738281 0.933594 0.742188 0.878906 0.753906 0.875000 0.753906 0.835938 0.722656 0.832031 0.718750 0.765625 0.703125 0.761719 0.699219 0.687500 0.695312 0.683594 0.695312 0.679688 0.699219 0.675781 0.703125 0.683594 0.722656 0.679688 0.726562 0.664062 0.722656 0.660156 0.722656 0.640625 0.703125 0.636719 0.699219 0.628906 0.675781 0.628906 0.671875 0.601562 0.640625 0.597656 0.636719 0.597656 0.628906 0.593750 0.625000 0.613281 0.601562 0.617188 0.597656 0.625000 0.546875 0.625000 0.542969 0.582031 0.464844 0.582031 0.460938 0.609375 0.441406 0.613281 0.437500 0.644531 0.429688 0.648438 0.429688 0.691406 0.394531
0 0.324219 0.476562 0.421875 0.531250 0.425781 0.531250 0.476562 0.570312 0.480469 0.570312 0.511719 0.605469 0.511719 0.609375 0.546875 0.640625 0.550781 0.644531 0.550781 0.648438 0.550781 0.652344 0.515625 0.679688 0.511719 0.683594 0.507812 0.699219 0.503906 0.703125 0.406250 0.707031 0.402344 0.707031 0.390625 0.722656 0.386719 0.726562 0.375000 0.722656 0.371094 0.722656 0.355469 0.667969 0.351562 0.664062 0.355469 0.628906 0.355469 0.625000 0.351562 0.617188 0.347656 0.613281 0.347656 0.570312 0.347656 0.566406 0.324219 0.492188 0.320312 0.488281 0.324219 0.476562
0 0.753906 0.886719 0.800781 0.902344 0.804688 0.902344 0.808594 0.921875 0.808594 0.925781 0.789062 0.953125 0.789062 0.957031 0.750000 0.996094 0.746094 1.000000 0.746094 1.000000 0.622980 1.000000 0.621094 0.945312 0.617188 0.941406 0.621094 0.925781 0.621094 0.921875 0.640625 0.898438 0.644531 0.894531 0.695312 0.898438 0.699219 0.898438 0.753906 0.886719
0 0.988281 0.644531 0.992188 0.644531 0.996094 0.644531 0.996094 0.757812 0.996094 0.761719 0.988281 0.761719 0.984375 0.761719 0.917969 0.812500 0.914062 0.812500 0.910156 0.769531 0.910156 0.765625 0.917969 0.753906 0.917969 0.750000 0.929688 0.742188 0.933594 0.742188 0.964844 0.703125 0.968750 0.699219 0.972656 0.664062 0.972656 0.660156 0.988281 0.644531
0 0.109375 0.796875 0.195312 0.812500 0.199219 0.812500 0.250000 0.875000 0.253906 0.878906 0.253906 0.890625 0.253906 0.894531 0.230469 0.898438 0.226562 0.902344 0.089844 0.902344 0.085938 0.902344 0.035156 0.886719 0.031250 0.886719 0.027344 0.882812 0.023438 0.878906 0.023438 0.867188 0.023438 0.863281 0.109375 0.796875
0 0.000000 0.719401 0.019531 0.722656 0.023438 0.722656 0.027344 0.734375 0.027344 0.738281 0.039062 0.746094 0.042969 0.750000 0.066406 0.750000 0.070312 0.750000 0.093750 0.796875 0.093750 0.800781 0.070312 0.808594 0.066406 0.808594 0.027344 0.796875 0.023438 0.796875 0.000000 0.783482
0 0.000000 0.718750 0.015625 0.718750 0.019531 0.718750 0.042969 0.746094 0.046875 0.750000 0.062500 0.750000 0.066406 0.750000 0.093750 0.796875 0.093750 0.800781 0.066406 0.808594 0.062500 0.808594 0.050781 0.832031 0.050781 0.835938 0.019531 0.863281 0.015625 0.867188 0.000000 0.868608
0 0.000000 0.348228 0.117188 0.371094 0.121094 0.371094 0.128906 0.375000 0.132812 0.378906 0.132812 0.394531 0.132812 0.398438 0.113281 0.417969 0.109375 0.421875 0.078125 0.429688 0.074219 0.429688 0.046875 0.445312 0.042969 0.445312 0.011719 0.425781 0.007812 0.425781 0.000000 0.417969
0 0.011719 0.167969 0.035156 0.171875 0.039062 0.171875 0.074219 0.203125 0.078125 0.203125 0.125000 0.250000 0.128906 0.253906 0.132812 0.269531 0.132812 0.273438 0.117188 0.269531 0.113281 0.265625 0.066406 0.273438 0.062500 0.273438 0.027344 0.296875 0.023438 0.300781 0.000000 0.300781 0.000000 0.300781 0.000000 0.178223 0.011719 0.167969
0 0.011719 0.074219 0.019531 0.074219 0.023438 0.078125 0.031250 0.152344 0.031250 0.156250 0.011719 0.164062 0.007812 0.164062 0.000000 0.171875 0.000000 0.085938 0.011719 0.074219
0 0.175781 0.125000 0.191406 0.125000 0.195312 0.125000 0.230469 0.144531 0.234375 0.148438 0.238281 0.171875 0.238281 0.175781 0.226562 0.199219 0.222656 0.203125 0.203125 0.183594 0.199219 0.179688 0.167969 0.171875 0.164062 0.171875 0.152344 0.160156 0.148438 0.156250 0.148438 0.144531 0.148438 0.140625 0.175781 0.125000
0 0.000000 0.449219 0.000000 0.449219 0.015625 0.457031 0.019531 0.457031 0.031250 0.476562 0.035156 0.480469 0.031250 0.492188 0.031250 0.496094 0.023438 0.500000 0.019531 0.503906 0.000000 0.507161
0 0.207031 0.718750 0.250000 0.722656 0.253906 0.722656 0.265625 0.738281 0.269531 0.742188 0.269531 0.757812 0.269531 0.761719 0.250000 0.765625 0.246094 0.765625 0.187500 0.742188 0.183594 0.742188 0.175781 0.730469 0.175781 0.726562 0.207031 0.718750
0 0.324219 0.714844 0.339844 0.718750 0.343750 0.722656 0.343750 0.742188 0.347656 0.746094 0.347656 0.765625 0.347656 0.769531 0.335938 0.781250 0.332031 0.785156 0.324219 0.785156 0.320312 0.789062 0.312500 0.785156 0.308594 0.785156 0.308594 0.757812 0.308594 0.753906 0.312500 0.726562 0.312500 0.722656 0.324219 0.714844
0 0.484375 0.710938 0.511719 0.714844 0.515625 0.718750 0.519531 0.734375 0.523438 0.738281 0.515625 0.773438 0.515625 0.777344 0.503906 0.777344 0.500000 0.777344 0.468750 0.753906 0.464844 0.750000 0.464844 0.734375 0.464844 0.730469 0.472656 0.718750 0.472656 0.714844 0.484375 0.710938
0 0.492188 0.906250 0.500000 0.906250 0.503906 0.910156 0.511719 0.925781 0.511719 0.929688 0.539062 0.964844 0.542969 0.968750 0.554688 1.000000 0.554688 1.000000 0.509766 1.000000 0.480469 0.988281 0.476562 0.984375 0.472656 0.972656 0.472656 0.968750 0.484375 0.921875 0.484375 0.917969 0.492188 0.906250
0 0.382812 0.406250 0.398438 0.410156 0.402344 0.410156 0.410156 0.421875 0.414062 0.425781 0.406250 0.445312 0.402344 0.449219 0.394531 0.503906 0.390625 0.507812 0.382812 0.507812 0.378906 0.507812 0.320312 0.468750 0.316406 0.468750 0.332031 0.441406 0.335938 0.437500 0.382812 0.406250
0 0.914062 0.515625 0.929688 0.515625 0.933594 0.515625 0.957031 0.531250 0.960938 0.535156 0.960938 0.546875 0.960938 0.550781 0.953125 0.558594 0.953125 0.562500 0.929688 0.570312 0.925781 0.570312 0.890625 0.542969 0.886719 0.539062 0.886719 0.531250 0.886719 0.527344 0.914062 0.515625
0 0.984375 0.175781 0.992188 0.175781 0.996094 0.175781 0.996094 0.277344 0.996094 0.281250 0.960938 0.281250 0.957031 0.281250 0.929688 0.257812 0.925781 0.253906 0.925781 0.230469 0.925781 0.226562 0.957031 0.187500 0.960938 0.183594 0.984375 0.175781
0 0.324219 0.898438 0.394531 0.902344 0.398438 0.902344 0.406250 0.914062 0.410156 0.917969 0.410156 0.937500 0.410156 0.941406 0.406250 0.945312 0.402344 0.949219 0.339844 0.941406 0.335938 0.941406 0.312500 0.917969 0.308594 0.914062 0.312500 0.906250 0.312500 0.902344 0.324219 0.898438
0 0.308594 0.832031 0.328125 0.835938 0.332031 0.839844 0.332031 0.859375 0.332031 0.863281 0.324219 0.867188 0.320312 0.871094 0.296875 0.863281 0.292969 0.859375 0.292969 0.847656 0.292969 0.843750 0.308594 0.832031
0 0.910152 0.180931 0.906037 0.178874 0.902436 0.175273 0.897807 0.173216 0.893178 0.170130 0.883919 0.166015 0.878261 0.159842 0.877746 0.143897 0.881861 0.139267 0.890091 0.134123 0.911180 0.134123 0.915810 0.135667 0.918896 0.138239 0.925583 0.140811 0.933298 0.144925 0.960560 0.162414 0.962104 0.163957 0.962104 0.166529 0.957474 0.175788 0.952845 0.180931 0.946672 0.184018 0.944615 0.184018 0.939986 0.185561 0.933298 0.189161 0.929698 0.189676 0.919925 0.189161 0.912724 0.185561
0 0.772300 0.123322 0.767671 0.119721 0.764585 0.115606 0.759955 0.104290 0.753783 0.094003 0.750697 0.090402 0.748639 0.089373 0.742981 0.084230 0.741952 0.080114 0.741952 0.073942 0.749154 0.065712 0.752754 0.063140 0.757384 0.062112 0.759955 0.062112 0.762527 0.063140 0.777959 0.079600 0.780530 0.083715 0.782073 0.088345 0.782073 0.113549 0.778987 0.119207 0.776930 0.120236
0 0.800076 0.081143 0.789275 0.076514 0.782073 0.069827 0.782073 0.061083 0.784131 0.059025 0.798019 0.055425 0.802134 0.055425 0.806763 0.057996 0.813964 0.064169 0.819623 0.071885 0.821680 0.076000 0.822194 0.082686 0.819108 0.083715 0.803677 0.083715
0 0.475907 0.031291 0.468918 0.030656 0.461930 0.027479 0.454941 0.025573 0.447952 0.020490 0.443505 0.014772 0.439693 0.008419 0.437787 0.007148 0.435246 0.002701 0.433339 0.002066 0.432704 0.000160 0.432704 0.000000 0.509580 0.000000 0.509580 0.007784 0.500050 0.019220 0.489249 0.026209 0.487343 0.028114 0.485437 0.028750 0.482260 0.028750
0 0.634740 0.035738 0.631564 0.030656 0.629022 0.024938 0.625210 0.022396 0.621398 0.021126 0.617586 0.018584 0.615680 0.016043 0.613774 0.014772 0.613774 0.006513 0.614410 0.003972 0.616316 0.002701 0.617586 0.000795 0.632834 0.000795 0.636011 0.001430 0.648718 0.010961 0.650624 0.014772 0.650624 0.017314 0.653165 0.022396 0.653800 0.024938 0.653800 0.043998 0.650624 0.050351 0.648718 0.050986 0.643000 0.050986 0.639823 0.049716 0.638552 0.047175 0.636646 0.045904 0.636011 0.043998 0.636011 0.040821
0 0.918734 0.300673 0.910475 0.296225 0.906028 0.294955 0.900310 0.291143 0.897133 0.287330 0.895227 0.286060 0.895227 0.273989 0.898404 0.268271 0.900945 0.268271 0.903486 0.267000 0.911111 0.266364 0.915558 0.264459 0.923182 0.264459 0.932077 0.262553 0.937795 0.262553 0.940336 0.263188 0.949230 0.268906 0.950501 0.271447 0.954948 0.275259 0.956219 0.279071 0.955584 0.281613 0.951772 0.288601 0.948595 0.292413 0.944783 0.294955 0.941607 0.296861 0.934618 0.299402 0.926994 0.300037 0.925088 0.301308
0 0.911746 0.388349 0.906028 0.384537 0.904122 0.381995 0.903486 0.380089 0.904757 0.376912 0.906663 0.375642 0.912381 0.368018 0.916829 0.364206 0.921276 0.362300 0.926994 0.362935 0.928900 0.364206 0.930171 0.366112 0.930806 0.368653 0.930806 0.380089 0.932077 0.382630 0.932077 0.385172 0.930806 0.387713 0.928900 0.389619 0.916829 0.390255
0 0.976550 0.469671 0.969561 0.467765 0.963208 0.460141 0.960666 0.456329 0.959396 0.451246 0.959396 0.447435 0.970196 0.437905 0.972102 0.436634 0.977821 0.434728 0.981632 0.435999 0.987350 0.439811 0.993068 0.448705 0.996245 0.457600 0.996245 0.460777 0.996880 0.462683 0.994975 0.466495 0.990527 0.469671 0.987986 0.470307 0.986080 0.471577 0.983539 0.471577
0 0.893321 0.897251 0.893321 0.883273 0.892686 0.880732 0.892686 0.873108 0.891415 0.869932 0.891415 0.861672 0.892050 0.858496 0.893321 0.855954 0.895227 0.854048 0.902216 0.851507 0.911111 0.848966 0.913652 0.849601 0.914287 0.852142 0.918734 0.857860 0.922546 0.859766 0.925723 0.864214 0.937795 0.875014 0.939065 0.878826 0.939065 0.882003 0.937159 0.885180 0.932077 0.888991 0.922546 0.893439 0.921276 0.895345 0.916829 0.897886 0.914923 0.899792 0.911746 0.901063 0.906028 0.904875 0.900310 0.907416 0.898404 0.908052 0.895862 0.907416 0.891415 0.902334
0 0.474636 0.852778 0.465741 0.848330 0.460023 0.843248 0.458118 0.842612 0.456212 0.840071 0.454305 0.838800 0.452400 0.834988 0.452400 0.827364 0.453670 0.824187 0.455576 0.822282 0.458118 0.815928 0.461930 0.812752 0.466377 0.807034 0.468283 0.805763 0.471460 0.805763 0.478448 0.811481 0.483531 0.818470 0.487343 0.821011 0.489884 0.821646 0.492426 0.824823 0.493061 0.827364 0.493061 0.836259 0.492426 0.838165 0.488614 0.843883 0.487978 0.846424 0.486707 0.848330 0.485437 0.853413 0.481625 0.855319 0.479084 0.855319
0 0.056402 0.465280 0.051423 0.462664 0.035054 0.442920 0.038429 0.439882 0.066274 0.430262 0.066612 0.434425 0.077863 0.427628 0.083956 0.429269 0.087707 0.433957 0.134941 0.432858 0.141532 0.439449 0.148123 0.452631 0.148123 0.463616 0.144827 0.465813 0.141532 0.473502 0.136039 0.476797 0.123956 0.477896 0.121759 0.475699 0.117365 0.475699 0.095396 0.458123 0.084411 0.454828 0.075623 0.454828 0.066836 0.462517
0 0.085199 0.497521 0.071588 0.483510 0.065984 0.481508 0.056776 0.479907 0.052373 0.477905 0.052373 0.473502 0.053173 0.471100 0.058778 0.467096 0.071188 0.461492 0.076792 0.460691 0.091204 0.461092 0.095207 0.463093 0.105615 0.465896 0.113621 0.470299 0.115223 0.472301 0.119627 0.482309 0.120027 0.487112 0.118826 0.489514 0.112821 0.495920 0.108818 0.497521 0.098810 0.498722 0.089202 0.498722
0 0.130035 0.502325 0.126432 0.499122 0.123229 0.492317 0.122829 0.489915 0.121628 0.488314 0.121228 0.479507 0.122029 0.477105 0.126432 0.470700 0.133237 0.467897 0.146848 0.464695 0.150851 0.467897 0.156055 0.479106 0.156856 0.483510 0.158457 0.485111 0.162861 0.493518 0.163261 0.500723 0.160059 0.504326 0.158057 0.505527 0.154454 0.505928 0.147248 0.508730 0.137241 0.508730 0.135239 0.507929 0.131636 0.505127
0 0.507002 0.279213 0.522348 0.278546 0.537026 0.275877 0.556375 0.275877 0.562380 0.273209 0.564381 0.271207 0.568384 0.269205 0.570386 0.266537 0.573055 0.266537 0.581729 0.261199 0.588400 0.259197 0.593738 0.258530 0.596407 0.257196 0.606415 0.255861 0.609751 0.254527 0.616423 0.253193 0.621761 0.248522 0.629767 0.246521 0.632436 0.245186 0.638441 0.245186 0.642444 0.243185 0.646447 0.242518 0.648448 0.240516 0.652452 0.240516 0.656455 0.239181 0.668464 0.239181 0.679807 0.235845 0.684477 0.235178 0.695152 0.235178 0.697821 0.234511 0.702491 0.235178 0.705160 0.237180 0.707162 0.237180 0.711165 0.238514 0.713834 0.240516 0.720506 0.242518 0.723842 0.244519 0.738520 0.249189 0.749195 0.249857 0.751197 0.250524 0.753199 0.253860 0.753866 0.256529 0.759204 0.261199 0.763207 0.266537 0.769879 0.271874 0.775216 0.279880 0.782555 0.287887 0.788560 0.299229 0.789895 0.303232 0.796567 0.312573 0.797234 0.316577 0.799236 0.318578 0.800570 0.321914 0.802571 0.323916 0.803906 0.327919 0.803906 0.329920 0.805240 0.331922 0.805240 0.341930 0.804573 0.344599 0.804573 0.349936 0.802571 0.357276 0.802571 0.361946 0.799903 0.368618 0.797901 0.370620 0.789227 0.375957 0.785891 0.376625 0.783890 0.378626 0.779887 0.379293 0.775884 0.382629 0.569052 0.377959 0.569052 0.391970 0.567717 0.393971 0.560378 0.395306 0.549703 0.395306 0.547701 0.394639 0.545032 0.390636 0.543031 0.389301 0.541029 0.385298 0.537026 0.381962 0.536359 0.379293 0.534357 0.377292 0.533690 0.375290 0.531689 0.374623 0.530354 0.371954 0.516343 0.371954 0.508337 0.369285 0.498329 0.362613 0.494325 0.358610 0.487654 0.354607 0.482983 0.352605 0.476978 0.347935 0.474977 0.343932 0.474977 0.334591 0.476311 0.331922 0.478313 0.329920 0.479647 0.325917 0.486986 0.317244 0.486986 0.307236 0.486319 0.303232 0.483650 0.298562 0.483650 0.296561 0.484985 0.291890 0.488321 0.287887 0.492324 0.284551 0.496994 0.281215 0.500997 0.279213
0 0.502332 0.270540 0.496994 0.266537 0.492324 0.259197 0.492991 0.255194 0.494993 0.255194 0.498996 0.252525 0.501664 0.249857 0.502332 0.247855 0.502332 0.241850 0.503666 0.238514 0.507670 0.236512 0.507002 0.234511 0.505001 0.233177 0.500997 0.228506 0.494325 0.218498 0.492324 0.216496 0.492324 0.207156 0.492991 0.203153 0.494993 0.195813 0.496994 0.191143 0.496994 0.163788 0.500997 0.163121 0.505668 0.161119 0.513674 0.161119 0.516343 0.161786 0.517677 0.163788 0.519679 0.171794 0.519679 0.181135 0.519012 0.183804 0.519012 0.205821 0.521013 0.207823 0.539028 0.207823 0.541029 0.208490 0.545700 0.211159 0.549036 0.217831 0.550370 0.222502 0.550370 0.260532 0.549703 0.262533 0.545700 0.268538 0.537026 0.273876 0.509004 0.273876
0 0.841269 0.171794 0.837266 0.167124 0.836598 0.165122 0.835931 0.151111 0.835264 0.149109 0.835264 0.129093 0.837266 0.124423 0.839935 0.121754 0.845939 0.116417 0.847941 0.115750 0.850610 0.116417 0.858616 0.120420 0.867957 0.129093 0.872627 0.132430 0.874629 0.133097 0.878632 0.136433 0.881301 0.143105 0.881301 0.147108 0.882635 0.149777 0.883970 0.164455 0.885304 0.167124 0.885304 0.179134 0.883302 0.181135 0.879966 0.182470 0.863287 0.182470 0.858616 0.180468 0.854613 0.179801 0.849275 0.177132 0.845272 0.176465
0 0.667797 0.403980 0.666463 0.397307 0.666463 0.389301 0.668464 0.385298 0.673135 0.380628 0.677138 0.380628 0.684477 0.379293 0.749195 0.379293 0.752532 0.378626 0.777885 0.378626 0.784557 0.381295 0.792563 0.381962 0.793230 0.385298 0.793230 0.395306 0.792563 0.399309 0.791229 0.401311 0.790562 0.410652 0.787893 0.415989 0.787226 0.418658 0.787226 0.424663 0.786559 0.426664 0.785224 0.429333 0.783223 0.430000 0.775884 0.430000 0.765208 0.424663 0.757202 0.422661 0.752532 0.420659 0.743858 0.418658 0.741856 0.417323 0.737186 0.415989 0.726511 0.414655 0.719839 0.411986 0.715168 0.408650 0.711165 0.406648 0.707162 0.403313 0.703826 0.399309 0.689815 0.398642 0.687813 0.400644 0.685812 0.400644 0.683810 0.401978 0.681141 0.401978 0.679139 0.403313 0.673802 0.403313
0 0.809243 0.305901 0.803239 0.305234 0.795900 0.301231 0.791229 0.296561 0.784557 0.291223 0.783223 0.289221 0.777218 0.283884 0.776551 0.281882 0.773215 0.277879 0.772548 0.273876 0.771213 0.271874 0.771213 0.255194 0.771880 0.253193 0.773882 0.250524 0.777885 0.248522 0.783890 0.247855 0.785891 0.249189 0.793230 0.263868 0.795232 0.266537 0.801904 0.271874 0.805240 0.276545 0.811245 0.283216 0.817917 0.287220 0.825256 0.289889 0.826591 0.292557 0.826591 0.294559 0.823255 0.299896 0.823255 0.301898 0.821253 0.304567 0.820586 0.307236 0.816582 0.313241 0.814581 0.314575 0.812579 0.314575 0.810578 0.313908 0.810578 0.311906
0 0.705605 0.888366 0.698933 0.876134 0.698933 0.867238 0.702269 0.863902 0.715613 0.859454 0.723397 0.852782 0.738965 0.846110 0.754533 0.870574 0.756757 0.870574 0.764541 0.877246 0.777885 0.892814 0.778997 0.897262 0.763429 0.897262 0.762317 0.895038 0.747861 0.888366 0.736741 0.888366 0.713389 0.893926
0 0.791361 1.000000 0.789005 0.996230 0.771213 0.990670 0.770101 0.972878 0.777885 0.961758 0.794565 0.951750 0.802349 0.950638 0.803461 0.956198 0.812357 0.967318 0.812357 0.977326 0.806958 1.000000
0 0.204094 0.592575 0.191862 0.581455 0.188526 0.572559 0.176294 0.565887 0.172958 0.559214 0.172958 0.554766 0.174070 0.551430 0.179630 0.548095 0.212990 0.533639 0.215214 0.598134 0.210766 0.599246
0 0.220774 0.323248 0.214102 0.326584 0.203427 0.326584 0.198756 0.327919 0.188081 0.328586 0.185412 0.327919 0.184078 0.325917 0.182076 0.325250 0.180075 0.323248 0.176739 0.314575 0.176739 0.294559 0.174737 0.292557 0.176739 0.290556 0.180742 0.289889 0.192084 0.289889 0.198089 0.289221 0.202092 0.287887 0.202092 0.282549 0.201425 0.279880 0.196755 0.269873 0.196755 0.267871 0.194753 0.262533 0.194753 0.255194 0.196087 0.253193 0.199423 0.250524 0.206762 0.247188 0.208764 0.245186 0.213435 0.243185 0.215436 0.247855 0.215436 0.253860 0.216771 0.258530 0.216771 0.277879 0.218105 0.280548 0.220107 0.287887 0.220774 0.295893 0.222775 0.298562 0.223443 0.303900 0.225444 0.305234 0.226779 0.308570 0.226779 0.315242 0.228780 0.321247 0.228780 0.323248 0.226779 0.323248
