0 0.792969 0.644531 0.789062 0.640625 0.753906 0.523438 0.750000 0.519531 0.718750 0.484375 0.699219 0.484375 0.621094 0.535156 0.605469 0.550781 0.605469 0.554688 0.597656 0.574219 0.601562 0.578125 0.605469 0.593750 0.636719 0.625000 0.636719 0.628906 0.664062 0.691406 0.667969 0.695312 0.670767 0.698810 0.673936 0.697958 0.687500 0.699219 0.702309 0.715666 0.705518 0.715845 0.710369 0.714369 0.717049 0.716166 0.717387 0.716504 0.757812 0.718750 0.761719 0.714844 0.781250 0.703125 0.781250 0.699219 0.789062 0.687500 0.789062 0.683594
0 0.741163 0.842974 0.737725 0.819227 0.727043 0.809661 0.727706 0.776673 0.724268 0.761131 0.722118 0.758980 0.722114 0.734243 0.723768 0.727768 0.721971 0.721088 0.717049 0.716166 0.710369 0.714369 0.703125 0.716573 0.687500 0.699219 0.673936 0.697958 0.667257 0.699755 0.662335 0.704677 0.660538 0.711356 0.669884 0.750530 0.675837 0.765625 0.656250 0.765625 0.652344 0.761719 0.621094 0.746094 0.558594 0.699219 0.507812 0.691406 0.496094 0.703125 0.496094 0.714844 0.500000 0.718750 0.519531 0.757812 0.519531 0.761719 0.507812 0.777344 0.507812 0.781250 0.515625 0.800781 0.519531 0.800781 0.554688 0.824219 0.558594 0.824219 0.601562 0.843750 0.648438 0.843750 0.652344 0.839844 0.679688 0.835938 0.683594 0.839844 0.709899 0.847656 0.716490 0.853919 0.725468 0.856372 0.734445 0.854575 0.739366 0.849654
0 0.910156 0.113281 0.941406 0.125000 0.945312 0.128906 0.992188 0.117188 0.996094 0.113281 1.000000 0.113839 1.000000 0.621094 1.000000 0.621094 0.996094 0.621094 0.984375 0.609375 0.980469 0.605469 0.972656 0.570312 0.972656 0.566406 0.953125 0.519531 0.953125 0.515625 0.914062 0.453125 0.910156 0.449219 0.914062 0.378906 0.914062 0.375000 0.906250 0.367188 0.902344 0.363281 0.878906 0.359375 0.875000 0.355469 0.878906 0.332031 0.878906 0.328125 0.855469 0.292969 0.851562 0.289062 0.851562 0.273438 0.851562 0.269531 0.898438 0.203125 0.902344 0.199219 0.902344 0.179688 0.902344 0.175781 0.875000 0.144531 0.871094 0.140625 0.871094 0.132812 0.871094 0.128906 0.910156 0.113281
0 0.085938 0.554688 0.121094 0.558594 0.125000 0.558594 0.144531 0.574219 0.148438 0.578125 0.167969 0.617188 0.167969 0.621094 0.203125 0.656250 0.207031 0.660156 0.222656 0.710938 0.222656 0.714844 0.226562 0.718750 0.230469 0.722656 0.253906 0.726562 0.257812 0.730469 0.269531 0.765625 0.269531 0.769531 0.250000 0.792969 0.250000 0.796875 0.234375 0.804688 0.230469 0.804688 0.187500 0.851562 0.183594 0.855469 0.175781 0.859375 0.171875 0.863281 0.156250 0.863281 0.152344 0.863281 0.140625 0.878906 0.140625 0.882812 0.117188 0.890625 0.113281 0.890625 0.085938 0.917969 0.082031 0.921875 0.039062 0.941406 0.035156 0.945312 0.003906 0.949219 0.000000 0.949219 0.000000 0.949219 0.000000 0.652344 0.039062 0.605469 0.042969 0.601562 0.050781 0.574219 0.050781 0.570312 0.085938 0.554688
0 0.269531 0.304688 0.351562 0.324219 0.355469 0.328125 0.402344 0.328125 0.406250 0.328125 0.417969 0.343750 0.421875 0.347656 0.421875 0.363281 0.417969 0.367188 0.437500 0.394531 0.441406 0.398438 0.445312 0.437500 0.445312 0.441406 0.433594 0.460938 0.429688 0.464844 0.394531 0.566406 0.390625 0.570312 0.343750 0.574219 0.339844 0.570312 0.339844 0.527344 0.339844 0.523438 0.308594 0.472656 0.304688 0.468750 0.296875 0.433594 0.292969 0.429688 0.289062 0.363281 0.289062 0.359375 0.273438 0.347656 0.269531 0.347656 0.253906 0.328125 0.250000 0.324219 0.250000 0.320312 0.250000 0.316406 0.269531 0.304688
0 0.859375 0.566406 0.882812 0.566406 0.886719 0.566406 0.917969 0.585938 0.921875 0.585938 0.937500 0.605469 0.941406 0.609375 0.953125 0.640625 0.953125 0.644531 0.968750 0.656250 0.972656 0.660156 0.972656 0.679688 0.972656 0.683594 0.957031 0.695312 0.953125 0.699219 0.945312 0.746094 0.945312 0.750000 0.921875 0.781250 0.917969 0.785156 0.835938 0.777344 0.832031 0.777344 0.824219 0.746094 0.824219 0.742188 0.808594 0.714844 0.804688 0.710938 0.804688 0.691406 0.804688 0.687500 0.812500 0.675781 0.812500 0.671875 0.832031 0.656250 0.835938 0.652344 0.859375 0.613281 0.863281 0.609375 0.859375 0.589844 0.855469 0.585938 0.859375 0.566406
0 0.402344 0.000000 0.402344 0.000000 0.402344 0.003906 0.375000 0.027344 0.371094 0.031250 0.292969 0.078125 0.289062 0.082031 0.269531 0.085938 0.265625 0.085938 0.261719 0.082031 0.257812 0.082031 0.257812 0.062500 0.257812 0.058594 0.250000 0.042969 0.246094 0.039062 0.246094 0.027344 0.246094 0.023438 0.257812 0.011719 0.261719 0.007812 0.263849 0.000000
0 1.000000 0.000000 1.000000 0.035757 0.972656 0.027344 0.968750 0.023438 0.968750 0.007812 0.968750 0.003906 0.974609 0.000000
0 0.070312 0.261719 0.089844 0.261719 0.093750 0.261719 0.101562 0.265625 0.105469 0.269531 0.136719 0.273438 0.140625 0.273438 0.164062 0.308594 0.167969 0.312500 0.187500 0.316406 0.191406 0.316406 0.222656 0.343750 0.226562 0.347656 0.226562 0.355469 0.226562 0.359375 0.203125 0.371094 0.199219 0.375000 0.187500 0.375000 0.183594 0.378906 0.160156 0.378906 0.156250 0.378906 0.093750 0.359375 0.089844 0.359375 0.074219 0.343750 0.070312 0.339844 0.066406 0.316406 0.062500 0.312500 0.058594 0.273438 0.058594 0.269531 0.070312 0.261719
0 0.464844 0.000000 0.464844 0.035156 0.464844 0.039062 0.445312 0.078125 0.445312 0.082031 0.437500 0.089844 0.433594 0.093750 0.410156 0.101562 0.406250 0.101562 0.371094 0.089844 0.367188 0.089844 0.355469 0.082031 0.351562 0.078125 0.343750 0.062500 0.343750 0.058594 0.378906 0.031250 0.382812 0.031250 0.398438 0.011719 0.402344 0.007812 0.405185 0.000000
0 0.295169 0.980200 0.295169 0.961469 0.291096 0.946963 0.276805 0.931174 0.274758 0.926129 0.255825 0.908695 0.253339 0.898438 0.250000 0.898438 0.238281 0.890625 0.218750 0.890625 0.194852 0.898591 0.189589 0.903854 0.185093 0.905352 0.164112 0.920339 0.119154 0.945815 0.087682 0.974289 0.082638 0.976337 0.052014 1.000000 0.291008 1.000000 0.294789 0.980580
0 0.468750 0.960938 0.480469 0.960938 0.484375 0.960938 0.492188 0.968750 0.496094 0.972656 0.496094 0.996094 0.496094 1.000000 0.496094 1.000000 0.433594 1.000000 0.433594 1.000000 0.429688 0.996094 0.433594 0.984375 0.433594 0.980469 0.468750 0.960938
0 0.585938 0.863281 0.632812 0.867188 0.636719 0.871094 0.718750 0.871094 0.722656 0.871094 0.765625 0.906250 0.769531 0.910156 0.773438 0.933594 0.773438 0.937500 0.746094 0.945312 0.742188 0.949219 0.699219 0.945312 0.695312 0.945312 0.617188 0.906250 0.613281 0.902344 0.582031 0.894531 0.578125 0.894531 0.570312 0.878906 0.570312 0.875000 0.585938 0.863281
0 0.522694 0.927921 0.469399 0.928810 0.457852 0.925257 0.450746 0.916374 0.440087 0.894168 0.438311 0.879956 0.447193 0.871074 0.464958 0.866633 0.488941 0.863968 0.509370 0.863968 0.528912 0.871074 0.543123 0.871962 0.550229 0.874627 0.555559 0.884398 0.573324 0.900386 0.579541 0.909268 0.582206 0.917263 0.581318 0.926145 0.568882 0.935916 0.557336 0.941245 0.541347 0.943022 0.533353 0.941245 0.528023 0.937692
0 0.156250 0.445312 0.171875 0.445312 0.175781 0.445312 0.195312 0.457031 0.199219 0.460938 0.199219 0.476562 0.199219 0.480469 0.183594 0.507812 0.183594 0.511719 0.132812 0.550781 0.128906 0.554688 0.105469 0.550781 0.101562 0.550781 0.058594 0.562500 0.054688 0.562500 0.046875 0.550781 0.046875 0.546875 0.062500 0.519531 0.062500 0.515625 0.085938 0.503906 0.089844 0.503906 0.113281 0.472656 0.117188 0.468750 0.156250 0.445312
0 0.535156 0.570312 0.550781 0.570312 0.554688 0.570312 0.566406 0.578125 0.570312 0.578125 0.585938 0.589844 0.589844 0.589844 0.605469 0.609375 0.609375 0.613281 0.617188 0.644531 0.617188 0.648438 0.585938 0.683594 0.582031 0.687500 0.519531 0.687500 0.515625 0.687500 0.503906 0.679688 0.500000 0.679688 0.453125 0.632812 0.449219 0.628906 0.457031 0.605469 0.460938 0.601562 0.535156 0.570312
0 0.632002 0.000000 0.639372 0.014609 0.641016 0.016638 0.644531 0.023438 0.645596 0.023523 0.646287 0.026134 0.650701 0.030548 0.656756 0.032151 0.663195 0.030548 0.679902 0.013841 0.683172 0.009803 0.694698 0.002119 0.696817 0.000000
0 0.567607 0.067282 0.567607 0.052908 0.566627 0.048007 0.563718 0.038686 0.559056 0.034024 0.558594 0.031250 0.554688 0.031250 0.523438 0.023438 0.503906 0.039062 0.503906 0.058594 0.515550 0.070238 0.523368 0.072167 0.527782 0.076581 0.529743 0.079195 0.532652 0.088843 0.532652 0.091130 0.531049 0.097184 0.525633 0.101896 0.523346 0.102549 0.518605 0.107289 0.517004 0.113344 0.518605 0.119399 0.523020 0.123813 0.529074 0.125414 0.537743 0.122833 0.542081 0.119148 0.553423 0.113686 0.558977 0.109439 0.563718 0.104698 0.567280 0.092110 0.567606 0.067282
0 0.539062 0.000000 0.539062 0.000000 0.539062 0.003906 0.503906 0.035156 0.500000 0.039062 0.480469 0.039062 0.476562 0.039062 0.472656 0.031250 0.468750 0.027344 0.466927 0.000000
0 0.856525 0.190097 0.854922 0.183477 0.852707 0.181262 0.850404 0.173311 0.847015 0.167662 0.842036 0.162683 0.840138 0.161915 0.834128 0.157035 0.832592 0.156629 0.829045 0.154211 0.820731 0.152043 0.816212 0.151479 0.806045 0.151480 0.796443 0.149784 0.786999 0.151952 0.779196 0.159190 0.777594 0.165245 0.778015 0.177001 0.777344 0.179688 0.778975 0.181319 0.781455 0.192198 0.783873 0.196310 0.784937 0.200701 0.784372 0.219468 0.785974 0.225523 0.790388 0.229937 0.796443 0.231538 0.802498 0.229937 0.808181 0.223864 0.814879 0.219814 0.818313 0.218640 0.823396 0.215251 0.826535 0.212113 0.835938 0.210938 0.839032 0.207843 0.842194 0.208381 0.848249 0.206779 0.853228 0.201800 0.855469 0.195312 0.856524 0.190097
0 0.781250 0.042969 0.796875 0.042969 0.800781 0.042969 0.832031 0.062500 0.835938 0.066406 0.839844 0.117188 0.839844 0.121094 0.820312 0.144531 0.816406 0.148438 0.781250 0.152344 0.777344 0.152344 0.730469 0.125000 0.726562 0.121094 0.730469 0.105469 0.730469 0.101562 0.781250 0.042969
0 0.566406 0.273438 0.566406 0.269531 0.562500 0.265625 0.558594 0.253906 0.539062 0.250000 0.523438 0.234375 0.523438 0.230469 0.515625 0.210938 0.511719 0.210938 0.484375 0.187500 0.449219 0.187500 0.445312 0.183594 0.433594 0.179688 0.339844 0.179688 0.320312 0.195312 0.324219 0.199219 0.328125 0.210938 0.331505 0.214318 0.326762 0.215804 0.321640 0.220926 0.312193 0.222529 0.302107 0.227011 0.296572 0.232546 0.294969 0.238600 0.296572 0.248017 0.304348 0.256914 0.313765 0.259638 0.362505 0.258517 0.379434 0.275966 0.389972 0.278689 0.406113 0.277087 0.411137 0.270367 0.414062 0.269531 0.445312 0.269531 0.460938 0.285156 0.453125 0.312500 0.453125 0.316406 0.457031 0.324219 0.460938 0.324219 0.492188 0.335938 0.515625 0.367188 0.519531 0.367188 0.527344 0.363281 0.531250 0.296875 0.542969 0.281250 0.562500 0.277344
0 0.928039 0.838431 0.928039 0.832622 0.925909 0.824455 0.924324 0.821287 0.920896 0.817858 0.917969 0.804688 0.910156 0.796875 0.878906 0.796875 0.859375 0.804688 0.855469 0.808594 0.851562 0.816406 0.855469 0.859375 0.851562 0.863281 0.843750 0.878906 0.843750 0.902344 0.863281 0.921875 0.882812 0.921875 0.890625 0.914062 0.890625 0.910156 0.902155 0.871724 0.905653 0.870550 0.914291 0.862440 0.919044 0.853463 0.926437 0.844486 0.928038 0.838431
0 0.476562 0.753906 0.472656 0.750000 0.472656 0.738281 0.460938 0.722656 0.460938 0.699219 0.464844 0.695312 0.472656 0.656250 0.429688 0.621094 0.378906 0.632812 0.355469 0.609375 0.355469 0.605469 0.347656 0.589844 0.343750 0.589844 0.328125 0.582031 0.292969 0.582031 0.269531 0.558594 0.265625 0.542969 0.261719 0.542969 0.191406 0.496094 0.183594 0.515625 0.148438 0.550781 0.167969 0.613281 0.191406 0.632812 0.191406 0.636719 0.230469 0.683594 0.244914 0.686229 0.264890 0.726214 0.278496 0.745644 0.285156 0.765625 0.289062 0.765625 0.351562 0.816406 0.351562 0.843750 0.355469 0.847656 0.367188 0.875000 0.410156 0.882812 0.414062 0.878906 0.429688 0.851562 0.457031 0.828125 0.457031 0.824219 0.472656 0.789062 0.472656 0.785156
0 0.640625 0.082031 0.652344 0.082031 0.656250 0.082031 0.664062 0.089844 0.667969 0.093750 0.660156 0.113281 0.656250 0.117188 0.660156 0.121094 0.664062 0.125000 0.675781 0.121094 0.679688 0.121094 0.707031 0.148438 0.710938 0.152344 0.710938 0.160156 0.714844 0.164062 0.703125 0.210938 0.703125 0.214844 0.691406 0.226562 0.687500 0.230469 0.667969 0.238281 0.664062 0.242188 0.640625 0.234375 0.636719 0.234375 0.621094 0.218750 0.617188 0.218750 0.582031 0.183594 0.578125 0.179688 0.574219 0.164062 0.570312 0.160156 0.570312 0.136719 0.570312 0.132812 0.578125 0.121094 0.578125 0.117188 0.640625 0.082031
0 0.261719 0.175781 0.257812 0.171875 0.242188 0.136719 0.238281 0.132812 0.218750 0.132812 0.164062 0.156250 0.160156 0.179688 0.167969 0.191406 0.194042 0.198795 0.209618 0.192884 0.234568 0.192884 0.242845 0.194984 0.257812 0.187500 0.257812 0.183594
