0 0.763794 0.955264 0.764520 0.958087 0.763343 0.961433 0.758661 0.961718 0.755992 0.960546 0.751611 0.957752 0.756571 0.952829 0.759287 0.945126 0.762080 0.945110 0.772822 0.944353 0.775999 0.946701 0.781151 0.948123 0.778936 0.953190 0.772432 0.954744 0.763799 0.954262
0 0.857471 0.886539 0.856948 0.881013 0.864487 0.881404 0.868498 0.885415 0.873334 0.888170 0.869046 0.893112 0.861245 0.894937
0 0.853293 0.923609 0.857173 0.921858 0.864418 0.922401 0.867284 0.930926 0.860389 0.940036 0.847119 0.935868 0.849108 0.928293
0 0.943393 0.725422 0.950830 0.721009 0.952885 0.720646 0.957010 0.718166 0.961377 0.715541 0.964410 0.722689 0.965191 0.726205 0.965409 0.729974 0.957608 0.730237 0.955518 0.728952 0.954862 0.730365 0.951612 0.732572 0.947510 0.731815 0.943936 0.731799 0.942995 0.727964
0 0.759986 0.772100 0.769208 0.762044 0.774659 0.761153 0.782080 0.761544 0.787022 0.763488 0.789239 0.763936 0.796651 0.766739 0.792526 0.769954 0.787159 0.771544 0.780518 0.770658 0.778264 0.771716 0.777909 0.775196 0.774522 0.777802 0.769580 0.777975 0.761416 0.774158
0 0.772955 0.817113 0.773611 0.817493 0.775830 0.817508 0.778819 0.817785 0.781843 0.820883 0.784932 0.825723 0.777393 0.830919 0.774463 0.829485 0.771280 0.829365 0.770852 0.828850 0.767760 0.828693 0.767718 0.828463 0.766983 0.828193 0.765548 0.826759 0.764933 0.823184 0.767764 0.818566 0.771904 0.817541
0 0.839687 0.850616 0.840678 0.858934 0.834096 0.864409 0.826693 0.860696 0.821892 0.854806 0.827331 0.848846 0.835976 0.848929
0 0.147136 0.969127 0.147812 0.959273 0.153153 0.951589 0.156127 0.951860 0.158596 0.959258 0.161736 0.961226 0.157176 0.970590
0 0.013452 0.938555 0.016682 0.932759 0.019585 0.935409 0.023846 0.935764 0.025663 0.938624 0.024908 0.941203 0.026262 0.943942 0.024460 0.946321 0.023065 0.948906 0.013827 0.949574 0.006932 0.949688 0.007054 0.944758 0.009530 0.943976 0.011124 0.944072 0.013154 0.942593
0 0.332065 0.832844 0.338664 0.835515 0.345077 0.844362 0.339600 0.848939 0.330889 0.844344 0.332385 0.841805 0.326984 0.839478
0 0.229799 0.901231 0.224524 0.899841 0.225688 0.891775 0.228548 0.889959 0.238295 0.890459 0.243127 0.892166 0.241302 0.896842
0 0.067548 0.898907 0.073256 0.895235 0.083412 0.893386 0.088217 0.898477 0.083275 0.907587 0.073002 0.905634 0.066099 0.901856
0 0.061400 0.884540 0.054779 0.881680 0.056596 0.877257 0.060951 0.877032 0.063100 0.876485 0.063913 0.876581 0.066752 0.873742 0.077416 0.873351 0.079698 0.875633 0.082494 0.876086 0.083433 0.881648 0.081713 0.884150 0.076989 0.883712 0.076381 0.884532 0.074736 0.883840 0.061973 0.883864
0 0.282787 0.605308 0.285143 0.600884 0.291358 0.601239 0.294737 0.608787 0.294355 0.613338 0.283947 0.612947 0.283947 0.607752
0 0.533698 0.409628 0.534475 0.406729 0.534357 0.403736 0.536168 0.401926 0.541624 0.399089 0.548409 0.396833 0.549893 0.398451 0.552578 0.400220 0.552578 0.405806 0.546206 0.409528 0.545640 0.410362 0.539493 0.411503
0 0.841722 0.448734 0.852416 0.439277 0.860437 0.448516 0.860437 0.452338 0.855898 0.455830 0.849459 0.455830 0.843453 0.451480
0 0.871839 0.598765 0.879123 0.597112 0.883006 0.599267 0.884612 0.597661 0.888507 0.597082 0.891784 0.596021 0.893327 0.597564 0.897171 0.597118 0.899282 0.598448 0.899559 0.601436 0.899282 0.604034 0.895706 0.605766 0.894811 0.607316 0.891570 0.608070 0.889230 0.609527 0.887230 0.610433 0.883473 0.612814 0.878433 0.609861 0.876895 0.608061 0.872009 0.600850
0 0.997600 0.447292 0.997323 0.451490 0.995090 0.458559 0.992156 0.458471 0.989842 0.459698 0.986591 0.457881 0.986057 0.456176 0.982685 0.452803 0.981939 0.450104 0.980350 0.446299 0.984373 0.442666 0.986495 0.443580
0 0.189007 0.069339 0.198218 0.066280 0.206768 0.068952 0.210237 0.075271 0.203987 0.076739 0.196232 0.076479 0.190149 0.071607
0 0.379592 0.195780 0.384680 0.195186 0.390762 0.197410 0.396390 0.200721 0.395996 0.206013 0.389559 0.208912 0.382266 0.204595
0 0.394314 0.178061 0.397390 0.169793 0.402331 0.170255 0.408612 0.180834 0.407795 0.184709 0.395153 0.185195 0.393343 0.181568
0 0.698927 0.383864 0.705826 0.382255 0.713740 0.380746 0.717484 0.381941 0.720184 0.382296 0.721500 0.384583 0.718041 0.386219 0.713746 0.390498 0.708505 0.391218 0.703231 0.392547 0.697100 0.392521 0.696063 0.393337 0.694829 0.392384 0.693270 0.392285 0.685790 0.391774 0.684355 0.387488 0.686571 0.385273 0.693856 0.383328 0.695809 0.383823 0.698584 0.383983
0 0.678953 0.328100 0.678530 0.328654 0.677976 0.329463 0.677529 0.329965 0.675175 0.333050 0.672281 0.333009 0.665546 0.338511 0.658779 0.336304 0.659561 0.332280 0.664818 0.328130 0.666254 0.326364 0.669003 0.322052 0.676483 0.321827 0.679276 0.322052 0.679576 0.323524 0.679929 0.323877 0.680311 0.325303 0.679929 0.326729 0.678886 0.327773 0.678782 0.327800 0.678707 0.327978
0 0.435729 0.281764 0.439206 0.280117 0.441392 0.277150 0.443751 0.275572 0.446751 0.272480 0.448033 0.268556 0.451030 0.265559 0.459612 0.267384 0.454952 0.274822 0.453648 0.278934 0.453363 0.280782 0.449330 0.282989 0.447345 0.282503 0.441772 0.286123 0.436643 0.283277
0 0.371921 0.308413 0.381874 0.308077 0.381865 0.315753 0.380702 0.322257 0.376670 0.324855 0.370294 0.322257 0.370294 0.311724
0 0.622596 0.362059 0.622962 0.361831 0.623009 0.361196 0.623234 0.359184 0.633484 0.355120 0.635332 0.355406 0.637691 0.358155 0.639501 0.364770 0.638915 0.365468 0.639402 0.366365 0.632671 0.368639 0.630995 0.367775 0.627461 0.367601 0.622843 0.366332 0.622852 0.362458
0 0.972196 0.076586 0.972462 0.077385 0.972846 0.077622 0.974567 0.080514 0.978187 0.086986 0.975718 0.088412 0.971782 0.086981 0.967743 0.086432 0.961888 0.083322 0.961957 0.083254 0.961529 0.082689 0.962641 0.079840 0.963092 0.077885 0.971492 0.077045 0.971952 0.076532
0 0.880599 0.706696 0.895934 0.714465 0.891765 0.717853 0.884770 0.718989 0.879148 0.720196 0.872644 0.710696 0.876170 0.708035
0 0.946551 0.763698 0.953920 0.764153 0.958893 0.767635 0.961433 0.774023 0.951421 0.774933 0.947566 0.774070 0.945027 0.771530
0 0.737411 0.707320 0.733315 0.706740 0.732271 0.702844 0.735103 0.701533 0.737359 0.700705 0.737454 0.700527 0.742944 0.694128 0.744405 0.694546 0.745932 0.694900 0.746550 0.705082 0.745151 0.708824 0.741256 0.707780 0.741139 0.707428
0 0.513731 0.680491 0.517418 0.679077 0.522274 0.679077 0.528591 0.690529 0.520953 0.692082 0.513150 0.691861 0.511331 0.686217
0 0.699759 0.846166 0.700157 0.849473 0.700052 0.856504 0.698708 0.864180 0.696492 0.866396 0.690433 0.864745 0.689480 0.859630 0.690488 0.855270 0.688691 0.854024 0.688309 0.852598 0.689150 0.850337 0.687466 0.844336 0.693842 0.840176 0.697600 0.844632
0 0.453528 0.788141 0.458823 0.788796 0.457269 0.794518 0.453237 0.797116 0.442104 0.801932 0.437096 0.800768 0.445171 0.790232
0 0.523430 0.771131 0.534546 0.771156 0.535971 0.773626 0.532983 0.782736 0.524122 0.783227 0.521666 0.781693 0.520503 0.773626
0 0.476004 0.823400 0.476947 0.826502 0.477131 0.826883 0.479615 0.827011 0.478067 0.833889 0.476099 0.835857 0.474996 0.835134 0.474537 0.835466 0.468155 0.833107 0.466918 0.829838 0.465181 0.828700 0.466735 0.819852 0.472815 0.820660 0.473488 0.820818
0 0.493329 0.845458 0.496617 0.840102 0.502375 0.842082 0.514321 0.844652 0.511977 0.854145 0.504566 0.855579 0.497789 0.848539
0 0.588326 0.874232 0.592837 0.869507 0.596863 0.866321 0.605533 0.865935 0.609302 0.873091 0.605139 0.876112 0.594478 0.877123
0 0.529884 0.920688 0.534825 0.920964 0.539775 0.929938 0.533595 0.931598 0.518636 0.926698 0.518291 0.926011 0.517711 0.926038 0.514069 0.921865 0.521871 0.920040 0.522518 0.920538
0 0.486880 0.907764 0.498712 0.909915 0.500904 0.913541 0.498719 0.924684 0.495448 0.926536 0.482302 0.916530 0.483957 0.911019
0 0.461848 0.797565 0.464267 0.795491 0.475845 0.796619 0.476889 0.802858 0.473111 0.806245 0.465715 0.806489 0.462896 0.806081 0.461174 0.806226 0.459841 0.800787
0 0.514927 0.799371 0.515886 0.799514 0.526014 0.797188 0.528906 0.798909 0.527849 0.803886 0.525714 0.809445 0.515727 0.806996 0.511662 0.804886 0.512872 0.801777
0 0.616387 0.774843 0.616777 0.774048 0.615959 0.772463 0.619210 0.767014 0.630273 0.770002 0.631445 0.775588 0.631210 0.775823 0.631246 0.776243 0.630994 0.777227 0.631827 0.779241 0.624389 0.782065 0.620519 0.781320 0.620224 0.779546 0.619866 0.779495 0.618818 0.777742
0 0.546385 0.746388 0.550258 0.742008 0.548491 0.736165 0.554923 0.733818 0.558882 0.732940 0.564916 0.734567 0.561482 0.741788 0.563300 0.750698 0.560886 0.755129 0.556007 0.762096 0.557183 0.773025 0.554846 0.776593 0.544675 0.765754 0.542331 0.762630 0.542449 0.757316
0 0.608595 0.685499 0.613810 0.690977 0.616451 0.695750 0.603790 0.698641 0.600402 0.695254 0.599721 0.693561 0.596432 0.691547 0.596042 0.684399 0.603453 0.683355 0.604944 0.684676
0 0.633893 0.623780 0.641598 0.623698 0.643423 0.625523 0.642310 0.629487 0.646628 0.634803 0.654346 0.636055 0.655923 0.640093 0.654346 0.641280 0.646220 0.641947 0.643298 0.641805 0.635231 0.642309 0.633415 0.639448 0.632908 0.633736 0.630290 0.627730 0.631039 0.626227
0 0.582615 0.646725 0.583606 0.641343 0.584505 0.640053 0.584881 0.638170 0.587670 0.636888 0.596876 0.636002 0.599341 0.638766 0.604942 0.647066 0.604046 0.648860 0.601831 0.652911 0.597013 0.652937 0.590509 0.651488 0.587833 0.648813 0.586019 0.649498 0.584226 0.648604
0 0.401598 0.575959 0.408369 0.577114 0.407339 0.580921 0.407745 0.586328 0.407198 0.588867 0.407355 0.595312 0.405944 0.598157 0.405792 0.602343 0.401769 0.608711 0.398909 0.606894 0.397459 0.598828 0.394620 0.593750 0.396115 0.589901 0.396565 0.578652 0.398396 0.577199
0 0.069344 0.540522 0.072297 0.539458 0.077077 0.538216 0.082819 0.538879 0.087130 0.545534 0.088289 0.548398 0.085865 0.550283 0.083045 0.552966 0.083073 0.553848 0.080866 0.559052 0.072673 0.557618 0.073573 0.548789 0.073568 0.546036 0.071907 0.544742 0.069809 0.542488
0 0.189149 0.685939 0.193318 0.691994 0.194099 0.701095 0.187332 0.706037 0.183309 0.702013 0.182981 0.693117 0.185621 0.686991
0 0.064752 0.725452 0.069830 0.724175 0.072682 0.727027 0.067350 0.735746 0.054342 0.735746 0.053090 0.732568 0.052313 0.732217 0.051922 0.725716 0.055552 0.725686
0 0.277541 0.783819 0.285741 0.785236 0.290034 0.786164 0.292625 0.788755 0.293371 0.803752 0.291676 0.806325 0.288508 0.810884 0.284814 0.810475 0.283369 0.809555 0.280918 0.809448 0.278938 0.805322 0.277396 0.799104 0.276017 0.795558 0.276238 0.790767 0.276318 0.786054
0 0.294932 0.708356 0.306229 0.710045 0.310263 0.713688 0.309091 0.723705 0.305576 0.726049 0.294649 0.719927 0.290361 0.712642
0 0.340593 0.670346 0.344053 0.667031 0.350108 0.666093 0.352956 0.668221 0.355186 0.668046 0.358464 0.669499 0.362608 0.666484 0.366131 0.674395 0.363905 0.682089 0.355577 0.684973 0.352588 0.684695 0.351011 0.682727 0.346857 0.678573 0.345801 0.674032 0.341871 0.672296
0 0.227275 0.633298 0.234971 0.635707 0.241862 0.641891 0.245571 0.648985 0.238157 0.650868 0.229192 0.646456 0.226462 0.637958
0 0.295941 0.591099 0.303039 0.591860 0.312688 0.592287 0.312950 0.600479 0.305012 0.601905 0.299919 0.598280 0.294602 0.596445
0 0.477967 0.428235 0.484685 0.428329 0.492516 0.428219 0.495573 0.431446 0.485348 0.438228 0.474684 0.437837 0.473250 0.433161
0 0.458260 0.349835 0.461146 0.349250 0.462494 0.343126 0.466663 0.338957 0.474925 0.337951 0.476936 0.338176 0.478500 0.341978 0.480589 0.342091 0.483440 0.344942 0.479807 0.348184 0.474237 0.349329 0.471077 0.353662 0.466526 0.353134 0.462620 0.354825 0.458742 0.351861
0 0.720328 0.433176 0.719003 0.442000 0.709374 0.445011 0.704170 0.443300 0.703927 0.440582 0.705995 0.433154 0.717362 0.431598
0 0.747427 0.434067 0.761200 0.435923 0.763670 0.440982 0.758031 0.443172 0.748310 0.442798 0.736856 0.439810 0.737900 0.435915
0 0.780732 0.456967 0.780913 0.457015 0.784121 0.456099 0.786728 0.453102 0.793876 0.453102 0.795302 0.457134 0.795206 0.458729 0.798045 0.464810 0.787662 0.468162 0.784892 0.469760 0.781021 0.470896 0.776065 0.475071 0.772138 0.481470 0.764853 0.481088 0.760810 0.479413 0.758329 0.481870 0.756182 0.483093 0.754032 0.486948 0.745840 0.485123 0.745840 0.481490 0.753183 0.475927 0.755868 0.473024 0.759638 0.471470 0.764716 0.471861 0.766269 0.471968 0.767438 0.468853 0.768106 0.465084 0.770966 0.463267 0.772515 0.463773 0.771884 0.455446 0.779950 0.457017 0.780579 0.457037
0 0.273622 0.278766 0.277070 0.277015 0.284944 0.278639 0.286116 0.286842 0.283524 0.293066 0.275708 0.294381 0.275743 0.286995
0 0.288777 0.256609 0.293084 0.254553 0.294455 0.255346 0.305846 0.259503 0.303768 0.264327 0.307791 0.267179 0.307409 0.268604 0.304067 0.269842 0.297286 0.269503 0.294847 0.267426 0.291815 0.270319 0.286210 0.273400 0.279814 0.265753 0.282398 0.264358 0.287093 0.260818
0 0.372249 0.268136 0.379957 0.267580 0.396772 0.267577 0.402368 0.266392 0.404664 0.267663 0.411670 0.266773 0.414560 0.269159 0.419359 0.268091 0.433260 0.267855 0.441425 0.272851 0.438229 0.275681 0.424111 0.275989 0.418279 0.284113 0.408846 0.284729 0.398104 0.286239 0.393768 0.283248 0.388747 0.281651 0.383099 0.282102 0.378572 0.283714 0.370896 0.281770 0.368722 0.279981 0.361316 0.280094 0.361255 0.280067 0.361957 0.277970 0.358490 0.277170 0.359500 0.273601 0.364832 0.272828 0.367277 0.272855 0.369489 0.271673
0 0.090604 0.370133 0.091375 0.361201 0.094009 0.367033 0.095672 0.367451 0.100056 0.369523 0.103747 0.372010 0.104701 0.381639 0.108208 0.389752 0.110090 0.389360 0.117547 0.390107 0.118820 0.393910 0.114443 0.394784 0.114040 0.395296 0.112029 0.395664 0.109997 0.400253 0.107793 0.401836 0.109216 0.404432 0.116638 0.414198 0.117014 0.416136 0.120009 0.417569 0.126922 0.419404 0.128485 0.426296 0.124129 0.426912 0.107011 0.419002 0.104134 0.413000 0.099980 0.407675 0.099790 0.398109 0.098426 0.392577 0.098531 0.387889 0.097645 0.382421 0.099254 0.379902 0.098480 0.375474 0.093175 0.372835
0 0.110838 0.339240 0.116126 0.338628 0.126204 0.342494 0.120887 0.350027 0.117356 0.353557 0.113723 0.353557 0.111261 0.351095 0.108899 0.350814 0.108187 0.350354 0.105537 0.349423 0.104330 0.349509 0.101614 0.349261 0.100570 0.345365 0.106054 0.341835 0.108184 0.340368
0 0.114443 0.394784 0.126554 0.392365 0.121660 0.389033 0.124911 0.384755 0.131094 0.388104 0.133472 0.392664 0.138836 0.393341 0.144943 0.399448 0.150818 0.402978 0.150581 0.407457 0.160067 0.405849 0.164099 0.411298 0.159685 0.412622 0.155633 0.418202 0.143797 0.418983 0.137157 0.414686 0.132546 0.409251 0.126284 0.408032 0.124251 0.404905 0.118981 0.400026 0.117614 0.405048 0.110722 0.403877 0.109950 0.400498
0 0.241313 0.286314 0.240396 0.280139 0.240750 0.278825 0.244240 0.277510 0.248307 0.276467 0.251675 0.281928 0.251245 0.286517 0.251884 0.292463 0.249918 0.293570 0.248758 0.295111 0.243213 0.296639 0.239690 0.297075 0.234863 0.292384 0.234313 0.290409 0.235854 0.289766
0 0.195413 0.375714 0.203272 0.371529 0.206462 0.366577 0.213698 0.370901 0.212917 0.375979 0.210710 0.379230 0.196784 0.381174
0 0.043157 0.470789 0.046296 0.471976 0.055532 0.472347 0.056930 0.478612 0.049959 0.481568 0.042817 0.480533 0.042132 0.478270 0.039849 0.476518 0.039337 0.474609 0.042841 0.471886
0 0.024959 0.483714 0.032033 0.480244 0.036171 0.481766 0.040186 0.491693 0.036695 0.495184 0.032735 0.495044 0.025573 0.486606
0 0.026413 0.512440 0.021801 0.508000 0.018396 0.500431 0.022834 0.498824 0.024503 0.496417 0.026111 0.496811 0.029552 0.494859 0.031645 0.494859 0.033555 0.495370 0.032860 0.505297 0.026758 0.511618
0 0.066758 0.127068 0.077556 0.127571 0.080648 0.128047 0.082046 0.133265 0.075598 0.137268 0.065840 0.134663 0.065513 0.129880
0 0.025550 0.250316 0.030574 0.249077 0.040357 0.250488 0.043325 0.257275 0.037218 0.261290 0.028689 0.261290 0.026768 0.259369
0 0.093790 0.187118 0.096062 0.183405 0.100303 0.179943 0.104065 0.176543 0.106994 0.174628 0.111180 0.175048 0.116057 0.176538 0.112566 0.183325 0.107857 0.187511 0.104498 0.189824 0.104023 0.191869 0.100008 0.195360 0.097550 0.195725 0.091651 0.195009 0.092741 0.190178
0 0.947707 0.125340 0.952262 0.127691 0.952116 0.129533 0.953180 0.136410 0.945504 0.136273 0.941852 0.138363 0.934003 0.140022 0.929729 0.140560 0.927223 0.138673 0.925972 0.135871 0.926037 0.131413 0.926719 0.131366 0.930408 0.127905 0.935241 0.124336 0.945077 0.124348
0 0.787095 0.167789 0.803766 0.167364 0.807067 0.170665 0.801347 0.177141 0.794496 0.177402 0.788550 0.177141 0.785849 0.171196
0 0.904501 0.126828 0.907604 0.128391 0.913125 0.130773 0.915635 0.130744 0.917326 0.132784 0.919288 0.136254 0.916477 0.137115 0.910351 0.138271 0.903919 0.138329 0.902042 0.138937 0.896036 0.137998 0.894568 0.137005 0.887655 0.130723 0.890512 0.126123 0.896345 0.124408
0 0.881521 0.014829 0.882512 0.012012 0.883561 0.006436 0.885909 0.003912 0.889127 0.000000 0.903987 0.000000 0.903115 0.001577 0.900198 0.004024 0.896938 0.008526 0.894244 0.010913 0.891533 0.020880 0.887149 0.023720 0.882291 0.026304 0.878136 0.024425 0.876521 0.024240 0.874355 0.022804 0.872251 0.022505 0.869126 0.019380 0.868750 0.018613 0.867173 0.017427 0.866947 0.013852 0.866400 0.011704 0.866714 0.008970 0.867826 0.004547 0.871043 0.004913 0.872377 0.004555 0.873802 0.004938 0.878362 0.008716 0.878680 0.013056
0 0.662439 0.007947 0.668410 0.000000 0.673183 0.000000 0.676161 0.003084 0.673354 0.005845 0.672107 0.012189 0.664822 0.012962
0 0.976668 0.340791 0.976315 0.341120 0.974304 0.341345 0.967858 0.341892 0.964616 0.338650 0.967891 0.335504 0.971125 0.333654 0.972292 0.331884 0.973718 0.331502 0.978268 0.332274 0.979559 0.333564 0.984909 0.335009 0.986343 0.341248 0.979095 0.340978
0 0.933716 0.343602 0.933825 0.337470 0.936169 0.334345 0.948141 0.335134 0.951775 0.338377 0.944099 0.343971 0.936753 0.345134
0 0.898880 0.273420 0.906084 0.277766 0.907247 0.285833 0.903812 0.289755 0.894376 0.290256 0.889036 0.283743 0.894327 0.274275
0 0.779379 0.276880 0.782023 0.274236 0.786320 0.271892 0.787740 0.269691 0.792448 0.269114 0.794008 0.268923 0.794107 0.268910 0.794114 0.268928 0.798662 0.271126 0.797618 0.277365 0.793926 0.278979 0.793462 0.279309 0.793326 0.279848 0.799830 0.284661 0.786959 0.290256 0.784549 0.287314 0.781998 0.289084 0.781700 0.289084 0.780431 0.290646 0.777247 0.290481 0.772239 0.284798 0.776371 0.280521
0 0.781689 0.126442 0.783779 0.124351 0.786036 0.124864 0.786358 0.121221 0.792701 0.116932 0.795465 0.121282 0.795522 0.123168 0.797185 0.123528 0.801726 0.127939 0.798591 0.130901 0.797927 0.132688 0.796285 0.134659 0.789226 0.137229 0.782300 0.129536 0.781865 0.128778
0 0.649946 0.164635 0.649942 0.164643 0.650337 0.165021 0.647340 0.168799 0.639020 0.168409 0.634461 0.165412 0.635763 0.161975 0.636033 0.161736 0.636032 0.161646 0.638525 0.158891 0.646559 0.158786 0.649475 0.164186
0 0.722036 0.092975 0.727616 0.088596 0.729717 0.086712 0.733197 0.085966 0.737002 0.083986 0.740244 0.087228 0.739081 0.090998 0.736311 0.094549 0.735956 0.096076 0.733331 0.098401 0.731659 0.101935 0.728662 0.104932 0.723378 0.106753 0.719959 0.098361 0.720719 0.095570
0 0.950919 0.241036 0.953591 0.240159 0.965619 0.236512 0.970424 0.239364 0.969691 0.241065 0.969716 0.241082 0.962447 0.248435 0.955344 0.251263 0.949252 0.249624 0.949072 0.245088
0 0.937005 0.173065 0.939771 0.176243 0.943688 0.180745 0.946813 0.185366 0.947100 0.191423 0.946989 0.193198 0.947323 0.193646 0.943545 0.199885 0.941696 0.200171 0.938994 0.201439 0.930275 0.196888 0.928748 0.193018 0.927158 0.190384 0.926768 0.186869 0.926864 0.185665 0.926404 0.184033 0.924415 0.177630 0.928479 0.174738 0.931182 0.173470 0.935938 0.174510
0 0.106336 0.978062 0.117347 0.968333 0.118696 0.969682 0.121243 0.968688 0.134163 0.968523 0.138397 0.971251 0.137987 0.977937 0.135759 0.979526 0.135116 0.982038 0.131409 0.984514 0.126227 0.989696 0.122679 0.989988 0.111605 0.989057 0.107913 0.989168 0.105862 0.990098 0.096019 0.989988 0.092184 0.993798 0.088636 0.994199 0.083992 0.991062 0.083021 0.986810 0.078525 0.982724 0.076208 0.979311 0.078115 0.976307 0.079980 0.975727 0.081807 0.971796 0.087405 0.971724 0.093414 0.972616 0.098856 0.978058 0.102171 0.977957 0.106329 0.978198
0 0.424491 0.980919 0.429424 0.975237 0.431819 0.973673 0.446837 0.965423 0.452571 0.969366 0.452571 0.975902 0.445588 0.978815 0.443618 0.985750 0.440850 0.989414 0.440037 0.992913 0.435854 0.996201 0.434151 0.995465 0.423946 0.996201 0.420770 0.989692 0.420678 0.989645 0.420850 0.989067 0.421210 0.987857 0.422162 0.984653
0 0.718784 0.499562 0.721773 0.502461 0.722114 0.503941 0.722442 0.504002 0.723868 0.506471 0.723147 0.508425 0.724026 0.512244 0.727978 0.513480 0.728121 0.513459 0.729463 0.515677 0.730531 0.520260 0.737264 0.524327 0.737079 0.525831 0.740665 0.532643 0.737026 0.535986 0.736767 0.537584 0.733150 0.538606 0.730392 0.540182 0.725062 0.539193 0.721407 0.542916 0.717016 0.544534 0.713595 0.543346 0.710199 0.544655 0.709986 0.544731 0.705528 0.543706 0.703821 0.535359 0.702030 0.531224 0.689666 0.530780 0.686791 0.530942 0.686505 0.531206 0.685169 0.531604 0.684766 0.527370 0.686112 0.525338 0.688048 0.518971 0.687375 0.517134 0.687509 0.516366 0.692606 0.511730 0.694311 0.510150 0.694441 0.510016 0.694456 0.510042 0.695781 0.508970 0.699505 0.504893 0.699398 0.504893 0.703730 0.500416 0.708187 0.498014 0.708264 0.498025 0.712032 0.496198 0.714630 0.496970 0.716742 0.499263
0 0.966755 0.669241 0.967785 0.669517 0.975002 0.671403 0.974506 0.676764 0.974221 0.679782 0.969106 0.683725 0.964633 0.684115 0.962432 0.681524 0.959858 0.678131 0.960691 0.672184 0.963821 0.670602
0 0.795677 0.898323 0.801800 0.897320 0.816216 0.897153 0.821377 0.898623 0.821038 0.910996 0.822442 0.915791 0.820888 0.923857 0.818673 0.926073 0.813731 0.927627 0.811098 0.926819 0.802149 0.926464 0.798770 0.921260 0.798619 0.919027 0.794465 0.913701 0.794511 0.902009
0 0.913329 0.967563 0.913454 0.967618 0.919157 0.967848 0.922146 0.968021 0.923962 0.970881 0.923747 0.972228 0.925973 0.973225 0.921848 0.975142 0.919569 0.977880 0.915642 0.982327 0.910898 0.980232 0.910867 0.980246 0.910871 0.980205 0.908212 0.974769 0.908094 0.971799 0.913160 0.967808
0 0.662720 1.000000 0.664211 0.992464 0.669408 0.985294 0.670405 0.980807 0.672435 0.978258 0.675846 0.971470 0.679415 0.960963 0.681567 0.949939 0.683900 0.940571 0.689183 0.932080 0.690739 0.925577 0.698872 0.917205 0.699207 0.913105 0.704237 0.900997 0.704739 0.900495 0.710410 0.897523 0.712059 0.895324 0.712590 0.893293 0.715740 0.888895 0.718968 0.883713 0.722133 0.881952 0.726580 0.878604 0.731477 0.877005 0.734692 0.875124 0.744343 0.870757 0.747723 0.871217 0.752733 0.872624 0.750165 0.879754 0.748115 0.879967 0.747236 0.882133 0.743590 0.885779 0.738895 0.890632 0.739009 0.891354 0.741513 0.900480 0.737069 0.904475 0.735948 0.911725 0.730078 0.919131 0.729728 0.923441 0.727468 0.931100 0.724393 0.934711 0.721973 0.939891 0.719056 0.943385 0.717878 0.953796 0.711634 0.960517 0.707848 0.978055 0.706066 0.983075 0.704463 0.993475 0.702629 0.995282 0.703463 0.998291 0.703263 1.000000 0.679703 1.000000 0.679555 0.999654 0.679473 1.000000
0 0.627013 1.000000 0.563152 1.000000 0.563573 0.997700 0.563622 0.997705 0.563593 0.997597 0.564110 0.993478 0.564199 0.988380 0.564686 0.987921 0.565966 0.987549 0.565574 0.982418 0.566661 0.975588 0.567967 0.973857 0.568181 0.969061 0.567887 0.964114 0.575005 0.959540 0.576693 0.961082 0.578303 0.961189 0.580754 0.966936 0.588633 0.974637 0.592374 0.975651 0.600745 0.982471 0.611245 0.987837 0.618968 0.994077 0.624649 0.997530
0 0.609325 0.144264 0.601224 0.152711 0.592674 0.158886 0.591695 0.160904 0.583624 0.168042 0.581844 0.168493 0.576784 0.172474 0.567549 0.176365 0.552671 0.181888 0.549086 0.182801 0.546659 0.185229 0.541314 0.187902 0.532604 0.190620 0.525513 0.191895 0.521506 0.190246 0.505502 0.187031 0.498294 0.185168 0.493678 0.184561 0.490518 0.177898 0.492342 0.170769 0.494989 0.170126 0.505280 0.161171 0.514786 0.152589 0.520182 0.148883 0.526236 0.145560 0.542848 0.132289 0.546458 0.127342 0.551415 0.123721 0.552022 0.121110 0.554164 0.120423 0.558484 0.116652 0.565366 0.116652 0.567506 0.117182 0.573910 0.113135 0.578109 0.111250 0.584600 0.110271 0.588134 0.108710 0.599336 0.107451 0.602754 0.104664 0.606127 0.102580 0.609423 0.102434 0.628167 0.097277 0.630696 0.103157 0.629952 0.111289 0.621088 0.124162 0.616590 0.134673 0.612934 0.138087
0 0.456327 0.307707 0.456553 0.305952 0.454557 0.305495 0.452349 0.302019 0.454082 0.299017 0.456888 0.298111 0.457577 0.298022 0.457841 0.295978 0.459946 0.291098 0.453299 0.286825 0.459780 0.280025 0.466427 0.276226 0.471959 0.277313 0.482083 0.277970 0.482989 0.284573 0.486820 0.291098 0.486012 0.296618 0.491426 0.297128 0.496802 0.301235 0.493953 0.308975 0.494584 0.310887 0.499176 0.317521 0.493460 0.322287 0.490785 0.326387 0.484779 0.327326 0.469110 0.327326 0.463734 0.322269 0.464661 0.316452 0.456612 0.311348
0 0.316963 0.306246 0.321680 0.300925 0.320589 0.290924 0.317481 0.285107 0.312204 0.283939 0.307432 0.280910 0.305149 0.275596 0.308625 0.273387 0.317646 0.274939 0.324447 0.277020 0.326502 0.284773 0.332518 0.289365 0.340252 0.289013 0.344083 0.282243 0.347425 0.279851 0.357055 0.276839 0.361957 0.277970 0.360213 0.283179 0.356907 0.283636 0.353757 0.287736 0.353410 0.293306 0.347393 0.297898 0.338186 0.297589 0.339060 0.299298 0.348652 0.303443 0.342558 0.309419 0.335998 0.318315 0.323621 0.326007 0.314014 0.324962 0.307152 0.313619 0.306573 0.305034
0 0.264915 0.319393 0.279828 0.307089 0.285700 0.303591 0.292316 0.300916 0.293915 0.307739 0.300706 0.314055 0.301386 0.316229 0.304505 0.320227 0.304852 0.322474 0.307509 0.323232 0.313197 0.328853 0.312102 0.333190 0.305302 0.337297 0.300476 0.336114 0.294210 0.336047 0.294998 0.338104 0.293044 0.340770 0.287382 0.340113 0.279623 0.340029 0.277122 0.343480 0.275738 0.343657 0.274273 0.345379 0.269538 0.344110 0.268252 0.337154 0.266689 0.335564 0.265918 0.333207 0.261002 0.326234 0.262416 0.321652
0 0.027733 0.417795 0.025035 0.413313 0.023588 0.410441 0.027852 0.407930 0.030554 0.404899 0.033289 0.404327 0.035302 0.400626 0.042886 0.403319 0.045250 0.408850 0.042567 0.413276 0.039994 0.416324 0.040027 0.417871 0.038294 0.422773 0.032584 0.421701 0.030554 0.420873
0 0.053080 0.428684 0.050785 0.420582 0.058389 0.424556 0.062234 0.424119 0.066057 0.417625 0.067988 0.416214 0.067975 0.408385 0.074613 0.396580 0.087079 0.392374 0.091464 0.394117 0.090303 0.398547 0.085126 0.400155 0.083989 0.405780 0.086436 0.405136 0.093246 0.406505 0.097826 0.414548 0.096988 0.418207 0.093647 0.421547 0.092422 0.426571 0.083479 0.428477 0.087813 0.434783 0.091832 0.448025 0.092071 0.451316 0.086416 0.454574 0.080090 0.451891 0.078209 0.446212 0.074545 0.450301 0.069170 0.446669 0.068735 0.445048 0.061026 0.442511 0.054450 0.433374
