0 0.984375 0.480469 1.000000 0.480469 1.000000 0.680990 0.996094 0.679688 0.992188 0.679688 0.972656 0.652344 0.968750 0.648438 0.941406 0.589844 0.937500 0.585938 0.933594 0.566406 0.929688 0.562500 0.929688 0.535156 0.925781 0.531250 0.925781 0.523438 0.925781 0.519531 0.937500 0.503906 0.941406 0.500000 0.984375 0.480469
0 1.000000 0.346094 0.984375 0.339844 0.980469 0.335938 0.980469 0.281250 0.980469 0.277344 0.988281 0.261719 0.988281 0.257812 1.000000 0.249023
0 0.851562 0.660156 0.867188 0.660156 0.871094 0.660156 0.910156 0.734375 0.914062 0.738281 0.894531 0.753906 0.890625 0.757812 0.875000 0.761719 0.871094 0.765625 0.859375 0.757812 0.855469 0.753906 0.828125 0.699219 0.824219 0.695312 0.824219 0.687500 0.824219 0.683594 0.851562 0.660156
0 0.628906 0.628906 0.648438 0.632812 0.652344 0.632812 0.703125 0.660156 0.707031 0.660156 0.726562 0.679688 0.730469 0.683594 0.734375 0.714844 0.734375 0.718750 0.722656 0.734375 0.718750 0.738281 0.710938 0.738281 0.707031 0.738281 0.687500 0.710938 0.687500 0.707031 0.625000 0.648438 0.621094 0.644531 0.621094 0.636719 0.621094 0.632812 0.628906 0.628906
0 0.902344 0.972656 0.914062 0.972656 0.917969 0.972656 0.937500 0.984375 0.941406 0.988281 0.944853 1.000000 0.847656 1.000000 0.870925 0.988366 0.902344 0.972656
0 0.078125 0.957031 0.109375 0.960938 0.113281 0.964844 0.116477 1.000000 0.000000 1.000000 0.000000 0.996094 0.000000 0.992188 0.019531 0.968750 0.023438 0.964844 0.078125 0.957031
0 0.722656 0.980469 0.746094 0.980469 0.750000 0.980469 0.750000 0.992188 0.750000 0.996094 0.744141 1.000000 0.716797 1.000000 0.714844 0.992188 0.714844 0.988281 0.722656 0.980469
0 0.435675 1.000000 0.436086 0.999043 0.442245 0.994563 0.454005 0.993443 0.457925 0.991763 0.464645 0.991763 0.464645 0.996243 0.463941 1.000000
0 0.497830 0.000000 0.496094 0.007812 0.492188 0.011719 0.472656 0.179688 0.468750 0.183594 0.468750 0.253906 0.468750 0.257812 0.457031 0.269531 0.453125 0.273438 0.425781 0.277344 0.421875 0.281250 0.406250 0.265625 0.402344 0.261719 0.390625 0.234375 0.390625 0.230469 0.378906 0.218750 0.378906 0.214844 0.363281 0.199219 0.359375 0.195312 0.343750 0.191406 0.339844 0.187500 0.316406 0.078125 0.316406 0.074219 0.341146 0.000000
0 0.279080 0.000000 0.292969 0.062500 0.296875 0.066406 0.296875 0.152344 0.296875 0.156250 0.289062 0.187500 0.289062 0.191406 0.281250 0.199219 0.277344 0.203125 0.246094 0.203125 0.242188 0.203125 0.226562 0.195312 0.222656 0.191406 0.207031 0.195312 0.203125 0.195312 0.171875 0.179688 0.167969 0.175781 0.121094 0.171875 0.117188 0.171875 0.031250 0.074219 0.031250 0.070312 0.003906 0.046875 0.000000 0.046875 0.000000 0.000000
0 0.671875 0.144531 0.683594 0.148438 0.687500 0.148438 0.691406 0.156250 0.691406 0.160156 0.675781 0.179688 0.671875 0.183594 0.671875 0.191406 0.667969 0.195312 0.664062 0.261719 0.664062 0.265625 0.632812 0.386719 0.632812 0.390625 0.605469 0.437500 0.605469 0.441406 0.566406 0.484375 0.562500 0.488281 0.558594 0.500000 0.558594 0.503906 0.539062 0.507812 0.535156 0.507812 0.523438 0.500000 0.519531 0.500000 0.515625 0.488281 0.511719 0.484375 0.503906 0.457031 0.500000 0.453125 0.492188 0.394531 0.492188 0.390625 0.527344 0.339844 0.531250 0.335938 0.562500 0.269531 0.562500 0.265625 0.605469 0.203125 0.609375 0.199219 0.613281 0.183594 0.613281 0.179688 0.621094 0.171875 0.625000 0.167969 0.640625 0.164062 0.644531 0.164062 0.671875 0.144531
0 0.765625 0.007812 0.812500 0.019531 0.816406 0.019531 0.820312 0.027344 0.824219 0.031250 0.824219 0.046875 0.824219 0.050781 0.820312 0.097656 0.816406 0.101562 0.816406 0.164062 0.816406 0.167969 0.792969 0.277344 0.792969 0.281250 0.769531 0.339844 0.769531 0.343750 0.757812 0.343750 0.753906 0.343750 0.687500 0.300781 0.683594 0.296875 0.675781 0.281250 0.671875 0.277344 0.671875 0.207031 0.671875 0.203125 0.675781 0.187500 0.675781 0.183594 0.722656 0.121094 0.726562 0.117188 0.730469 0.046875 0.730469 0.042969 0.765625 0.007812
0 0.343750 0.187500 0.355469 0.195312 0.359375 0.195312 0.386719 0.226562 0.390625 0.230469 0.406250 0.277344 0.410156 0.281250 0.425781 0.367188 0.425781 0.371094 0.417969 0.406250 0.417969 0.410156 0.406250 0.417969 0.402344 0.421875 0.394531 0.421875 0.390625 0.421875 0.382812 0.414062 0.378906 0.410156 0.332031 0.343750 0.328125 0.339844 0.335938 0.214844 0.335938 0.210938 0.343750 0.187500
0 0.613281 0.074219 0.625000 0.074219 0.625000 0.078125 0.617188 0.089844 0.613281 0.093750 0.609375 0.121094 0.609375 0.125000 0.621094 0.132812 0.625000 0.136719 0.644531 0.136719 0.648438 0.136719 0.652344 0.140625 0.656250 0.140625 0.652344 0.144531 0.652344 0.148438 0.589844 0.171875 0.585938 0.171875 0.570312 0.187500 0.566406 0.191406 0.542969 0.203125 0.539062 0.203125 0.480469 0.265625 0.476562 0.269531 0.464844 0.269531 0.460938 0.269531 0.464844 0.253906 0.468750 0.250000 0.476562 0.179688 0.476562 0.175781 0.492188 0.171875 0.496094 0.167969 0.503906 0.152344 0.503906 0.148438 0.535156 0.109375 0.539062 0.105469 0.566406 0.089844 0.570312 0.085938 0.613281 0.074219
0 0.759766 0.000000 0.753906 0.003906 0.750000 0.003906 0.734375 0.023438 0.734375 0.027344 0.699219 0.054688 0.695312 0.058594 0.667969 0.070312 0.664062 0.070312 0.664062 0.054688 0.664062 0.050781 0.683594 0.007812 0.687500 0.003906 0.686632 0.000000
0 0.492188 0.683594 0.511719 0.683594 0.515625 0.683594 0.542969 0.718750 0.546875 0.722656 0.546875 0.734375 0.546875 0.738281 0.519531 0.742188 0.515625 0.742188 0.488281 0.761719 0.484375 0.765625 0.363281 0.769531 0.359375 0.769531 0.320312 0.753906 0.316406 0.750000 0.316406 0.742188 0.316406 0.738281 0.355469 0.722656 0.359375 0.722656 0.382812 0.707031 0.386719 0.703125 0.437500 0.691406 0.441406 0.687500 0.492188 0.683594
0 0.386719 0.765625 0.472656 0.765625 0.476562 0.765625 0.480469 0.773438 0.484375 0.777344 0.468750 0.796875 0.464844 0.800781 0.417969 0.824219 0.414062 0.828125 0.390625 0.832031 0.386719 0.832031 0.351562 0.816406 0.347656 0.812500 0.347656 0.792969 0.347656 0.789062 0.355469 0.781250 0.355469 0.777344 0.386719 0.765625
0 0.492188 0.683594 0.511719 0.687500 0.515625 0.687500 0.531250 0.699219 0.535156 0.703125 0.539062 0.718750 0.542969 0.722656 0.539062 0.734375 0.539062 0.738281 0.515625 0.746094 0.511719 0.746094 0.488281 0.769531 0.484375 0.773438 0.480469 0.785156 0.476562 0.789062 0.429688 0.820312 0.425781 0.824219 0.402344 0.832031 0.398438 0.832031 0.347656 0.820312 0.343750 0.820312 0.304688 0.781250 0.300781 0.777344 0.300781 0.765625 0.300781 0.761719 0.328125 0.734375 0.332031 0.730469 0.371094 0.714844 0.375000 0.714844 0.390625 0.703125 0.394531 0.699219 0.492188 0.683594
0 0.695312 0.453125 0.746094 0.457031 0.750000 0.457031 0.800781 0.492188 0.804688 0.492188 0.824219 0.519531 0.828125 0.523438 0.828125 0.531250 0.828125 0.535156 0.804688 0.546875 0.800781 0.550781 0.773438 0.546875 0.769531 0.546875 0.710938 0.488281 0.707031 0.484375 0.695312 0.480469 0.691406 0.476562 0.695312 0.453125
0 0.687500 0.488281 0.699219 0.488281 0.703125 0.488281 0.718750 0.503906 0.722656 0.507812 0.722656 0.582031 0.722656 0.585938 0.714844 0.609375 0.710938 0.613281 0.699219 0.609375 0.695312 0.605469 0.695312 0.531250 0.695312 0.527344 0.683594 0.507812 0.679688 0.503906 0.687500 0.488281
0 1.000000 0.683594 1.000000 0.683594 0.984375 0.671875 0.980469 0.667969 0.945312 0.601562 0.941406 0.597656 0.917969 0.492188 0.917969 0.488281 0.968750 0.460938 0.972656 0.460938 1.000000 0.433594
0 0.089844 0.312500 0.113281 0.312500 0.117188 0.312500 0.136719 0.335938 0.136719 0.339844 0.117188 0.355469 0.113281 0.359375 0.085938 0.367188 0.082031 0.367188 0.074219 0.363281 0.070312 0.359375 0.070312 0.339844 0.070312 0.335938 0.078125 0.324219 0.078125 0.320312 0.089844 0.312500
0 0.812500 0.847656 0.832031 0.847656 0.835938 0.847656 0.855469 0.855469 0.859375 0.859375 0.855469 0.863281 0.851562 0.867188 0.851562 0.878906 0.851562 0.882812 0.835938 0.894531 0.832031 0.898438 0.816406 0.898438 0.812500 0.898438 0.808594 0.890625 0.804688 0.886719 0.804688 0.878906 0.800781 0.875000 0.804688 0.859375 0.804688 0.855469 0.812500 0.847656
0 0.921875 0.738281 0.929688 0.750000 0.933594 0.753906 0.929688 0.808594 0.925781 0.812500 0.894531 0.800781 0.890625 0.800781 0.875000 0.773438 0.871094 0.769531 0.871094 0.765625 0.871094 0.761719 0.921875 0.738281
0 0.824219 0.757812 0.878906 0.769531 0.882812 0.769531 0.894531 0.796875 0.898438 0.800781 0.894531 0.832031 0.894531 0.835938 0.886719 0.847656 0.882812 0.851562 0.851562 0.859375 0.847656 0.859375 0.820312 0.843750 0.816406 0.843750 0.808594 0.832031 0.804688 0.828125 0.777344 0.820312 0.773438 0.816406 0.773438 0.773438 0.773438 0.769531 0.785156 0.765625 0.789062 0.761719 0.824219 0.757812
0 1.000000 0.890625 1.000000 0.890625 1.000000 1.000000 0.964844 1.000000 0.964844 1.000000 0.960938 0.996094 0.957031 0.937500 0.957031 0.933594 0.968750 0.910156 0.968750 0.906250 0.976562 0.898438 0.980469 0.894531 1.000000 0.890625
0 0.632812 0.855469 0.664062 0.859375 0.667969 0.859375 0.671875 0.878906 0.671875 0.882812 0.636719 0.921875 0.632812 0.925781 0.605469 0.929688 0.601562 0.929688 0.593750 0.921875 0.593750 0.917969 0.632812 0.855469
0 0.300781 0.894531 0.316406 0.898438 0.320312 0.902344 0.343750 0.953125 0.347656 0.957031 0.347656 0.960938 0.347656 0.964844 0.324219 0.984375 0.324219 0.988281 0.308594 0.972656 0.304688 0.968750 0.285156 0.929688 0.281250 0.925781 0.281250 0.906250 0.281250 0.902344 0.300781 0.894531
0 0.125000 0.632812 0.156250 0.648438 0.160156 0.648438 0.144531 0.679688 0.144531 0.683594 0.109375 0.707031 0.105469 0.707031 0.074219 0.667969 0.074219 0.664062 0.093750 0.648438 0.097656 0.644531 0.125000 0.632812
0 0.207031 0.691406 0.230469 0.691406 0.234375 0.691406 0.242188 0.699219 0.246094 0.703125 0.246094 0.718750 0.246094 0.722656 0.238281 0.738281 0.238281 0.742188 0.203125 0.746094 0.199219 0.742188 0.207031 0.691406
0 0.195312 0.464844 0.207031 0.464844 0.210938 0.464844 0.230469 0.476562 0.234375 0.480469 0.257812 0.480469 0.261719 0.480469 0.281250 0.492188 0.285156 0.492188 0.304688 0.515625 0.308594 0.519531 0.304688 0.535156 0.304688 0.539062 0.253906 0.550781 0.250000 0.550781 0.230469 0.546875 0.226562 0.542969 0.199219 0.542969 0.195312 0.542969 0.179688 0.535156 0.175781 0.535156 0.164062 0.511719 0.164062 0.507812 0.195312 0.464844
0 0.230469 0.394531 0.238281 0.394531 0.242188 0.394531 0.261719 0.414062 0.265625 0.417969 0.265625 0.449219 0.265625 0.453125 0.253906 0.464844 0.250000 0.468750 0.207031 0.457031 0.203125 0.453125 0.203125 0.429688 0.203125 0.425781 0.230469 0.394531
0 0.219763 0.263326 0.261719 0.265625 0.265625 0.269531 0.269531 0.300781 0.269531 0.304688 0.261719 0.332031 0.261719 0.335938 0.253906 0.343750 0.250000 0.347656 0.218750 0.343750 0.214844 0.343750 0.171875 0.300781 0.167969 0.296875 0.179629 0.278396 0.185182 0.275600 0.197991 0.276175 0.203008 0.265625
0 0.070312 0.222656 0.085938 0.222656 0.089844 0.222656 0.125000 0.250000 0.128906 0.250000 0.136719 0.269531 0.136719 0.273438 0.125000 0.277344 0.121094 0.281250 0.046875 0.277344 0.042969 0.277344 0.039062 0.246094 0.039062 0.242188 0.070312 0.222656
0 0.417969 0.550781 0.437500 0.550781 0.441406 0.550781 0.449219 0.558594 0.453125 0.562500 0.460938 0.589844 0.464844 0.593750 0.464844 0.621094 0.464844 0.625000 0.457031 0.636719 0.457031 0.640625 0.449219 0.648438 0.445312 0.652344 0.437500 0.652344 0.433594 0.656250 0.417969 0.656250 0.414062 0.652344 0.417969 0.550781
0 0.959771 1.000000 0.959771 0.999751 0.958497 0.995291 0.958497 0.971715 0.960408 0.960882 0.960408 0.947501 0.958497 0.941129 0.947664 0.940492 0.931735 0.953236 0.930460 0.955148 0.928548 0.956422 0.924088 0.957696 0.919628 0.960245 0.917079 0.962794 0.916442 0.967254 0.922814 0.970440 0.922814 0.972989 0.924725 0.979998 0.924725 0.983184 0.927274 0.988919 0.931097 0.992742 0.933646 0.992742 0.940018 0.996565 0.941490 1.000000
0 0.819589 0.990193 0.827872 0.986370 0.836156 0.981273 0.841253 0.979361 0.845077 0.978087 0.852723 0.978087 0.857183 0.976812 0.861643 0.979998 0.862918 0.981910 0.863555 0.999751 0.864302 1.000000 0.865596 1.000000 0.866104 0.998477 0.869290 0.998477 0.875025 0.997202 0.882671 0.992742 0.890954 0.992105 0.897326 0.990830 0.901787 0.990830 0.904335 0.988919 0.906884 0.986370 0.909433 0.982547 0.915805 0.976812 0.916442 0.974901 0.914530 0.972989 0.914530 0.951962 0.912619 0.951325 0.909433 0.951325 0.904973 0.948139 0.905610 0.942404 0.909433 0.936669 0.911982 0.930297 0.907521 0.928386 0.904335 0.928386 0.899875 0.925837 0.897963 0.923925 0.896052 0.923288 0.893503 0.923925 0.889680 0.926474 0.883308 0.932209 0.877573 0.935395 0.872476 0.939218 0.856546 0.947501 0.852086 0.946227 0.843802 0.946227 0.838704 0.948139 0.832970 0.951325 0.829784 0.951962 0.817040 0.957696 0.814491 0.958971 0.806207 0.965343 0.804296 0.965980 0.802384 0.967891 0.802384 0.972989 0.803021 0.976175 0.808756 0.981910 0.808756 0.984459 0.810668 0.988282 0.812580 0.989556
0 0.297012 1.000000 0.296823 0.998113 0.298129 0.992889 0.306618 0.990930 0.314454 0.988319 0.316412 0.986360 0.317066 0.978524 0.319025 0.976565 0.326207 0.971994 0.358203 0.971994 0.362121 0.972647 0.366692 0.975259 0.372569 0.975912 0.376486 0.977218 0.379098 0.979830 0.381057 0.984401 0.379098 0.989625 0.375834 0.994195 0.369957 0.998113 0.369283 1.000000
0 0.415012 0.925633 0.422195 0.928245 0.430030 0.928245 0.431989 0.926939 0.434601 0.926939 0.436560 0.925633 0.439825 0.925633 0.448967 0.922368 0.451579 0.922368 0.455496 0.920409 0.460720 0.916491 0.465944 0.906696 0.466597 0.904737 0.466597 0.901473 0.465944 0.899514 0.462027 0.894943 0.454844 0.891678 0.454191 0.888413 0.454191 0.877966 0.453537 0.876007 0.450926 0.875354 0.448967 0.874048 0.444396 0.873395 0.435254 0.873395 0.431336 0.871436 0.426113 0.870130 0.419583 0.870130 0.416971 0.870783 0.411747 0.873395 0.409135 0.874048 0.401300 0.882536 0.401952 0.886454 0.405870 0.888413 0.406523 0.891025 0.406523 0.908655 0.408482 0.913226 0.413706 0.919103
0 0.433295 0.866212 0.429378 0.862294 0.426113 0.856417 0.424154 0.855111 0.418930 0.847276 0.416971 0.845970 0.415665 0.843358 0.415665 0.839440 0.416971 0.837481 0.418930 0.836828 0.422848 0.836828 0.430030 0.834216 0.436560 0.834216 0.442437 0.835522 0.452232 0.842052 0.457455 0.847929 0.462027 0.851193 0.465291 0.855111 0.465944 0.857070 0.458761 0.861641 0.452885 0.864253 0.448967 0.868824 0.449620 0.873395 0.447661 0.874048 0.441131 0.874048 0.434601 0.871436
0 0.319025 0.877966 0.305312 0.881883 0.300741 0.881883 0.296823 0.879925 0.295517 0.877966 0.295517 0.875354 0.293559 0.872089 0.292252 0.864906 0.292252 0.853152 0.294211 0.848582 0.296170 0.847929 0.298129 0.847929 0.304659 0.845970 0.307271 0.845970 0.311189 0.844664 0.322942 0.844664 0.324901 0.849234 0.324901 0.851846 0.326207 0.855764 0.326207 0.870783 0.325554 0.874701 0.324248 0.876660
0 0.337961 0.856417 0.345144 0.854458 0.355591 0.849234 0.360162 0.848582 0.372569 0.840093 0.364080 0.838134 0.363427 0.836175 0.359509 0.832910 0.353632 0.829645 0.353632 0.827686 0.355591 0.827033 0.359509 0.826380 0.366039 0.826380 0.375834 0.832910 0.377793 0.833563 0.380404 0.837481 0.384322 0.838787 0.396729 0.839440 0.405218 0.834869 0.404564 0.832910 0.400646 0.831604 0.396076 0.830951 0.395423 0.828992 0.397382 0.827033 0.399341 0.827033 0.399994 0.825075 0.400646 0.822462 0.400646 0.812015 0.398687 0.808750 0.398035 0.798302 0.396729 0.793732 0.396729 0.790467 0.394117 0.780672 0.379098 0.772836 0.367998 0.769571 0.362121 0.766307 0.355591 0.763695 0.339267 0.760430 0.335349 0.759124 0.332737 0.757165 0.326207 0.755859 0.319677 0.753247 0.293559 0.753247 0.288335 0.754553 0.277234 0.759124 0.276581 0.762389 0.277234 0.766959 0.285070 0.770877 0.288988 0.774142 0.289641 0.776101 0.291600 0.778060 0.296823 0.786549 0.298782 0.788508 0.304659 0.798302 0.310536 0.803526 0.315760 0.806138 0.318371 0.808750 0.320984 0.810056 0.326207 0.815280 0.331431 0.817239 0.326860 0.819198 0.322942 0.821809 0.321636 0.826380 0.317066 0.834216 0.315760 0.842705 0.320330 0.847276 0.320984 0.849234 0.324248 0.849234 0.329472 0.851846 0.334043 0.852500
0 0.237402 0.909309 0.231526 0.908002 0.221731 0.902779 0.217813 0.901473 0.190388 0.901473 0.187123 0.900820 0.185817 0.898861 0.189082 0.892984 0.193653 0.889066 0.200836 0.880577 0.208018 0.876007 0.212589 0.874048 0.214548 0.872089 0.216507 0.866212 0.219119 0.860988 0.221078 0.859029 0.222384 0.855111 0.222384 0.842705 0.224996 0.842052 0.250462 0.842052 0.258951 0.844664 0.258951 0.864253 0.262868 0.867518 0.266786 0.868171 0.268745 0.869477 0.268745 0.872742 0.270051 0.877312 0.270051 0.888413 0.268092 0.892331 0.266133 0.893637 0.265480 0.896902 0.261562 0.900820 0.260910 0.902779 0.258951 0.904085 0.252421 0.906043 0.246544 0.906043 0.242626 0.908002
0 0.009514 0.915185 0.027797 0.906043 0.036286 0.895596 0.040204 0.889719 0.044121 0.887760 0.050651 0.882536 0.054569 0.880577 0.055875 0.878618 0.057834 0.877312 0.057834 0.874048 0.054569 0.870130 0.049345 0.866865 0.047386 0.866865 0.043468 0.869477 0.029756 0.869477 0.027144 0.868824 0.025185 0.866865 0.023226 0.866212 0.023226 0.862294 0.027144 0.859682 0.029103 0.855764 0.031062 0.854458 0.032368 0.849234 0.031715 0.840746 0.031062 0.838787 0.029103 0.838787 0.023226 0.844011 0.014738 0.857070 0.010166 0.862947 0.010166 0.864906 0.006249 0.866865 0.001678 0.866865 0.001025 0.889719 0.000000 0.909309
0 0.834223 0.663789 0.828999 0.665748 0.824429 0.666401 0.820511 0.668360 0.815287 0.667707 0.813328 0.666401 0.813328 0.664442 0.812022 0.661177 0.812022 0.653341 0.810716 0.646159 0.806798 0.638976 0.806798 0.637017 0.804186 0.630488 0.800268 0.625916 0.798963 0.608286 0.797656 0.601756 0.797656 0.593921 0.799615 0.591309 0.803533 0.589350 0.806798 0.588697 0.828346 0.588697 0.832264 0.599798 0.832264 0.603063 0.834223 0.605674 0.834223 0.607633 0.836182 0.609592 0.843365 0.615469 0.845977 0.616122 0.851200 0.619387 0.855118 0.620040 0.862301 0.625916 0.866219 0.627223 0.872096 0.631140 0.872749 0.635058 0.878625 0.637670 0.882543 0.640282 0.886461 0.644853 0.889073 0.653341 0.889073 0.663136 0.889726 0.666401 0.894297 0.672278 0.896256 0.679461 0.898868 0.680766 0.899521 0.682725 0.899521 0.684684 0.894297 0.689255 0.892338 0.689908 0.887767 0.689908 0.883196 0.684684 0.877320 0.680114 0.873402 0.675543 0.868831 0.671625 0.866219 0.670972 0.857077 0.670972 0.853159 0.669666 0.842059 0.669666 0.838141 0.667707
0 0.883849 0.635058 0.884502 0.629181 0.884502 0.602409 0.885155 0.599798 0.886461 0.597186 0.891032 0.592615 0.892991 0.591309 0.896909 0.591309 0.903439 0.586738 0.906704 0.585432 0.910621 0.588697 0.913886 0.595227 0.914539 0.598491 0.917804 0.604368 0.918457 0.610898 0.920416 0.614163 0.920416 0.619387 0.914539 0.628529 0.908663 0.632446 0.901480 0.633752 0.898868 0.635058 0.889073 0.636364
0 0.866872 0.627223 0.860995 0.630488 0.853812 0.630488 0.847936 0.628529 0.845977 0.626570 0.844671 0.623958 0.840753 0.610898 0.839447 0.608939 0.837488 0.603063 0.837488 0.599145 0.843365 0.593921 0.847936 0.591309 0.853812 0.590656 0.876666 0.590656 0.878625 0.590003 0.882543 0.590003 0.883849 0.592615 0.883849 0.602409 0.882543 0.606980 0.879931 0.612204 0.879279 0.615469 0.879279 0.623305 0.873402 0.627875
0 0.347755 0.610898 0.354938 0.608286 0.360815 0.604368 0.372569 0.599145 0.399341 0.590656 0.401952 0.589350 0.403259 0.587391 0.402605 0.584779 0.399994 0.583473 0.398035 0.581514 0.394770 0.571720 0.392811 0.569107 0.392158 0.565190 0.389546 0.561925 0.389546 0.541030 0.390199 0.539071 0.390199 0.535153 0.389546 0.533194 0.385628 0.529276 0.379098 0.527970 0.375180 0.527970 0.367998 0.530582 0.366039 0.531888 0.360162 0.531888 0.353632 0.536459 0.352326 0.538418 0.348409 0.540377 0.344491 0.541030 0.341879 0.542336 0.330125 0.542336 0.327513 0.541682 0.324901 0.544295 0.324901 0.546906 0.334043 0.554742 0.334696 0.557354 0.334696 0.577596 0.332737 0.580861 0.332737 0.596532 0.335349 0.598491 0.339920 0.600450 0.343185 0.603063 0.344491 0.605674
0 0.201489 0.684684 0.186470 0.669013 0.183858 0.664442 0.174717 0.658565 0.174717 0.653995 0.176676 0.650077 0.187123 0.641588 0.189735 0.640935 0.200183 0.633752 0.202795 0.633099 0.204754 0.633752 0.205407 0.637017 0.207366 0.641588 0.210630 0.646812 0.211283 0.649424 0.213242 0.652036 0.213895 0.654648 0.213895 0.678808 0.212589 0.685338 0.210630 0.686643 0.206712 0.687296
0 0.002331 0.733658 0.010166 0.734311 0.012779 0.735617 0.014738 0.735617 0.017349 0.737575 0.021267 0.738229 0.023879 0.738229 0.025838 0.736923 0.026491 0.733005 0.021267 0.716680 0.021920 0.710150 0.025838 0.710150 0.028450 0.711457 0.046080 0.716027 0.056528 0.716027 0.061099 0.712763 0.061099 0.707539 0.059140 0.705580 0.053916 0.702968 0.050651 0.699050 0.048692 0.696438 0.047386 0.693826 0.046733 0.690561 0.045427 0.688602 0.042815 0.687949 0.041509 0.684684 0.041509 0.682725 0.040204 0.680766 0.038245 0.678808 0.034327 0.677502 0.032368 0.676196 0.023879 0.668360 0.021267 0.667707 0.019308 0.669013 0.010166 0.671625 0.004290 0.676849 0.002331 0.677502 0.000000 0.684684
0 0.177786 0.379749 0.176676 0.384746 0.175565 0.386412 0.173899 0.387522 0.171123 0.387522 0.167791 0.385301 0.162239 0.374752 0.158352 0.360870 0.158352 0.355873 0.156686 0.348655 0.153910 0.345323 0.147802 0.341436 0.146137 0.337550 0.146137 0.331997 0.148358 0.329221 0.150023 0.328110 0.151134 0.325889 0.151689 0.318671 0.149468 0.314784 0.147247 0.314229 0.139474 0.302014 0.138918 0.297016 0.138918 0.289243 0.139474 0.287022 0.150579 0.269254 0.153910 0.265922 0.157797 0.263146 0.160573 0.259259 0.164460 0.253151 0.164460 0.250930 0.168902 0.243712 0.171123 0.237049 0.171679 0.230941 0.171679 0.208731 0.172789 0.206510 0.173899 0.204845 0.176120 0.204845 0.180562 0.207065 0.183894 0.207621 0.192778 0.213173 0.196109 0.214284 0.199441 0.211507 0.217764 0.203179 0.229425 0.192629 0.231090 0.189297 0.236088 0.185411 0.244971 0.181524 0.257743 0.178192 0.259963 0.177082 0.275511 0.177082 0.279952 0.176527 0.282173 0.175416 0.287726 0.175971 0.291057 0.179303 0.292723 0.182079 0.297165 0.190963 0.298276 0.195405 0.298276 0.205400 0.293834 0.207621 0.278842 0.212618 0.273289 0.213173 0.250524 0.213173 0.233311 0.218170 0.229425 0.220946 0.217764 0.231496 0.214433 0.235383 0.211657 0.242046 0.210546 0.247043 0.210546 0.254817 0.205549 0.263146 0.198330 0.270920 0.185560 0.275917 0.178896 0.287022 0.175565 0.289243 0.170013 0.289798 0.167791 0.292019 0.166126 0.296461 0.165571 0.301458 0.166681 0.303679 0.175565 0.306455 0.181118 0.312563 0.183339 0.315895 0.186115 0.321447 0.187225 0.328110 0.187225 0.345879 0.188336 0.348100 0.192778 0.348100 0.193888 0.350320 0.193888 0.358649 0.191112 0.365868 0.188891 0.369754 0.186670 0.371975
0 0.149117 0.541340 0.141756 0.544686 0.134395 0.546024 0.132388 0.547363 0.122351 0.547363 0.118336 0.546024 0.110306 0.538663 0.107629 0.537325 0.106291 0.535318 0.102276 0.532641 0.100938 0.530634 0.101607 0.525950 0.104284 0.523942 0.114321 0.513236 0.115659 0.504537 0.116998 0.502529 0.119005 0.500522 0.121682 0.495838 0.127035 0.492492 0.129042 0.491823 0.152463 0.491154 0.163838 0.494500 0.163838 0.499184 0.165846 0.504537 0.165846 0.518589 0.163838 0.525950 0.163838 0.527957 0.161162 0.532641 0.155139 0.539332
0 0.402725 0.528626 0.394026 0.529964 0.372613 0.529964 0.365253 0.529295 0.361238 0.527957 0.359230 0.526619 0.335141 0.526619 0.335810 0.520596 0.348524 0.514574 0.350531 0.514574 0.353208 0.511228 0.353208 0.509221 0.354546 0.506544 0.359230 0.500522 0.360569 0.497845 0.367260 0.493161 0.368598 0.491154 0.380643 0.483793 0.391350 0.478440 0.395364 0.477102 0.399379 0.477102 0.404733 0.481786 0.405402 0.485800 0.407409 0.487808 0.409417 0.491154 0.409417 0.493161 0.411424 0.497176 0.412093 0.501860 0.416108 0.514574 0.416108 0.521266 0.416777 0.525280 0.412093 0.525950 0.410086 0.527288 0.408079 0.527288
0 0.430161 0.402826 0.424807 0.398142 0.424807 0.393457 0.423469 0.390112 0.423469 0.383420 0.424807 0.380075 0.427484 0.378736 0.429491 0.376729 0.427484 0.374721 0.425476 0.374052 0.420792 0.369368 0.418785 0.365353 0.418116 0.360000 0.417446 0.357993 0.415439 0.355316 0.413432 0.347955 0.413432 0.323196 0.416108 0.323196 0.420792 0.320520 0.423469 0.317843 0.425476 0.317174 0.438859 0.317174 0.446220 0.320520 0.452243 0.321858 0.454919 0.323196 0.456927 0.325204 0.459603 0.329888 0.463618 0.339925 0.463618 0.346617 0.464287 0.348624 0.464287 0.379405 0.461611 0.386097 0.459603 0.390112 0.456257 0.394127 0.451573 0.397473 0.436183 0.402826
0 0.007257 0.194720 0.013948 0.194720 0.017294 0.194050 0.021978 0.192043 0.031346 0.186021 0.042722 0.186021 0.048744 0.182006 0.050752 0.179998 0.054766 0.173976 0.055436 0.161931 0.054766 0.159924 0.052090 0.156578 0.050082 0.155909 0.048744 0.153232 0.046068 0.150555 0.042053 0.150555 0.038038 0.151894 0.034692 0.154570 0.032684 0.154570 0.028670 0.157916 0.023986 0.158586 0.003242 0.158586 0.000000 0.157916 0.000000 0.160593 0.000000 0.163939 0.000000 0.170630 0.000000 0.174645 0.000000 0.185352 0.000000 0.189366 0.000565 0.189366 0.002573 0.190705
0 0.841541 0.049580 0.831380 0.049580 0.827316 0.047548 0.825284 0.044838 0.820542 0.040774 0.812413 0.036032 0.798865 0.029936 0.792769 0.028581 0.779221 0.023162 0.771092 0.021130 0.765673 0.018420 0.763641 0.016388 0.759577 0.009614 0.759577 0.000000 0.825517 0.000000 0.834767 0.005550 0.841541 0.008259 0.851024 0.010969 0.857798 0.015033 0.859830 0.019097 0.862540 0.019775 0.864572 0.021130 0.865249 0.026548 0.861862 0.031968 0.859830 0.033323 0.859153 0.036032 0.857798 0.038064 0.855766 0.040774 0.851024 0.044838 0.848314 0.049580
0 0.642491 0.450709 0.636685 0.448774 0.624429 0.439098 0.617334 0.436518 0.614754 0.436518 0.610239 0.432648 0.610239 0.429423 0.609594 0.427488 0.610239 0.420392 0.610884 0.418457 0.612819 0.417167 0.614109 0.415232 0.621204 0.411362 0.628945 0.408782 0.631525 0.408782 0.636040 0.407491 0.639911 0.407491 0.643136 0.408137 0.645071 0.409427 0.650876 0.410072 0.655391 0.414587 0.657326 0.420392 0.659907 0.424263 0.662487 0.426198 0.663777 0.428778 0.664422 0.435228 0.661841 0.439098 0.657326 0.443614 0.651521 0.446839 0.648941 0.446839
0 0.161938 0.925456 0.169034 0.929326 0.171614 0.932551 0.179354 0.937066 0.189030 0.947387 0.190965 0.948032 0.197415 0.948032 0.206446 0.934486 0.206446 0.928681 0.203866 0.919005 0.198705 0.919005 0.194835 0.920296 0.188385 0.919650 0.185805 0.919005 0.180645 0.915780 0.172259 0.912555 0.170324 0.910620 0.159358 0.910620 0.159358 0.915780 0.160648 0.919005
0 0.093040 0.467510 0.097238 0.466111 0.100503 0.466111 0.109364 0.461913 0.110764 0.460047 0.112163 0.455383 0.115894 0.448387 0.115428 0.443723 0.114029 0.441857 0.111696 0.440925 0.108898 0.438126 0.107965 0.435794 0.103768 0.430663 0.097238 0.428331 0.091174 0.428331 0.086510 0.429730 0.081380 0.430197 0.079514 0.431596 0.077182 0.432062 0.075316 0.433928 0.074850 0.447454 0.079980 0.455383 0.084645 0.460047 0.088842 0.462846 0.089309 0.465644
0 0.978392 0.888530 0.976818 0.825576 0.983900 0.807477 0.980753 0.803542 0.976031 0.802755 0.961080 0.809050 0.957145 0.798821 0.956358 0.786230 0.957145 0.783869 0.972883 0.772065 0.981539 0.768918 0.989409 0.768918 0.997278 0.776787 0.999639 0.782295 1.000000 0.782446 1.000000 0.887787 0.986261 0.888530
0 0.066406 0.144531 0.082031 0.144531 0.085938 0.148438 0.082031 0.175781 0.085938 0.179688 0.144531 0.164062 0.148438 0.160156 0.160156 0.164062 0.164062 0.164062 0.175781 0.175781 0.175781 0.179688 0.167969 0.191406 0.164062 0.195312 0.132812 0.207031 0.128906 0.210938 0.074219 0.207031 0.070312 0.207031 0.062500 0.203125 0.058594 0.199219 0.058594 0.167969 0.058594 0.164062 0.066406 0.144531
0 0.509866 0.998717 0.501528 1.000000 0.473900 1.000000 0.473502 0.999404 0.470757 0.997345 0.470757 0.995287 0.468699 0.992542 0.468699 0.988425 0.472816 0.985681 0.476932 0.984995 0.477618 0.982937 0.477618 0.978134 0.480363 0.976762 0.497516 0.976075 0.497516 0.974017 0.499574 0.974017 0.503691 0.974703 0.507808 0.978134 0.507808 0.988425 0.509866 0.992542 0.511924 0.993228
0 0.722656 0.640625 0.750000 0.648438 0.753906 0.652344 0.761719 0.675781 0.765625 0.679688 0.761719 0.695312 0.757812 0.699219 0.742188 0.699219 0.738281 0.699219 0.710938 0.667969 0.707031 0.667969 0.707031 0.656250 0.707031 0.652344 0.722656 0.640625
0 0.144531 0.773438 0.160156 0.773438 0.164062 0.773438 0.167969 0.785156 0.171875 0.789062 0.171875 0.816406 0.171875 0.820312 0.160156 0.835938 0.156250 0.839844 0.140625 0.839844 0.136719 0.839844 0.128906 0.832031 0.125000 0.828125 0.128906 0.804688 0.128906 0.800781 0.144531 0.773438
0 0.089844 0.789062 0.113281 0.792969 0.117188 0.796875 0.121094 0.824219 0.117188 0.828125 0.109375 0.828125 0.105469 0.828125 0.097656 0.820312 0.093750 0.816406 0.089844 0.789062
0 0.000000 0.933594 0.046875 0.933594 0.050781 0.933594 0.058594 0.937500 0.062500 0.941406 0.066406 0.953125 0.070312 0.957031 0.027344 0.968750 0.023438 0.968750 0.003906 0.984375 0.000000 0.984375 0.000000 0.933594
0 0.570312 0.734375 0.578125 0.738281 0.582031 0.738281 0.589844 0.753906 0.593750 0.757812 0.589844 0.816406 0.585938 0.820312 0.566406 0.812500 0.562500 0.808594 0.562500 0.746094 0.562500 0.742188 0.570312 0.734375
0 0.195312 0.582031 0.242188 0.589844 0.246094 0.593750 0.250000 0.609375 0.250000 0.613281 0.242188 0.632812 0.238281 0.636719 0.222656 0.640625 0.218750 0.640625 0.203125 0.632812 0.199219 0.632812 0.191406 0.617188 0.187500 0.613281 0.187500 0.601562 0.183594 0.597656 0.183594 0.593750 0.183594 0.589844 0.195312 0.582031
0 0.082031 0.750000 0.105469 0.750000 0.109375 0.750000 0.121094 0.757812 0.121094 0.761719 0.109375 0.773438 0.109375 0.777344 0.093750 0.781250 0.089844 0.785156 0.082031 0.773438 0.078125 0.769531 0.082031 0.750000
0 0.277344 0.542969 0.308594 0.546875 0.308594 0.550781 0.300781 0.562500 0.296875 0.566406 0.277344 0.566406 0.273438 0.566406 0.269531 0.562500 0.265625 0.562500 0.265625 0.550781 0.265625 0.546875 0.277344 0.542969
0 0.671875 0.300781 0.726562 0.332031 0.730469 0.332031 0.734375 0.343750 0.734375 0.347656 0.656250 0.347656 0.652344 0.347656 0.648438 0.332031 0.648438 0.328125 0.656250 0.316406 0.656250 0.312500 0.671875 0.300781
0 0.405846 0.913924 0.393526 0.931284 0.391286 0.931844 0.384566 0.931844 0.380086 0.933524 0.375606 0.934084 0.373366 0.931844 0.370006 0.926244 0.368886 0.921204 0.368886 0.915604 0.367766 0.911124 0.366646 0.909444 0.362727 0.907764 0.359927 0.902164 0.359927 0.888725 0.378966 0.888725 0.381766 0.888164 0.383446 0.887045 0.393526 0.885364 0.395766 0.884245 0.398006 0.884245 0.404166 0.880325 0.406406 0.879764 0.410886 0.880325 0.412566 0.882005 0.413126 0.886484 0.413686 0.907204 0.413126 0.909444 0.408086 0.909444
0 0.185769 0.785686 0.180169 0.782886 0.168409 0.774486 0.166729 0.772806 0.166169 0.770566 0.166169 0.763286 0.159449 0.763286 0.157209 0.759366 0.157209 0.757126 0.154969 0.755446 0.150489 0.754886 0.149929 0.752646 0.149929 0.748166 0.154409 0.748166 0.159449 0.747046 0.166729 0.747046 0.174009 0.749846 0.180729 0.750406 0.182409 0.752086 0.184649 0.752646 0.188009 0.757686 0.193609 0.768326 0.193609 0.774486 0.191929 0.778966 0.190248 0.781206 0.189689 0.790166
0 0.573844 0.957044 0.572724 0.969923 0.572724 0.995123 0.574404 0.996803 0.579444 0.996243 0.582804 0.992883 0.586723 0.991203 0.588404 0.989523 0.592884 0.989523 0.592884 0.987283 0.595123 0.986163 0.599604 0.986163 0.601283 0.985043 0.601283 0.980563 0.602403 0.975523 0.602403 0.968804 0.601283 0.967123 0.597923 0.964884 0.595123 0.964323 0.594004 0.962643 0.590643 0.960404 0.588404 0.959843 0.587284 0.958164 0.585043 0.957604 0.578323 0.957604
0 0.662050 0.770124 0.656318 0.763914 0.652018 0.757226 0.649630 0.757226 0.648196 0.758659 0.645808 0.758659 0.637209 0.749105 0.637209 0.739550 0.640075 0.736206 0.646764 0.733818 0.659662 0.733340 0.662528 0.732385 0.671604 0.731429 0.679248 0.731429 0.680681 0.732862 0.682114 0.739073 0.681636 0.743372 0.676859 0.743372 0.675904 0.745283 0.675904 0.750538 0.673993 0.754359 0.672560 0.760570 0.671127 0.762003 0.671127 0.764391 0.669694 0.765825 0.665872 0.767735
0 0.660234 0.695297 0.653736 0.695297 0.649737 0.696297 0.631741 0.695797 0.622243 0.688798 0.613745 0.688798 0.610246 0.685799 0.607746 0.681300 0.609746 0.680300 0.611745 0.678301 0.616744 0.676301 0.618744 0.674802 0.620743 0.670303 0.620743 0.668303 0.633740 0.668303 0.643738 0.673302 0.663734 0.680300 0.665733 0.681800 0.665733 0.689798 0.664733 0.693797
0 0.146307 0.000000 0.128906 0.027344 0.125000 0.031250 0.097656 0.023438 0.093750 0.019531 0.042969 0.023438 0.039062 0.023438 0.003906 0.015625 0.000000 0.015625 0.000000 0.000000
0 0.483037 0.675300 0.483037 0.666682 0.479903 0.660415 0.474419 0.654931 0.469718 0.654931 0.467368 0.659632 0.457183 0.658848 0.455616 0.660415 0.455616 0.665899 0.459534 0.676867 0.462667 0.682352 0.468935 0.686269 0.475986 0.686269 0.481470 0.682352 0.486171 0.681568
