0 1.000000 0.000000 1.000000 0.042082 0.996094 0.050781 0.996094 0.054688 0.903994 0.234375 0.898438 0.238281 0.892798 0.250000 0.875000 0.253906 0.864327 0.260852 0.843750 0.253906 0.832031 0.246094 0.828125 0.246094 0.792969 0.210938 0.789062 0.207031 0.785156 0.195312 0.781250 0.191406 0.773438 0.167969 0.769531 0.164062 0.769531 0.140625 0.769531 0.136719 0.777344 0.113281 0.777344 0.109375 0.792969 0.074219 0.792969 0.070312 0.804688 0.054688 0.808594 0.050781 0.833984 0.000000
0 0.726562 0.000000 0.726562 0.000000 0.730469 0.003906 0.714844 0.078125 0.714844 0.082031 0.675781 0.160156 0.675781 0.164062 0.664062 0.175781 0.660156 0.179688 0.597656 0.117188 0.593750 0.113281 0.570312 0.078125 0.566406 0.074219 0.596644 0.000000
0 0.777344 0.007812 0.808594 0.015625 0.812500 0.019531 0.812500 0.027344 0.812500 0.031250 0.781250 0.093750 0.777344 0.097656 0.765625 0.144531 0.761719 0.148438 0.773438 0.187500 0.777344 0.191406 0.777344 0.207031 0.781250 0.210938 0.777344 0.222656 0.773438 0.226562 0.773438 0.238281 0.773438 0.242188 0.781250 0.250000 0.785156 0.253906 0.796793 0.257812 0.812335 0.267275 0.744883 0.264759 0.722918 0.263630 0.675781 0.257812 0.671875 0.257812 0.664062 0.253906 0.660156 0.250000 0.660156 0.222656 0.660156 0.218750 0.671875 0.175781 0.671875 0.171875 0.726562 0.070312 0.726562 0.066406 0.777344 0.007812
0 0.827344 0.000000 0.820312 0.011719 0.816406 0.015625 0.785156 0.007812 0.781250 0.007812 0.776042 0.000000
0 0.687500 0.257812 0.726562 0.261719 0.730469 0.261719 0.757812 0.292969 0.757812 0.296875 0.804688 0.343750 0.808594 0.347656 0.859375 0.386719 0.863281 0.386719 0.867188 0.398438 0.867188 0.402344 0.816406 0.402344 0.812500 0.402344 0.792969 0.390625 0.789062 0.386719 0.746094 0.378906 0.742188 0.378906 0.710938 0.359375 0.707031 0.359375 0.687500 0.339844 0.683594 0.335938 0.675781 0.316406 0.671875 0.312500 0.671875 0.277344 0.671875 0.273438 0.687500 0.257812
0 0.820445 0.264021 0.846839 0.251518 0.821834 0.234848 0.819055 0.234848 0.788493 0.212621 0.771823 0.239016 0.809331 0.262632
0 0.974645 0.109821 1.000000 0.150914 1.000000 0.200381 0.996872 0.205675 0.992704 0.223734 1.000000 0.229206 1.000000 0.061665 0.999650 0.061199
0 0.962142 0.232070 0.964921 0.258464 0.976034 0.275134 0.982980 0.276523 0.996872 0.283470 1.000000 0.283470 1.000000 0.232419 0.988537 0.220956
0 0.988537 0.186226 0.967699 0.198729 0.964921 0.198729 0.964921 0.227902 0.976034 0.230680 0.985758 0.205675
0 0.906575 0.239016 0.960753 0.233459 0.964921 0.195951 0.964921 0.169556 0.959364 0.129270 0.914910 0.208454
0 0.564834 0.198729 0.564834 0.215399 0.581504 0.227902 0.612066 0.232070 0.620402 0.225123 0.660688 0.219567 0.662077 0.200118 0.609288 0.197340
0 0.577337 0.236237 0.580115 0.250129 0.605120 0.258464 0.606510 0.261243 0.620402 0.261243 0.619012 0.244572 0.606510 0.237626 0.591229 0.236237
0 0.639850 0.226513 0.644018 0.264021 0.670412 0.283470 0.678747 0.255686 0.660688 0.248740 0.660688 0.239016 0.655131 0.233459
0 0.689861 0.441837 0.670412 0.450172 0.650964 0.472399 0.650964 0.477956 0.645407 0.490459 0.656520 0.491848 0.677358 0.469621 0.694029 0.461286
0 0.923245 0.433502 0.923245 0.444616 0.951029 0.455729 0.994093 0.454340 1.000000 0.452273 1.000000 0.431483 0.980202 0.437670 0.942693 0.433502
0 0.714844 0.382812 0.726562 0.386719 0.730469 0.386719 0.746094 0.402344 0.750000 0.406250 0.765625 0.410156 0.769531 0.414062 0.875605 0.408506 0.896182 0.418230 0.890625 0.480469 0.890625 0.484375 0.919358 0.483852 0.934378 0.493577 0.936895 0.514497 0.929688 0.515625 0.951914 0.534551 0.942190 0.538457 0.932989 0.535418 0.927693 0.535156 0.921009 0.546875 0.914062 0.550781 0.918148 0.560850 0.898960 0.575869 0.869099 0.579514 0.844355 0.578125 0.765625 0.535156 0.761719 0.531250 0.699219 0.527344 0.695312 0.527344 0.687500 0.406250 0.687500 0.402344 0.691406 0.394531 0.691406 0.390625 0.714844 0.382812
0 0.917969 0.636719 1.000000 0.641544 1.000000 0.947266 0.984375 0.953125 0.980469 0.953125 0.941406 0.988281 0.937500 0.992188 0.925781 0.992188 0.921875 0.992188 0.917969 0.976562 0.914062 0.972656 0.902344 0.902344 0.898438 0.898438 0.898438 0.843750 0.898438 0.839844 0.878906 0.820312 0.875000 0.816406 0.875000 0.796875 0.871094 0.792969 0.871094 0.765625 0.871094 0.761719 0.882812 0.734375 0.886719 0.730469 0.910156 0.648438 0.910156 0.644531 0.917969 0.636719
0 0.761719 0.746094 0.820312 0.750000 0.824219 0.750000 0.855469 0.765625 0.859375 0.769531 0.882812 0.851562 0.886719 0.855469 0.878906 0.871094 0.875000 0.875000 0.871094 0.925781 0.867188 0.929688 0.839844 0.929688 0.835938 0.929688 0.742188 0.871094 0.738281 0.871094 0.707031 0.843750 0.703125 0.839844 0.687500 0.812500 0.683594 0.808594 0.664062 0.800781 0.660156 0.796875 0.660156 0.781250 0.660156 0.777344 0.667969 0.773438 0.671875 0.769531 0.761719 0.746094
0 0.628906 0.605469 0.644531 0.605469 0.648438 0.605469 0.679688 0.621094 0.683594 0.621094 0.750000 0.691406 0.753906 0.695312 0.777344 0.730469 0.781250 0.734375 0.781250 0.738281 0.777344 0.742188 0.761719 0.742188 0.757812 0.742188 0.687500 0.761719 0.683594 0.761719 0.656250 0.781250 0.652344 0.785156 0.652344 0.812500 0.652344 0.816406 0.664062 0.855469 0.664062 0.859375 0.644531 0.859375 0.640625 0.859375 0.605469 0.839844 0.601562 0.835938 0.585938 0.808594 0.582031 0.804688 0.570312 0.753906 0.566406 0.750000 0.566406 0.714844 0.566406 0.710938 0.574219 0.691406 0.574219 0.687500 0.605469 0.632812 0.605469 0.628906 0.628906 0.605469
0 0.578125 0.835938 0.585938 0.839844 0.589844 0.843750 0.593750 0.863281 0.593750 0.867188 0.585938 0.878906 0.582031 0.882812 0.578125 0.917969 0.578125 0.921875 0.570312 0.933594 0.570312 0.937500 0.554688 0.953125 0.554688 0.957031 0.542969 0.960938 0.539062 0.964844 0.488281 0.957031 0.484375 0.957031 0.476562 0.933594 0.476562 0.929688 0.488281 0.917969 0.492188 0.914062 0.492188 0.906250 0.492188 0.902344 0.476562 0.882812 0.476562 0.878906 0.523438 0.859375 0.527344 0.859375 0.550781 0.843750 0.554688 0.839844 0.578125 0.835938
0 0.831558 0.958616 0.817666 0.964173 0.817666 0.966951 0.813499 0.969729 0.805164 0.971118 0.803775 0.973897 0.794050 0.975286 0.794050 0.978064 0.787104 0.980843 0.780158 0.990567 0.784326 0.991956 0.788493 0.997513 0.792661 0.997513 0.792661 1.000000 0.902407 1.000000 0.902407 0.998902 0.888515 0.998902 0.887417 1.000000 0.885669 1.000000 0.880180 0.998902 0.881569 0.987789 0.891293 0.985010 0.892683 0.980843 0.891293 0.971118 0.888515 0.971118 0.887126 0.965562 0.881569 0.965562 0.871845 0.969729 0.867677 0.975286 0.864899 0.975286 0.862120 0.978064 0.856564 0.978064 0.859342 0.971118 0.859342 0.953059 0.856564 0.953059 0.856564 0.950280 0.842672 0.951670
0 0.210938 0.402344 0.222656 0.406250 0.226562 0.406250 0.234375 0.421875 0.234375 0.425781 0.214844 0.460938 0.210938 0.464844 0.207031 0.484375 0.207031 0.488281 0.160156 0.554688 0.160156 0.558594 0.144531 0.574219 0.140625 0.578125 0.121094 0.582031 0.117188 0.585938 0.113281 0.582031 0.109375 0.578125 0.105469 0.531250 0.105469 0.527344 0.113281 0.500000 0.113281 0.496094 0.132812 0.460938 0.132812 0.457031 0.164062 0.421875 0.167969 0.417969 0.210938 0.402344
0 0.066406 0.449219 0.074219 0.449219 0.078125 0.449219 0.105469 0.468750 0.109375 0.468750 0.109375 0.492188 0.105469 0.496094 0.050781 0.496094 0.046875 0.492188 0.054688 0.468750 0.054688 0.464844 0.066406 0.449219
0 0.085938 0.683594 0.105469 0.687500 0.109375 0.687500 0.117188 0.695312 0.121094 0.699219 0.121094 0.718750 0.121094 0.722656 0.109375 0.742188 0.105469 0.746094 0.062500 0.765625 0.058594 0.765625 0.046875 0.750000 0.042969 0.746094 0.042969 0.726562 0.042969 0.722656 0.058594 0.699219 0.062500 0.695312 0.085938 0.683594
0 0.000000 0.979771 0.000000 1.000000 0.015046 1.000000 0.015046 0.982038 0.007339 0.978955
0 0.151431 1.000000 0.138362 0.991287 0.129649 1.000000
0 0.058207 0.886469 0.022754 0.901883 0.032002 0.914215 0.064372 0.920380 0.079787 0.917298 0.076704 0.891093
0 0.187688 0.780109 0.175357 0.800148 0.181522 0.812479 0.206186 0.829435 0.213893 0.837143 0.220058 0.818645 0.216975 0.797065 0.212351 0.784733
0 0.472855 0.965082 0.446651 0.963541 0.440485 0.955834 0.440485 0.952751 0.425071 0.937336 0.395783 0.938878 0.394242 0.941961 0.391159 0.941961 0.389618 0.945044 0.386534 0.945044 0.383452 0.948127 0.388076 0.951209 0.400407 0.951209 0.409656 0.957375 0.414280 0.957375 0.421988 0.963541 0.421988 0.969707 0.426612 0.975873 0.428154 0.982038 0.428154 0.991287 0.425071 0.991287 0.421988 0.998994 0.423329 1.000000 0.473910 1.000000 0.479021 0.995911 0.479021 0.989745 0.477480 0.988204 0.479021 0.977414
0 0.303296 0.904966 0.307921 0.917298 0.277092 0.912673 0.284799 0.940419 0.286341 0.941961 0.317170 0.941961 0.318711 0.923463
0 0.346457 0.875679 0.317170 0.875679 0.315628 0.878761 0.303296 0.886469 0.317170 0.895717 0.318711 0.903425 0.324877 0.911132 0.324877 0.915756 0.343374 0.917298 0.354164 0.908049 0.354164 0.888010 0.352623 0.886469
0 0.545304 0.750821 0.526806 0.773943 0.532972 0.793982 0.549928 0.804772 0.557635 0.789357 0.566884 0.780109 0.566884 0.767777 0.565342 0.766236
0 0.000000 0.855461 0.013505 0.835601 0.011963 0.814021 0.021212 0.820186 0.019670 0.806314 0.008880 0.793982 0.000000 0.790430
0 0.052041 0.590511 0.055124 0.601301 0.039709 0.616716 0.101367 0.613633 0.101367 0.595136 0.090577 0.582804
0 0.303296 0.516522 0.267843 0.514980 0.278633 0.518063 0.270926 0.531936 0.264760 0.550434 0.260136 0.555058 0.261677 0.584345 0.295589 0.578180 0.292506 0.553516 0.304838 0.535019
0 0.287882 0.498024 0.261677 0.494941 0.237014 0.494941 0.218517 0.496483 0.206186 0.502649 0.192312 0.518063 0.192312 0.522687 0.187688 0.530395 0.212351 0.541185 0.226224 0.553516 0.249346 0.555058 0.263219 0.545809 0.272468 0.530395 0.272468 0.516522 0.307921 0.516522 0.304838 0.504190
0 0.437500 0.312500 0.449219 0.312500 0.453125 0.312500 0.500000 0.378906 0.500000 0.382812 0.519531 0.402344 0.523438 0.406250 0.542969 0.414062 0.546875 0.414062 0.574219 0.437500 0.578125 0.437500 0.582031 0.449219 0.585938 0.453125 0.593750 0.488281 0.597656 0.492188 0.593750 0.503906 0.593750 0.507812 0.585938 0.511719 0.582031 0.511719 0.542969 0.546875 0.539062 0.550781 0.503906 0.550781 0.500000 0.550781 0.460938 0.562500 0.457031 0.566406 0.417969 0.562500 0.414062 0.562500 0.402344 0.550781 0.398438 0.546875 0.378906 0.511719 0.375000 0.507812 0.347656 0.441406 0.347656 0.437500 0.332031 0.425781 0.328125 0.421875 0.316406 0.398438 0.312500 0.394531 0.324219 0.378906 0.328125 0.375000 0.347656 0.363281 0.351562 0.359375 0.437500 0.312500
0 0.367188 0.281250 0.378906 0.285156 0.382812 0.289062 0.402344 0.324219 0.402344 0.328125 0.312500 0.375000 0.308594 0.375000 0.304688 0.355469 0.304688 0.351562 0.343750 0.324219 0.347656 0.320312 0.359375 0.304688 0.363281 0.300781 0.367188 0.281250
0 0.148438 0.320312 0.160156 0.320312 0.164062 0.324219 0.156250 0.417969 0.152344 0.421875 0.125000 0.378906 0.121094 0.375000 0.125000 0.351562 0.125000 0.347656 0.148438 0.320312
0 0.046875 0.320312 0.058594 0.320312 0.062500 0.320312 0.078125 0.332031 0.082031 0.335938 0.085938 0.367188 0.085938 0.371094 0.078125 0.382812 0.074219 0.386719 0.058594 0.382812 0.054688 0.378906 0.042969 0.335938 0.039062 0.332031 0.046875 0.320312
0 0.015625 0.261719 0.050781 0.265625 0.054688 0.265625 0.062500 0.273438 0.066406 0.277344 0.066406 0.296875 0.066406 0.300781 0.054688 0.308594 0.050781 0.312500 0.031250 0.312500 0.027344 0.312500 0.015625 0.304688 0.011719 0.304688 0.007812 0.300781 0.003906 0.296875 0.003906 0.273438 0.003906 0.269531 0.015625 0.261719
0 0.273438 0.210938 0.304688 0.214844 0.308594 0.214844 0.316406 0.246094 0.316406 0.250000 0.308594 0.261719 0.304688 0.265625 0.265625 0.281250 0.261719 0.281250 0.246094 0.296875 0.242188 0.296875 0.214844 0.265625 0.210938 0.261719 0.207031 0.238281 0.207031 0.234375 0.218750 0.226562 0.222656 0.222656 0.253906 0.218750 0.257812 0.218750 0.273438 0.210938
0 0.382812 0.015625 0.402344 0.015625 0.406250 0.015625 0.417969 0.023438 0.421875 0.023438 0.425781 0.035156 0.425781 0.039062 0.394531 0.078125 0.394531 0.082031 0.386719 0.089844 0.382812 0.093750 0.375000 0.093750 0.371094 0.093750 0.355469 0.062500 0.355469 0.058594 0.367188 0.027344 0.367188 0.023438 0.382812 0.015625
0 0.222656 0.023438 0.250000 0.027344 0.253906 0.031250 0.261719 0.046875 0.265625 0.050781 0.265625 0.078125 0.261719 0.082031 0.242188 0.085938 0.238281 0.085938 0.199219 0.074219 0.195312 0.074219 0.195312 0.054688 0.195312 0.050781 0.222656 0.023438
0 0.047416 0.072586 0.033543 0.061795 0.008880 0.060254 0.000000 0.084675 0.000000 0.149121 0.011963 0.165072 0.011963 0.197443 0.030461 0.197443 0.032002 0.174321 0.052041 0.149658 0.065914 0.149658 0.068997 0.138868 0.058207 0.123453 0.053582 0.100332 0.050499 0.100332
0 0.096743 0.020176 0.078245 0.020176 0.064372 0.032508 0.058207 0.046381 0.058207 0.055630 0.045875 0.075668 0.056665 0.121912 0.064372 0.100332 0.084411 0.069503 0.089036 0.069503 0.093660 0.081834 0.109074 0.081834 0.107533 0.063337 0.118323 0.057171 0.116782 0.032508
0 0.130655 0.203608 0.089036 0.202067 0.089036 0.198984 0.061289 0.198984 0.048958 0.212857 0.085953 0.217481 0.099826 0.229813 0.113699 0.231354 0.118323 0.223647
0 0.311004 0.149658 0.284799 0.163531 0.274009 0.186652 0.283258 0.209774 0.311004 0.209774 0.323335 0.205150 0.323335 0.185111 0.327960 0.165072
0 0.468231 0.149658 0.448192 0.172779 0.448192 0.206691 0.471314 0.217481 0.482104 0.214398 0.489811 0.208233 0.472855 0.182028 0.472855 0.174321 0.475938 0.174321 0.480563 0.168155 0.480563 0.165072
0 0.280175 0.417869 0.258595 0.408621 0.244721 0.424035 0.258595 0.439450 0.261677 0.439450 0.283258 0.457947 0.286341 0.457947 0.289423 0.447157
0 0.266302 0.397830 0.304838 0.391665 0.312545 0.400913 0.312545 0.411704 0.292506 0.411704 0.286341 0.419411 0.280175 0.417869
0 0.301755 0.417869 0.287882 0.424035 0.294048 0.437908 0.280175 0.454864 0.289423 0.488776 0.311004 0.484152 0.323335 0.467195 0.323335 0.462571 0.331043 0.447157 0.329501 0.445615
