0 1.000000 1.000000 0.916260 1.000000 0.910156 0.996094 0.906250 0.996094 0.890625 0.980469 0.886719 0.976562 0.894531 0.960938 0.898438 0.957031 0.914062 0.953125 0.917969 0.949219 1.000000 0.942909
0 0.949219 0.179688 0.976562 0.183594 0.980469 0.183594 1.000000 0.196615 1.000000 0.503906 0.996094 0.480469 0.992188 0.476562 0.988281 0.382812 0.988281 0.378906 0.976562 0.367188 0.972656 0.363281 0.960938 0.312500 0.960938 0.308594 0.933594 0.250000 0.929688 0.246094 0.929688 0.214844 0.929688 0.210938 0.949219 0.179688
0 0.761719 0.332031 0.859375 0.355469 0.863281 0.359375 0.902344 0.363281 0.906250 0.363281 0.921875 0.371094 0.925781 0.375000 0.957031 0.378906 0.960938 0.378906 0.976562 0.386719 0.980469 0.386719 0.980469 0.394531 0.980469 0.398438 0.957031 0.425781 0.953125 0.429688 0.972656 0.449219 0.976562 0.453125 0.996094 0.523438 1.000000 0.527344 1.000000 0.527344 1.000000 0.722005 0.957031 0.714844 0.953125 0.714844 0.929688 0.699219 0.925781 0.699219 0.914062 0.683594 0.910156 0.679688 0.886719 0.664062 0.882812 0.660156 0.871094 0.656250 0.867188 0.656250 0.835938 0.664062 0.832031 0.667969 0.828125 0.664062 0.824219 0.660156 0.695312 0.417969 0.691406 0.414062 0.695312 0.386719 0.695312 0.382812 0.746094 0.339844 0.750000 0.335938 0.761719 0.332031
0 0.164062 0.257812 0.187500 0.265625 0.191406 0.265625 0.218750 0.289062 0.222656 0.292969 0.269531 0.320312 0.273438 0.320312 0.312500 0.355469 0.316406 0.359375 0.363281 0.390625 0.367188 0.390625 0.476562 0.503906 0.480469 0.507812 0.531250 0.542969 0.535156 0.546875 0.542969 0.562500 0.546875 0.566406 0.550781 0.601562 0.554688 0.605469 0.550781 0.621094 0.550781 0.625000 0.535156 0.644531 0.531250 0.648438 0.503906 0.648438 0.500000 0.648438 0.386719 0.609375 0.382812 0.609375 0.335938 0.562500 0.332031 0.558594 0.265625 0.515625 0.261719 0.511719 0.234375 0.500000 0.230469 0.500000 0.175781 0.445312 0.171875 0.441406 0.136719 0.421875 0.132812 0.421875 0.101562 0.394531 0.097656 0.390625 0.097656 0.359375 0.097656 0.355469 0.148438 0.277344 0.148438 0.273438 0.164062 0.257812
0 0.167067 0.000000 0.167969 0.011719 0.167969 0.015625 0.183594 0.042969 0.187500 0.046875 0.191406 0.082031 0.191406 0.085938 0.132812 0.140625 0.128906 0.144531 0.070312 0.125000 0.066406 0.125000 0.039062 0.109375 0.035156 0.105469 0.003906 0.109375 0.000000 0.109375 0.000000 0.000000
0 1.000000 0.000000 1.000000 0.027344 1.000000 0.027344 0.996094 0.027344 0.972656 0.011719 0.968750 0.007812 0.931250 0.000000
0 0.843750 0.074219 0.886719 0.074219 0.890625 0.074219 0.921875 0.085938 0.925781 0.085938 0.941406 0.101562 0.945312 0.105469 0.949219 0.117188 0.953125 0.121094 0.953125 0.140625 0.953125 0.144531 0.929688 0.164062 0.925781 0.167969 0.917969 0.191406 0.914062 0.195312 0.914062 0.214844 0.914062 0.218750 0.902344 0.234375 0.898438 0.238281 0.832031 0.250000 0.828125 0.250000 0.781250 0.226562 0.777344 0.222656 0.757812 0.195312 0.757812 0.191406 0.722656 0.160156 0.718750 0.160156 0.714844 0.132812 0.714844 0.128906 0.718750 0.117188 0.722656 0.113281 0.738281 0.109375 0.742188 0.109375 0.765625 0.093750 0.769531 0.089844 0.843750 0.074219
0 0.562500 0.093750 0.617188 0.093750 0.621094 0.093750 0.695312 0.136719 0.699219 0.136719 0.714844 0.167969 0.718750 0.171875 0.718750 0.199219 0.718750 0.203125 0.710938 0.214844 0.710938 0.218750 0.695312 0.230469 0.691406 0.234375 0.671875 0.234375 0.667969 0.238281 0.617188 0.238281 0.613281 0.238281 0.593750 0.234375 0.589844 0.234375 0.570312 0.222656 0.566406 0.222656 0.550781 0.207031 0.546875 0.203125 0.546875 0.187500 0.542969 0.183594 0.546875 0.136719 0.546875 0.132812 0.562500 0.093750
0 0.706473 0.000000 0.703125 0.023438 0.703125 0.027344 0.679688 0.066406 0.675781 0.070312 0.652344 0.070312 0.648438 0.070312 0.625000 0.058594 0.621094 0.058594 0.582031 0.023438 0.578125 0.019531 0.566406 0.000000 0.566406 0.000000
0 0.496094 0.050781 0.539062 0.058594 0.542969 0.058594 0.558594 0.089844 0.562500 0.093750 0.617188 0.093750 0.621094 0.093750 0.691406 0.132812 0.695312 0.132812 0.714844 0.167969 0.718750 0.171875 0.714844 0.207031 0.714844 0.210938 0.699219 0.226562 0.695312 0.230469 0.687500 0.230469 0.683594 0.234375 0.601562 0.238281 0.597656 0.238281 0.578125 0.226562 0.574219 0.222656 0.539062 0.210938 0.535156 0.210938 0.488281 0.175781 0.484375 0.171875 0.457031 0.164062 0.453125 0.164062 0.437500 0.148438 0.433594 0.144531 0.437500 0.125000 0.441406 0.121094 0.437500 0.085938 0.437500 0.082031 0.445312 0.070312 0.445312 0.066406 0.496094 0.050781
0 0.562500 0.000000 0.574219 0.011719 0.578125 0.015625 0.578125 0.031250 0.578125 0.035156 0.562500 0.050781 0.558594 0.054688 0.550781 0.054688 0.546875 0.058594 0.503906 0.050781 0.500000 0.050781 0.492188 0.011719 0.488281 0.007812 0.489583 0.000000
0 0.480469 0.000000 0.480469 0.003906 0.480469 0.007812 0.410156 0.109375 0.410156 0.113281 0.378906 0.136719 0.375000 0.140625 0.394531 0.156250 0.394531 0.160156 0.363281 0.175781 0.359375 0.179688 0.351562 0.175781 0.347656 0.175781 0.332031 0.152344 0.328125 0.148438 0.320312 0.113281 0.316406 0.109375 0.316406 0.023438 0.316406 0.019531 0.322621 0.000000
0 0.222656 0.031250 0.246094 0.031250 0.250000 0.031250 0.289062 0.058594 0.292969 0.062500 0.312500 0.117188 0.316406 0.121094 0.316406 0.136719 0.316406 0.140625 0.304688 0.160156 0.304688 0.164062 0.289062 0.167969 0.285156 0.171875 0.250000 0.171875 0.246094 0.171875 0.230469 0.160156 0.226562 0.156250 0.226562 0.152344 0.226562 0.148438 0.207031 0.128906 0.203125 0.125000 0.203125 0.066406 0.203125 0.062500 0.222656 0.031250
0 0.199219 0.128906 0.222656 0.136719 0.226562 0.140625 0.250000 0.214844 0.246094 0.218750 0.183594 0.218750 0.179688 0.218750 0.148438 0.234375 0.144531 0.234375 0.105469 0.207031 0.101562 0.203125 0.109375 0.164062 0.113281 0.160156 0.128906 0.156250 0.132812 0.156250 0.156250 0.140625 0.160156 0.136719 0.179688 0.136719 0.183594 0.136719 0.199219 0.128906
0 0.839844 0.710938 0.882812 0.718750 0.886719 0.722656 0.925781 0.718750 0.929688 0.718750 0.980469 0.726562 0.984375 0.726562 0.996094 0.734375 1.000000 0.734375 1.000000 0.734375 1.000000 0.804688 1.000000 0.804688 1.000000 0.808594 0.988281 0.816406 0.984375 0.820312 0.906250 0.812500 0.902344 0.812500 0.871094 0.828125 0.867188 0.832031 0.855469 0.832031 0.851562 0.835938 0.789062 0.828125 0.785156 0.828125 0.765625 0.792969 0.761719 0.789062 0.769531 0.769531 0.773438 0.765625 0.777344 0.734375 0.777344 0.730469 0.800781 0.718750 0.804688 0.714844 0.839844 0.710938
0 1.000000 0.937500 0.933594 0.937500 0.929688 0.937500 0.917969 0.925781 0.917969 0.921875 0.957031 0.890625 0.960938 0.886719 0.968750 0.847656 0.968750 0.843750 1.000000 0.828125
0 1.000000 0.935369 0.976562 0.937500 0.972656 0.941406 0.941406 0.941406 0.937500 0.941406 0.910156 0.933594 0.906250 0.933594 0.878906 0.949219 0.875000 0.953125 0.863281 0.953125 0.859375 0.953125 0.843750 0.941406 0.839844 0.937500 0.820312 0.894531 0.816406 0.890625 0.820312 0.843750 0.824219 0.839844 0.863281 0.839844 0.867188 0.839844 0.882812 0.832031 0.886719 0.828125 0.929688 0.828125 0.933594 0.828125 0.945312 0.835938 0.949219 0.839844 0.960938 0.839844 0.964844 0.839844 0.996094 0.824219 1.000000 0.824219 1.000000 0.824219
0 0.417969 0.812500 0.437500 0.816406 0.441406 0.816406 0.472656 0.835938 0.476562 0.839844 0.488281 0.871094 0.492188 0.875000 0.500000 0.917969 0.500000 0.921875 0.519531 0.972656 0.523438 0.976562 0.523438 1.000000 0.408594 1.000000 0.386719 0.984375 0.382812 0.984375 0.343750 0.945312 0.339844 0.941406 0.320312 0.910156 0.316406 0.906250 0.320312 0.886719 0.324219 0.882812 0.332031 0.878906 0.335938 0.878906 0.378906 0.835938 0.382812 0.832031 0.417969 0.812500
0 0.582031 0.843750 0.593750 0.843750 0.597656 0.843750 0.621094 0.878906 0.625000 0.882812 0.625000 0.917969 0.625000 0.921875 0.636719 0.945312 0.640625 0.949219 0.637240 1.000000 0.546875 1.000000 0.535156 0.984375 0.531250 0.980469 0.515625 0.933594 0.511719 0.929688 0.511719 0.906250 0.511719 0.902344 0.527344 0.886719 0.527344 0.882812 0.582031 0.843750
0 0.000000 0.867188 0.058594 0.878906 0.062500 0.878906 0.085938 0.890625 0.089844 0.890625 0.132812 0.953125 0.136719 0.957031 0.133138 1.000000 0.000000 1.000000 0.000000 0.867188
0 0.156250 0.472656 0.179688 0.476562 0.183594 0.476562 0.210938 0.500000 0.214844 0.500000 0.234375 0.519531 0.238281 0.523438 0.253906 0.570312 0.253906 0.574219 0.222656 0.605469 0.218750 0.609375 0.148438 0.625000 0.144531 0.625000 0.140625 0.621094 0.136719 0.617188 0.136719 0.597656 0.132812 0.593750 0.128906 0.507812 0.128906 0.503906 0.136719 0.488281 0.136719 0.484375 0.156250 0.472656
0 0.656250 0.300781 0.695312 0.312500 0.699219 0.312500 0.710938 0.328125 0.714844 0.332031 0.714844 0.347656 0.714844 0.351562 0.683594 0.386719 0.679688 0.390625 0.652344 0.402344 0.648438 0.402344 0.632812 0.394531 0.628906 0.390625 0.625000 0.335938 0.625000 0.332031 0.628906 0.324219 0.628906 0.320312 0.656250 0.300781
0 0.859375 0.656250 0.882812 0.660156 0.886719 0.660156 0.914062 0.687500 0.917969 0.691406 0.917969 0.703125 0.917969 0.707031 0.914062 0.710938 0.910156 0.714844 0.898438 0.714844 0.894531 0.718750 0.859375 0.710938 0.855469 0.710938 0.843750 0.699219 0.839844 0.695312 0.835938 0.671875 0.835938 0.667969 0.859375 0.656250
0 0.902344 0.007812 0.937500 0.007812 0.941406 0.007812 0.996094 0.031250 1.000000 0.035156 1.000000 0.035156 1.000000 0.126953 0.996094 0.132812 0.992188 0.136719 0.984375 0.136719 0.980469 0.136719 0.937500 0.089844 0.933594 0.085938 0.875000 0.062500 0.871094 0.058594 0.875000 0.031250 0.875000 0.027344 0.902344 0.007812
0 0.652344 0.812500 0.667969 0.812500 0.671875 0.812500 0.691406 0.824219 0.695312 0.828125 0.703125 0.855469 0.707031 0.859375 0.703125 0.878906 0.699219 0.882812 0.671875 0.886719 0.667969 0.886719 0.636719 0.867188 0.632812 0.863281 0.628906 0.855469 0.625000 0.851562 0.625000 0.835938 0.625000 0.832031 0.628906 0.824219 0.632812 0.820312 0.652344 0.812500
0 0.878906 0.992188 0.886719 0.992188 0.890625 0.992188 0.904297 1.000000 0.871094 1.000000 0.871094 1.000000 0.871094 0.996094 0.878906 0.992188
