0 0.457031 0.199219 0.480469 0.203125 0.484375 0.207031 0.507812 0.269531 0.511719 0.273438 0.519526 0.296880 0.498335 0.349860 0.481584 0.389504 0.464854 0.409025 0.455916 0.432473 0.378399 0.421880 0.340399 0.425221 0.326455 0.418529 0.320302 0.392279 0.300781 0.369413 0.299111 0.317516 0.323648 0.290188 0.347656 0.265625 0.406213 0.231605 0.457031 0.199219
0 0.613281 0.472656 0.671875 0.492188 0.675781 0.492188 0.683594 0.507812 0.687500 0.511719 0.679688 0.527344 0.679688 0.531250 0.667969 0.539062 0.664062 0.542969 0.632812 0.542969 0.628906 0.542969 0.621094 0.535156 0.617188 0.531250 0.613281 0.492188 0.609375 0.488281 0.613281 0.472656
0 0.054217 0.072857 0.053102 0.079548 0.039718 0.080664 0.043064 0.101855 0.053102 0.104085 0.059793 0.094048 0.079869 0.092932 0.070946 0.081779 0.064255 0.080664
0 0.283971 0.032705 0.270587 0.034936 0.254973 0.048320 0.236012 0.048320 0.231552 0.052781 0.210361 0.062819 0.211476 0.079548 0.228205 0.084010 0.237128 0.092932 0.246050 0.097393 0.251627 0.092932 0.252742 0.116354 0.263895 0.119700 0.272818 0.101855 0.285086 0.097393 0.291778 0.092932 0.286202 0.082895 0.294009 0.048320 0.290663 0.039397
0 0.222629 0.094048 0.215937 0.097393 0.213706 0.105201 0.211476 0.105201 0.210361 0.148698 0.223744 0.152044 0.246050 0.164312 0.269472 0.150929 0.272818 0.124161 0.268357 0.110777 0.263895 0.118584 0.252742 0.118584 0.251627 0.091817 0.243820 0.097393 0.237128 0.095163
0 0.178016 0.097393 0.165748 0.109662 0.150134 0.118584 0.162402 0.120815 0.163517 0.128622 0.186939 0.138660 0.196977 0.133084 0.195861 0.129738 0.211476 0.124161 0.209245 0.104085 0.189170 0.111893
0 0.344198 0.050550 0.348659 0.039397 0.336391 0.030475 0.324122 0.024898 0.309623 0.020437 0.297355 0.029359 0.309623 0.041628 0.309623 0.043859 0.324122 0.048320 0.324122 0.061704 0.317430 0.070626 0.316315 0.088471 0.296239 0.119700 0.289548 0.118584 0.289548 0.135314 0.277279 0.139775 0.278395 0.155390 0.261665 0.173235 0.248281 0.164312 0.236012 0.176580 0.263895 0.200002 0.272818 0.201118 0.275048 0.241269 0.292893 0.241269 0.309623 0.208925 0.311854 0.189964 0.307393 0.182157 0.308508 0.165427 0.312969 0.164312 0.309623 0.140891 0.321892 0.128622 0.333045 0.105201 0.341967 0.081779 0.341967 0.069511 0.375427 0.070626 0.369850 0.061704 0.367620 0.061704 0.358697 0.052781
0 0.631948 0.073972 0.616334 0.084010 0.619680 0.094048 0.616334 0.096278 0.609642 0.095163 0.594028 0.113008 0.595143 0.124161 0.618564 0.121930 0.630833 0.104085 0.640871 0.097393 0.643102 0.089586 0.656485 0.089586 0.658716 0.077318 0.681022 0.063934 0.681022 0.066165 0.677676 0.057242 0.667638 0.052781 0.652024 0.061704 0.652024 0.072857 0.645332 0.072857 0.643102 0.058357 0.653139 0.055012 0.635294 0.047204 0.624141 0.046089 0.616334 0.047204 0.614104 0.049435 0.615219 0.059473 0.625257 0.059473
0 0.527109 0.189964 0.540493 0.187734 0.544954 0.181042 0.540493 0.173235 0.529340 0.174350 0.521532 0.181042 0.511495 0.186618 0.508149 0.186618 0.508149 0.195541 0.475805 0.195541 0.491419 0.208925 0.522648 0.223424 0.541608 0.225654 0.540493 0.211155 0.529340 0.207809 0.529340 0.202233
0 0.508149 0.237923 0.513725 0.237923 0.525994 0.246845 0.525994 0.270267 0.518187 0.276959 0.517071 0.281420 0.504803 0.256883 0.502572 0.246845
0 0.766901 0.322686 0.764670 0.329379 0.756863 0.329379 0.759094 0.340532 0.809283 0.339416 0.824897 0.332724 0.830474 0.328263 0.828243 0.320456
0 0.868395 0.020437 0.846088 0.018206 0.849434 0.034936 0.861703 0.039397 0.882893 0.052781 0.892931 0.052781 0.895162 0.021552 0.880663 0.023783 0.879548 0.012630
0 0.869510 0.079548 0.879548 0.080664 0.875086 0.051666 0.861703 0.048320 0.852780 0.050550 0.850550 0.052781 0.841627 0.047204 0.857241 0.075087
0 0.977695 0.106316 0.986618 0.106316 0.989964 0.101855 0.998886 0.100739 1.000000 0.101854 1.000000 0.087152 0.996655 0.086240 0.996655 0.084010 0.991079 0.080664 0.989964 0.069511 0.978811 0.070626 0.974349 0.081779 0.974349 0.097393
0 0.000000 0.231231 0.022988 0.240154 0.051986 0.256883 0.064255 0.285881 0.070946 0.314879 0.049755 0.323802 0.072062 0.323802 0.078754 0.340532 0.101060 0.340532 0.126712 0.331609 0.126712 0.324917 0.146787 0.331609 0.152364 0.344993 0.152364 0.353915 0.143442 0.352800 0.138980 0.346108 0.125597 0.348339 0.111098 0.359492 0.107752 0.375106 0.093253 0.385144 0.063139 0.385144 0.056447 0.382913 0.035257 0.367299 0.014066 0.337186 0.014066 0.324917 0.039718 0.293688 0.046410 0.282535 0.036372 0.276959 0.010720 0.274728 0.000000 0.269152
0 0.104406 0.406335 0.086561 0.398528 0.074293 0.411911 0.072062 0.411911 0.073177 0.427526 0.087676 0.429756 0.106636 0.419719 0.115559 0.407450
0 0.034141 0.375106 0.015181 0.381798 0.016296 0.402989 0.024104 0.421949 0.036372 0.430872 0.047525 0.435333 0.053102 0.435333 0.050871 0.453178 0.058678 0.452062 0.062024 0.434218 0.074293 0.427526 0.070946 0.413027 0.051986 0.395182 0.045294 0.391836
0 0.656485 0.002592 0.659831 0.017091 0.705559 0.043859 0.720058 0.040512 0.727865 0.026014 0.740134 0.022668 0.728980 0.008168 0.714481 0.010399 0.710020 0.000361
0 0.530455 0.405220 0.539377 0.396297 0.539377 0.394066 0.556107 0.389605 0.556107 0.378452 0.527109 0.369530 0.518187 0.369530 0.505918 0.373991 0.502572 0.384029 0.500341 0.391836 0.500341 0.414142 0.509264 0.418603 0.515956 0.405220
0 0.538262 0.337186 0.509264 0.347223 0.500341 0.356146 0.517071 0.359492 0.540493 0.355030 0.540493 0.347223
0 0.190285 0.493329 0.178016 0.493329 0.174670 0.516751 0.161287 0.521212 0.150134 0.520097 0.144557 0.531250 0.160171 0.534596 0.166863 0.550210 0.169094 0.560248 0.183593 0.561363 0.196977 0.576978 0.209245 0.585900 0.229321 0.588131 0.259434 0.595938 0.290663 0.595938 0.277279 0.581439 0.261665 0.571401 0.239359 0.550210 0.204784 0.530134 0.196977 0.520097 0.192516 0.502252
0 0.320776 0.574747 0.312969 0.589246 0.312969 0.598168 0.316315 0.607091 0.323007 0.609321 0.344198 0.609321 0.344198 0.588131 0.339737 0.582554 0.330814 0.576978
0 0.433423 0.477715 0.412232 0.507828 0.399963 0.510059 0.393271 0.504482 0.395502 0.497791 0.405540 0.485522 0.423385 0.479945
0 0.382118 0.546864 0.370965 0.561363 0.358697 0.584785 0.369850 0.598168 0.391041 0.600399 0.406655 0.605976 0.403309 0.618244 0.452383 0.622705 0.451268 0.612668 0.480266 0.614898 0.486958 0.608206 0.499226 0.602630 0.515956 0.598168 0.517071 0.588131 0.532686 0.566940 0.544954 0.540172 0.567260 0.510059 0.566145 0.494445 0.556107 0.476600 0.550530 0.462100 0.550530 0.438679 0.537147 0.426411 0.529340 0.409681 0.517071 0.407450 0.509264 0.421949 0.502572 0.416373 0.493650 0.414142 0.483612 0.414142 0.460190 0.431987 0.464652 0.445371 0.454614 0.455409 0.411116 0.512289 0.391041 0.534596
0 0.805436 0.522064 0.787304 0.557196 0.787304 0.566262 0.802036 0.569662 0.802036 0.571929 0.822436 0.575329 0.830369 0.569662 0.828102 0.552662 0.846235 0.531130 0.820169 0.534530 0.809970 0.529996
0 0.789570 0.493731 0.828102 0.498264 0.828102 0.484664 0.839316 0.489363 0.848502 0.499398 0.849635 0.511864 0.815636 0.512997 0.840569 0.519797 0.851902 0.526597 0.864368 0.525463 0.863235 0.533396 0.838302 0.534530 0.813370 0.531130 0.789570 0.520930 0.782770 0.505064 0.780504 0.484664 0.782770 0.475598 0.769171 0.477865 0.773704 0.471065 0.785037 0.463132 0.792970 0.461998 0.808836 0.466532 0.813370 0.474465 0.789570 0.473332
0 0.978831 0.230805 0.955032 0.235339 0.968632 0.262538 0.968632 0.267071 0.989031 0.277271 0.995831 0.271604 0.993564 0.262538 0.995831 0.244405 0.993564 0.231939
0 1.000000 0.660156 1.000000 0.660156 0.996094 0.656250 0.992188 0.625000 0.988281 0.621094 0.996094 0.593750 0.996094 0.589844 1.000000 0.585938
0 0.800549 0.398373 0.794973 0.411757 0.806126 0.428487 0.810587 0.439640 0.821740 0.422911 0.823971 0.409527 0.813933 0.400604 0.810587 0.400604
0 0.845162 0.382759 0.847393 0.395028 0.871929 0.400604 0.870814 0.380529 0.867468 0.374952 0.846277 0.367145 0.840700 0.373837
0 0.946655 0.382759 0.933271 0.380529 0.932156 0.390566 0.955578 0.415103 0.960039 0.396143 0.957808 0.387220
0 0.733630 0.428487 0.725823 0.444101 0.728054 0.458600 0.734746 0.461946 0.751475 0.458600 0.751475 0.449678 0.749245 0.449678 0.740323 0.438525
0 0.646636 0.436294 0.626561 0.438525 0.625445 0.448562 0.627676 0.449678 0.634368 0.467523 0.643290 0.467523
0 0.716901 0.463062 0.710209 0.459716 0.702402 0.467523 0.677865 0.476445 0.697941 0.492060 0.734746 0.489829 0.724708 0.476445 0.722477 0.476445 0.722477 0.474215
0 0.447074 0.003866 0.421731 0.003866 0.404391 0.018538 0.423065 0.031877 0.444407 0.035878 0.453743 0.035878 0.449742 0.022540
0 0.140625 0.582031 0.152344 0.585938 0.156250 0.589844 0.156250 0.601562 0.160156 0.605469 0.160156 0.628906 0.160156 0.632812 0.152344 0.652344 0.152344 0.656250 0.140625 0.675781 0.136719 0.679688 0.105469 0.679688 0.101562 0.679688 0.097656 0.675781 0.093750 0.671875 0.097656 0.652344 0.097656 0.648438 0.140625 0.582031
0 0.609375 0.582031 0.628906 0.585938 0.632812 0.589844 0.628906 0.710938 0.628906 0.714844 0.617188 0.761719 0.617188 0.765625 0.585938 0.855469 0.585938 0.859375 0.578125 0.867188 0.574219 0.867188 0.535156 0.816406 0.535156 0.812500 0.503906 0.785156 0.500000 0.781250 0.484375 0.750000 0.484375 0.746094 0.492188 0.722656 0.496094 0.718750 0.503906 0.652344 0.503906 0.648438 0.609375 0.582031
0 0.550781 0.921875 0.601562 0.929688 0.649625 0.953464 0.664062 0.972656 0.667969 0.976562 0.683698 1.000000 0.561384 1.000000 0.539062 0.984375 0.535156 0.980469 0.492188 0.964844 0.488281 0.960938 0.492188 0.953125 0.492188 0.949219 0.511719 0.933594 0.515625 0.929688 0.531250 0.929688 0.535156 0.929688 0.550781 0.921875
0 0.453125 0.820312 0.472656 0.824219 0.476562 0.824219 0.523438 0.890625 0.519531 0.894531 0.507812 0.894531 0.503906 0.894531 0.457031 0.855469 0.453125 0.851562 0.449219 0.839844 0.445312 0.835938 0.453125 0.820312
0 0.445312 0.746094 0.457031 0.746094 0.460938 0.746094 0.480469 0.757812 0.484375 0.757812 0.503906 0.785156 0.507812 0.789062 0.522485 0.816692 0.517149 0.823266 0.513529 0.827172 0.484280 0.820503 0.483327 0.796875 0.468750 0.792969 0.425781 0.789062 0.421875 0.789062 0.417969 0.769531 0.417969 0.765625 0.445312 0.746094
0 0.687500 0.746094 0.703125 0.753906 0.707031 0.753906 0.718750 0.789062 0.722656 0.792969 0.722656 0.832031 0.722656 0.835938 0.730469 0.847656 0.730469 0.851562 0.726562 0.855469 0.726562 0.859375 0.718750 0.859375 0.714844 0.863281 0.699219 0.851562 0.695312 0.847656 0.683594 0.816406 0.679688 0.812500 0.675781 0.773438 0.675781 0.769531 0.687500 0.746094
0 0.699219 0.699219 0.707031 0.699219 0.710938 0.699219 0.718750 0.707031 0.722656 0.710938 0.718750 0.746094 0.714844 0.750000 0.687500 0.746094 0.683594 0.746094 0.683594 0.738281 0.679688 0.734375 0.691406 0.707031 0.691406 0.703125 0.699219 0.699219
0 0.126953 0.780160 0.129621 0.782827 0.109613 0.780160 0.108280 0.785495 0.109613 0.797500 0.132289 0.805503 0.152296 0.798833 0.154964 0.780160 0.148295 0.770823 0.134956 0.765487 0.126953 0.768155
0 0.004240 0.730808 0.014911 0.729474 0.020246 0.709466 0.037586 0.712134 0.020246 0.690793 0.005574 0.693460 0.000000 0.708132
0 0.217654 0.778826 0.198980 0.774824 0.190977 0.780160 0.185642 0.780160 0.180307 0.774824 0.172304 0.774824 0.176305 0.797500 0.202982 0.796166
0 0.225657 0.749481 0.213653 0.753483 0.198980 0.769489 0.218988 0.782827 0.229659 0.777492 0.241663 0.764154 0.238996 0.752149
0 0.275009 0.668117 0.253668 0.669451 0.264339 0.692127 0.264339 0.701463 0.279011 0.694794
0 0.461746 0.702797 0.429734 0.713468 0.428401 0.718803 0.424399 0.721471 0.445741 0.734809 0.467082 0.740145 0.460413 0.724139 0.463080 0.717469
0 0.356373 0.705465 0.369712 0.701463 0.367044 0.688125 0.377715 0.672119 0.373713 0.662782 0.364377 0.662782 0.351038 0.658780 0.349704 0.670785 0.340367 0.669451 0.344369 0.692127
0 0.299018 0.829512 0.324361 0.812172 0.344369 0.824176 0.345703 0.829512 0.356373 0.828178 0.356373 0.809504 0.345703 0.802835 0.313691 0.794832 0.288348 0.804169 0.292349 0.810838 0.276343 0.809504 0.276343 0.816173 0.284346 0.838848 0.280345 0.848186 0.295017 0.841516
0 0.319026 0.836181 0.335032 0.876196 0.329696 0.889534 0.316358 0.884199 0.313691 0.862857 0.299018 0.841516 0.299018 0.832179
0 0.784535 0.920212 0.764528 0.921546 0.744520 0.942888 0.745854 0.965563 0.772531 0.956226 0.781868 0.948223 0.777866 0.932217
0 0.812546 0.868193 0.792538 0.868193 0.793872 0.880198 0.783202 0.897537 0.783202 0.905540 0.772531 0.913543 0.784535 0.917545 0.779200 0.944222 0.803209 0.944222 0.809878 0.930883 0.813880 0.906874
0 0.855229 0.885533 0.828552 0.888200 0.820549 0.897537 0.820549 0.909542 0.848559 0.910876 0.869901 0.912210 0.888575 0.909542 0.864566 0.890868
0 0.851227 0.929550 0.841890 0.926882 0.816547 0.929550 0.819215 0.913543 0.848559 0.913543
0 0.910559 0.738365 0.901682 0.740584 0.898353 0.743913 0.889475 0.747243 0.889475 0.749462 0.883927 0.750571 0.882818 0.752791 0.877269 0.755010 0.873940 0.764997 0.876159 0.786081 0.882818 0.798287 0.911669 0.796068 0.917217 0.780532 0.905011 0.780532 0.907230 0.751681
0 0.960494 0.834906 0.931643 0.820480 0.921656 0.822700 0.902791 0.833796 0.910559 0.861538 0.920546 0.872635 0.929423 0.888170 0.950507 0.890389 0.952727 0.868196 0.960494 0.855990 0.951617 0.848222 0.956055 0.847113
0 1.000000 0.847371 0.994894 0.848222 0.981578 0.861538 0.978249 0.871525 0.998223 0.871525 1.000000 0.869748
0 0.967152 0.848222 0.981578 0.844893 0.980468 0.831577 0.982688 0.814932 0.978249 0.812713 0.974920 0.797177 0.968262 0.789410 0.968262 0.780532 0.943849 0.786081 0.951617 0.798287 0.956055 0.800507 0.960494 0.814932 0.957165 0.827138 0.960494 0.839345
0 0.697904 0.616106 0.726098 0.616106 0.728661 0.595601 0.710720 0.595601 0.706875 0.598164 0.703030 0.598164 0.701749 0.600727 0.694059 0.600727
0 0.773515 0.584068 0.765825 0.593038 0.802990 0.595601 0.814524 0.587912 0.817087 0.578941
0 0.981124 0.600727 0.956775 0.600727 0.949085 0.610980 0.947804 0.617387 0.949085 0.648144 0.956775 0.689154 0.967027 0.713503 0.981124 0.709658 0.984968 0.705813 0.984968 0.691716 0.964464 0.659678 0.964464 0.626358
0 1.000000 0.546350 0.974716 0.550747 0.961901 0.578941 0.963182 0.598164 0.979842 0.602009 0.965745 0.627640 0.991376 0.627640 0.996502 0.587912 1.000000 0.584414
0 0.991376 0.778861 1.000000 0.776705 1.000000 0.742211 0.995221 0.744259 0.990095 0.741696
0 0.270587 0.503367 0.263895 0.505598 0.261665 0.513405 0.257204 0.512289 0.247166 0.495560 0.223744 0.496675 0.223744 0.492214 0.207014 0.492214 0.218168 0.514520 0.239359 0.517866 0.243820 0.533480 0.254973 0.541288 0.260550 0.534596 0.261665 0.525673 0.273933 0.523443
0 0.176901 0.061704 0.189170 0.043859 0.219283 0.010399 0.229321 0.002592 0.263895 0.001477 0.276164 0.008168 0.281740 0.021552 0.265011 0.021552 0.262780 0.031590 0.247166 0.034936 0.246050 0.046089 0.223744 0.048320 0.215937 0.062819 0.210361 0.065050 0.210361 0.079548 0.214822 0.088471 0.210361 0.102970 0.191400 0.111893 0.176901 0.097393 0.165748 0.110777 0.150134 0.117469 0.143442 0.126391 0.143442 0.150929 0.130058 0.150929 0.122251 0.143121 0.116674 0.121930 0.115559 0.106316 0.147903 0.076202 0.152364 0.073972 0.147903 0.065050
