0 0.450749 0.712101 0.452770 0.714354 0.455892 0.720268 0.457913 0.723085 0.459566 0.725901 0.462137 0.732097 0.463240 0.735195 0.463791 0.738293 0.464525 0.744771 0.464893 0.751530 0.464709 0.758290 0.464158 0.761670 0.462929 0.764643 0.461298 0.770771 0.459933 0.774062 0.456443 0.779413 0.452770 0.785328 0.451484 0.788144 0.449647 0.790961 0.447076 0.791805 0.440647 0.791524 0.437708 0.790961 0.422095 0.788144 0.419524 0.786736 0.417136 0.784483 0.415116 0.778568 0.414564 0.775470 0.414564 0.772091 0.415483 0.765331 0.416952 0.759135 0.419157 0.752939 0.421912 0.747025 0.428708 0.735477 0.432381 0.729563 0.434218 0.726746 0.437525 0.721113 0.440647 0.715199 0.442484 0.712101 0.444780 0.710411
0 0.510857 0.753568 0.522540 0.754579 0.538875 0.763154 0.559867 0.768588 0.577329 0.774760 0.584162 0.778189 0.594032 0.784360 0.599726 0.790189 0.607698 0.801504 0.614530 0.794646 0.617188 0.800132 0.616049 0.807332 0.614151 0.810418 0.613012 0.817618 0.610798 0.820784 0.605184 0.825511 0.598694 0.829654 0.595930 0.833048 0.589856 0.837848 0.584162 0.843334 0.573154 0.845391 0.561185 0.845966 0.557534 0.847384 0.550469 0.846019 0.542785 0.845734 0.542026 0.847791 0.537850 0.837848 0.530638 0.835791 0.527601 0.833733 0.525703 0.822762 0.523046 0.815904 0.518870 0.809732 0.513176 0.804246 0.508621 0.797732 0.505964 0.791218 0.500649 0.785046 0.496094 0.770988 0.496094 0.750759 0.503306 0.751445
0 0.518410 0.444854 0.529036 0.454676 0.544632 0.471666 0.550754 0.475458 0.558173 0.474717 0.584505 0.475542 0.591134 0.478707 0.592942 0.485991 0.591820 0.493469 0.591820 0.500963 0.591019 0.508404 0.587161 0.518754 0.575566 0.537569 0.570271 0.543296 0.556763 0.555854 0.548083 0.562659 0.542834 0.567986 0.535561 0.568427 0.528324 0.570061 0.520485 0.569156 0.517566 0.566894 0.512676 0.561116 0.508486 0.554761 0.503423 0.549261 0.494380 0.542928 0.485412 0.535808 0.483325 0.533086 0.476562 0.519936 0.468077 0.507151 0.466864 0.500539 0.470279 0.493704 0.482742 0.486723 0.489569 0.484533 0.504445 0.482465 0.511314 0.482905 0.511409 0.475907 0.501616 0.448521 0.506466 0.444553 0.512400 0.441314
0 0.091243 0.898929 0.095681 0.904418 0.103724 0.912535 0.107827 0.917908 0.111965 0.927802 0.115571 0.940880 0.119260 0.947322 0.132010 0.960145 0.143403 0.974170 0.147556 0.987215 0.150385 0.993827 0.150401 1.000000 0.052095 1.000000 0.048273 0.991031 0.039149 0.983730 0.028772 0.974641 0.029081 0.960165 0.014571 0.937045 0.019810 0.921613 0.029090 0.924323 0.031380 0.921840 0.037641 0.920160 0.048311 0.920601 0.055533 0.919661 0.061831 0.916892 0.067535 0.912363 0.072333 0.906495 0.080716 0.900650 0.085906 0.895148
0 0.704472 0.713080 0.718554 0.719080 0.745114 0.724589 0.752450 0.725449 0.770939 0.732795 0.786711 0.733652 0.805300 0.738367 0.819382 0.743510 0.830648 0.746082 0.848109 0.748653 0.845293 0.758511 0.849236 0.764511 0.855995 0.768368 0.858248 0.771368 0.859872 0.779046 0.858704 0.787002 0.850926 0.794940 0.846420 0.800941 0.835154 0.812084 0.825724 0.831643 0.822204 0.834332 0.801819 0.844596 0.795724 0.844656 0.787838 0.842085 0.780758 0.838181 0.776721 0.832075 0.764391 0.818008 0.756489 0.809848 0.743370 0.800927 0.725029 0.785492 0.711988 0.775989 0.706162 0.766654 0.699402 0.758082 0.690390 0.749939 0.683630 0.741367 0.679688 0.731081 0.680251 0.727224 0.687010 0.718652 0.696660 0.713069
0 0.448411 0.000000 0.459064 0.000710 0.462579 0.001767 0.462811 0.002161 0.463134 0.007858 0.459732 0.011627 0.457254 0.013995 0.455023 0.016690 0.446574 0.023793 0.443390 0.025526 0.441568 0.027189 0.438492 0.030540 0.434084 0.035511 0.432134 0.037139 0.429247 0.039029 0.425738 0.041958 0.420209 0.047303 0.419215 0.048423 0.416083 0.052557 0.410573 0.057884 0.403593 0.065696 0.396245 0.077060 0.389266 0.091975 0.387429 0.094815 0.382653 0.100497 0.380449 0.102628 0.376775 0.102273 0.373837 0.100852 0.369467 0.095397 0.366139 0.089680 0.363548 0.083603 0.361145 0.076954 0.360401 0.073725 0.359480 0.066802 0.359478 0.063233 0.358744 0.056142 0.359142 0.051493 0.359142 0.038352 0.360245 0.031605 0.363183 0.025568 0.367592 0.020241 0.378612 0.011009 0.380870 0.008440 0.384490 0.002841 0.390735 0.000355 0.394476 0.000170 0.399612 0.000000
0 0.050084 0.161973 0.053312 0.163677 0.057647 0.169316 0.061714 0.180404 0.062108 0.184353 0.064129 0.192068 0.068353 0.202537 0.073652 0.217318 0.075675 0.225041 0.078987 0.241049 0.079374 0.244967 0.082129 0.260947 0.085601 0.276323 0.086155 0.284650 0.085054 0.296230 0.084313 0.312257 0.083152 0.316256 0.080214 0.318041 0.076125 0.318052 0.069639 0.319909 0.063578 0.322664 0.056965 0.324868 0.050029 0.325743 0.047478 0.322845 0.044523 0.315664 0.043756 0.299553 0.042857 0.295209 0.040470 0.279780 0.038811 0.263751 0.037696 0.247769 0.034024 0.224081 0.033103 0.216349 0.032903 0.204190 0.032014 0.200349 0.031830 0.188210 0.032763 0.175946 0.035516 0.168238 0.037208 0.164861 0.042789 0.161208
0 0.000000 0.252666 0.000256 0.252663 0.006392 0.253429 0.011719 0.256343 0.021662 0.264254 0.026173 0.268655 0.030818 0.277030 0.033260 0.282850 0.031900 0.289322 0.027273 0.300594 0.025473 0.303622 0.023869 0.306911 0.019361 0.314497 0.013700 0.328609 0.008324 0.339942 0.005950 0.342679 0.002967 0.344839 0.000000 0.347382
0 0.644531 0.488281 0.726562 0.574219 0.722656 0.597656 0.707031 0.621094 0.679688 0.621094 0.656250 0.609375 0.628906 0.578125 0.605469 0.535156 0.605469 0.492188 0.621094 0.480469
0 0.257677 0.895341 0.279266 0.907094 0.296875 0.914062 0.302638 0.950246 0.302203 0.961296 0.315626 1.000000 0.175608 1.000000 0.194173 0.987438 0.176602 0.972636 0.162227 0.951790 0.163064 0.935210 0.190557 0.919521 0.220053 0.904076 0.227918 0.897736 0.240129 0.895352
0 0.269531 0.617188 0.285156 0.652344 0.312500 0.695312 0.312500 0.746094 0.292969 0.765625 0.277344 0.765625 0.253906 0.804688 0.226562 0.804688 0.210938 0.828125 0.183594 0.828125 0.175781 0.800781 0.191406 0.777344 0.187500 0.750000 0.156250 0.742188 0.113281 0.679688 0.105469 0.652344 0.109375 0.617188 0.132812 0.609375 0.175781 0.640625 0.199219 0.621094 0.195312 0.601562 0.214844 0.589844
0 0.262338 0.453213 0.288445 0.482271 0.305139 0.484088 0.329862 0.494712 0.358859 0.505067 0.386719 0.523438 0.388646 0.532296 0.414584 0.558230 0.420487 0.578459 0.392481 0.592686 0.367695 0.602727 0.343851 0.606096 0.277344 0.605469 0.229971 0.587106 0.214693 0.568366 0.180995 0.535559 0.164034 0.525585 0.156784 0.519188 0.169840 0.501718 0.192083 0.490536 0.222087 0.481348 0.239823 0.473191 0.240143 0.451297
0 0.738281 0.917969 0.773438 0.933594 0.777344 0.933594 0.808594 0.957031 0.812500 0.957031 0.835938 0.988281 0.839844 0.992188 0.851562 0.988281 0.855469 0.988281 0.875000 0.968750 0.878906 0.964844 0.894531 0.960938 0.898438 0.960938 0.902344 0.964844 0.882812 1.000000 0.726562 1.000000 0.726562 1.000000 0.730469 0.996094 0.726562 0.960938 0.726562 0.957031 0.730469 0.929688 0.730469 0.925781 0.738281 0.917969
0 0.648438 0.855469 0.726562 0.855469 0.730469 0.855469 0.738281 0.863281 0.742188 0.867188 0.742188 0.902344 0.742188 0.906250 0.734375 0.925781 0.730469 0.929688 0.722656 0.976562 0.726562 0.980469 0.716797 1.000000 0.617188 1.000000 0.585938 0.984375 0.582031 0.980469 0.582031 0.964844 0.582031 0.960938 0.605469 0.929688 0.609375 0.925781 0.605469 0.906250 0.601562 0.902344 0.605469 0.878906 0.605469 0.875000 0.648438 0.855469
0 0.000000 0.000988 0.253906 0.003906 0.253906 0.007812 0.218750 0.035156 0.214844 0.039062 0.148438 0.074219 0.144531 0.078125 0.109375 0.082031 0.105469 0.085938 0.035156 0.085938 0.031250 0.085938 0.007812 0.078125 0.003906 0.078125 0.000000 0.075521
0 0.460938 0.121094 0.484375 0.136719 0.488281 0.140625 0.496094 0.175781 0.500000 0.179688 0.500000 0.277344 0.496094 0.281250 0.472656 0.273438 0.468750 0.273438 0.453125 0.253906 0.449219 0.250000 0.433594 0.242188 0.429688 0.238281 0.386719 0.238281 0.382812 0.238281 0.378906 0.226562 0.375000 0.222656 0.378906 0.207031 0.378906 0.203125 0.363281 0.187500 0.359375 0.183594 0.367188 0.164062 0.367188 0.160156 0.378906 0.152344 0.382812 0.148438 0.402344 0.140625 0.406250 0.136719 0.425781 0.136719 0.429688 0.136719 0.460938 0.121094
0 0.585938 0.695312 0.609375 0.695312 0.613281 0.695312 0.648438 0.722656 0.652344 0.726562 0.656250 0.753906 0.656250 0.757812 0.644531 0.777344 0.640625 0.781250 0.625000 0.781250 0.621094 0.781250 0.578125 0.761719 0.574219 0.757812 0.570312 0.746094 0.566406 0.742188 0.566406 0.722656 0.566406 0.718750 0.585938 0.695312
0 0.773438 0.628906 0.789062 0.628906 0.792969 0.628906 0.808594 0.644531 0.812500 0.648438 0.812500 0.691406 0.812500 0.695312 0.804688 0.707031 0.800781 0.710938 0.792969 0.710938 0.789062 0.714844 0.750000 0.707031 0.746094 0.707031 0.726562 0.679688 0.722656 0.675781 0.734375 0.652344 0.738281 0.648438 0.757812 0.640625 0.761719 0.640625 0.773438 0.628906
0 0.738281 0.210938 0.757812 0.214844 0.761719 0.214844 0.796875 0.250000 0.800781 0.253906 0.816406 0.296875 0.816406 0.300781 0.789062 0.304688 0.785156 0.304688 0.769531 0.292969 0.765625 0.289062 0.738281 0.281250 0.734375 0.277344 0.734375 0.265625 0.734375 0.261719 0.718750 0.226562 0.718750 0.222656 0.738281 0.210938
0 0.976562 0.000000 1.000000 0.000000 1.000000 0.081597 0.984375 0.093750 0.980469 0.097656 0.976562 0.117188 0.976562 0.121094 0.957031 0.132812 0.953125 0.132812 0.941406 0.121094 0.937500 0.117188 0.933594 0.082031 0.933594 0.078125 0.957031 0.050781 0.960938 0.046875 0.968750 0.046875 0.972656 0.046875 0.988281 0.035156 0.992188 0.031250 0.992188 0.019531 0.992188 0.015625 0.980469 0.007812 0.976562 0.007812 0.976562 0.000000
0 0.074219 0.386719 0.085938 0.390625 0.089844 0.390625 0.093750 0.398438 0.097656 0.402344 0.093750 0.445312 0.093750 0.449219 0.074219 0.476562 0.074219 0.480469 0.058594 0.496094 0.054688 0.500000 0.042969 0.500000 0.039062 0.500000 0.011719 0.468750 0.007812 0.464844 0.003906 0.433594 0.003906 0.429688 0.019531 0.394531 0.019531 0.390625 0.074219 0.386719
0 0.000000 0.686208 0.043177 0.679391 0.054067 0.676280 0.052511 0.651389 0.000000 0.650360
0 0.173852 0.411818 0.204966 0.419596 0.226745 0.402484 0.225189 0.390039 0.218966 0.390039 0.204966 0.377593 0.173852 0.383816 0.166074 0.386927 0.161407 0.405595
0 0.321640 0.408706 0.327863 0.405595 0.330974 0.394705 0.337196 0.386927 0.352753 0.348036 0.360532 0.338702 0.365198 0.324701 0.365198 0.318478 0.348086 0.318478 0.348086 0.323145 0.344975 0.323145 0.335641 0.330923 0.326307 0.335590 0.316973 0.335590 0.304528 0.341813 0.304528 0.326257 0.313862 0.326257 0.315417 0.310700 0.304528 0.299810 0.302972 0.293588 0.276526 0.285809 0.251635 0.281142 0.248524 0.298255 0.264080 0.313811 0.264080 0.316923 0.292082 0.337146 0.292082 0.365148 0.304528 0.377593
0 0.139628 0.906517 0.150518 0.901850 0.152073 0.892516 0.162963 0.886294 0.162963 0.861403 0.152073 0.858292 0.159852 0.856736 0.158296 0.838068 0.139628 0.838068 0.134961 0.839624 0.130294 0.852069 0.114737 0.858292 0.094514 0.859848 0.089847 0.875404 0.086736 0.876960 0.108515 0.884738 0.125627 0.901850
0 0.467872 0.707393 0.478762 0.708948 0.517653 0.722950 0.530098 0.702726 0.531654 0.690281 0.540988 0.690281 0.533210 0.673168 0.472539 0.671613 0.469428 0.673168 0.447648 0.673168
0 0.777448 0.358925 0.805450 0.383816 0.827229 0.388483 0.827229 0.377593 0.849009 0.376038 0.856787 0.365148 0.858342 0.351147 0.872343 0.338702 0.867676 0.326257 0.897234 0.337146 0.908123 0.335590 0.919013 0.330923 0.917457 0.324701 0.903457 0.321589 0.900345 0.310700 0.889455 0.304477 0.850564 0.316923 0.844341 0.324701 0.808561 0.337146 0.783671 0.343369
0 0.981239 0.458487 0.978128 0.453821 0.989018 0.446042 1.000000 0.435060 1.000000 0.398256 0.985906 0.402484 0.985906 0.411818 0.957905 0.411818 0.951682 0.402484 0.943904 0.400928 0.954793 0.416485 0.968794 0.427374 0.971905 0.427374 0.948571 0.435153 0.936125 0.436708 0.936125 0.446042 0.959460 0.446042 0.967239 0.452265 0.967239 0.463154
0 0.000000 0.796875 0.000000 0.796875 0.003906 0.796875 0.007812 0.816406 0.007812 0.820312 0.003906 0.832031 0.000000 0.835938 0.000000 0.835938
0 0.511719 0.863281 0.523438 0.863281 0.527344 0.863281 0.539062 0.871094 0.542969 0.871094 0.554688 0.882812 0.558594 0.886719 0.554688 0.894531 0.554688 0.898438 0.546875 0.902344 0.542969 0.902344 0.492188 0.882812 0.488281 0.882812 0.492188 0.875000 0.492188 0.871094 0.511719 0.863281
0 0.679688 0.445312 0.691406 0.453125 0.695312 0.457031 0.691406 0.468750 0.691406 0.472656 0.683594 0.480469 0.679688 0.484375 0.660156 0.488281 0.656250 0.488281 0.656250 0.460938 0.656250 0.457031 0.679688 0.445312
