0 0.273438 0.664062 0.289062 0.664062 0.292969 0.664062 0.371094 0.703125 0.375000 0.707031 0.414062 0.710938 0.417969 0.710938 0.421875 0.730469 0.421875 0.734375 0.390625 0.777344 0.386719 0.781250 0.382812 0.800781 0.382812 0.804688 0.371094 0.812500 0.367188 0.816406 0.324219 0.832031 0.320312 0.835938 0.277344 0.835938 0.273438 0.835938 0.183594 0.820312 0.179688 0.820312 0.171875 0.808594 0.167969 0.804688 0.160156 0.761719 0.160156 0.757812 0.144531 0.734375 0.140625 0.730469 0.144531 0.707031 0.144531 0.703125 0.179688 0.679688 0.183594 0.675781 0.226562 0.675781 0.230469 0.675781 0.273438 0.664062
0 1.000000 1.000000 0.945312 1.000000 0.945312 1.000000 0.945312 0.996094 0.957031 0.957031 0.957031 0.953125 0.980469 0.929688 0.984375 0.925781 0.984375 0.910156 0.984375 0.906250 0.988281 0.902344 0.992188 0.898438 1.000000 0.896484
0 1.000000 0.531250 1.000000 0.531250 0.996094 0.531250 0.980469 0.500000 0.976562 0.496094 0.976562 0.476562 0.976562 0.472656 0.996094 0.433594 0.996094 0.429688 1.000000 0.426491
0 0.000000 0.847656 0.003906 0.847656 0.007812 0.847656 0.031250 0.867188 0.035156 0.871094 0.082031 0.875000 0.085938 0.875000 0.101562 0.886719 0.105469 0.890625 0.117188 0.933594 0.117188 0.937500 0.136719 0.964844 0.140625 0.968750 0.140625 0.988281 0.140625 0.992188 0.128906 1.000000 0.125000 1.000000 0.125000 1.000000 0.000000 1.000000 0.000000 0.847656
0 0.968750 0.625000 0.984375 0.625000 0.988281 0.625000 1.000000 0.635045 1.000000 0.707031 1.000000 0.707031 1.000000 0.710938 0.941406 0.773438 0.937500 0.777344 0.875000 0.816406 0.871094 0.816406 0.855469 0.843750 0.851562 0.847656 0.812500 0.855469 0.808594 0.855469 0.789062 0.832031 0.785156 0.828125 0.777344 0.800781 0.773438 0.796875 0.777344 0.773438 0.777344 0.769531 0.800781 0.730469 0.800781 0.726562 0.882812 0.656250 0.886719 0.652344 0.921875 0.660156 0.925781 0.660156 0.968750 0.625000
0 0.596880 0.771476 0.593748 0.783596 0.588348 0.783596 0.583615 0.775098 0.567589 0.759072 0.553793 0.754566 0.542181 0.754566 0.525482 0.758104 0.504193 0.766813 0.496452 0.770684 0.490103 0.777034 0.488500 0.783088 0.490103 0.796884 0.500323 0.809039 0.508313 0.810642 0.522612 0.807739 0.559815 0.807739 0.565852 0.808768 0.574205 0.818088 0.566406 0.820312 0.554688 0.835938 0.550781 0.859375 0.539062 0.871094 0.523438 0.875000 0.519531 0.878906 0.433594 0.871094 0.410156 0.855469 0.406250 0.839844 0.402344 0.835938 0.398438 0.808594 0.414062 0.769531 0.414062 0.765625 0.437500 0.750000 0.453125 0.718750 0.453125 0.714844 0.476562 0.703125 0.519531 0.707031 0.574219 0.746094 0.595303 0.749608 0.597846 0.756575 0.597846 0.767821
0 0.082031 0.000000 0.273438 0.000000 0.277344 0.000000 0.273438 0.023438 0.273438 0.027344 0.265625 0.035156 0.261719 0.039062 0.226562 0.066406 0.222656 0.066406 0.183594 0.109375 0.179688 0.113281 0.160156 0.113281 0.156250 0.113281 0.148438 0.121094 0.144531 0.125000 0.148438 0.152344 0.152344 0.156250 0.144531 0.253906 0.144531 0.257812 0.152344 0.281250 0.152344 0.285156 0.148438 0.289062 0.144531 0.292969 0.132812 0.292969 0.128906 0.296875 0.085938 0.289062 0.082031 0.285156 0.019531 0.292969 0.015625 0.292969 0.003906 0.281250 0.000000 0.281250 0.003906 0.250000 0.007812 0.246094 0.003906 0.242188 0.000000 0.242188 0.000000 0.046875 0.000000 0.042969 0.011719 0.058594 0.011719 0.062500 0.027344 0.070312 0.031250 0.070312 0.082031 0.000000
0 0.183594 0.343750 0.191406 0.347656 0.195312 0.351562 0.195312 0.363281 0.195312 0.367188 0.171875 0.429688 0.167969 0.433594 0.171875 0.464844 0.171875 0.468750 0.136719 0.535156 0.132812 0.539062 0.117188 0.535156 0.113281 0.535156 0.093750 0.503906 0.089844 0.500000 0.074219 0.503906 0.070312 0.503906 0.050781 0.519531 0.046875 0.523438 0.027344 0.511719 0.023438 0.511719 0.003906 0.492188 0.000000 0.492188 0.000000 0.363281 0.000000 0.359375 0.031250 0.355469 0.035156 0.355469 0.058594 0.367188 0.062500 0.371094 0.089844 0.371094 0.093750 0.371094 0.121094 0.367188 0.125000 0.367188 0.183594 0.343750
0 0.082031 0.511719 0.085938 0.511719 0.089844 0.511719 0.109375 0.535156 0.113281 0.539062 0.191406 0.550781 0.195312 0.550781 0.203125 0.554688 0.207031 0.558594 0.207031 0.566406 0.207031 0.570312 0.179688 0.601562 0.175781 0.605469 0.175781 0.628906 0.175781 0.632812 0.183594 0.648438 0.187500 0.652344 0.183594 0.664062 0.179688 0.667969 0.128906 0.667969 0.125000 0.667969 0.066406 0.695312 0.062500 0.695312 0.031250 0.679688 0.027344 0.675781 0.027344 0.664062 0.027344 0.660156 0.042969 0.621094 0.046875 0.617188 0.027344 0.593750 0.027344 0.589844 0.062500 0.554688 0.066406 0.550781 0.082031 0.511719
0 0.253906 0.160156 0.339844 0.175781 0.343750 0.175781 0.355469 0.187500 0.359375 0.191406 0.363281 0.203125 0.363281 0.207031 0.351562 0.238281 0.351562 0.242188 0.304688 0.281250 0.300781 0.285156 0.261719 0.285156 0.257812 0.285156 0.250000 0.265625 0.250000 0.261719 0.246094 0.257812 0.242188 0.253906 0.226562 0.253906 0.222656 0.250000 0.214844 0.218750 0.210938 0.214844 0.214844 0.191406 0.214844 0.187500 0.222656 0.175781 0.226562 0.171875 0.253906 0.160156
0 0.144531 0.746094 0.126375 0.720812 0.088556 0.727937 0.037104 0.727937 0.027338 0.725320 0.016701 0.714683 0.012340 0.699685 0.012340 0.692708 0.017934 0.674011 0.015625 0.660156 0.000000 0.648438 0.000000 0.835938 0.002217 0.839167 0.011863 0.848813 0.038897 0.867999 0.056289 0.871345 0.071937 0.869743 0.076351 0.865329 0.077953 0.859274 0.076351 0.852348 0.072926 0.848923 0.074219 0.843750 0.058594 0.828125 0.062500 0.824219 0.097656 0.820312 0.128906 0.785156 0.128906 0.781250
0 0.988281 0.292969 1.000000 0.296875 1.000000 0.380642 0.992188 0.386719 0.988281 0.390625 0.984375 0.417969 0.984375 0.421875 0.964844 0.453125 0.964844 0.457031 0.925781 0.457031 0.921875 0.457031 0.910156 0.449219 0.906250 0.449219 0.894531 0.429688 0.890625 0.425781 0.890625 0.410156 0.890625 0.406250 0.902344 0.386719 0.906250 0.382812 0.890625 0.316406 0.890625 0.312500 0.953125 0.312500 0.957031 0.312500 0.960938 0.304688 0.964844 0.300781 0.988281 0.292969
0 0.900700 0.388442 0.898209 0.378834 0.881041 0.366106 0.878668 0.359293 0.872424 0.354395 0.871094 0.343750 0.867188 0.343750 0.847656 0.335938 0.820312 0.347656 0.800781 0.367188 0.800781 0.371094 0.792969 0.378906 0.792969 0.394531 0.824219 0.425781 0.867188 0.429688 0.871094 0.425781 0.882812 0.421875 0.882812 0.410156 0.899098 0.394496 0.900699 0.388442
0 0.656250 0.000000 0.765625 0.003906 0.765625 0.007812 0.757812 0.027344 0.757812 0.031250 0.738281 0.046875 0.734375 0.050781 0.679688 0.070312 0.675781 0.070312 0.664062 0.046875 0.660156 0.042969 0.656250 0.000000
0 0.847656 0.050781 0.847656 0.027344 0.843750 0.027344 0.820312 0.023438 0.796875 0.031250 0.792969 0.035156 0.761719 0.054688 0.757812 0.054688 0.691759 0.079023 0.681205 0.081895 0.677398 0.083798 0.671081 0.090115 0.669479 0.096170 0.669479 0.103784 0.671081 0.109838 0.672528 0.111920 0.674254 0.116817 0.678060 0.123162 0.683743 0.128210 0.689798 0.129813 0.695508 0.129813 0.699219 0.128906 0.761719 0.132812 0.765625 0.136719 0.781250 0.140625 0.793230 0.140625 0.796677 0.144072 0.804001 0.145674 0.818304 0.142168 0.830331 0.129506 0.831934 0.123452 0.831934 0.118376 0.830331 0.112321 0.829062 0.109784 0.824219 0.104306 0.824219 0.082031 0.828125 0.078125
0 0.677496 0.783806 0.677496 0.779691 0.675306 0.771286 0.671779 0.763057 0.668253 0.757180 0.660312 0.749827 0.656574 0.747852 0.654435 0.745713 0.650321 0.743950 0.641915 0.741759 0.621877 0.741765 0.617606 0.740328 0.611287 0.736134 0.610290 0.734428 0.602334 0.727181 0.595959 0.724348 0.595597 0.724254 0.609375 0.707031 0.628906 0.707031 0.632812 0.703125 0.636136 0.697808 0.630920 0.692202 0.630140 0.690252 0.628538 0.684197 0.628538 0.681466 0.630140 0.675412 0.634554 0.670998 0.641801 0.668757 0.645439 0.664601 0.647041 0.658546 0.646374 0.656026 0.646871 0.654146 0.645270 0.648091 0.641754 0.644575 0.632812 0.613281 0.628906 0.609375 0.620359 0.607666 0.606609 0.615492 0.594711 0.624535 0.581688 0.638034 0.578356 0.642318 0.574645 0.648617 0.568041 0.664205 0.564859 0.673423 0.562271 0.678124 0.560100 0.683893 0.558539 0.685455 0.553646 0.695107 0.552184 0.699623 0.550632 0.709135 0.552013 0.714352 0.556296 0.721015 0.560710 0.725429 0.564041 0.727809 0.569938 0.729701 0.569335 0.731983 0.570936 0.738038 0.576767 0.743868 0.589063 0.747665 0.596522 0.755124 0.594579 0.762059 0.595171 0.771121 0.590092 0.785015 0.587770 0.788435 0.585015 0.788688 0.585220 0.784393 0.583617 0.778339 0.577739 0.767759 0.569211 0.759819 0.563921 0.757468 0.551402 0.754102 0.544936 0.754102 0.538471 0.755277 0.520662 0.760407 0.516759 0.764309 0.499503 0.770398 0.496188 0.772538 0.493625 0.773337 0.489211 0.777751 0.487610 0.783806 0.488681 0.787855 0.488196 0.793797 0.490974 0.802203 0.495976 0.807205 0.501266 0.809556 0.507321 0.811158 0.513198 0.811158 0.523645 0.809395 0.563994 0.809395 0.572806 0.812917 0.577086 0.815433 0.583140 0.817036 0.585491 0.817036 0.591546 0.815433 0.595825 0.811154 0.600950 0.808968 0.614768 0.795150 0.616155 0.792000 0.625208 0.780595 0.634951 0.781183 0.640021 0.783154 0.651141 0.792511 0.654080 0.794275 0.660135 0.795877 0.665425 0.795877 0.671479 0.794275 0.675893 0.789861 0.677495 0.783806
0 0.414062 0.210938 0.476562 0.222656 0.480469 0.222656 0.492188 0.234375 0.496094 0.238281 0.507812 0.265625 0.511719 0.269531 0.511719 0.304688 0.511719 0.308594 0.531250 0.335938 0.535156 0.339844 0.539062 0.355469 0.539062 0.359375 0.519531 0.386719 0.519531 0.390625 0.503906 0.402344 0.500000 0.406250 0.488281 0.441406 0.488281 0.445312 0.476562 0.460938 0.472656 0.464844 0.437500 0.457031 0.433594 0.457031 0.406250 0.464844 0.402344 0.464844 0.378906 0.480469 0.375000 0.484375 0.347656 0.531250 0.343750 0.535156 0.351562 0.550781 0.355469 0.554688 0.347656 0.578125 0.343750 0.582031 0.351562 0.664062 0.351562 0.667969 0.335938 0.671875 0.332031 0.671875 0.320312 0.667969 0.316406 0.667969 0.292969 0.648438 0.289062 0.644531 0.281250 0.617188 0.277344 0.613281 0.281250 0.597656 0.285156 0.593750 0.277344 0.578125 0.273438 0.574219 0.265625 0.515625 0.265625 0.511719 0.253906 0.484375 0.253906 0.480469 0.234375 0.457031 0.230469 0.453125 0.203125 0.437500 0.199219 0.433594 0.195312 0.417969 0.195312 0.414062 0.210938 0.390625 0.214844 0.386719 0.210938 0.335938 0.210938 0.332031 0.222656 0.300781 0.226562 0.296875 0.285156 0.292969 0.289062 0.292969 0.335938 0.281250 0.339844 0.281250 0.355469 0.261719 0.359375 0.257812 0.378906 0.253906 0.382812 0.253906 0.390625 0.246094 0.394531 0.242188 0.394531 0.222656 0.394531 0.218750 0.414062 0.210938
