0 0.901750 0.513334 0.902744 0.513633 0.907113 0.512637 0.910850 0.514221 0.915766 0.517558 0.917903 0.518202 0.919798 0.519919 0.920275 0.520599 0.924159 0.521932 0.923230 0.524809 0.924499 0.526617 0.928115 0.527978 0.936162 0.533375 0.938958 0.534174 0.952468 0.544929 0.958706 0.544622 0.962705 0.548460 0.964553 0.554339 0.952637 0.557788 0.945564 0.557614 0.940129 0.558595 0.933206 0.556695 0.931677 0.551370 0.926452 0.542981 0.919284 0.535813 0.918539 0.534252 0.915238 0.532097 0.915621 0.530996 0.911911 0.528440 0.904668 0.525063 0.898402 0.520345 0.899268 0.516287
0 0.342150 0.944303 0.346730 0.943965 0.359237 0.943940 0.365916 0.943685 0.370955 0.940023 0.373928 0.939226 0.378573 0.935670 0.389173 0.935670 0.392039 0.938536 0.396900 0.942309 0.397737 0.949786 0.394614 0.955195 0.392237 0.956771 0.390261 0.959548 0.385136 0.960843 0.382643 0.963901 0.376799 0.964593 0.372990 0.965827 0.361145 0.965154 0.358027 0.964723 0.353423 0.959014 0.340484 0.958460 0.340484 0.947502
0 0.557021 0.563862 0.563043 0.558267 0.566217 0.557087 0.570457 0.554892 0.579000 0.556905 0.581858 0.557768 0.583730 0.560958 0.586280 0.563736 0.582772 0.572280 0.580912 0.578129 0.573448 0.579427 0.568462 0.579560 0.560234 0.576368 0.555514 0.573144 0.555905 0.567546
0 0.571066 0.651586 0.559841 0.638959 0.559825 0.638375 0.558924 0.638072 0.557855 0.632810 0.557866 0.632558 0.557855 0.632419 0.557907 0.632327 0.558637 0.630075 0.560552 0.623576 0.562830 0.620126 0.564393 0.618954 0.565493 0.618931 0.567518 0.615829 0.572432 0.614821 0.578393 0.615087 0.578393 0.621626 0.576425 0.623460 0.579158 0.625493 0.578967 0.627750 0.582052 0.628511 0.583381 0.631443 0.578679 0.636184 0.578169 0.637146 0.577962 0.639592 0.580862 0.649062 0.575880 0.652813
0 0.851536 0.992220 0.852011 0.992389 0.852657 0.991764 0.863923 0.992976 0.864209 0.994824 0.864788 0.996189 0.869929 0.997267 0.869095 1.000000 0.822388 1.000000 0.822717 0.998808 0.830047 0.997739 0.839107 0.997739 0.844542 0.998167 0.847547 0.993756
0 0.594932 0.875401 0.598577 0.875561 0.605609 0.878010 0.608136 0.879755 0.607705 0.884380 0.604580 0.885943 0.607655 0.891814 0.603850 0.894837 0.599502 0.896880 0.590569 0.898353 0.589448 0.898052 0.590580 0.886786 0.597030 0.883852 0.591752 0.881607 0.591625 0.877753
0 0.599219 0.848936 0.603150 0.850064 0.609918 0.853203 0.609918 0.857230 0.605745 0.860235 0.600728 0.869227 0.592550 0.868900 0.588939 0.866635 0.582282 0.863732 0.579364 0.860907 0.575873 0.855984 0.577454 0.852971 0.578975 0.853513 0.585604 0.851646 0.588373 0.849944
0 0.578229 0.899631 0.578601 0.900408 0.582515 0.901322 0.582639 0.900746 0.586134 0.900959 0.585614 0.908644 0.585314 0.909764 0.583816 0.911302 0.584139 0.911976 0.579066 0.912966 0.573966 0.915296 0.572019 0.917429 0.564141 0.922277 0.556774 0.922372 0.554445 0.924702 0.550282 0.925773 0.542228 0.922629 0.538768 0.922743 0.529090 0.917974 0.530969 0.908981 0.534443 0.908537 0.538162 0.906697 0.543963 0.907188 0.549541 0.905830 0.555092 0.903645 0.561190 0.897607 0.562929 0.898073 0.565515 0.904295 0.572400 0.904960 0.574539 0.901164
0 0.522871 0.860941 0.528876 0.859225 0.539276 0.861700 0.542517 0.862764 0.546560 0.862936 0.558152 0.862715 0.563705 0.856714 0.568062 0.863066 0.570987 0.880266 0.571169 0.887430 0.567260 0.888477 0.561958 0.882677 0.552188 0.878755 0.545259 0.878391 0.541838 0.878871 0.539710 0.880500 0.533793 0.882878 0.526943 0.879019 0.532361 0.873550 0.534620 0.871790 0.531048 0.868219 0.525945 0.866034 0.523137 0.862753
0 0.456380 0.850318 0.462406 0.846324 0.467713 0.842116 0.471973 0.845277 0.483156 0.847421 0.488912 0.846515 0.494900 0.842891 0.502718 0.845137 0.504220 0.849833 0.496768 0.859955 0.489439 0.865190 0.486661 0.868354 0.484614 0.869310 0.489037 0.873140 0.491005 0.878009 0.488323 0.879729 0.484195 0.878692 0.480231 0.878759 0.474095 0.877695 0.465698 0.879407 0.462048 0.871662 0.458054 0.861912 0.456036 0.854529
0 0.405455 0.681185 0.415494 0.678413 0.419745 0.682987 0.420114 0.684438 0.426993 0.688744 0.432272 0.687713 0.435720 0.685279 0.442514 0.682027 0.457379 0.679524 0.461860 0.679893 0.464155 0.686993 0.462734 0.693184 0.458384 0.699500 0.459077 0.702479 0.459064 0.710041 0.456802 0.712454 0.451227 0.712527 0.441369 0.713419 0.439132 0.714218 0.435573 0.718682 0.431902 0.719822 0.426602 0.716726 0.423255 0.713995 0.409436 0.710612 0.404491 0.710121 0.402661 0.707341 0.407291 0.704692 0.412010 0.700625 0.414473 0.697185 0.406882 0.693168 0.404105 0.684424
0 0.683392 0.896679 0.675676 0.889598 0.667029 0.888645 0.665874 0.882687 0.675823 0.874387 0.681104 0.877665 0.687294 0.878361 0.690114 0.875486 0.696442 0.874186 0.705361 0.874387 0.705834 0.876691 0.706038 0.876745 0.709512 0.878011 0.710805 0.881591 0.708863 0.882712 0.706732 0.882892 0.705689 0.887051 0.709543 0.889063 0.708422 0.891005 0.704986 0.891786 0.706774 0.895435 0.713753 0.902566 0.721395 0.902545 0.726853 0.907421 0.726853 0.914973 0.720548 0.915927 0.711262 0.914752 0.709990 0.912515 0.700888 0.910525 0.694347 0.912829 0.686816 0.912830
0 0.687487 0.755377 0.690784 0.748557 0.699139 0.748436 0.702586 0.748879 0.710307 0.748925 0.717981 0.747448 0.725568 0.743346 0.731198 0.738579 0.749104 0.738579 0.752013 0.739961 0.758083 0.740371 0.766584 0.744662 0.772979 0.742842 0.780227 0.743809 0.782790 0.744467 0.784552 0.746241 0.788215 0.746956 0.789352 0.747494 0.790083 0.747947 0.795436 0.754129 0.798535 0.756374 0.802601 0.769907 0.796743 0.776703 0.794271 0.778322 0.787364 0.786083 0.783638 0.786624 0.773004 0.785144 0.772659 0.781537 0.770784 0.781445 0.764368 0.779029 0.759754 0.774195 0.754154 0.773512 0.750301 0.772543 0.744009 0.772000 0.738586 0.766671 0.737286 0.763892 0.732943 0.763547 0.724440 0.764986 0.719311 0.764900 0.702087 0.763931 0.697016 0.764132 0.689607 0.759120
0 0.782093 0.727164 0.785693 0.723478 0.793029 0.717923 0.799138 0.719753 0.803109 0.717039 0.802237 0.715092 0.800813 0.711293 0.799672 0.709155 0.799799 0.705357 0.800037 0.702570 0.800299 0.702595 0.800512 0.701145 0.807084 0.698723 0.809031 0.700670 0.810034 0.702769 0.813779 0.705418 0.814419 0.708051 0.814899 0.708311 0.818651 0.703050 0.820183 0.701899 0.820454 0.699246 0.821530 0.698169 0.821513 0.696810 0.823825 0.692550 0.830349 0.692550 0.830973 0.693793 0.832673 0.692516 0.836989 0.692470 0.845377 0.693275 0.846881 0.697539 0.847603 0.706368 0.850946 0.702632 0.858614 0.700291 0.862856 0.702724 0.863699 0.706084 0.866530 0.712586 0.872171 0.711955 0.875665 0.713079 0.881972 0.713710 0.884671 0.716354 0.888411 0.722009 0.877866 0.735219 0.867085 0.725527 0.859818 0.723457 0.852543 0.722830 0.850303 0.720136 0.839638 0.724875 0.832679 0.723992 0.824304 0.724747 0.821800 0.727060 0.818003 0.727502 0.813790 0.730727 0.811258 0.731704 0.805634 0.739293 0.804019 0.744447 0.795164 0.750241 0.788215 0.746956 0.784552 0.746241 0.781373 0.743041 0.777491 0.743044 0.772053 0.739809 0.770125 0.732962 0.771767 0.731038 0.776373 0.730348
0 0.834208 0.844724 0.837667 0.841295 0.841970 0.835734 0.848102 0.838119 0.852849 0.830973 0.857482 0.830188 0.861302 0.827548 0.861311 0.822334 0.864682 0.814640 0.867955 0.815177 0.883366 0.814977 0.886110 0.817346 0.887131 0.822388 0.889372 0.823418 0.891161 0.823644 0.892580 0.825063 0.893986 0.826544 0.895643 0.826519 0.901601 0.829698 0.911173 0.839404 0.903344 0.842111 0.894545 0.845874 0.894161 0.846793 0.893934 0.848582 0.884375 0.850432 0.882862 0.851200 0.883283 0.852485 0.883673 0.853657 0.886903 0.856496 0.887204 0.858007 0.886082 0.859949 0.883903 0.860566 0.883480 0.860806 0.884372 0.863267 0.873943 0.868783 0.868262 0.864502 0.858013 0.861155 0.852602 0.856030 0.840577 0.850650 0.835553 0.847010
0 0.204896 0.300941 0.206194 0.297925 0.216052 0.297097 0.227392 0.296794 0.231075 0.295962 0.235111 0.298930 0.237221 0.306939 0.226776 0.309963 0.216283 0.311120 0.213558 0.312861 0.210319 0.317084 0.202948 0.317384 0.196749 0.315522 0.198547 0.307032 0.203820 0.306087
0 0.144734 0.264579 0.145552 0.268845 0.145734 0.274127 0.145734 0.277248 0.140182 0.280623 0.136084 0.281359 0.132478 0.285903 0.119807 0.285882 0.116558 0.282578 0.114927 0.277938 0.110574 0.269232 0.106729 0.267563 0.104951 0.263244 0.103788 0.259970 0.107917 0.253632 0.124094 0.252142 0.128252 0.251956 0.132285 0.250809 0.136007 0.249923 0.137233 0.250596 0.142276 0.252660 0.146723 0.254831 0.145250 0.260543
0 0.372474 0.009489 0.382655 0.010562 0.387649 0.012740 0.406207 0.010540 0.416388 0.009097 0.422848 0.011693 0.427412 0.007757 0.430469 0.003859 0.441840 0.002734 0.450354 0.006931 0.454995 0.011189 0.455118 0.016929 0.453796 0.017457 0.451127 0.019773 0.449482 0.020290 0.448289 0.023104 0.447220 0.028366 0.441463 0.027976 0.440826 0.027443 0.435943 0.027495 0.435340 0.027036 0.434185 0.026947 0.431697 0.026804 0.431295 0.026462 0.423276 0.027281 0.417302 0.030865 0.409969 0.033908 0.404866 0.036787 0.400431 0.036730 0.396074 0.039096 0.389124 0.050304 0.387464 0.053866 0.379257 0.054518 0.374393 0.058396 0.372592 0.057675 0.368869 0.057889 0.360108 0.057949 0.358650 0.057663 0.357529 0.055721 0.357581 0.049276 0.356889 0.048258 0.345294 0.047434 0.338546 0.044036 0.335388 0.039985 0.341389 0.031856 0.343827 0.030114 0.343344 0.025883 0.340405 0.021690 0.341670 0.010193 0.346907 0.003636 0.352825 0.003138 0.364194 0.005470 0.366834 0.008505
0 0.173871 0.166552 0.184025 0.165639 0.188082 0.166695 0.185622 0.178786 0.177256 0.177430 0.175658 0.172667 0.171377 0.171099
0 0.273000 0.182810 0.270932 0.183005 0.270458 0.183164 0.268842 0.185208 0.265377 0.185404 0.262693 0.185208 0.261287 0.183920 0.259804 0.184061 0.256848 0.181957 0.256192 0.179510 0.256848 0.177062 0.257640 0.176270 0.265377 0.172640 0.270014 0.173121 0.271382 0.174918 0.272788 0.175895 0.273074 0.177353 0.273959 0.180481 0.272331 0.182321
0 0.634027 0.259139 0.646487 0.253414 0.651181 0.251727 0.654730 0.253446 0.670763 0.262417 0.674320 0.264716 0.670967 0.267679 0.665328 0.271288 0.658507 0.271588 0.661375 0.276032 0.663616 0.278143 0.667285 0.283128 0.665578 0.284197 0.661316 0.290238 0.659380 0.296752 0.662015 0.300378 0.662501 0.303448 0.658929 0.308880 0.657864 0.313321 0.652615 0.316419 0.650812 0.314329 0.645755 0.310602 0.644018 0.306821 0.637941 0.303505 0.637843 0.296456 0.636955 0.291507 0.630779 0.287887 0.631783 0.279387 0.633175 0.276727 0.630784 0.265837 0.631664 0.262459
0 0.385108 0.524329 0.384144 0.523233 0.380438 0.523834 0.378463 0.522436 0.379420 0.518564 0.376145 0.515695 0.368910 0.512950 0.359214 0.503300 0.352175 0.496996 0.355427 0.491275 0.360720 0.488770 0.363737 0.488511 0.366259 0.484546 0.372213 0.483708 0.378070 0.481651 0.388902 0.478777 0.397553 0.476937 0.406339 0.471927 0.409587 0.474746 0.413479 0.475920 0.417548 0.480611 0.426714 0.478796 0.436999 0.479706 0.438185 0.483617 0.442012 0.484067 0.445550 0.488622 0.450445 0.491047 0.457343 0.495841 0.459987 0.502765 0.453947 0.506252 0.447890 0.502300 0.433415 0.496243 0.430797 0.495729 0.426497 0.490026 0.421495 0.492923 0.410678 0.495808 0.404435 0.505775 0.404029 0.508286 0.396942 0.511163 0.391518 0.512377 0.390954 0.513175 0.391581 0.513845 0.391881 0.519006 0.386720 0.522102 0.386611 0.522140
0 0.219537 0.203267 0.227764 0.208039 0.233339 0.205350 0.234205 0.198713 0.233199 0.194067 0.225761 0.190847 0.226973 0.186322 0.238441 0.185878 0.240964 0.187334 0.241804 0.187225 0.244330 0.190533 0.246596 0.192408 0.248836 0.193085 0.251284 0.194752 0.254355 0.195128 0.257143 0.196314 0.257502 0.196423 0.264701 0.194612 0.271321 0.196768 0.269531 0.203602 0.264609 0.205062 0.272342 0.212276 0.266068 0.218608 0.261666 0.222168 0.258641 0.228862 0.252886 0.225475 0.251427 0.220128 0.240359 0.220101 0.236133 0.222514 0.232959 0.220705 0.223147 0.220128 0.213913 0.220705 0.210237 0.220339 0.209024 0.212351 0.209024 0.207584 0.210237 0.200750
0 0.096552 0.627468 0.099952 0.634119 0.107753 0.634790 0.117537 0.636841 0.121757 0.640053 0.117245 0.642572 0.107428 0.642539 0.102700 0.643576 0.102842 0.650089 0.104693 0.652695 0.105971 0.661477 0.100820 0.667572 0.095413 0.669825 0.091575 0.677670 0.088758 0.686771 0.092868 0.691873 0.098469 0.682993 0.102443 0.680565 0.113920 0.681577 0.117585 0.685734 0.120824 0.686930 0.125668 0.691764 0.124386 0.697532 0.119815 0.701089 0.127684 0.709506 0.125485 0.718610 0.120717 0.725018 0.119295 0.731068 0.113640 0.736012 0.104266 0.736498 0.099180 0.737936 0.095383 0.743190 0.089638 0.749946 0.092207 0.753343 0.091965 0.757058 0.086423 0.760659 0.084627 0.765434 0.083368 0.781640 0.088249 0.785939 0.095366 0.788593 0.097553 0.790334 0.096894 0.794588 0.083710 0.793471 0.079354 0.791272 0.058813 0.791018 0.046284 0.790609 0.038958 0.788479 0.033927 0.786313 0.026729 0.784119 0.024176 0.781338 0.016592 0.776479 0.011768 0.776653 0.002090 0.775433 0.000000 0.774662 0.000000 0.688213 0.011071 0.682184 0.018196 0.676184 0.021865 0.670957 0.024484 0.669288 0.037515 0.656002 0.047998 0.651557 0.064311 0.640819 0.071253 0.637346 0.077917 0.635900 0.085313 0.634034 0.090532 0.632152 0.095141 0.629505 0.096514 0.627259
0 0.114631 0.919745 0.124407 0.910555 0.125844 0.907165 0.125849 0.907159 0.125748 0.906519 0.128041 0.903014 0.129609 0.902644 0.129733 0.902495 0.130028 0.902530 0.130137 0.902481 0.134045 0.901985 0.138928 0.901542 0.142386 0.903998 0.146169 0.904448 0.152654 0.912790 0.155559 0.916164 0.151232 0.922445 0.144201 0.922445 0.140613 0.922957 0.135301 0.926405 0.130154 0.931006 0.126623 0.931324 0.116766 0.930365 0.105824 0.926645
0 0.085641 0.836649 0.078123 0.842013 0.078918 0.847458 0.077921 0.855929 0.072407 0.854594 0.065561 0.851271 0.062248 0.848680 0.056204 0.847383 0.055285 0.845864 0.056204 0.839813 0.063499 0.837266 0.066649 0.833166 0.071335 0.831377 0.082138 0.831368 0.082528 0.831634 0.085214 0.828532 0.087228 0.828470 0.089191 0.826849 0.087518 0.825055 0.091855 0.822672 0.093757 0.822372 0.094482 0.822427 0.094404 0.822282 0.091425 0.816462 0.094734 0.815393 0.101179 0.815836 0.104695 0.815731 0.111857 0.820120 0.113187 0.822270 0.113187 0.822291 0.115047 0.823310 0.120710 0.823934 0.125593 0.825158 0.130034 0.825407 0.132769 0.828141 0.138095 0.832685 0.139800 0.833219 0.142874 0.837895 0.138628 0.842571 0.137248 0.843170 0.136063 0.845196 0.135543 0.851516 0.133264 0.852623 0.123781 0.852623 0.121767 0.851044 0.120710 0.851075 0.118768 0.849954 0.120862 0.844815 0.120710 0.844825 0.118808 0.844134 0.116125 0.839851 0.113679 0.839356 0.108795 0.837637 0.106594 0.836998 0.102351 0.836231 0.100675 0.835376 0.097714 0.835149 0.096994 0.834429 0.093757 0.834669 0.090632 0.834459 0.085633 0.834746
0 0.000000 1.000000 0.000000 0.968177 0.002196 0.967726 0.005971 0.966045 0.019735 0.962282 0.039861 0.977085 0.046613 0.979159 0.052961 0.993968 0.052306 0.994312 0.056132 1.000000
0 0.000000 0.435617 0.001790 0.435443 0.018448 0.434143 0.033601 0.433037 0.052894 0.431343 0.061313 0.428575 0.072577 0.425920 0.101546 0.425176 0.123418 0.425259 0.151563 0.424710 0.167157 0.423499 0.178368 0.421563 0.195263 0.421879 0.202673 0.424434 0.209294 0.431750 0.209684 0.432526 0.212883 0.446518 0.215883 0.459636 0.219083 0.473627 0.220079 0.476096 0.228202 0.485683 0.234487 0.501487 0.234681 0.512837 0.230457 0.522120 0.223970 0.531566 0.215700 0.542064 0.211541 0.553042 0.210214 0.553229 0.205774 0.562373 0.200742 0.565973 0.190738 0.570434 0.187687 0.574425 0.188670 0.583477 0.190992 0.590948 0.186896 0.593491 0.183210 0.595779 0.175019 0.600863 0.168960 0.596457 0.159430 0.600661 0.154252 0.600050 0.142566 0.603366 0.131480 0.607934 0.127446 0.612243 0.121354 0.612641 0.107256 0.621169 0.098881 0.623391 0.095141 0.629505 0.090532 0.632152 0.085313 0.634034 0.077917 0.635900 0.071253 0.637346 0.064311 0.640819 0.047998 0.651557 0.037515 0.656002 0.024484 0.669288 0.021865 0.670957 0.018196 0.676184 0.011071 0.682184 0.000000 0.688213
0 0.179227 0.296507 0.183023 0.299837 0.191623 0.301028 0.190264 0.304433 0.185189 0.307233 0.196482 0.321419 0.195620 0.328968 0.184002 0.328968 0.179288 0.327661 0.178052 0.328754 0.178509 0.330840 0.179696 0.332847 0.179121 0.334346 0.179786 0.335531 0.176086 0.336990 0.174719 0.337433 0.171204 0.337433 0.168664 0.336600 0.165004 0.335570 0.160460 0.332198 0.157973 0.330883 0.156993 0.326679 0.155838 0.325804 0.155877 0.319225 0.165932 0.319225 0.171397 0.321674 0.174730 0.314722 0.171788 0.309723 0.164080 0.307094 0.158051 0.303147 0.160565 0.300085 0.167986 0.296570
