0 0.016183 0.799500 0.019875 0.798850 0.033692 0.799163 0.035137 0.803782 0.028070 0.809371 0.021333 0.808445 0.015524 0.802714
0 0.280826 0.879958 0.280845 0.880330 0.280940 0.882271 0.280992 0.883334 0.286785 0.885808 0.295484 0.883780 0.299307 0.881598 0.303343 0.880326 0.304482 0.883741 0.308717 0.886520 0.308717 0.892976 0.294988 0.894098 0.290272 0.894973 0.281602 0.890446 0.273919 0.888916 0.273520 0.888119 0.268964 0.885298 0.268716 0.881247 0.268964 0.878759 0.270852 0.877652 0.278668 0.878329 0.280390 0.879620
0 0.315341 0.865289 0.323066 0.863503 0.326065 0.866606 0.331588 0.866888 0.331998 0.872823 0.329756 0.872823 0.329274 0.872380 0.324932 0.873118 0.323473 0.875259 0.315355 0.875980 0.313844 0.873648
0 0.371334 0.827434 0.373242 0.826128 0.378178 0.825826 0.380486 0.824647 0.387280 0.824836 0.390264 0.829495 0.394123 0.832486 0.394731 0.841153 0.394366 0.843014 0.392139 0.844742 0.381194 0.843619 0.379056 0.840589 0.373905 0.834709 0.373155 0.834457 0.370818 0.830554
0 0.000000 1.000000 0.000000 0.989492 0.006716 0.990871 0.014679 0.995526 0.015204 1.000000
0 0.069321 0.931558 0.077351 0.928307 0.085359 0.928750 0.091364 0.927539 0.092585 0.921666 0.096491 0.921666 0.103472 0.923920 0.111147 0.931878 0.118265 0.940705 0.115241 0.943729 0.095905 0.944067 0.090518 0.943264 0.084328 0.938636 0.076516 0.935121 0.070246 0.934537
0 0.000000 0.962178 0.003959 0.959791 0.008450 0.960234 0.013232 0.962424 0.008309 0.967777 0.000000 0.970918
0 0.000000 0.923045 0.007013 0.920100 0.014764 0.920100 0.018141 0.919628 0.023006 0.920547 0.031117 0.923059 0.031252 0.930762 0.029093 0.936474 0.022129 0.937752 0.019314 0.941362 0.012611 0.942271 0.003998 0.942271 0.000000 0.946306
0 0.000000 0.791147 0.004938 0.792872 0.013195 0.788561 0.015437 0.795100 0.009095 0.803435 0.005332 0.806027 0.000000 0.805781
0 0.000000 0.619662 0.000918 0.619227 0.003797 0.619475 0.007231 0.624036 0.010477 0.626155 0.010477 0.631913 0.010209 0.632511 0.011866 0.635132 0.006810 0.638035 0.002491 0.642398 0.000000 0.644341
0 0.140506 0.726002 0.143416 0.724525 0.143538 0.724273 0.146455 0.719013 0.149529 0.718427 0.154862 0.718714 0.155096 0.718595 0.155265 0.718807 0.157539 0.719651 0.160455 0.721396 0.160755 0.722967 0.164051 0.724732 0.170204 0.726564 0.172709 0.730194 0.165126 0.734920 0.162458 0.739806 0.157663 0.747569 0.152019 0.750604 0.141857 0.744960 0.138973 0.739530 0.132377 0.736752 0.130404 0.730491 0.136831 0.727245
0 0.645784 0.631037 0.649770 0.625084 0.650628 0.623429 0.652407 0.620283 0.654988 0.619653 0.656580 0.619842 0.660398 0.620604 0.662846 0.623443 0.666627 0.625307 0.668014 0.625864 0.669226 0.627075 0.669226 0.633224 0.664108 0.637951 0.662650 0.638237 0.656346 0.639814 0.651370 0.634446 0.651395 0.634318 0.650958 0.632961 0.649107 0.632886 0.647166 0.632378
0 0.492390 0.628727 0.488306 0.627202 0.489318 0.625268 0.491809 0.618173 0.494709 0.617670 0.504211 0.616514 0.508209 0.616759 0.510542 0.619584 0.510511 0.621422 0.515620 0.632865 0.508350 0.634807 0.505759 0.631435 0.501710 0.630120 0.500525 0.629234 0.495813 0.629244
0 0.495406 0.671177 0.495958 0.671364 0.499120 0.670520 0.504003 0.669686 0.507898 0.672760 0.508198 0.673881 0.506728 0.676323 0.506173 0.676878 0.503007 0.678209 0.499991 0.679884 0.503070 0.685029 0.505041 0.688951 0.502436 0.693505 0.499247 0.692021 0.496802 0.692034 0.494350 0.690610 0.492450 0.688692 0.491630 0.682987 0.490912 0.679385 0.492293 0.672969
0 0.260982 0.988557 0.264488 0.986531 0.266155 0.982520 0.268301 0.981832 0.276210 0.982130 0.278112 0.984853 0.276457 0.990361 0.277062 0.993732 0.277256 0.998361 0.278007 0.998975 0.278113 1.000000 0.261252 1.000000 0.260843 0.999756 0.261022 0.999653 0.260351 0.996218 0.260364 0.991484
0 0.140393 0.873088 0.145416 0.873856 0.146651 0.880399 0.146945 0.880475 0.148364 0.882285 0.150500 0.884421 0.149679 0.887484 0.148026 0.887681 0.148150 0.888342 0.138585 0.888707 0.131394 0.883295 0.129219 0.879732 0.134308 0.875304
0 0.010109 0.852754 0.020923 0.847004 0.026181 0.845142 0.026478 0.836712 0.036371 0.833322 0.038942 0.834989 0.039962 0.840316 0.039804 0.848658 0.031196 0.862786 0.031907 0.863346 0.031086 0.866409 0.030775 0.866568 0.030760 0.866746 0.026410 0.870666 0.019575 0.871858 0.012741 0.871527 0.009955 0.867880 0.005906 0.857758
0 0.931177 0.229246 0.930264 0.232877 0.929513 0.235957 0.928615 0.237711 0.926568 0.240849 0.925554 0.242881 0.925042 0.245304 0.924465 0.249525 0.923923 0.254099 0.923968 0.257145 0.924250 0.260868 0.924178 0.263029 0.923508 0.264574 0.921994 0.265988 0.919652 0.267668 0.917139 0.269432 0.914376 0.270831 0.910970 0.272237 0.907904 0.273299 0.904977 0.273764 0.901305 0.273702 0.898438 0.272984 0.895471 0.271468 0.892166 0.269267 0.890845 0.267961 0.890484 0.265554 0.890189 0.263964 0.888398 0.262113 0.886399 0.260106 0.884355 0.257626 0.882227 0.255041 0.880555 0.252861 0.879418 0.250729 0.878665 0.248578 0.878576 0.246976 0.878997 0.243638 0.878819 0.240652 0.877810 0.236459 0.876471 0.232879 0.874766 0.229244 0.873651 0.225880 0.872853 0.221426 0.872101 0.217092 0.871286 0.213352 0.871409 0.211371 0.872548 0.208796 0.874579 0.206359 0.877214 0.203574 0.879702 0.201273 0.881620 0.199320 0.883265 0.197107 0.885057 0.194866 0.887316 0.192727 0.889624 0.191068 0.892054 0.189748 0.894170 0.188616 0.896251 0.187678 0.897711 0.187211 0.899695 0.187274 0.901663 0.187786 0.904146 0.189169 0.907090 0.191443 0.910022 0.194286 0.912889 0.197139 0.915654 0.200014 0.918307 0.202882 0.920373 0.205013 0.922147 0.206214 0.925204 0.207870 0.927873 0.209384 0.931074 0.211406 0.933838 0.213379 0.936374 0.215588 0.938380 0.218018 0.939016 0.219903 0.939099 0.221541 0.938424 0.222884 0.936713 0.224235 0.933991 0.225724 0.932193 0.227282
0 0.269531 0.796875 0.289062 0.800781 0.292969 0.804688 0.300781 0.828125 0.304688 0.832031 0.300781 0.843750 0.296875 0.847656 0.289062 0.847656 0.285156 0.847656 0.277344 0.839844 0.273438 0.835938 0.269531 0.820312 0.265625 0.816406 0.269531 0.796875
