0 0.122656 0.000000 0.128906 0.003906 0.132812 0.007812 0.152344 0.011719 0.156250 0.015625 0.179688 0.011719 0.183594 0.011719 0.191406 0.023438 0.191406 0.027344 0.167969 0.046875 0.164062 0.050781 0.140625 0.062500 0.136719 0.062500 0.093750 0.093750 0.089844 0.093750 0.046875 0.140625 0.042969 0.144531 0.011719 0.148438 0.007812 0.148438 0.000000 0.144531 0.000000 0.144531 0.000000 0.033203 0.066406 0.000000
0 0.064453 0.000000 0.035156 0.011719 0.031250 0.015625 0.007812 0.019531 0.003906 0.019531 0.000000 0.015625 0.000000 0.015625 0.000000 0.000000
0 0.394531 0.070312 0.414062 0.070312 0.417969 0.070312 0.464844 0.085938 0.468750 0.085938 0.468750 0.117188 0.468750 0.121094 0.437500 0.144531 0.433594 0.148438 0.417969 0.148438 0.414062 0.148438 0.398438 0.132812 0.394531 0.128906 0.371094 0.117188 0.367188 0.117188 0.367188 0.105469 0.367188 0.101562 0.375000 0.089844 0.375000 0.085938 0.394531 0.070312
0 0.777344 0.000000 0.789062 0.003906 0.792969 0.003906 0.835938 0.039062 0.839844 0.042969 0.835938 0.070312 0.835938 0.074219 0.820312 0.085938 0.816406 0.085938 0.789062 0.117188 0.785156 0.121094 0.769531 0.125000 0.765625 0.128906 0.742188 0.117188 0.738281 0.117188 0.718750 0.093750 0.714844 0.089844 0.714844 0.070312 0.714844 0.066406 0.734375 0.023438 0.734375 0.019531 0.760417 0.000000
0 0.896484 0.000000 0.898438 0.003906 0.902344 0.007812 0.902344 0.035156 0.902344 0.039062 0.878906 0.074219 0.878906 0.078125 0.867188 0.082031 0.863281 0.085938 0.847656 0.070312 0.843750 0.066406 0.847656 0.042969 0.847656 0.039062 0.839844 0.027344 0.835938 0.023438 0.835938 0.011719 0.832031 0.007812 0.837240 0.000000
0 1.000000 0.352179 0.953125 0.339844 0.949219 0.339844 0.933594 0.332031 0.929688 0.332031 0.894531 0.300781 0.890625 0.296875 0.890625 0.281250 0.890625 0.277344 0.929688 0.246094 0.933594 0.242188 1.000000 0.228906
0 0.113281 0.140625 0.203125 0.140625 0.207031 0.140625 0.250000 0.148438 0.253906 0.148438 0.296875 0.167969 0.300781 0.167969 0.308594 0.179688 0.308594 0.183594 0.277344 0.218750 0.277344 0.222656 0.246094 0.246094 0.242188 0.250000 0.148438 0.300781 0.144531 0.304688 0.113281 0.312500 0.109375 0.316406 0.085938 0.316406 0.082031 0.316406 0.078125 0.300781 0.078125 0.296875 0.046875 0.238281 0.046875 0.234375 0.078125 0.156250 0.078125 0.152344 0.082031 0.148438 0.085938 0.144531 0.113281 0.140625
0 0.000000 0.335938 0.003906 0.335938 0.007812 0.335938 0.003906 0.386719 0.003906 0.390625 0.000000 0.402344
0 0.023438 0.238281 0.042969 0.242188 0.046875 0.242188 0.058594 0.261719 0.062500 0.265625 0.078125 0.304688 0.082031 0.308594 0.078125 0.328125 0.074219 0.332031 0.042969 0.339844 0.039062 0.339844 0.015625 0.320312 0.011719 0.316406 0.007812 0.281250 0.007812 0.277344 0.011719 0.257812 0.011719 0.253906 0.023438 0.238281
0 0.699219 0.882812 0.730469 0.886719 0.734375 0.890625 0.769531 1.000000 0.769531 1.000000 0.613281 1.000000 0.613281 1.000000 0.628906 0.941406 0.628906 0.937500 0.648438 0.914062 0.652344 0.910156 0.699219 0.882812
0 0.585938 0.687500 0.605469 0.687500 0.609375 0.687500 0.628906 0.703125 0.632812 0.707031 0.691406 0.734375 0.695312 0.734375 0.704486 0.743549 0.707031 0.746094 0.710938 0.750000 0.714844 0.761719 0.714844 0.765625 0.707031 0.796875 0.703125 0.800781 0.718750 0.843750 0.722656 0.847656 0.722656 0.875000 0.718750 0.878906 0.687500 0.882812 0.683594 0.882812 0.671875 0.878906 0.667969 0.878906 0.656250 0.867188 0.652344 0.863281 0.625000 0.808594 0.621094 0.804688 0.601562 0.750000 0.601562 0.746094 0.582031 0.714844 0.578125 0.710938 0.585938 0.687500
0 0.890625 0.640625 0.921875 0.648438 0.925781 0.652344 0.898438 0.746094 0.898438 0.750000 0.882812 0.761719 0.878906 0.765625 0.847656 0.761719 0.843750 0.761719 0.828125 0.753906 0.824219 0.750000 0.789062 0.742188 0.785156 0.742188 0.726562 0.718750 0.722656 0.714844 0.722656 0.703125 0.722656 0.699219 0.730469 0.687500 0.734375 0.683594 0.781250 0.664062 0.785156 0.660156 0.816406 0.652344 0.820312 0.648438 0.863281 0.648438 0.867188 0.648438 0.890625 0.640625
0 0.917969 0.957031 0.925781 0.960938 0.929688 0.964844 0.929688 0.984375 0.929688 0.988281 0.924665 1.000000 0.855469 1.000000 0.855469 1.000000 0.855469 0.996094 0.878906 0.980469 0.882812 0.980469 0.890625 0.968750 0.894531 0.964844 0.917969 0.957031
0 0.769531 0.132812 0.777344 0.136719 0.781250 0.136719 0.804688 0.160156 0.808594 0.160156 0.812500 0.175781 0.816406 0.179688 0.785156 0.218750 0.781250 0.222656 0.757812 0.269531 0.757812 0.273438 0.734375 0.292969 0.730469 0.296875 0.710938 0.300781 0.707031 0.300781 0.695312 0.277344 0.695312 0.273438 0.753906 0.148438 0.753906 0.144531 0.769531 0.132812
0 0.660156 0.292969 0.691406 0.296875 0.695312 0.296875 0.726562 0.332031 0.730469 0.335938 0.734375 0.351562 0.734375 0.355469 0.726562 0.359375 0.722656 0.363281 0.609375 0.363281 0.605469 0.363281 0.593750 0.355469 0.589844 0.355469 0.589844 0.343750 0.589844 0.339844 0.601562 0.328125 0.605469 0.324219 0.613281 0.304688 0.617188 0.300781 0.660156 0.292969
0 0.394531 0.167969 0.429688 0.179688 0.433594 0.183594 0.433594 0.195312 0.433594 0.199219 0.414062 0.234375 0.410156 0.238281 0.398438 0.238281 0.394531 0.238281 0.378906 0.218750 0.375000 0.214844 0.382812 0.179688 0.382812 0.175781 0.394531 0.167969
0 0.460938 0.167969 0.496094 0.167969 0.500000 0.167969 0.503906 0.171875 0.507812 0.171875 0.507812 0.187500 0.507812 0.191406 0.480469 0.230469 0.476562 0.234375 0.441406 0.253906 0.437500 0.257812 0.421875 0.257812 0.417969 0.257812 0.378906 0.214844 0.375000 0.210938 0.382812 0.183594 0.382812 0.179688 0.390625 0.175781 0.394531 0.171875 0.429688 0.179688 0.433594 0.179688 0.460938 0.167969
0 0.472204 0.957270 0.495641 0.965082 0.499548 0.968988 0.510825 1.000000 0.439334 1.000000 0.472204 0.957270
0 0.875000 0.761719 0.882812 0.761719 0.886719 0.765625 0.882812 0.820312 0.882812 0.824219 0.875000 0.835938 0.875000 0.839844 0.839844 0.867188 0.835938 0.867188 0.832031 0.863281 0.828125 0.859375 0.828125 0.832031 0.828125 0.828125 0.843750 0.808594 0.847656 0.804688 0.863281 0.769531 0.863281 0.765625 0.875000 0.761719
0 0.910156 0.761719 0.941406 0.765625 0.945312 0.769531 0.949219 0.781250 0.953125 0.785156 0.953125 0.816406 0.949219 0.820312 0.937500 0.820312 0.933594 0.820312 0.902344 0.804688 0.898438 0.800781 0.894531 0.781250 0.894531 0.777344 0.910156 0.761719
0 0.960938 0.898438 0.984375 0.902344 0.988281 0.902344 0.992188 0.917969 0.992188 0.921875 0.957031 0.960938 0.953125 0.960938 0.949219 0.957031 0.945312 0.953125 0.945312 0.925781 0.945312 0.921875 0.960938 0.898438
0 0.328125 0.496094 0.343750 0.496094 0.347656 0.496094 0.367188 0.515625 0.371094 0.515625 0.417969 0.574219 0.421875 0.578125 0.425781 0.589844 0.429688 0.593750 0.425781 0.601562 0.421875 0.605469 0.402344 0.601562 0.398438 0.601562 0.371094 0.574219 0.367188 0.570312 0.343750 0.535156 0.343750 0.531250 0.324219 0.511719 0.320312 0.507812 0.328125 0.496094
0 0.238281 0.980469 0.261719 0.980469 0.265625 0.980469 0.289062 0.988281 0.292969 0.988281 0.298828 1.000000 0.223958 1.000000 0.226562 0.992188 0.226562 0.988281 0.238281 0.980469
0 0.726562 0.757812 0.753906 0.761719 0.757812 0.761719 0.796875 0.785156 0.800781 0.785156 0.812500 0.804688 0.816406 0.808594 0.832031 0.910156 0.835938 0.914062 0.835938 0.996094 0.835938 1.000000 0.835938 1.000000 0.785156 1.000000 0.785156 1.000000 0.781250 0.996094 0.753906 0.941406 0.750000 0.937500 0.710938 0.816406 0.707031 0.812500 0.710938 0.777344 0.710938 0.773438 0.726562 0.757812
0 0.023438 0.789062 0.042969 0.789062 0.046875 0.789062 0.062500 0.804688 0.066406 0.808594 0.078125 0.832031 0.082031 0.835938 0.097656 0.890625 0.097656 0.894531 0.089844 0.906250 0.089844 0.910156 0.074219 0.921875 0.070312 0.925781 0.011719 0.902344 0.007812 0.902344 0.000000 0.876302 0.000000 0.815104 0.023438 0.789062
0 0.597656 0.027344 0.613281 0.027344 0.617188 0.027344 0.632812 0.035156 0.636719 0.035156 0.636719 0.058594 0.636719 0.062500 0.628906 0.074219 0.625000 0.078125 0.613281 0.082031 0.609375 0.085938 0.593750 0.078125 0.589844 0.074219 0.585938 0.058594 0.582031 0.054688 0.585938 0.035156 0.585938 0.031250 0.597656 0.027344
0 0.398438 0.875000 0.437500 0.882812 0.441406 0.886719 0.445312 0.945312 0.445312 0.949219 0.437500 0.972656 0.437500 0.976562 0.433594 0.976562 0.429688 0.976562 0.406250 0.949219 0.406250 0.945312 0.382812 0.925781 0.378906 0.921875 0.382812 0.890625 0.382812 0.886719 0.398438 0.875000
0 0.335938 0.906250 0.343750 0.910156 0.347656 0.910156 0.351562 0.921875 0.351562 0.925781 0.339844 0.941406 0.335938 0.945312 0.312500 0.957031 0.308594 0.960938 0.281250 0.964844 0.277344 0.964844 0.242188 0.941406 0.238281 0.937500 0.242188 0.929688 0.242188 0.925781 0.253906 0.925781 0.257812 0.925781 0.269531 0.933594 0.273438 0.937500 0.296875 0.937500 0.300781 0.937500 0.335938 0.906250
0 0.289062 0.812500 0.308594 0.812500 0.312500 0.812500 0.328125 0.820312 0.332031 0.824219 0.335938 0.847656 0.335938 0.851562 0.324219 0.875000 0.320312 0.878906 0.292969 0.875000 0.289062 0.875000 0.269531 0.855469 0.265625 0.851562 0.265625 0.843750 0.265625 0.839844 0.277344 0.820312 0.277344 0.816406 0.289062 0.812500
0 0.175781 0.898438 0.195312 0.906250 0.199219 0.910156 0.210938 0.941406 0.210938 0.945312 0.195312 0.968750 0.195312 0.972656 0.167969 0.984375 0.164062 0.988281 0.161133 1.000000 0.151910 1.000000 0.117188 0.968750 0.113281 0.964844 0.093750 0.957031 0.089844 0.957031 0.089844 0.949219 0.085938 0.945312 0.175781 0.898438
0 0.640625 0.636719 0.656250 0.640625 0.660156 0.644531 0.695312 0.644531 0.699219 0.644531 0.714844 0.652344 0.718750 0.656250 0.722656 0.671875 0.722656 0.675781 0.703125 0.707031 0.699219 0.710938 0.691406 0.714844 0.687500 0.718750 0.671875 0.718750 0.667969 0.718750 0.625000 0.695312 0.621094 0.691406 0.628906 0.652344 0.628906 0.648438 0.640625 0.636719
0 0.531250 0.351562 0.542969 0.355469 0.546875 0.355469 0.570312 0.386719 0.574219 0.390625 0.562500 0.414062 0.558594 0.417969 0.542969 0.417969 0.539062 0.417969 0.511719 0.394531 0.507812 0.390625 0.503906 0.375000 0.503906 0.371094 0.531250 0.351562
0 0.421875 0.000000 0.421875 0.000000 0.425781 0.003906 0.421875 0.023438 0.417969 0.027344 0.390625 0.031250 0.386719 0.035156 0.375000 0.031250 0.371094 0.027344 0.380208 0.000000
0 0.468750 0.000000 0.468750 0.000000 0.464844 0.003906 0.460938 0.007812 0.437500 0.007812 0.433594 0.007812 0.427734 0.000000
0 0.425781 0.027344 0.429688 0.027344 0.433594 0.027344 0.445312 0.039062 0.449219 0.042969 0.449219 0.054688 0.445312 0.058594 0.421875 0.054688 0.417969 0.050781 0.414062 0.042969 0.414062 0.039062 0.425781 0.027344
0 0.492188 0.003906 0.503906 0.007812 0.507812 0.007812 0.527344 0.023438 0.531250 0.027344 0.523438 0.042969 0.519531 0.046875 0.488281 0.062500 0.484375 0.062500 0.476562 0.058594 0.472656 0.058594 0.464844 0.046875 0.464844 0.042969 0.480469 0.015625 0.480469 0.011719 0.492188 0.003906
0 0.367188 0.308594 0.375000 0.308594 0.378906 0.312500 0.378906 0.371094 0.378906 0.375000 0.347656 0.378906 0.343750 0.378906 0.339844 0.375000 0.335938 0.371094 0.335938 0.359375 0.332031 0.355469 0.335938 0.335938 0.335938 0.332031 0.339844 0.324219 0.343750 0.320312 0.367188 0.308594
0 0.697863 0.723655 0.730214 0.723655 0.741352 0.722594 0.753020 0.726307 0.766279 0.734792 0.788554 0.743808 0.790145 0.745400 0.794388 0.747521 0.799161 0.751764 0.799691 0.753885 0.800752 0.761310 0.801813 0.764492 0.801813 0.768735 0.802873 0.770857 0.804464 0.779873 0.804464 0.784646 0.806055 0.789419 0.806055 0.792071 0.804995 0.794193 0.797570 0.794193 0.792797 0.791010 0.789614 0.787828 0.778477 0.784646 0.763096 0.774569 0.758323 0.769796 0.757793 0.767675 0.754080 0.764492 0.751959 0.764492 0.744534 0.758128 0.742412 0.758128 0.739761 0.756537 0.734987 0.755476 0.729154 0.754946 0.721729 0.755476 0.715895 0.757598 0.711652 0.758128 0.709000 0.751233 0.704757 0.746991 0.701575 0.742217 0.699454 0.740626 0.695211 0.734792 0.694680 0.728428
0 0.820906 0.799496 0.815072 0.798966 0.807116 0.795253 0.805525 0.792602 0.804464 0.787828 0.803934 0.780403 0.801813 0.772978 0.801282 0.767675 0.801282 0.751233 0.801813 0.746991 0.815072 0.746460 0.827800 0.752825 0.834165 0.753885 0.837347 0.757067 0.854849 0.766614 0.860152 0.776160 0.855379 0.783585 0.844241 0.796844 0.842120 0.798435 0.839999 0.799496 0.835756 0.800027 0.825679 0.803209 0.823027 0.803209 0.820375 0.805330
0 0.959860 0.752825 0.955087 0.754416 0.934403 0.753885 0.932281 0.753355 0.930690 0.750173 0.930160 0.727898 0.932281 0.726837 0.943419 0.726837 0.950844 0.730019 0.955617 0.730549 0.959329 0.733732 0.963572 0.739566 0.964633 0.742748 0.964633 0.749642
0 0.959860 0.684939 0.955617 0.683878 0.931220 0.666906 0.928038 0.662663 0.925917 0.657890 0.925386 0.655238 0.927508 0.652587 0.932281 0.650465 0.941828 0.649935 0.959860 0.645692 0.970467 0.644101 0.973649 0.641979 0.985317 0.642510 0.985847 0.649935 0.983196 0.658421 0.983196 0.661072 0.980013 0.667967 0.969406 0.680165 0.966754 0.685469 0.964103 0.685999
0 0.537694 0.789419 0.532921 0.788359 0.531330 0.786768 0.531330 0.784116 0.529739 0.782525 0.529208 0.779873 0.521783 0.779343 0.515949 0.777221 0.511706 0.759719 0.511176 0.755476 0.512767 0.752825 0.524435 0.748582 0.542998 0.748582 0.547241 0.749642 0.549892 0.751764 0.551483 0.755476 0.551483 0.774569 0.550423 0.776691 0.550423 0.778812 0.548832 0.780934 0.541407 0.786237
0 0.484128 0.877989 0.479885 0.879580 0.475642 0.882232 0.472990 0.882762 0.458670 0.891248 0.450185 0.893370 0.448063 0.894430 0.445411 0.886475 0.445411 0.882232 0.447003 0.877459 0.451776 0.870564 0.452306 0.868443 0.451776 0.859427 0.452306 0.851471 0.453897 0.849350 0.462383 0.845107 0.466096 0.844046 0.474581 0.842986 0.482537 0.840864 0.489962 0.840864 0.494205 0.841925 0.496856 0.843516 0.497917 0.853593 0.497917 0.864200 0.494735 0.869504 0.493144 0.871095 0.486249 0.873746
0 0.537694 0.951179 0.545119 0.945875 0.546180 0.942163 0.550423 0.935268 0.550953 0.902386 0.549892 0.900264 0.547241 0.898673 0.541937 0.897612 0.535573 0.897612 0.531860 0.898673 0.524965 0.903446 0.518601 0.906098 0.514889 0.908750 0.513298 0.910341 0.510115 0.916705 0.511706 0.920948 0.511706 0.926252 0.510646 0.928373 0.503751 0.936859 0.503751 0.941102 0.505872 0.942693 0.515419 0.946405 0.524435 0.952770 0.527617 0.953830 0.529739 0.955421 0.535573 0.957013 0.541937 0.957013 0.544589 0.955421 0.544589 0.953300
0 0.310512 1.000000 0.312630 0.995763 0.315698 0.995379 0.347528 0.995763 0.349062 0.983874 0.352897 0.980039 0.367086 0.979656 0.372071 0.979272 0.374373 0.978505 0.382426 0.978889 0.383960 0.980806 0.383576 0.991161 0.379741 0.995763 0.375268 1.000000
0 0.490120 0.314062 0.486640 0.310757 0.484298 0.308414 0.478442 0.293189 0.477271 0.284991 0.463216 0.267423 0.465559 0.252198 0.476099 0.246341 0.477271 0.243999 0.491325 0.245170 0.497181 0.260396 0.508893 0.276793 0.524118 0.279135 0.527632 0.282648 0.529974 0.287333 0.529974 0.295532 0.526461 0.311928 0.524118 0.315442 0.521776 0.315442 0.521776 0.317784 0.501866 0.322469 0.495783 0.319405 0.492991 0.320193
0 0.742355 0.334389 0.771311 0.334389 0.774382 0.333511 0.778331 0.333511 0.783157 0.336582 0.795442 0.341409 0.799829 0.344041 0.816940 0.344480 0.818695 0.343602 0.818695 0.340531 0.808604 0.328246 0.806410 0.326491 0.797636 0.315084 0.796758 0.309820 0.797636 0.291393 0.796758 0.280863 0.795880 0.279108 0.779209 0.279547 0.774821 0.281302 0.772189 0.281302 0.769995 0.282179 0.759027 0.283057 0.752007 0.285689 0.749813 0.285689 0.743671 0.287883 0.737529 0.289199 0.735774 0.292270 0.735335 0.295341 0.733141 0.301484 0.733141 0.322982 0.734019 0.324736 0.734458 0.329124 0.735335 0.331318 0.737090 0.332634
0 0.736212 0.380895 0.736651 0.375630 0.744110 0.358958 0.746742 0.354570 0.752446 0.347551 0.755078 0.342725 0.757272 0.340531 0.761659 0.331318 0.762098 0.328685 0.766486 0.322104 0.770434 0.312452 0.784035 0.294464 0.790177 0.276476 0.794126 0.269017 0.806849 0.251468 0.813869 0.239183 0.818256 0.233041 0.820889 0.224705 0.822643 0.222072 0.824398 0.221195 0.825714 0.218562 0.830541 0.212859 0.840193 0.205839 0.847212 0.198381 0.852916 0.188290 0.866517 0.175566 0.868711 0.174250 0.871343 0.173812 0.873537 0.172495 0.884505 0.172495 0.891964 0.174250 0.898545 0.177760 0.902493 0.182148 0.903809 0.185219 0.903809 0.191800 0.902055 0.199697 0.898984 0.207594 0.895473 0.213736 0.895035 0.216369 0.890648 0.224266 0.889331 0.228215 0.888893 0.245325 0.885821 0.267262 0.884066 0.273843 0.884066 0.276914 0.881434 0.285689 0.877486 0.292270 0.870904 0.301484 0.864762 0.307626 0.863446 0.309820 0.859059 0.313329 0.849406 0.323420 0.838438 0.333073 0.830979 0.338337 0.826154 0.340531 0.811236 0.351061 0.809481 0.353693 0.807288 0.355448 0.803778 0.361152 0.799829 0.364661 0.798513 0.366855 0.793687 0.370365 0.789300 0.374752 0.782280 0.379579 0.779647 0.380456 0.778331 0.382211 0.773505 0.385282 0.766486 0.389230 0.762098 0.390986 0.749375 0.391424 0.747181 0.390547 0.729193 0.389669 0.727438 0.388353 0.732703 0.385282 0.733141 0.382650
0 0.860739 0.612961 0.866335 0.612961 0.876284 0.607986 0.880014 0.607364 0.889341 0.600525 0.891829 0.598038 0.907373 0.587467 0.908617 0.585602 0.912969 0.581871 0.916078 0.577519 0.916700 0.573166 0.918565 0.567570 0.918565 0.564461 0.920431 0.560730 0.922296 0.560109 0.925405 0.556378 0.927270 0.555756 0.931001 0.552647 0.931001 0.544564 0.927270 0.542698 0.924161 0.538346 0.924161 0.522801 0.922296 0.518448 0.917322 0.510365 0.913591 0.506635 0.901155 0.502282 0.899290 0.501038 0.891829 0.501660 0.883745 0.503526 0.874418 0.506635 0.872553 0.507878 0.870688 0.510365 0.869444 0.513474 0.866335 0.517205 0.865091 0.519692 0.862604 0.521557 0.861982 0.524045 0.860117 0.525910 0.857630 0.531506 0.855764 0.532750 0.852655 0.540211 0.852655 0.545186 0.853899 0.547051 0.855764 0.548295 0.857008 0.550782 0.857008 0.557000 0.853277 0.561974 0.849546 0.570057 0.843950 0.571923 0.837732 0.576275 0.836489 0.581871 0.836489 0.593685 0.839598 0.597416 0.842085 0.599281 0.845816 0.604256 0.857008 0.609230
0 0.047700 0.986309 0.009469 0.958697 0.004159 0.933209 0.000000 0.926404 0.000000 0.900616 0.028584 0.908784 0.061506 0.939581 0.078498 0.959759
0 0.152837 0.710192 0.140093 0.712316 0.132659 0.707006 0.128411 0.693200 0.126288 0.692138 0.126288 0.685766 0.140093 0.679394 0.149651 0.680456 0.162395 0.687890 0.164519 0.692138 0.164519 0.699572 0.160271 0.702758
0 0.175139 0.695324 0.188945 0.696386 0.197441 0.701696 0.203812 0.701696 0.215495 0.709130 0.219742 0.715502 0.223990 0.716564 0.223990 0.705944 0.217618 0.691076 0.213370 0.669836 0.208061 0.668774 0.199564 0.670898 0.193193 0.675146 0.164519 0.675146 0.166643 0.678332 0.167705 0.688952
0 0.935741 0.606172 0.927820 0.590329 0.925659 0.583128 0.925659 0.576647 0.927820 0.572327 0.932861 0.568006 0.935021 0.563685 0.941502 0.559364 0.945823 0.559364 0.948703 0.560084 0.950143 0.562965 0.950143 0.565125 0.952304 0.570886 0.953744 0.573046 0.955184 0.582408 0.956625 0.584568 0.957345 0.587449 0.958065 0.592490 0.958065 0.598971 0.957345 0.601851 0.953024 0.604012 0.950143 0.609052 0.942222 0.611213 0.940062 0.611213
0 0.581339 0.408096 0.577390 0.407657 0.573442 0.405464 0.567738 0.397128 0.554137 0.383088 0.546240 0.370804 0.541414 0.360274 0.540098 0.352816 0.540098 0.345796 0.544046 0.337460 0.544485 0.334827 0.545802 0.333073 0.550189 0.331756 0.561596 0.330440 0.566861 0.329124 0.602837 0.329124 0.606347 0.329562 0.613805 0.333511 0.629161 0.349745 0.632671 0.354132 0.637497 0.362029 0.639252 0.363345 0.640130 0.365978 0.640130 0.375191 0.638813 0.376946 0.636181 0.378701 0.629161 0.385282 0.621264 0.387037 0.617754 0.384405 0.614683 0.380456 0.612489 0.379140 0.611612 0.377385 0.609418 0.376068 0.604592 0.376068 0.605908 0.382650 0.607225 0.385721 0.608102 0.391424 0.608102 0.406780 0.607225 0.408535 0.598011 0.411606 0.583971 0.410729
0 0.640453 0.032699 0.632080 0.013040 0.624435 0.005031 0.622250 0.003575 0.619271 0.000000 0.667422 0.000000 0.668486 0.002482 0.668486 0.009764 0.664481 0.015953 0.660841 0.018501 0.654652 0.025418 0.653195 0.029787 0.651739 0.031971 0.648098 0.034155 0.643366 0.034520
0 0.528324 0.275525 0.531964 0.269700 0.549803 0.246764 0.552716 0.240939 0.554900 0.238755 0.555992 0.236571 0.556720 0.232930 0.559633 0.226741 0.561089 0.220916 0.564366 0.214727 0.569826 0.211451 0.574195 0.207810 0.575651 0.206354 0.574923 0.204170 0.570190 0.201257 0.561817 0.200165 0.557084 0.200165 0.542158 0.203442 0.539974 0.204534 0.532693 0.206354 0.526139 0.207082 0.502476 0.207082 0.498471 0.209266 0.494103 0.212907 0.483909 0.230382 0.481361 0.236207 0.479540 0.244580 0.479904 0.247129 0.483545 0.249677 0.486821 0.253681 0.489370 0.260598 0.492646 0.266787 0.494831 0.268608 0.495923 0.270792 0.503204 0.276253 0.507573 0.277709 0.521043 0.277709 0.525411 0.276981
0 0.705255 0.034520 0.697610 0.035612 0.692877 0.033791 0.688509 0.030879 0.686324 0.030515 0.683048 0.028695 0.681592 0.026874 0.671762 0.019229 0.674311 0.014861 0.675403 0.008307 0.677587 0.003575 0.681385 0.000000 0.709542 0.000000 0.711080 0.008307 0.713629 0.015953 0.713629 0.020321 0.711444 0.024326 0.709624 0.025782 0.708168 0.030151 0.706712 0.031971
0 0.492188 0.953125 0.523438 0.953125 0.527344 0.953125 0.542969 0.972656 0.546875 0.976562 0.550781 0.992188 0.554688 0.996094 0.553906 1.000000 0.503906 1.000000 0.488281 0.968750 0.484375 0.964844 0.484375 0.960938 0.484375 0.957031 0.492188 0.953125
0 0.945312 0.125000 0.957031 0.128906 0.960938 0.132812 0.968750 0.199219 0.968750 0.203125 0.953125 0.230469 0.949219 0.234375 0.917969 0.250000 0.914062 0.250000 0.910156 0.246094 0.906250 0.242188 0.906250 0.199219 0.906250 0.195312 0.921875 0.160156 0.921875 0.156250 0.945312 0.125000
0 0.996094 0.015625 1.000000 0.015625 1.000000 0.101562 0.988281 0.101562 0.984375 0.101562 0.968750 0.093750 0.964844 0.093750 0.960938 0.074219 0.957031 0.070312 0.960938 0.050781 0.960938 0.046875 0.996094 0.015625
0 1.000000 0.179688 1.000000 0.179688 1.000000 0.226562 0.992188 0.226562 0.988281 0.226562 0.984375 0.195312 0.984375 0.191406 1.000000 0.179688
0 0.648438 0.164062 0.671875 0.167969 0.675781 0.171875 0.679688 0.203125 0.683594 0.207031 0.679688 0.226562 0.675781 0.230469 0.648438 0.226562 0.644531 0.222656 0.640625 0.199219 0.640625 0.195312 0.648438 0.164062
0 0.699219 0.125000 0.730469 0.128906 0.734375 0.132812 0.738281 0.175781 0.738281 0.179688 0.730469 0.191406 0.726562 0.195312 0.707031 0.191406 0.703125 0.191406 0.687500 0.175781 0.683594 0.171875 0.687500 0.140625 0.687500 0.136719 0.699219 0.125000
0 0.707031 0.074219 0.726562 0.117188 0.726562 0.121094 0.718750 0.125000 0.714844 0.128906 0.695312 0.128906 0.691406 0.132812 0.687500 0.117188 0.687500 0.113281 0.707031 0.074219
0 0.902344 0.007812 0.933594 0.019531 0.937500 0.023438 0.925781 0.046875 0.921875 0.050781 0.898438 0.050781 0.894531 0.046875 0.894531 0.027344 0.894531 0.023438 0.902344 0.007812
0 0.023438 0.367188 0.042969 0.371094 0.046875 0.375000 0.054688 0.414062 0.054688 0.417969 0.035156 0.460938 0.035156 0.464844 0.023438 0.476562 0.019531 0.480469 0.003906 0.480469 0.000000 0.480469 0.000000 0.480469 0.000000 0.417969 0.000000 0.417969 0.007812 0.386719 0.007812 0.382812 0.023438 0.367188
0 0.082031 0.464844 0.093750 0.468750 0.097656 0.472656 0.093750 0.492188 0.089844 0.496094 0.050781 0.503906 0.046875 0.507812 0.039062 0.503906 0.035156 0.503906 0.035156 0.484375 0.039062 0.480469 0.082031 0.464844
0 0.042969 0.339844 0.039062 0.390625 0.035156 0.394531 0.054688 0.414062 0.054688 0.417969 0.035156 0.460938 0.035156 0.464844 0.031250 0.468750 0.027344 0.472656 0.003906 0.472656 0.000000 0.472656 0.000000 0.472656 0.000000 0.425781 0.015625 0.394531 0.019531 0.390625 0.023438 0.367188 0.023438 0.363281 0.042969 0.339844
0 0.546875 0.031250 0.566406 0.035156 0.570312 0.039062 0.566406 0.054688 0.566406 0.058594 0.535156 0.089844 0.531250 0.093750 0.515625 0.121094 0.515625 0.125000 0.488281 0.128906 0.484375 0.128906 0.476562 0.117188 0.472656 0.113281 0.472656 0.097656 0.472656 0.093750 0.480469 0.078125 0.480469 0.074219 0.527344 0.039062 0.531250 0.035156 0.546875 0.031250
0 0.566406 0.203125 0.625000 0.207031 0.628906 0.207031 0.648438 0.238281 0.652344 0.242188 0.656250 0.257812 0.660156 0.261719 0.660156 0.285156 0.660156 0.289062 0.617188 0.296875 0.613281 0.300781 0.578125 0.300781 0.574219 0.304688 0.523438 0.300781 0.519531 0.300781 0.519531 0.281250 0.519531 0.277344 0.535156 0.257812 0.539062 0.253906 0.546875 0.218750 0.546875 0.214844 0.566406 0.203125
0 0.437500 0.683594 0.464844 0.687500 0.468750 0.691406 0.464844 0.718750 0.460938 0.722656 0.429688 0.722656 0.425781 0.718750 0.425781 0.703125 0.425781 0.699219 0.437500 0.683594
0 0.488281 0.343750 0.500000 0.347656 0.503906 0.351562 0.500000 0.367188 0.496094 0.371094 0.488281 0.375000 0.484375 0.378906 0.453125 0.375000 0.449219 0.375000 0.460938 0.359375 0.464844 0.355469 0.488281 0.343750
0 0.852977 0.367689 0.855470 0.362703 0.857340 0.360833 0.859210 0.356469 0.861080 0.355223 0.865444 0.354599 0.865444 0.347119 0.864821 0.344625 0.858587 0.340262 0.856717 0.339639 0.848613 0.339639 0.846120 0.339015 0.844250 0.335275 0.842380 0.334029 0.838016 0.334652 0.830536 0.334652 0.828666 0.335275 0.828043 0.337145 0.828043 0.344625 0.827419 0.347119 0.826173 0.348989 0.821809 0.349613 0.819939 0.350859 0.816822 0.350859 0.815575 0.352729 0.814952 0.357093 0.816822 0.356469 0.821809 0.357093 0.826796 0.359586 0.836770 0.360833 0.842380 0.362703 0.843003 0.364573 0.845496 0.365820 0.846120 0.367689 0.847990 0.368936
0 0.947727 0.474283 0.942740 0.482387 0.942116 0.486750 0.939623 0.490491 0.937753 0.491737 0.936506 0.496101 0.910325 0.496101 0.915312 0.496101 0.917182 0.494854 0.920299 0.489867 0.920299 0.481764 0.922169 0.478023 0.922169 0.470543 0.922793 0.467427 0.925286 0.461193 0.929026 0.456829 0.934636 0.453712 0.935260 0.451843 0.937130 0.451219 0.939000 0.451843 0.945233 0.461193 0.945857 0.463063 0.951467 0.466180 0.951467 0.469296
0 0.287404 0.278069 0.287404 0.291933 0.279316 0.290778 0.278161 0.288467 0.267763 0.287312 0.263142 0.278069 0.264297 0.268826 0.274695 0.267671 0.280071 0.263760 0.282782 0.267671 0.285093 0.268826
0 0.684841 0.444438 0.683685 0.455991 0.646714 0.454836 0.646714 0.444438 0.654802 0.438661 0.660579 0.431729 0.669821 0.431729 0.673287 0.435195 0.683685 0.435195
0 0.702171 0.386671 0.699860 0.395913 0.692928 0.408622 0.692928 0.417865 0.674443 0.416710 0.674443 0.398224 0.665200 0.393603 0.660579 0.393603 0.660579 0.382049 0.661734 0.379739 0.664045 0.379739 0.665200 0.375117 0.673287 0.364719 0.680219 0.364719 0.690617 0.372807 0.692928 0.372807 0.692928 0.375117 0.697549 0.375117 0.698705 0.377428
