0 0.000000 0.101854 0.004463 0.106316 0.011154 0.107431 0.010039 0.098509 0.006693 0.098509 0.011154 0.092932 0.008924 0.092932 0.008924 0.089586 0.000000 0.087152
0 0.004463 0.116354 0.021192 0.117469 0.042383 0.107431 0.052421 0.099624 0.057998 0.090702 0.052421 0.089586 0.046845 0.091817 0.013385 0.092932 0.015616 0.105201
0 0.079188 0.002592 0.075843 0.014861 0.084765 0.023783 0.103725 0.032705 0.129377 0.028244 0.132723 0.018206 0.146107 0.012630 0.146107 0.000361
0 0.032345 0.002592 0.034576 0.012630 0.030115 0.022668 0.032345 0.039397 0.040152 0.057242 0.044614 0.058357 0.043498 0.071741 0.069151 0.071741 0.069151 0.062819 0.079188 0.062819 0.084765 0.055012 0.097034 0.068395 0.102610 0.057242 0.112648 0.049435 0.111532 0.036051 0.098149 0.034936 0.089226 0.024898 0.066920 0.012630 0.062459 0.012630 0.062459 0.003707 0.053536 0.003707 0.053536 0.001477
0 0.021897 0.241005 0.015097 0.244405 0.010564 0.265937 0.019630 0.280671 0.033230 0.284070 0.044563 0.277271 0.044563 0.271604 0.036630 0.268204 0.027563 0.267071 0.024163 0.252338
0 0.011697 0.423466 0.008297 0.437066 0.008297 0.452932 0.016230 0.455199 0.033230 0.472198 0.055896 0.471065 0.055896 0.460865 0.043429 0.458599 0.033898 0.448718 0.029830 0.441599 0.029830 0.434799 0.023030 0.430266
0 0.052496 0.425733 0.029830 0.425733 0.040030 0.452932 0.060429 0.465398 0.063829 0.448399 0.068362 0.440466 0.067229 0.430266
0 0.156250 0.429688 0.171875 0.437500 0.175781 0.437500 0.187500 0.476562 0.187500 0.480469 0.140625 0.511719 0.136719 0.515625 0.130039 0.521918 0.125000 0.507812 0.121094 0.480469 0.121094 0.476562 0.156250 0.429688
0 0.144531 0.386719 0.167969 0.386719 0.171875 0.386719 0.203125 0.417969 0.207031 0.421875 0.215857 0.459057 0.227696 0.458430 0.231096 0.498625 0.222656 0.519531 0.218750 0.519531 0.214844 0.519531 0.195312 0.488281 0.191406 0.484375 0.179688 0.449219 0.176287 0.438513 0.145664 0.431062 0.140625 0.410156 0.144531 0.386719
0 0.358487 0.405334 0.361887 0.441599 0.408352 0.426866 0.409486 0.418933 0.381153 0.398534 0.380020 0.394000
0 0.207758 0.323736 0.194158 0.320336 0.181692 0.331669 0.200958 0.390601 0.204358 0.414400 0.222491 0.420066 0.231557 0.418933 0.254223 0.405334 0.270089 0.391734 0.267823 0.372468 0.242890 0.339602 0.254223 0.335069 0.247423 0.328269 0.221357 0.316936
0 0.394753 0.382668 0.399286 0.382668 0.418552 0.394000 0.438951 0.392867 0.440085 0.396267 0.419685 0.408734 0.403819 0.414400 0.398152 0.405334 0.394753 0.391734
0 0.442351 0.289737 0.431018 0.292004 0.431018 0.305603 0.419685 0.307870 0.411752 0.316936 0.404952 0.320336 0.407219 0.329402 0.421952 0.332802 0.421952 0.356602 0.431018 0.369068 0.434418 0.369068 0.442351 0.356602 0.436685 0.341869 0.454818 0.348669 0.468417 0.335069 0.461617 0.321470 0.455951 0.294270
0 0.675811 0.332802 0.661078 0.314670 0.647479 0.312403 0.640679 0.323736 0.621412 0.344136 0.612346 0.373601 0.606680 0.399667 0.627079 0.394000 0.648612 0.370201 0.666745 0.354335
0 0.431018 0.609328 0.426485 0.579862 0.417419 0.575329 0.403819 0.573062 0.402686 0.561729 0.392486 0.557196 0.368687 0.556063 0.357354 0.563996 0.360754 0.571929 0.383420 0.576462 0.392486 0.582129 0.403819 0.592328 0.417419 0.609328
0 0.474084 0.044944 0.484283 0.040411 0.502416 0.048344 0.544348 0.047211 0.540948 0.048344 0.538682 0.054011 0.542082 0.042677 0.559081 0.042677 0.564748 0.043811 0.573814 0.060810 0.567014 0.069877 0.559081 0.069877 0.559081 0.082343 0.544348 0.082343 0.537548 0.076677 0.519416 0.077810 0.516016 0.083476 0.477484 0.069877 0.476350 0.060810
0 0.236091 0.077810 0.242890 0.095943 0.240624 0.095943 0.239490 0.117475 0.217958 0.117475 0.186225 0.093676 0.186225 0.060810 0.195292 0.056277 0.230424 0.068743
0 0.628213 0.001879 0.631612 0.015478 0.667878 0.040411 0.684877 0.056277 0.697344 0.050611 0.693944 0.029078 0.701877 0.017745 0.707543 0.000000
0 0.494483 0.152607 0.533015 0.151474 0.533015 0.158274 0.522816 0.161674 0.517149 0.166207 0.514882 0.176407 0.500150 0.174140 0.500150 0.171874 0.493350 0.167341
0 0.434100 0.027344 0.458285 0.027344 0.466725 0.037543 0.468871 0.046875 0.472777 0.091580 0.473283 0.134573 0.480083 0.155479 0.486762 0.195795 0.492935 0.226900 0.486641 0.232229 0.468002 0.235002 0.451606 0.244454 0.428434 0.251760 0.394531 0.246094 0.390625 0.246094 0.289062 0.222656 0.285156 0.218750 0.244189 0.210817 0.207658 0.204138 0.191286 0.200232 0.199219 0.187500 0.203125 0.183594 0.308594 0.121094 0.312500 0.121094 0.437500 0.027344
0 0.198691 0.207006 0.199825 0.228539 0.211158 0.238738 0.217958 0.250071 0.241757 0.247805 0.249690 0.253471 0.245157 0.289737 0.245157 0.324869 0.249690 0.336202 0.270089 0.348669 0.306355 0.353202 0.342621 0.343002 0.367554 0.326003 0.370953 0.326003 0.383420 0.296537 0.395886 0.294270 0.395886 0.314670 0.403819 0.321470 0.415152 0.310136 0.423085 0.305603 0.425352 0.294270 0.435552 0.282937 0.450284 0.280671 0.453684 0.273871 0.421952 0.251205 0.289355 0.222872 0.284822 0.218339 0.208891 0.203606
0 0.208891 0.248938 0.212291 0.261404 0.206625 0.288604 0.206625 0.301070 0.227024 0.301070 0.227024 0.284070 0.247423 0.268204 0.248557 0.253471 0.239490 0.245538
0 0.271223 0.042677 0.316555 0.041544 0.375486 0.050611 0.410619 0.050611 0.313155 0.119742 0.227024 0.166207 0.232691 0.118609 0.241757 0.114075 0.244023 0.094809 0.237224 0.078943 0.230424 0.069877 0.222491 0.063077 0.250823 0.046077
0 0.601013 0.420066 0.590814 0.443866 0.603280 0.441599 0.664478 0.409867 0.689411 0.408734 0.697344 0.391734 0.689411 0.387201 0.721143 0.353202 0.734743 0.326003 0.741543 0.307870 0.734743 0.306736 0.683744 0.355468 0.635012 0.383801 0.627079 0.396267 0.607813 0.400800
0 0.800474 0.404200 0.800474 0.452932 0.817474 0.461998 0.834473 0.456332 0.848073 0.444999 0.852606 0.426866 0.834473 0.417800 0.834473 0.414400 0.815207 0.404200
0 0.861672 0.399667 0.829940 0.413267 0.848073 0.422333 0.883205 0.420066 0.877539 0.409867
0 0.741030 0.433088 0.761719 0.441406 0.765625 0.441406 0.820312 0.460938 0.824219 0.460938 0.850815 0.476321 0.867188 0.496094 0.906250 0.554688 0.918089 0.565393 0.899957 0.595245 0.894290 0.621817 0.877893 0.631559 0.881920 0.647931 0.847656 0.648438 0.843750 0.648438 0.832031 0.640625 0.828125 0.636719 0.824219 0.617188 0.824219 0.613281 0.789062 0.566406 0.785156 0.562500 0.738281 0.476562 0.738281 0.472656 0.714338 0.457779 0.713831 0.439140 0.729697 0.434221
0 0.686011 0.434799 0.696211 0.439332 0.725676 0.439332 0.725676 0.430266 0.705277 0.415533 0.703010 0.415533 0.701877 0.404200 0.707543 0.398534 0.712077 0.388334 0.705277 0.388334 0.703010 0.372468 0.689411 0.386068 0.696211 0.390601 0.689411 0.407600 0.666745 0.409867 0.676945 0.421200 0.684877 0.424600
0 0.195312 0.531250 0.226562 0.535156 0.230469 0.535156 0.260971 0.552807 0.277344 0.570312 0.291329 0.592617 0.292969 0.597656 0.296369 0.603709 0.302541 0.613281 0.302035 0.647304 0.289062 0.652344 0.277344 0.660156 0.273438 0.664062 0.262587 0.669609 0.230348 0.677541 0.214699 0.689525 0.183594 0.707031 0.171369 0.718364 0.162929 0.711564 0.152344 0.687500 0.148438 0.683594 0.125000 0.671875 0.121094 0.667969 0.109375 0.667969 0.105469 0.664062 0.058594 0.671875 0.054688 0.671875 0.045356 0.685740 0.033516 0.704379 0.021291 0.702739 0.011719 0.687500 0.000000 0.660156 0.000000 0.660156 0.000000 0.585938 0.007812 0.578125 0.007812 0.574219 0.097656 0.546875 0.101562 0.542969 0.195312 0.531250
0 0.557948 0.546996 0.530748 0.584395 0.536415 0.591195 0.557948 0.567396 0.585147 0.588928 0.599880 0.591195 0.607813 0.579862 0.613480 0.566262 0.612346 0.552662 0.604413 0.544730 0.602146 0.552662 0.589680 0.552662 0.586280 0.546996
0 0.775541 0.561729 0.744943 0.566262 0.748342 0.578729 0.757409 0.599128 0.782341 0.600261 0.781208 0.587795 0.790275 0.585529 0.794808 0.582129 0.792541 0.569662
0 0.562481 0.000745 0.563614 0.008679 0.576080 0.016612 0.586280 0.033611 0.597613 0.039277 0.616879 0.040411 0.635012 0.024545 0.644079 0.042677 0.675811 0.049477 0.665611 0.039277 0.632746 0.015478 0.627079 0.000000
0 1.000000 0.000280 0.942137 0.001879 0.938737 0.013212 0.942137 0.020011 0.956870 0.029078 0.979536 0.047211 0.985202 0.063077 0.995402 0.068743 0.995402 0.054011 0.993135 0.048344 1.000000 0.045340
0 1.000000 0.071010 0.993135 0.071010 0.984069 0.080076 0.980669 0.085743 0.979536 0.109542 0.998802 0.117475 1.000000 0.118565
0 0.975002 0.119742 0.968203 0.126542 0.965936 0.140141 0.973869 0.149208 1.000000 0.150253 1.000000 0.117540 0.997668 0.115209
0 0.945537 0.069877 0.914937 0.082343 0.917204 0.117475 0.938737 0.135608 0.939870 0.148074 0.951203 0.145808 0.969336 0.158274 0.980669 0.152607 0.967069 0.140141 0.965936 0.126542 0.969336 0.118609 0.956870 0.090276 0.960270 0.088009 0.958003 0.072143
0 0.907004 0.126542 0.920604 0.141275 0.931937 0.149208 0.939870 0.150341 0.943270 0.135608 0.918338 0.115209 0.905871 0.115209
0 0.683744 0.221739 0.682611 0.239872 0.721143 0.235339 0.721143 0.225139 0.718877 0.217206 0.733609 0.200206 0.712077 0.207006 0.699611 0.208139 0.690544 0.213806
0 0.843750 0.207031 0.863281 0.207031 0.877387 0.210431 0.872734 0.235894 0.878906 0.250000 0.878906 0.281250 0.878906 0.285156 0.863281 0.300781 0.859375 0.304688 0.851562 0.304688 0.847656 0.308594 0.843750 0.308594 0.839844 0.308594 0.832031 0.296875 0.828125 0.292969 0.828125 0.273438 0.828125 0.269531 0.843750 0.253906 0.847656 0.250000 0.843750 0.234375 0.839844 0.230469 0.843750 0.207031
0 0.943270 0.222872 0.924004 0.224005 0.909271 0.229672 0.884338 0.260271 0.884338 0.278404 0.893405 0.304470 0.902471 0.316936 0.922871 0.320336 0.934204 0.309003 0.954603 0.296537 0.962536 0.287470 0.968203 0.270471 0.960270 0.270471 0.958003 0.251205 0.959136 0.238738 0.956870 0.238738
0 1.000000 0.224492 0.994268 0.214939 0.984069 0.216072 0.973869 0.229672 0.973869 0.221739 0.954603 0.221739 0.954603 0.237605 0.969336 0.268204 0.963670 0.275004 0.960270 0.289737 0.962536 0.298804 0.980669 0.307870 0.987469 0.306736 0.988602 0.294270 0.999935 0.279537 1.000000 0.279537
0 0.131910 0.147398 0.136861 0.167199 0.150473 0.169675 0.162849 0.167199 0.170274 0.162249 0.160374 0.151111
0 0.485850 0.406046 0.469762 0.403571 0.461099 0.425847 0.464811 0.445648 0.479662 0.446886 0.503175 0.427085
0 0.320018 0.427085 0.321255 0.449361 0.315068 0.451836 0.321255 0.459261 0.306405 0.462974 0.326206 0.476587 0.354670 0.456786 0.358382 0.441936 0.346007 0.439461 0.338581 0.433273
0 0.518026 0.264966 0.520501 0.274866 0.529164 0.282291 0.550202 0.281054 0.550202 0.268679 0.542777 0.266204 0.534114 0.258778
0 0.103322 0.257295 0.077980 0.277303 0.088650 0.277303 0.088650 0.281304 0.077980 0.298644 0.075312 0.282638 0.064641 0.275969 0.057972 0.286640 0.067309 0.298644 0.087316 0.313316 0.111325 0.307981 0.119329 0.281304 0.112659 0.270634
0 0.008210 0.846003 0.000000 0.847371 0.000000 0.869748 0.009320 0.860429 0.018197 0.861538 0.018197 0.851551
0 0.000000 0.871388 0.000000 0.882622 0.015978 0.882622 0.021526 0.875964 0.031513 0.870416 0.034842 0.862648 0.027074 0.858209 0.009320 0.859319 0.000442 0.870416
0 0.004191 0.545621 0.000000 0.546350 0.000000 0.584414 0.006755 0.577660 0.010599 0.554592
0 0.000000 0.776705 0.006755 0.775016 0.034948 0.762201 0.025978 0.751949 0.009318 0.751949 0.004191 0.740415 0.000000 0.742211
0 0.046482 0.725036 0.040075 0.726318 0.040075 0.744259 0.051608 0.754512 0.056734 0.764764 0.059298 0.740415
0 0.093899 0.725036 0.079802 0.734007 0.066987 0.719910 0.045201 0.718629 0.061861 0.741696 0.072113 0.748104 0.075957 0.758357 0.082365 0.748104 0.097744 0.739133
0 0.000000 0.704532 0.000000 0.707698 0.006755 0.717347 0.005473 0.726318 0.020852 0.741696 0.029822 0.741696 0.028541 0.735289 0.018288 0.725036 0.011880 0.704532
0 0.243839 0.817307 0.246402 0.826278 0.207956 0.835249 0.205393 0.844220 0.198985 0.837812 0.188733 0.837812 0.192577 0.857035 0.197704 0.863443 0.207956 0.868569 0.225897 0.869850 0.237431 0.868569 0.242557 0.864724 0.237431 0.859598 0.260499 0.849346 0.263062 0.849346 0.264343 0.859598 0.292537 0.848064 0.295100 0.841656 0.286130 0.835249 0.288693 0.833967 0.297663 0.819870 0.293819 0.807055 0.288693 0.807055 0.264343 0.772454 0.237431 0.768609 0.223334 0.777580 0.219490 0.782705 0.209237 0.785269 0.211800 0.813462
0 0.248965 0.736570 0.250246 0.757075 0.270751 0.764764 0.284848 0.773735 0.295100 0.777580 0.301508 0.777580 0.295100 0.744259 0.307916 0.750667 0.310479 0.734007 0.323294 0.727600 0.319450 0.707095 0.306634 0.705813 0.295100 0.709658 0.291256 0.712221 0.289974 0.723755 0.289974 0.695561 0.279722 0.681464 0.278440 0.664804 0.257936 0.675057 0.215645 0.689154 0.209237 0.695561 0.218208 0.718629 0.232305 0.723755
0 0.325857 0.796803 0.333546 0.782705 0.348925 0.771172 0.348925 0.763482 0.325857 0.763482 0.318168 0.767327 0.297663 0.790395 0.297663 0.795521 0.306634 0.795521 0.306634 0.798084
0 0.442477 0.649426 0.427099 0.655834 0.425817 0.659678 0.419409 0.666086 0.420691 0.676338 0.416846 0.686590 0.420691 0.691716 0.465545 0.685309 0.461700 0.677620 0.456574 0.675057 0.456574 0.662241 0.451448 0.657115
0 0.511719 0.683594 0.570312 0.691406 0.574219 0.691406 0.582031 0.707031 0.582031 0.710938 0.574219 0.722656 0.570312 0.726562 0.531250 0.726562 0.527344 0.726562 0.519531 0.730469 0.515625 0.734375 0.492188 0.734375 0.488281 0.734375 0.480469 0.730469 0.476562 0.726562 0.472656 0.707031 0.472656 0.703125 0.511719 0.683594
0 0.570312 0.882812 0.605469 0.886719 0.609375 0.886719 0.644531 0.910156 0.648438 0.914062 0.648438 0.968750 0.648438 0.972656 0.597656 0.972656 0.593750 0.972656 0.562500 0.949219 0.558594 0.945312 0.554688 0.906250 0.554688 0.902344 0.558594 0.894531 0.558594 0.890625 0.570312 0.882812
0 0.800781 0.839844 0.832031 0.847656 0.835938 0.847656 0.851562 0.859375 0.855469 0.863281 0.855469 0.937500 0.851562 0.941406 0.828125 0.937500 0.824219 0.937500 0.808594 0.910156 0.804688 0.906250 0.792969 0.871094 0.789062 0.867188 0.789062 0.847656 0.789062 0.843750 0.800781 0.839844
0 0.882812 0.863281 0.925781 0.875000 0.929688 0.875000 0.937500 0.882812 0.941406 0.886719 0.941406 0.902344 0.941406 0.906250 0.925781 0.914062 0.921875 0.917969 0.875000 0.914062 0.871094 0.914062 0.859375 0.886719 0.859375 0.882812 0.867188 0.871094 0.871094 0.867188 0.882812 0.863281
0 0.579602 0.972373 0.571913 0.989033 0.571913 1.000000 0.617082 1.000000 0.615485 0.998004 0.612921 0.983907 0.600106 0.981344 0.589854 0.982625
0 0.541155 0.973655 0.507836 0.972373 0.507836 1.000000 0.564140 1.000000 0.564223 0.998004 0.558235 1.000000 0.548845 1.000000 0.548845 0.987752
0 0.421544 1.000000 0.445887 1.000000 0.457855 0.986470 0.454011 0.982625 0.430943 0.971092 0.430943 0.968529 0.421973 0.967247 0.418128 0.987752 0.425817 0.992878
0 0.529621 0.808336 0.512962 0.839093 0.543719 0.846782 0.548845 0.818589 0.543719 0.808336
0 0.570631 0.842938 0.564223 0.849346 0.557816 0.864724 0.564223 0.874976 0.579602 0.874976 0.591136 0.867287 0.591136 0.850627 0.598825 0.845501 0.588572 0.839093 0.579602 0.836530
0 0.719289 0.878821 0.705192 0.894199 0.679561 0.898044 0.693659 0.909578 0.728260 0.909578 0.743638 0.904452 0.744920 0.898044 0.735949 0.881384 0.730823 0.876258
0 0.641115 0.732726 0.615485 0.737852 0.607795 0.758357 0.627018 0.762201 0.650086 0.742978
0 0.806359 0.658275 0.794918 0.669717 0.792375 0.669717 0.788561 0.683701 0.807631 0.684973 0.825429 0.678616 0.848313 0.677345 0.843228 0.663360 0.825429 0.655732
0 0.797460 0.625220 0.796189 0.631577 0.787289 0.637934 0.782204 0.653189 0.807631 0.655732 0.824158 0.644290 0.811445 0.632848 0.808902 0.620135
0 0.773305 0.611236 0.756778 0.603608 0.744064 0.604879 0.746607 0.621406 0.763134 0.631577 0.772034 0.630305 0.778390 0.620135 0.803817 0.618864 0.824158 0.635391 0.822887 0.616321 0.815259 0.608693 0.805088 0.609964 0.802545 0.590895 0.787289 0.584538 0.777119 0.592166 0.782204 0.601065 0.768220 0.601065
0 0.947477 0.598522 0.928407 0.613778 0.932221 0.625220 0.952562 0.626491 0.960190 0.611236
0 1.000000 0.761719 1.000000 0.761719 1.000000 0.800781 1.000000 0.800781 0.996094 0.796875 0.992188 0.785156 0.992188 0.781250 1.000000 0.761719
0 1.000000 1.000000 0.950195 1.000000 0.957031 0.972656 0.957031 0.968750 0.992188 0.937500 0.996094 0.933594 1.000000 0.924479
