0 0.488281 0.343750 0.504535 0.343704 0.507812 0.347656 0.511719 0.347656 0.531250 0.363281 0.535156 0.367188 0.558594 0.375000 0.562500 0.375000 0.574254 0.379171 0.574219 0.390625 0.574219 0.417969 0.574219 0.421875 0.574132 0.449388 0.566406 0.449219 0.562500 0.453125 0.562508 0.489153 0.562490 0.494006 0.562532 0.515572 0.566406 0.515625 0.570163 0.519531 0.585938 0.542969 0.589844 0.546875 0.593407 0.568534 0.589618 0.575446 0.589392 0.581805 0.475102 0.581533 0.472656 0.578125 0.437500 0.566406 0.433594 0.566406 0.382812 0.535156 0.378906 0.531250 0.332031 0.515625 0.328125 0.515625 0.292969 0.496094 0.289062 0.492188 0.285156 0.453125 0.285156 0.449219 0.308594 0.417969 0.312500 0.414062 0.319654 0.410454 0.335938 0.410156 0.339844 0.410156 0.402344 0.378906 0.406250 0.375000 0.453125 0.367188 0.457031 0.367188 0.488281 0.343750
0 1.000000 0.000000 1.000000 0.069987 0.957031 0.023438 0.953125 0.019531 0.945312 0.000000 0.945312 0.000000
0 0.804688 0.531250 0.902344 0.550781 0.906250 0.554688 0.953125 0.554688 0.957031 0.554688 1.000000 0.562500 1.000000 0.562500 1.000000 0.615234 0.992188 0.617188 0.988281 0.621094 0.906250 0.625000 0.902344 0.625000 0.875000 0.617188 0.871094 0.617188 0.812500 0.589844 0.808594 0.585938 0.804688 0.574219 0.800781 0.570312 0.804688 0.531250
0 0.164062 0.292969 0.160156 0.289062 0.160156 0.218750 0.128906 0.179688 0.136719 0.097656 0.132812 0.093750 0.109375 0.082031 0.070312 0.085938 0.066406 0.082031 0.042969 0.035156 0.011719 0.011719 0.000000 0.011719 0.003906 0.812500 0.007812 0.808594 0.031250 0.761719 0.082031 0.718750 0.082031 0.714844 0.097656 0.683594 0.101562 0.652344 0.113281 0.636719 0.105469 0.566406 0.136719 0.535156 0.140625 0.464844 0.144531 0.460938 0.160156 0.429688 0.160156 0.425781
0 0.320312 0.156250 0.347656 0.167969 0.351562 0.167969 0.363281 0.179688 0.367188 0.183594 0.398438 0.199219 0.402344 0.199219 0.449219 0.261719 0.449219 0.265625 0.460938 0.277344 0.464844 0.281250 0.492188 0.292969 0.496094 0.296875 0.492188 0.308594 0.492188 0.312500 0.437500 0.355469 0.433594 0.359375 0.417969 0.363281 0.414062 0.367188 0.332031 0.367188 0.328125 0.371094 0.246094 0.371094 0.242188 0.371094 0.222656 0.359375 0.218750 0.355469 0.218750 0.335938 0.218750 0.332031 0.238281 0.316406 0.242188 0.312500 0.226562 0.292969 0.222656 0.289062 0.207031 0.289062 0.203125 0.289062 0.187500 0.257812 0.183594 0.253906 0.179688 0.222656 0.179688 0.218750 0.222656 0.183594 0.226562 0.179688 0.238281 0.175781 0.242188 0.175781 0.257812 0.183594 0.261719 0.183594 0.281250 0.171875 0.285156 0.167969 0.320312 0.156250
0 0.919184 0.218028 0.916566 0.207388 0.909418 0.200239 0.896005 0.196787 0.882812 0.183594 0.878906 0.183594 0.851562 0.171875 0.832031 0.148438 0.828125 0.148438 0.815087 0.139746 0.814935 0.131731 0.821218 0.123698 0.825585 0.109559 0.826459 0.094688 0.823842 0.084922 0.816694 0.077774 0.806928 0.075157 0.790164 0.078648 0.779517 0.089296 0.775150 0.119030 0.763922 0.123261 0.756773 0.130409 0.754233 0.140462 0.746094 0.144531 0.707031 0.144531 0.707031 0.148438 0.699219 0.164062 0.699219 0.183594 0.703125 0.187500 0.714844 0.214844 0.734375 0.234375 0.734375 0.238281 0.753906 0.277344 0.753906 0.312500 0.761719 0.320312 0.785156 0.320312 0.812500 0.281250 0.812500 0.210938 0.824219 0.199219 0.847656 0.199219 0.877781 0.220604 0.879239 0.226044 0.889887 0.234942 0.899652 0.237559 0.909418 0.234942 0.916566 0.227794
0 0.632812 0.023438 0.660156 0.023438 0.664062 0.023438 0.683594 0.039062 0.687500 0.042969 0.687500 0.101562 0.687500 0.105469 0.679688 0.121094 0.679688 0.125000 0.671875 0.128906 0.667969 0.132812 0.644531 0.121094 0.640625 0.117188 0.605469 0.062500 0.601562 0.058594 0.601562 0.046875 0.601562 0.042969 0.632812 0.023438
0 0.128906 0.000000 0.128906 0.000000 0.125000 0.000000 0.109375 0.023438 0.105469 0.027344 0.085938 0.031250 0.082031 0.031250 0.046875 0.015625 0.042969 0.011719 0.003906 0.011719 0.000000 0.011719 0.000000 0.000000
0 1.000000 1.000000 0.964844 1.000000 0.964844 1.000000 0.968750 1.000000 0.996094 0.980469 1.000000 0.976562 1.000000 0.976562
0 0.703125 0.906250 0.714844 0.906250 0.718750 0.906250 0.726562 0.914062 0.730469 0.917969 0.730469 0.929688 0.730469 0.933594 0.750000 0.980469 0.753906 0.984375 0.753906 1.000000 0.659375 1.000000 0.671875 0.953125 0.671875 0.949219 0.691406 0.917969 0.691406 0.914062 0.703125 0.906250
0 0.417969 0.906250 0.437500 0.910156 0.441406 0.910156 0.484375 0.941406 0.488281 0.945312 0.507583 1.000000 0.375355 1.000000 0.359375 0.964844 0.359375 0.960938 0.375000 0.929688 0.378906 0.925781 0.417969 0.906250
0 0.335938 0.812500 0.363281 0.820312 0.367188 0.824219 0.375000 0.855469 0.378906 0.859375 0.367188 0.910156 0.367188 0.914062 0.347656 0.937500 0.343750 0.941406 0.343750 0.960938 0.343750 0.964844 0.335938 0.976562 0.335938 0.980469 0.316406 1.000000 0.152344 1.000000 0.160156 0.992188 0.164062 0.988281 0.187500 0.917969 0.187500 0.914062 0.210938 0.894531 0.214844 0.890625 0.230469 0.863281 0.234375 0.859375 0.300781 0.824219 0.304688 0.820312 0.335938 0.812500
0 0.640625 0.816406 0.660156 0.816406 0.664062 0.816406 0.679688 0.828125 0.683594 0.832031 0.683594 0.847656 0.683594 0.851562 0.664062 0.875000 0.660156 0.878906 0.644531 0.878906 0.640625 0.878906 0.621094 0.863281 0.617188 0.859375 0.621094 0.835938 0.621094 0.832031 0.640625 0.816406
0 0.593750 0.917969 0.617188 0.921875 0.621094 0.925781 0.621094 0.945312 0.621094 0.949219 0.609375 0.992188 0.609375 0.996094 0.605469 1.000000 0.541992 1.000000 0.550781 0.988281 0.554688 0.984375 0.566406 0.941406 0.566406 0.937500 0.593750 0.917969
0 0.976562 0.847656 0.996094 0.847656 1.000000 0.847656 1.000000 0.847656 1.000000 0.912109 0.988281 0.902344 0.984375 0.898438 0.972656 0.871094 0.968750 0.867188 0.976562 0.847656
0 1.000000 0.361431 0.988281 0.363281 0.968750 0.386719 0.968750 0.417969 0.972656 0.417969 0.984375 0.425781 1.000000 0.422656
0 1.000000 0.074219 1.000000 0.074219 1.000000 0.189844 0.988281 0.199219 0.984375 0.203125 0.972656 0.199219 0.968750 0.199219 0.953125 0.183594 0.949219 0.179688 0.937500 0.152344 0.933594 0.148438 0.933594 0.128906 0.933594 0.125000 0.980469 0.082031 0.984375 0.078125 1.000000 0.074219
0 0.593750 0.105469 0.609375 0.113281 0.613281 0.117188 0.617188 0.140625 0.617188 0.144531 0.601562 0.179688 0.597656 0.183594 0.593750 0.222656 0.593750 0.226562 0.574219 0.246094 0.570312 0.246094 0.554688 0.238281 0.550781 0.238281 0.546875 0.210938 0.546875 0.207031 0.539062 0.199219 0.535156 0.195312 0.531250 0.175781 0.531250 0.171875 0.511719 0.144531 0.511719 0.140625 0.539062 0.117188 0.542969 0.113281 0.593750 0.105469
0 0.516845 0.163448 0.511719 0.125000 0.507812 0.121094 0.500000 0.097656 0.496094 0.093750 0.478738 0.093750 0.450763 0.106848 0.443324 0.113047 0.444412 0.130845 0.439315 0.146810 0.427208 0.158917 0.416050 0.165116 0.400172 0.169436 0.394531 0.175781 0.390625 0.175781 0.382812 0.179688 0.386719 0.179688 0.420022 0.199219 0.427512 0.190795 0.443629 0.183356 0.453394 0.180739 0.474803 0.180739 0.504953 0.171290 0.513507 0.166786
0 0.927233 0.442901 0.924616 0.433136 0.917468 0.425987 0.907702 0.423370 0.903937 0.423370 0.900892 0.424186 0.886719 0.414062 0.886719 0.390625 0.871094 0.390625 0.843750 0.406250 0.839844 0.406250 0.804688 0.417969 0.773438 0.417969 0.750000 0.394531 0.746094 0.398438 0.734375 0.414062 0.734375 0.417969 0.728875 0.437218 0.731355 0.437896 0.733830 0.440371 0.737454 0.441708 0.743247 0.446765 0.745939 0.446028 0.757373 0.446028 0.763208 0.447553 0.777053 0.447553 0.777607 0.449577 0.781103 0.453074 0.790757 0.454851 0.797398 0.457172 0.801209 0.459459 0.803209 0.461459 0.806683 0.463409 0.805743 0.466347 0.803008 0.469081 0.797860 0.471180 0.794623 0.473655 0.788625 0.475433 0.782174 0.475432 0.779566 0.476516 0.777854 0.478229 0.772518 0.481278 0.768807 0.482293 0.765758 0.482293 0.754424 0.478229 0.751662 0.475467 0.750613 0.475179 0.747647 0.471600 0.746802 0.471368 0.738704 0.463270 0.737654 0.462983 0.731041 0.456191 0.729557 0.454886 0.725458 0.453074 0.721603 0.449219 0.703125 0.449219 0.695312 0.457031 0.699219 0.496094 0.703125 0.500000 0.730469 0.515625 0.734375 0.511719 0.792969 0.507812 0.796875 0.503906 0.835938 0.484375 0.871094 0.484375 0.875000 0.480469 0.894531 0.464844 0.898438 0.464844 0.904465 0.462432 0.907702 0.462432 0.917468 0.459815 0.924616 0.452667
0 0.675781 0.582031 0.695312 0.585938 0.699219 0.585938 0.738281 0.625000 0.742188 0.628906 0.746094 0.640625 0.746094 0.644531 0.710938 0.687500 0.707031 0.691406 0.679688 0.703125 0.675781 0.703125 0.648438 0.734375 0.644531 0.738281 0.609375 0.742188 0.605469 0.742188 0.593750 0.730469 0.589844 0.726562 0.589844 0.710938 0.589844 0.707031 0.632812 0.648438 0.636719 0.644531 0.644531 0.613281 0.644531 0.609375 0.660156 0.589844 0.664062 0.585938 0.675781 0.582031
0 0.296875 0.570312 0.308594 0.574219 0.312500 0.578125 0.316406 0.628906 0.316406 0.632812 0.304688 0.656250 0.300781 0.660156 0.285156 0.660156 0.281250 0.660156 0.273438 0.648438 0.269531 0.644531 0.265625 0.597656 0.265625 0.593750 0.296875 0.570312
0 0.278392 0.830057 0.277376 0.826346 0.274642 0.823612 0.272148 0.822930 0.257812 0.808594 0.253906 0.808594 0.222656 0.789062 0.187500 0.812500 0.164062 0.812500 0.160156 0.816406 0.148438 0.843750 0.148438 0.863281 0.179123 0.893967 0.179479 0.904685 0.178767 0.907287 0.179782 0.910998 0.182517 0.913732 0.186584 0.914748 0.190295 0.913732 0.193029 0.910998 0.196588 0.906015 0.215450 0.885373 0.217942 0.879323 0.223280 0.872205 0.227685 0.864597 0.230021 0.862261 0.235493 0.858213 0.243189 0.851229 0.248662 0.847536 0.260628 0.841264 0.274642 0.836503 0.277376 0.833768
0 0.726562 0.742188 0.769531 0.742188 0.773438 0.742188 0.792969 0.785156 0.792969 0.789062 0.789062 0.796875 0.789062 0.800781 0.753906 0.828125 0.750000 0.832031 0.695312 0.839844 0.691406 0.839844 0.687500 0.820312 0.687500 0.816406 0.699219 0.789062 0.699219 0.785156 0.687500 0.769531 0.687500 0.765625 0.695312 0.753906 0.699219 0.750000 0.726562 0.742188
