0 0.664136 0.398364 0.664059 0.390629 0.676485 0.391352 0.676608 0.387197 0.694669 0.387728 0.703306 0.403372 0.717418 0.407127 0.733157 0.418247 0.747531 0.425896 0.757571 0.440829 0.761338 0.449111 0.774804 0.468148 0.778983 0.475333 0.798308 0.518219 0.801929 0.526388 0.812220 0.539233 0.811927 0.554689 0.816856 0.558628 0.828213 0.562691 0.828209 0.574294 0.820880 0.574114 0.820791 0.578127 0.817288 0.583905 0.816416 0.597588 0.812219 0.597821 0.808766 0.648536 0.804560 0.671011 0.804668 0.675241 0.804547 0.683548 0.812734 0.683926 0.812500 0.699219 0.816406 0.703125 0.820298 0.711163 0.824317 0.726225 0.828183 0.726829 0.828246 0.734242 0.817482 0.734765 0.818618 0.757075 0.819356 0.761227 0.844118 0.839755 0.850889 0.840108 0.851444 0.843868 0.851864 0.859170 0.856052 0.871393 0.855469 0.890625 0.859375 0.894531 0.859257 0.918142 0.859257 0.925982 0.848676 0.925954 0.843750 0.925781 0.820125 0.929557 0.813075 0.934188 0.808700 0.934011 0.808739 0.937440 0.800873 0.937401 0.800612 0.933682 0.796987 0.933257 0.796875 0.925781 0.792969 0.921875 0.777344 0.875000 0.777344 0.871094 0.761719 0.847656 0.757812 0.843750 0.757643 0.836046 0.750317 0.836174 0.750136 0.843600 0.749269 0.851284 0.734650 0.851284 0.726381 0.835570 0.722656 0.824219 0.718053 0.802062 0.709009 0.800489 0.695912 0.784751 0.685353 0.772790 0.664062 0.742188 0.660156 0.738281 0.628759 0.672316 0.625000 0.667969 0.617188 0.597656 0.617188 0.593750 0.622614 0.578426 0.659356 0.519693 0.667660 0.487861 0.671853 0.483965 0.674804 0.482118 0.679688 0.472656 0.683594 0.468750 0.667969 0.398484
0 0.945389 0.261719 0.949119 0.261455 0.949447 0.257908 0.961073 0.258139 0.960938 0.261719 0.965383 0.265933 0.972656 0.289062 0.976732 0.289092 0.978427 0.293480 0.992188 0.308594 0.996094 0.312500 1.000000 0.312494 1.000000 0.664893 0.993787 0.667160 0.984375 0.667969 0.971262 0.676005 0.964900 0.679807 0.894399 0.679820 0.894531 0.675781 0.875000 0.644531 0.871094 0.640625 0.871094 0.593750 0.871094 0.589844 0.863439 0.574619 0.863281 0.554688 0.859375 0.550781 0.859616 0.531067 0.863648 0.523679 0.873574 0.519800 0.882812 0.507812 0.886719 0.503906 0.894531 0.460938 0.898438 0.457031 0.898438 0.421875 0.898438 0.417969 0.869264 0.349486 0.867188 0.344273 0.863063 0.344182 0.863195 0.320951 0.863355 0.316406 0.937977 0.261608
0 0.480469 0.113281 0.496094 0.113281 0.500000 0.113281 0.511719 0.136719 0.517266 0.140625 0.527344 0.250000 0.527546 0.271037 0.515625 0.308594 0.515625 0.312500 0.515739 0.316037 0.496585 0.337077 0.495492 0.339897 0.488281 0.339844 0.472193 0.340175 0.468750 0.335938 0.433594 0.296875 0.429688 0.292969 0.429688 0.277344 0.429688 0.273438 0.437500 0.265625 0.441406 0.261719 0.450056 0.235714 0.453125 0.230469 0.464844 0.167969 0.468750 0.164062 0.468750 0.140625 0.468750 0.136719 0.480469 0.113281
0 1.000000 0.000000 1.000000 0.019531 1.000000 0.019531 0.953125 0.046875 0.949219 0.050781 0.941215 0.054614 0.922048 0.055176 0.921962 0.058483 0.914013 0.058567 0.914122 0.062451 0.898238 0.062517 0.897532 0.058594 0.881726 0.035337 0.878906 0.031250 0.875781 0.000000
0 0.843894 0.000000 0.843771 0.011719 0.832462 0.011884 0.832031 0.015625 0.820155 0.035130 0.812500 0.035156 0.808594 0.035156 0.800741 0.035108 0.800781 0.031250 0.787914 0.000000
0 0.319482 0.722656 0.339844 0.738281 0.343750 0.738281 0.386719 0.781250 0.390625 0.785156 0.398151 0.809093 0.398438 0.816406 0.398438 0.839844 0.398438 0.843750 0.390625 0.855469 0.390625 0.859375 0.390936 0.867202 0.374807 0.867300 0.375017 0.863459 0.370617 0.859394 0.371094 0.855469 0.367188 0.855469 0.306223 0.813578 0.304688 0.808594 0.300781 0.777344 0.303537 0.772839 0.304626 0.742579 0.308832 0.722775
0 0.023554 0.809555 0.023438 0.800781 0.021486 0.785171 0.019638 0.783944 0.019082 0.782119 0.019082 0.777593 0.019789 0.774467 0.019531 0.769531 0.015625 0.765625 0.000000 0.754261 0.000000 0.828347 0.003202 0.828347 0.004179 0.826668 0.004551 0.820493 0.007327 0.820075 0.009546 0.816406 0.011719 0.816406 0.015929 0.812196 0.021177 0.812639 0.022856 0.811663 0.023280 0.810532
0 0.043036 0.713116 0.041904 0.714678 0.039443 0.715274 0.035274 0.719912 0.035001 0.721780 0.033321 0.722756 0.020201 0.723757 0.015486 0.722430 0.008209 0.722430 0.004840 0.721396 0.003621 0.720285 0.000000 0.720486 0.000000 0.666012 0.000394 0.666848 0.001721 0.668009 0.003358 0.668187 0.004238 0.670212 0.010817 0.675969 0.014770 0.676626 0.015569 0.677425 0.015938 0.679613 0.019085 0.679503 0.020062 0.681182 0.019966 0.683594 0.023438 0.683594 0.028854 0.691718 0.034882 0.697746 0.037168 0.697836 0.039692 0.698905 0.041796 0.698754 0.042500 0.699457 0.043310 0.703763 0.043310 0.712139
0 0.337116 0.843357 0.319882 0.843357 0.290880 0.821920 0.224049 0.877403 0.215222 0.878243 0.213541 0.900941 0.205555 0.902202 0.198830 0.964830 0.172354 0.992198 0.169762 0.992690 0.168402 0.994050 0.168072 0.995912 0.166042 0.996191 0.164901 0.997113 0.163765 0.999906 0.163609 1.000000 0.210720 1.000000 0.282145 0.918163 0.282654 0.918530 0.285690 0.914542 0.292325 0.908203 0.296839 0.903142 0.296871 0.902228 0.297924 0.902118 0.304437 0.895435 0.304644 0.890523 0.308834 0.886004 0.309108 0.884746 0.311689 0.883149 0.313266 0.880588 0.316165 0.878461 0.316439 0.876430 0.317689 0.875399 0.320104 0.874850 0.320377 0.872382 0.321190 0.871570 0.327735 0.870859 0.335014 0.865214
0 0.286046 0.217025 0.216239 0.219314 0.151009 0.195282 0.145287 0.187271 0.163597 0.168961 0.148720 0.142640 0.142998 0.110598 0.169319 0.118608 0.201362 0.146073 0.213950 0.134629 0.241415 0.131196 0.332966 0.141496 0.412629 0.166112 0.447661 0.192970 0.431312 0.204063 0.427809 0.216908 0.396864 0.232089 0.374677 0.230337 0.348403 0.225666 0.317458 0.216908
0 0.817286 0.142394 0.835938 0.136719 0.839844 0.140625 0.839844 0.152344 0.839844 0.156250 0.851562 0.179688 0.851562 0.183594 0.851439 0.199474 0.842615 0.202245 0.828002 0.208166 0.820691 0.215099 0.798388 0.216613 0.792969 0.210938 0.773438 0.183594 0.769531 0.179688 0.769531 0.164062 0.769531 0.156296 0.797150 0.149459
0 0.066043 0.027394 0.064911 0.023254 0.059393 0.016579 0.042601 0.008086 0.030248 0.002874 0.019842 0.000000 0.000000 0.000000 0.000000 0.043396 0.003138 0.043396 0.009209 0.041877 0.013761 0.037325 0.014408 0.035088 0.053709 0.035482 0.055320 0.035007 0.057762 0.035675 0.061903 0.034543 0.064911 0.031535
0 0.060557 0.431239 0.058486 0.435588 0.054236 0.439838 0.049395 0.441987 0.046988 0.444394 0.038291 0.447707 0.033528 0.450814 0.026952 0.453662 0.023588 0.456198 0.013235 0.459816 0.008680 0.458683 0.005672 0.455675 0.004125 0.450085 0.004332 0.443872 0.005465 0.439732 0.011165 0.433618 0.015595 0.432295 0.018304 0.429792 0.022032 0.417574 0.024310 0.413432 0.026588 0.410740 0.033530 0.404419 0.039741 0.402458 0.047402 0.404212 0.050509 0.406283 0.058693 0.414054 0.061690 0.422543 0.061690 0.427098
0 0.148861 0.533116 0.138759 0.540750 0.135157 0.545928 0.131016 0.547061 0.126341 0.545928 0.118307 0.536752 0.109488 0.543254 0.094295 0.547239 0.075894 0.544145 0.070212 0.538464 0.060167 0.519171 0.065221 0.496038 0.048621 0.494946 0.043296 0.489621 0.041985 0.484946 0.043118 0.478844 0.049156 0.469776 0.056861 0.467573 0.065815 0.468706 0.071496 0.472216 0.094514 0.474054 0.103761 0.484370 0.111044 0.516787 0.120285 0.513074 0.125806 0.507210 0.137653 0.507210 0.144582 0.512357 0.147613 0.517170 0.149993 0.528975
0 0.412583 0.396446 0.409916 0.386423 0.395655 0.377278 0.366196 0.366682 0.357708 0.368327 0.352398 0.373380 0.352398 0.384986 0.360838 0.402377 0.368809 0.411138 0.374794 0.411766 0.386862 0.425333 0.391003 0.426466 0.398152 0.422325 0.398722 0.416128 0.409916 0.406725 0.411552 0.400215
0 0.741697 0.185138 0.736701 0.190134 0.732178 0.192773 0.728467 0.193788 0.722814 0.193788 0.719103 0.192773 0.711091 0.184761 0.706946 0.177977 0.704307 0.175339 0.702046 0.171193 0.700436 0.169583 0.688515 0.167182 0.676702 0.167182 0.671554 0.166052 0.669742 0.166548 0.659715 0.163539 0.657986 0.164012 0.642156 0.164012 0.635748 0.162882 0.628645 0.160736 0.626761 0.159605 0.624027 0.156870 0.623011 0.152782 0.624027 0.149071 0.627514 0.145961 0.633487 0.144568 0.640400 0.144191 0.647921 0.142688 0.649172 0.139890 0.661378 0.139891 0.670424 0.139137 0.674135 0.138121 0.682284 0.134117 0.691472 0.130960 0.700895 0.126060 0.711071 0.118522 0.716689 0.113281 0.730469 0.113281 0.734375 0.117188 0.733726 0.127568 0.729560 0.133619 0.728052 0.136634 0.726843 0.141314 0.723906 0.147187 0.722891 0.150898 0.723268 0.157305 0.725414 0.164032 0.736440 0.174681 0.742112 0.177019 0.742713 0.181427
0 0.621094 0.984375 0.652344 1.000000 0.656250 1.000000 0.656250 1.000000 0.608941 1.000000 0.621094 0.984375
0 0.542236 0.992367 0.541220 0.988656 0.536688 0.984124 0.532977 0.983108 0.526385 0.983108 0.518479 0.985921 0.512338 0.990264 0.507086 0.992188 0.480469 0.992188 0.453125 1.000000 0.453125 1.000000 0.536506 1.000000 0.538486 0.998812 0.541220 0.996078
0 0.508675 0.958806 0.508675 0.955810 0.507660 0.952099 0.503916 0.946558 0.502866 0.942510 0.501667 0.940713 0.497135 0.936180 0.493539 0.934382 0.489828 0.933366 0.484319 0.934382 0.479525 0.936180 0.477876 0.937829 0.476562 0.937500 0.460938 0.945312 0.460938 0.949219 0.457031 0.960938 0.453125 0.960938 0.425781 0.968750 0.425294 0.973630 0.420195 0.976932 0.413864 0.983262 0.412066 0.986858 0.411051 0.990569 0.411051 0.999559 0.411172 1.000000 0.449899 1.000000 0.457581 0.996415 0.462712 0.991284 0.465110 0.987688 0.465561 0.986037 0.470314 0.983083 0.473441 0.981848 0.488030 0.981849 0.495337 0.979635 0.501667 0.973904 0.504064 0.969709 0.505015 0.965162 0.507660 0.962517
0 0.910156 0.984375 0.906250 0.917969 0.902344 0.914062 0.898438 0.902344 0.894531 0.902344 0.883722 0.900182 0.881021 0.907382 0.879822 0.908581 0.878025 0.913375 0.874429 0.919368 0.860645 0.934350 0.851881 0.946111 0.843750 0.962804 0.843750 0.976562 0.855469 0.988281 0.906250 0.988281
0 0.945312 0.859375 0.941406 0.855469 0.925781 0.804688 0.921875 0.800781 0.906250 0.792969 0.882812 0.808594 0.882812 0.812500 0.879007 0.829626 0.884617 0.838233 0.887430 0.847338 0.888029 0.853536 0.891625 0.870111 0.891625 0.883501 0.893423 0.893483 0.893423 0.901274 0.892865 0.903312 0.914062 0.933594 0.917969 0.929688 0.933594 0.921875 0.933594 0.917969 0.941406 0.906250 0.941406 0.902344
0 0.065445 0.907531 0.062246 0.920746 0.055872 0.926392 0.052161 0.927408 0.047839 0.925781 0.031250 0.925781 0.011719 0.910156 0.007812 0.906250 0.003613 0.895752 0.001630 0.893405 0.000000 0.892443 0.000000 0.874258 0.011756 0.871718 0.019036 0.871718 0.038568 0.874994 0.052525 0.874994 0.058056 0.876373 0.062610 0.880200 0.065158 0.885296 0.066174 0.889007 0.065818 0.899405 0.066406 0.906250
0 0.339844 0.964844 0.339844 0.945312 0.328125 0.933594 0.324219 0.933594 0.289062 0.917969 0.253906 0.945312 0.253906 0.949219 0.238281 0.976774 0.233663 0.981393 0.231236 0.985639 0.230220 0.989350 0.231236 0.994881 0.232449 0.997308 0.235141 1.000000 0.260522 1.000000 0.260963 0.998379 0.263390 0.994133 0.267338 0.990185 0.272868 0.988563 0.290569 0.989170 0.300781 0.988281 0.302782 0.986281 0.318440 0.983055 0.323900 0.980629 0.326933 0.978202 0.338121 0.965801
0 0.470462 0.725653 0.465933 0.721373 0.466366 0.719793 0.465350 0.716082 0.462616 0.713348 0.458905 0.712332 0.455194 0.713348 0.452459 0.716082 0.452096 0.717409 0.449783 0.717409 0.446943 0.721792 0.434363 0.735656 0.430511 0.738653 0.424414 0.741562 0.424843 0.752755 0.423866 0.756903 0.427493 0.756903 0.431400 0.760809 0.462650 0.760809 0.466556 0.756903
0 0.281250 0.804688 0.277344 0.800781 0.273616 0.791462 0.273616 0.787977 0.272085 0.783234 0.269350 0.780500 0.266771 0.778952 0.261903 0.777528 0.257812 0.773438 0.210938 0.773438 0.210057 0.778720 0.206575 0.782203 0.202980 0.792620 0.202980 0.798295 0.203995 0.802005 0.206730 0.804740 0.212504 0.806787 0.215084 0.806787 0.220342 0.805256 0.223854 0.803220 0.226011 0.803903 0.229273 0.811807 0.232523 0.815057 0.233944 0.815446 0.236135 0.817637 0.238198 0.818669 0.245004 0.820716 0.248715 0.819700 0.249490 0.818925 0.257812 0.820312 0.261719 0.816406 0.269531 0.816406
0 0.218750 0.867188 0.218750 0.863281 0.213467 0.833645 0.208512 0.829134 0.204682 0.828118 0.195312 0.816406 0.175781 0.816406 0.172543 0.818349 0.168831 0.818348 0.163344 0.819808 0.160236 0.822029 0.154837 0.827871 0.152045 0.837800 0.152045 0.840464 0.153121 0.844548 0.152344 0.847656 0.156250 0.851562 0.163788 0.855791 0.179688 0.863281 0.183594 0.867188 0.191406 0.882812 0.195312 0.886719 0.201781 0.891031 0.202796 0.895687 0.205531 0.898421 0.209242 0.899437 0.212953 0.898421 0.215687 0.895687 0.216703 0.891976 0.215814 0.884136 0.215689 0.873310
0 0.507262 0.476914 0.506247 0.473203 0.503512 0.470469 0.499802 0.469453 0.488281 0.468750 0.460938 0.464844 0.459334 0.465846 0.454525 0.471070 0.445179 0.483291 0.437099 0.485632 0.432080 0.490443 0.431664 0.491482 0.430649 0.496647 0.431872 0.500773 0.435022 0.504131 0.438733 0.505146 0.446418 0.505146 0.452340 0.503906 0.476562 0.503906 0.480469 0.500000 0.492188 0.492188 0.492188 0.488586 0.496866 0.487721 0.503305 0.483567 0.506247 0.480625
0 0.964844 0.150208 0.964844 0.128906 0.945312 0.109375 0.941406 0.109375 0.929688 0.105469 0.910156 0.109375 0.906250 0.113281 0.894531 0.128906 0.894531 0.148438 0.895780 0.149686 0.900007 0.150560 0.904451 0.155432 0.906161 0.158853 0.910170 0.171999 0.912308 0.176543 0.913982 0.178341 0.930636 0.171082 0.938332 0.166379 0.943035 0.164669 0.954151 0.158256 0.963557 0.150560
0 0.026907 0.271098 0.023734 0.274709 0.016724 0.279967 0.014095 0.281282 0.004894 0.290045 0.000000 0.291505 0.000000 0.238281 0.000000 0.238281 0.001700 0.240548 0.002936 0.240210 0.007961 0.241664 0.009110 0.242813 0.015848 0.246045 0.023840 0.254475 0.026907 0.261924 0.027923 0.267387
0 0.106580 0.247232 0.104979 0.253287 0.099250 0.259016 0.097340 0.259611 0.096183 0.260768 0.087499 0.263247 0.085309 0.263247 0.075231 0.260251 0.069097 0.261933 0.058143 0.262809 0.050256 0.262809 0.043784 0.261495 0.040179 0.261495 0.029743 0.258578 0.027552 0.257263 0.022699 0.251973 0.021097 0.244604 0.022699 0.238549 0.028428 0.232820 0.033963 0.230272 0.039438 0.221372 0.040376 0.218093 0.039500 0.207798 0.041978 0.199115 0.044607 0.194733 0.051212 0.188129 0.057784 0.184185 0.066906 0.181706 0.075231 0.181268 0.081286 0.182871 0.082241 0.183827 0.084074 0.182432 0.090129 0.180831 0.096183 0.182432 0.100597 0.186846 0.102199 0.192901 0.100597 0.198956 0.097284 0.202707 0.095627 0.207068 0.094751 0.211642 0.095189 0.220505 0.094751 0.222625 0.102788 0.231538 0.106581 0.243727 0.106581 0.247232
0 0.220300 0.284906 0.215980 0.289226 0.216685 0.291891 0.215084 0.297946 0.210670 0.302360 0.203870 0.304336 0.161768 0.303589 0.155062 0.304708 0.122647 0.304336 0.115475 0.302360 0.111061 0.297946 0.109459 0.291891 0.111061 0.285837 0.115475 0.281423 0.119465 0.279507 0.121493 0.271306 0.124846 0.265345 0.131123 0.259441 0.137178 0.257838 0.139786 0.257838 0.149100 0.259702 0.176318 0.258956 0.179186 0.256088 0.185241 0.254485 0.187849 0.254485 0.195394 0.256832 0.200553 0.261992 0.202214 0.267712 0.205733 0.266780 0.209831 0.266780 0.215886 0.268382 0.220300 0.272796 0.221902 0.278851
0 0.054864 0.941025 0.052130 0.943759 0.044500 0.945904 0.033419 0.952447 0.029708 0.953463 0.026366 0.952731 0.023559 0.953619 0.021390 0.955788 0.017380 0.957793 0.007655 0.960813 0.004237 0.960244 0.002068 0.960999 0.006880 0.966825 0.014100 0.973699 0.015272 0.976876 0.018110 0.980382 0.019125 0.984093 0.018110 0.987804 0.015375 0.990538 0.011664 0.991554 0.006617 0.989870 0.003214 0.986467 0.001374 0.981954 0.000000 0.980580 0.000000 0.942089 0.003979 0.942888 0.005420 0.942493 0.008205 0.941309 0.010627 0.938888 0.014888 0.936631 0.016641 0.934878 0.022655 0.932873 0.027333 0.928196 0.031044 0.927180 0.038395 0.927180 0.052130 0.930869 0.054864 0.933603 0.055880 0.937314
0 0.168470 0.994486 0.165736 0.997221 0.161699 1.000000 0.117472 1.000000 0.114980 0.993314 0.106127 0.981789 0.105112 0.977410 0.106127 0.973699 0.108862 0.970965 0.112573 0.969949 0.117919 0.970617 0.127644 0.974306 0.132322 0.977647 0.134327 0.978316 0.137416 0.981405 0.139073 0.981978 0.156679 0.981310 0.165736 0.983662 0.168470 0.986396 0.169486 0.990775
0 0.105332 0.996121 0.105332 0.990775 0.102980 0.981718 0.101643 0.979045 0.092895 0.970965 0.086511 0.968613 0.082943 0.968613 0.083279 0.964045 0.082263 0.960334 0.081595 0.958997 0.074851 0.952253 0.070842 0.950248 0.067131 0.949233 0.064457 0.949233 0.060746 0.950248 0.058012 0.952983 0.056996 0.956694 0.056996 0.963377 0.058680 0.970429 0.059765 0.971513 0.063359 0.979116 0.067281 0.983039 0.067689 0.984531 0.067026 1.000000 0.104223 1.000000 0.104316 0.999832
0 0.408522 0.992132 0.407507 0.986695 0.405781 0.983243 0.403046 0.980509 0.398803 0.979142 0.396442 0.977355 0.396442 0.971087 0.398438 0.953125 0.394531 0.949219 0.394531 0.937500 0.390625 0.933594 0.382812 0.933594 0.360528 0.947521 0.355932 0.948295 0.351562 0.953125 0.351562 0.954876 0.349171 0.958508 0.348156 0.962219 0.348156 0.973148 0.349171 0.976859 0.352481 0.980169 0.361685 0.985921 0.367437 0.990523 0.377217 0.995125 0.390099 1.000000 0.402493 1.000000 0.403622 0.999727 0.407507 0.995843
0 0.658705 0.992627 0.658705 0.975157 0.657689 0.971446 0.649786 0.958552 0.644795 0.945658 0.642715 0.942330 0.638732 0.938348 0.633325 0.935436 0.628876 0.933995 0.621679 0.930029 0.615855 0.925869 0.612944 0.924621 0.594015 0.919837 0.594880 0.918971 0.595896 0.915261 0.594880 0.911550 0.592146 0.908815 0.588435 0.907800 0.584724 0.908815 0.582229 0.910895 0.578901 0.912559 0.575751 0.915709 0.574735 0.920252 0.576167 0.925211 0.578608 0.928068 0.579494 0.930618 0.583893 0.935432 0.593011 0.938528 0.603346 0.938943 0.614452 0.972261 0.613186 0.973526 0.612171 0.977237 0.613186 0.980948 0.615921 0.983682 0.637966 0.992834 0.646285 0.999073 0.650813 1.000000 0.651566 1.000000 0.654955 0.999073 0.657689 0.996338
0 0.092754 0.341921 0.090042 0.332272 0.075430 0.317661 0.066099 0.312571 0.054753 0.309859 0.041179 0.309859 0.028137 0.312571 0.014374 0.320395 0.014374 0.329514 0.025591 0.339883 0.057829 0.353457 0.065781 0.355321 0.076810 0.354472 0.088155 0.349215 0.091738 0.345632
0 0.315545 0.356516 0.315545 0.342810 0.313807 0.337656 0.311073 0.334922 0.307362 0.333906 0.303651 0.334922 0.300917 0.337656 0.300175 0.339895 0.293738 0.336685 0.288711 0.330594 0.282114 0.328136 0.269129 0.328136 0.264057 0.329206 0.260138 0.329205 0.251211 0.332308 0.244304 0.339215 0.243261 0.341823 0.241696 0.343388 0.239610 0.349126 0.238072 0.355445 0.238072 0.362747 0.240131 0.369066 0.245474 0.373887 0.253879 0.376468 0.266965 0.376962 0.275004 0.374504 0.278317 0.371912 0.282939 0.370897 0.285281 0.369276 0.289281 0.367726 0.300148 0.367584 0.308909 0.365126 0.314529 0.360227
0 0.171875 0.074219 0.230469 0.089844 0.234375 0.089844 0.238281 0.093750 0.242188 0.097656 0.242188 0.113281 0.242188 0.117188 0.222656 0.125000 0.218750 0.128906 0.195312 0.128906 0.191406 0.128906 0.156250 0.109375 0.152344 0.109375 0.144531 0.093750 0.144531 0.089844 0.171875 0.074219
0 0.375000 0.050781 0.375000 0.046875 0.367188 0.027344 0.363281 0.027344 0.347656 0.023438 0.335938 0.035156 0.335938 0.039062 0.339844 0.058594 0.342753 0.058594 0.345125 0.060325 0.348836 0.061340 0.355571 0.061020 0.361848 0.058721 0.367621 0.054872 0.370617 0.051877
0 0.761719 0.007812 0.761719 0.003906 0.761009 0.000000 0.725781 0.000000 0.753906 0.011719 0.757812 0.011719
0 1.000000 0.067708 0.986561 0.062109 0.991645 0.057517 0.993247 0.051462 0.991645 0.045407 0.987231 0.040993 0.981177 0.039391 0.978095 0.039391 0.972040 0.040993 0.960225 0.045617 0.950979 0.052295 0.942968 0.060818 0.940852 0.067900 0.940852 0.071496 0.942968 0.079092 0.946007 0.083158 0.945312 0.085938 0.980773 0.121005 0.984882 0.123060 0.994532 0.125690 0.999128 0.125153 0.999988 0.128406 1.000000 0.128418
0 0.454260 0.522502 0.453245 0.518791 0.450510 0.516057 0.445745 0.515195 0.443371 0.509905 0.440637 0.507171 0.435445 0.505662 0.430242 0.507143 0.427308 0.504703 0.422116 0.503687 0.415937 0.505196 0.412975 0.506677 0.399338 0.521301 0.396191 0.522968 0.390494 0.528664 0.389479 0.532375 0.389479 0.535831 0.394443 0.551884 0.396912 0.554352 0.397899 0.556820 0.400633 0.559555 0.404344 0.560570 0.408055 0.559555 0.411777 0.555833 0.412048 0.554843 0.414966 0.553631 0.418236 0.550361 0.429776 0.541289 0.439464 0.535058 0.447548 0.530922 0.453245 0.526213
0 0.247840 0.227020 0.231700 0.239125 0.229010 0.247195 0.235735 0.282165 0.253220 0.278130 0.257255 0.270060 0.258600 0.248540
0 0.317780 0.124800 0.337955 0.127490 0.360820 0.100591 0.372925 0.100591 0.372925 0.088486 0.346025 0.079071 0.333920 0.077725 0.331230 0.092521 0.328539 0.095211 0.323160 0.108661
0 0.628474 0.119420 0.680929 0.123455 0.678239 0.111350 0.683619 0.088486 0.682274 0.077725 0.649994 0.076380 0.635199 0.095211
0 0.752214 0.124800 0.737419 0.139595 0.732039 0.149011 0.742798 0.167840 0.754904 0.170530 0.760284 0.167840 0.764318 0.139595
0 0.750869 0.022581 0.758939 0.041411 0.824843 0.054861 0.827533 0.040066 0.823498 0.033341 0.799288 0.033341 0.793909 0.010476 0.780459 0.011821
0 0.091820 0.060241 0.087785 0.071000 0.087785 0.101936 0.098545 0.123455 0.124100 0.127490 0.125445 0.105970 0.124100 0.103280 0.124100 0.079071 0.111995 0.064275
0 0.035330 0.089830 0.055505 0.084450 0.059540 0.076380 0.043400 0.073691 0.028605 0.062930 0.028605 0.048136 0.000000 0.044321 0.000000 0.059358 0.005741 0.060241 0.016500 0.080416
0 0.102580 0.708529 0.155035 0.731394 0.180590 0.750224 0.160415 0.711219 0.145620 0.687009 0.142930 0.687009 0.091820 0.638589 0.072990 0.634554 0.089130 0.666834 0.082405 0.664144 0.097200 0.689699
0 0.570639 0.805369 0.562569 0.799989 0.531634 0.797299 0.530289 0.830924 0.539704 0.853789 0.554499 0.855134 0.561224 0.844374 0.559879 0.834959 0.569294 0.818819
0 0.580054 0.598239 0.554499 0.614379 0.551809 0.614379 0.565259 0.638589 0.593504 0.660109 0.586779 0.630519 0.586779 0.614379 0.584089 0.614379
0 0.714554 0.834959 0.691689 0.830924 0.674204 0.841684 0.667479 0.848409 0.683619 0.865894 0.705139 0.872619 0.719934 0.869929 0.733384 0.860514 0.729349 0.848409
0 0.445554 0.695079 0.440174 0.692389 0.444209 0.685664 0.442864 0.673559 0.425379 0.676249 0.419999 0.681629 0.430759 0.687009 0.409239 0.689699 0.424034 0.715254 0.438829 0.732739 0.452279 0.712564 0.463039 0.705839
0 0.566604 0.674904 0.555844 0.677594 0.551809 0.670869 0.543739 0.668179 0.531634 0.669524 0.516839 0.676249 0.515494 0.681629 0.530289 0.687009 0.537014 0.700459 0.532979 0.719289 0.537014 0.734084 0.543739 0.744844 0.551809 0.739464 0.554499 0.746189 0.534324 0.758294 0.538359 0.771744 0.537014 0.789229 0.541049 0.795954 0.576019 0.797299 0.589469 0.795954 0.586779 0.778469 0.578709 0.778469 0.576019 0.752914 0.590814 0.756949 0.592159 0.747534 0.588124 0.740809 0.592159 0.728704 0.588124 0.720634 0.577364 0.713909 0.569294 0.700459 0.576019 0.689699
0 0.850398 0.365555 0.832913 0.401870 0.835604 0.409940 0.857123 0.408595 0.878643 0.384385
0 0.882678 0.399180 0.869228 0.409940 0.832913 0.431460 0.853088 0.443564 0.893438 0.426080 0.896128 0.415320 0.896128 0.404560
0 0.830223 0.639934 0.831568 0.660109 0.819463 0.682974 0.819463 0.688354 0.827533 0.696424 0.840983 0.689699 0.842329 0.687009 0.862503 0.673559 0.863848 0.660109 0.850398 0.646659
0 0.757594 0.976183 0.742798 0.976183 0.729349 0.996358 0.731491 1.000000 0.762054 1.000000 0.772389 0.997703 0.777768 0.992323
0 0.706484 0.951973 0.764318 0.954663 0.767009 0.953318 0.757594 0.934488 0.729349 0.915659 0.717244 0.910279 0.701104 0.910279 0.703794 0.935834 0.714554 0.942558
0 0.594849 0.853789 0.578709 0.865894 0.577364 0.902209 0.594849 0.903554 0.594849 0.895484 0.602919 0.895484 0.606954 0.883379 0.613679 0.879343 0.616369 0.873964 0.604264 0.861859
