0 0.828125 0.992188 0.843750 0.992188 0.847656 0.992188 0.863281 1.000000 0.863281 1.000000 0.921875 1.000000 0.921875 1.000000 0.925781 1.000000 0.925781 1.000000 0.820312 1.000000 0.828125 0.992188
0 0.457031 0.167969 0.468750 0.179688 0.472656 0.183594 0.484375 0.261719 0.488281 0.265625 0.484375 0.281250 0.480469 0.285156 0.476562 0.281250 0.472656 0.281250 0.460938 0.257812 0.457031 0.253906 0.449219 0.218750 0.445312 0.214844 0.445312 0.187500 0.445312 0.183594 0.457031 0.167969
0 0.660156 0.468750 0.675781 0.472656 0.679688 0.476562 0.679688 0.507812 0.675781 0.511719 0.648438 0.507812 0.644531 0.503906 0.644531 0.488281 0.644531 0.484375 0.660156 0.468750
0 0.214844 0.574219 0.234375 0.578125 0.238281 0.582031 0.238281 0.605469 0.238281 0.609375 0.195312 0.609375 0.191406 0.609375 0.191406 0.597656 0.191406 0.593750 0.214844 0.574219
0 0.040753 0.140690 0.027165 0.136161 0.021730 0.132537 0.019013 0.126196 0.019013 0.111703 0.024448 0.111703 0.037129 0.118044 0.041659 0.133443
0 0.027165 0.151560 0.019013 0.149748 0.016295 0.147030 0.015389 0.137066 0.018107 0.132537 0.028071 0.135255 0.028977 0.144313
0 0.182968 0.260259 0.172098 0.261165 0.154887 0.253012 0.151264 0.243048 0.157604 0.236707 0.171192 0.229461 0.192932 0.228555 0.192932 0.244860 0.186591 0.253918
0 0.305254 0.152466 0.290761 0.148842 0.288949 0.147030 0.288949 0.138878 0.296196 0.128914 0.310689 0.124385 0.316124 0.124385 0.322465 0.129820 0.323371 0.145219 0.317936 0.153371 0.312501 0.153371
0 0.439317 0.314609 0.429353 0.319138 0.417577 0.319138 0.414859 0.318232 0.414859 0.307362 0.419388 0.301927 0.427541 0.296492 0.437505 0.295586 0.441129 0.292869 0.446563 0.292869 0.447469 0.295586 0.446563 0.313703
0 0.625011 0.422402 0.617765 0.419685 0.615047 0.413344 0.615047 0.407909 0.627729 0.399756 0.630446 0.399756 0.637693 0.405191 0.637693 0.414250 0.633164 0.418779
0 0.492761 0.531101 0.478267 0.527478 0.471021 0.522949 0.476455 0.510267 0.484608 0.504832 0.500913 0.505738 0.504536 0.509361 0.508159 0.515702 0.508159 0.519326 0.505442 0.525666 0.502725 0.525666 0.500007 0.528384
0 0.409424 0.536536 0.400366 0.537442 0.388590 0.532007 0.384967 0.528384 0.386779 0.514796 0.394025 0.505738 0.404895 0.506644 0.413048 0.514796 0.413954 0.529290
0 0.413048 0.501209 0.407613 0.489433 0.408588 0.481141 0.414859 0.475846 0.425729 0.475846 0.429353 0.478563 0.432070 0.483998 0.432070 0.495774 0.427541 0.501209 0.421200 0.503021
0 0.751919 0.281017 0.742750 0.272764 0.738164 0.270930 0.735414 0.266346 0.734497 0.255342 0.739998 0.244338 0.749168 0.243421 0.757421 0.248006 0.762923 0.259010 0.764757 0.269096 0.764757 0.274598 0.759255 0.277349
0 0.824361 0.067361 0.819776 0.060943 0.822527 0.055441 0.831696 0.053607 0.841783 0.055441 0.844534 0.062777 0.844534 0.071029 0.830779 0.071029
0 0.904410 0.412379 0.892194 0.415198 0.888435 0.414259 0.884677 0.409560 0.885616 0.392646 0.894073 0.392646 0.899712 0.395465 0.904410 0.403922
0 0.906289 0.612534 0.903470 0.601257 0.896893 0.595619 0.896893 0.591861 0.899712 0.587162 0.907229 0.582464 0.912867 0.582464 0.912867 0.606896
0 0.601049 0.837184 0.595456 0.832390 0.593059 0.825198 0.588264 0.820404 0.589063 0.812413 0.595456 0.806820 0.609839 0.806820 0.619428 0.810815 0.628217 0.825997 0.625820 0.828395 0.607442 0.833988
0 0.535527 0.756479 0.518746 0.757279 0.517148 0.753283 0.517947 0.737302 0.526737 0.728512 0.531531 0.728512 0.532576 0.731123 0.534727 0.748489
0 0.543517 0.686162 0.541919 0.674176 0.543517 0.667784 0.556302 0.667784 0.557101 0.677373 0.549909 0.684564
0 0.024929 0.937066 0.046503 0.916291 0.055293 0.910698 0.048101 0.905903 0.043307 0.896314 0.040909 0.895515 0.020134 0.897114 0.012943 0.906702 0.011345 0.918688 0.013741 0.929875 0.017737 0.935468
0 0.696137 0.829993 0.685749 0.824399 0.685749 0.817208 0.692941 0.810815 0.708922 0.810815 0.711319 0.812413 0.711319 0.820404 0.706525 0.822002 0.702530 0.825997 0.702530 0.828395
0 0.709721 0.611051 0.696936 0.609453 0.690544 0.604658 0.689745 0.599864 0.692142 0.595070 0.698534 0.592672 0.708123 0.597467 0.710520 0.603859
0 0.981401 0.800427 0.975807 0.795633 0.975807 0.788442 0.994985 0.787643 1.000000 0.794807 1.000000 0.808495 0.988593 0.810016 0.986994 0.803624
0 0.093246 0.757278 0.084579 0.753812 0.083423 0.752078 0.082846 0.747456 0.087468 0.747456 0.092668 0.745723 0.094979 0.745723 0.097290 0.744567 0.099023 0.739945 0.106535 0.739945 0.108846 0.740523 0.116357 0.745145 0.117513 0.750345 0.116357 0.752078 0.105379 0.759589 0.100179 0.761323 0.095557 0.761323
0 0.174713 0.816790 0.175868 0.811012 0.178757 0.807545 0.181069 0.806968 0.181069 0.798879 0.182802 0.797723 0.187424 0.797723 0.189735 0.798879 0.194935 0.805812 0.200713 0.815634 0.198980 0.816790 0.196669 0.816790 0.194935 0.817945 0.189735 0.818523 0.179913 0.818523 0.170091 0.816212
0 0.129646 0.786745 0.127335 0.782701 0.126757 0.777501 0.126757 0.770567 0.128491 0.766523 0.140046 0.766523 0.144668 0.768834 0.149291 0.774612 0.148713 0.779234 0.147557 0.780967 0.136002 0.786167
0 0.294891 0.830657 0.298936 0.827768 0.299514 0.820257 0.301825 0.816212 0.302403 0.812745 0.304136 0.811012 0.304136 0.808123 0.306727 0.804097 0.308180 0.799456 0.309336 0.797723 0.312803 0.795412 0.315114 0.794834 0.319158 0.797145 0.321470 0.801768 0.322047 0.804656 0.322047 0.811590 0.320314 0.816212 0.316270 0.817945 0.315114 0.820257 0.314536 0.829501 0.312803 0.830657 0.311070 0.835857 0.309914 0.837590 0.308180 0.838745 0.303558 0.839323 0.301247 0.838745 0.297203 0.835279
0 0.174367 0.986434 0.170273 0.992166 0.162903 0.992166 0.155534 0.986434 0.150620 0.974970 0.155534 0.970057 0.173548 0.968419 0.176824 0.978245
0 0.194020 0.963506 0.181737 0.947948 0.180099 0.939759 0.186650 0.934027 0.191563 0.934027 0.195657 0.941397 0.197295 0.956136
0 0.350373 0.958645 0.343742 0.956987 0.337111 0.951184 0.336282 0.941237 0.341255 0.936263 0.351202 0.937921 0.355347 0.942895 0.355347 0.952013
0 0.582909 0.834274 0.571575 0.831786 0.569916 0.830680 0.567981 0.824599 0.567981 0.822387 0.570193 0.819070 0.574616 0.818240 0.581804 0.818240 0.585674 0.819346 0.587056 0.821005 0.588438 0.827363 0.585121 0.832892
0 0.532414 0.691794 0.528216 0.693193 0.523086 0.690395 0.521686 0.686197 0.522153 0.683865 0.525884 0.678734 0.535679 0.679201 0.539876 0.683398 0.539410 0.685730 0.536611 0.689928
0 0.866778 0.879586 0.859418 0.877579 0.857410 0.872894 0.857410 0.862188 0.852726 0.859511 0.851388 0.857504 0.847373 0.855496 0.847373 0.846797 0.848042 0.844790 0.850049 0.843452 0.852726 0.842782 0.854734 0.840775 0.858748 0.840775 0.860756 0.841444 0.868116 0.847466 0.871462 0.856166 0.877485 0.860850 0.879492 0.861519 0.880161 0.865534 0.878823 0.869548 0.876816 0.871556 0.874139 0.876240 0.872131 0.876240
