0 0.890625 0.031250 0.933594 0.042969 0.937500 0.046875 0.992188 0.039062 0.996094 0.039062 0.996094 0.480469 0.996094 0.484375 0.988281 0.480469 0.984375 0.476562 0.972656 0.449219 0.972656 0.445312 0.957031 0.425781 0.953125 0.421875 0.902344 0.386719 0.898438 0.386719 0.878906 0.367188 0.875000 0.363281 0.839844 0.359375 0.835938 0.359375 0.781250 0.304688 0.777344 0.304688 0.757812 0.246094 0.753906 0.242188 0.753906 0.226562 0.753906 0.222656 0.761719 0.207031 0.761719 0.203125 0.785156 0.183594 0.789062 0.179688 0.796875 0.164062 0.800781 0.160156 0.800781 0.140625 0.800781 0.136719 0.812500 0.109375 0.812500 0.105469 0.847656 0.062500 0.851562 0.058594 0.890625 0.031250
0 0.695312 0.351562 0.750000 0.355469 0.753906 0.355469 0.804688 0.378906 0.808594 0.382812 0.828125 0.382812 0.832031 0.378906 0.847656 0.386719 0.851562 0.390625 0.882812 0.394531 0.886719 0.394531 0.902344 0.402344 0.906250 0.402344 0.957031 0.441406 0.960938 0.445312 0.964844 0.468750 0.964844 0.472656 0.976562 0.496094 0.980469 0.500000 0.980469 0.542969 0.980469 0.546875 0.933594 0.566406 0.929688 0.570312 0.906250 0.570312 0.902344 0.570312 0.886719 0.562500 0.882812 0.558594 0.871094 0.558594 0.867188 0.558594 0.812500 0.585938 0.808594 0.585938 0.761719 0.566406 0.757812 0.562500 0.699219 0.554688 0.695312 0.554688 0.671875 0.531250 0.667969 0.527344 0.625000 0.511719 0.621094 0.511719 0.593750 0.476562 0.589844 0.472656 0.601562 0.398438 0.601562 0.394531 0.609375 0.386719 0.613281 0.382812 0.695312 0.351562
0 0.777344 0.812500 0.812500 0.812500 0.816406 0.812500 0.855469 0.824219 0.859375 0.828125 0.894531 0.832031 0.898438 0.832031 0.910156 0.839844 0.914062 0.843750 0.914062 0.851562 0.917969 0.855469 0.910156 0.878906 0.910156 0.882812 0.898438 0.890625 0.894531 0.890625 0.867188 0.921875 0.863281 0.925781 0.851562 0.929688 0.847656 0.929688 0.832031 0.960938 0.832031 0.964844 0.816406 0.972656 0.812500 0.976562 0.785156 0.972656 0.781250 0.972656 0.761719 0.941406 0.757812 0.937500 0.753906 0.839844 0.753906 0.835938 0.777344 0.812500
0 0.281250 0.890625 0.304688 0.898438 0.308594 0.898438 0.332031 0.933594 0.335938 0.937500 0.335938 0.953125 0.335938 0.957031 0.300781 0.988281 0.296875 0.992188 0.269531 1.000000 0.269531 1.000000 0.219727 1.000000 0.187500 0.988281 0.183594 0.988281 0.164062 0.972656 0.160156 0.968750 0.152344 0.937500 0.152344 0.933594 0.175781 0.902344 0.179688 0.898438 0.250000 0.898438 0.253906 0.898438 0.281250 0.890625
0 0.027344 0.121094 0.050781 0.121094 0.054688 0.121094 0.054688 0.136719 0.054688 0.140625 0.042969 0.160156 0.042969 0.164062 0.000000 0.198768 0.000000 0.131348 0.027344 0.121094
0 0.066406 0.183594 0.117188 0.207031 0.121094 0.210938 0.097656 0.261719 0.097656 0.265625 0.078125 0.277344 0.074219 0.281250 0.062500 0.281250 0.058594 0.281250 0.046875 0.273438 0.042969 0.273438 0.035156 0.257812 0.031250 0.253906 0.035156 0.214844 0.035156 0.210938 0.066406 0.183594
0 0.337891 0.000000 0.339844 0.019531 0.339844 0.023438 0.312500 0.062500 0.308594 0.066406 0.289062 0.062500 0.285156 0.062500 0.277344 0.054688 0.273438 0.054688 0.253906 0.035156 0.250000 0.031250 0.250000 0.019531 0.246094 0.015625 0.244141 0.000000
0 0.378906 0.007812 0.398438 0.011719 0.402344 0.011719 0.421875 0.027344 0.425781 0.031250 0.425781 0.046875 0.425781 0.050781 0.414062 0.070312 0.414062 0.074219 0.406250 0.082031 0.402344 0.085938 0.386719 0.085938 0.382812 0.085938 0.343750 0.121094 0.339844 0.125000 0.328125 0.128906 0.324219 0.132812 0.308594 0.128906 0.304688 0.128906 0.300781 0.125000 0.296875 0.121094 0.300781 0.089844 0.300781 0.085938 0.347656 0.031250 0.347656 0.027344 0.378906 0.007812
0 0.308594 0.406250 0.328125 0.406250 0.332031 0.406250 0.343750 0.414062 0.347656 0.417969 0.351562 0.464844 0.351562 0.468750 0.316406 0.511719 0.312500 0.515625 0.300781 0.539062 0.300781 0.542969 0.285156 0.550781 0.281250 0.554688 0.265625 0.554688 0.261719 0.554688 0.234375 0.535156 0.230469 0.531250 0.203125 0.527344 0.199219 0.527344 0.183594 0.507812 0.179688 0.503906 0.179688 0.480469 0.179688 0.476562 0.195312 0.460938 0.199219 0.457031 0.238281 0.464844 0.242188 0.468750 0.281250 0.468750 0.285156 0.468750 0.296875 0.457031 0.300781 0.453125 0.296875 0.425781 0.296875 0.421875 0.308594 0.406250
0 0.464844 0.953125 0.480469 0.953125 0.484375 0.953125 0.500000 0.968750 0.503906 0.972656 0.542969 0.996094 0.546875 0.996094 0.550000 1.000000 0.449219 1.000000 0.449219 0.980469 0.449219 0.976562 0.464844 0.953125
0 0.140625 0.078125 0.171875 0.078125 0.175781 0.078125 0.214844 0.097656 0.218750 0.101562 0.218750 0.117188 0.218750 0.121094 0.203125 0.152344 0.203125 0.156250 0.175781 0.183594 0.171875 0.187500 0.144531 0.179688 0.140625 0.179688 0.125000 0.160156 0.121094 0.156250 0.117188 0.117188 0.117188 0.113281 0.121094 0.101562 0.121094 0.097656 0.140625 0.078125
0 0.242188 0.214844 0.269531 0.222656 0.273438 0.222656 0.312500 0.257812 0.316406 0.261719 0.312500 0.351562 0.312500 0.355469 0.300781 0.371094 0.296875 0.375000 0.281250 0.375000 0.277344 0.375000 0.261719 0.363281 0.257812 0.359375 0.261719 0.324219 0.261719 0.320312 0.246094 0.273438 0.242188 0.269531 0.242188 0.214844
