0 0.355469 0.414062 0.417969 0.425781 0.421875 0.429688 0.464844 0.429688 0.468750 0.429688 0.511719 0.453125 0.515625 0.453125 0.523438 0.472656 0.527344 0.476562 0.527344 0.492188 0.531250 0.496094 0.531250 0.531250 0.531250 0.535156 0.523438 0.546875 0.523438 0.550781 0.496094 0.574219 0.492188 0.578125 0.468750 0.578125 0.464844 0.578125 0.457031 0.574219 0.453125 0.570312 0.437500 0.539062 0.433594 0.535156 0.398438 0.523438 0.394531 0.519531 0.371094 0.523438 0.367188 0.523438 0.281250 0.558594 0.277344 0.562500 0.265625 0.562500 0.261719 0.562500 0.226562 0.539062 0.222656 0.539062 0.214844 0.488281 0.214844 0.484375 0.230469 0.460938 0.234375 0.457031 0.257812 0.449219 0.261719 0.445312 0.296875 0.441406 0.300781 0.441406 0.355469 0.414062
0 0.375000 0.519531 0.394531 0.519531 0.398438 0.519531 0.425781 0.535156 0.429688 0.535156 0.460938 0.578125 0.464844 0.582031 0.484375 0.585938 0.488281 0.585938 0.511719 0.605469 0.515625 0.609375 0.523438 0.625000 0.527344 0.628906 0.535156 0.652344 0.539062 0.656250 0.546875 0.730469 0.546875 0.734375 0.574219 0.773438 0.574219 0.777344 0.605469 0.808594 0.609375 0.812500 0.625000 0.859375 0.628906 0.863281 0.628906 0.878906 0.628906 0.882812 0.617188 0.910156 0.617188 0.914062 0.628906 0.960938 0.632812 0.964844 0.632812 0.988281 0.632812 0.992188 0.628906 1.000000 0.628906 1.000000 0.595573 1.000000 0.531250 0.949219 0.527344 0.949219 0.496094 0.917969 0.492188 0.914062 0.472656 0.910156 0.468750 0.910156 0.457031 0.917969 0.453125 0.917969 0.429688 0.941406 0.425781 0.945312 0.417969 0.984375 0.417969 0.988281 0.411272 1.000000 0.042969 1.000000 0.042969 0.968750 0.042969 0.964844 0.054688 0.937500 0.058594 0.933594 0.085938 0.839844 0.085938 0.835938 0.097656 0.816406 0.097656 0.812500 0.121094 0.785156 0.125000 0.781250 0.195312 0.667969 0.199219 0.664062 0.203125 0.632812 0.203125 0.628906 0.183594 0.597656 0.179688 0.593750 0.183594 0.578125 0.183594 0.574219 0.210938 0.554688 0.214844 0.550781 0.234375 0.550781 0.238281 0.550781 0.253906 0.562500 0.257812 0.566406 0.273438 0.566406 0.277344 0.566406 0.308594 0.550781 0.312500 0.546875 0.351562 0.535156 0.355469 0.535156 0.375000 0.519531
0 0.101562 0.269531 0.121094 0.269531 0.125000 0.269531 0.136719 0.277344 0.140625 0.281250 0.187500 0.355469 0.191406 0.359375 0.191406 0.367188 0.195312 0.371094 0.191406 0.449219 0.191406 0.453125 0.160156 0.500000 0.160156 0.503906 0.136719 0.515625 0.132812 0.519531 0.054688 0.519531 0.050781 0.519531 0.000000 0.533073 0.000000 0.302557 0.011719 0.292969 0.015625 0.289062 0.082031 0.277344 0.085938 0.277344 0.101562 0.269531
0 0.027344 0.187500 0.066406 0.187500 0.070312 0.187500 0.113281 0.203125 0.117188 0.203125 0.144531 0.234375 0.148438 0.238281 0.140625 0.285156 0.140625 0.289062 0.113281 0.285156 0.109375 0.281250 0.019531 0.285156 0.015625 0.285156 0.000000 0.269531 0.000000 0.269531 0.000000 0.224609 0.007812 0.207031 0.007812 0.203125 0.027344 0.187500
0 0.000000 0.000000 0.148438 0.000000 0.152344 0.000000 0.156250 0.015625 0.160156 0.019531 0.160156 0.054688 0.160156 0.058594 0.140625 0.117188 0.140625 0.121094 0.121094 0.136719 0.117188 0.136719 0.097656 0.160156 0.093750 0.164062 0.062500 0.167969 0.058594 0.167969 0.039062 0.156250 0.035156 0.152344 0.011719 0.148438 0.007812 0.148438 0.000000 0.143750
0 0.789062 0.000000 0.914062 0.000000 0.917969 0.000000 0.925781 0.035156 0.925781 0.039062 0.957031 0.117188 0.960938 0.121094 0.964844 0.152344 0.964844 0.156250 0.976562 0.167969 0.980469 0.171875 1.000000 0.174316 1.000000 0.302734 0.992188 0.304688 0.988281 0.308594 0.964844 0.304688 0.960938 0.304688 0.937500 0.281250 0.933594 0.277344 0.906250 0.191406 0.906250 0.187500 0.867188 0.148438 0.863281 0.144531 0.855469 0.121094 0.851562 0.117188 0.843750 0.046875 0.843750 0.042969 0.835938 0.035156 0.832031 0.031250 0.808594 0.023438 0.804688 0.023438 0.792969 0.011719 0.789062 0.007812 0.789062 0.000000
0 1.000000 0.502790 0.980469 0.519531 0.976562 0.523438 0.929688 0.535156 0.925781 0.535156 0.906250 0.554688 0.902344 0.558594 0.867188 0.558594 0.863281 0.558594 0.812500 0.539062 0.808594 0.539062 0.757812 0.503906 0.753906 0.503906 0.718750 0.468750 0.714844 0.464844 0.714844 0.449219 0.714844 0.445312 0.722656 0.441406 0.726562 0.437500 0.746094 0.441406 0.750000 0.445312 0.785156 0.445312 0.789062 0.445312 0.824219 0.464844 0.828125 0.468750 0.867188 0.476562 0.871094 0.476562 0.894531 0.457031 0.898438 0.453125 0.914062 0.457031 0.917969 0.460938 0.945312 0.460938 0.949219 0.460938 0.968750 0.445312 0.972656 0.441406 1.000000 0.427734
0 0.875000 0.773438 0.910156 0.777344 0.914062 0.781250 0.957031 0.773438 0.960938 0.773438 0.996094 0.792969 1.000000 0.792969 1.000000 0.792969 1.000000 0.816406 1.000000 0.816406 0.996094 0.820312 0.921875 0.816406 0.917969 0.816406 0.882812 0.835938 0.878906 0.839844 0.863281 0.839844 0.859375 0.839844 0.851562 0.835938 0.847656 0.832031 0.843750 0.808594 0.843750 0.804688 0.875000 0.773438
0 0.609375 0.148438 0.726562 0.156250 0.730469 0.156250 0.738281 0.164062 0.742188 0.167969 0.742188 0.187500 0.742188 0.191406 0.722656 0.214844 0.722656 0.218750 0.707031 0.226562 0.703125 0.230469 0.632812 0.230469 0.628906 0.230469 0.601562 0.199219 0.597656 0.195312 0.562500 0.179688 0.558594 0.175781 0.558594 0.167969 0.558594 0.164062 0.609375 0.148438
0 0.375000 0.253906 0.398438 0.257812 0.402344 0.257812 0.410156 0.277344 0.410156 0.281250 0.382812 0.332031 0.382812 0.335938 0.359375 0.351562 0.355469 0.351562 0.335938 0.339844 0.332031 0.335938 0.332031 0.316406 0.332031 0.312500 0.359375 0.269531 0.359375 0.265625 0.375000 0.253906
0 0.589844 0.312500 0.691406 0.347656 0.695312 0.347656 0.703125 0.359375 0.707031 0.363281 0.707031 0.406250 0.707031 0.410156 0.703125 0.414062 0.699219 0.417969 0.667969 0.414062 0.664062 0.414062 0.625000 0.394531 0.621094 0.394531 0.574219 0.359375 0.570312 0.359375 0.562500 0.339844 0.562500 0.335938 0.574219 0.320312 0.578125 0.316406 0.589844 0.312500
0 0.824219 0.351562 0.847656 0.351562 0.851562 0.351562 0.902344 0.390625 0.906250 0.394531 0.902344 0.449219 0.906250 0.453125 0.886719 0.472656 0.882812 0.476562 0.835938 0.472656 0.832031 0.472656 0.808594 0.453125 0.804688 0.449219 0.777344 0.437500 0.773438 0.437500 0.800781 0.402344 0.804688 0.398438 0.812500 0.363281 0.812500 0.359375 0.824219 0.351562
0 0.000000 0.953125 0.023438 0.972656 0.027344 0.976562 0.034040 1.000000 0.000000 1.000000 0.000000 0.953125 0.000000 0.953125
