0 0.749023 0.000000 0.750000 0.003906 0.750000 0.007812 0.746094 0.011719 0.742188 0.015625 0.656250 0.007812 0.652344 0.007812 0.651042 0.000000
0 0.621094 0.000000 0.621094 0.000000 0.621094 0.003906 0.597656 0.027344 0.593750 0.031250 0.585938 0.031250 0.582031 0.031250 0.578125 0.015625 0.578125 0.011719 0.582386 0.000000
0 0.965434 0.197100 0.993336 0.197100 1.000000 0.194244 1.000000 0.164125 0.983189 0.164125 0.961629 0.169198 0.960361 0.184418
0 0.967970 0.209783 0.971775 0.227539 0.976848 0.232612 0.984458 0.235149 1.000000 0.235149 1.000000 0.206964 0.998409 0.204710 0.978116 0.204710
0 0.957824 0.121004 0.940068 0.132419 0.937532 0.137492 0.928654 0.140028 0.924849 0.146370 0.924849 0.150175 0.932459 0.164125 0.942605 0.160321 0.943873 0.173004 0.967970 0.157784 0.973043 0.151443 0.970507 0.146370 0.976848 0.141296 0.970507 0.131150
0 0.965434 0.088029 0.929922 0.093102 0.933727 0.105785 0.937532 0.108321 0.922313 0.113395 0.914703 0.113395 0.914703 0.124809 0.961629 0.119736 0.966702 0.098175
0 0.882812 0.273438 0.910156 0.281250 0.914062 0.285156 0.914062 0.308594 0.914062 0.312500 0.851562 0.320312 0.847656 0.320312 0.816406 0.339844 0.812500 0.343750 0.792969 0.339844 0.789062 0.339844 0.781250 0.332031 0.777344 0.328125 0.781250 0.312500 0.785156 0.308594 0.820312 0.289062 0.824219 0.285156 0.882812 0.273438
0 0.320312 0.246094 0.343750 0.246094 0.347656 0.246094 0.351562 0.250000 0.355469 0.253906 0.359375 0.277344 0.359375 0.281250 0.332031 0.355469 0.332031 0.359375 0.324219 0.367188 0.320312 0.371094 0.296875 0.378906 0.292969 0.378906 0.257812 0.343750 0.253906 0.339844 0.250000 0.328125 0.246094 0.324219 0.246094 0.304688 0.246094 0.300781 0.273438 0.273438 0.277344 0.269531 0.320312 0.246094
0 0.445312 0.003906 0.476562 0.015625 0.480469 0.019531 0.480469 0.050781 0.480469 0.054688 0.464844 0.074219 0.460938 0.078125 0.449219 0.078125 0.445312 0.078125 0.429688 0.058594 0.425781 0.054688 0.425781 0.023438 0.425781 0.019531 0.445312 0.003906
0 0.410156 0.132812 0.433594 0.152344 0.437500 0.156250 0.437500 0.179688 0.433594 0.183594 0.414062 0.183594 0.410156 0.179688 0.406250 0.148438 0.402344 0.144531 0.410156 0.132812
0 0.378906 0.300781 0.394531 0.300781 0.398438 0.300781 0.433594 0.320312 0.437500 0.320312 0.441406 0.324219 0.445312 0.328125 0.445312 0.343750 0.445312 0.347656 0.433594 0.355469 0.429688 0.355469 0.406250 0.328125 0.402344 0.324219 0.382812 0.320312 0.378906 0.320312 0.378906 0.300781
0 0.199219 0.476562 0.218750 0.480469 0.222656 0.480469 0.226562 0.484375 0.230469 0.488281 0.230469 0.507812 0.230469 0.511719 0.105469 0.546875 0.101562 0.550781 0.070312 0.542969 0.066406 0.539062 0.066406 0.527344 0.066406 0.523438 0.078125 0.515625 0.082031 0.511719 0.199219 0.476562
0 0.132812 0.371094 0.179688 0.378906 0.183594 0.382812 0.183594 0.394531 0.183594 0.398438 0.167969 0.417969 0.164062 0.421875 0.128906 0.417969 0.125000 0.417969 0.117188 0.410156 0.113281 0.406250 0.113281 0.386719 0.113281 0.382812 0.132812 0.371094
0 0.171875 0.425781 0.207031 0.429688 0.210938 0.429688 0.210938 0.453125 0.210938 0.457031 0.203125 0.468750 0.199219 0.472656 0.187500 0.476562 0.183594 0.480469 0.167969 0.476562 0.164062 0.476562 0.152344 0.464844 0.148438 0.460938 0.152344 0.441406 0.152344 0.437500 0.171875 0.425781
0 0.019531 0.476562 0.031250 0.492188 0.035156 0.496094 0.035156 0.519531 0.031250 0.523438 0.011719 0.523438 0.007812 0.523438 0.000000 0.515625 0.000000 0.515625 0.000000 0.500000 0.003906 0.488281 0.003906 0.484375 0.019531 0.476562
0 0.000000 0.343750 0.000000 0.343750 0.017342 0.370173 0.003906 0.371094 0.000000 0.375000
0 0.802674 0.267455 0.784759 0.273426 0.777295 0.282384 0.778787 0.283877 0.796702 0.285369 0.816110 0.276412 0.832532 0.276412 0.832532 0.264469 0.816110 0.255511 0.808646 0.245061 0.796702 0.248047
0 0.329425 0.028591 0.339875 0.031576 0.381676 0.010676 0.385743 0.000000 0.342354 0.000000 0.336889 0.013661
0 0.305068 0.000000 0.305538 0.004704 0.335396 0.004704 0.336807 0.000000
0 0.268645 0.000000 0.268216 0.001718 0.296581 0.004704 0.300501 0.000000
0 0.261079 0.000000 0.256273 0.007690 0.248808 0.009183 0.244329 0.019633 0.262244 0.025605 0.263737 0.031576 0.250301 0.039041 0.254780 0.045012 0.254780 0.052477 0.266723 0.053970 0.256273 0.059941 0.262244 0.079349 0.262244 0.085321 0.283145 0.091292 0.284638 0.082335 0.292102 0.068899 0.292102 0.053970 0.280159 0.043520 0.315989 0.007690 0.287623 0.001718 0.286764 0.000000
0 0.068167 0.077856 0.083096 0.080842 0.098025 0.092785 0.115940 0.082335 0.136841 0.076363 0.147291 0.077856 0.147291 0.074870 0.138334 0.061434 0.129376 0.061434 0.127883 0.053970 0.102504 0.049491 0.092054 0.049491 0.083096 0.055462 0.083096 0.061434 0.080111 0.061434 0.077125 0.064420 0.062196 0.064420 0.062196 0.067406
0 0.089068 0.121150 0.084589 0.112193 0.059210 0.118164 0.062196 0.130108 0.060703 0.158473 0.083096 0.140558
0 0.208500 0.022619 0.178642 0.031576 0.183120 0.049491 0.186106 0.053970 0.202528 0.061434 0.218950 0.061434 0.230893 0.058448 0.220443 0.042027
0 0.199542 0.234611 0.180135 0.228639 0.168191 0.240582 0.154755 0.242075 0.154755 0.255511 0.178642 0.262976 0.190585 0.246554
0 0.172670 0.204753 0.166698 0.219682 0.181628 0.219682 0.181628 0.222668 0.196557 0.228639 0.215964 0.210724 0.205514 0.207739 0.205514 0.204753 0.186106 0.203260
0 0.071153 0.234611 0.053238 0.231625 0.053238 0.240582 0.035323 0.242075 0.041295 0.258497 0.060703 0.265962 0.080111 0.264469 0.081603 0.245061 0.078618 0.245061
0 0.054731 0.295820 0.059210 0.292834 0.054731 0.271933 0.050252 0.261483 0.038309 0.252525 0.035323 0.243568 0.023380 0.248047 0.024873 0.267455
0 0.096532 0.025605 0.142812 0.025605 0.147291 0.006197 0.141094 0.000000 0.089701 0.000000 0.090561 0.001718 0.093546 0.001718 0.099518 0.012169
0 0.145798 0.261483 0.144305 0.271933 0.132362 0.264469 0.148784 0.292834 0.175656 0.289848 0.171177 0.276412 0.177149 0.262976 0.159234 0.258497
0 0.000000 1.000000 0.000000 0.611111 0.019531 0.613281 0.023438 0.613281 0.046875 0.628906 0.050781 0.628906 0.078125 0.656250 0.082031 0.660156 0.117188 0.675781 0.121094 0.675781 0.136719 0.691406 0.140625 0.695312 0.160156 0.742188 0.160156 0.746094 0.226450 0.804631 0.229576 0.821942 0.214844 0.825342 0.214844 0.871094 0.214844 0.875000 0.247358 0.901107 0.246094 0.914062 0.250000 0.933594 0.253906 0.937500 0.256492 0.955767 0.259077 0.960966 0.257728 0.974005 0.249972 0.983082 0.242103 0.992159 0.226562 0.992188 0.207031 0.992188 0.176779 1.000000
0 0.128906 0.542969 0.140625 0.542969 0.144531 0.542969 0.175781 0.578125 0.179688 0.582031 0.179688 0.609375 0.179688 0.613281 0.167969 0.664062 0.167969 0.667969 0.160156 0.679688 0.156250 0.683594 0.148438 0.683594 0.144531 0.687500 0.093750 0.656250 0.089844 0.656250 0.078125 0.640625 0.074219 0.636719 0.078125 0.605469 0.078125 0.601562 0.097656 0.570312 0.097656 0.566406 0.128906 0.542969
0 0.078125 0.558594 0.089844 0.562500 0.093750 0.566406 0.093750 0.578125 0.093750 0.582031 0.078125 0.621094 0.078125 0.625000 0.066406 0.632812 0.062500 0.632812 0.046875 0.617188 0.042969 0.613281 0.042969 0.601562 0.042969 0.597656 0.078125 0.558594
0 0.278655 0.782570 0.264436 0.789033 0.257973 0.786448 0.254095 0.782570 0.248924 0.772229 0.233412 0.772229 0.219192 0.778692 0.229534 0.789033 0.223070 0.803253 0.233412 0.822643 0.229534 0.827814 0.241168 0.840741 0.254095 0.823936 0.269607 0.809716 0.279948 0.796789
0 0.295461 0.447765 0.269607 0.437423 0.247631 0.442594 0.243753 0.445179 0.252802 0.454228 0.256680 0.463277 0.269607 0.472326 0.296753 0.460691
0 0.347168 0.418033 0.330363 0.424496 0.326485 0.434838 0.331655 0.443887 0.357509 0.446472 0.367851 0.442594 0.367851 0.429667 0.357509 0.427082
0 0.495827 0.512399 0.466095 0.518863 0.462216 0.522740 0.460924 0.536960 0.517802 0.538253 0.511339 0.526618
0 0.522973 0.530496 0.517802 0.536960 0.516509 0.547302 0.504875 0.547302 0.510046 0.578326 0.498412 0.580911 0.498412 0.583496 0.511339 0.592545 0.522973 0.596423 0.551412 0.599009 0.552704 0.601594 0.553997 0.596423 0.543656 0.583496 0.538485 0.565399 0.542363 0.544716 0.528143 0.540838
0 0.462216 0.648131 0.435070 0.644253 0.433778 0.655887 0.429900 0.667521 0.429900 0.671399 0.438948 0.686911 0.462216 0.701131 0.511339 0.702423 0.517802 0.699838 0.517802 0.697253 0.538485 0.686911 0.521680 0.671399 0.484192 0.672692 0.466095 0.663643
0 0.578558 0.672692 0.560461 0.668814 0.560461 0.685619 0.563046 0.686911 0.569509 0.697253 0.588900 0.699838 0.595363 0.693375 0.595363 0.690789 0.588900 0.681741
0 0.528143 0.628741 0.508753 0.624863 0.491948 0.618399 0.473851 0.635204 0.481607 0.635204 0.455753 0.637789 0.466095 0.650716 0.476436 0.652009 0.482900 0.661057 0.507461 0.650716 0.512631 0.637789 0.517802 0.637789
0 0.539778 0.608057 0.544948 0.630033 0.544948 0.637789 0.564339 0.640375 0.565631 0.650716 0.553997 0.661057 0.533314 0.661057 0.512631 0.668814 0.494534 0.671399 0.476436 0.662350 0.507461 0.649423 0.510046 0.650716 0.513924 0.635204 0.522973 0.635204 0.528143 0.624863 0.522973 0.620984 0.524265 0.602887 0.528143 0.602887
0 0.437655 0.801960 0.416973 0.807131 0.416973 0.825229 0.406631 0.829107 0.419558 0.843326 0.440241 0.847204 0.450582 0.827814 0.445412 0.812302
0 0.292969 0.816406 0.312500 0.820312 0.316406 0.824219 0.343750 0.875000 0.343750 0.878906 0.363281 0.898438 0.367188 0.902344 0.371094 0.914062 0.375000 0.917969 0.386719 0.964844 0.386719 0.968750 0.371094 1.000000 0.371094 1.000000 0.317522 1.000000 0.300781 0.976562 0.300781 0.972656 0.265625 0.941406 0.261719 0.937500 0.234375 0.886719 0.230469 0.882812 0.242188 0.859375 0.242188 0.855469 0.292969 0.816406
0 0.398438 0.894531 0.429688 0.902344 0.433594 0.906250 0.488281 0.902344 0.492188 0.902344 0.503906 0.917969 0.507812 0.921875 0.496094 0.972656 0.496094 0.976562 0.484375 0.984375 0.480469 0.988281 0.460938 0.988281 0.457031 0.988281 0.437500 0.976562 0.433594 0.976562 0.414062 0.957031 0.410156 0.957031 0.398438 0.941406 0.394531 0.937500 0.390625 0.906250 0.390625 0.902344 0.398438 0.894531
0 0.941406 0.527344 0.949219 0.527344 0.953125 0.527344 0.957031 0.542969 0.960938 0.546875 0.960938 0.589844 0.960938 0.593750 0.945312 0.609375 0.941406 0.613281 0.929688 0.601562 0.925781 0.597656 0.925781 0.554688 0.925781 0.550781 0.941406 0.527344
0 0.992188 0.910156 1.000000 0.912760 1.000000 0.998698 0.992188 0.980469 0.988281 0.976562 0.980469 0.921875 0.980469 0.917969 0.992188 0.910156
0 0.859375 0.605469 0.898438 0.609375 0.902344 0.613281 0.902344 0.625000 0.902344 0.628906 0.890625 0.648438 0.890625 0.652344 0.867188 0.656250 0.863281 0.656250 0.847656 0.644531 0.843750 0.640625 0.839844 0.628906 0.839844 0.625000 0.847656 0.613281 0.847656 0.609375 0.859375 0.605469
0 0.769875 0.862716 0.720754 0.892448 0.710412 0.905375 0.710412 0.936399 0.712997 0.937692 0.731095 0.931229 0.736266 0.914424 0.784095 0.878229 0.786680 0.878229
0 1.000000 0.796875 1.000000 0.796875 1.000000 0.851562 1.000000 0.851562 0.996094 0.855469 0.937500 0.886719 0.933594 0.890625 0.906250 0.898353 0.902344 0.882812 0.902344 0.839844 0.906250 0.835938 0.914062 0.832031 0.917969 0.828125 0.963523 0.833239 0.981649 0.819020 1.000000 0.796875
0 0.878461 0.763180 0.848729 0.763180 0.825461 0.779984 0.825461 0.782570 0.812534 0.789033 0.795729 0.769643 0.785387 0.779984 0.778924 0.796789 0.799607 0.818765 0.828046 0.826521 0.821583 0.812302 0.812534 0.800668 0.871997 0.794204 0.892680 0.785155 0.896558 0.785155 0.900436 0.781277 0.905607 0.785155 0.926290 0.790326 0.931461 0.790326 0.937924 0.786448 0.946973 0.786448 0.946973 0.779984 0.927583 0.779984 0.918534 0.764472 0.896558 0.765765
0 0.662582 0.893741 0.619924 0.889863 0.609582 0.902789 0.617339 0.918302 0.621217 0.932521 0.621217 0.938985 0.634144 0.950619 0.652241 0.945448 0.672924 0.923472 0.667754 0.904082
0 0.702656 0.657180 0.678095 0.668814 0.678095 0.673984 0.672924 0.689496 0.649656 0.707594 0.647070 0.742497 0.669046 0.750253 0.675509 0.773521 0.678095 0.776107 0.678095 0.781277 0.689729 0.796789 0.693607 0.799375 0.724631 0.787741 0.724631 0.785155 0.734973 0.778692 0.736266 0.772229 0.740144 0.772229 0.749193 0.761887 0.746607 0.763180 0.736266 0.761887 0.740144 0.751545 0.742729 0.751545 0.749193 0.756716 0.751778 0.763180 0.762119 0.767058 0.763412 0.769643 0.771168 0.760594 0.763412 0.750253 0.760827 0.750253 0.756948 0.741204 0.754363 0.723106 0.745314 0.702423 0.777632 0.723106 0.804778 0.719229 0.807363 0.715350 0.816412 0.683033 0.803485 0.686911 0.802193 0.689496 0.782802 0.697253 0.780217 0.683033 0.781509 0.680448 0.791851 0.672692 0.795729 0.661057 0.797022 0.664936 0.816412 0.666229 0.825461 0.671399 0.826754 0.673984 0.838388 0.672692 0.837095 0.663643 0.834509 0.663643 0.817705 0.653302 0.782802 0.650716 0.778924 0.628741 0.777632 0.633911 0.753070 0.637789 0.740144 0.649423 0.737558 0.668814 0.724631 0.673984 0.724631 0.690789 0.715583 0.690789 0.715583 0.667521
0 0.398875 0.487838 0.394997 0.512399 0.405339 0.514984 0.433778 0.556350 0.444119 0.552472 0.447997 0.526618 0.441534 0.495594 0.426021 0.491716
0 0.849713 0.952353 0.826592 0.961601 0.826592 0.967767 0.831216 0.977016 0.801929 0.989347 0.801168 1.000000 0.855879 1.000000 0.855879 0.978557 0.852796 0.975474
0 0.204021 0.073377 0.204021 0.089799 0.199542 0.106221 0.218950 0.107714 0.233879 0.103236 0.239851 0.091292 0.232386 0.083828 0.217457 0.074870
