0 0.542969 0.015625 0.546875 0.019531 0.550781 0.019531 0.550781 0.031250 0.550781 0.035156 0.546875 0.039062 0.546875 0.042969 0.542969 0.039062 0.539062 0.035156 0.542969 0.031250 0.542969 0.015625
0 0.496094 0.023438 0.500000 0.023438 0.503906 0.023438 0.511719 0.031250 0.515625 0.035156 0.515625 0.039062 0.519531 0.042969 0.519531 0.046875 0.515625 0.050781 0.511719 0.050781 0.507812 0.054688 0.500000 0.054688 0.496094 0.054688 0.496094 0.050781 0.492188 0.046875 0.492188 0.031250 0.492188 0.027344 0.496094 0.023438
0 0.136719 0.214844 0.140625 0.214844 0.144531 0.214844 0.152344 0.222656 0.156250 0.226562 0.152344 0.226562 0.148438 0.230469 0.144531 0.230469 0.140625 0.226562 0.136719 0.222656 0.136719 0.214844
0 0.535156 0.269531 0.550781 0.269531 0.550781 0.273438 0.546875 0.277344 0.542969 0.281250 0.539062 0.281250 0.535156 0.281250 0.535156 0.269531
0 0.453125 0.292969 0.457031 0.292969 0.460938 0.292969 0.464844 0.296875 0.464844 0.300781 0.468750 0.304688 0.472656 0.308594 0.464844 0.316406 0.460938 0.320312 0.449219 0.320312 0.445312 0.316406 0.449219 0.312500 0.449219 0.304688 0.449219 0.300781 0.453125 0.296875 0.453125 0.292969
0 0.503906 0.355469 0.507812 0.355469 0.511719 0.355469 0.511719 0.359375 0.511719 0.363281 0.507812 0.367188 0.503906 0.371094 0.496094 0.371094 0.492188 0.371094 0.492188 0.367188 0.488281 0.363281 0.492188 0.359375 0.496094 0.359375 0.500000 0.359375 0.503906 0.355469
0 0.000000 0.429688 0.000000 0.429688 0.000000 0.433594 0.003906 0.437500 0.007812 0.437500 0.011719 0.441406 0.011719 0.464844 0.015625 0.468750 0.011719 0.468750 0.007812 0.472656 0.007812 0.476562 0.003906 0.480469 0.003906 0.488281 0.003906 0.492188 0.007812 0.496094 0.011719 0.496094 0.015625 0.496094 0.015625 0.500000 0.011719 0.503906 0.007812 0.503906 0.003906 0.500000 0.003906 0.484375 0.000000 0.480469 0.000000 0.480469
0 0.664062 0.394531 0.671875 0.394531 0.675781 0.398438 0.675781 0.410156 0.675781 0.414062 0.671875 0.417969 0.667969 0.417969 0.664062 0.421875 0.660156 0.421875 0.656250 0.421875 0.656250 0.406250 0.656250 0.402344 0.660156 0.402344 0.664062 0.398438 0.664062 0.394531
0 0.167969 0.437500 0.171875 0.441406 0.175781 0.441406 0.171875 0.441406 0.167969 0.445312 0.164062 0.441406 0.160156 0.441406 0.156250 0.445312 0.156250 0.449219 0.152344 0.453125 0.148438 0.453125 0.144531 0.449219 0.144531 0.445312 0.144531 0.441406 0.160156 0.441406 0.164062 0.441406 0.167969 0.437500
0 0.386719 0.437500 0.390625 0.437500 0.394531 0.437500 0.394531 0.441406 0.394531 0.445312 0.398438 0.449219 0.402344 0.449219 0.406250 0.449219 0.402344 0.453125 0.398438 0.457031 0.390625 0.457031 0.386719 0.457031 0.386719 0.437500
0 0.550781 0.488281 0.554688 0.492188 0.558594 0.492188 0.562500 0.496094 0.562500 0.500000 0.566406 0.503906 0.566406 0.519531 0.566406 0.523438 0.570312 0.527344 0.574219 0.527344 0.578125 0.527344 0.578125 0.539062 0.578125 0.542969 0.574219 0.546875 0.570312 0.546875 0.566406 0.550781 0.566406 0.554688 0.550781 0.570312 0.546875 0.570312 0.542969 0.566406 0.539062 0.562500 0.539062 0.535156 0.539062 0.531250 0.542969 0.531250 0.546875 0.527344 0.546875 0.515625 0.546875 0.511719 0.542969 0.507812 0.539062 0.503906 0.542969 0.500000 0.546875 0.496094 0.546875 0.492188 0.550781 0.488281
0 0.875000 0.503906 0.878906 0.503906 0.882812 0.503906 0.886719 0.507812 0.890625 0.507812 0.894531 0.511719 0.890625 0.511719 0.886719 0.515625 0.882812 0.515625 0.878906 0.519531 0.875000 0.519531 0.871094 0.519531 0.871094 0.515625 0.871094 0.511719 0.875000 0.507812 0.875000 0.503906
0 0.332031 0.515625 0.339844 0.515625 0.343750 0.515625 0.343750 0.523438 0.343750 0.527344 0.339844 0.531250 0.335938 0.531250 0.332031 0.535156 0.328125 0.539062 0.328125 0.554688 0.328125 0.558594 0.328125 0.542969 0.328125 0.539062 0.320312 0.531250 0.316406 0.527344 0.320312 0.523438 0.320312 0.519531 0.324219 0.519531 0.328125 0.519531 0.332031 0.515625
0 0.039062 0.523438 0.042969 0.523438 0.046875 0.523438 0.050781 0.527344 0.050781 0.531250 0.046875 0.535156 0.039062 0.535156 0.035156 0.535156 0.035156 0.531250 0.035156 0.527344 0.039062 0.523438
0 0.058594 0.546875 0.074219 0.546875 0.078125 0.550781 0.101562 0.550781 0.105469 0.554688 0.101562 0.554688 0.097656 0.558594 0.093750 0.558594 0.089844 0.558594 0.085938 0.562500 0.085938 0.574219 0.085938 0.578125 0.082031 0.582031 0.078125 0.582031 0.074219 0.582031 0.070312 0.578125 0.070312 0.562500 0.070312 0.558594 0.066406 0.554688 0.066406 0.550781 0.062500 0.546875 0.058594 0.546875
0 0.300781 0.605469 0.308594 0.605469 0.312500 0.609375 0.308594 0.609375 0.304688 0.613281 0.304688 0.617188 0.304688 0.621094 0.300781 0.625000 0.296875 0.625000 0.296875 0.617188 0.296875 0.613281 0.300781 0.609375 0.300781 0.605469
0 0.527344 0.605469 0.546875 0.605469 0.546875 0.609375 0.535156 0.621094 0.531250 0.621094 0.531250 0.617188 0.527344 0.613281 0.523438 0.609375 0.511719 0.609375 0.507812 0.609375 0.519531 0.609375 0.523438 0.609375 0.527344 0.605469
0 0.441406 0.691406 0.449219 0.691406 0.453125 0.691406 0.453125 0.703125 0.457031 0.707031 0.472656 0.707031 0.476562 0.703125 0.484375 0.703125 0.488281 0.703125 0.492188 0.707031 0.503906 0.707031 0.507812 0.707031 0.515625 0.699219 0.515625 0.695312 0.519531 0.695312 0.523438 0.691406 0.531250 0.691406 0.531250 0.695312 0.527344 0.699219 0.523438 0.703125 0.523438 0.707031 0.519531 0.710938 0.519531 0.718750 0.519531 0.722656 0.515625 0.726562 0.511719 0.730469 0.472656 0.730469 0.468750 0.730469 0.464844 0.726562 0.453125 0.726562 0.449219 0.726562 0.445312 0.722656 0.441406 0.722656 0.441406 0.691406
0 0.046875 0.718750 0.078125 0.718750 0.082031 0.718750 0.070312 0.718750 0.066406 0.718750 0.058594 0.726562 0.054688 0.730469 0.050781 0.730469 0.046875 0.730469 0.046875 0.718750
0 0.011719 0.746094 0.027344 0.746094 0.031250 0.746094 0.035156 0.750000 0.039062 0.750000 0.042969 0.750000 0.046875 0.753906 0.054688 0.753906 0.058594 0.757812 0.054688 0.761719 0.054688 0.765625 0.054688 0.769531 0.050781 0.773438 0.046875 0.777344 0.046875 0.785156 0.042969 0.789062 0.039062 0.789062 0.035156 0.789062 0.031250 0.785156 0.027344 0.785156 0.027344 0.781250 0.023438 0.777344 0.000000 0.777344 0.000000 0.750000 0.003906 0.750000 0.007812 0.750000 0.011719 0.746094
0 0.425781 0.824219 0.429688 0.828125 0.433594 0.828125 0.437500 0.828125 0.437500 0.832031 0.437500 0.835938 0.441406 0.839844 0.445312 0.843750 0.441406 0.843750 0.433594 0.851562 0.429688 0.855469 0.425781 0.855469 0.425781 0.832031 0.421875 0.828125 0.425781 0.824219
0 0.843750 0.906250 0.851562 0.906250 0.855469 0.910156 0.855469 0.914062 0.851562 0.917969 0.847656 0.921875 0.843750 0.921875 0.843750 0.914062 0.839844 0.910156 0.843750 0.906250
0 0.039062 0.914062 0.050781 0.914062 0.054688 0.917969 0.054688 0.933594 0.054688 0.937500 0.050781 0.941406 0.046875 0.945312 0.027344 0.945312 0.023438 0.945312 0.019531 0.941406 0.015625 0.941406 0.011719 0.941406 0.011719 0.937500 0.007812 0.933594 0.015625 0.925781 0.015625 0.921875 0.019531 0.921875 0.023438 0.917969 0.031250 0.917969 0.035156 0.917969 0.039062 0.914062
0 0.011719 0.757812 0.007812 0.761719 0.007812 0.773438 0.011719 0.777344 0.035156 0.777344 0.039062 0.773438 0.039062 0.761719 0.035156 0.757812 0.011719 0.757812
