0 0.588267 0.966712 0.586147 0.963837 0.581441 0.963747 0.574220 0.961259 0.573176 0.957363 0.576818 0.955937 0.579584 0.956424 0.582032 0.952804 0.590117 0.953313 0.594141 0.949288 0.595070 0.949336 0.591176 0.959951 0.589899 0.963076 0.589249 0.968984
0 0.849462 0.830544 0.847819 0.835817 0.848680 0.844997 0.843605 0.850073 0.838529 0.844997 0.839731 0.830789 0.838702 0.824268 0.843986 0.826855 0.849548 0.824960 0.849822 0.824708 0.850176 0.827086 0.848838 0.828674
0 0.333561 0.831415 0.338150 0.835295 0.332908 0.841711 0.329830 0.841822 0.317080 0.836457 0.320164 0.831176 0.324951 0.832042
0 0.514840 0.912493 0.522777 0.915295 0.521287 0.918564 0.521661 0.923918 0.520446 0.928898 0.517062 0.935131 0.511570 0.932395 0.510803 0.930457 0.506109 0.925891 0.510118 0.920822 0.504468 0.919211 0.500231 0.918740 0.499332 0.913991 0.503576 0.912571 0.505764 0.912251
0 0.362877 0.783581 0.366127 0.784798 0.363393 0.793899 0.361616 0.794693 0.360264 0.798368 0.357666 0.798645 0.356104 0.799141 0.351026 0.799922 0.347784 0.796289 0.349585 0.793053 0.352072 0.789395 0.355054 0.786803 0.356241 0.785226 0.357946 0.784692 0.360597 0.783713
0 0.600635 0.732840 0.601660 0.735713 0.597504 0.746612 0.587560 0.740575 0.589385 0.733164 0.596075 0.731752
0 0.641818 0.784646 0.642441 0.784879 0.642612 0.785517 0.646875 0.784496 0.649344 0.788774 0.648511 0.789618 0.648954 0.789946 0.644486 0.791105 0.643861 0.791132 0.635546 0.792048 0.633695 0.792136 0.633652 0.792161 0.621679 0.794496 0.618819 0.792680 0.620644 0.786441 0.625577 0.784437 0.626046 0.782407 0.628652 0.779800 0.630593 0.779928 0.631250 0.779809 0.637109 0.780304 0.639707 0.780582 0.641141 0.782016 0.641523 0.784223 0.641437 0.784489
0 0.940566 0.811552 0.947270 0.807265 0.957230 0.807032 0.962621 0.809726 0.951607 0.814520 0.949477 0.819618 0.940112 0.818964
0 0.986820 0.758056 0.986811 0.758011 0.983734 0.757508 0.982691 0.753613 0.987895 0.752292 0.987922 0.752291 0.999338 0.747589 1.000000 0.749043 1.000000 0.754917 0.995991 0.757261 0.990163 0.758712
0 0.956313 0.592461 0.953798 0.593354 0.952625 0.594250 0.948074 0.595023 0.947969 0.594842 0.947293 0.595023 0.945867 0.594641 0.945762 0.594536 0.944695 0.594250 0.943651 0.593207 0.943269 0.591781 0.943651 0.590355 0.944695 0.589311 0.946121 0.588929 0.946598 0.589057 0.946511 0.588148 0.948046 0.588857 0.951134 0.586468 0.951082 0.585921 0.958093 0.583061 0.958169 0.583296 0.959011 0.583070 0.960437 0.583452 0.961481 0.584496 0.961863 0.585921 0.961836 0.586023 0.962262 0.586449 0.962644 0.587875 0.962262 0.589300 0.961218 0.590344 0.959793 0.590726 0.959787 0.590725 0.958875 0.591907 0.956814 0.592023
0 0.679548 0.389777 0.696779 0.390847 0.699386 0.395523 0.693791 0.398902 0.688679 0.397818 0.685725 0.396177 0.677912 0.394614
0 0.706387 0.111890 0.716820 0.113559 0.715170 0.120932 0.715589 0.127895 0.712710 0.129731 0.702175 0.119496 0.702447 0.114789
0 0.968711 0.418927 0.978540 0.417670 0.979966 0.420139 0.976602 0.423766 0.975287 0.430940 0.970083 0.433929 0.966450 0.426389
0 0.978840 0.364561 0.987079 0.360907 0.989814 0.361897 0.991343 0.363084 0.993965 0.365117 0.994228 0.365321 0.994078 0.365411 0.994223 0.366302 0.992697 0.368798 0.986098 0.371340 0.984002 0.371450 0.983954 0.371479 0.979404 0.371696 0.978280 0.367614
0 0.923777 0.380479 0.932694 0.381849 0.934662 0.386278 0.926723 0.388094 0.923490 0.394396 0.921556 0.394739 0.919755 0.396306 0.919459 0.396463 0.918720 0.397079 0.917873 0.396492 0.917548 0.396479 0.911181 0.391493 0.911390 0.386805 0.911668 0.384493 0.911954 0.382645 0.917802 0.379648 0.919125 0.381357
0 0.857839 0.340272 0.866732 0.339639 0.869484 0.346428 0.865621 0.349458 0.851796 0.349093 0.849589 0.345842 0.852634 0.342870
0 0.749147 0.328708 0.751226 0.325937 0.755708 0.319672 0.763434 0.316439 0.768851 0.313997 0.771839 0.314770 0.773046 0.316368 0.779124 0.319192 0.771010 0.322297 0.769162 0.322574 0.761987 0.328566 0.759977 0.329617 0.758167 0.331818 0.750882 0.331028 0.750412 0.330757
0 0.720180 0.257629 0.726928 0.256536 0.731937 0.258976 0.732225 0.266118 0.727087 0.268236 0.718795 0.265734 0.718622 0.260011
0 0.880121 0.204458 0.884689 0.199175 0.890718 0.193907 0.897368 0.194070 0.899965 0.199664 0.892817 0.209156 0.882786 0.207863
0 0.091916 0.306811 0.092600 0.307494 0.095721 0.308670 0.099333 0.313716 0.099015 0.315000 0.099210 0.319300 0.092834 0.320621 0.090093 0.320478 0.089530 0.320127 0.082789 0.313293 0.082684 0.309555 0.091731 0.307378
0 0.069429 0.286495 0.070077 0.286869 0.072913 0.285725 0.076554 0.287932 0.077218 0.290992 0.078243 0.291584 0.073695 0.303112 0.073650 0.303117 0.073252 0.304359 0.070432 0.309796 0.063570 0.307739 0.059896 0.304846 0.059363 0.303141 0.057553 0.301331 0.057718 0.300570 0.057410 0.300016 0.058206 0.290404 0.059632 0.290022 0.061097 0.290371 0.065491 0.287679 0.067333 0.287918 0.067866 0.287628
0 0.841044 0.383796 0.835779 0.389300 0.829275 0.387746 0.827841 0.377601 0.832068 0.376437 0.841111 0.376948 0.841648 0.379954
0 0.261866 0.694682 0.270772 0.696345 0.271711 0.701551 0.274262 0.704322 0.272337 0.707290 0.260466 0.704751 0.260376 0.697270
0 0.975875 0.119685 0.994958 0.120575 0.998543 0.120766 1.000000 0.121089 1.000000 0.123169 1.000000 0.123169 1.000000 0.130017 0.997529 0.129907 0.993963 0.129155 0.990822 0.126963 0.988686 0.126751 0.972345 0.126908 0.968705 0.123269 0.972661 0.120863
0 0.986457 0.232871 0.986420 0.233050 0.984385 0.244653 0.979038 0.248956 0.976214 0.246003 0.975014 0.242198 0.975787 0.235304 0.976568 0.231397 0.977597 0.227243 0.983198 0.223322 0.984469 0.226369 0.986577 0.229307 0.986420 0.232237 0.986420 0.232803
0 0.834325 0.749734 0.838453 0.745559 0.845482 0.741124 0.848316 0.738266 0.845943 0.724983 0.848382 0.720759 0.852033 0.724770 0.856696 0.731723 0.858715 0.736645 0.863284 0.736608 0.870378 0.734393 0.880876 0.726814 0.886701 0.725601 0.893584 0.722313 0.902999 0.721845 0.906271 0.722139 0.907015 0.729648 0.918465 0.735014 0.920603 0.734818 0.921823 0.735978 0.923535 0.739918 0.922045 0.744794 0.918243 0.745730 0.908627 0.757266 0.906154 0.761739 0.900719 0.765927 0.896601 0.772149 0.894426 0.776426 0.889060 0.780866 0.885345 0.785954 0.878004 0.790647 0.873082 0.799577 0.868172 0.805155 0.868237 0.809069 0.864649 0.815178 0.857443 0.817712 0.849548 0.824960 0.843986 0.826855 0.838155 0.824000 0.838268 0.817194 0.837124 0.814121 0.840254 0.810264 0.841572 0.804575 0.841501 0.793136 0.840187 0.780977 0.837478 0.775096 0.834465 0.764205 0.833834 0.755637
0 0.974495 0.641638 0.976612 0.636424 0.977836 0.633788 0.980975 0.635174 0.983558 0.635270 0.988270 0.635816 0.988331 0.635927 0.988449 0.635925 0.993057 0.645813 0.992673 0.649254 0.985553 0.652529 0.983699 0.654091 0.979095 0.657281 0.973194 0.656595 0.970652 0.647595 0.972526 0.645721 0.975646 0.644595
0 0.926569 0.740487 0.920603 0.734818 0.918465 0.735014 0.907015 0.729648 0.905513 0.714492 0.897107 0.715557 0.885716 0.718687 0.882666 0.713667 0.883373 0.709781 0.885642 0.707601 0.886176 0.704227 0.888074 0.696467 0.891226 0.693315 0.892982 0.692577 0.891598 0.687803 0.890179 0.681244 0.889221 0.677480 0.883866 0.671423 0.882206 0.667659 0.879656 0.665109 0.879158 0.660445 0.881059 0.650168 0.887437 0.645894 0.888776 0.641749 0.900445 0.627275 0.902806 0.619301 0.910748 0.613935 0.919134 0.615534 0.924978 0.617871 0.935244 0.623928 0.940668 0.625143 0.946050 0.630525 0.946563 0.633845 0.947389 0.636775 0.948139 0.647817 0.949493 0.655014 0.957259 0.667459 0.953766 0.675632 0.952994 0.677488 0.954799 0.679418 0.956346 0.679175 0.966623 0.694343 0.959655 0.692495 0.958889 0.692166 0.958451 0.692924 0.955296 0.691405 0.954981 0.691955 0.954468 0.693871 0.953824 0.695060 0.956101 0.695995 0.957692 0.697586 0.966378 0.704639 0.955891 0.709074 0.954593 0.707777 0.951919 0.710451 0.944630 0.732148 0.943056 0.739657 0.941841 0.746484 0.940927 0.747398 0.940438 0.750693 0.932039 0.753269 0.928777 0.743924 0.929170 0.742441
0 0.582170 1.000000 0.582208 0.999446 0.585047 0.996607 0.585669 0.993792 0.586098 0.985732 0.585602 0.982216 0.586841 0.978948 0.587677 0.973274 0.589184 0.969573 0.589899 0.963076 0.591176 0.959951 0.596575 0.945236 0.597052 0.942024 0.599503 0.938679 0.599353 0.937512 0.599864 0.931594 0.601921 0.929536 0.602207 0.928469 0.605738 0.926111 0.607157 0.924300 0.608583 0.923918 0.612099 0.924414 0.615614 0.924023 0.618349 0.922356 0.620201 0.923164 0.622882 0.923701 0.623020 0.923184 0.624064 0.922141 0.625490 0.921759 0.626482 0.922025 0.630888 0.920623 0.634424 0.921479 0.634622 0.921254 0.634247 0.916223 0.634734 0.913066 0.633863 0.911804 0.630332 0.909836 0.631376 0.905941 0.638134 0.906332 0.642207 0.910768 0.645565 0.906944 0.652155 0.903548 0.653225 0.891540 0.657150 0.888327 0.662535 0.884888 0.665336 0.878225 0.671542 0.877124 0.674743 0.877211 0.678329 0.873780 0.681818 0.872998 0.685973 0.870071 0.692725 0.867455 0.694703 0.864970 0.704468 0.864684 0.709672 0.866396 0.710596 0.869273 0.713969 0.876552 0.714503 0.878648 0.715922 0.880459 0.716599 0.883479 0.721391 0.889052 0.723487 0.892711 0.730494 0.895323 0.732203 0.894658 0.736617 0.900244 0.736235 0.905966 0.734282 0.908310 0.730766 0.911826 0.729916 0.912691 0.729474 0.913445 0.729376 0.917822 0.729481 0.920556 0.730367 0.922509 0.730175 0.924008 0.731148 0.926806 0.730686 0.927943 0.731539 0.930713 0.727913 0.936553 0.728414 0.940087 0.727925 0.942070 0.729985 0.944130 0.731512 0.948782 0.732711 0.951416 0.733005 0.953401 0.735454 0.956240 0.737322 0.960012 0.747039 0.962366 0.748797 0.964062 0.749465 0.963852 0.751089 0.960274 0.757593 0.960387 0.762144 0.961055 0.763460 0.969012 0.765141 0.970302 0.767094 0.972646 0.767628 0.974352 0.772172 0.978505 0.774666 0.983751 0.775562 0.983720 0.779078 0.983330 0.780504 0.983712 0.782686 0.989995 0.784800 0.990352 0.789360 0.992177 0.789637 0.994775 0.789224 1.000000
0 0.523438 0.000000 0.640625 0.000000 0.644531 0.000000 0.644531 0.003906 0.644531 0.007812 0.660156 0.019531 0.664062 0.023438 0.664062 0.046875 0.664062 0.050781 0.652344 0.097656 0.652344 0.101562 0.617188 0.132812 0.613281 0.136719 0.578125 0.140625 0.574219 0.140625 0.570312 0.128906 0.566406 0.125000 0.566406 0.105469 0.566406 0.101562 0.527344 0.050781 0.523438 0.046875 0.523438 0.000000
