0 0.671875 0.660156 0.679688 0.660156 0.683594 0.660156 0.703125 0.675781 0.707031 0.679688 0.714844 0.679688 0.718750 0.683594 0.738281 0.683594 0.742188 0.683594 0.800781 0.699219 0.804688 0.703125 0.906250 0.718750 0.910156 0.718750 0.921875 0.726562 0.925781 0.730469 0.921875 0.746094 0.921875 0.750000 0.929688 0.773438 0.929688 0.777344 0.925781 0.785156 0.921875 0.789062 0.863281 0.800781 0.859375 0.804688 0.792969 0.804688 0.789062 0.804688 0.699219 0.796875 0.695312 0.796875 0.632812 0.773438 0.628906 0.773438 0.585938 0.742188 0.582031 0.742188 0.574219 0.730469 0.570312 0.726562 0.574219 0.718750 0.574219 0.714844 0.628906 0.687500 0.632812 0.687500 0.671875 0.660156
0 0.984375 0.308594 0.992188 0.308594 0.996094 0.308594 0.996094 0.378906 0.996094 0.382812 0.910156 0.402344 0.906250 0.402344 0.890625 0.410156 0.886719 0.414062 0.839844 0.425781 0.835938 0.429688 0.773438 0.433594 0.769531 0.433594 0.746094 0.421875 0.742188 0.421875 0.746094 0.402344 0.746094 0.398438 0.761719 0.382812 0.765625 0.378906 0.785156 0.371094 0.789062 0.367188 0.894531 0.332031 0.898438 0.328125 0.953125 0.320312 0.957031 0.320312 0.984375 0.308594
0 0.835938 0.093750 0.851562 0.093750 0.855469 0.093750 0.902344 0.113281 0.906250 0.117188 0.941406 0.113281 0.945312 0.113281 0.949219 0.121094 0.953125 0.125000 0.957031 0.148438 0.957031 0.152344 0.937500 0.214844 0.937500 0.218750 0.914062 0.253906 0.914062 0.257812 0.898438 0.265625 0.894531 0.269531 0.878906 0.269531 0.875000 0.273438 0.859375 0.265625 0.855469 0.265625 0.832031 0.250000 0.828125 0.250000 0.812500 0.226562 0.808594 0.222656 0.804688 0.199219 0.804688 0.195312 0.812500 0.144531 0.812500 0.140625 0.835938 0.093750
0 0.089844 0.410156 0.105469 0.414062 0.109375 0.414062 0.125000 0.425781 0.128906 0.429688 0.144531 0.425781 0.148438 0.425781 0.167969 0.433594 0.171875 0.437500 0.179688 0.472656 0.183594 0.476562 0.183594 0.496094 0.183594 0.500000 0.171875 0.519531 0.167969 0.523438 0.105469 0.539062 0.101562 0.539062 0.093750 0.535156 0.089844 0.535156 0.062500 0.500000 0.058594 0.496094 0.050781 0.472656 0.046875 0.468750 0.050781 0.449219 0.050781 0.445312 0.089844 0.410156
0 0.000000 0.248884 0.003906 0.253906 0.003906 0.257812 0.015625 0.265625 0.019531 0.269531 0.031250 0.304688 0.035156 0.308594 0.027344 0.382812 0.027344 0.386719 0.000000 0.404948
0 0.730469 0.937500 0.753906 0.937500 0.757812 0.937500 0.820312 0.980469 0.824219 0.984375 0.830078 1.000000 0.731445 1.000000 0.726562 0.980469 0.722656 0.976562 0.722656 0.953125 0.722656 0.949219 0.730469 0.937500
0 0.695312 0.800781 0.730469 0.808594 0.734375 0.808594 0.750000 0.835938 0.753906 0.839844 0.765625 0.832031 0.769531 0.828125 0.789062 0.839844 0.792969 0.839844 0.812500 0.859375 0.816406 0.863281 0.816406 0.875000 0.816406 0.878906 0.808594 0.886719 0.804688 0.890625 0.750000 0.886719 0.746094 0.886719 0.718750 0.925781 0.714844 0.929688 0.691406 0.910156 0.687500 0.906250 0.660156 0.898438 0.656250 0.898438 0.648438 0.890625 0.644531 0.886719 0.640625 0.871094 0.640625 0.867188 0.648438 0.855469 0.648438 0.851562 0.671875 0.835938 0.675781 0.832031 0.695312 0.800781
0 0.496094 0.832031 0.531250 0.832031 0.535156 0.832031 0.558594 0.851562 0.562500 0.851562 0.566406 0.863281 0.570312 0.867188 0.562500 0.906250 0.562500 0.910156 0.523438 0.937500 0.519531 0.941406 0.503906 0.941406 0.500000 0.941406 0.492188 0.933594 0.488281 0.929688 0.472656 0.898438 0.468750 0.894531 0.464844 0.875000 0.460938 0.871094 0.464844 0.855469 0.464844 0.851562 0.496094 0.832031
0 0.371094 0.097656 0.378906 0.097656 0.382812 0.097656 0.406250 0.121094 0.410156 0.125000 0.425781 0.156250 0.425781 0.160156 0.437500 0.171875 0.441406 0.175781 0.441406 0.207031 0.441406 0.210938 0.453125 0.238281 0.453125 0.242188 0.433594 0.289062 0.429688 0.292969 0.414062 0.292969 0.410156 0.292969 0.402344 0.285156 0.398438 0.281250 0.382812 0.242188 0.378906 0.238281 0.351562 0.230469 0.347656 0.226562 0.289062 0.230469 0.285156 0.230469 0.261719 0.203125 0.257812 0.199219 0.261719 0.179688 0.261719 0.175781 0.281250 0.156250 0.285156 0.152344 0.300781 0.117188 0.304688 0.113281 0.339844 0.109375 0.343750 0.109375 0.371094 0.097656
0 0.289062 0.667969 0.304688 0.667969 0.308594 0.667969 0.320312 0.679688 0.324219 0.683594 0.359375 0.683594 0.363281 0.683594 0.394531 0.691406 0.398438 0.691406 0.398438 0.722656 0.398438 0.726562 0.378906 0.746094 0.375000 0.750000 0.347656 0.757812 0.343750 0.761719 0.335938 0.757812 0.332031 0.757812 0.285156 0.699219 0.281250 0.695312 0.281250 0.679688 0.281250 0.675781 0.289062 0.667969
0 0.789062 0.070312 0.789062 0.039062 0.785156 0.035156 0.750000 0.031250 0.726562 0.007812 0.726562 0.000000 0.429688 0.000000 0.425781 0.011719 0.421875 0.011719 0.410156 0.019531 0.410156 0.074219 0.414062 0.078125 0.417969 0.093750 0.445312 0.117188 0.492188 0.125000 0.496094 0.128906 0.546875 0.152344 0.605469 0.140625 0.658207 0.138405 0.660511 0.150765 0.664925 0.155179 0.670979 0.156782 0.686110 0.155179 0.722413 0.130220 0.730231 0.121268 0.732268 0.114452 0.753906 0.093750 0.769531 0.089844
0 0.558594 0.210938 0.593750 0.214844 0.597656 0.214844 0.628906 0.242188 0.632812 0.246094 0.652344 0.273438 0.656250 0.277344 0.656250 0.335938 0.656250 0.339844 0.644531 0.359375 0.644531 0.363281 0.652344 0.371094 0.656250 0.375000 0.699219 0.394531 0.703125 0.394531 0.714844 0.421875 0.714844 0.425781 0.734375 0.441406 0.738281 0.445312 0.800781 0.464844 0.804688 0.468750 0.804688 0.492188 0.804688 0.496094 0.796875 0.531250 0.796875 0.535156 0.789062 0.546875 0.785156 0.550781 0.734375 0.566406 0.730469 0.570312 0.691406 0.566406 0.687500 0.566406 0.664062 0.574219 0.660156 0.578125 0.644531 0.578125 0.640625 0.578125 0.636719 0.574219 0.636719 0.570312 0.640625 0.562500 0.644531 0.558594 0.644531 0.515625 0.644531 0.511719 0.640625 0.507812 0.636719 0.503906 0.617188 0.507812 0.613281 0.507812 0.597656 0.500000 0.593750 0.500000 0.566406 0.464844 0.562500 0.460938 0.554688 0.468750 0.550781 0.472656 0.550781 0.488281 0.550781 0.492188 0.542969 0.503906 0.542969 0.507812 0.531250 0.519531 0.527344 0.523438 0.503906 0.527344 0.500000 0.523438 0.496094 0.515625 0.496094 0.511719 0.515625 0.429688 0.519531 0.425781 0.519531 0.398438 0.519531 0.394531 0.535156 0.351562 0.539062 0.347656 0.539062 0.304688 0.539062 0.300781 0.554688 0.281250 0.558594 0.277344 0.558594 0.265625 0.562500 0.261719 0.550781 0.246094 0.546875 0.242188 0.558594 0.210938
0 0.335938 0.304688 0.351562 0.304688 0.355469 0.304688 0.386719 0.320312 0.390625 0.320312 0.414062 0.347656 0.417969 0.351562 0.421875 0.378906 0.421875 0.382812 0.480469 0.414062 0.484375 0.417969 0.472656 0.460938 0.472656 0.464844 0.425781 0.480469 0.421875 0.484375 0.363281 0.488281 0.359375 0.488281 0.351562 0.500000 0.347656 0.503906 0.328125 0.507812 0.324219 0.507812 0.320312 0.496094 0.320312 0.492188 0.339844 0.433594 0.343750 0.429688 0.335938 0.386719 0.332031 0.382812 0.335938 0.359375 0.339844 0.355469 0.335938 0.320312 0.332031 0.316406 0.335938 0.304688
0 0.266918 0.941958 0.266918 0.932817 0.260388 0.914000 0.259082 0.898863 0.256174 0.888891 0.250000 0.882812 0.242188 0.847656 0.226562 0.832031 0.203125 0.828125 0.171875 0.835938 0.167969 0.839844 0.152344 0.847656 0.152344 0.851562 0.144531 0.863281 0.148438 0.882812 0.152344 0.882812 0.174870 0.898581 0.179082 0.906223 0.204391 0.932838 0.226225 0.941613 0.240956 0.952427 0.247011 0.954029 0.260901 0.952427 0.265315 0.948013 0.266917 0.941958
0 0.218750 0.582031 0.246094 0.585938 0.250000 0.585938 0.269531 0.601562 0.273438 0.605469 0.273438 0.613281 0.273438 0.617188 0.238281 0.648438 0.234375 0.652344 0.210938 0.652344 0.207031 0.648438 0.210938 0.593750 0.210938 0.589844 0.218750 0.582031
0 0.378323 0.664188 0.376721 0.670242 0.372307 0.674656 0.370778 0.675061 0.370374 0.676590 0.365960 0.681004 0.359905 0.682606 0.355866 0.682606 0.349811 0.681004 0.341357 0.673127 0.338024 0.659571 0.338601 0.641683 0.340909 0.622640 0.342512 0.616586 0.346926 0.612171 0.354711 0.610569 0.360766 0.612171 0.366911 0.617739 0.371399 0.631873 0.371399 0.635015 0.372553 0.640082 0.378324 0.660148 0.378324 0.664188
0 0.437500 0.769531 0.472656 0.796875 0.476562 0.800781 0.484375 0.824219 0.484375 0.828125 0.460938 0.843750 0.457031 0.847656 0.406250 0.859375 0.402344 0.863281 0.398438 0.859375 0.394531 0.859375 0.390625 0.843750 0.386719 0.839844 0.390625 0.812500 0.390625 0.808594 0.406250 0.785156 0.406250 0.781250 0.437500 0.769531
0 0.097656 0.660156 0.128906 0.660156 0.132812 0.660156 0.148438 0.671875 0.152344 0.671875 0.152344 0.718750 0.148438 0.722656 0.113281 0.734375 0.109375 0.734375 0.070312 0.703125 0.066406 0.699219 0.066406 0.683594 0.066406 0.679688 0.097656 0.660156
0 0.222656 0.726562 0.246094 0.730469 0.250000 0.730469 0.277344 0.769531 0.281250 0.773438 0.281250 0.789062 0.281250 0.792969 0.265625 0.820312 0.261719 0.824219 0.261719 0.839844 0.257812 0.843750 0.222656 0.824219 0.218750 0.824219 0.210938 0.808594 0.210938 0.804688 0.195312 0.792969 0.191406 0.789062 0.199219 0.746094 0.199219 0.742188 0.203125 0.734375 0.207031 0.730469 0.222656 0.726562
0 0.105469 0.933594 0.132812 0.945312 0.136719 0.945312 0.148438 0.957031 0.152344 0.957031 0.171875 0.976562 0.175781 0.980469 0.179688 1.000000 0.179688 1.000000 0.036830 1.000000 0.046875 0.964844 0.046875 0.960938 0.062500 0.957031 0.066406 0.957031 0.074219 0.949219 0.078125 0.945312 0.105469 0.933594
0 0.046875 0.796875 0.066406 0.796875 0.070312 0.796875 0.105469 0.839844 0.109375 0.843750 0.113281 0.867188 0.113281 0.871094 0.105469 0.882812 0.101562 0.886719 0.070312 0.890625 0.066406 0.890625 0.050781 0.886719 0.046875 0.882812 0.015625 0.882812 0.011719 0.882812 0.000000 0.874023 0.000000 0.843750 0.046875 0.796875
0 0.843750 0.578125 0.855469 0.578125 0.859375 0.578125 0.871094 0.585938 0.875000 0.589844 0.878906 0.625000 0.882812 0.628906 0.875000 0.644531 0.875000 0.648438 0.843750 0.671875 0.839844 0.675781 0.792969 0.691406 0.789062 0.691406 0.722656 0.679688 0.718750 0.679688 0.691406 0.660156 0.687500 0.656250 0.699219 0.617188 0.699219 0.613281 0.710938 0.593750 0.714844 0.589844 0.777344 0.589844 0.781250 0.589844 0.843750 0.578125
