0 0.889127 1.000000 0.890489 0.998344 0.894668 0.991502 0.900031 0.986139 0.904005 0.984166 0.912380 0.986097 0.910106 0.994586 0.905604 0.997075 0.903987 1.000000
0 0.506430 0.974156 0.510020 0.974684 0.513207 0.970649 0.523315 0.975102 0.520244 0.980411 0.513988 0.983383 0.513137 0.983186 0.512416 0.983782 0.506712 0.982883 0.502924 0.982611 0.502533 0.975328 0.506270 0.975098
0 0.775780 0.959884 0.779481 0.959970 0.780882 0.966644 0.784305 0.967010 0.788728 0.969998 0.788728 0.974412 0.787829 0.975702 0.789501 0.980408 0.786512 0.984440 0.779923 0.983655 0.781044 0.979964 0.780789 0.977480 0.779360 0.972242 0.773596 0.970665 0.772956 0.962081
0 0.789714 0.939196 0.791804 0.932938 0.806123 0.931745 0.810535 0.935798 0.803777 0.939821 0.801363 0.939741 0.794793 0.942451
0 0.854130 0.904288 0.856764 0.903276 0.857483 0.903256 0.857963 0.902965 0.859846 0.902459 0.863823 0.899059 0.866668 0.897257 0.869919 0.899073 0.869528 0.906222 0.868102 0.907573 0.863797 0.911563 0.859934 0.910573 0.854172 0.910805 0.851805 0.912041 0.849359 0.907804
0 0.929800 0.744604 0.945890 0.748565 0.948488 0.751816 0.941202 0.755848 0.940293 0.759491 0.936105 0.761817 0.932218 0.769129 0.925851 0.768738 0.922062 0.770301 0.914913 0.770301 0.918324 0.765076 0.922335 0.761846 0.929508 0.760037 0.930651 0.755136 0.927151 0.748945
0 0.991432 0.582749 1.000000 0.582183 1.000000 0.598458 0.996368 0.595089 0.993040 0.592215 0.989205 0.590401 0.989798 0.585396
0 0.800775 0.636299 0.796852 0.639637 0.795097 0.640744 0.790826 0.644206 0.786516 0.644276 0.783779 0.642559 0.784530 0.639327 0.788338 0.637607 0.785793 0.634718 0.783541 0.633982 0.782106 0.628915 0.786239 0.626735 0.793814 0.626309 0.796954 0.631011 0.800115 0.634029
0 0.484027 0.697070 0.488242 0.693808 0.493547 0.700675 0.489138 0.709814 0.481312 0.712375 0.478461 0.709523 0.482133 0.705031
0 0.986575 0.239466 0.990983 0.236102 0.995671 0.236102 1.000000 0.237577 1.000000 0.244789 0.993718 0.246884 0.991369 0.246351 0.983439 0.244872 0.986299 0.239813 0.986581 0.239845
0 0.784207 0.874210 0.790963 0.870322 0.797401 0.873893 0.798827 0.877144 0.790506 0.884292 0.779315 0.883129 0.777880 0.878062
0 0.748090 0.934572 0.751746 0.937599 0.756049 0.942555 0.755029 0.947132 0.760354 0.955309 0.758529 0.957134 0.754258 0.956496 0.750337 0.952184 0.748892 0.947648 0.747084 0.947369 0.742525 0.943981 0.741634 0.938494 0.739916 0.938376 0.737064 0.935524 0.744502 0.933090
0 0.740136 0.878516 0.752870 0.879344 0.753913 0.883239 0.751179 0.887145 0.744773 0.889582 0.736621 0.883947 0.737155 0.881136
0 0.134552 0.765204 0.143374 0.765677 0.140925 0.774082 0.136416 0.773541 0.128768 0.770580 0.125816 0.767756 0.128667 0.764905
0 0.976335 0.537203 0.980457 0.534940 0.982019 0.535436 0.988269 0.535045 0.998425 0.532987 1.000000 0.534246 1.000000 0.539200 0.999070 0.540261 0.997255 0.540929 0.998161 0.545858 0.991998 0.548498 0.986961 0.552371 0.982019 0.552753 0.977987 0.550546 0.977324 0.544023 0.976043 0.540917
0 0.974162 0.577450 0.962822 0.575695 0.958148 0.569880 0.954550 0.563710 0.957019 0.562284 0.959949 0.562441 0.966257 0.563057 0.969096 0.567068 0.971863 0.567362 0.978621 0.572948 0.975804 0.576595
0 0.861997 0.712096 0.871141 0.722070 0.869706 0.723505 0.861080 0.721782 0.852402 0.716864 0.849804 0.712832 0.853775 0.708811
0 0.970893 0.646811 0.972150 0.643418 0.973309 0.636020 0.977859 0.635352 0.980457 0.635629 0.983439 0.638611 0.985231 0.640130 0.985993 0.640384 0.986348 0.641385 0.986960 0.643107 0.988719 0.648060 0.985517 0.650221 0.985407 0.652806 0.982014 0.655350 0.981824 0.655998 0.981075 0.655621 0.977273 0.656028 0.974480 0.655803 0.972254 0.650205
0 0.986058 0.425424 0.987895 0.420636 0.993364 0.416339 0.997387 0.416339 1.000000 0.420536 1.000000 0.426893 0.988371 0.427005
0 0.940866 0.384848 0.946938 0.381977 0.949407 0.386254 0.945473 0.394631 0.939120 0.396094 0.928487 0.388483 0.928681 0.388159 0.927094 0.384824 0.928911 0.381182 0.931931 0.380506 0.936840 0.380401 0.938083 0.383858
0 0.855326 0.409835 0.858584 0.409093 0.870682 0.411210 0.872116 0.415496 0.860662 0.418093 0.852334 0.416668 0.852534 0.413615
0 0.602774 0.385156 0.605144 0.390365 0.598314 0.392332 0.592161 0.389065 0.588993 0.388484 0.581381 0.388285 0.579270 0.386955 0.581740 0.381896 0.581909 0.381939 0.582404 0.382265 0.587209 0.382820 0.598654 0.382265 0.599526 0.381646
0 0.503382 0.585037 0.509398 0.588065 0.505767 0.591568 0.510969 0.593671 0.509144 0.598347 0.501605 0.598347 0.492757 0.591190
0 0.166502 0.574481 0.169637 0.574139 0.178780 0.581302 0.181521 0.585477 0.176189 0.591462 0.166434 0.584950 0.165376 0.578055
0 0.684123 0.584907 0.692914 0.587729 0.693592 0.590738 0.694082 0.594324 0.685187 0.595621 0.680953 0.599536 0.677951 0.597803 0.677077 0.595029 0.674780 0.595738 0.671021 0.593247 0.665775 0.588336 0.669558 0.584532 0.671580 0.584565 0.677155 0.580734 0.681086 0.583243
0 0.685585 0.629476 0.682739 0.628552 0.680892 0.627744 0.675468 0.625998 0.678075 0.623782 0.681095 0.623105 0.682762 0.621829 0.697723 0.620657 0.700953 0.623105 0.704618 0.626642 0.700594 0.630275 0.696434 0.629502 0.695125 0.628998 0.690243 0.628737 0.688452 0.629290
0 0.573909 0.674094 0.579632 0.675648 0.585745 0.681633 0.580686 0.684103 0.576389 0.683321 0.573980 0.681067 0.571302 0.681012 0.566165 0.680396 0.566172 0.680354 0.564993 0.680005 0.564602 0.672723 0.567527 0.672326 0.567591 0.671950 0.568405 0.672420 0.573237 0.674165
0 0.511188 0.724550 0.524802 0.723315 0.529880 0.725523 0.527441 0.734437 0.515634 0.734847 0.512110 0.731010 0.510795 0.727829
0 0.550243 0.664898 0.553749 0.663648 0.558886 0.663664 0.562655 0.670039 0.557714 0.676415 0.553037 0.675762
0 0.481998 0.619848 0.476316 0.624548 0.470346 0.625464 0.466577 0.625577 0.463437 0.622437 0.462594 0.620893 0.467538 0.615048 0.466938 0.614412 0.470807 0.614442 0.472173 0.610745 0.474780 0.608138 0.491440 0.604345 0.496644 0.606057 0.494819 0.615421 0.485954 0.618733
0 0.541481 0.582561 0.543614 0.580182 0.551927 0.579818 0.555834 0.577655 0.557469 0.579291 0.560375 0.581288 0.554652 0.591570 0.551019 0.591961 0.549639 0.589746 0.542543 0.585970
0 0.727855 0.225900 0.732542 0.223343 0.736807 0.218950 0.740448 0.221938 0.742784 0.226880 0.735889 0.233255 0.725744 0.232212
0 0.756798 0.184001 0.762695 0.169861 0.770887 0.170514 0.771060 0.173503 0.765952 0.184551 0.764766 0.186129 0.759370 0.185718
0 0.472779 0.231715 0.475240 0.228917 0.486179 0.221996 0.490406 0.224046 0.486237 0.238879 0.483640 0.239652 0.473779 0.235973
0 0.564821 0.208154 0.567363 0.203396 0.565623 0.201603 0.565276 0.201630 0.561244 0.200204 0.563069 0.195137 0.569827 0.194356 0.571652 0.196571 0.571829 0.197600 0.572005 0.197822 0.572112 0.197813 0.573870 0.197099 0.575063 0.206168 0.574777 0.208798 0.573343 0.210232 0.570015 0.209694
0 0.730008 0.122801 0.734900 0.124074 0.736980 0.123873 0.739762 0.124616 0.740465 0.129043 0.737633 0.132020 0.734529 0.132403 0.732389 0.133229 0.725929 0.134858 0.720872 0.133919 0.720789 0.133502 0.716471 0.130075 0.716684 0.126407 0.716280 0.122537 0.727072 0.122268
0 0.612421 0.086818 0.613698 0.089038 0.613849 0.092571 0.614352 0.092810 0.616958 0.101393 0.614742 0.103218 0.613525 0.103409 0.613337 0.106861 0.610731 0.108686 0.600848 0.108686 0.600067 0.102185 0.602274 0.101412 0.603095 0.098990 0.600195 0.094752 0.600023 0.091764 0.601012 0.084052 0.602802 0.081091 0.610213 0.082525 0.610402 0.084668
0 0.704964 0.379750 0.705095 0.377031 0.707466 0.370608 0.713970 0.369549 0.725285 0.370143 0.725285 0.374283 0.725564 0.374635 0.724491 0.381177 0.724425 0.381377 0.724756 0.383545 0.727152 0.385941 0.728521 0.391545 0.730529 0.393804 0.731000 0.397319 0.731247 0.397926 0.729134 0.398658 0.721650 0.399681 0.721380 0.398258 0.719448 0.396326 0.716588 0.395419 0.711245 0.387733 0.708062 0.386539 0.705260 0.383310 0.704722 0.380287
0 0.704583 0.379508 0.705260 0.383310 0.708062 0.386539 0.711245 0.387733 0.716588 0.395419 0.719448 0.396326 0.721380 0.398258 0.723667 0.410311 0.724137 0.411961 0.721401 0.419740 0.719829 0.420162 0.717502 0.418985 0.715142 0.419380 0.707514 0.417382 0.705429 0.417413 0.705111 0.418253 0.701478 0.418467 0.700161 0.421641 0.694080 0.420364 0.691450 0.419297 0.688168 0.415232 0.685728 0.411359 0.685728 0.407452 0.686223 0.405890 0.686853 0.404374 0.686664 0.403947 0.682732 0.400621 0.679990 0.393641 0.682775 0.383362 0.684959 0.380947 0.687920 0.377263 0.691450 0.373342 0.701205 0.374777 0.701214 0.375801
0 0.985493 0.095336 0.985012 0.095817 0.983354 0.097814 0.982722 0.098107 0.982532 0.098297 0.978135 0.098743 0.967828 0.093902 0.965081 0.089909 0.970856 0.085697 0.978075 0.088730 0.979584 0.087415 0.985569 0.089622 0.985330 0.095134
0 0.640322 0.176268 0.640141 0.174044 0.639747 0.173672 0.636217 0.170923 0.636217 0.168071 0.640249 0.166255 0.642092 0.166867 0.647871 0.166867 0.649231 0.170380 0.650314 0.175899 0.648732 0.177480 0.642851 0.177579
0 0.887202 0.326912 0.894410 0.326375 0.899684 0.326218 0.901637 0.326713 0.905406 0.326991 0.908794 0.329987 0.910711 0.334639 0.911528 0.339480 0.906852 0.340914 0.903336 0.338961 0.902243 0.337734 0.895097 0.334238 0.893434 0.334265 0.885105 0.331667 0.885688 0.329053
0 0.569630 0.450418 0.574158 0.443302 0.584112 0.445639 0.589707 0.453432 0.582804 0.458382 0.576436 0.456819 0.571813 0.453333
0 0.533652 0.393400 0.540418 0.395111 0.541199 0.401752 0.539765 0.407600 0.532745 0.405775 0.532716 0.405631 0.531576 0.405257 0.529751 0.403432 0.529217 0.401726 0.526244 0.395756 0.527670 0.393286 0.530332 0.393288
0 0.515240 0.267301 0.519158 0.262036 0.519692 0.259940 0.522283 0.256567 0.523861 0.254209 0.529700 0.257850 0.528432 0.261334 0.527756 0.265526 0.524774 0.269289 0.521390 0.273094 0.521497 0.274647 0.519681 0.279070 0.512142 0.279070 0.511984 0.272335 0.513498 0.269921
0 0.522265 0.229349 0.523545 0.224130 0.529975 0.225968 0.536667 0.229645 0.535375 0.238113 0.528433 0.239904 0.524174 0.237368
0 0.584528 0.167902 0.597170 0.168123 0.603347 0.174352 0.600389 0.178708 0.586962 0.181838 0.583725 0.178389 0.581492 0.178375 0.577136 0.178255 0.576093 0.174359 0.580652 0.169800 0.582154 0.169385
0 0.707204 0.872188 0.700725 0.872188 0.697588 0.866754 0.694521 0.864823 0.691123 0.864551 0.689307 0.861691 0.689689 0.860265 0.695121 0.855336 0.695420 0.854925 0.699189 0.854543 0.700853 0.854570 0.703877 0.853371 0.707271 0.856111 0.709471 0.857921 0.710217 0.861402 0.711034 0.862609 0.711425 0.867804 0.707488 0.870701
0 0.959849 0.775439 0.965302 0.767271 0.969853 0.766993 0.980135 0.770658 0.984423 0.775600 0.980009 0.778451 0.962483 0.778038
0 0.799552 0.505213 0.797113 0.504559 0.795413 0.501615 0.793829 0.501243 0.793048 0.495132 0.798771 0.493683 0.803477 0.492516 0.805157 0.491226 0.807364 0.490844 0.812568 0.492660 0.812568 0.497074 0.812136 0.497507 0.813224 0.497484 0.815821 0.498257 0.818165 0.498648 0.821154 0.503461 0.818413 0.506464 0.812579 0.507884 0.810236 0.507493 0.805834 0.504654 0.804239 0.504750 0.800210 0.504833
0 0.870518 0.560125 0.869026 0.555914 0.873781 0.550240 0.882740 0.550790 0.885538 0.553588 0.887879 0.553550 0.893733 0.555737 0.896289 0.559761 0.892084 0.564885 0.883340 0.566484 0.882174 0.567323 0.879622 0.568796 0.877052 0.571918 0.868860 0.569702 0.868582 0.566323 0.870705 0.560917
0 0.802886 0.707113 0.806476 0.705473 0.810118 0.705544 0.810796 0.702416 0.813451 0.699766 0.820000 0.699406 0.826444 0.695966 0.831334 0.695457 0.834475 0.693045 0.837662 0.692048 0.842980 0.688681 0.855627 0.692076 0.856047 0.695836 0.846596 0.704976 0.841727 0.707655 0.837909 0.712203 0.837375 0.714198 0.829839 0.719053 0.829507 0.718987 0.829088 0.720136 0.822126 0.721014 0.818806 0.721171 0.815427 0.720789 0.813993 0.719355 0.813615 0.717912 0.810739 0.717274 0.809040 0.716379 0.808959 0.716379 0.800941 0.717133 0.800899 0.717116 0.794071 0.716230 0.797211 0.709457 0.800631 0.708743 0.800974 0.708038 0.802532 0.707877
0 0.305633 0.898843 0.308659 0.894770 0.312169 0.894091 0.322178 0.895670 0.323861 0.896062 0.326304 0.898505 0.326304 0.901648 0.323720 0.912415 0.319986 0.916150 0.310382 0.918734 0.307350 0.915272 0.304072 0.909982 0.304063 0.904534 0.305146 0.903451 0.305068 0.902170
0 0.315489 0.865128 0.310102 0.861747 0.312535 0.857733 0.317552 0.855589 0.320301 0.855922 0.323012 0.851993 0.327606 0.848143 0.327749 0.845533 0.334814 0.840191 0.341377 0.839073 0.341338 0.850439 0.340516 0.857721 0.337373 0.859605 0.335489 0.864039 0.319591 0.865210
0 0.336766 0.820849 0.333586 0.816051 0.332082 0.815870 0.330756 0.811782 0.330661 0.811639 0.333773 0.807797 0.333880 0.801044 0.336374 0.789718 0.338477 0.789300 0.339774 0.778493 0.344348 0.775517 0.347934 0.769393 0.352391 0.765327 0.356297 0.760639 0.361150 0.760546 0.362938 0.756343 0.365539 0.755855 0.370211 0.757124 0.371821 0.756348 0.375051 0.753509 0.385750 0.753936 0.388840 0.753900 0.390274 0.758576 0.387794 0.761838 0.388712 0.762756 0.390808 0.766414 0.395344 0.773557 0.394714 0.775230 0.392513 0.780946 0.391341 0.783681 0.391055 0.786311 0.388712 0.790998 0.386887 0.792823 0.384948 0.793589 0.384415 0.795295 0.380795 0.798525 0.377512 0.804151 0.372538 0.806390 0.370743 0.809748 0.364230 0.816261 0.358098 0.817314 0.353684 0.821339 0.348547 0.821954 0.346789 0.822502 0.342238 0.821729 0.341627 0.821224
0 0.726562 0.257812 0.769531 0.257812 0.773438 0.257812 0.781250 0.265625 0.785156 0.269531 0.800781 0.273438 0.804688 0.273438 0.820312 0.300781 0.824219 0.304688 0.824219 0.316406 0.824219 0.320312 0.816406 0.328125 0.812500 0.332031 0.796875 0.335938 0.792969 0.339844 0.792969 0.371094 0.792969 0.375000 0.773438 0.394531 0.769531 0.398438 0.765625 0.410156 0.761719 0.414062 0.750000 0.414062 0.746094 0.414062 0.730469 0.394531 0.726562 0.390625 0.726562 0.382812 0.722656 0.378906 0.718750 0.265625 0.718750 0.261719 0.726562 0.257812
0 0.409930 0.661279 0.413774 0.658305 0.425130 0.648555 0.428007 0.643186 0.433309 0.636389 0.441159 0.639826 0.444832 0.648402 0.446789 0.654149 0.447134 0.660038 0.449275 0.665092 0.449602 0.668955 0.451242 0.673616 0.452604 0.680961 0.458222 0.685581 0.458071 0.689371 0.458721 0.699690 0.455394 0.703016 0.452448 0.703470 0.445598 0.705997 0.442934 0.705052 0.440936 0.710495 0.435902 0.708928 0.432386 0.708520 0.421009 0.706171 0.420521 0.701360 0.413865 0.698529 0.409553 0.688896 0.409177 0.685366 0.407034 0.679849 0.410402 0.668768 0.408891 0.665367
