0 0.606023 0.073756 0.621094 0.074219 0.625000 0.074219 0.667969 0.109375 0.671875 0.113281 0.730469 0.132812 0.734375 0.136719 0.734473 0.140627 0.738218 0.140641 0.738299 0.156353 0.734375 0.156250 0.734343 0.160052 0.726562 0.167969 0.726562 0.171875 0.682077 0.234972 0.675781 0.238281 0.675523 0.242068 0.672000 0.246070 0.660330 0.246070 0.654587 0.235886 0.652344 0.230469 0.609375 0.140625 0.609375 0.136719 0.582031 0.109375 0.578125 0.105469 0.570312 0.089844 0.566406 0.085938 0.566560 0.077964 0.571964 0.070725 0.574442 0.066819 0.588733 0.066143 0.586440 0.073261
0 0.429688 0.156250 0.455989 0.156439 0.500000 0.164062 0.503715 0.164828 0.513138 0.180644 0.519531 0.187228 0.519531 0.207031 0.519531 0.210938 0.511719 0.214844 0.508130 0.215099 0.488579 0.214759 0.484314 0.214992 0.470972 0.209668 0.465002 0.207446 0.429688 0.171875 0.429061 0.168379 0.429688 0.156250
0 0.640106 0.753906 0.640718 0.757272 0.683594 0.757812 0.687500 0.757812 0.730325 0.777376 0.734375 0.781250 0.742188 0.792969 0.746094 0.796875 0.767878 0.818860 0.776748 0.822756 0.785020 0.832416 0.789062 0.847656 0.792969 0.851562 0.792969 0.894531 0.792969 0.898438 0.788642 0.929688 0.787015 0.933710 0.773434 0.972656 0.762006 0.972750 0.760477 0.969658 0.746705 0.968331 0.734375 0.964844 0.730469 0.964844 0.726726 0.964848 0.726180 0.961148 0.703249 0.960858 0.703125 0.953125 0.699219 0.949219 0.695312 0.933594 0.693578 0.930771 0.644531 0.828125 0.640020 0.824219 0.628906 0.781250 0.625000 0.777344 0.621180 0.754012
0 0.253906 0.722656 0.264487 0.722527 0.285156 0.753906 0.289062 0.757812 0.313998 0.773365 0.343750 0.796875 0.347656 0.796875 0.362892 0.813596 0.378906 0.835938 0.382812 0.839844 0.402141 0.847572 0.414062 0.855469 0.417969 0.855469 0.433711 0.866903 0.443428 0.876641 0.445642 0.879519 0.449155 0.882841 0.449316 0.886640 0.425738 0.886718 0.425343 0.882855 0.417878 0.882871 0.417969 0.878906 0.414062 0.878906 0.343750 0.839844 0.339844 0.839844 0.324219 0.824219 0.320312 0.824219 0.273438 0.773438 0.269531 0.769531 0.253906 0.734375 0.250000 0.730469 0.253906 0.722656
0 0.903888 0.637769 0.905999 0.619474 0.932034 0.589921 0.933441 0.558962 0.915146 0.549814 0.915850 0.529409 0.903184 0.508300 0.891223 0.509707 0.871521 0.530816 0.860966 0.568109 0.859559 0.613845 0.875039 0.641991 0.889112 0.646212 0.896852 0.644102 0.901073 0.644102
0 1.000000 0.173982 0.981673 0.168912 0.881784 0.046191 0.879405 0.028592 0.872746 0.024786 0.882259 0.003382 0.889870 0.001955 0.894151 0.011943 0.921739 0.028592 0.946950 0.035727 0.977392 0.052375 0.976916 0.072353 0.984051 0.076634 0.984527 0.085671 0.992030 0.086011 0.992182 0.116524 0.996411 0.117280 1.000000 0.133686
0 0.438999 0.223107 0.449219 0.222656 0.453125 0.222656 0.468750 0.234375 0.472656 0.238281 0.476562 0.250000 0.480014 0.253452 0.484297 0.257960 0.484445 0.273134 0.475211 0.277942 0.458530 0.292293 0.449219 0.296875 0.407827 0.308741 0.399416 0.307840 0.382882 0.273585 0.362761 0.268778 0.339323 0.255708 0.334516 0.247748 0.339246 0.242716 0.351034 0.234981 0.365627 0.235136 0.389126 0.260134 0.404767 0.242700
0 0.691406 0.230469 0.761719 0.234375 0.765625 0.234375 0.781250 0.246094 0.785156 0.246094 0.792969 0.261719 0.796875 0.265625 0.800639 0.271232 0.800781 0.292969 0.804688 0.296875 0.804852 0.331643 0.804852 0.339039 0.771082 0.351534 0.760003 0.359511 0.750940 0.359317 0.742188 0.351562 0.726562 0.343750 0.722656 0.339844 0.699545 0.336327 0.698284 0.343904 0.687888 0.343527 0.676033 0.346047 0.675309 0.328498 0.679900 0.320150 0.690214 0.316125 0.691406 0.300781 0.691600 0.235155 0.691406 0.230469
0 0.412445 0.487640 0.409828 0.477287 0.402679 0.470138 0.392914 0.467521 0.390439 0.468184 0.389455 0.467200 0.379689 0.464582 0.369923 0.467200 0.364435 0.469750 0.348177 0.473959 0.342887 0.476310 0.333003 0.484725 0.323345 0.486623 0.320147 0.486623 0.313568 0.484860 0.306809 0.483978 0.276635 0.483978 0.270436 0.477779 0.260082 0.475162 0.248848 0.478367 0.240523 0.486691 0.236409 0.491980 0.233792 0.502198 0.222693 0.504816 0.214957 0.512846 0.212339 0.522611 0.212046 0.529664 0.215544 0.542075 0.218777 0.546483 0.227101 0.554807 0.239150 0.561860 0.253522 0.565946 0.254725 0.567150 0.264491 0.569767 0.266039 0.569352 0.269780 0.570354 0.279868 0.567709 0.285943 0.567416 0.288493 0.567416 0.298580 0.570354 0.309454 0.570061 0.314958 0.568885 0.317809 0.568885 0.318106 0.569993 0.322598 0.574484 0.314560 0.583266 0.308095 0.595609 0.305904 0.605190 0.307507 0.611245 0.311921 0.615659 0.317976 0.617260 0.324030 0.615659 0.328445 0.611245 0.329607 0.606849 0.332852 0.601253 0.334428 0.597033 0.338436 0.591849 0.345965 0.584026 0.352242 0.579806 0.357532 0.577455 0.360326 0.574971 0.365828 0.573504 0.369248 0.570084 0.372000 0.569096 0.373761 0.567333 0.376114 0.566451 0.378692 0.563872 0.381814 0.563035 0.385928 0.560684 0.393077 0.553536 0.396282 0.540955 0.399248 0.535609 0.401520 0.528635 0.405713 0.520916 0.410094 0.504391 0.409828 0.497406
0 0.300824 0.584705 0.299223 0.590759 0.294809 0.595173 0.292382 0.595815 0.285348 0.601957 0.283740 0.604159 0.281968 0.610394 0.279588 0.614559 0.269820 0.624923 0.267101 0.627025 0.263821 0.631516 0.259573 0.638441 0.256384 0.648175 0.250482 0.653482 0.240560 0.655977 0.230148 0.656571 0.222910 0.655084 0.207836 0.654489 0.199104 0.652292 0.195237 0.650507 0.186063 0.641928 0.181791 0.634979 0.174758 0.628243 0.170593 0.621104 0.168905 0.614655 0.165834 0.611584 0.164048 0.608609 0.162446 0.601067 0.164048 0.595012 0.165536 0.592632 0.172627 0.585243 0.175661 0.583240 0.176246 0.581030 0.180660 0.576616 0.189987 0.574716 0.246808 0.574121 0.251201 0.574716 0.271039 0.574716 0.288754 0.572336 0.294809 0.573938 0.299223 0.578352 0.300825 0.584705
0 0.330871 0.651640 0.328972 0.658290 0.323070 0.663894 0.311064 0.668761 0.306411 0.673414 0.303138 0.675198 0.297084 0.676800 0.294638 0.676154 0.289349 0.677396 0.283294 0.675794 0.277690 0.669892 0.272930 0.662157 0.271328 0.654318 0.272930 0.648263 0.277345 0.643849 0.284187 0.640577 0.286567 0.638791 0.295001 0.636296 0.297976 0.636296 0.304031 0.637899 0.305701 0.639569 0.318800 0.639271 0.324855 0.640874 0.329269 0.645288 0.330872 0.651640
0 1.000000 0.285930 0.997620 0.286560 0.994209 0.288134 0.983187 0.299681 0.981125 0.300968 0.973686 0.303671 0.960093 0.307291 0.952745 0.310178 0.950121 0.312015 0.941986 0.320675 0.937787 0.323562 0.933111 0.328239 0.932323 0.329288 0.930721 0.335343 0.930721 0.339542 0.933373 0.350320 0.935997 0.357405 0.938789 0.361510 0.940196 0.365279 0.944610 0.369693 0.951714 0.371820 0.954601 0.371820 0.960656 0.370217 0.972155 0.359768 0.977976 0.352372 0.982264 0.349776 0.989504 0.349776 0.993555 0.348803 1.000000 0.350925
0 0.324754 0.341832 0.323778 0.340066 0.320391 0.339332 0.319877 0.331479 0.319091 0.329134 0.316198 0.325043 0.316485 0.321364 0.315859 0.319060 0.314179 0.317380 0.312918 0.317038 0.313130 0.304118 0.312505 0.301814 0.310825 0.300134 0.307946 0.299507 0.300281 0.300465 0.297689 0.301284 0.295325 0.304127 0.284855 0.304587 0.282286 0.305477 0.281337 0.301301 0.277145 0.298487 0.273529 0.297103 0.270067 0.291409 0.265672 0.287014 0.265290 0.285177 0.269043 0.284637 0.270699 0.282980 0.276038 0.281033 0.279731 0.277870 0.281003 0.275962 0.281736 0.271961 0.280579 0.267855 0.278370 0.265539 0.268155 0.260412 0.261729 0.255046 0.251793 0.253360 0.239817 0.253890 0.235711 0.254941 0.232743 0.257590 0.228079 0.258968 0.225976 0.261284 0.225349 0.264542 0.226187 0.267377 0.227566 0.269496 0.232001 0.273826 0.238254 0.276370 0.244295 0.281139 0.252235 0.282932 0.254004 0.285067 0.253658 0.289846 0.250601 0.292374 0.247836 0.292874 0.243162 0.302712 0.238253 0.310288 0.230660 0.317471 0.228608 0.320344 0.227005 0.326398 0.227005 0.328656 0.229634 0.336763 0.247488 0.356873 0.257032 0.366623 0.263087 0.368224 0.269141 0.366623 0.273555 0.362209 0.275157 0.356154 0.274047 0.351960 0.281043 0.347333 0.288224 0.343537 0.288119 0.350575 0.285939 0.355357 0.284427 0.361721 0.281219 0.363154 0.271990 0.370372 0.268782 0.373580 0.267244 0.376301 0.266229 0.380130 0.267244 0.383841 0.269979 0.386576 0.273689 0.387591 0.278355 0.387242 0.280816 0.385796 0.282488 0.382982 0.284909 0.382943 0.285886 0.381263 0.285613 0.379948 0.284909 0.379245 0.282936 0.379062 0.281927 0.377037 0.282317 0.375631 0.284778 0.374186 0.290266 0.375409 0.290890 0.375098 0.290840 0.375569 0.292016 0.376013 0.293324 0.377828 0.293052 0.380587 0.294366 0.383112 0.298183 0.383568 0.303757 0.382605 0.304460 0.381902 0.305057 0.378445 0.304408 0.373741 0.304930 0.362180 0.303684 0.359856 0.301712 0.359214 0.300657 0.358159 0.300098 0.356414 0.300489 0.353571 0.302220 0.351841 0.305957 0.351482 0.308497 0.350255 0.310627 0.347714 0.311679 0.348062 0.318730 0.346762 0.324481 0.342808
0 0.868669 0.435125 0.867536 0.429462 0.866318 0.427330 0.851398 0.409366 0.836175 0.386834 0.833853 0.384513 0.828562 0.377091 0.820037 0.369174 0.817601 0.365521 0.812157 0.360077 0.809112 0.357641 0.803023 0.354292 0.797055 0.352855 0.792915 0.353988 0.791088 0.355510 0.788080 0.358518 0.786558 0.363085 0.785425 0.367225 0.785856 0.375300 0.784207 0.380318 0.785340 0.384459 0.788957 0.388075 0.791052 0.389343 0.789566 0.389916 0.786558 0.392924 0.785425 0.397064 0.786558 0.401205 0.789566 0.404213 0.795257 0.405338 0.799744 0.411850 0.799744 0.413172 0.799037 0.415764 0.797217 0.416975 0.781649 0.421278 0.778032 0.424895 0.776899 0.430862 0.778641 0.436830 0.780468 0.439875 0.790175 0.450190 0.803267 0.459324 0.811975 0.462284 0.817456 0.462284 0.832605 0.459231 0.839379 0.458630 0.845650 0.456889 0.849913 0.454453 0.861179 0.445927 0.866927 0.440484 0.867536 0.439266
0 0.633472 0.678427 0.634484 0.669321 0.606153 0.595457 0.584398 0.580786 0.516606 0.579774 0.482710 0.562067 0.458932 0.562067 0.455896 0.596975 0.462979 0.596469 0.468038 0.609117 0.462473 0.633907 0.549490 0.661732 0.623354 0.672356
0 0.578328 0.758868 0.634990 0.678427 0.622342 0.671345 0.548479 0.662238 0.459943 0.633401 0.430095 0.664262 0.432624 0.692593 0.499405 0.740655 0.516100 0.738125 0.535831 0.739137 0.551514 0.753809 0.564162 0.756338 0.568715 0.761397
0 0.463877 0.603852 0.463361 0.595591 0.455618 0.596366 0.446583 0.592494 0.426192 0.592752 0.397024 0.586041 0.382053 0.585525 0.382311 0.595850 0.419739 0.625792 0.433161 0.625017 0.461038 0.604884
0 0.467338 0.618575 0.465066 0.622198 0.463343 0.627486 0.457813 0.634861 0.449017 0.642735 0.445214 0.648074 0.436060 0.658150 0.428539 0.660512 0.416248 0.660819 0.410571 0.658764 0.399010 0.645974 0.394592 0.642171 0.387525 0.637869 0.384205 0.635149 0.377269 0.631358 0.366629 0.628343 0.363621 0.625335 0.362488 0.621195 0.363621 0.617054 0.366629 0.614046 0.375521 0.611385 0.377142 0.602304 0.380150 0.599296 0.384290 0.598164 0.388431 0.599296 0.391439 0.602304 0.392696 0.607249 0.393956 0.609280 0.400415 0.613124 0.411785 0.622957 0.420884 0.628369 0.425899 0.629822 0.428635 0.629822 0.435768 0.622957 0.443566 0.618232 0.450327 0.613009 0.455742 0.607286 0.460190 0.606153 0.464330 0.607286 0.467338 0.610294 0.468471 0.614434
0 0.036159 0.800267 0.034987 0.801439 0.033008 0.802076 0.028950 0.802180 0.027388 0.801751 0.026216 0.800579 0.025619 0.798087 0.021964 0.796870 0.020847 0.796849 0.019691 0.798005 0.018129 0.798434 0.007721 0.796548 0.004677 0.793191 0.003414 0.789443 0.003844 0.786112 0.005654 0.783950 0.006862 0.779452 0.008866 0.777552 0.010935 0.776863 0.012412 0.773798 0.014146 0.767590 0.015734 0.766106 0.017296 0.765677 0.018859 0.766106 0.020030 0.767278 0.020484 0.769427 0.028742 0.769214 0.030702 0.770041 0.032429 0.769447 0.033991 0.769877 0.035163 0.771049 0.035593 0.774222 0.035163 0.775784 0.033991 0.776956 0.031291 0.777073 0.030966 0.786695 0.033974 0.788817 0.034404 0.790380 0.033974 0.791942 0.032802 0.793114 0.031413 0.793496 0.030720 0.795345 0.034987 0.795866 0.036159 0.797037 0.036589 0.798704
0 0.132627 0.688930 0.132339 0.696805 0.128540 0.711905 0.124644 0.716098 0.119493 0.717694 0.117877 0.720198 0.109399 0.728084 0.107806 0.731454 0.105204 0.734057 0.104252 0.738859 0.101244 0.741867 0.097104 0.743000 0.092963 0.741867 0.089206 0.739362 0.086440 0.740038 0.076738 0.737364 0.073407 0.737076 0.066897 0.735054 0.063445 0.732194 0.063080 0.733527 0.059480 0.737128 0.054451 0.738261 0.050310 0.737128 0.047302 0.734120 0.046170 0.729979 0.046762 0.716946 0.047895 0.712806 0.055064 0.705045 0.055064 0.702251 0.052102 0.688531 0.049672 0.683766 0.048539 0.679625 0.049672 0.673708 0.053568 0.669811 0.059486 0.667790 0.067852 0.667798 0.074296 0.666309 0.079332 0.666309 0.083472 0.667442 0.090116 0.670464 0.093253 0.670752 0.113322 0.676388 0.120207 0.676972 0.129087 0.679586 0.132095 0.682594 0.133227 0.686734
0 0.236203 0.743459 0.236203 0.717953 0.235270 0.703645 0.231337 0.688306 0.227396 0.684365 0.223041 0.682810 0.218895 0.677730 0.218154 0.676349 0.215785 0.664977 0.214540 0.662488 0.207489 0.655437 0.199712 0.653259 0.196602 0.651393 0.192211 0.646869 0.189565 0.645782 0.185891 0.641886 0.183669 0.637220 0.173893 0.626333 0.168918 0.617488 0.164778 0.616355 0.160637 0.617488 0.157629 0.620496 0.156496 0.624948 0.160429 0.638420 0.165405 0.648374 0.170693 0.654595 0.175975 0.665780 0.176412 0.667485 0.176404 0.684981 0.178159 0.691921 0.182729 0.697736 0.187581 0.698673 0.190589 0.701681 0.191722 0.705822 0.190593 0.709947 0.194645 0.717739 0.205103 0.734730 0.208408 0.741455 0.209048 0.744224 0.204807 0.745332 0.201799 0.748339 0.200666 0.752480 0.201799 0.756621 0.204807 0.759629 0.213924 0.762627 0.218065 0.761495 0.221073 0.758487 0.221541 0.756774 0.223561 0.754754 0.224300 0.752053 0.226677 0.752363 0.230818 0.751230 0.235070 0.747600
0 1.000000 0.894503 0.995112 0.889449 0.991486 0.881938 0.986742 0.874802 0.982743 0.865124 0.979269 0.859258 0.972711 0.852999 0.964341 0.846721 0.958344 0.840725 0.956912 0.835687 0.958045 0.829454 0.961352 0.826147 0.967031 0.822261 0.974785 0.813611 0.979410 0.804816 0.980527 0.796528 0.982856 0.787904 0.984052 0.785811 0.987059 0.782803 0.991543 0.779814 0.999271 0.778382 1.000000 0.778521
0 1.000000 1.000000 1.000000 0.995067 0.999085 0.994793 0.989205 0.994608 0.984886 0.993800 0.978134 0.990328 0.971957 0.983187 0.967816 0.982054 0.963483 0.983187 0.960475 0.986195 0.959342 0.990335 0.959608 0.991307 0.953912 0.996424 0.952368 0.999320 0.952182 1.000000
0 0.625907 0.260733 0.624582 0.249367 0.624590 0.242955 0.623457 0.238815 0.620450 0.235807 0.616090 0.234674 0.609285 0.237154 0.604865 0.232076 0.601792 0.230100 0.597652 0.228967 0.595018 0.228967 0.589341 0.230759 0.583699 0.236620 0.580626 0.244083 0.573163 0.255497 0.565700 0.264936 0.556042 0.280959 0.554031 0.287734 0.554031 0.290807 0.555039 0.291121 0.558047 0.294129 0.559180 0.298270 0.558047 0.302410 0.555039 0.305418 0.550898 0.306551 0.548339 0.305850 0.542842 0.310875 0.543148 0.321344 0.545002 0.323197 0.550459 0.324550 0.554849 0.324769 0.561215 0.324111 0.565795 0.322758 0.569241 0.319312 0.572260 0.314098 0.575150 0.310988 0.578994 0.310721 0.583135 0.309588 0.586208 0.307832 0.593167 0.297142 0.600600 0.287983 0.612559 0.275642 0.616624 0.269984 0.625777 0.260830
0 0.691760 0.287035 0.691200 0.290618 0.691320 0.309403 0.690308 0.316500 0.687748 0.317020 0.684979 0.316263 0.682091 0.317052 0.680043 0.316492 0.675903 0.317625 0.672895 0.320632 0.671079 0.327663 0.668520 0.330221 0.663282 0.331793 0.661087 0.331793 0.656507 0.330441 0.653298 0.327231 0.649060 0.324980 0.638918 0.324550 0.627753 0.321880 0.626345 0.320911 0.620699 0.321916 0.611071 0.319027 0.607624 0.315580 0.606052 0.310561 0.606061 0.303041 0.602356 0.295825 0.601223 0.291684 0.602356 0.286227 0.606900 0.280805 0.616998 0.272025 0.618314 0.271146 0.623333 0.269794 0.628472 0.270900 0.632454 0.270900 0.642210 0.268916 0.673205 0.268925 0.683915 0.268258 0.688055 0.269391 0.691063 0.272398 0.691545 0.274186 0.691768 0.287005
0 0.304506 0.094905 0.291258 0.107492 0.284860 0.109764 0.281337 0.109569 0.276371 0.110867 0.275647 0.111591 0.270755 0.112518 0.267748 0.115526 0.266615 0.119667 0.267795 0.123854 0.267275 0.124373 0.270649 0.127582 0.271782 0.131723 0.270649 0.135864 0.267641 0.138871 0.263335 0.140004 0.256882 0.137715 0.253745 0.135734 0.249911 0.131900 0.238680 0.110925 0.237548 0.106784 0.237886 0.099262 0.234552 0.092428 0.232758 0.086636 0.233891 0.081009 0.237559 0.077010 0.239706 0.075854 0.247480 0.073565 0.253096 0.072904 0.257236 0.074037 0.260312 0.076617 0.264960 0.078858 0.269941 0.078850 0.276731 0.081005 0.285107 0.082161 0.297357 0.082483 0.301498 0.083616 0.304506 0.086624 0.305639 0.090764
0 0.335390 0.122321 0.332382 0.125329 0.327697 0.126453 0.328100 0.128089 0.326967 0.132230 0.323959 0.135238 0.319818 0.136371 0.315678 0.135238 0.312670 0.132230 0.311580 0.130051 0.308953 0.128973 0.307266 0.129434 0.303126 0.128302 0.300118 0.125294 0.299730 0.123876 0.292851 0.116705 0.291388 0.111739 0.292686 0.105947 0.296355 0.102113 0.302147 0.100485 0.306726 0.100493 0.310723 0.096333 0.315182 0.094186 0.320149 0.093053 0.324289 0.094186 0.327297 0.097194 0.328414 0.100458 0.330600 0.103139 0.332479 0.107000 0.335390 0.109911 0.336523 0.114051 0.336523 0.118180
0 0.421346 0.079905 0.416932 0.082483 0.391357 0.082174 0.389007 0.085740 0.380334 0.085293 0.373768 0.071050 0.360262 0.051715 0.354156 0.039509 0.356734 0.035095 0.367148 0.035031 0.372921 0.033104 0.377534 0.030325 0.385683 0.020691 0.394124 0.016186 0.400900 0.016035 0.405911 0.022895 0.405911 0.029395 0.399060 0.034255 0.390561 0.035911 0.395747 0.042410 0.402208 0.043300 0.406031 0.047833 0.406539 0.058834 0.398689 0.061106 0.409531 0.069511 0.418761 0.072038 0.422050 0.077366
0 0.593649 0.129976 0.591171 0.132455 0.590305 0.135620 0.587088 0.138836 0.585645 0.139269 0.584871 0.142099 0.581863 0.145107 0.577722 0.146240 0.572236 0.145814 0.569579 0.147037 0.568144 0.147963 0.566268 0.151087 0.563111 0.154453 0.562785 0.166594 0.561805 0.170263 0.562803 0.173909 0.561670 0.178050 0.556027 0.184320 0.553019 0.187328 0.548878 0.188461 0.544895 0.187371 0.539263 0.188879 0.536927 0.188796 0.536379 0.190800 0.533371 0.193808 0.529230 0.194941 0.524672 0.193808 0.521664 0.190800 0.520653 0.187103 0.511150 0.177036 0.507024 0.167685 0.504620 0.164542 0.503312 0.164842 0.494991 0.162664 0.491984 0.159657 0.490851 0.155516 0.491984 0.151375 0.495358 0.148267 0.497418 0.144060 0.500814 0.139828 0.503898 0.130683 0.508705 0.121695 0.512049 0.116888 0.534496 0.095695 0.538830 0.093145 0.543283 0.088692 0.547003 0.087698 0.548323 0.086378 0.552464 0.085245 0.555602 0.086104 0.557441 0.085600 0.561581 0.086733 0.563036 0.088188 0.565342 0.088901 0.573271 0.096831 0.577604 0.104717 0.586439 0.113343 0.586730 0.114432 0.593649 0.121486 0.594782 0.125836
0 0.187701 0.559684 0.187701 0.554057 0.186685 0.550346 0.182746 0.545845 0.171572 0.536358 0.167861 0.535343 0.166956 0.535590 0.164062 0.531250 0.160156 0.531250 0.152344 0.523438 0.136719 0.523438 0.128906 0.531250 0.128906 0.546875 0.132812 0.550781 0.133844 0.556080 0.134946 0.557182 0.136719 0.562500 0.143337 0.562500 0.147722 0.563768 0.156835 0.568943 0.158039 0.571272 0.161336 0.574569 0.170674 0.577273 0.176636 0.576257 0.178324 0.575132 0.184997 0.567896 0.186685 0.563395
0 0.202931 0.190202 0.191791 0.182452 0.178229 0.185842 0.150620 0.185358 0.147714 0.184389 0.142386 0.180514 0.138511 0.178577 0.132699 0.186811 0.127371 0.191655 0.120105 0.194561 0.118168 0.196014 0.113809 0.195529 0.109934 0.193108 0.107996 0.184873 0.103637 0.175671 0.102669 0.169859 0.106543 0.163562 0.107996 0.162109 0.115746 0.157750 0.122043 0.152906 0.127855 0.146609 0.129308 0.144187 0.140448 0.141766 0.144323 0.142734 0.147230 0.141766 0.147714 0.138859 0.145777 0.134500 0.140933 0.128204 0.135605 0.118032 0.142386 0.117548 0.150620 0.119001 0.154011 0.119001 0.163213 0.117548 0.166120 0.118516 0.168541 0.118516 0.173385 0.116095 0.179197 0.116095 0.195181 0.119485 0.202931 0.119970 0.207290 0.122876 0.212618 0.132079 0.214555 0.133532 0.216977 0.136922 0.218914 0.141281 0.234414 0.145156 0.237320 0.143703 0.237805 0.145641 0.235867 0.156296 0.235867 0.159203 0.236352 0.163562 0.239742 0.171796 0.237320 0.173249 0.226664 0.174702 0.220368 0.172764 0.214071 0.172764 0.203900 0.175671 0.204384 0.182452 0.204868 0.188264
0 0.656250 0.867188 0.656250 0.863281 0.640625 0.824219 0.636719 0.820312 0.625000 0.816406 0.570312 0.843750 0.566406 0.843750 0.557490 0.845979 0.553470 0.843969 0.547877 0.842954 0.544166 0.843969 0.540961 0.847174 0.539474 0.852297 0.540961 0.860244 0.543784 0.864950 0.546989 0.868155 0.553054 0.870112 0.557760 0.870112 0.566232 0.869171 0.570713 0.867860 0.582031 0.871094 0.585938 0.871094
0 0.440157 0.570848 0.439629 0.559217 0.437514 0.550664 0.437514 0.546348 0.439100 0.538600 0.439100 0.528373 0.440157 0.523797 0.439142 0.517972 0.436407 0.515238 0.432696 0.514222 0.430877 0.514720 0.421875 0.511719 0.410156 0.531250 0.410156 0.546875 0.414062 0.550781 0.417573 0.571846 0.408380 0.571317 0.399391 0.569202 0.393047 0.569202 0.389336 0.570218 0.386602 0.572952 0.385586 0.576663 0.386602 0.580903 0.389336 0.583637 0.394538 0.586766 0.398681 0.587705 0.412079 0.587705 0.414012 0.588234 0.429525 0.588762 0.432718 0.589441 0.437027 0.585132 0.439629 0.572781
0 0.844545 0.247379 0.844545 0.243070 0.842597 0.237643 0.842597 0.230480 0.838691 0.230480 0.830878 0.222667 0.826972 0.222667 0.803534 0.218761 0.795722 0.246105 0.796330 0.246713 0.795934 0.248162 0.796326 0.253646 0.797733 0.258532 0.800475 0.264408 0.803601 0.267534 0.807275 0.269249 0.811347 0.273448 0.813433 0.273448 0.817312 0.276544 0.821023 0.277560 0.826115 0.277560 0.831001 0.276152 0.833743 0.274586 0.836478 0.271851 0.838436 0.269109 0.839452 0.265398 0.839907 0.257062 0.843529 0.251089
0 0.142574 0.852902 0.138824 0.846457 0.131692 0.845991 0.132812 0.843750 0.113281 0.824219 0.111202 0.816525 0.107366 0.812689 0.093227 0.804205 0.086737 0.797716 0.070312 0.804688 0.046875 0.824219 0.046875 0.829183 0.042420 0.833638 0.042420 0.852371 0.047982 0.857934 0.051693 0.858949 0.059646 0.857934 0.063812 0.855182 0.083862 0.859880 0.089868 0.863191 0.126630 0.864605 0.135996 0.862175 0.141559 0.856613
0 0.048211 0.976656 0.046609 0.970601 0.041707 0.966058 0.039707 0.959865 0.027624 0.947782 0.021570 0.946179 0.013901 0.946179 0.000000 0.949565 0.000000 0.981349 0.004779 0.984824 0.023870 0.989494 0.035374 0.989494 0.041429 0.987891 0.046609 0.982711
0 0.048211 0.723584 0.046609 0.717529 0.037594 0.708514 0.031539 0.706912 0.000000 0.706998 0.000000 0.739120 0.007171 0.739120 0.010066 0.738354 0.019269 0.738354 0.025404 0.737587 0.033189 0.734873 0.036141 0.735654 0.042195 0.734052 0.046609 0.729638
0 0.051369 0.740236 0.083140 0.737497 0.095739 0.755574 0.113267 0.753930 0.128605 0.796109 0.122579 0.808708 0.100668 0.805969 0.098477 0.776937 0.082592 0.768173 0.080401 0.768173 0.059038 0.762695 0.056846 0.762695 0.042604 0.768720 0.028362 0.763243 0.027814 0.759408 0.042057 0.752835 0.035483 0.747357 0.030553 0.740236 0.033840 0.738045 0.044795 0.738045
0 0.591606 0.508523 0.588310 0.511818 0.582412 0.513787 0.579890 0.515748 0.576660 0.516732 0.569225 0.521923 0.565995 0.522907 0.557998 0.526975 0.550246 0.529112 0.549489 0.529545 0.548944 0.531537 0.546209 0.534272 0.542498 0.535288 0.538226 0.534272 0.532124 0.527608 0.531108 0.523897 0.532124 0.520186 0.534858 0.517452 0.549664 0.513872 0.557873 0.506786 0.560330 0.506014 0.562364 0.503980 0.565032 0.502995 0.570784 0.498366 0.574495 0.497351 0.585161 0.497351 0.588871 0.498366 0.591606 0.501101 0.592621 0.504812
0 0.568030 0.476526 0.563611 0.481506 0.555752 0.488242 0.554207 0.488665 0.549577 0.492171 0.539692 0.495432 0.535981 0.494417 0.533246 0.491682 0.532231 0.485726 0.535492 0.474718 0.541594 0.468054 0.545305 0.467038 0.548640 0.467183 0.550576 0.465247 0.558777 0.463670 0.563611 0.465247 0.568030 0.469104 0.569045 0.472815
0 0.608339 0.397595 0.607323 0.393884 0.604589 0.391150 0.595826 0.389011 0.587063 0.391150 0.584818 0.392272 0.580399 0.396691 0.579535 0.399848 0.578125 0.398438 0.573534 0.397603 0.572520 0.393884 0.569786 0.391150 0.557093 0.387327 0.549235 0.387327 0.535981 0.391711 0.528122 0.396763 0.524265 0.400620 0.520199 0.410661 0.511843 0.415849 0.509109 0.418583 0.508093 0.422294 0.509109 0.426566 0.511843 0.429301 0.515554 0.430316 0.530149 0.429755 0.533860 0.428739 0.534855 0.427745 0.540814 0.427183 0.550919 0.427744 0.556875 0.429882 0.559228 0.432235 0.564391 0.432796 0.574302 0.435042 0.580670 0.435603 0.584381 0.436618 0.586055 0.438293 0.588238 0.435548 0.589815 0.430153 0.590937 0.421171 0.591256 0.412321 0.593924 0.409654 0.604589 0.404040 0.607323 0.401306
0 0.704363 0.376802 0.703348 0.372232 0.699338 0.366504 0.696604 0.363770 0.695136 0.363368 0.690315 0.364215 0.682010 0.364215 0.676007 0.362054 0.670852 0.356612 0.666355 0.355909 0.654308 0.355461 0.648438 0.359375 0.648438 0.363281 0.649617 0.369180 0.654217 0.371503 0.659086 0.375798 0.664970 0.381683 0.668845 0.389110 0.674575 0.394131 0.678286 0.395146 0.686592 0.395146 0.693167 0.393271 0.695745 0.391839 0.699625 0.387960 0.701239 0.383195 0.703348 0.380513
0 1.000000 0.190824 0.998395 0.185301 0.993659 0.177859 0.990248 0.174448 0.986866 0.172419 0.983155 0.171404 0.977066 0.171404 0.973355 0.172419 0.971159 0.174615 0.969296 0.175125 0.965886 0.179212 0.964870 0.182923 0.964870 0.190365 0.965546 0.192838 0.965546 0.201865 0.966223 0.204338 0.966223 0.240658 0.965546 0.243808 0.966562 0.247519 0.969296 0.250253 0.973007 0.251269 0.976718 0.250253 0.992982 0.234665 0.993238 0.233734 0.996365 0.230606 0.996875 0.228743 0.999071 0.226547 1.000000 0.224999
0 0.874935 0.143687 0.873920 0.139976 0.871185 0.137241 0.868479 0.135888 0.855298 0.132843 0.843797 0.132843 0.840086 0.133859 0.836027 0.136565 0.829911 0.142682 0.827743 0.152291 0.814379 0.154830 0.810969 0.158241 0.809953 0.161952 0.809953 0.166011 0.810969 0.169722 0.813703 0.172456 0.817762 0.175162 0.824855 0.177531 0.835679 0.177531 0.841420 0.175839 0.846832 0.173133 0.859430 0.161211 0.865773 0.156897 0.869184 0.153486 0.870200 0.150893 0.873920 0.147398
0 0.767710 0.202870 0.764976 0.205604 0.761265 0.206620 0.758559 0.206620 0.747968 0.203914 0.742090 0.203914 0.735558 0.205267 0.729913 0.205267 0.722029 0.207296 0.717293 0.207296 0.713582 0.206281 0.710848 0.203546 0.709832 0.198483 0.711524 0.193419 0.718711 0.186232 0.719642 0.183948 0.723446 0.179467 0.725054 0.176506 0.731171 0.171066 0.735558 0.170050 0.739269 0.171066 0.750093 0.176478 0.756182 0.181214 0.761593 0.183243 0.763623 0.184596 0.766357 0.187330 0.767373 0.191041 0.766498 0.194236 0.767710 0.195448 0.768726 0.199159
0 0.812021 0.208630 0.812021 0.205924 0.809653 0.198831 0.806242 0.195420 0.802531 0.194404 0.798927 0.195391 0.793737 0.195081 0.791264 0.195757 0.771412 0.195757 0.767702 0.196773 0.763614 0.200860 0.762261 0.203566 0.759722 0.216253 0.756849 0.221155 0.755157 0.226895 0.756173 0.230606 0.758907 0.233341 0.761613 0.234694 0.777501 0.238415 0.782913 0.238415 0.786624 0.237400 0.789497 0.234157 0.794065 0.233341 0.798152 0.229254 0.799844 0.222826 0.801113 0.220880 0.806918 0.217105 0.811006 0.212341
0 0.747078 0.071979 0.747078 0.062508 0.746062 0.058797 0.745386 0.056767 0.741299 0.052680 0.736563 0.049974 0.730823 0.048282 0.723053 0.049974 0.720318 0.052708 0.719303 0.056419 0.719303 0.062508 0.720318 0.066219 0.723462 0.071391 0.699219 0.085938 0.699219 0.089844 0.691406 0.109375 0.690890 0.111891 0.691906 0.115602 0.694640 0.118337 0.698348 0.119352 0.699219 0.121094 0.703125 0.121094 0.718750 0.117188 0.742188 0.093750 0.742188 0.089844 0.746094 0.082031 0.744857 0.080795 0.746062 0.075689
0 0.439260 1.000000 0.417238 1.000000 0.416574 0.997359 0.409011 0.997493 0.397637 0.993530 0.394313 0.990206 0.393297 0.986495 0.394313 0.980426 0.398816 0.975923 0.408248 0.971796 0.414317 0.970191 0.419033 0.970191 0.422744 0.971207 0.428639 0.975923 0.432176 0.977691 0.435500 0.981015 0.439036 0.988089 0.440052 0.991800 0.440052 0.997106
0 0.487802 0.934619 0.487802 0.931082 0.486786 0.927371 0.484052 0.924637 0.480341 0.923621 0.476804 0.923621 0.468377 0.925226 0.464250 0.927584 0.456800 0.935624 0.454442 0.939161 0.452317 0.945179 0.449726 0.949772 0.448121 0.955841 0.448121 0.958788 0.449726 0.964268 0.452460 0.967002 0.456171 0.968018 0.461061 0.967002 0.464385 0.963678 0.466230 0.959475 0.471091 0.954024 0.481104 0.945191 0.485607 0.940688 0.486786 0.938330
0 0.759970 0.493152 0.758954 0.489441 0.756220 0.486707 0.753957 0.486088 0.750738 0.480896 0.745702 0.476189 0.734857 0.469616 0.732556 0.467645 0.726873 0.466300 0.722505 0.467645 0.717798 0.472351 0.714183 0.479910 0.712030 0.481734 0.710673 0.482105 0.701365 0.491413 0.697093 0.497987 0.695420 0.505641 0.695420 0.511557 0.696435 0.515268 0.701470 0.520632 0.705838 0.521977 0.708139 0.521977 0.712836 0.520632 0.727702 0.506095 0.734432 0.507844 0.737719 0.507844 0.743073 0.506500 0.749975 0.503870 0.753957 0.500217 0.756220 0.499598 0.758954 0.496863
0 0.808241 0.498764 0.807225 0.494720 0.804158 0.491653 0.790045 0.487923 0.780868 0.484000 0.774495 0.482320 0.769837 0.482652 0.765461 0.484000 0.762394 0.487068 0.760730 0.489729 0.759715 0.493440 0.759715 0.498764 0.761063 0.504138 0.763059 0.507132 0.764706 0.511395 0.764706 0.512704 0.762044 0.519724 0.762044 0.522386 0.763725 0.527761 0.767457 0.531160 0.772166 0.532176 0.779537 0.529829 0.787928 0.522770 0.789924 0.520108 0.791216 0.516487 0.793511 0.515190 0.796245 0.512456 0.796872 0.510165 0.798169 0.508869 0.804491 0.505209 0.807225 0.502475
0 0.798575 0.544063 0.793251 0.551383 0.791587 0.554710 0.788188 0.558110 0.783811 0.559458 0.772166 0.558460 0.755480 0.553119 0.752654 0.551624 0.746329 0.550142 0.735236 0.550142 0.731525 0.549127 0.728790 0.546392 0.727775 0.542681 0.727109 0.535695 0.727442 0.526046 0.730121 0.515348 0.736848 0.508954 0.746496 0.503963 0.754866 0.502282 0.759907 0.503298 0.762642 0.506032 0.763657 0.509743 0.763657 0.513736 0.761993 0.519047 0.761661 0.523946 0.763973 0.527991 0.767023 0.531189 0.770389 0.532226 0.777834 0.531894 0.780226 0.530455 0.785091 0.525922 0.789135 0.524906 0.792846 0.525922 0.798575 0.531984 0.799590 0.535695 0.799590 0.540352
0 0.777311 0.646992 0.760018 0.664867 0.758415 0.665306 0.756525 0.667196 0.754119 0.667855 0.749359 0.674944 0.740219 0.684084 0.736143 0.686413 0.734396 0.688160 0.727773 0.690341 0.716127 0.690341 0.706118 0.687031 0.706118 0.691032 0.705102 0.694743 0.702368 0.697478 0.698657 0.698493 0.696327 0.698493 0.691387 0.697068 0.686753 0.691673 0.682137 0.683449 0.677917 0.679441 0.669749 0.676516 0.664713 0.675979 0.661348 0.671450 0.660332 0.667739 0.661348 0.663446 0.664082 0.660711 0.675364 0.657366 0.677726 0.657854 0.687593 0.656202 0.695745 0.656202 0.699239 0.656784 0.706444 0.658964 0.710925 0.663446 0.711941 0.667157 0.711529 0.672738 0.718389 0.675419 0.725660 0.675419 0.731852 0.671556 0.736834 0.666575 0.724822 0.656309 0.723806 0.652598 0.724822 0.647141 0.732215 0.640330 0.733962 0.639748 0.737093 0.637199 0.741532 0.632760 0.747355 0.629848 0.760384 0.627085 0.763295 0.627085 0.769336 0.628683 0.772830 0.630430 0.777311 0.634912 0.778327 0.638623 0.778327 0.643281
0 0.285455 0.967810 0.284440 0.962830 0.281705 0.960096 0.280114 0.959660 0.282284 0.951316 0.282284 0.944338 0.280634 0.937455 0.277899 0.934721 0.273686 0.933843 0.269531 0.929688 0.268195 0.930689 0.264673 0.929899 0.260962 0.930914 0.255492 0.934482 0.252715 0.935355 0.251051 0.937019 0.243834 0.939796 0.238562 0.944433 0.237293 0.946971 0.236278 0.951950 0.237293 0.955661 0.240028 0.958396 0.243739 0.959411 0.248179 0.959411 0.253906 0.957791 0.253906 0.972226 0.251250 0.978055 0.248331 0.987475 0.247696 0.990012 0.247696 0.995722 0.248954 1.000000 0.271282 1.000000 0.272470 0.994909 0.284440 0.971521
0 0.863281 0.828125 0.878906 0.828125 0.882812 0.828125 0.921875 0.847656 0.925781 0.847656 0.925781 0.871094 0.925781 0.875000 0.898438 0.878906 0.894531 0.878906 0.871094 0.875000 0.867188 0.875000 0.855469 0.867188 0.851562 0.867188 0.851562 0.843750 0.851562 0.839844 0.863281 0.828125
0 0.732775 1.000000 0.731211 0.994460 0.728477 0.991726 0.725708 0.990968 0.722656 0.972656 0.718750 0.968750 0.679688 0.964844 0.671875 0.968750 0.671875 0.974456 0.674216 0.974857 0.679910 0.973808 0.683621 0.974824 0.686355 0.977558 0.690621 0.989720 0.689032 0.999876 0.689174 1.000000
0 0.853633 0.828809 0.849582 0.829459 0.828780 0.829459 0.825069 0.828443 0.822334 0.825709 0.821319 0.821998 0.822334 0.818287 0.825069 0.815553 0.836770 0.810352 0.843543 0.808266 0.848296 0.805327 0.835938 0.792969 0.832031 0.792969 0.777344 0.800781 0.773438 0.796875 0.761719 0.781250 0.757812 0.781250 0.742188 0.773438 0.742188 0.789062 0.746094 0.792969 0.760711 0.803201 0.759561 0.807046 0.760576 0.811407 0.765911 0.816742 0.769161 0.819342 0.770951 0.819832 0.773712 0.822593 0.779157 0.824788 0.780729 0.827009 0.786089 0.842121 0.788164 0.853202 0.790480 0.860814 0.792591 0.862924 0.794380 0.867314 0.797115 0.870049 0.800826 0.871064 0.804537 0.870049 0.807271 0.867314 0.807678 0.865828 0.847656 0.847656 0.847656 0.843750
0 0.679951 0.512745 0.677217 0.515479 0.673506 0.516495 0.664504 0.514559 0.656911 0.512029 0.649779 0.508577 0.646815 0.505613 0.645799 0.501902 0.646815 0.498191 0.649549 0.495457 0.655761 0.492696 0.661082 0.491220 0.663613 0.491220 0.669625 0.492926 0.673305 0.495227 0.678111 0.499802 0.679721 0.502332 0.680967 0.509034
0 0.663833 0.560292 0.662818 0.556581 0.655845 0.549934 0.647093 0.545651 0.646515 0.543539 0.645007 0.541706 0.643618 0.538458 0.644885 0.536614 0.645900 0.532904 0.645900 0.530295 0.644885 0.526584 0.638564 0.519611 0.634853 0.518595 0.629962 0.518595 0.621360 0.520589 0.617447 0.522546 0.613559 0.526609 0.608644 0.528089 0.605909 0.530823 0.604894 0.534860 0.605909 0.538571 0.608644 0.541305 0.618752 0.544892 0.630820 0.547831 0.633514 0.550851 0.631630 0.557358 0.631630 0.562901 0.632972 0.567590 0.635707 0.570324 0.639743 0.571340 0.643795 0.569984 0.646917 0.570036 0.650628 0.569020 0.652787 0.566861 0.656372 0.567753 0.660083 0.566738 0.662818 0.564003
0 0.529612 0.233068 0.494642 0.233068 0.486572 0.239793 0.487917 0.261313 0.502712 0.261313 0.534992 0.272073 0.543062 0.266693 0.540371 0.250553
0 0.357452 0.161783 0.381662 0.167163 0.395112 0.185993 0.411252 0.183303 0.427392 0.175233 0.435462 0.161783 0.432772 0.151023 0.422012 0.152368 0.422012 0.156403 0.405872 0.160438 0.405872 0.146988 0.381662 0.149678 0.384352 0.142953 0.397802 0.132193 0.368212 0.132193 0.361487 0.137573 0.358797 0.148333
0 0.529612 0.043423 0.547096 0.046113 0.545752 0.036698 0.567271 0.043423 0.569961 0.029973 0.563237 0.021903 0.557857 0.019213 0.536337 0.019213 0.533646 0.025938 0.526921 0.029973
0 0.330552 0.333943 0.354762 0.335288 0.364177 0.328562 0.365522 0.323182 0.384352 0.321837 0.380317 0.308387 0.362832 0.311077 0.352072 0.300318 0.346692 0.298973 0.325172 0.308387 0.330552 0.323182
0 1.000000 0.000698 0.943871 0.003073 0.945216 0.008453 0.892761 0.007108 0.907556 0.024593 0.925041 0.031318 0.946561 0.021903 0.953286 0.038043 0.989600 0.050148 1.000000 0.048257 1.000000 0.035353 0.986911 0.035353 1.000000 0.030990 1.000000 0.026923 0.988255 0.015178 0.988255 0.003073 1.000000 0.005683
0 0.844771 1.000000 0.841651 0.984921 0.825064 1.000000
0 0.844341 0.913636 0.848376 0.927086 0.849721 0.947261 0.841651 0.947261 0.855101 0.967436 0.869896 0.963401 0.884691 0.963401 0.882001 0.945916 0.906211 0.947261 0.915626 0.933811 0.882001 0.937846 0.876621 0.933811 0.863171 0.931121 0.857791 0.920361
0 0.255232 0.796621 0.244472 0.810071 0.260612 0.831591 0.278097 0.842351 0.276752 0.799311 0.265992 0.793931
