0 0.998772 0.000000 0.879915 0.000000 0.877939 0.014491 0.849364 0.037351 0.849364 0.040780 0.847078 0.040780 0.843649 0.046495 0.842506 0.073927 0.851650 0.080785 0.860794 0.080785 0.874510 0.092215 0.891655 0.115075 0.892798 0.133363 0.912229 0.139078 0.916801 0.150508 0.936232 0.158509 0.965950 0.160795 0.999097 0.153937
0 0.820789 0.124219 0.841363 0.131077 0.851650 0.137935 0.860794 0.150508 0.874510 0.150508 0.868795 0.142507 0.869938 0.102502 0.874510 0.094501 0.853936 0.078499 0.842506 0.076213 0.842506 0.047638 0.845935 0.038494 0.873367 0.014491 0.842506 0.027064 0.824218 0.041923 0.813931 0.047638 0.810502 0.087643 0.817360 0.100216
0 0.997954 0.238519 0.996811 0.155080 0.984238 0.156223 0.973951 0.172225 0.964807 0.175654 0.962521 0.191656 0.992239 0.227089
0 0.370521 0.012819 0.354932 0.016716 0.340642 0.015417 0.330249 0.027109 0.327651 0.033604 0.327651 0.043997 0.319857 0.047894 0.332848 0.056988 0.335446 0.060885 0.344539 0.051791 0.375717 0.047894 0.382212 0.032305 0.380914 0.020614
0 0.907041 0.225868 0.897948 0.241457 0.884957 0.253149 0.883658 0.266140 0.897948 0.270037 0.907041 0.298617 0.917434 0.316804 0.922630 0.316804 0.922630 0.299916 0.913537 0.299916 0.918733 0.272635 0.930425 0.271336 0.933023 0.259645 0.930425 0.236261 0.927827 0.236261 0.927827 0.233663
0 0.794021 0.263542 0.777133 0.266140 0.762843 0.277832 0.756348 0.289523 0.757647 0.301215 0.779731 0.302514 0.777133 0.315505 0.800517 0.322000 0.814807 0.314206 0.826498 0.296019 0.813507 0.289523 0.808311 0.280430 0.805713 0.280430
0 0.651122 0.247953 0.634234 0.260943 0.619945 0.263542 0.619945 0.293421 0.629038 0.311608 0.630337 0.315505 0.640730 0.316804 0.651122 0.281729 0.661515 0.257046
0 0.766741 0.233663 0.755049 0.232364 0.736862 0.249252 0.751152 0.260943 0.765441 0.264841 0.784928 0.258345 0.784928 0.253149 0.788825 0.245355 0.787526 0.240158
0 0.284288 0.000000 0.277344 0.007812 0.273438 0.011719 0.261719 0.011719 0.257812 0.015625 0.183594 0.011719 0.179688 0.007812 0.125000 0.011719 0.121094 0.011719 0.117188 0.007812 0.113281 0.003906 0.113770 0.000000
0 0.242188 0.105469 0.253906 0.109375 0.257812 0.109375 0.261719 0.121094 0.261719 0.125000 0.285156 0.152344 0.289062 0.156250 0.285156 0.203125 0.285156 0.207031 0.269531 0.207031 0.265625 0.207031 0.214844 0.175781 0.210938 0.175781 0.207031 0.167969 0.203125 0.164062 0.203125 0.144531 0.203125 0.140625 0.222656 0.128906 0.226562 0.128906 0.242188 0.105469
0 0.266595 0.231064 0.286080 0.236261 0.306866 0.232364 0.314661 0.240158 0.325053 0.240158 0.323754 0.225868 0.291277 0.211579 0.280884 0.208980 0.267893 0.208980 0.267893 0.215476 0.262697 0.218074
0 0.130191 0.102455 0.108107 0.099857 0.102910 0.110250 0.091218 0.114147 0.095116 0.128437 0.101611 0.141428 0.121097 0.149223 0.124995 0.124540 0.130191 0.120643
0 0.215930 0.092063 0.196444 0.112848 0.195145 0.147923 0.201640 0.149223 0.205538 0.137531 0.214631 0.133634
0 0.397802 0.153120 0.371820 0.136232 0.358829 0.131036 0.341941 0.136232 0.367923 0.153120 0.371820 0.172606 0.390007 0.175204 0.395204 0.171307
0 0.360128 0.077773 0.345170 0.081762 0.321156 0.088166 0.302969 0.102455 0.314661 0.106353 0.332848 0.099857 0.326352 0.107652 0.302969 0.110250 0.297772 0.119344 0.309464 0.128437 0.322455 0.121942 0.338044 0.128437 0.345838 0.123241 0.366623 0.101157 0.387409 0.099857 0.379614 0.089465 0.360128 0.089465
0 0.681001 0.188195 0.673207 0.206382 0.691394 0.203784 0.709581 0.193391 0.704385 0.185597 0.703086 0.160914 0.683599 0.159615 0.678403 0.163512
0 0.447167 0.097259 0.418587 0.097259 0.401699 0.101157 0.392605 0.101157 0.384811 0.118045 0.413391 0.123241 0.434176 0.132334 0.440671 0.138830 0.443270 0.138830 0.447167 0.127138 0.457559 0.124540 0.458858 0.115446 0.448466 0.108951
0 0.513420 0.043997 0.509523 0.055689 0.549794 0.064782 0.562785 0.060885 0.558887 0.060885 0.548495 0.045296
0 0.386553 0.000000 0.379614 0.008922 0.454961 0.012819 0.439372 0.001127 0.439372 0.000000
0 0.176077 0.266583 0.156629 0.269361 0.156629 0.272139 0.164964 0.320761 0.170521 0.337431 0.174688 0.340210 0.176077 0.369383 0.187191 0.374939 0.187191 0.323539 0.189969 0.323539 0.188580 0.306869 0.191359 0.281864 0.191359 0.270750 0.188580 0.270750
0 0.266375 0.248523 0.233034 0.252691 0.242759 0.280475 0.260818 0.284642 0.266375 0.276307 0.266375 0.266583
0 0.265625 0.289062 0.289062 0.304688 0.292969 0.308594 0.308594 0.335938 0.312500 0.339844 0.312500 0.351562 0.312500 0.355469 0.308594 0.359375 0.304688 0.363281 0.277344 0.367188 0.273438 0.371094 0.218750 0.367188 0.214844 0.367188 0.214844 0.363281 0.210938 0.359375 0.218750 0.347656 0.218750 0.343750 0.246094 0.308594 0.246094 0.304688 0.265625 0.289062
0 0.867188 0.402344 0.886719 0.402344 0.890625 0.402344 0.898438 0.414062 0.902344 0.417969 0.902344 0.453125 0.902344 0.457031 0.894531 0.464844 0.890625 0.468750 0.863281 0.468750 0.859375 0.464844 0.859375 0.421875 0.859375 0.417969 0.867188 0.402344
0 0.000000 0.617969 0.015625 0.652344 0.019531 0.656250 0.027344 0.687500 0.031250 0.691406 0.031250 0.707031 0.031250 0.710938 0.019531 0.722656 0.015625 0.726562 0.007812 0.726562 0.003906 0.730469 0.000000 0.730114
0 0.128906 0.558594 0.144531 0.562500 0.148438 0.562500 0.175781 0.582031 0.179688 0.585938 0.179688 0.589844 0.179688 0.593750 0.148438 0.617188 0.144531 0.621094 0.128906 0.656250 0.125000 0.656250 0.109375 0.640625 0.105469 0.636719 0.085938 0.636719 0.082031 0.636719 0.066406 0.628906 0.062500 0.628906 0.054688 0.613281 0.054688 0.609375 0.070312 0.589844 0.074219 0.585938 0.128906 0.558594
0 0.203125 0.515625 0.230469 0.523438 0.234375 0.523438 0.242188 0.546875 0.242188 0.550781 0.230469 0.570312 0.226562 0.574219 0.187500 0.578125 0.183594 0.578125 0.179688 0.574219 0.175781 0.574219 0.167969 0.554688 0.164062 0.550781 0.171875 0.535156 0.175781 0.531250 0.203125 0.515625
0 0.277344 0.519531 0.296875 0.523438 0.300781 0.523438 0.316406 0.542969 0.320312 0.546875 0.332031 0.574219 0.328125 0.578125 0.304688 0.578125 0.300781 0.578125 0.269531 0.562500 0.265625 0.558594 0.261719 0.535156 0.261719 0.531250 0.277344 0.519531
0 0.281250 0.371094 0.289062 0.371094 0.292969 0.371094 0.296875 0.398438 0.296875 0.402344 0.281250 0.445312 0.281250 0.449219 0.265625 0.453125 0.261719 0.453125 0.257812 0.402344 0.257812 0.398438 0.281250 0.371094
0 0.242759 0.426339 0.206639 0.426339 0.191359 0.433286 0.166353 0.433286 0.180245 0.451345 0.205250 0.455512 0.214975 0.461069 0.256650 0.458291 0.260818 0.455512 0.260818 0.422172
0 0.231645 0.488853 0.208029 0.499966 0.188580 0.505523 0.189969 0.515248 0.227477 0.519415 0.227477 0.522194 0.253872 0.522194 0.264986 0.526361 0.287212 0.519415 0.267764 0.516637 0.259429 0.505523 0.251094 0.486075 0.248315 0.486075
0 0.109396 0.691675 0.099672 0.740296 0.144126 0.747242 0.146904 0.744464 0.176077 0.748632 0.177466 0.750021 0.170521 0.729183 0.158018 0.719459 0.153850 0.719459 0.145515 0.708345 0.142737 0.708345 0.134402 0.700010 0.134402 0.697232 0.124677 0.688896
0 0.587277 0.391610 0.558105 0.394388 0.558105 0.405502 0.565050 0.430507 0.587277 0.430507 0.594223 0.427729 0.598391 0.404113 0.595612 0.404113
0 0.620618 0.420783 0.605337 0.422172 0.595612 0.427729 0.592834 0.444399 0.597002 0.452734 0.615061 0.452734 0.623396 0.436064 0.623396 0.433286
0 0.652570 0.394388 0.620618 0.398556 0.613672 0.402723 0.615061 0.409669 0.620618 0.416615 0.622007 0.426339 0.633121 0.443010 0.647012 0.430507 0.649791 0.419394
0 0.716472 0.369383 0.663683 0.363826 0.670629 0.381886 0.663683 0.386053 0.663683 0.388831 0.695634 0.402723 0.706748 0.411059 0.723418 0.402723 0.726196 0.397166 0.716472 0.387442
0 0.803991 0.356880 0.787321 0.356880 0.784543 0.366604 0.781764 0.366604 0.769261 0.363826 0.778986 0.356880 0.767872 0.349934 0.738699 0.351323 0.742867 0.367994 0.744256 0.391610 0.747034 0.391610 0.748423 0.395777 0.751202 0.397166 0.755370 0.397166 0.770650 0.386053 0.797045 0.386053 0.784543 0.397166 0.795656 0.397166 0.803991 0.392999 0.813715 0.391610 0.823440 0.380496 0.823440 0.370772 0.826218 0.365215 0.820661 0.358269 0.817883 0.358269
0 0.845667 0.454123 0.790099 0.458291 0.792878 0.479129 0.795656 0.479129 0.795656 0.481907 0.806770 0.490242 0.823440 0.487464 0.826218 0.484686 0.828996 0.484686 0.837332 0.466626 0.840110 0.466626 0.840110 0.463848
0 0.780375 0.454123 0.762315 0.451345 0.748423 0.451345 0.740088 0.472183 0.762315 0.484686 0.780375 0.486075 0.795656 0.469404
0 0.741478 0.480518 0.713694 0.487464 0.713694 0.493021 0.723418 0.529139 0.727586 0.530529 0.741478 0.519415 0.742867 0.497188
0 0.524764 0.533307 0.512261 0.538864 0.488645 0.543032 0.490034 0.554145 0.456694 0.554145 0.437245 0.562480 0.437245 0.576372 0.426132 0.588875 0.458083 0.591653 0.480310 0.576372 0.495591 0.576372 0.502537 0.577761 0.502537 0.580539 0.521986 0.569426 0.517818 0.552756 0.520596 0.552756 0.528932 0.544421
0 0.495591 0.609713 0.477532 0.616659 0.477532 0.619437 0.463639 0.620826 0.469196 0.604156 0.444191 0.599988 0.423353 0.605545 0.410850 0.613880 0.410850 0.616659 0.433077 0.622215 0.433077 0.629161 0.428910 0.645832 0.442802 0.651388 0.446970 0.658334 0.453915 0.659723 0.455304 0.686118 0.462250 0.693064 0.480310 0.693064 0.480310 0.677783 0.477532 0.675004 0.476142 0.652777 0.488645 0.641664 0.506705 0.641664 0.512261 0.637496 0.510872 0.630550 0.503926 0.619437
0 0.945688 0.518026 0.951245 0.538864 0.979029 0.533307 0.992921 0.534696 0.999867 0.527750 1.000000 0.525353 1.000000 0.503137 0.979029 0.509691 0.979029 0.512469 0.963748 0.513859 0.956802 0.516637
0 0.795656 0.669448 0.762315 0.670837 0.760926 0.672226 0.763705 0.694453 0.784543 0.708345 0.798434 0.713902 0.802602 0.688896
0 0.663683 0.541642 0.658126 0.529139 0.630342 0.527750 0.628953 0.533307 0.623396 0.536086 0.624786 0.538864
0 0.584499 0.558312 0.569218 0.586096 0.569218 0.593042 0.571996 0.594432 0.571996 0.612491 0.558105 0.619437 0.560883 0.620826 0.558105 0.634718 0.562272 0.638886 0.578942 0.640275 0.583110 0.645832 0.606726 0.647221 0.606726 0.631939 0.612283 0.618048 0.606726 0.611102 0.595612 0.613880 0.588667 0.590264 0.590056 0.568037
0 0.595612 0.702788 0.622007 0.697232 0.628953 0.673615 0.623396 0.658334 0.601170 0.663891 0.598391 0.641664 0.570607 0.644442 0.576164 0.669448 0.578942 0.669448 0.591445 0.690286
0 0.695634 0.725015 0.695634 0.737518 0.692856 0.747242 0.735921 0.741686 0.762315 0.741686 0.765094 0.719459 0.722029 0.722237 0.710915 0.722237 0.706748 0.719459
0 0.772040 0.502745 0.762315 0.515248 0.772040 0.526361 0.776207 0.527750 0.760926 0.531918 0.762315 0.549977 0.790099 0.549977 0.790099 0.543032 0.792878 0.543032 0.830386 0.563869 0.840110 0.555534 0.834553 0.538864 0.816494 0.534696 0.809548 0.524972 0.806770 0.516637
0 0.690077 0.540253 0.681743 0.552756 0.681743 0.555534 0.684521 0.570815 0.687299 0.572204 0.692856 0.580539 0.710915 0.584707 0.744256 0.584707 0.753980 0.569426 0.748423 0.561091 0.723418 0.556923 0.703970 0.556923 0.699802 0.545810
0 0.628953 0.741686 0.610894 0.751410 0.602559 0.772248 0.602559 0.781972 0.642845 0.772248 0.633121 0.759745 0.640067 0.740296
0 0.777596 0.822259 0.777596 0.834761 0.758148 0.836150 0.758148 0.838929 0.745645 0.850043 0.745645 0.856988 0.741478 0.861156 0.740088 0.870880 0.742867 0.873659 0.742867 0.876437 0.751202 0.880605 0.753980 0.887550 0.781764 0.883383 0.791488 0.866712 0.798434 0.850043 0.790099 0.830594
0 0.823440 0.798642 0.797045 0.794475 0.798434 0.805588 0.773429 0.811145 0.758148 0.825037 0.758148 0.827815 0.788710 0.822259 0.795656 0.827815 0.795656 0.834761 0.806770 0.844486 0.851223 0.822259 0.852613 0.804199 0.837332 0.805588 0.834553 0.809756 0.830386 0.809756
0 0.802602 0.727794 0.762315 0.744464 0.762315 0.752799 0.766483 0.766691 0.780375 0.768080 0.790099 0.750021 0.820661 0.754188
0 0.699802 0.905610 0.684521 0.934783 0.678964 0.950064 0.688688 0.959788 0.706748 0.966734 0.715083 0.944507 0.756759 0.955621 0.776207 0.954232 0.783153 0.936172 0.774818 0.926448 0.751202 0.919502 0.742867 0.906999 0.731753 0.909778
0 0.935964 0.863934 0.926240 0.872270 0.923461 0.881994 0.913737 0.883383 0.913737 0.893107 0.912348 0.894496 0.913737 0.898664 0.883175 0.895886 0.887343 0.916723 0.894288 0.919502 0.898456 0.923670 0.934575 0.923670 0.951245 0.894496 0.954023 0.894496 0.956802 0.883383 0.952634 0.877826 0.942910 0.876437
0 0.974861 0.837540 0.954023 0.859767 0.962359 0.877826 0.972083 0.888940 0.995699 0.887550 0.998478 0.894496 0.998478 0.868102 0.991532 0.861156 0.980418 0.861156 0.973472 0.854210 0.976251 0.854210
0 0.809548 0.972291 0.791999 1.000000 0.851223 1.000000 0.851223 0.986183 0.823440 0.970902
0 0.795656 0.945896 0.745645 0.965345 0.762315 0.979237 0.763705 0.983405 0.784543 0.988961 0.799823 0.966734 0.817883 0.966734 0.817883 0.955621
0 0.202472 0.693064 0.210807 0.733350 0.210807 0.722237 0.214975 0.755577 0.233034 0.752799 0.235812 0.723626 0.253872 0.722237 0.234423 0.706956 0.214975 0.686118
0 0.302494 0.736129 0.274710 0.751410 0.278877 0.776415 0.273321 0.804199 0.303883 0.805588 0.319164 0.802810 0.301104 0.783361 0.324721 0.768080 0.328888 0.750021 0.323332 0.745853 0.323332 0.748632 0.320553 0.751410 0.309439 0.750021
0 0.205250 0.780583 0.189969 0.794475 0.191359 0.819480 0.192748 0.827815 0.195526 0.830594 0.213586 0.805588 0.220531 0.798642 0.228866 0.794475 0.223310 0.780583
0 0.238591 0.834761 0.246926 0.875048 0.228866 0.888940 0.248315 0.911167 0.266375 0.902832 0.270542 0.887550 0.262207 0.869491 0.259429 0.851432 0.256650 0.851432 0.256650 0.848653
0 0.294159 0.851432 0.263596 0.851432 0.284434 0.872270 0.289991 0.868102
0 0.327499 0.637496 0.306661 0.641664 0.306661 0.644442 0.301104 0.652777 0.301104 0.661112 0.303883 0.663891 0.310829 0.663891 0.313607 0.666670 0.337223 0.666670 0.340002 0.681950 0.365007 0.681950 0.367786 0.677783 0.366396 0.668059 0.360839 0.661112 0.353894 0.659723 0.352504 0.643053 0.341391 0.630550 0.338612 0.630550
0 0.392791 0.772248 0.401126 0.788918 0.423353 0.794475 0.440023 0.788918 0.440023 0.784750 0.434467 0.779194 0.424742 0.776415 0.406683 0.776415 0.406683 0.768080
0 0.384456 0.800032 0.378899 0.809756 0.363618 0.816702 0.363618 0.825037 0.367786 0.830594 0.367786 0.833372 0.374732 0.836150 0.396959 0.836150 0.398348 0.833372 0.401126 0.833372 0.401126 0.829205 0.403904 0.827815 0.441413 0.827815 0.442802 0.823648 0.440023 0.822259 0.440023 0.818091 0.437245 0.818091 0.437245 0.815313 0.423353 0.802810 0.423353 0.800032 0.402515 0.800032 0.396959 0.795864
0 0.351115 0.894496 0.317775 0.891718 0.305272 0.905610 0.328888 0.909778 0.340002 0.909778 0.340002 0.919502 0.342780 0.920891 0.344169 0.926448 0.346948 0.927837 0.369175 0.927837 0.363618 0.913945 0.356672 0.905610
0 0.460861 0.912556 0.406683 0.912556 0.406683 0.941729 0.417796 0.944507 0.426132 0.938950 0.427521 0.941729 0.460861 0.950064 0.462250 0.933394
0 0.505315 0.932005 0.480310 0.925059 0.460861 0.933394 0.456694 0.937561 0.458083 0.952843 0.452526 0.961178 0.452526 0.972291 0.455304 0.972291 0.455304 0.975070 0.485867 0.972291 0.501148 0.966734 0.490034 0.963956 0.509483 0.947286 0.523375 0.938950 0.523375 0.936172
0 0.505315 0.995907 0.523375 0.993129 0.545602 0.993129 0.549770 0.977848 0.552548 0.977848 0.549770 0.957010 0.534488 0.948675 0.548380 0.948675 0.552548 0.945896 0.556715 0.945896 0.565050 0.950064 0.574775 0.950064 0.570607 0.944507 0.567829 0.934783 0.558105 0.937561 0.542823 0.927837 0.523375 0.932005 0.517818 0.950064 0.498370 0.965345 0.495591 0.986183
0 0.269531 0.910156 0.289062 0.910156 0.292969 0.910156 0.382812 0.949219 0.386719 0.949219 0.394531 0.957031 0.398438 0.960938 0.398438 0.984375 0.398438 0.988281 0.390625 0.996094 0.386719 1.000000 0.324219 0.996094 0.320312 0.996094 0.265625 0.960938 0.261719 0.957031 0.261719 0.945312 0.257812 0.941406 0.261719 0.921875 0.261719 0.917969 0.269531 0.910156
0 0.000000 1.000000 0.000000 0.771484 0.007812 0.777344 0.011719 0.781250 0.011719 0.820312 0.011719 0.824219 0.039062 0.847656 0.042969 0.847656 0.066406 0.890625 0.070312 0.894531 0.078648 0.908506 0.073091 0.915190 0.063023 0.930815 0.048003 0.954170 0.015625 0.992188 0.013718 1.000000
0 0.065801 0.778994 0.074219 0.773438 0.078125 0.773438 0.113281 0.792969 0.117188 0.796875 0.121094 0.824219 0.121094 0.828125 0.113281 0.847656 0.109375 0.851562 0.054688 0.843750 0.050781 0.843750 0.023438 0.832031 0.019531 0.828125 0.019531 0.824219 0.019793 0.818923 0.030384 0.795747 0.044275 0.789062 0.054688 0.780384
0 0.774730 1.000000 0.765094 0.991740 0.751202 0.995907 0.724807 0.998686 0.724643 1.000000
0 0.000000 0.775669 0.007986 0.780583 0.017710 0.769470 0.020488 0.769470 0.028823 0.763912 0.028823 0.759745 0.023266 0.752799 0.006596 0.758356 0.003818 0.756967 0.003818 0.730572 0.000000 0.730457
0 0.046883 0.761134 0.027434 0.769470 0.026045 0.772248 0.026045 0.788918 0.009375 0.798642 0.010764 0.827815 0.020488 0.825037 0.031602 0.794475 0.042715 0.788918 0.048272 0.777805
