0 0.863281 0.000000 0.863281 0.000000 0.867188 0.003906 0.921875 0.000000 0.925781 0.000000 0.937500 0.011719 0.941406 0.015625 0.945312 0.031250 0.945312 0.035156 0.929688 0.046875 0.925781 0.050781 0.890625 0.062500 0.886719 0.062500 0.855469 0.089844 0.851562 0.093750 0.828125 0.093750 0.824219 0.093750 0.816406 0.089844 0.812500 0.085938 0.796875 0.042969 0.792969 0.039062 0.796875 0.027344 0.796875 0.023438 0.820312 0.000000
0 0.964844 0.218750 0.980469 0.222656 0.984375 0.226562 1.000000 0.257812 1.000000 0.261719 0.988281 0.261719 0.984375 0.261719 0.972656 0.250000 0.968750 0.246094 0.964844 0.226562 0.960938 0.222656 0.964844 0.218750
0 0.335938 0.359375 0.339844 0.378906 0.339844 0.382812 0.324219 0.398438 0.320312 0.402344 0.316406 0.398438 0.312500 0.398438 0.316406 0.378906 0.316406 0.375000 0.320312 0.367188 0.324219 0.363281 0.335938 0.359375
0 0.863281 0.855469 0.863281 0.878906 0.863281 0.882812 0.851562 0.890625 0.847656 0.894531 0.828125 0.890625 0.824219 0.886719 0.828125 0.871094 0.832031 0.867188 0.863281 0.855469
0 0.117188 0.718750 0.125000 0.718750 0.128906 0.718750 0.136719 0.726562 0.140625 0.730469 0.140625 0.742188 0.140625 0.746094 0.132812 0.746094 0.128906 0.746094 0.121094 0.738281 0.117188 0.734375 0.117188 0.718750
0 0.109375 0.585938 0.121094 0.585938 0.125000 0.585938 0.125000 0.593750 0.125000 0.597656 0.117188 0.605469 0.113281 0.609375 0.105469 0.609375 0.101562 0.605469 0.101562 0.597656 0.101562 0.593750 0.109375 0.585938
0 0.300781 0.046875 0.308594 0.046875 0.312500 0.046875 0.316406 0.058594 0.316406 0.062500 0.300781 0.066406 0.296875 0.066406 0.292969 0.054688 0.292969 0.050781 0.300781 0.046875
0 0.238281 0.140625 0.257812 0.140625 0.261719 0.144531 0.261719 0.175781 0.257812 0.179688 0.242188 0.179688 0.238281 0.175781 0.238281 0.140625
0 0.148164 0.093703 0.141613 0.092065 0.143251 0.074870 0.149802 0.064225 0.160446 0.064225 0.164541 0.074051 0.164541 0.081420 0.154715 0.095341
0 0.583647 0.161146 0.573074 0.161146 0.571664 0.159737 0.571664 0.153393 0.573074 0.150573 0.575893 0.147754 0.582237 0.147754 0.585057 0.147049 0.586467 0.145639 0.588581 0.145639 0.592811 0.141410 0.597040 0.140705 0.603384 0.140705 0.604793 0.142115 0.605498 0.144934 0.605498 0.151278 0.598450 0.157622 0.589991 0.159032 0.576598 0.163261
0 0.274208 0.254895 0.265044 0.249961 0.264339 0.247846 0.260815 0.245026 0.260110 0.240797 0.264339 0.238682 0.272798 0.237273 0.279142 0.237273 0.283371 0.239387 0.289715 0.245731 0.292534 0.247141 0.293239 0.249255 0.293239 0.255599 0.291830 0.259829 0.290420 0.261238 0.287600 0.262648 0.280552 0.262648 0.276322 0.260534
0 0.253061 0.209782 0.248832 0.214717 0.245308 0.214717 0.243193 0.214012 0.238259 0.210487 0.234735 0.206258 0.234030 0.202029 0.236849 0.201324 0.239669 0.198505 0.240374 0.196390 0.243193 0.192866 0.252357 0.190046 0.253766 0.188636 0.258700 0.187227 0.259405 0.192866 0.259405 0.202734 0.257996 0.206963
0 0.019748 0.323972 0.016224 0.312694 0.016224 0.306350 0.014109 0.301416 0.014109 0.296482 0.013404 0.293662 0.016929 0.289433 0.019748 0.288023 0.025388 0.283794 0.029616 0.282384 0.031731 0.285909 0.031731 0.288023 0.033846 0.296482 0.033846 0.314104 0.035255 0.316218 0.037370 0.322563 0.035961 0.324677 0.025388 0.324677
0 0.058702 0.363396 0.052993 0.361969 0.050139 0.361969 0.043717 0.359828 0.041576 0.358401 0.040863 0.356261 0.040863 0.349125 0.041576 0.346271 0.043717 0.345557 0.047285 0.342703 0.053707 0.342703 0.060129 0.346984 0.064410 0.352693 0.064410 0.359828
0 0.229954 0.373386 0.222105 0.373386 0.219250 0.372672 0.212115 0.369104 0.210688 0.367677 0.210688 0.362682 0.212115 0.357687 0.214969 0.354120 0.219250 0.351979 0.221391 0.351266 0.231381 0.351266 0.239230 0.352693 0.240657 0.354833 0.240657 0.364823 0.239943 0.366964 0.235662 0.371245
0 0.031904 0.554020 0.025404 0.549686 0.022514 0.546075 0.022514 0.539574 0.023236 0.537407 0.027570 0.534518 0.036238 0.534518 0.039850 0.541741 0.040573 0.550409 0.038405 0.553298
0 0.034071 0.505624 0.028293 0.500568 0.025404 0.491177 0.024681 0.486843 0.024681 0.480342 0.029738 0.479620 0.036961 0.484676 0.036961 0.487566 0.039128 0.489733 0.039128 0.494789 0.039850 0.496956 0.039128 0.502012
0 0.096914 0.492622 0.091136 0.489733 0.089691 0.488288 0.089691 0.481065 0.091136 0.476731 0.095470 0.476008 0.096914 0.474564 0.104138 0.474564 0.106305 0.475286 0.110639 0.478898 0.110639 0.490455 0.109194 0.491900 0.104138 0.493345
0 0.480921 0.647997 0.471171 0.647997 0.456547 0.639466 0.456547 0.623623 0.461422 0.619967 0.476046 0.619967 0.482140 0.623623 0.485796 0.629716 0.487015 0.637029
0 0.499202 0.644341 0.485796 0.639466 0.483359 0.634591 0.483359 0.623623 0.490671 0.622404 0.491889 0.619967 0.501639 0.616311 0.502858 0.633373
0 0.516139 0.341629 0.510543 0.339763 0.506812 0.337276 0.504947 0.332923 0.504947 0.322353 0.508056 0.316757 0.511787 0.314270 0.514274 0.314270 0.516139 0.315513 0.517383 0.318622 0.519870 0.322353 0.523601 0.324218 0.525466 0.327949 0.525466 0.340385 0.523601 0.344116 0.521114 0.344116
0 0.687754 0.217892 0.675318 0.210430 0.675318 0.205456 0.676561 0.201725 0.682157 0.197995 0.687132 0.197373 0.692728 0.197995 0.693971 0.199860 0.695837 0.200482 0.696459 0.202347 0.697080 0.204834 0.697080 0.212918 0.695215 0.216648 0.693350 0.217892
0 0.599960 0.606482 0.593665 0.602076 0.590518 0.597041 0.590518 0.589487 0.591777 0.583822 0.595554 0.575639 0.594924 0.569974 0.592406 0.568086 0.591147 0.561791 0.596183 0.562421 0.600589 0.563680 0.604366 0.565568 0.608142 0.568716 0.608772 0.571862 0.610031 0.573751 0.610031 0.596411 0.610660 0.598299 0.610660 0.603964 0.609401 0.605853 0.606884 0.605853
0 0.800752 0.636066 0.795087 0.626624 0.795087 0.624107 0.796976 0.620330 0.802641 0.615294 0.803270 0.612777 0.804529 0.610888 0.806418 0.609629 0.808935 0.609629 0.811453 0.611518 0.812712 0.619700 0.815230 0.624107 0.815230 0.629142 0.813341 0.632919 0.809564 0.635437 0.807047 0.636066
0 0.933323 0.830811 0.927348 0.846745 0.919380 0.847741 0.901454 0.831806 0.893487 0.828819 0.891495 0.824835 0.895479 0.822843 0.901454 0.815872 0.919380 0.815872 0.926352 0.823839
0 0.035945 0.857673 0.028475 0.862903 0.026234 0.862903 0.021751 0.864397 0.017269 0.864397 0.015028 0.862903 0.015028 0.860662 0.012787 0.859168 0.010546 0.853938 0.010546 0.844227 0.017269 0.844227 0.022498 0.841986 0.023992 0.840492 0.028475 0.841239 0.028475 0.843480 0.031463 0.851697
0 0.464747 0.738147 0.461759 0.732171 0.461759 0.720218 0.460265 0.711254 0.463253 0.709759 0.467735 0.710506 0.469976 0.713495 0.471470 0.717977 0.474459 0.722459 0.477447 0.729929 0.477447 0.738147 0.475953 0.740388 0.471470 0.741135
0 0.809373 0.746346 0.803323 0.746346 0.795761 0.739540 0.795005 0.735002 0.795761 0.732734 0.802567 0.732734 0.804836 0.731221 0.813911 0.731221 0.816936 0.735759 0.818448 0.740296 0.819961 0.741809 0.819961 0.745590 0.818448 0.747859 0.816180 0.749371
0 0.229319 0.936339 0.229319 0.929449 0.230850 0.922559 0.234678 0.915669 0.237740 0.912607 0.243099 0.912607 0.246161 0.915669 0.247692 0.920262 0.247692 0.924856 0.246927 0.927152 0.243864 0.930214 0.236209 0.932511
