0 0.489280 0.126223 0.496030 0.127013 0.496618 0.132130 0.496357 0.133472 0.493883 0.140333 0.489547 0.144669 0.485959 0.146454 0.478998 0.146541 0.476980 0.145282 0.475856 0.141757 0.478910 0.139144 0.480939 0.138001 0.482562 0.136017 0.485306 0.131811 0.486509 0.128373
0 0.310023 0.181366 0.317143 0.177157 0.321325 0.170408 0.324814 0.169318 0.327430 0.168865 0.333556 0.167317 0.336796 0.168787 0.344490 0.169112 0.347905 0.171230 0.352268 0.172353 0.354945 0.174146 0.358102 0.174297 0.360610 0.180112 0.359290 0.182794 0.355593 0.186425 0.344252 0.186165 0.341855 0.187070 0.336337 0.186950 0.333471 0.188519 0.319945 0.191263 0.311330 0.190839 0.307648 0.189102 0.308569 0.184460
0 0.486827 0.887584 0.488762 0.890061 0.488993 0.892086 0.488256 0.898141 0.486286 0.901250 0.482297 0.903703 0.477788 0.904334 0.474148 0.904374 0.471721 0.900655 0.467077 0.898085 0.468067 0.893534 0.470574 0.892949 0.474539 0.887209 0.478589 0.886571 0.484121 0.886752
0 0.177333 0.694541 0.187952 0.696628 0.191810 0.698392 0.191860 0.705325 0.193580 0.707538 0.189815 0.711343 0.189724 0.711433 0.182755 0.711003 0.182534 0.709320 0.181583 0.708659 0.182219 0.707408 0.181163 0.703745 0.172051 0.698207
0 0.498209 0.741816 0.506660 0.740761 0.514216 0.742194 0.515452 0.742376 0.517224 0.742723 0.518449 0.744569 0.518693 0.744914 0.519703 0.744437 0.519743 0.745694 0.520121 0.746095 0.519749 0.751000 0.519703 0.751427 0.519403 0.751614 0.517224 0.754091 0.517004 0.754226 0.517047 0.754603 0.509147 0.755840 0.498082 0.751889 0.495925 0.744261
0 0.736666 0.545864 0.740234 0.540941 0.745574 0.540238 0.747501 0.538221 0.757370 0.537993 0.763314 0.538615 0.765166 0.540842 0.769212 0.542545 0.771245 0.549367 0.770989 0.549755 0.759416 0.559480 0.750755 0.561772 0.741609 0.561360 0.738234 0.557669 0.736778 0.551207
0 0.525109 0.544389 0.536828 0.540933 0.542709 0.541004 0.544909 0.545939 0.551687 0.546474 0.553986 0.548414 0.552084 0.551137 0.544909 0.552452 0.545020 0.552637 0.545828 0.553113 0.547491 0.556236 0.548720 0.556826 0.548420 0.560681 0.546931 0.561966 0.544525 0.563365 0.542422 0.561731 0.534217 0.558949 0.527576 0.555434 0.523344 0.550812 0.523404 0.546738
0 0.509863 0.535975 0.514873 0.536844 0.516516 0.538487 0.516500 0.547080 0.515555 0.551383 0.515089 0.558267 0.510691 0.560670 0.504586 0.559897 0.502183 0.558245 0.498841 0.553804 0.491360 0.552177 0.486743 0.552565 0.481188 0.550607 0.491425 0.541531 0.501581 0.536062
0 0.462850 0.518675 0.466551 0.518005 0.472577 0.518507 0.476217 0.520665 0.488532 0.522034 0.489138 0.528025 0.490413 0.535048 0.483711 0.536909 0.472824 0.538171 0.468528 0.536608 0.463840 0.534264 0.459504 0.530319 0.459203 0.526854 0.457250 0.523729 0.459323 0.521215
0 0.663534 0.529632 0.654430 0.532646 0.653609 0.538868 0.646082 0.540571 0.643293 0.537975 0.643080 0.531417 0.644381 0.527695 0.642512 0.526647 0.639202 0.521286 0.639278 0.513346 0.639996 0.511387 0.646748 0.510480 0.651819 0.514684 0.653895 0.515202 0.664763 0.525961
0 0.606259 0.611941 0.611560 0.616912 0.610739 0.622319 0.600294 0.622709 0.599914 0.615689 0.599173 0.613736 0.601075 0.609060
0 0.675717 0.529468 0.677080 0.527108 0.682654 0.528533 0.686975 0.534278 0.688099 0.540150 0.689838 0.540512 0.695522 0.545550 0.694050 0.547023 0.689429 0.547370 0.686453 0.551296 0.681766 0.553560 0.675655 0.553195 0.670385 0.547924 0.669545 0.545612 0.669554 0.545576 0.669385 0.545293 0.668092 0.544346 0.668092 0.541323 0.671287 0.538968 0.671461 0.538304
0 0.793772 0.351840 0.793847 0.351681 0.794361 0.350180 0.796960 0.348114 0.801471 0.347521 0.804301 0.347937 0.807890 0.349853 0.807132 0.353004 0.806209 0.358694 0.806315 0.361433 0.798575 0.361525 0.795511 0.362526 0.794420 0.363110 0.790584 0.362600 0.791375 0.359936 0.791365 0.356350
0 0.684929 0.300353 0.685769 0.296377 0.687054 0.296842 0.690847 0.296768 0.692994 0.297315 0.696315 0.296377 0.700132 0.296549 0.708228 0.296522 0.709218 0.300973 0.705089 0.304632 0.703662 0.304900 0.697078 0.309318 0.692603 0.306173 0.686334 0.302367
0 0.539087 0.322691 0.542961 0.318394 0.555225 0.310272 0.559970 0.311583 0.558461 0.315839 0.558557 0.315991 0.557671 0.319510 0.557386 0.321359 0.555002 0.323742 0.553295 0.323990 0.551421 0.325370 0.551136 0.327999 0.549534 0.329601 0.546951 0.328704 0.546309 0.329400
0 0.586126 0.397968 0.586934 0.394736 0.587213 0.389005 0.587471 0.383683 0.587671 0.379589 0.587989 0.373039 0.588061 0.372637 0.589278 0.366611 0.589333 0.359718 0.589357 0.356846 0.589406 0.356564 0.590152 0.352613 0.591019 0.348670 0.592043 0.345140 0.593280 0.341743 0.594614 0.338413 0.596143 0.335367 0.597540 0.332928 0.599377 0.330752 0.601452 0.328613 0.603407 0.326929 0.605830 0.325235 0.607727 0.324391 0.610634 0.323916 0.613164 0.323976 0.615035 0.324427 0.616797 0.325378 0.618879 0.327232 0.620781 0.329455 0.622621 0.331964 0.624407 0.334606 0.626116 0.337630 0.627793 0.340476 0.629553 0.343598 0.631293 0.346642 0.633109 0.349920 0.634897 0.353397 0.636476 0.356696 0.638139 0.360206 0.639690 0.363759 0.640306 0.367417 0.640780 0.370231 0.641443 0.374171 0.642012 0.377548 0.641453 0.381149 0.640821 0.382507 0.640239 0.386323 0.639039 0.389070 0.638883 0.390345 0.638210 0.391687 0.636838 0.393941 0.634982 0.396447 0.632963 0.399073 0.630778 0.401795 0.628952 0.403943 0.626866 0.406515 0.624651 0.409314 0.622498 0.412240 0.620265 0.415362 0.618080 0.418353 0.616193 0.420702 0.614238 0.422218 0.612758 0.422851 0.611633 0.423175 0.611433 0.423210 0.610478 0.423182 0.609377 0.422818 0.609338 0.422768 0.609173 0.422393 0.608809 0.420517 0.607638 0.418564 0.604903 0.418173 0.604452 0.417933 0.600095 0.415609 0.599044 0.415048 0.595919 0.413876 0.595676 0.413876 0.592403 0.413876 0.591724 0.413728 0.589180 0.413170 0.584600 0.412167 0.584539 0.412026 0.584200 0.409970 0.581726 0.408162 0.581727 0.406421 0.581770 0.406212 0.582456 0.404842 0.585762 0.399423
0 0.131271 0.716311 0.131499 0.716765 0.131985 0.718748 0.132220 0.721317 0.132309 0.724105 0.132354 0.727119 0.132455 0.730072 0.132146 0.732458 0.132636 0.734828 0.132701 0.735085 0.132180 0.735946 0.132884 0.739073 0.133310 0.746793 0.132939 0.753585 0.132861 0.753789 0.132420 0.754798 0.132327 0.754998 0.132068 0.755511 0.130828 0.756751 0.130227 0.758993 0.129551 0.760213 0.129499 0.760270 0.127680 0.761727 0.123312 0.771857 0.122614 0.774280 0.122503 0.774571 0.121563 0.775837 0.120361 0.776790 0.119004 0.777366 0.117129 0.777661 0.114672 0.777662 0.112820 0.777326 0.111404 0.776806 0.110183 0.776078 0.109731 0.772221 0.107758 0.768759 0.104922 0.761750 0.101577 0.761108 0.100948 0.759678 0.101591 0.739462 0.101686 0.731037 0.104228 0.727864 0.108829 0.727330 0.119477 0.717196 0.120900 0.716292 0.122129 0.716027 0.125336 0.715243 0.131195 0.716160
0 0.771829 0.490978 0.772441 0.470486 0.773025 0.450970 0.775759 0.445892 0.775937 0.440703 0.777569 0.436816 0.780056 0.436517 0.782650 0.432321 0.785616 0.431768 0.790993 0.433782 0.792167 0.433595 0.792305 0.433596 0.795290 0.436907 0.803884 0.437298 0.813879 0.435309 0.817721 0.435781 0.818705 0.438981 0.818966 0.446292 0.816811 0.448741 0.813039 0.449047 0.808189 0.454252 0.814431 0.463470 0.820756 0.468970 0.823705 0.471019 0.825214 0.473143 0.824767 0.501332 0.815356 0.506893 0.813039 0.506600 0.805260 0.506555 0.798931 0.509250 0.794118 0.516595 0.787576 0.517214 0.782400 0.515814 0.776869 0.512543 0.775989 0.506675 0.775368 0.502532 0.772335 0.498768 0.771845 0.491952
0 1.000000 1.000000 0.692145 1.000000 0.692475 0.980855 0.691303 0.976949 0.697553 0.975386 0.706146 0.932808 0.713178 0.899605 0.711725 0.886529 0.717084 0.875386 0.717316 0.859971 0.716925 0.851325 0.720209 0.838277 0.715521 0.833980 0.710053 0.826949 0.708100 0.822261 0.717475 0.819918 0.717475 0.814839 0.720600 0.812886 0.725678 0.811714 0.725826 0.811607 0.729975 0.808589 0.734271 0.806246 0.729975 0.803902 0.731146 0.800777 0.734662 0.801558 0.734627 0.801327 0.733100 0.791402 0.737787 0.791011 0.738178 0.779293 0.734662 0.775777 0.737787 0.772261 0.738959 0.766402 0.741303 0.764839 0.741494 0.763309 0.741877 0.760248 0.742084 0.758589 0.742084 0.755464 0.741678 0.755587 0.741575 0.755408 0.735053 0.754683 0.735053 0.749605 0.735847 0.747718 0.735900 0.747592 0.736747 0.745580 0.736800 0.745454 0.738178 0.742183 0.740521 0.740230 0.740521 0.735543 0.737006 0.730855 0.737396 0.718355 0.736615 0.714058 0.737787 0.708980 0.741303 0.709371 0.740845 0.702730 0.740521 0.698043 0.738568 0.692964 0.736186 0.685495 0.738568 0.680855 0.740912 0.673043 0.735053 0.666793 0.733490 0.664449 0.742865 0.662886 0.754929 0.642709 0.757857 0.634558 0.767054 0.616428 0.769500 0.601944 0.814321 0.507504 0.824767 0.501332 0.825241 0.471419 0.830464 0.460973 0.828090 0.449103 0.834738 0.446729 0.833313 0.433434 0.832103 0.422634 0.833131 0.408899 0.832082 0.405584 0.830827 0.386508 0.832031 0.345026 0.851152 0.289903 0.840121 0.268721 0.820312 0.250000 0.832031 0.218750 0.839844 0.175781 0.851562 0.140625 0.832031 0.125000 0.878906 0.078125 0.886719 0.023438 0.902344 0.000000 1.000000 0.000000 1.000000 0.507664 0.999041 0.509390 0.995135 0.512905 0.992401 0.515249 0.984198 0.518765 0.977166 0.523843 0.971698 0.528140 0.967401 0.531265 0.963698 0.539397 0.961541 0.542202 0.960346 0.552743 0.960589 0.559616 0.960760 0.564468 0.961151 0.581655 0.963104 0.583609 0.961151 0.588687 0.961204 0.599240 0.958986 0.609273 0.957382 0.612853 0.953867 0.615197 0.952695 0.619494 0.942929 0.629650 0.940586 0.633556 0.936289 0.636291 0.936270 0.639136 0.937461 0.651525 0.940586 0.658556 0.941257 0.665317 0.940976 0.673400 0.937461 0.677306 0.935898 0.682384 0.933164 0.684338 0.931283 0.690252 0.933164 0.699572 0.937400 0.703817 0.936470 0.711259 0.938242 0.719494 0.942539 0.726134 0.943913 0.734518 0.946054 0.741759 0.949179 0.744884 0.948007 0.751525 0.951940 0.753617 0.956217 0.753835 0.960898 0.753088 0.963242 0.746447 0.967539 0.745666 0.967428 0.740047 0.967517 0.739845 0.970310 0.737473 0.987386 0.753835 0.990586 0.762463 0.994866 0.767549 1.000000 0.772874
