0 0.187500 0.796875 0.199219 0.796875 0.203125 0.796875 0.214844 0.804688 0.218750 0.804688 0.242188 0.824219 0.246094 0.828125 0.246094 0.835938 0.246094 0.839844 0.242188 0.843750 0.238281 0.847656 0.214844 0.847656 0.210938 0.847656 0.187500 0.839844 0.183594 0.839844 0.179688 0.835938 0.175781 0.832031 0.175781 0.816406 0.175781 0.812500 0.187500 0.796875
0 0.074219 0.949219 0.085938 0.949219 0.089844 0.949219 0.097656 0.957031 0.101562 0.960938 0.101562 0.984375 0.097656 0.988281 0.089844 0.988281 0.085938 0.988281 0.078125 0.980469 0.074219 0.976562 0.074219 0.949219
0 0.607115 0.937605 0.595902 0.933527 0.594373 0.931488 0.594373 0.923843 0.595393 0.919766 0.603038 0.910082 0.606096 0.908553 0.613231 0.907534 0.617309 0.909572 0.618838 0.911101 0.620367 0.914159 0.621386 0.920785 0.616799 0.928430 0.615270 0.932508 0.611702 0.935056
0 0.660607 0.687222 0.640829 0.688082 0.639109 0.686362 0.638249 0.671743 0.637389 0.669164 0.634809 0.668304 0.634809 0.660564 0.638249 0.656265 0.656307 0.653685 0.661467 0.679483
0 0.828291 0.684642 0.822272 0.680343 0.817113 0.666584 0.822272 0.660564 0.829151 0.657125 0.834311 0.647666 0.840330 0.643366 0.848070 0.643366 0.850649 0.648525 0.850649 0.654545 0.848929 0.663144 0.841190 0.678623 0.836031 0.684642
0 0.647597 0.518547 0.637697 0.521022 0.636459 0.506172 0.640172 0.498746 0.643884 0.498746 0.651309 0.488846 0.661209 0.487609 0.662447 0.492559 0.661209 0.497509 0.658734 0.502459 0.651309 0.507409
0 0.373578 0.261676 0.368274 0.248417 0.368274 0.223667 0.378882 0.223667 0.382417 0.225435 0.385069 0.230739 0.385953 0.238694 0.385953 0.262560 0.381533 0.265212
0 0.041220 0.428739 0.027961 0.430507 0.021773 0.427855 0.019121 0.421668 0.019121 0.413712 0.023541 0.400454 0.026193 0.397802 0.038568 0.401337 0.042104 0.403989 0.042987 0.413712 0.040336 0.420784
0 0.431034 0.360677 0.422194 0.357141 0.416007 0.344766 0.423962 0.335927 0.434569 0.335927 0.437221 0.345650 0.437221 0.355373
0 0.567159 0.139694 0.558320 0.139694 0.553016 0.134390 0.545945 0.121131 0.545945 0.113176 0.547713 0.109640 0.553016 0.108756 0.560087 0.111408 0.565391 0.115827 0.572463 0.125551 0.573346 0.133506
0 0.926239 0.433094 0.917766 0.428472 0.915455 0.420000 0.915455 0.413067 0.913914 0.410756 0.913144 0.406135 0.920077 0.405364 0.926239 0.407675 0.927779 0.409216 0.931630 0.409216 0.933941 0.409986 0.937022 0.413067 0.939333 0.418459 0.939333 0.426932 0.938563 0.430013 0.933941 0.431554
0 0.397135 1.000000 0.393132 0.995998 0.381056 0.995135 0.372431 0.989960 0.372431 0.976159 0.375018 0.974434 0.388820 0.974434 0.411246 0.985647 0.412971 0.988235 0.413756 1.000000
0 0.069670 0.896803 0.052419 0.897665 0.048106 0.884727 0.048106 0.871788 0.049831 0.866613 0.052419 0.861438 0.056732 0.857987 0.071395 0.855400
