0 0.101562 0.000000 0.101562 0.000000 0.089844 0.011719 0.085938 0.011719 0.085938 0.000000 0.085938 0.000000
0 0.195312 0.062500 0.195312 0.066406 0.199219 0.070312 0.199219 0.082031 0.199219 0.085938 0.203125 0.089844 0.210938 0.089844 0.214844 0.089844 0.214844 0.105469 0.210938 0.109375 0.214844 0.113281 0.226562 0.113281 0.230469 0.113281 0.230469 0.117188 0.234375 0.121094 0.234375 0.125000 0.238281 0.128906 0.234375 0.128906 0.230469 0.132812 0.226562 0.136719 0.222656 0.136719 0.222656 0.132812 0.218750 0.128906 0.214844 0.128906 0.214844 0.117188 0.214844 0.113281 0.210938 0.109375 0.207031 0.109375 0.203125 0.109375 0.203125 0.093750 0.203125 0.089844 0.199219 0.085938 0.195312 0.089844 0.191406 0.089844 0.187500 0.089844 0.187500 0.078125 0.187500 0.074219 0.191406 0.070312 0.195312 0.066406 0.195312 0.062500
0 0.035156 0.234375 0.046875 0.234375 0.050781 0.234375 0.054688 0.238281 0.054688 0.242188 0.050781 0.246094 0.050781 0.250000 0.046875 0.253906 0.027344 0.253906 0.023438 0.253906 0.023438 0.246094 0.019531 0.242188 0.023438 0.238281 0.027344 0.238281 0.031250 0.238281 0.035156 0.234375
0 0.300781 0.285156 0.308594 0.285156 0.312500 0.285156 0.308594 0.289062 0.304688 0.292969 0.300781 0.292969 0.296875 0.292969 0.292969 0.296875 0.285156 0.296875 0.281250 0.296875 0.281250 0.292969 0.281250 0.289062 0.292969 0.289062 0.296875 0.289062 0.300781 0.285156
0 0.464844 0.425781 0.480469 0.425781 0.484375 0.425781 0.484375 0.437500 0.484375 0.441406 0.480469 0.445312 0.476562 0.445312 0.472656 0.449219 0.472656 0.464844 0.472656 0.468750 0.468750 0.472656 0.464844 0.476562 0.464844 0.425781
0 0.402344 0.472656 0.406250 0.472656 0.410156 0.472656 0.414062 0.476562 0.417969 0.476562 0.421875 0.480469 0.425781 0.480469 0.425781 0.484375 0.421875 0.488281 0.417969 0.488281 0.414062 0.484375 0.406250 0.484375 0.402344 0.484375 0.398438 0.480469 0.402344 0.476562 0.402344 0.472656
0 0.968750 0.593750 0.972656 0.593750 0.976562 0.593750 0.980469 0.597656 0.984375 0.597656 0.976562 0.597656 0.972656 0.601562 0.972656 0.613281 0.972656 0.617188 0.976562 0.621094 0.992188 0.621094 0.996094 0.621094 0.996094 0.625000 0.992188 0.628906 0.988281 0.628906 0.984375 0.628906 0.980469 0.632812 0.972656 0.632812 0.968750 0.632812 0.968750 0.628906 0.968750 0.625000 0.964844 0.621094 0.960938 0.617188 0.964844 0.613281 0.964844 0.601562 0.964844 0.597656 0.968750 0.593750
0 0.007812 0.605469 0.011719 0.605469 0.015625 0.605469 0.015625 0.609375 0.019531 0.613281 0.031250 0.613281 0.035156 0.613281 0.035156 0.625000 0.035156 0.628906 0.039062 0.632812 0.039062 0.636719 0.035156 0.640625 0.031250 0.640625 0.027344 0.636719 0.019531 0.636719 0.015625 0.636719 0.007812 0.644531 0.003906 0.644531 0.003906 0.640625 0.000000 0.636719 0.000000 0.632812 0.000000 0.628906 0.000000 0.628906 0.000000 0.609375 0.000000 0.609375 0.003906 0.609375 0.007812 0.605469
0 0.730469 0.632812 0.734375 0.632812 0.738281 0.632812 0.746094 0.640625 0.750000 0.640625 0.746094 0.644531 0.742188 0.648438 0.738281 0.648438 0.734375 0.652344 0.734375 0.664062 0.738281 0.667969 0.734375 0.667969 0.730469 0.671875 0.726562 0.671875 0.722656 0.671875 0.718750 0.667969 0.714844 0.664062 0.714844 0.660156 0.710938 0.656250 0.710938 0.644531 0.710938 0.640625 0.718750 0.640625 0.722656 0.640625 0.730469 0.632812
0 0.320312 0.652344 0.332031 0.652344 0.335938 0.652344 0.339844 0.656250 0.343750 0.656250 0.343750 0.660156 0.339844 0.664062 0.332031 0.664062 0.328125 0.667969 0.328125 0.671875 0.328125 0.675781 0.324219 0.679688 0.324219 0.683594 0.320312 0.679688 0.316406 0.675781 0.312500 0.675781 0.308594 0.675781 0.316406 0.675781 0.320312 0.671875 0.320312 0.652344
0 0.152344 0.683594 0.160156 0.683594 0.164062 0.683594 0.167969 0.687500 0.171875 0.687500 0.171875 0.691406 0.167969 0.695312 0.152344 0.695312 0.148438 0.695312 0.148438 0.691406 0.148438 0.687500 0.152344 0.683594
0 0.066406 0.777344 0.070312 0.777344 0.074219 0.777344 0.074219 0.796875 0.074219 0.800781 0.070312 0.804688 0.062500 0.804688 0.058594 0.804688 0.058594 0.800781 0.058594 0.796875 0.062500 0.796875 0.066406 0.792969 0.066406 0.777344
0 0.460938 0.820312 0.464844 0.820312 0.468750 0.820312 0.468750 0.824219 0.472656 0.828125 0.480469 0.828125 0.484375 0.832031 0.480469 0.835938 0.480469 0.843750 0.476562 0.847656 0.472656 0.847656 0.468750 0.847656 0.468750 0.843750 0.464844 0.839844 0.453125 0.839844 0.449219 0.835938 0.449219 0.832031 0.449219 0.828125 0.453125 0.824219 0.457031 0.824219 0.460938 0.820312
0 0.464844 0.820312 0.468750 0.820312 0.468750 0.824219 0.472656 0.828125 0.480469 0.828125 0.484375 0.832031 0.480469 0.835938 0.480469 0.843750 0.476562 0.847656 0.472656 0.847656 0.468750 0.847656 0.468750 0.843750 0.464844 0.839844 0.453125 0.839844 0.449219 0.835938 0.449219 0.832031 0.449219 0.828125 0.453125 0.824219 0.457031 0.824219 0.460938 0.820312 0.464844 0.820312
0 0.257812 0.886719 0.261719 0.886719 0.265625 0.886719 0.265625 0.890625 0.269531 0.894531 0.273438 0.894531 0.273438 0.906250 0.273438 0.910156 0.269531 0.914062 0.265625 0.914062 0.261719 0.917969 0.257812 0.914062 0.257812 0.910156 0.253906 0.906250 0.253906 0.894531 0.253906 0.890625 0.257812 0.886719
0 0.808594 0.933594 0.812500 0.937500 0.816406 0.937500 0.816406 0.941406 0.820312 0.945312 0.824219 0.945312 0.828125 0.945312 0.828125 0.949219 0.824219 0.953125 0.820312 0.957031 0.816406 0.953125 0.812500 0.949219 0.808594 0.949219 0.804688 0.949219 0.804688 0.941406 0.804688 0.937500 0.808594 0.933594
