0 0.941406 0.886719 0.949219 0.886719 0.953125 0.886719 0.953125 0.894531 0.953905 0.899480 0.953125 0.929688 0.953125 0.933594 0.941330 0.948606 0.939058 0.950331 0.938023 0.952814 0.910156 0.988281 0.910156 0.992188 0.903574 1.000000 0.872965 1.000000 0.894531 0.976562 0.898438 0.972656 0.917049 0.945489 0.926593 0.927525 0.935905 0.906873 0.941406 0.886719
0 0.310571 0.088459 0.309868 0.085920 0.307601 0.083653 0.305861 0.082893 0.306057 0.079104 0.308807 0.068849 0.308218 0.043945 0.306731 0.036504 0.304856 0.034629 0.302317 0.033925 0.300150 0.034525 0.289062 0.023438 0.253906 0.023438 0.248696 0.026911 0.245067 0.028354 0.238486 0.035523 0.237390 0.039827 0.237828 0.045329 0.230469 0.062782 0.228399 0.063651 0.226524 0.065526 0.225821 0.068065 0.226524 0.071388 0.232332 0.077392 0.234760 0.088841 0.236635 0.090716 0.239174 0.091419 0.247036 0.091611 0.248400 0.092873 0.252116 0.094164 0.281396 0.095337 0.284116 0.095729 0.286443 0.097187 0.290355 0.098282 0.296434 0.098086 0.299561 0.097187 0.302428 0.095301 0.307013 0.093854 0.309868 0.090998
0 0.256043 0.000000 0.316389 0.000647 0.308648 0.007992 0.293561 0.015535 0.289591 0.020101 0.274107 0.020101 0.256043 0.003426
0 0.816751 0.090827 0.813893 0.097895 0.820293 0.136784 0.819994 0.148411 0.819139 0.152929 0.817180 0.152276 0.815341 0.152767 0.812736 0.152337 0.810768 0.150139 0.802164 0.147870 0.798304 0.146243 0.764362 0.144280 0.761767 0.139667 0.762055 0.120927 0.765227 0.120351 0.765803 0.101899 0.769551 0.101899 0.768975 0.092097 0.803283 0.073646 0.823464 0.074511 0.824041 0.090079
0 0.000000 1.000000 0.000000 0.941338 0.015625 0.957031 0.019531 0.960938 0.031219 0.969502 0.031430 0.980348 0.020155 0.981110 0.015625 1.000000 0.015625 1.000000
0 0.500000 0.343750 0.515625 0.347656 0.519531 0.347656 0.527344 0.355469 0.531250 0.359375 0.531250 0.378906 0.531250 0.382812 0.515625 0.414062 0.511719 0.417969 0.503906 0.449219 0.503906 0.453125 0.496094 0.457031 0.492188 0.457031 0.476562 0.449219 0.472656 0.449219 0.453125 0.429688 0.449219 0.425781 0.449219 0.406250 0.445312 0.402344 0.492188 0.371094 0.496094 0.367188 0.500000 0.343750
0 0.604892 0.431996 0.600986 0.435902 0.604892 0.439808 0.604892 0.451527 0.597079 0.459339 0.597079 0.467152 0.600986 0.467152 0.604892 0.471058 0.604892 0.486683 0.600986 0.490589 0.604892 0.494496 0.604892 0.510121 0.612704 0.517933 0.616611 0.517933 0.620517 0.521839 0.624423 0.521839 0.628329 0.525746 0.636142 0.525746 0.640048 0.529652 0.675204 0.529652 0.683017 0.521839 0.683017 0.514027 0.686923 0.510121 0.686923 0.463246 0.683017 0.459339 0.683017 0.455433 0.675204 0.447621 0.675204 0.439808 0.667392 0.439808 0.663486 0.435902 0.620517 0.435902 0.616611 0.431996
0 0.710493 0.480025 0.718750 0.476562 0.723522 0.480757 0.722271 0.525964 0.718835 0.527393 0.718750 0.542969 0.719616 0.553511 0.697754 0.582187 0.691406 0.589844 0.679688 0.601562 0.675781 0.605469 0.664062 0.605469 0.661022 0.602007 0.656250 0.601562 0.652344 0.597656 0.652768 0.586061 0.660737 0.585555 0.660323 0.565486 0.660389 0.544498 0.666792 0.539639 0.670543 0.534002 0.684434 0.522048 0.684350 0.514106 0.688219 0.502050 0.693657 0.499196 0.705589 0.482621
0 0.277344 0.644531 0.292969 0.648438 0.296875 0.648438 0.332031 0.687500 0.332031 0.691406 0.347656 0.699219 0.351562 0.703125 0.370969 0.696382 0.410156 0.691406 0.530345 0.691571 0.539062 0.699219 0.542969 0.722656 0.542969 0.726562 0.539062 0.738281 0.535156 0.742188 0.531250 0.777344 0.531250 0.781250 0.519531 0.796875 0.518584 0.806981 0.513335 0.816238 0.484375 0.867188 0.480469 0.871094 0.471141 0.882442 0.460938 0.885204 0.412446 0.888537 0.400525 0.886247 0.359375 0.851562 0.351192 0.846053 0.335341 0.850535 0.324219 0.839844 0.277344 0.800781 0.273438 0.796875 0.265625 0.796875 0.265804 0.781731 0.258691 0.777926 0.253686 0.749970 0.228915 0.750387 0.208434 0.758488 0.191176 0.764804 0.187651 0.773624 0.172532 0.765377 0.167125 0.747491 0.182093 0.740111 0.210938 0.726562 0.214844 0.726562 0.234375 0.695312 0.238281 0.691406 0.261719 0.683594 0.265625 0.679688 0.265625 0.660156 0.265625 0.656250 0.277344 0.644531
0 0.125471 0.355790 0.120780 0.337700 0.108799 0.323515 0.111694 0.312253 0.111694 0.300129 0.105349 0.277630 0.092537 0.264817 0.075238 0.260194 0.066772 0.246768 0.039631 0.217423 0.028225 0.214372 0.014187 0.219416 0.005779 0.230579 0.000000 0.235428 0.000000 0.435597 0.014261 0.440068 0.022948 0.438671 0.030101 0.439804 0.036457 0.444820 0.046823 0.457530 0.049824 0.458373 0.050277 0.449171 0.057425 0.445030 0.061566 0.446163 0.068930 0.455536 0.072146 0.455029 0.076864 0.450312 0.089578 0.424934 0.089102 0.422643 0.095429 0.416315 0.104403 0.390809 0.120780 0.373329 0.125468 0.355790
0 0.109103 0.659006 0.107970 0.654280 0.104962 0.651272 0.103641 0.650910 0.102896 0.647097 0.099171 0.641687 0.093477 0.630300 0.090630 0.626741 0.087072 0.619625 0.084994 0.613391 0.083689 0.613086 0.082778 0.609754 0.079801 0.606777 0.079809 0.603934 0.078044 0.598248 0.077908 0.595871 0.075329 0.591512 0.072670 0.584413 0.072061 0.580255 0.072070 0.561251 0.071099 0.559893 0.072193 0.555893 0.071581 0.553655 0.073365 0.548277 0.072671 0.545742 0.073365 0.541247 0.070427 0.532911 0.070435 0.527477 0.068354 0.523688 0.065365 0.520486 0.063444 0.516856 0.059406 0.514099 0.052768 0.513145 0.051374 0.516511 0.051971 0.518693 0.050042 0.528044 0.050042 0.538807 0.054320 0.560541 0.054747 0.570362 0.053543 0.578334 0.055138 0.578770 0.056059 0.583621 0.055631 0.589874 0.056764 0.594014 0.061498 0.598748 0.063841 0.611379 0.063833 0.613894 0.066723 0.622722 0.069653 0.626237 0.072661 0.629245 0.074152 0.629653 0.075559 0.631557 0.075818 0.633036 0.074964 0.636157 0.076097 0.640298 0.079105 0.643306 0.080364 0.643650 0.079027 0.645491 0.077894 0.649632 0.079027 0.654359 0.082034 0.657366 0.085539 0.658325 0.086643 0.661389 0.093752 0.667912 0.097892 0.669045 0.102033 0.667912 0.104962 0.666155 0.107970 0.663147
0 0.111754 0.590219 0.111754 0.582034 0.109909 0.573623 0.109198 0.571488 0.106764 0.569055 0.105283 0.562592 0.101369 0.555120 0.091244 0.544995 0.083545 0.542438 0.077625 0.543927 0.073906 0.548002 0.072773 0.552143 0.072773 0.563530 0.073129 0.569580 0.073849 0.572211 0.073841 0.578120 0.080311 0.603967 0.083514 0.610373 0.087233 0.614092 0.091374 0.615225 0.096582 0.614092 0.099590 0.611084 0.099861 0.610093 0.101564 0.609466 0.104927 0.606102 0.107774 0.602544 0.111390 0.591550
0 0.054462 0.576341 0.054107 0.563886 0.050711 0.551075 0.050363 0.538050 0.048575 0.529725 0.048584 0.514500 0.047436 0.513444 0.034438 0.513452 0.026609 0.513096 0.023576 0.512300 0.022113 0.512613 0.014640 0.514748 0.009658 0.516883 0.004516 0.522026 0.002380 0.525940 0.001248 0.530080 0.001248 0.535418 0.002380 0.539559 0.011686 0.547851 0.020884 0.559486 0.030136 0.569450 0.036186 0.577990 0.042041 0.583489 0.046181 0.584622 0.050322 0.583489 0.053330 0.580481
0 0.110569 0.488232 0.092777 0.498907 0.086838 0.504846 0.084887 0.510723 0.078207 0.512520 0.070816 0.510723 0.068244 0.508151 0.064604 0.510368 0.057924 0.512164 0.043334 0.513944 0.034438 0.513944 0.027759 0.512147 0.026788 0.511176 0.019137 0.513232 0.012457 0.511435 0.007535 0.506513 0.005738 0.499834 0.007535 0.493154 0.012457 0.488232 0.018150 0.484673 0.021941 0.481312 0.027087 0.479409 0.032425 0.476359 0.035636 0.473402 0.041321 0.470004 0.045642 0.465683 0.051234 0.462633 0.054445 0.459422 0.063165 0.456030 0.085985 0.456550 0.090776 0.455593 0.093379 0.456627 0.099386 0.460854 0.103546 0.462981 0.107681 0.467370 0.110472 0.475408 0.111234 0.487789
0 0.156191 0.517890 0.154363 0.512641 0.152448 0.503803 0.149410 0.496510 0.145711 0.492811 0.142245 0.492113 0.140901 0.488609 0.138325 0.486540 0.137730 0.473523 0.134718 0.461980 0.132855 0.458903 0.130424 0.445690 0.130437 0.396943 0.128640 0.390264 0.123718 0.385342 0.117038 0.383545 0.109751 0.385342 0.104829 0.390264 0.100575 0.399988 0.098625 0.408016 0.097536 0.409712 0.094523 0.421862 0.094523 0.435233 0.095752 0.441794 0.095739 0.445565 0.098751 0.455891 0.105373 0.463121 0.107299 0.468086 0.108514 0.476437 0.108514 0.486411 0.107902 0.491120 0.106045 0.492977 0.105213 0.495024 0.099967 0.502093 0.098527 0.505356 0.095105 0.509387 0.092700 0.518498 0.092092 0.523968 0.092092 0.528830 0.093055 0.532407 0.092264 0.533198 0.091132 0.537338 0.092264 0.542087 0.097127 0.548772 0.106212 0.557858 0.110353 0.558991 0.116317 0.557858 0.119325 0.554850 0.120240 0.551503 0.124187 0.546949 0.125320 0.542808 0.125320 0.540377 0.124187 0.536237 0.122289 0.534339 0.126757 0.533138 0.131679 0.528216 0.133475 0.521536 0.133463 0.512063 0.141002 0.512460 0.144836 0.517390 0.146052 0.520429 0.147927 0.522304 0.151073 0.523007 0.153613 0.522304 0.155487 0.520429
0 0.358261 0.549461 0.357136 0.554155 0.353424 0.557356 0.354966 0.558898 0.356098 0.563038 0.354966 0.567613 0.351524 0.571055 0.344892 0.575082 0.345237 0.576953 0.349322 0.582774 0.350889 0.588652 0.349516 0.593467 0.350455 0.596900 0.350455 0.600807 0.349322 0.604948 0.346314 0.607955 0.344457 0.608463 0.344112 0.609723 0.341105 0.612731 0.336096 0.613864 0.331955 0.612731 0.316327 0.606653 0.311552 0.603614 0.303768 0.595831 0.295357 0.582210 0.293784 0.580637 0.287108 0.565279 0.284667 0.561101 0.281804 0.551293 0.277721 0.543736 0.273380 0.533752 0.271379 0.526572 0.272512 0.521129 0.275520 0.518121 0.279660 0.516989 0.283801 0.518121 0.300132 0.535621 0.308080 0.543270 0.315461 0.551518 0.315895 0.552820 0.323275 0.560200 0.326111 0.563905 0.336471 0.554562 0.341559 0.536861 0.341305 0.535253 0.342808 0.533750 0.349120 0.532617 0.353260 0.533750 0.356268 0.536757 0.357570 0.539362 0.358703 0.543503 0.358703 0.547844
0 0.466395 0.638220 0.465262 0.634079 0.462254 0.631071 0.458114 0.629938 0.452693 0.631218 0.446038 0.631527 0.439991 0.633295 0.433170 0.639799 0.431084 0.646164 0.431121 0.649475 0.430310 0.650603 0.429071 0.651841 0.424738 0.653315 0.420777 0.656958 0.419645 0.661099 0.419645 0.666501 0.421730 0.673819 0.424738 0.676827 0.430291 0.679153 0.431899 0.680810 0.435077 0.686212 0.438402 0.689538 0.444132 0.691306 0.453243 0.690987 0.457478 0.691624 0.461619 0.690491 0.464627 0.687483 0.465759 0.683343 0.464627 0.678884 0.463656 0.677914 0.464170 0.676034 0.464170 0.665548 0.462573 0.651963 0.462573 0.645049 0.465262 0.642360
0 0.593903 0.586016 0.593458 0.582513 0.578729 0.568727 0.578729 0.563649 0.582995 0.561113 0.584010 0.557402 0.582929 0.553227 0.571834 0.547873 0.561393 0.537433 0.544869 0.527883 0.538776 0.526834 0.532434 0.528423 0.527428 0.535430 0.500429 0.556750 0.499296 0.560891 0.503436 0.568039 0.515870 0.568268 0.520284 0.570846 0.519208 0.585687 0.523714 0.590482 0.561125 0.589168 0.590933 0.590470 0.593344 0.588059
0 0.133634 0.228679 0.097861 0.187714 0.098438 0.170405 0.052281 0.125402 0.000000 0.076242 0.000000 0.049647 0.150943 0.108092 0.175752 0.108669 0.176906 0.110977 0.249604 0.137518 0.287684 0.139826 0.287107 0.146172 0.274991 0.147903 0.287684 0.158289 0.214986 0.169251 0.310186 0.164635 0.314802 0.187137 0.353459 0.222332 0.370191 0.255220 0.389231 0.278298 0.390385 0.305416 0.379999 0.325610 0.360959 0.328495 0.351728 0.310609 0.294608 0.311762 0.253643 0.278298 0.244989 0.274836 0.236334 0.278298 0.228257 0.275413 0.227680 0.255220 0.217871 0.256373 0.190754 0.246565 0.163636 0.234448 0.149789 0.226371
0 0.679911 0.278852 0.678786 0.284577 0.677426 0.285937 0.676605 0.288940 0.673597 0.291948 0.669456 0.293081 0.665121 0.292450 0.648087 0.292449 0.644656 0.293468 0.641969 0.295220 0.637828 0.296353 0.624429 0.298222 0.620288 0.297089 0.617280 0.294082 0.616670 0.291850 0.619425 0.289096 0.621025 0.284020 0.619892 0.279880 0.616146 0.276670 0.614164 0.273048 0.613031 0.268128 0.614164 0.263987 0.617172 0.260980 0.620818 0.259982 0.622625 0.258175 0.626766 0.257043 0.629001 0.257654 0.631039 0.255838 0.635271 0.253235 0.650884 0.253986 0.657237 0.256150 0.658671 0.257051 0.666184 0.257043 0.672015 0.257800 0.671968 0.265570 0.673993 0.268374 0.678710 0.272599 0.680075 0.278255
0 1.000000 0.097788 1.000000 0.053568 0.965069 0.034577 0.917543 0.000120 0.886651 0.000000 0.886651 0.004703 0.918052 0.040006 0.919086 0.043291 0.928179 0.053192 0.935251 0.064306 0.944748 0.075823 0.953860 0.084146 0.959701 0.092393 0.966426 0.098309 0.971795 0.100427 0.972707 0.101453 0.988153 0.101792
0 0.928375 0.093212 0.927242 0.089071 0.925111 0.086941 0.921709 0.077044 0.918027 0.073362 0.917648 0.071982 0.914509 0.069775 0.913573 0.065616 0.912402 0.064444 0.910329 0.064119 0.907206 0.047988 0.901503 0.031338 0.898495 0.028330 0.895186 0.026633 0.887707 0.027168 0.886536 0.028340 0.886106 0.029903 0.886073 0.036682 0.886884 0.039730 0.886408 0.054860 0.886940 0.061492 0.886302 0.063965 0.886729 0.070578 0.886257 0.072182 0.887707 0.074368 0.890797 0.074465 0.890371 0.083059 0.893522 0.092140 0.894828 0.099144 0.894337 0.101949 0.895033 0.104493 0.890902 0.107753 0.890199 0.110292 0.890902 0.112831 0.892777 0.114706 0.895316 0.115409 0.900020 0.113743 0.902907 0.111579 0.911808 0.107008 0.913514 0.105302 0.916378 0.104602 0.917711 0.103270 0.917919 0.100411 0.914638 0.095191 0.908422 0.089975 0.906068 0.086984 0.905638 0.085421 0.906068 0.083586 0.907421 0.082323 0.910803 0.081894 0.913002 0.082505 0.923086 0.096227 0.924563 0.097158 0.927242 0.097353
0 0.715388 0.000220 0.616891 0.000220 0.620195 0.003470 0.619661 0.005514 0.620364 0.008053 0.624541 0.012000 0.633563 0.017914 0.637053 0.022785 0.641691 0.027192 0.644230 0.027895 0.647307 0.027291 0.656780 0.027629 0.660568 0.031864 0.672379 0.031418 0.677059 0.035652 0.683075 0.035652 0.687925 0.028871 0.714613 0.001069
0 0.358300 0.476574 0.357562 0.494269 0.355643 0.501653 0.355842 0.506311 0.354979 0.509463 0.355596 0.511718 0.354218 0.516595 0.352989 0.518561 0.346786 0.524764 0.342646 0.525897 0.340188 0.525897 0.336047 0.524764 0.332960 0.521465 0.327721 0.521465 0.325405 0.523781 0.320773 0.525160 0.317087 0.525160 0.312946 0.524027 0.307972 0.519545 0.302811 0.508731 0.301028 0.507194 0.294023 0.504366 0.290769 0.501112 0.289636 0.496972 0.290769 0.492831 0.301641 0.481468 0.308031 0.475815 0.316141 0.470163 0.323722 0.467801 0.328846 0.468934 0.331854 0.471942 0.332986 0.476082 0.332022 0.479608 0.338092 0.484079 0.340868 0.485260 0.341491 0.463549 0.342624 0.459408 0.345632 0.456400 0.349773 0.455268 0.353913 0.456400 0.356921 0.459408 0.358054 0.463549 0.358545 0.475591
0 0.652634 0.978241 0.652428 0.966266 0.650263 0.957995 0.648198 0.953866 0.644364 0.949826 0.637333 0.947661 0.628661 0.947454 0.621836 0.949413 0.617294 0.951478 0.608711 0.959854 0.605820 0.965635 0.604481 0.970602 0.604481 0.974525 0.605820 0.979285 0.616273 0.989530 0.620893 0.998074 0.622568 1.000000 0.645033 1.000000 0.645307 0.999726 0.646339 0.997454 0.649284 0.986664 0.651088 0.984034 0.652420 0.979026
0 0.003906 0.214844 0.000164 0.217065 0.000000 0.216411 0.000000 0.134375 0.011719 0.171875 0.015625 0.175781 0.015625 0.207031
0 0.500000 0.183594 0.515625 0.187500 0.519531 0.187500 0.539062 0.210938 0.542969 0.214844 0.542969 0.222656 0.542969 0.226562 0.531250 0.238281 0.527344 0.242188 0.511719 0.246094 0.507812 0.250000 0.441406 0.257812 0.437500 0.257812 0.445312 0.238281 0.445312 0.234375 0.464844 0.210938 0.464844 0.207031 0.500000 0.183594
0 0.503164 0.339473 0.496094 0.335938 0.492188 0.335938 0.441406 0.320312 0.421875 0.320312 0.406250 0.332031 0.406250 0.335938 0.394531 0.359375 0.398438 0.363281 0.402344 0.375000 0.406250 0.378906 0.429688 0.398438 0.433594 0.398438 0.457031 0.394531 0.460938 0.390625 0.483831 0.376414 0.489804 0.369497 0.495942 0.359582 0.498775 0.348723 0.503024 0.339752
0 0.890625 0.878906 0.910156 0.878906 0.914062 0.878906 0.921875 0.890625 0.925781 0.894531 0.925781 0.910156 0.925781 0.914062 0.910156 0.941406 0.910156 0.945312 0.898438 0.957031 0.894531 0.960938 0.867188 0.960938 0.863281 0.960938 0.835938 0.949219 0.832031 0.949219 0.828125 0.921875 0.828125 0.917969 0.851562 0.894531 0.855469 0.890625 0.890625 0.878906
0 0.292969 1.000000 0.292969 1.000000 0.281250 0.976562 0.277344 0.976562 0.269531 0.964844 0.265625 0.964844 0.238281 0.945312 0.230469 0.914062 0.226562 0.914062 0.222656 0.910156 0.201511 0.931302 0.192266 0.927891 0.185821 0.931641 0.184805 0.938743 0.186669 0.944996 0.189403 0.947731 0.197148 0.948746 0.199219 0.957031 0.213140 0.970620 0.219394 0.972484 0.224664 0.970757 0.237534 0.983993 0.244415 1.000000
0 0.267716 0.793777 0.260086 0.769192 0.251609 0.749694 0.238045 0.751389 0.225329 0.749694 0.204982 0.763258 0.191418 0.767496 0.185484 0.779365 0.185484 0.781908 0.202439 0.797168 0.216003 0.805645 0.219394 0.823448 0.216851 0.826839 0.209221 0.829382 0.216851 0.837012 0.221938 0.837012 0.232958 0.831926 0.233806 0.839555 0.238815 0.839898 0.243642 0.837280 0.261912 0.832452 0.263974 0.831078 0.257543 0.812427 0.255000 0.809884 0.265173 0.802254
0 0.128586 0.806816 0.126747 0.809881 0.124403 0.812225 0.125000 0.816406 0.121127 0.820280 0.120004 0.825205 0.116657 0.828553 0.112946 0.829568 0.109235 0.828553 0.106501 0.825818 0.105485 0.820329 0.093750 0.808594 0.090565 0.795854 0.086554 0.794838 0.083820 0.792104 0.082804 0.788393 0.083820 0.784682 0.086554 0.781948 0.091357 0.780932 0.093750 0.777344 0.111140 0.782561 0.117188 0.785156 0.121094 0.789062 0.121363 0.790945 0.122659 0.792779 0.126747 0.796329 0.128586 0.798781 0.129602 0.803105
0 0.875000 0.765625 0.871094 0.765625 0.858423 0.759289 0.855020 0.760202 0.845254 0.757584 0.843360 0.755893 0.825991 0.751163 0.811913 0.745647 0.804376 0.745612 0.803143 0.746455 0.793378 0.749072 0.783184 0.746455 0.776036 0.739306 0.773684 0.730534 0.768523 0.725137 0.762179 0.721398 0.756644 0.719914 0.749495 0.712766 0.748641 0.709579 0.746094 0.707031 0.749495 0.693235 0.750819 0.691911 0.765625 0.644531 0.765625 0.640625 0.777026 0.617824 0.778628 0.610476 0.783042 0.606062 0.789097 0.604460 0.795152 0.606062 0.799566 0.610476 0.800375 0.613200 0.804688 0.617188 0.865000 0.691860 0.869354 0.709770 0.873683 0.720567 0.878295 0.739814 0.882148 0.752938 0.883004 0.762957
0 0.999680 0.798801 0.999305 0.863281 0.996094 0.866652 0.906250 0.882277 0.902344 0.878371 0.902344 0.866652 0.906250 0.862746 0.917969 0.858840 0.921875 0.858840 0.941406 0.843215 0.945312 0.843215 0.992188 0.804152
0 0.786036 0.280943 0.785020 0.275776 0.782286 0.273042 0.771839 0.269961 0.772203 0.262680 0.776648 0.255170 0.778027 0.250367 0.778027 0.248183 0.777012 0.244472 0.774277 0.241737 0.768746 0.239994 0.760011 0.239630 0.756300 0.240645 0.749384 0.244649 0.729541 0.262672 0.721169 0.273956 0.719789 0.279123 0.720153 0.283855 0.721169 0.287566 0.724445 0.293026 0.727907 0.296488 0.745743 0.304496 0.752659 0.309593 0.757827 0.310972 0.761538 0.309957 0.762377 0.309118 0.767291 0.310608 0.773913 0.308500 0.777012 0.305402 0.778027 0.301691 0.776537 0.297505 0.776785 0.296893 0.778104 0.294118 0.785020 0.284654
0 0.148839 0.091820 0.149949 0.092930 0.150965 0.096641 0.149949 0.100352 0.147215 0.103086 0.143504 0.104102 0.139793 0.103086 0.133496 0.097873 0.125000 0.097656 0.107837 0.087849 0.102873 0.087850 0.096453 0.086292 0.093718 0.083558 0.092703 0.079847 0.094087 0.075768 0.101562 0.023438 0.101562 0.019531 0.113281 0.000000 0.167969 0.000000
0 0.304688 0.886719 0.304688 0.871094 0.300781 0.867188 0.281250 0.855469 0.257812 0.855469 0.234375 0.882812 0.234375 0.906250 0.236545 0.908420 0.236541 0.910225 0.239347 0.919904 0.242928 0.927065 0.252823 0.935767 0.256534 0.936782 0.267275 0.936782 0.272180 0.935170 0.277302 0.929452 0.280735 0.912890 0.284210 0.904921
0 0.801049 0.951431 0.799912 0.955409 0.795473 0.959279 0.791762 0.960295 0.788051 0.959279 0.785317 0.956545 0.781907 0.949158 0.780323 0.942037 0.780129 0.933173 0.777077 0.926143 0.774520 0.923586 0.770896 0.915985 0.768609 0.913698 0.765477 0.913130 0.761946 0.916092 0.758235 0.917108 0.753956 0.916092 0.744864 0.907568 0.739181 0.905295 0.733606 0.900288 0.731454 0.894304 0.732469 0.889457 0.736340 0.885017 0.741454 0.882176 0.747438 0.880592 0.752130 0.880592 0.755962 0.879456 0.762213 0.879456 0.771038 0.881608 0.783540 0.887290 0.786274 0.890025 0.787290 0.893736 0.786286 0.898542 0.789758 0.906578 0.794230 0.912755 0.795580 0.916379 0.796503 0.917301 0.801496 0.936355 0.802064 0.947720
0 0.836160 0.903964 0.835144 0.900254 0.832410 0.897519 0.830205 0.896916 0.827617 0.893294 0.827188 0.891730 0.822181 0.886722 0.819340 0.885017 0.815629 0.884002 0.809645 0.885017 0.806682 0.887980 0.801422 0.887980 0.797711 0.888995 0.794977 0.891730 0.793961 0.895441 0.793961 0.898282 0.795545 0.903697 0.802826 0.911546 0.805173 0.912188 0.812486 0.920070 0.814759 0.921206 0.818470 0.922222 0.821880 0.922222 0.825591 0.921206 0.831734 0.914494 0.835144 0.907675
0 0.713309 0.654474 0.713309 0.651091 0.712293 0.647380 0.710263 0.643321 0.707529 0.640587 0.703818 0.639571 0.699219 0.640625 0.675781 0.609375 0.671875 0.609375 0.656250 0.601562 0.651071 0.606742 0.651071 0.616146 0.651748 0.618620 0.651454 0.624427 0.667969 0.664062 0.671875 0.667969 0.687500 0.687500 0.688916 0.687500 0.689931 0.691333 0.692666 0.694067 0.696377 0.695083 0.700088 0.694067 0.702822 0.691333 0.703837 0.687622 0.703837 0.679948 0.706038 0.670528 0.707220 0.666640 0.712293 0.658185
0 0.476683 0.449339 0.492308 0.449339 0.496214 0.449339 0.507933 0.457152 0.511839 0.461058 0.511839 0.500120 0.511839 0.504027 0.500120 0.527464 0.496214 0.531370 0.472777 0.527464 0.468870 0.527464 0.449339 0.488402 0.445433 0.484495 0.445433 0.468870 0.445433 0.464964 0.476683 0.449339
0 0.721971 0.304808 0.721971 0.273558 0.718349 0.267964 0.711904 0.264214 0.695307 0.265230 0.691645 0.271356 0.685728 0.274738 0.679692 0.287466 0.667284 0.300902 0.675096 0.312620 0.679003 0.312620 0.694628 0.320433 0.698534 0.316527
0 0.829476 0.295030 0.826263 0.280922 0.821720 0.274769 0.818209 0.259178 0.812989 0.253959 0.806935 0.252356 0.800075 0.253959 0.795661 0.258373 0.790837 0.278118 0.793194 0.306708 0.791642 0.319996 0.799688 0.337326 0.804907 0.342545 0.810962 0.344148 0.819432 0.342545 0.827068 0.336521 0.828670 0.330466 0.827068 0.323606 0.820620 0.317772 0.818201 0.310152 0.819486 0.306550 0.823459 0.305499 0.827873 0.301085 0.829475 0.295030
0 0.153023 0.337977 0.127468 0.355463 0.119398 0.383707 0.123433 0.391777 0.131503 0.398502 0.134193 0.433472 0.159748 0.445577
0 0.397812 0.199443 0.385707 0.203478 0.378982 0.220963 0.377637 0.259968 0.391087 0.276107 0.396467 0.272073 0.399157 0.272073 0.395122 0.224998
0 0.127468 0.250553 0.116708 0.257278 0.112673 0.282832 0.119398 0.312422 0.122088 0.313768 0.119398 0.339322 0.126123 0.351427 0.151678 0.333943 0.151678 0.315113 0.135537 0.317802 0.136883 0.301663 0.134193 0.285523 0.123433 0.270728 0.122088 0.265348
0 0.167818 0.592182 0.181268 0.608322 0.218927 0.584112 0.196063 0.557212 0.186648 0.555867 0.179923 0.567972 0.179923 0.578732
0 0.365532 0.342012 0.309042 0.347392 0.313077 0.364877 0.337287 0.372947 0.378982 0.374292 0.380327 0.359497
0 0.416642 0.218273 0.415297 0.262657 0.422022 0.309732 0.420677 0.319147 0.404537 0.323182 0.404537 0.331252 0.387052 0.358152 0.377637 0.359497 0.370912 0.352772 0.369567 0.337977 0.391087 0.303007 0.396467 0.266693 0.399157 0.231723
0 0.652016 0.153713 0.680261 0.159093 0.691021 0.159093 0.700436 0.142953 0.700436 0.132193 0.673536 0.132193 0.660086 0.142953
0 0.801311 0.003073 0.801311 0.015178 0.795931 0.025938 0.824176 0.040733 0.834936 0.020558 0.845696 0.029973 0.852421 0.027283 0.855111 0.019213 0.836281 0.012488 0.840316 0.000383
0 0.716576 0.003073 0.688331 0.034008 0.665466 0.046113 0.658741 0.043423 0.668156 0.079738 0.682951 0.114708 0.711196 0.124123 0.738096 0.138918 0.770376 0.145643 0.802656 0.145643 0.820141 0.156403 0.852421 0.156403 0.851076 0.167163 0.865871 0.171198 0.856456 0.148333 0.872596 0.146988 0.877976 0.156403 0.888736 0.145643 0.888736 0.126813 0.912946 0.129503 0.930430 0.128158 0.933121 0.113363 0.958675 0.091843 0.927741 0.059563 0.898151 0.017868 0.883356 0.004418 0.883356 0.000383
0 1.000000 0.300805 0.988266 0.294938 0.972125 0.305698 0.986920 0.343357 1.000000 0.358815
0 0.873941 0.846386 0.864526 0.842351 0.848386 0.851766 0.838971 0.862526 0.852421 0.878666 0.864526 0.888081 0.879321 0.880011 0.886046 0.871941 0.876631 0.871941 0.876631 0.867906
0 0.627806 0.687677 0.606286 0.687677 0.590146 0.697091 0.576696 0.715921 0.590146 0.730716 0.571316 0.748202 0.569971 0.753581 0.590146 0.756271 0.600907 0.754926 0.598216 0.741477 0.630496 0.741477 0.633186 0.717266 0.621081 0.717266 0.631841 0.701127
0 0.487927 0.906911 0.470442 0.908256 0.456992 0.906911 0.466407 0.923051 0.469097 0.923051 0.487927 0.937846 0.487927 0.941881 0.504067 0.948606 0.513482 0.945916 0.506757 0.909601
0 0.150332 0.814106 0.153023 0.838316 0.163782 0.850421 0.187993 0.847731 0.193373 0.835626 0.178577 0.826211 0.171852 0.818141
0 0.712541 0.952641 0.695056 0.952641 0.670846 0.962056 0.661431 0.963401 0.682951 0.984921 0.697746 0.983576 0.697746 0.980886 0.708506 0.974161 0.716576 0.972816
