0 0.210938 0.000000 0.210938 0.000000 0.203125 0.007812 0.203125 0.011719 0.191406 0.023438 0.187500 0.027344 0.179688 0.027344 0.175781 0.031250 0.171875 0.027344 0.171875 0.019531 0.171875 0.015625 0.167969 0.011719 0.164062 0.007812 0.167969 0.003906 0.167969 0.000000 0.167969 0.000000
0 0.441406 0.058594 0.453125 0.058594 0.457031 0.058594 0.457031 0.062500 0.460938 0.066406 0.464844 0.066406 0.468750 0.066406 0.472656 0.070312 0.476562 0.070312 0.476562 0.089844 0.472656 0.093750 0.468750 0.093750 0.464844 0.093750 0.457031 0.101562 0.453125 0.101562 0.453125 0.097656 0.453125 0.093750 0.449219 0.089844 0.445312 0.085938 0.445312 0.066406 0.445312 0.062500 0.441406 0.058594
0 0.238281 0.062500 0.246094 0.062500 0.250000 0.066406 0.250000 0.078125 0.246094 0.082031 0.242188 0.082031 0.238281 0.082031 0.238281 0.062500
0 0.460938 0.179688 0.464844 0.183594 0.472656 0.183594 0.476562 0.187500 0.476562 0.207031 0.472656 0.210938 0.468750 0.210938 0.464844 0.210938 0.464844 0.195312 0.464844 0.191406 0.460938 0.187500 0.460938 0.179688
0 0.953125 0.250000 0.964844 0.250000 0.968750 0.253906 0.964844 0.253906 0.960938 0.257812 0.957031 0.257812 0.953125 0.257812 0.949219 0.261719 0.945312 0.261719 0.945312 0.257812 0.945312 0.253906 0.949219 0.253906 0.953125 0.250000
0 0.093750 0.453125 0.105469 0.453125 0.109375 0.453125 0.109375 0.457031 0.113281 0.460938 0.117188 0.460938 0.117188 0.464844 0.113281 0.468750 0.113281 0.472656 0.109375 0.476562 0.062500 0.476562 0.058594 0.472656 0.062500 0.468750 0.066406 0.468750 0.070312 0.464844 0.074219 0.464844 0.078125 0.464844 0.082031 0.460938 0.085938 0.460938 0.093750 0.453125
0 0.492188 0.464844 0.496094 0.468750 0.507812 0.468750 0.511719 0.468750 0.511719 0.472656 0.515625 0.476562 0.511719 0.480469 0.507812 0.484375 0.507812 0.488281 0.503906 0.492188 0.500000 0.492188 0.496094 0.496094 0.492188 0.496094 0.488281 0.496094 0.484375 0.500000 0.480469 0.500000 0.476562 0.496094 0.480469 0.492188 0.484375 0.492188 0.488281 0.488281 0.488281 0.472656 0.488281 0.468750 0.492188 0.464844
0 0.261719 0.507812 0.277344 0.507812 0.281250 0.507812 0.281250 0.511719 0.281250 0.515625 0.277344 0.519531 0.273438 0.523438 0.273438 0.527344 0.269531 0.531250 0.261719 0.531250 0.257812 0.527344 0.257812 0.519531 0.257812 0.515625 0.261719 0.511719 0.261719 0.507812
0 0.214844 0.554688 0.222656 0.554688 0.226562 0.554688 0.230469 0.558594 0.234375 0.562500 0.230469 0.562500 0.226562 0.566406 0.222656 0.566406 0.218750 0.562500 0.214844 0.562500 0.214844 0.554688
0 0.402344 0.609375 0.406250 0.613281 0.410156 0.613281 0.414062 0.617188 0.425781 0.617188 0.429688 0.617188 0.429688 0.621094 0.429688 0.625000 0.425781 0.628906 0.410156 0.628906 0.406250 0.628906 0.402344 0.632812 0.398438 0.632812 0.394531 0.632812 0.390625 0.636719 0.394531 0.640625 0.394531 0.644531 0.394531 0.648438 0.386719 0.656250 0.382812 0.656250 0.382812 0.644531 0.382812 0.640625 0.386719 0.640625 0.390625 0.636719 0.390625 0.632812 0.394531 0.632812 0.398438 0.628906 0.398438 0.617188 0.398438 0.613281 0.402344 0.609375
0 0.359375 0.628906 0.367188 0.628906 0.371094 0.632812 0.371094 0.636719 0.367188 0.640625 0.363281 0.644531 0.363281 0.660156 0.363281 0.664062 0.367188 0.667969 0.371094 0.667969 0.367188 0.667969 0.363281 0.667969 0.359375 0.671875 0.355469 0.675781 0.339844 0.675781 0.335938 0.679688 0.332031 0.679688 0.328125 0.675781 0.324219 0.675781 0.320312 0.671875 0.320312 0.648438 0.316406 0.644531 0.324219 0.644531 0.328125 0.644531 0.332031 0.640625 0.335938 0.640625 0.339844 0.636719 0.343750 0.636719 0.347656 0.636719 0.351562 0.632812 0.355469 0.632812 0.359375 0.628906
0 0.433594 0.714844 0.437500 0.714844 0.441406 0.714844 0.441406 0.726562 0.445312 0.730469 0.445312 0.734375 0.441406 0.738281 0.437500 0.742188 0.433594 0.742188 0.433594 0.714844
0 0.582031 0.726562 0.585938 0.726562 0.589844 0.726562 0.593750 0.730469 0.597656 0.730469 0.601562 0.734375 0.605469 0.734375 0.609375 0.738281 0.609375 0.742188 0.605469 0.746094 0.605469 0.750000 0.601562 0.753906 0.597656 0.757812 0.593750 0.753906 0.593750 0.750000 0.589844 0.746094 0.585938 0.742188 0.585938 0.738281 0.582031 0.734375 0.582031 0.726562
0 0.152344 0.738281 0.167969 0.738281 0.167969 0.742188 0.160156 0.750000 0.156250 0.750000 0.152344 0.746094 0.152344 0.738281
0 0.011719 0.769531 0.019531 0.769531 0.023438 0.773438 0.019531 0.777344 0.019531 0.792969 0.015625 0.796875 0.000000 0.796875 0.000000 0.785156 0.003906 0.785156 0.007812 0.785156 0.011719 0.781250 0.011719 0.769531
0 0.597656 0.777344 0.605469 0.777344 0.609375 0.777344 0.613281 0.781250 0.617188 0.785156 0.617188 0.789062 0.613281 0.792969 0.609375 0.796875 0.605469 0.796875 0.601562 0.792969 0.597656 0.789062 0.597656 0.777344
0 0.312500 0.925781 0.328125 0.925781 0.332031 0.929688 0.347656 0.929688 0.351562 0.929688 0.355469 0.925781 0.367188 0.925781 0.371094 0.925781 0.367188 0.929688 0.367188 0.933594 0.363281 0.937500 0.347656 0.937500 0.343750 0.937500 0.339844 0.941406 0.339844 0.945312 0.335938 0.949219 0.328125 0.949219 0.324219 0.953125 0.320312 0.949219 0.316406 0.945312 0.312500 0.945312 0.308594 0.941406 0.308594 0.933594 0.308594 0.929688 0.312500 0.925781
0 0.093750 0.976562 0.097656 0.976562 0.101562 0.976562 0.105469 0.980469 0.109375 0.980469 0.113281 0.984375 0.105469 0.992188 0.101562 0.996094 0.101562 1.000000 0.101562 1.000000 0.085938 1.000000 0.085938 1.000000 0.085938 0.996094 0.089844 0.992188 0.089844 0.984375 0.089844 0.980469 0.093750 0.976562
