0 1.000000 0.000000 1.000000 0.113281 1.000000 0.113281 0.964844 0.109375 0.960938 0.105469 0.910156 0.109375 0.906250 0.113281 0.746094 0.105469 0.742188 0.105469 0.691406 0.089844 0.687500 0.089844 0.652344 0.070312 0.648438 0.066406 0.613281 0.054688 0.609375 0.054688 0.589844 0.039062 0.585938 0.035156 0.569393 0.000000
0 0.972656 0.312500 1.000000 0.317708 1.000000 0.731934 0.988281 0.738281 0.984375 0.742188 0.972656 0.742188 0.968750 0.742188 0.941406 0.726562 0.937500 0.726562 0.921875 0.710938 0.917969 0.707031 0.914062 0.687500 0.910156 0.683594 0.910156 0.625000 0.906250 0.621094 0.910156 0.546875 0.910156 0.542969 0.894531 0.519531 0.890625 0.515625 0.890625 0.503906 0.886719 0.500000 0.890625 0.449219 0.890625 0.445312 0.906250 0.371094 0.906250 0.367188 0.945312 0.328125 0.949219 0.324219 0.972656 0.312500
0 0.539062 0.000000 0.539062 0.000000 0.542969 0.000000 0.566406 0.023438 0.570312 0.027344 0.582031 0.050781 0.585938 0.054688 0.578125 0.097656 0.578125 0.101562 0.589844 0.113281 0.593750 0.117188 0.632812 0.109375 0.636719 0.105469 0.687500 0.105469 0.691406 0.105469 0.765625 0.117188 0.769531 0.121094 0.828125 0.125000 0.832031 0.125000 0.835938 0.128906 0.839844 0.132812 0.839844 0.144531 0.839844 0.148438 0.824219 0.175781 0.824219 0.179688 0.792969 0.199219 0.789062 0.203125 0.757812 0.195312 0.753906 0.195312 0.734375 0.179688 0.730469 0.179688 0.671875 0.222656 0.667969 0.226562 0.632812 0.234375 0.628906 0.238281 0.597656 0.234375 0.593750 0.234375 0.582031 0.226562 0.578125 0.222656 0.566406 0.195312 0.566406 0.191406 0.535156 0.156250 0.531250 0.152344 0.496094 0.136719 0.492188 0.136719 0.480469 0.125000 0.476562 0.121094 0.441406 0.050781 0.437500 0.046875 0.437500 0.035156 0.433594 0.031250 0.437500 0.007812 0.437500 0.003906 0.440104 0.000000
0 0.453125 0.128906 0.472656 0.128906 0.476562 0.128906 0.546875 0.175781 0.550781 0.179688 0.578125 0.242188 0.582031 0.246094 0.578125 0.269531 0.578125 0.273438 0.562500 0.300781 0.562500 0.304688 0.554688 0.308594 0.550781 0.312500 0.515625 0.324219 0.511719 0.324219 0.464844 0.285156 0.460938 0.281250 0.445312 0.234375 0.445312 0.230469 0.433594 0.218750 0.429688 0.214844 0.441406 0.144531 0.441406 0.140625 0.453125 0.128906
0 0.226562 0.277344 0.324219 0.316406 0.328125 0.316406 0.355469 0.343750 0.359375 0.347656 0.371094 0.406250 0.371094 0.410156 0.343750 0.453125 0.339844 0.457031 0.304688 0.457031 0.300781 0.457031 0.199219 0.398438 0.195312 0.394531 0.195312 0.320312 0.195312 0.316406 0.203125 0.300781 0.203125 0.296875 0.226562 0.277344
0 0.101562 0.242188 0.105469 0.242188 0.109375 0.242188 0.144531 0.285156 0.148438 0.289062 0.187500 0.304688 0.191406 0.308594 0.187500 0.351562 0.187500 0.355469 0.179688 0.367188 0.175781 0.371094 0.199219 0.402344 0.203125 0.406250 0.242188 0.433594 0.246094 0.437500 0.253906 0.480469 0.257812 0.484375 0.250000 0.503906 0.246094 0.507812 0.210938 0.515625 0.207031 0.519531 0.160156 0.515625 0.156250 0.515625 0.140625 0.507812 0.136719 0.503906 0.132812 0.476562 0.136719 0.472656 0.117188 0.453125 0.113281 0.449219 0.085938 0.398438 0.082031 0.394531 0.054688 0.320312 0.050781 0.316406 0.074219 0.265625 0.074219 0.261719 0.101562 0.242188
0 0.000000 0.089844 0.042969 0.089844 0.046875 0.089844 0.101562 0.105469 0.105469 0.105469 0.109375 0.128906 0.109375 0.132812 0.128906 0.148438 0.132812 0.152344 0.128906 0.171875 0.128906 0.175781 0.105469 0.187500 0.101562 0.191406 0.003906 0.222656 0.000000 0.222656 0.000000 0.089844
0 0.515625 0.449219 0.570312 0.449219 0.574219 0.449219 0.628906 0.464844 0.632812 0.464844 0.648438 0.476562 0.652344 0.480469 0.652344 0.488281 0.652344 0.492188 0.640625 0.503906 0.636719 0.507812 0.617188 0.511719 0.613281 0.515625 0.523438 0.519531 0.519531 0.523438 0.398438 0.523438 0.394531 0.523438 0.375000 0.511719 0.371094 0.511719 0.367188 0.500000 0.363281 0.496094 0.363281 0.484375 0.363281 0.480469 0.378906 0.468750 0.382812 0.464844 0.484375 0.457031 0.488281 0.457031 0.515625 0.449219
0 0.589844 0.257812 0.605469 0.257812 0.609375 0.257812 0.625000 0.289062 0.628906 0.292969 0.605469 0.382812 0.605469 0.386719 0.585938 0.410156 0.582031 0.414062 0.539062 0.414062 0.535156 0.414062 0.511719 0.433594 0.507812 0.437500 0.480469 0.449219 0.476562 0.453125 0.460938 0.453125 0.457031 0.453125 0.460938 0.414062 0.460938 0.410156 0.492188 0.363281 0.492188 0.359375 0.523438 0.328125 0.527344 0.324219 0.566406 0.296875 0.570312 0.292969 0.578125 0.273438 0.578125 0.269531 0.589844 0.257812
0 0.359375 0.234375 0.406250 0.242188 0.410156 0.242188 0.425781 0.253906 0.429688 0.257812 0.441406 0.300781 0.445312 0.304688 0.441406 0.324219 0.437500 0.328125 0.421875 0.332031 0.417969 0.335938 0.371094 0.332031 0.367188 0.332031 0.332031 0.304688 0.328125 0.300781 0.320312 0.269531 0.320312 0.265625 0.332031 0.246094 0.335938 0.242188 0.359375 0.234375
0 0.058594 0.468750 0.082031 0.472656 0.085938 0.472656 0.082031 0.492188 0.085938 0.496094 0.105469 0.500000 0.109375 0.500000 0.136719 0.515625 0.140625 0.519531 0.187500 0.523438 0.191406 0.527344 0.160156 0.585938 0.160156 0.589844 0.132812 0.625000 0.128906 0.628906 0.128906 0.644531 0.128906 0.648438 0.121094 0.660156 0.121094 0.664062 0.089844 0.695312 0.085938 0.699219 0.062500 0.753906 0.062500 0.757812 0.031250 0.796875 0.027344 0.796875 0.023438 0.769531 0.023438 0.765625 0.003906 0.753906 0.000000 0.753906 0.000000 0.640625 0.000000 0.636719 0.027344 0.613281 0.031250 0.609375 0.027344 0.527344 0.027344 0.523438 0.046875 0.480469 0.046875 0.476562 0.058594 0.468750
0 0.468750 0.718750 0.484375 0.718750 0.488281 0.718750 0.496094 0.726562 0.500000 0.730469 0.511719 0.757812 0.515625 0.761719 0.515625 0.796875 0.515625 0.800781 0.492188 0.859375 0.492188 0.863281 0.425781 0.953125 0.425781 0.957031 0.421875 0.960938 0.417969 0.964844 0.406250 0.964844 0.402344 0.964844 0.398438 0.960938 0.394531 0.960938 0.394531 0.945312 0.394531 0.941406 0.402344 0.902344 0.406250 0.898438 0.406250 0.789062 0.406250 0.785156 0.417969 0.765625 0.417969 0.761719 0.449219 0.730469 0.453125 0.726562 0.468750 0.718750
0 0.171875 0.910156 0.187500 0.910156 0.191406 0.910156 0.265625 0.957031 0.269531 0.960938 0.300781 0.960938 0.304688 0.960938 0.281250 0.988281 0.277344 0.992188 0.257031 1.000000 0.173437 1.000000 0.167969 0.996094 0.164062 0.992188 0.109375 0.996094 0.105469 0.996094 0.066406 0.992188 0.062500 0.992188 0.046875 0.984375 0.042969 0.980469 0.046875 0.972656 0.050781 0.968750 0.101562 0.945312 0.105469 0.945312 0.140625 0.921875 0.144531 0.917969 0.171875 0.910156
0 0.914062 0.933594 0.921875 0.933594 0.925781 0.933594 1.000000 0.975543 1.000000 1.000000 0.901786 1.000000 0.898438 0.988281 0.894531 0.984375 0.894531 0.957031 0.894531 0.953125 0.914062 0.933594
0 1.000000 0.247158 0.998454 0.246385 0.988359 0.232504 0.983311 0.219885 0.965644 0.206004 0.963120 0.200955 0.961858 0.197170 0.963120 0.174455 0.975739 0.165621 0.999716 0.165621 1.000000 0.165102
0 0.777615 0.323364 0.757424 0.333459 0.743543 0.333459 0.718304 0.317054 0.709471 0.304434 0.705685 0.301911 0.705685 0.289291 0.708209 0.277934 0.720828 0.261529 0.737233 0.245123 0.735971 0.238814 0.727138 0.229980 0.724614 0.224932 0.715780 0.218623 0.714518 0.216099 0.715780 0.207265 0.723352 0.192122 0.733448 0.182027 0.735971 0.182027 0.738495 0.178241 0.751114 0.170669 0.752377 0.168145 0.764996 0.165621 0.771305 0.161836 0.781401 0.161836 0.783925 0.159312 0.806640 0.151740 0.821783 0.142907 0.850808 0.140382 0.857117 0.136597 0.865951 0.135335 0.887404 0.126501 0.912643 0.122716 0.941667 0.122716 0.956811 0.127763 0.970692 0.137859 0.970692 0.140382 0.974478 0.142907 0.988359 0.163097 0.993407 0.187074 0.993407 0.203479 0.990883 0.209789 0.980787 0.218623 0.969430 0.226194 0.950501 0.233766 0.935357 0.243861 0.929048 0.251433 0.915166 0.257743 0.912643 0.267838 0.912643 0.293077 0.907595 0.308220 0.898761 0.312006 0.877308 0.312006 0.872261 0.310744 0.862165 0.303173 0.838188 0.303173 0.830617 0.308220 0.823045 0.308220 0.809164 0.313268 0.799068 0.314530 0.791496 0.319578
0 0.801592 0.491201 0.795282 0.471010 0.778877 0.436938 0.778877 0.421795 0.796545 0.399080 0.805378 0.395294 0.816736 0.395294 0.826831 0.401604 0.826831 0.404127 0.829355 0.405389 0.835664 0.424318 0.836926 0.436938 0.840712 0.440724 0.840712 0.486154 0.839450 0.488677 0.829355 0.493725 0.816736 0.493725 0.810426 0.496249
0 0.705685 0.732231 0.695589 0.722136 0.685494 0.701945 0.694327 0.695635 0.695589 0.691849 0.708209 0.683016 0.738495 0.681754 0.746067 0.674182 0.771305 0.662825 0.787711 0.660301 0.792759 0.657777 0.820521 0.655253 0.839450 0.655253 0.841974 0.659039 0.840712 0.676706 0.816736 0.688064 0.795282 0.689325 0.786449 0.698159 0.785187 0.703207 0.780139 0.708255 0.775091 0.713302 0.771305 0.713302 0.771305 0.715826 0.764996 0.719612 0.761210 0.719612 0.758686 0.722136 0.749853 0.724660 0.743543 0.724660 0.735971 0.730970 0.718304 0.732231
0 0.574443 0.714564 0.569396 0.704469 0.564348 0.701945 0.561824 0.698159 0.559300 0.698159 0.555514 0.690587 0.552990 0.677968 0.554252 0.657777 0.571920 0.646420 0.584539 0.642634 0.589587 0.637586 0.598420 0.635062 0.605992 0.627491 0.619873 0.618657 0.624921 0.617395 0.624921 0.614871 0.629969 0.611085 0.631230 0.603514 0.635016 0.602252 0.637540 0.598466 0.645112 0.595942 0.653945 0.587109 0.657731 0.585846 0.657731 0.583323 0.688018 0.575751 0.729662 0.575751 0.735971 0.573227 0.746067 0.573227 0.746067 0.594680 0.723352 0.607300 0.706947 0.621181 0.704423 0.621181 0.691804 0.636324 0.677922 0.645158 0.665303 0.650205 0.662779 0.653991 0.645112 0.661563 0.629969 0.675444 0.624921 0.677968 0.609778 0.694373 0.609778 0.696897 0.592111 0.706993 0.584539 0.706993 0.584539 0.709516
0 0.382812 0.539062 0.398438 0.542969 0.402344 0.542969 0.410156 0.550781 0.414062 0.550781 0.457031 0.609375 0.460938 0.613281 0.488281 0.621094 0.492188 0.625000 0.492188 0.644531 0.492188 0.648438 0.480469 0.660156 0.476562 0.664062 0.382812 0.687500 0.378906 0.687500 0.351562 0.667969 0.347656 0.667969 0.308594 0.628906 0.304688 0.625000 0.296875 0.609375 0.296875 0.605469 0.320312 0.574219 0.320312 0.570312 0.359375 0.554688 0.363281 0.554688 0.382812 0.539062
0 0.375000 0.000000 0.378906 0.007812 0.378906 0.011719 0.414062 0.054688 0.417969 0.058594 0.433594 0.089844 0.437500 0.093750 0.437500 0.128906 0.437500 0.132812 0.421875 0.187500 0.417969 0.191406 0.347656 0.195312 0.343750 0.199219 0.300781 0.195312 0.296875 0.195312 0.242188 0.167969 0.238281 0.167969 0.187500 0.125000 0.183594 0.121094 0.136719 0.097656 0.132812 0.093750 0.003906 0.074219 0.000000 0.074219 0.000000 0.000000
