0 0.882812 0.085938 0.898438 0.089844 0.902344 0.089844 0.933594 0.121094 0.937500 0.125000 0.933594 0.144531 0.929688 0.148438 0.914062 0.152344 0.910156 0.156250 0.886719 0.156250 0.882812 0.156250 0.843750 0.144531 0.839844 0.144531 0.855469 0.101562 0.855469 0.097656 0.882812 0.085938
0 0.691406 0.109375 0.750000 0.117188 0.753906 0.117188 0.812500 0.136719 0.823871 0.148662 0.806180 0.175781 0.804688 0.179688 0.780902 0.184166 0.768038 0.182673 0.683594 0.160156 0.679688 0.160156 0.667969 0.140625 0.667969 0.136719 0.691406 0.109375
0 0.710938 0.210938 0.718750 0.214844 0.722656 0.214844 0.734375 0.230469 0.738281 0.234375 0.734375 0.265625 0.734375 0.269531 0.730469 0.273438 0.726562 0.277344 0.675781 0.273438 0.671875 0.273438 0.675781 0.250000 0.675781 0.246094 0.710938 0.210938
0 0.624471 0.000000 0.623036 0.016321 0.596736 0.039635 0.589844 0.050781 0.589844 0.054688 0.575364 0.093750 0.562500 0.097656 0.558246 0.135798 0.546875 0.141197 0.530857 0.142690 0.417969 0.144183 0.401771 0.130971 0.402344 0.121094 0.402344 0.062500 0.402344 0.058594 0.390625 0.023438 0.380198 0.000000
0 0.218750 0.355469 0.230469 0.355469 0.234375 0.355469 0.257812 0.367188 0.261719 0.367188 0.269531 0.375000 0.273438 0.378906 0.273438 0.390625 0.273438 0.394531 0.230469 0.453125 0.226562 0.457031 0.191406 0.476562 0.187500 0.480469 0.167969 0.480469 0.164062 0.480469 0.144531 0.449219 0.140625 0.445312 0.128906 0.410156 0.128906 0.406250 0.132812 0.402344 0.132812 0.398438 0.164062 0.394531 0.167969 0.394531 0.218750 0.355469
0 0.179688 0.171875 0.234375 0.175781 0.238281 0.175781 0.253906 0.183594 0.257812 0.183594 0.257812 0.214844 0.257812 0.218750 0.238281 0.253906 0.234375 0.257812 0.218750 0.261719 0.214844 0.261719 0.199219 0.246094 0.195312 0.242188 0.175781 0.199219 0.171875 0.195312 0.171875 0.183594 0.171875 0.179688 0.179688 0.171875
0 0.300781 0.410156 0.347656 0.417969 0.351562 0.417969 0.351562 0.425781 0.355469 0.429688 0.335938 0.453125 0.332031 0.457031 0.332031 0.464844 0.328125 0.468750 0.300781 0.468750 0.296875 0.468750 0.265625 0.457031 0.261719 0.453125 0.265625 0.437500 0.265625 0.433594 0.281250 0.417969 0.285156 0.414062 0.300781 0.410156
0 0.878906 0.511719 0.890625 0.523438 0.894531 0.527344 0.894531 0.550781 0.894531 0.554688 0.882812 0.562500 0.878906 0.566406 0.867188 0.566406 0.863281 0.566406 0.863281 0.527344 0.863281 0.523438 0.878906 0.511719
0 0.976562 0.339844 0.996094 0.343750 1.000000 0.343750 1.000000 0.343750 1.000000 0.375000 0.992188 0.382812 0.988281 0.386719 0.964844 0.386719 0.960938 0.386719 0.953125 0.371094 0.953125 0.367188 0.976562 0.339844
0 0.957693 0.243568 0.926342 0.257004 0.914398 0.267455 0.912905 0.279398 0.923356 0.288355 0.947242 0.291341 0.957693 0.295820 0.959186 0.255511
0 0.787502 0.019633 0.788995 0.039041 0.814374 0.065913 0.808403 0.022619
0 0.638212 0.059941 0.621790 0.068899 0.608354 0.062927 0.584468 0.058448 0.588946 0.046505 0.596411 0.037548 0.596411 0.034562 0.600889 0.034562 0.624776 0.013661 0.645677 0.045012 0.645677 0.049491
0 0.557595 0.240582 0.560581 0.251032 0.572524 0.258497 0.575510 0.258497 0.593425 0.252525 0.605368 0.252525 0.651648 0.230132 0.691956 0.162952 0.674041 0.158473 0.674041 0.155487 0.662098 0.134586 0.633733 0.133093 0.638212 0.148023 0.630747 0.167430
0 0.759137 0.183852 0.765109 0.198781 0.787502 0.216696 0.806910 0.198781 0.811388 0.191316 0.811388 0.186838 0.806910 0.174895 0.803924 0.182359
0 0.566553 0.158473 0.553117 0.180866 0.551624 0.186838 0.572524 0.192809 0.575510 0.180866 0.588946 0.186838 0.614325 0.186838 0.635226 0.165937 0.597904 0.161459 0.581482 0.161459
0 0.375461 0.128615 0.373969 0.149515 0.375461 0.191316 0.408305 0.194302 0.375461 0.194302 0.373969 0.216696 0.387405 0.219682 0.396362 0.207739 0.429206 0.210724 0.436670 0.200274 0.441149 0.203260 0.426220 0.222668 0.441149 0.246554 0.463543 0.255511 0.466529 0.259990 0.473993 0.252525 0.468021 0.233118 0.475486 0.224161 0.475486 0.216696 0.494893 0.236104 0.494893 0.216696 0.482950 0.212217 0.463543 0.197288 0.487429 0.207739 0.506837 0.200274 0.511315 0.188331 0.511315 0.180866 0.490415 0.180866 0.476979 0.174895 0.473993 0.155487 0.450107 0.151008 0.439656 0.140558 0.415770 0.146530 0.399348 0.127122
0 0.502358 0.354043 0.463543 0.364493 0.456078 0.383901 0.465036 0.404801 0.466529 0.412266 0.487429 0.412266 0.494893 0.394351 0.518780 0.379422 0.518780 0.357029
0 0.614325 0.348071 0.591932 0.355536 0.578496 0.351057 0.557595 0.361507 0.557595 0.364493 0.559088 0.376436 0.572524 0.388379 0.571031 0.431673 0.581482 0.433166 0.596411 0.400323 0.611340 0.395844 0.615818 0.379422
0 0.000000 0.067406 0.017166 0.097264 0.029109 0.098757 0.036573 0.122643 0.036573 0.142051 0.035080 0.143544 0.023137 0.153994 0.011194 0.158473 0.000000 0.158473
0 0.278423 0.030083 0.264987 0.030083 0.244086 0.036055 0.238115 0.036055 0.235129 0.024112 0.214228 0.024112 0.212736 0.043520 0.206764 0.055462 0.206764 0.062927 0.191835 0.056955 0.194821 0.037548 0.179891 0.028591 0.166455 0.039041 0.166455 0.043520 0.154512 0.050984 0.169441 0.064420 0.181384 0.082335 0.185863 0.092785 0.214228 0.101743 0.230650 0.101743 0.235129 0.091292 0.262001 0.091292 0.266480 0.097264 0.273944 0.098757 0.267973 0.079349 0.294845 0.061434 0.288873 0.055462 0.263494 0.059941 0.266480 0.040534
0 0.009476 0.000000 0.017166 0.007690 0.020583 0.000000 0.029109 0.000000 0.029109 0.003211 0.044038 0.007690 0.052995 0.015154 0.057474 0.016647 0.072403 0.016647 0.084346 0.025605 0.076882 0.046505 0.082853 0.056955 0.088825 0.055462 0.097782 0.037548 0.118683 0.031576 0.130626 0.021126 0.130626 0.009183 0.100768 0.003211 0.082853 0.003211 0.080284 0.000000
0 0.710938 0.410156 0.718750 0.414062 0.722656 0.414062 0.722656 0.433594 0.722656 0.437500 0.710938 0.457031 0.707031 0.460938 0.679688 0.468750 0.675781 0.472656 0.648438 0.468750 0.644531 0.468750 0.644531 0.449219 0.644531 0.445312 0.656250 0.433594 0.660156 0.429688 0.710938 0.410156
0 0.355469 0.710938 0.378906 0.718750 0.382812 0.718750 0.429688 0.757812 0.433594 0.757812 0.445312 0.769531 0.449219 0.773438 0.449219 0.792969 0.449219 0.796875 0.445312 0.800781 0.441406 0.804688 0.390625 0.800781 0.386719 0.800781 0.363281 0.824219 0.359375 0.828125 0.332031 0.832031 0.328125 0.832031 0.324219 0.824219 0.324219 0.820312 0.335938 0.789062 0.339844 0.785156 0.339844 0.765625 0.343750 0.761719 0.339844 0.726562 0.339844 0.722656 0.355469 0.710938
0 0.324219 0.839844 0.351562 0.839844 0.355469 0.839844 0.398438 0.851562 0.402344 0.851562 0.414062 0.875000 0.417969 0.878906 0.414062 0.898438 0.414062 0.902344 0.402344 0.910156 0.398438 0.914062 0.308594 0.910156 0.304688 0.910156 0.300781 0.878906 0.300781 0.875000 0.324219 0.839844
0 0.648662 0.358521 0.615818 0.386886 0.593425 0.422716 0.582975 0.458546 0.584468 0.473475 0.632240 0.455560 0.636719 0.437645 0.657620 0.409280 0.663591 0.394351 0.662098 0.367479 0.659112 0.367479
0 0.556102 0.431673 0.556102 0.449588 0.559088 0.449588 0.565060 0.463025 0.565060 0.470489 0.572524 0.491389 0.578496 0.498854 0.588946 0.498854 0.593425 0.486911 0.590439 0.461532 0.582975 0.443617 0.577003 0.434659
0 0.108777 0.381838 0.094557 0.392179 0.086801 0.407691 0.084216 0.407691 0.097143 0.415448 0.124289 0.418033 0.129459 0.416740 0.129459 0.408984 0.132045 0.399936 0.142386 0.397350 0.139801 0.388301 0.121704 0.393472
0 0.363435 0.536960 0.419021 0.535667 0.430655 0.547302 0.430655 0.557643 0.440996 0.565399 0.444874 0.582204 0.447460 0.583496 0.450045 0.592545 0.457801 0.593838 0.452630 0.618399 0.455216 0.635204 0.466850 0.640375 0.482362 0.642960 0.487533 0.640375 0.503045 0.645545 0.500460 0.661057 0.491411 0.667521 0.479777 0.661057 0.470728 0.659765 0.465557 0.654594 0.444874 0.648131 0.439704 0.648131 0.430655 0.615814 0.422899 0.600302 0.390582 0.573155 0.385411 0.573155 0.387996 0.583496 0.366021 0.579618 0.363435 0.549887
0 0.465557 0.560228 0.478484 0.567984 0.522436 0.557643 0.523728 0.552472 0.548289 0.531789 0.548289 0.526618 0.545704 0.525326 0.539240 0.526618 0.527606 0.534375 0.512094 0.529204 0.510801 0.514984 0.508216 0.513692 0.508216 0.490423 0.493996 0.486545 0.484948 0.487838 0.483655 0.498179 0.488826 0.505936 0.475899 0.511106 0.478484 0.526618 0.461679 0.538253
0 0.674972 0.485253 0.678850 0.500765 0.696948 0.502057 0.709875 0.499472 0.708582 0.489130 0.696948 0.486545 0.681436 0.468448 0.673679 0.473618
0 0.615509 0.544716 0.587070 0.544716 0.572850 0.552472 0.574143 0.560228 0.580606 0.564106 0.584484 0.580911 0.584484 0.588667 0.594826 0.588667 0.602582 0.578326 0.620679 0.570570 0.623265 0.564106 0.618094 0.564106
0 0.629728 0.468448 0.620679 0.473618 0.614216 0.482667 0.612923 0.500765 0.605167 0.507228 0.605167 0.548594 0.616801 0.547302 0.625850 0.536960 0.627143 0.516277 0.632314 0.521448 0.631021 0.533082 0.637484 0.526618 0.640070 0.526618 0.646533 0.518863 0.656875 0.514984 0.656875 0.509814 0.650411 0.505936 0.658167 0.499472 0.662045 0.500765 0.668509 0.507228 0.669801 0.499472 0.663338 0.491716 0.662045 0.480082 0.658167 0.471033 0.647826 0.473618 0.645240 0.480082 0.646533 0.485253 0.641362 0.490423 0.637484 0.478789
0 0.554752 0.495594 0.546996 0.504643 0.546996 0.531789 0.550875 0.571862 0.567679 0.578326 0.583191 0.578326 0.581899 0.561521 0.571557 0.561521 0.571557 0.547302 0.566387 0.544716 0.592240 0.539545 0.607752 0.529204 0.605167 0.505936 0.593533 0.505936 0.589655 0.500765 0.574143 0.500765
0 0.634899 0.606765 0.615509 0.609350 0.614216 0.614521 0.602582 0.630033 0.602582 0.632619 0.599996 0.632619 0.597411 0.640375 0.598704 0.642960 0.625850 0.646838 0.643948 0.640375 0.642655 0.620984
0 0.808594 0.589844 0.824219 0.589844 0.828125 0.589844 0.839844 0.609375 0.839844 0.613281 0.842401 0.618480 0.832031 0.621094 0.777344 0.640597 0.770852 0.630284 0.773438 0.613281 0.773438 0.609375 0.808594 0.589844
0 0.014411 0.614521 0.071289 0.586082 0.071289 0.583496 0.094557 0.578326 0.104898 0.578326 0.104898 0.586082 0.099728 0.586082 0.057069 0.619692 0.031216 0.620984
0 0.179874 0.639082 0.170825 0.631326 0.160484 0.630033 0.134630 0.648131 0.148850 0.658472 0.148850 0.661057 0.156606 0.672692 0.165655 0.676570 0.170825 0.648131
0 0.284582 0.534375 0.276825 0.534375 0.265191 0.543423 0.248386 0.547302 0.236752 0.542131 0.228996 0.552472 0.243216 0.571862 0.243216 0.574448 0.256143 0.579618 0.288460 0.557643 0.288460 0.555057
0 0.345338 0.557643 0.327240 0.551179 0.310435 0.555057 0.309143 0.580911 0.315606 0.586082 0.315606 0.588667 0.324655 0.600302 0.340167 0.602887 0.344045 0.600302 0.346630 0.595131 0.367313 0.599009 0.372484 0.593838 0.372484 0.587375 0.351801 0.583496 0.340167 0.583496
0 0.346630 0.613228 0.332411 0.611936 0.322070 0.624863 0.325947 0.630033 0.341460 0.635204 0.356972 0.645545 0.358264 0.630033 0.363435 0.623570 0.367313 0.622277 0.371191 0.605472 0.373777 0.605472 0.377655 0.601594 0.377655 0.599009 0.376362 0.592545 0.368606 0.593838 0.360850 0.599009 0.344045 0.599009
0 0.391874 0.664936 0.382825 0.683033 0.384118 0.695960 0.390582 0.712765 0.391874 0.723106 0.398338 0.716643 0.404801 0.694668 0.413850 0.685619 0.413850 0.673984 0.407387 0.677863 0.403509 0.677863
0 0.402216 0.635204 0.389289 0.635204 0.386704 0.649423 0.382825 0.655887 0.402216 0.654594 0.404801 0.657180 0.408679 0.645545
0 0.470728 0.717936 0.455216 0.733448 0.450045 0.741204 0.450045 0.756716 0.496582 0.769643 0.504338 0.764472 0.501752 0.745082 0.493996 0.737326 0.487533 0.737326 0.481070 0.732155 0.472021 0.732155 0.474606 0.732155 0.484948 0.719229 0.481070 0.716643
0 0.703411 0.635204 0.686606 0.641667 0.691777 0.681741 0.712460 0.673984 0.709875 0.662350 0.724094 0.662350 0.717630 0.650716 0.715045 0.650716
0 0.201850 0.677863 0.214777 0.664936 0.214777 0.652009 0.217362 0.652009 0.217362 0.641667 0.195386 0.645545 0.192801 0.663643
0 0.230289 0.630033 0.222533 0.644253 0.232874 0.653302 0.227704 0.663643 0.207021 0.673984 0.188923 0.673984 0.186337 0.680448 0.191508 0.681741 0.207021 0.692082 0.212191 0.692082 0.228996 0.699838 0.253557 0.688204 0.263898 0.667521 0.279411 0.663643 0.276825 0.663643 0.271655 0.657180
0 0.069996 0.738619 0.066118 0.752838 0.066118 0.759302 0.072581 0.768350 0.098435 0.764472 0.099728 0.761887 0.124289 0.745082 0.119118 0.733448 0.098435 0.728277 0.091971 0.729570 0.091971 0.732155 0.080338 0.736033
0 0.013118 0.549887 0.035094 0.547302 0.051898 0.549887 0.051898 0.536960 0.049313 0.536960 0.044142 0.524033 0.028630 0.530496 0.015703 0.526618 0.013118 0.536960
0 0.069996 0.485253 0.046728 0.493009 0.020874 0.494302 0.023459 0.511106 0.051898 0.508521 0.064825 0.503350 0.079045 0.512399 0.088094 0.508521 0.082923 0.502057 0.082923 0.495594 0.080338 0.490423
0 0.398338 0.508521 0.382825 0.505936 0.371191 0.496887 0.356972 0.487838 0.338874 0.490423 0.341460 0.494302 0.368606 0.516277 0.373777 0.525326 0.377655 0.536960 0.402216 0.533082 0.402216 0.530496
0 0.294923 0.221545 0.287167 0.221545 0.279411 0.231887 0.263898 0.237057 0.250972 0.233179 0.236752 0.257740 0.270362 0.260326 0.279411 0.277130 0.314313 0.271960 0.310435 0.260326 0.324655 0.249984 0.318191 0.247399 0.319484 0.234472 0.305264 0.230594
0 0.342752 0.264204 0.318191 0.264204 0.307850 0.274545 0.309143 0.282301 0.306557 0.293936 0.315606 0.292643 0.316899 0.290057 0.323362 0.290057 0.337582 0.283594 0.345338 0.274545
0 0.297508 0.756716 0.279411 0.754131 0.274240 0.743789 0.250972 0.750253 0.258728 0.776107 0.262606 0.779984 0.262606 0.783862 0.249679 0.789033 0.230289 0.787741 0.227704 0.801960 0.227704 0.804546 0.231582 0.808423 0.247094 0.818765 0.266484 0.805838 0.279411 0.779984 0.278118 0.768350 0.300094 0.769643 0.307850 0.764472 0.309143 0.756716
0 0.329825 0.765765 0.311728 0.778692 0.309143 0.790326 0.310435 0.809716 0.301386 0.816180 0.307850 0.822643 0.310435 0.822643 0.318191 0.813594 0.325947 0.798082 0.325947 0.781277 0.338874 0.779984 0.337582 0.758009
0 0.563801 0.849789 0.559923 0.878229 0.563801 0.900204 0.578021 0.892448 0.585777 0.883399 0.588362 0.869180 0.584484 0.858838
0 0.046728 0.770936 0.041557 0.782570 0.027338 0.787741 0.029923 0.813594 0.048020 0.835570 0.064825 0.845911 0.093264 0.848497 0.080338 0.832984 0.080338 0.827814 0.072581 0.813594 0.059655 0.804546 0.051898 0.779984
0 0.002777 0.885985 0.027338 0.878229 0.029923 0.875643 0.033801 0.875643 0.038971 0.870472 0.044142 0.847204 0.046728 0.847204 0.051898 0.835570 0.042850 0.830399 0.020874 0.834277 0.016996 0.845911 0.002777 0.860131
0 0.016996 0.891155 0.033801 0.907960 0.038971 0.918302 0.029923 0.923472 0.024752 0.937692 0.020874 0.968716 0.023459 0.991985 0.018359 1.000000 0.000137 1.000000 0.001484 0.888570
0 0.094557 0.938985 0.089386 0.933814 0.085508 0.932521 0.079045 0.924765 0.076459 0.924765 0.073874 0.917009 0.054484 0.918302 0.048020 0.922180 0.035094 0.922180 0.029923 0.927350 0.024752 0.940277 0.023459 0.973887 0.020874 0.973887 0.022061 1.000000 0.039091 1.000000 0.038971 0.998448 0.050606 0.982936 0.048020 0.968716 0.077752 0.958375 0.085508 0.948034
0 0.227704 0.902789 0.208313 0.917009 0.209606 0.940277 0.204435 0.950619 0.232874 0.948034 0.247094 0.937692 0.247094 0.920887 0.240630 0.914424
0 0.097143 0.976473 0.075167 0.977765 0.075167 0.986814 0.103423 1.000000 0.130096 1.000000 0.129459 0.995863 0.121704 0.995863 0.111362 0.985521
0 0.130752 0.820058 0.121704 0.844619 0.121704 0.848497 0.128167 0.861423 0.142386 0.844619 0.142386 0.839448 0.156606 0.830399 0.160484 0.830399 0.163069 0.809716 0.151435 0.808423 0.144972 0.800668 0.130752 0.798082 0.121704 0.801960 0.132045 0.805838 0.116533 0.813594 0.116533 0.822643
0 0.269070 0.924765 0.271655 0.944155 0.287167 0.948034 0.307850 0.941570 0.307850 0.914424 0.301386 0.907960 0.269070 0.910546 0.253557 0.902789 0.238045 0.900204 0.235459 0.906668 0.250972 0.922180
0 0.258728 0.875643 0.239338 0.885985 0.250972 0.901497 0.279411 0.906668 0.296216 0.898911 0.288460 0.880814 0.263898 0.858838 0.252264 0.844619 0.252264 0.842033 0.249679 0.840741 0.243216 0.829107 0.230289 0.818765 0.209606 0.822643 0.203143 0.817472 0.204435 0.840741 0.226411 0.843326 0.247094 0.864009
0 0.293630 0.966131 0.297508 0.988107 0.307850 0.986814 0.322070 0.988107 0.323362 0.968716 0.332411 0.963546 0.329825 0.951911 0.297508 0.946741 0.281996 0.946741 0.272947 0.942863 0.266484 0.932521 0.235459 0.948034 0.238045 0.954497 0.257435 0.958375 0.279411 0.966131
0 0.539062 0.992188 0.570312 1.000000 0.527344 1.000000 0.527344 1.000000 0.527344 0.996094 0.539062 0.992188
0 0.984375 0.609375 1.000000 0.611111 1.000000 1.000000 0.773438 1.000000 0.773438 1.000000 0.835938 0.902344 0.839844 0.898438 0.898438 0.765625 0.902344 0.761719 0.890625 0.734375 0.890625 0.730469 0.867188 0.695312 0.863281 0.691406 0.863281 0.671875 0.863281 0.667969 0.910156 0.636719 0.914062 0.632812 0.984375 0.609375
0 0.510801 0.910546 0.478484 0.919595 0.469436 0.937692 0.482362 0.937692 0.496582 0.964838 0.517265 0.973887 0.534070 0.958375 0.535362 0.953204 0.528899 0.953204 0.534070 0.931229 0.530191 0.923472 0.519850 0.922180
0 0.567679 0.913131 0.545704 0.924765 0.535362 0.942863 0.545704 0.958375 0.559923 0.960960 0.572850 0.955789 0.579314 0.944155 0.575436 0.923472
0 0.592240 0.926058 0.576728 0.937692 0.578021 0.954497 0.592240 0.963546
0 0.556045 0.896326 0.539240 0.896326 0.522436 0.906668 0.522436 0.909253 0.539240 0.915716 0.544411 0.923472 0.566387 0.913131 0.575436 0.927350 0.594826 0.922180 0.594826 0.893741 0.592240 0.898911 0.581899 0.905375 0.567679 0.901497
0 0.505630 0.985521 0.509509 0.999741 0.531484 0.991985 0.543118 0.991985 0.553460 0.995863 0.550875 0.982936 0.543118 0.976473 0.522436 0.973887
0 0.618094 0.774814 0.601289 0.773521 0.579314 0.801960 0.579314 0.808423 0.584484 0.818765 0.581899 0.830399 0.598704 0.831692 0.605167 0.800668
0 0.663338 0.670106 0.649118 0.686911 0.606460 0.800668 0.590948 0.879521 0.589655 0.937692 0.592240 0.980350 0.610338 0.988107 0.621042 1.000000 0.771543 1.000000 0.828802 0.919595 0.874045 0.829107 0.899899 0.764472 0.906362 0.756716 0.906362 0.754131 0.888265 0.726984 0.872753 0.711472 0.864996 0.692082 0.850777 0.668814 0.845606 0.639082 0.845606 0.622277 0.832680 0.620984 0.726679 0.661057 0.711167 0.671399 0.711167 0.676570 0.673679 0.672692
