0 0.814779 0.000000 0.882812 0.042969 0.886719 0.042969 0.910156 0.070312 0.914062 0.074219 0.898438 0.093750 0.894531 0.097656 0.898438 0.117188 0.898438 0.121094 0.800781 0.167969 0.796875 0.171875 0.750000 0.175781 0.746094 0.175781 0.742188 0.132812 0.742188 0.128906 0.718750 0.066406 0.714844 0.062500 0.710938 0.035156 0.707031 0.031250 0.705193 0.000000
0 1.000000 0.191406 1.000000 0.191406 0.996094 0.191406 0.964844 0.210938 0.960938 0.214844 0.949219 0.214844 0.945312 0.214844 0.859375 0.246094 0.855469 0.250000 0.828125 0.246094 0.824219 0.242188 0.808594 0.183594 0.804688 0.179688 0.812500 0.164062 0.816406 0.160156 0.894531 0.132812 0.898438 0.128906 0.917969 0.128906 0.921875 0.128906 0.984375 0.113281 0.988281 0.113281 1.000000 0.108774
0 1.000000 0.589453 0.988281 0.609375 0.984375 0.613281 0.976562 0.640625 0.976562 0.644531 0.863281 0.734375 0.859375 0.738281 0.832031 0.742188 0.828125 0.746094 0.808594 0.742188 0.804688 0.742188 0.785156 0.753906 0.781250 0.753906 0.750000 0.722656 0.746094 0.722656 0.730469 0.757812 0.726562 0.761719 0.660156 0.765625 0.656250 0.769531 0.648438 0.765625 0.644531 0.765625 0.640625 0.753906 0.636719 0.750000 0.636719 0.726562 0.632812 0.722656 0.636719 0.691406 0.636719 0.687500 0.675781 0.648438 0.679688 0.644531 0.687500 0.628906 0.691406 0.625000 0.707031 0.621094 0.710938 0.621094 0.730469 0.601562 0.734375 0.601562 0.746094 0.582031 0.746094 0.578125 0.769531 0.558594 0.773438 0.558594 0.843750 0.488281 0.847656 0.484375 0.949219 0.296875 0.953125 0.292969 0.972656 0.226562 0.972656 0.222656 0.980469 0.214844 0.980469 0.210938 0.992188 0.199219 0.996094 0.195312 1.000000 0.195312
0 0.082031 0.070312 0.089844 0.070312 0.093750 0.070312 0.101562 0.078125 0.105469 0.082031 0.113281 0.113281 0.117188 0.117188 0.113281 0.156250 0.113281 0.160156 0.105469 0.187500 0.105469 0.191406 0.097656 0.199219 0.093750 0.203125 0.058594 0.199219 0.054688 0.199219 0.042969 0.191406 0.039062 0.191406 0.027344 0.175781 0.023438 0.171875 0.015625 0.125000 0.011719 0.121094 0.011719 0.105469 0.011719 0.101562 0.019531 0.085938 0.023438 0.082031 0.058594 0.089844 0.062500 0.089844 0.082031 0.070312
0 0.199219 0.140625 0.226562 0.144531 0.230469 0.144531 0.234375 0.148438 0.238281 0.152344 0.238281 0.179688 0.238281 0.183594 0.187500 0.250000 0.183594 0.253906 0.175781 0.281250 0.175781 0.285156 0.148438 0.300781 0.144531 0.304688 0.128906 0.281250 0.125000 0.277344 0.113281 0.238281 0.109375 0.234375 0.109375 0.179688 0.109375 0.175781 0.117188 0.167969 0.121094 0.164062 0.156250 0.160156 0.160156 0.160156 0.199219 0.140625
0 0.339844 0.031250 0.378906 0.039062 0.382812 0.042969 0.386719 0.101562 0.386719 0.105469 0.375000 0.132812 0.371094 0.136719 0.335938 0.152344 0.332031 0.152344 0.324219 0.148438 0.320312 0.148438 0.304688 0.125000 0.300781 0.121094 0.292969 0.085938 0.289062 0.082031 0.289062 0.058594 0.289062 0.054688 0.292969 0.046875 0.296875 0.042969 0.339844 0.031250
0 0.527344 0.085938 0.570312 0.085938 0.574219 0.085938 0.589844 0.101562 0.593750 0.105469 0.597656 0.125000 0.601562 0.128906 0.593750 0.171875 0.589844 0.175781 0.578125 0.175781 0.574219 0.175781 0.566406 0.164062 0.562500 0.160156 0.523438 0.152344 0.519531 0.152344 0.492188 0.140625 0.488281 0.136719 0.488281 0.117188 0.488281 0.113281 0.527344 0.085938
0 0.312500 0.164062 0.324219 0.164062 0.328125 0.164062 0.339844 0.171875 0.343750 0.171875 0.343750 0.191406 0.343750 0.195312 0.328125 0.210938 0.324219 0.214844 0.234375 0.210938 0.230469 0.210938 0.234375 0.199219 0.238281 0.195312 0.277344 0.191406 0.281250 0.191406 0.296875 0.171875 0.300781 0.167969 0.312500 0.164062
0 0.511719 0.531250 0.546875 0.542969 0.550781 0.546875 0.582031 0.542969 0.585938 0.542969 0.613281 0.550781 0.617188 0.550781 0.652344 0.582031 0.656250 0.585938 0.648438 0.601562 0.648438 0.605469 0.613281 0.636719 0.609375 0.640625 0.558594 0.664062 0.554688 0.667969 0.539062 0.667969 0.535156 0.667969 0.523438 0.648438 0.519531 0.644531 0.511719 0.554688 0.507812 0.550781 0.511719 0.531250
0 0.617188 0.519531 0.667969 0.519531 0.671875 0.519531 0.675781 0.527344 0.675781 0.531250 0.703125 0.550781 0.703125 0.554688 0.683594 0.562500 0.679688 0.562500 0.667969 0.574219 0.664062 0.578125 0.652344 0.578125 0.648438 0.578125 0.628906 0.558594 0.625000 0.554688 0.582031 0.539062 0.578125 0.535156 0.578125 0.531250 0.582031 0.527344 0.617188 0.519531
0 0.371094 0.449219 0.390625 0.453125 0.394531 0.453125 0.398438 0.460938 0.402344 0.464844 0.394531 0.488281 0.394531 0.492188 0.378906 0.503906 0.375000 0.507812 0.371094 0.558594 0.371094 0.562500 0.320312 0.578125 0.316406 0.582031 0.246094 0.593750 0.242188 0.597656 0.222656 0.597656 0.218750 0.597656 0.179688 0.582031 0.175781 0.582031 0.175781 0.574219 0.175781 0.570312 0.195312 0.566406 0.199219 0.562500 0.199219 0.531250 0.199219 0.527344 0.203125 0.511719 0.203125 0.507812 0.210938 0.500000 0.214844 0.496094 0.253906 0.492188 0.257812 0.488281 0.308594 0.488281 0.312500 0.488281 0.335938 0.468750 0.339844 0.464844 0.371094 0.449219
0 0.257812 0.593750 0.277344 0.593750 0.281250 0.593750 0.304688 0.609375 0.308594 0.613281 0.335938 0.613281 0.339844 0.613281 0.371094 0.656250 0.375000 0.660156 0.406250 0.667969 0.410156 0.667969 0.437500 0.695312 0.441406 0.699219 0.464844 0.710938 0.468750 0.710938 0.472656 0.718750 0.476562 0.722656 0.472656 0.742188 0.472656 0.746094 0.468750 0.750000 0.464844 0.753906 0.433594 0.761719 0.429688 0.765625 0.406250 0.761719 0.402344 0.761719 0.394531 0.777344 0.394531 0.781250 0.378906 0.789062 0.375000 0.789062 0.351562 0.781250 0.347656 0.781250 0.312500 0.757812 0.308594 0.753906 0.261719 0.738281 0.257812 0.738281 0.246094 0.726562 0.242188 0.722656 0.242188 0.675781 0.242188 0.671875 0.238281 0.667969 0.234375 0.664062 0.218750 0.664062 0.214844 0.660156 0.214844 0.644531 0.214844 0.640625 0.222656 0.628906 0.226562 0.625000 0.226562 0.613281 0.226562 0.609375 0.257812 0.593750
0 0.445312 0.761719 0.460938 0.765625 0.464844 0.765625 0.492188 0.785156 0.496094 0.785156 0.507812 0.800781 0.507812 0.804688 0.488281 0.832031 0.484375 0.835938 0.433594 0.847656 0.429688 0.847656 0.425781 0.835938 0.421875 0.832031 0.421875 0.812500 0.421875 0.808594 0.445312 0.761719
0 0.296875 0.808594 0.316406 0.816406 0.320312 0.820312 0.316406 0.875000 0.316406 0.878906 0.328125 0.898438 0.332031 0.902344 0.332031 0.914062 0.332031 0.917969 0.312500 0.945312 0.308594 0.949219 0.292969 0.953125 0.289062 0.953125 0.277344 0.945312 0.273438 0.941406 0.257812 0.906250 0.253906 0.902344 0.250000 0.882812 0.246094 0.878906 0.250000 0.871094 0.253906 0.867188 0.246094 0.824219 0.246094 0.820312 0.253906 0.816406 0.257812 0.812500 0.277344 0.816406 0.281250 0.816406 0.296875 0.808594
0 0.394531 0.855469 0.433594 0.859375 0.437500 0.863281 0.437500 0.933594 0.437500 0.937500 0.402344 0.992188 0.398438 0.996094 0.381510 1.000000 0.333984 1.000000 0.324219 0.992188 0.320312 0.992188 0.304688 0.960938 0.304688 0.957031 0.378906 0.871094 0.378906 0.867188 0.394531 0.855469
0 0.003906 0.437500 0.039062 0.480469 0.042969 0.484375 0.058594 0.523438 0.062500 0.527344 0.062500 0.539062 0.066406 0.542969 0.050781 0.628906 0.050781 0.632812 0.039062 0.644531 0.035156 0.648438 0.011719 0.644531 0.007812 0.644531 0.000000 0.628906 0.000000 0.441406 0.003906 0.437500
0 0.000000 0.000000 0.011719 0.000000 0.011719 0.000000 0.011719 0.003906 0.019531 0.015625 0.023438 0.019531 0.019531 0.039062 0.015625 0.042969 0.007812 0.042969 0.003906 0.042969 0.000000 0.040264
0 0.000000 0.000000 0.011719 0.000000 0.011719 0.000000 0.011719 0.003906 0.019531 0.015625 0.023438 0.019531 0.023438 0.035156 0.023438 0.039062 0.000000 0.062500
0 0.480469 0.996094 0.488281 0.996094 0.492188 0.996094 0.499023 1.000000 0.466797 1.000000 0.480469 0.996094
0 0.445312 0.929688 0.460938 0.937500 0.464844 0.941406 0.460938 0.968750 0.460938 0.972656 0.433594 0.992188 0.429688 0.996094 0.421875 0.992188 0.417969 0.992188 0.417969 0.976562 0.417969 0.972656 0.445312 0.929688
0 0.261719 0.964844 0.285156 0.964844 0.289062 0.964844 0.308594 0.980469 0.312500 0.980469 0.332031 1.000000 0.253906 1.000000 0.253906 1.000000 0.250000 0.996094 0.261719 0.964844
0 0.234375 0.972656 0.242188 0.972656 0.246094 0.972656 0.246094 1.000000 0.192187 1.000000 0.191406 0.996094 0.191406 0.992188 0.214844 0.988281 0.218750 0.988281 0.234375 0.972656
0 0.000000 1.000000 0.000000 0.949219 0.000000 0.949219 0.003906 0.960938 0.007812 0.964844 0.011719 1.000000
0 0.781250 0.894531 0.789062 0.894531 0.792969 0.894531 0.812500 0.910156 0.816406 0.914062 0.851562 0.968750 0.855469 0.972656 0.855469 0.980469 0.855469 0.984375 0.828125 0.984375 0.824219 0.984375 0.796875 0.957031 0.792969 0.953125 0.769531 0.921875 0.765625 0.917969 0.769531 0.906250 0.769531 0.902344 0.781250 0.894531
0 0.800781 0.750000 0.816406 0.753906 0.820312 0.753906 0.835938 0.765625 0.839844 0.765625 0.851562 0.777344 0.855469 0.781250 0.859375 0.804688 0.863281 0.808594 0.863281 0.839844 0.863281 0.843750 0.847656 0.867188 0.847656 0.871094 0.828125 0.886719 0.824219 0.890625 0.808594 0.890625 0.804688 0.890625 0.804688 0.882812 0.804688 0.878906 0.816406 0.863281 0.820312 0.859375 0.820312 0.851562 0.820312 0.847656 0.835938 0.820312 0.835938 0.816406 0.824219 0.792969 0.824219 0.789062 0.792969 0.761719 0.789062 0.757812 0.800781 0.750000
0 0.792969 0.753906 0.824219 0.757812 0.828125 0.757812 0.851562 0.777344 0.855469 0.781250 0.859375 0.796875 0.863281 0.800781 0.863281 0.843750 0.863281 0.847656 0.832031 0.882812 0.828125 0.886719 0.781250 0.890625 0.777344 0.890625 0.765625 0.898438 0.761719 0.898438 0.750000 0.894531 0.746094 0.890625 0.746094 0.878906 0.746094 0.875000 0.757812 0.863281 0.757812 0.859375 0.796875 0.847656 0.800781 0.847656 0.828125 0.828125 0.832031 0.824219 0.824219 0.792969 0.824219 0.789062 0.796875 0.765625 0.792969 0.765625 0.792969 0.753906
0 0.722656 0.839844 0.726562 0.843750 0.730469 0.843750 0.726562 0.859375 0.722656 0.863281 0.683594 0.875000 0.679688 0.878906 0.660156 0.875000 0.656250 0.875000 0.656250 0.863281 0.660156 0.859375 0.691406 0.847656 0.695312 0.843750 0.722656 0.839844
0 1.000000 0.000000 1.000000 0.070312 0.976562 0.070312 0.972656 0.070312 0.957031 0.058594 0.953125 0.058594 0.941406 0.042969 0.937500 0.039062 0.937500 0.019531 0.937500 0.015625 0.954687 0.000000
0 0.097656 0.285156 0.121094 0.289062 0.125000 0.292969 0.128906 0.308594 0.128906 0.312500 0.121094 0.328125 0.121094 0.332031 0.113281 0.335938 0.109375 0.339844 0.066406 0.339844 0.062500 0.339844 0.050781 0.332031 0.046875 0.332031 0.050781 0.320312 0.050781 0.316406 0.066406 0.300781 0.070312 0.296875 0.097656 0.285156
0 0.242969 0.000000 0.250000 0.011719 0.253906 0.015625 0.253906 0.023438 0.253906 0.027344 0.238281 0.042969 0.234375 0.046875 0.222656 0.046875 0.218750 0.046875 0.207031 0.035156 0.203125 0.031250 0.203125 0.015625 0.203125 0.011719 0.212891 0.000000
0 0.511719 0.750000 0.566406 0.765625 0.570312 0.765625 0.578125 0.781250 0.578125 0.785156 0.511719 0.824219 0.507812 0.828125 0.468750 0.839844 0.464844 0.843750 0.433594 0.847656 0.429688 0.847656 0.421875 0.808594 0.421875 0.804688 0.433594 0.781250 0.433594 0.777344 0.445312 0.765625 0.449219 0.761719 0.476562 0.765625 0.480469 0.765625 0.511719 0.750000
0 0.351562 0.789062 0.394531 0.796875 0.398438 0.796875 0.406250 0.804688 0.410156 0.808594 0.410156 0.835938 0.410156 0.839844 0.406250 0.843750 0.402344 0.847656 0.382812 0.847656 0.378906 0.847656 0.339844 0.824219 0.335938 0.824219 0.328125 0.808594 0.328125 0.804688 0.351562 0.789062
0 0.335938 0.292969 0.347656 0.300781 0.351562 0.304688 0.351562 0.355469 0.347656 0.359375 0.328125 0.359375 0.324219 0.359375 0.312500 0.347656 0.308594 0.343750 0.308594 0.332031 0.308594 0.328125 0.316406 0.316406 0.316406 0.312500 0.335938 0.292969
0 0.406250 0.277344 0.421875 0.277344 0.425781 0.281250 0.421875 0.304688 0.417969 0.308594 0.402344 0.304688 0.398438 0.300781 0.406250 0.277344
0 0.136719 0.085938 0.160156 0.093750 0.164062 0.093750 0.171875 0.101562 0.175781 0.105469 0.175781 0.125000 0.175781 0.128906 0.167969 0.140625 0.167969 0.144531 0.156250 0.148438 0.152344 0.152344 0.132812 0.152344 0.128906 0.152344 0.125000 0.097656 0.125000 0.093750 0.136719 0.085938
0 0.621094 0.308594 0.636719 0.312500 0.640625 0.316406 0.644531 0.355469 0.640625 0.359375 0.636719 0.359375 0.632812 0.359375 0.617188 0.335938 0.613281 0.332031 0.621094 0.308594
0 0.687500 0.351562 0.718750 0.351562 0.722656 0.351562 0.734375 0.359375 0.738281 0.359375 0.742188 0.363281 0.746094 0.367188 0.746094 0.378906 0.746094 0.382812 0.734375 0.398438 0.734375 0.402344 0.703125 0.406250 0.699219 0.406250 0.660156 0.386719 0.656250 0.382812 0.652344 0.371094 0.652344 0.367188 0.687500 0.351562
0 0.773438 0.187500 0.804688 0.191406 0.808594 0.195312 0.828125 0.250000 0.832031 0.253906 0.820312 0.261719 0.816406 0.265625 0.726562 0.265625 0.722656 0.265625 0.714844 0.257812 0.710938 0.253906 0.710938 0.230469 0.710938 0.226562 0.742188 0.199219 0.746094 0.195312 0.773438 0.187500
0 0.828125 0.304688 0.855469 0.308594 0.859375 0.308594 0.910156 0.339844 0.914062 0.343750 0.914062 0.347656 0.917969 0.351562 0.886719 0.402344 0.882812 0.406250 0.859375 0.367188 0.859375 0.363281 0.851562 0.355469 0.847656 0.351562 0.832031 0.347656 0.828125 0.347656 0.820312 0.339844 0.816406 0.335938 0.812500 0.324219 0.812500 0.320312 0.828125 0.304688
0 0.996094 0.859375 1.000000 0.859375 1.000000 0.927083 0.984375 0.921875 0.980469 0.921875 0.972656 0.906250 0.968750 0.902344 0.972656 0.886719 0.972656 0.882812 0.996094 0.859375
0 0.398438 0.761719 0.421875 0.765625 0.425781 0.765625 0.429688 0.785156 0.429688 0.789062 0.421875 0.792969 0.417969 0.796875 0.406250 0.792969 0.402344 0.792969 0.398438 0.785156 0.394531 0.781250 0.398438 0.761719
0 0.175130 0.000000 0.175781 0.007812 0.171875 0.011719 0.164062 0.011719 0.160156 0.011719 0.148438 0.000000 0.148438 0.000000
0 1.000000 0.651519 0.999316 0.651204 0.993477 0.646532 0.991142 0.641861 0.989974 0.629016 0.995813 0.619673 1.000000 0.616743
0 0.991142 0.673391 0.977129 0.676895 0.974793 0.679230 0.966619 0.679230 0.958444 0.673391 0.958444 0.664049 0.961948 0.655875 0.972457 0.644197 0.993477 0.645364 0.994645 0.662881
0 0.744742 0.975844 0.733081 1.000000 0.707584 1.000000 0.706206 0.998032 0.706206 0.970005 0.699199 0.952488 0.699199 0.931469 0.707373 0.910449 0.712045 0.908113 0.726058 0.910449 0.742407 0.922127 0.749413 0.923294 0.757588 0.915120 0.762259 0.915120 0.765762 0.912784 0.769265 0.912784 0.775104 0.916288 0.783279 0.926798 0.786782 0.936139 0.784446 0.967670 0.780943 0.974676 0.776272 0.978179 0.761091 0.981683 0.752916 0.981683
0 0.782160 1.000000 0.784446 0.995696 0.789118 0.992193 0.812473 0.991025 0.814809 0.995696 0.814809 1.000000
0 0.743278 1.000000 0.750581 0.993361 0.759923 0.988689 0.769265 0.988689 0.775104 0.992193 0.777056 1.000000
0 0.244936 0.448011 0.218077 0.433998 0.207567 0.423488 0.207567 0.405971 0.214574 0.396629 0.243768 0.396629 0.249607 0.401300 0.253111 0.408307 0.253111 0.412978 0.260117 0.418817 0.260117 0.421152 0.262453 0.421152 0.269459 0.428159 0.281137 0.444508 0.281137 0.446843 0.277634 0.448011 0.257782 0.448011
0 0.561402 0.233141 0.552060 0.230806 0.546221 0.222631 0.534543 0.192270 0.533375 0.181759 0.536879 0.177088 0.563738 0.177088 0.563738 0.199276 0.582422 0.207450 0.584757 0.214457 0.583590 0.233141 0.570744 0.235477
0 0.542718 0.074325 0.541550 0.053305 0.543886 0.045130 0.545053 0.019439 0.548557 0.005426 0.552777 0.000000 0.600390 0.000000 0.604610 0.005426 0.606945 0.017104 0.599939 0.022943 0.599939 0.039291 0.613952 0.060311 0.616288 0.069654 0.611616 0.074325 0.553228 0.073157
0 0.637307 0.184095 0.632636 0.159572 0.675844 0.158404 0.678179 0.160739 0.678179 0.166579 0.668837 0.179424 0.651320 0.182927
0 0.528704 0.017104 0.518195 0.014768 0.506517 0.007761 0.497175 0.007761 0.496620 0.000000 0.553502 0.000000 0.552060 0.001923 0.536879 0.008929
