0 0.726562 0.238281 0.746094 0.242188 0.750000 0.242188 0.796875 0.296875 0.800781 0.300781 0.828125 0.343750 0.828125 0.347656 0.871094 0.382812 0.875000 0.382812 0.996094 0.503906 1.000000 0.503906 1.000000 0.503906 1.000000 1.000000 0.753495 1.000000 0.746094 0.953125 0.746094 0.949219 0.734375 0.917969 0.734375 0.914062 0.714844 0.882812 0.710938 0.878906 0.679688 0.777344 0.675781 0.773438 0.667969 0.695312 0.664062 0.691406 0.664062 0.632812 0.664062 0.628906 0.652344 0.585938 0.648438 0.582031 0.656250 0.558594 0.656250 0.554688 0.667969 0.546875 0.671875 0.542969 0.683594 0.542969 0.687500 0.542969 0.699219 0.527344 0.703125 0.523438 0.703125 0.351562 0.703125 0.347656 0.695312 0.320312 0.691406 0.316406 0.691406 0.277344 0.691406 0.273438 0.703125 0.253906 0.703125 0.250000 0.726562 0.238281
0 0.289062 0.285156 0.312500 0.285156 0.316406 0.285156 0.328125 0.292969 0.332031 0.292969 0.355469 0.316406 0.359375 0.320312 0.363281 0.332031 0.363281 0.335938 0.335938 0.339844 0.332031 0.339844 0.285156 0.320312 0.281250 0.320312 0.277344 0.300781 0.277344 0.296875 0.289062 0.285156
0 0.632812 0.117188 0.652344 0.121094 0.656250 0.125000 0.656250 0.136719 0.656250 0.140625 0.648438 0.152344 0.644531 0.156250 0.625000 0.152344 0.621094 0.148438 0.621094 0.132812 0.621094 0.128906 0.632812 0.117188
0 0.375000 0.882812 0.382812 0.882812 0.386719 0.882812 0.394531 0.890625 0.398438 0.894531 0.398438 0.906250 0.398438 0.910156 0.378906 0.910156 0.375000 0.906250 0.375000 0.882812
0 0.033106 0.623968 0.029187 0.622499 0.027228 0.620050 0.023310 0.617111 0.021840 0.614662 0.021350 0.612213 0.015963 0.598498 0.014493 0.597029 0.011065 0.587233 0.010575 0.578906 0.011065 0.576457 0.012534 0.574988 0.017432 0.572049 0.021350 0.571070 0.027228 0.571070 0.031147 0.574498 0.034086 0.578416 0.037024 0.585764 0.037024 0.595560 0.038494 0.602417 0.038494 0.609764 0.037024 0.621030
0 0.327293 0.633999 0.308286 0.633999 0.307459 0.617471 0.309938 0.609207 0.322334 0.609207 0.329772 0.612513 0.337209 0.623256 0.334730 0.629867
0 0.354563 0.452193 0.336383 0.453846 0.333904 0.449714 0.333904 0.442277 0.338036 0.438971 0.349605 0.436492 0.355390 0.443929
0 0.194244 0.458805 0.190112 0.464589 0.185154 0.464589 0.181021 0.461284 0.176063 0.447235 0.171931 0.443103 0.170279 0.433186 0.186806 0.432360 0.194244 0.440624 0.197549 0.452193
0 0.233911 0.462936 0.217383 0.460457 0.213251 0.457152 0.214077 0.453846 0.226473 0.445582 0.238869 0.446409 0.241348 0.448888 0.242174 0.459631
0 0.819859 0.099423 0.810518 0.095920 0.809351 0.079574 0.812854 0.071400 0.815189 0.071400 0.818691 0.065562 0.823362 0.063227 0.831535 0.063227 0.828032 0.071400 0.828032 0.079574 0.822194 0.083077 0.822194 0.088914
0 0.516702 0.280805 0.506979 0.302903 0.499023 0.309091 0.491068 0.307323 0.489300 0.305555 0.490184 0.290528 0.493720 0.285224 0.499907 0.281689 0.503443 0.277269 0.510514 0.276385
