0 0.930080 0.165434 0.923845 0.160855 0.921752 0.158237 0.911121 0.150637 0.910958 0.147270 0.915414 0.144419 0.920124 0.142920 0.924596 0.139293 0.929814 0.139508 0.940252 0.139293 0.945873 0.141006 0.963135 0.140898 0.969907 0.141609 0.971554 0.143656 0.969319 0.149907 0.963191 0.152317 0.957864 0.154833 0.952697 0.156346 0.945928 0.155930 0.941541 0.158057 0.941542 0.161226 0.939397 0.167680 0.933800 0.166684
0 0.989573 0.405422 0.986927 0.415300 0.985218 0.414487 0.980255 0.415864 0.980145 0.415975 0.979023 0.416275 0.977902 0.415975 0.977082 0.415154 0.977038 0.414991 0.976340 0.415194 0.975624 0.408511 0.975910 0.407053 0.977121 0.405841 0.982930 0.405255 0.984441 0.405451 0.985548 0.406525
0 0.876975 0.646300 0.887699 0.651502 0.881275 0.654104 0.879726 0.655346 0.879541 0.655859 0.877989 0.661277 0.876252 0.660179 0.875255 0.660496 0.873905 0.660015 0.872957 0.660775 0.870624 0.659264 0.868280 0.651553
0 0.944127 0.601111 0.948293 0.599073 0.957012 0.597176 0.959075 0.599375 0.958031 0.601086 0.958507 0.603218 0.958793 0.603455 0.957711 0.608873 0.955379 0.609994 0.953437 0.608873 0.953351 0.608708 0.947226 0.607930 0.944873 0.604786
0 0.918122 0.614059 0.921663 0.613960 0.926484 0.614028 0.930471 0.614274 0.936667 0.617082 0.936922 0.620340 0.935867 0.631552 0.933290 0.633803 0.928530 0.634114 0.923008 0.632068 0.917407 0.631690 0.914076 0.629013 0.915269 0.622527 0.918799 0.619952 0.917782 0.616307
0 0.214867 0.716207 0.226564 0.718335 0.230541 0.721091 0.225812 0.725442 0.224282 0.726551 0.217237 0.726551 0.215666 0.724626 0.214891 0.724636 0.213770 0.724336 0.211387 0.721562 0.210854 0.719075 0.210215 0.716195 0.214875 0.716492
0 0.225791 0.250770 0.229364 0.250146 0.234789 0.251118 0.236366 0.256599 0.235194 0.259072 0.231839 0.263930 0.230392 0.265377 0.221593 0.265230 0.220091 0.264828 0.218759 0.263009 0.216793 0.262629 0.215145 0.260980 0.214861 0.260589 0.214086 0.258461 0.212973 0.258688 0.211852 0.254012 0.214145 0.250898 0.220539 0.250650 0.223469 0.250207 0.224984 0.250775
0 0.899549 0.910116 0.902994 0.910488 0.903246 0.915411 0.902842 0.917713 0.904805 0.921658 0.907024 0.925063 0.910001 0.926475 0.908903 0.931414 0.906478 0.932322 0.904266 0.934449 0.897677 0.934149 0.896693 0.926743 0.897359 0.924779 0.893731 0.915852 0.897145 0.911649
0 0.940506 0.900790 0.949380 0.901464 0.950334 0.893212 0.953278 0.890269 0.957886 0.887465 0.963922 0.887582 0.968192 0.889173 0.966672 0.894583 0.960413 0.899425 0.958999 0.904105 0.958658 0.910832 0.952124 0.911012 0.950523 0.907938 0.941719 0.907720 0.939441 0.906308 0.938338 0.906012 0.937517 0.905191 0.937216 0.904070 0.937517 0.902949 0.937627 0.902839 0.938728 0.900957 0.940445 0.901041
0 0.982172 0.583377 0.982034 0.583166 0.979453 0.580168 0.979005 0.579302 0.979291 0.578992 0.977515 0.576289 0.981885 0.576607 0.982951 0.573794 0.985635 0.573103 0.990908 0.573155 0.993396 0.573404 0.994518 0.575736 0.993293 0.578275 0.993436 0.585841 0.990713 0.586858 0.983693 0.584670 0.983295 0.582686
0 0.946926 0.539752 0.955353 0.540227 0.957327 0.542200 0.957730 0.550707 0.960361 0.554207 0.955989 0.559915 0.952541 0.560957 0.955271 0.563913 0.955270 0.575675 0.947183 0.573849 0.945839 0.567855 0.939694 0.561206 0.943429 0.554225 0.946142 0.552616 0.945623 0.542818
0 0.757995 0.483712 0.762507 0.475905 0.765635 0.475995 0.769125 0.473072 0.772458 0.471405 0.783908 0.471405 0.786300 0.475548 0.783924 0.479663 0.783887 0.480139 0.777008 0.482862 0.776080 0.481802 0.775683 0.481998 0.772770 0.482495 0.770575 0.484690 0.766632 0.485300 0.763184 0.486998 0.759613 0.485267
0 0.991984 0.045407 0.997482 0.047305 0.999823 0.051239 0.999859 0.054402 1.000000 0.054410 1.000000 0.066742 0.994728 0.063177 0.995549 0.058902 0.994692 0.055165 0.989701 0.053309 0.983429 0.053696 0.985853 0.047994
0 0.071689 0.792662 0.074718 0.796102 0.075198 0.805036 0.066225 0.806937 0.060093 0.804519 0.060026 0.791425 0.065339 0.791190
0 0.092946 0.750331 0.092887 0.761820 0.092211 0.764059 0.089762 0.766507 0.089476 0.767575 0.086702 0.769567 0.079722 0.769867 0.077780 0.768746 0.078561 0.761036 0.081353 0.758257 0.080214 0.755909 0.078558 0.754653 0.078171 0.750879 0.085191 0.748586 0.090853 0.749090
0 0.253412 0.793006 0.262478 0.796084 0.261072 0.797061 0.258532 0.800030 0.254852 0.801636 0.254696 0.803386 0.256528 0.805900 0.253389 0.811814 0.253012 0.813713 0.250720 0.817217 0.245352 0.815655 0.243841 0.810588 0.244532 0.805951 0.245846 0.804143 0.247696 0.793802
0 0.441409 0.747413 0.443209 0.742531 0.446657 0.741137 0.446880 0.740623 0.448091 0.739412 0.454275 0.739112 0.455462 0.742135 0.455853 0.744870 0.457730 0.749230 0.458186 0.749506 0.453717 0.750659 0.443990 0.750321
0 0.511179 0.709352 0.512391 0.718665 0.505094 0.723227 0.499523 0.722571 0.500304 0.717595 0.499080 0.715174 0.495603 0.712442 0.501310 0.709719 0.501595 0.709920
0 0.436673 0.556019 0.443667 0.557627 0.446571 0.560530 0.450450 0.560792 0.451100 0.562856 0.449401 0.566680 0.446586 0.567421 0.441979 0.568633 0.442370 0.573711 0.442305 0.578412 0.437005 0.583254 0.432994 0.583179 0.432399 0.581615 0.429796 0.577973 0.429594 0.575552 0.432203 0.569234 0.434710 0.562372
0 0.424675 0.641221 0.431964 0.641438 0.435161 0.642978 0.435770 0.642461 0.441578 0.642160 0.443520 0.643281 0.443932 0.648810 0.452811 0.653691 0.455975 0.660269 0.452277 0.662157 0.443432 0.662157 0.439573 0.659861 0.436455 0.661390 0.433107 0.659392 0.428303 0.659137 0.426791 0.652507 0.425634 0.645530 0.424609 0.643640
0 0.404273 0.644288 0.399988 0.643517 0.401972 0.640667 0.404353 0.635850 0.410307 0.631105 0.412105 0.629909 0.415386 0.630218 0.418480 0.633135 0.418522 0.636015 0.419693 0.643854 0.421957 0.650804 0.418688 0.651524 0.416147 0.647569 0.412438 0.645849 0.409262 0.644587
0 0.361156 0.624886 0.368112 0.620944 0.370424 0.621102 0.373134 0.623604 0.375161 0.624547 0.377097 0.627224 0.375161 0.632705 0.371126 0.632979 0.372577 0.635314 0.373453 0.638223 0.377219 0.638489 0.377753 0.640195 0.377180 0.644287 0.374573 0.643902 0.368814 0.643902 0.365167 0.640686 0.361062 0.638734 0.359395 0.635302 0.359841 0.627059
0 0.539061 0.547050 0.552355 0.541647 0.556356 0.545103 0.552878 0.548582 0.553688 0.551464 0.558637 0.555807 0.563162 0.558514 0.561889 0.564477 0.554092 0.563495 0.551003 0.562966 0.545684 0.561447 0.543199 0.558962 0.541010 0.552729 0.539605 0.552302 0.538745 0.549915
0 0.536412 0.428310 0.538668 0.426061 0.541400 0.419767 0.542286 0.418881 0.543743 0.414689 0.550322 0.414259 0.550238 0.419595 0.551289 0.425810 0.549420 0.433537 0.551103 0.433400 0.552705 0.437244 0.549950 0.438313 0.550322 0.438846 0.548132 0.438868 0.547976 0.439511 0.541022 0.436180 0.539108 0.433673 0.538314 0.433377 0.538238 0.430245
0 0.660930 0.640890 0.668963 0.641893 0.666845 0.649541 0.670219 0.652962 0.667412 0.657756 0.665424 0.656438 0.661994 0.656788 0.659793 0.654196 0.659209 0.652315 0.655705 0.649991 0.657432 0.643511
0 0.662898 0.632460 0.678739 0.628970 0.689596 0.630297 0.691302 0.632004 0.691302 0.637048 0.691002 0.641500 0.685095 0.644898 0.681486 0.646246 0.675190 0.648928 0.674232 0.645601 0.673151 0.640750 0.673237 0.638069 0.671251 0.637983 0.663874 0.633729
0 0.684681 0.407581 0.678545 0.416569 0.672589 0.419057 0.662478 0.413127 0.664385 0.408759 0.670602 0.403336 0.679841 0.401458
0 0.754299 0.013410 0.751307 0.014666 0.749815 0.013344 0.749111 0.010930 0.740980 0.009659 0.740593 0.007163 0.740443 0.003928 0.740081 0.002958 0.739492 0.001255 0.741420 0.000142 0.743666 0.000147 0.753453 0.000000 0.756234 0.000000 0.757699 0.000095 0.760206 0.003099 0.761922 0.003303 0.764379 0.006775 0.766684 0.008689 0.766684 0.012963 0.763723 0.013580 0.758191 0.014135 0.757084 0.012809 0.756669 0.012954
0 0.727730 0.328714 0.737681 0.326973 0.737460 0.331439 0.737271 0.334510 0.737145 0.336582 0.736773 0.342650 0.735863 0.346813 0.728609 0.350370 0.723779 0.347419 0.722788 0.341135 0.722384 0.336295 0.721961 0.331215 0.724842 0.329805
0 0.546428 0.362898 0.553605 0.359107 0.561305 0.358411 0.562638 0.360230 0.564750 0.361306 0.570099 0.362258 0.571470 0.365882 0.572353 0.368217 0.567900 0.372120 0.564750 0.372522 0.555330 0.376940 0.549007 0.371771 0.547101 0.370416 0.546680 0.367742 0.546054 0.365536
0 0.897719 0.267605 0.894247 0.269646 0.882898 0.268386 0.883927 0.262381 0.889187 0.256730 0.896048 0.256404 0.898786 0.259155 0.891404 0.264154
0 0.836028 0.310521 0.843256 0.310845 0.845173 0.313400 0.842050 0.316267 0.833738 0.319416 0.837305 0.327309 0.835564 0.334777 0.835286 0.343353 0.832630 0.344656 0.824263 0.345255 0.822630 0.338672 0.826800 0.334370 0.821949 0.324401 0.821134 0.318232 0.826170 0.314692
0 0.991500 0.354050 0.989312 0.360973 0.989289 0.364862 0.993934 0.368554 0.993934 0.373531 0.991602 0.375043 0.981641 0.375381 0.976758 0.378558 0.974516 0.376316 0.973787 0.365574 0.974426 0.361523 0.979248 0.358905 0.977265 0.354104 0.975988 0.349414 0.976395 0.349359 0.976450 0.347812 0.977120 0.348034 0.977232 0.347812 0.979841 0.346765 0.985763 0.346210 0.986870 0.348098 0.987887 0.351611 0.988056 0.351668 0.988056 0.351729
0 0.921925 0.369563 0.927908 0.369563 0.930450 0.368718 0.932618 0.366261 0.933789 0.366261 0.935283 0.367113 0.936009 0.366872 0.937116 0.368762 0.940319 0.371681 0.942101 0.375742 0.942236 0.376814 0.943114 0.377109 0.945497 0.379492 0.945848 0.387242 0.942043 0.387242 0.940936 0.386509 0.939873 0.387010 0.937827 0.385500 0.935262 0.385214 0.932534 0.383482 0.929902 0.383520 0.926288 0.381724 0.923972 0.379407 0.923964 0.379371 0.923046 0.378791 0.921158 0.376904 0.919738 0.370898 0.921974 0.369800
0 0.796998 0.231699 0.798458 0.222340 0.801454 0.219863 0.805360 0.217910 0.809996 0.216438 0.813501 0.218340 0.809204 0.226442 0.806821 0.228825 0.818030 0.232125 0.820731 0.237354 0.818948 0.238314 0.811137 0.238294 0.808577 0.237639 0.805377 0.234429 0.805049 0.234389 0.798329 0.235419 0.797447 0.232079
0 0.797856 0.115254 0.799032 0.115069 0.800902 0.111925 0.808568 0.113565 0.810768 0.113218 0.813105 0.117048 0.813731 0.117433 0.813927 0.120507 0.811738 0.126746 0.810671 0.127032 0.809055 0.127828 0.807795 0.127416 0.802893 0.126703 0.797098 0.121299 0.795521 0.118902
0 0.709822 0.151992 0.709822 0.156821 0.702451 0.158132 0.695420 0.157351 0.691684 0.154674 0.690393 0.146546 0.706780 0.148924
0 0.483442 0.178057 0.487726 0.173638 0.493470 0.171541 0.501483 0.165773 0.508946 0.162425 0.517420 0.172256 0.516122 0.177217 0.510696 0.180382 0.507137 0.180730 0.506237 0.182902 0.508342 0.184520 0.507221 0.186461 0.505823 0.186688 0.500759 0.189874 0.500167 0.191118 0.500352 0.191110 0.502975 0.190480 0.505307 0.194234 0.503629 0.195606 0.501021 0.198480 0.500141 0.197672 0.499018 0.198571 0.496439 0.198946 0.496284 0.199270 0.495306 0.198821 0.489354 0.198571 0.487296 0.196122 0.481592 0.192332 0.486959 0.190090 0.488181 0.190132 0.485445 0.186215
0 0.787689 0.274772 0.785284 0.275036 0.783685 0.276469 0.781506 0.277086 0.777142 0.278610 0.774957 0.278936 0.770327 0.278999 0.767980 0.279166 0.767980 0.278767 0.767330 0.278762 0.763825 0.277992 0.767980 0.272664 0.767980 0.272450 0.774814 0.269512 0.777384 0.266324 0.776994 0.262418 0.776963 0.261361 0.781587 0.259920 0.782431 0.259951 0.785280 0.261277 0.785400 0.267105 0.786521 0.269047 0.789205 0.270129 0.790378 0.270077
0 0.561834 0.326751 0.571123 0.326347 0.573843 0.327051 0.578957 0.324622 0.583236 0.324423 0.584435 0.323302 0.587513 0.323602 0.590682 0.323887 0.594920 0.324123 0.594920 0.327146 0.593357 0.335349 0.590048 0.336418 0.587900 0.337642 0.586285 0.336314 0.585556 0.336470 0.579306 0.336470 0.578805 0.336371 0.576536 0.337546 0.573595 0.340621 0.564935 0.346827 0.561841 0.346620 0.553380 0.342465 0.553957 0.337397 0.554130 0.330114 0.556069 0.328857
0 0.450873 0.368551 0.452793 0.367599 0.452731 0.367080 0.460832 0.362494 0.462207 0.362702 0.465318 0.361078 0.466629 0.363446 0.467786 0.365078 0.469243 0.367439 0.469257 0.368413 0.470157 0.368654 0.470977 0.369475 0.471278 0.370596 0.470977 0.371717 0.470760 0.371934 0.468645 0.380650 0.468173 0.380607 0.467754 0.381333 0.460657 0.382145 0.457841 0.376893 0.455405 0.372832 0.452536 0.371588 0.451429 0.370481
0 0.023391 0.109385 0.022984 0.108857 0.022825 0.105601 0.025873 0.104877 0.026133 0.104863 0.030571 0.104861 0.030832 0.104858 0.038142 0.104791 0.042048 0.104401 0.046057 0.105007 0.045627 0.113939 0.038748 0.121204 0.031798 0.117743 0.026746 0.117428 0.024218 0.113995
0 0.322047 0.099953 0.322438 0.107375 0.318100 0.112165 0.310985 0.111661 0.308375 0.109718 0.306539 0.103291 0.312672 0.099953 0.321079 0.099909
0 0.342574 0.133742 0.343263 0.142579 0.338003 0.147247 0.333891 0.150188 0.322768 0.148810 0.322768 0.142560 0.329434 0.134674 0.329670 0.134594 0.332568 0.134311 0.332832 0.134295 0.334682 0.134190
0 0.517693 0.097871 0.519990 0.102601 0.516582 0.106677 0.502849 0.106074 0.498943 0.103339 0.500178 0.099863 0.504021 0.097480
0 0.405984 0.297191 0.406083 0.288720 0.405248 0.286142 0.405248 0.281723 0.407422 0.276667 0.410905 0.275947 0.415503 0.276466 0.419018 0.277637 0.417630 0.280798 0.415776 0.283331 0.414243 0.287615 0.414208 0.288720 0.414068 0.293165 0.413874 0.299305 0.408098 0.300852
0 0.052827 0.616618 0.053312 0.614679 0.053608 0.613493 0.053999 0.612712 0.060764 0.611157 0.062057 0.613441 0.062825 0.613639 0.063332 0.616189 0.063374 0.617009 0.064546 0.625212 0.062096 0.630267 0.060414 0.630568 0.054100 0.630290 0.050874 0.627165 0.053608 0.623259 0.048921 0.621305 0.049620 0.618721
0 0.886601 0.319552 0.895426 0.319063 0.903043 0.323434 0.903349 0.326259 0.909106 0.326952 0.911333 0.326062 0.914812 0.328896 0.914937 0.332253 0.914986 0.333532 0.913159 0.336695 0.910732 0.337175 0.905437 0.338662 0.902342 0.341785 0.901738 0.344749 0.900750 0.349599 0.899067 0.351002 0.897505 0.352304 0.896062 0.353505 0.895671 0.355459 0.894960 0.356331 0.894446 0.356962 0.893932 0.357592 0.893458 0.358174 0.893418 0.358222 0.892937 0.358798 0.892937 0.358755 0.892937 0.358655 0.892937 0.358584 0.884169 0.356457 0.883870 0.356325 0.880993 0.354038 0.880672 0.334800 0.881678 0.330032 0.878564 0.328366 0.878520 0.325326 0.884881 0.322317
0 0.612330 0.303079 0.616687 0.300199 0.622153 0.299138 0.622822 0.298662 0.630623 0.300173 0.631747 0.306130 0.635425 0.309809 0.636493 0.312439 0.639936 0.315395 0.640113 0.322989 0.637585 0.324057 0.624170 0.323598 0.619339 0.320259 0.614354 0.317911 0.614106 0.313860 0.612648 0.308392 0.611229 0.306582
0 0.577016 0.112171 0.576278 0.114471 0.574447 0.118378 0.568197 0.122284 0.564472 0.126930 0.559603 0.126581 0.557182 0.125517 0.554236 0.121733 0.559994 0.118769 0.562064 0.112944 0.564291 0.110566 0.567101 0.108195 0.570541 0.106269 0.576009 0.105487 0.576830 0.110461 0.577020 0.112002
0 0.476049 0.261946 0.478025 0.264825 0.481284 0.265846 0.481909 0.268453 0.479551 0.269684 0.477634 0.270684 0.475210 0.272839 0.474119 0.273809 0.469431 0.279278 0.467770 0.282587 0.466598 0.284923 0.461619 0.286309 0.458368 0.285218 0.457334 0.284871 0.458942 0.279666 0.459666 0.277325 0.459170 0.273110 0.457956 0.271754 0.456659 0.268395 0.458346 0.263522 0.459791 0.264567 0.464535 0.261873 0.475821 0.261614
0 0.349105 0.185286 0.344999 0.182346 0.343000 0.179114 0.340484 0.179230 0.338162 0.178114 0.341807 0.174111 0.344613 0.173992 0.347759 0.173639 0.349890 0.173473 0.348519 0.175164 0.352035 0.175945 0.354379 0.176336 0.359810 0.180309 0.361800 0.182586 0.363296 0.188164 0.357026 0.190038 0.352403 0.189572
0 0.590701 0.541237 0.596097 0.535745 0.600104 0.534290 0.605875 0.533713 0.612190 0.534591 0.616774 0.544035 0.612223 0.546277 0.609075 0.546784 0.607573 0.548863 0.604110 0.551171 0.598372 0.551471 0.595154 0.547920 0.591480 0.546554 0.590602 0.544359
0 0.258046 0.554609 0.263930 0.564354 0.266742 0.564913 0.270239 0.567557 0.273650 0.571820 0.274191 0.574693 0.273692 0.579388 0.274389 0.580128 0.272970 0.586176 0.272797 0.587799 0.272141 0.588282 0.271264 0.591354 0.267760 0.594429 0.262628 0.593242 0.261170 0.592956 0.260945 0.591362 0.259914 0.591068 0.254940 0.588652 0.250873 0.579383 0.251152 0.569243 0.248553 0.563113 0.247266 0.554766 0.254086 0.553808
0 0.234799 0.423134 0.234607 0.423181 0.234367 0.423763 0.232374 0.425755 0.230081 0.425951 0.223843 0.425325 0.223985 0.422056 0.224233 0.416052 0.227523 0.410809 0.227749 0.409021 0.229559 0.405257 0.229941 0.404579 0.227766 0.399437 0.225495 0.395689 0.227211 0.393234 0.234442 0.392815 0.234718 0.392575 0.234996 0.393144 0.235539 0.394075 0.235491 0.394155 0.236215 0.395635 0.237492 0.396911 0.238025 0.398617 0.238077 0.398696 0.238950 0.399150 0.241398 0.401989 0.240577 0.405443 0.239912 0.405709 0.239874 0.407562 0.239995 0.413441 0.236966 0.420546
0 0.184407 0.398118 0.198079 0.395098 0.203055 0.397235 0.203055 0.403876 0.196125 0.406509 0.194051 0.406356 0.191638 0.406612 0.188904 0.407498 0.178759 0.403252 0.180113 0.399265 0.184288 0.398436
0 0.093988 0.427409 0.096579 0.430781 0.103363 0.431705 0.104574 0.436721 0.093257 0.440968 0.084714 0.438323 0.084700 0.437606 0.081828 0.434684 0.081632 0.432391 0.081828 0.426583 0.083430 0.424981 0.084888 0.424695 0.090410 0.424290 0.093551 0.427732
0 0.052865 0.430256 0.047097 0.431864 0.045607 0.433354 0.044019 0.433670 0.039520 0.430852 0.039520 0.422755 0.044634 0.420812 0.051812 0.421168 0.056119 0.422043 0.060482 0.422414 0.065746 0.423165 0.063654 0.427612 0.062123 0.427912 0.060782 0.429252 0.055924 0.429760
0 0.005182 0.392709 0.015453 0.390941 0.015324 0.398049 0.015536 0.398213 0.016412 0.398093 0.017727 0.397188 0.018450 0.397745 0.020122 0.396707 0.025919 0.399770 0.025087 0.400045 0.022856 0.400223 0.021911 0.401514 0.021794 0.401528 0.021841 0.401559 0.020022 0.402669 0.019538 0.402707 0.019860 0.403052 0.019782 0.403727 0.019850 0.404313 0.017652 0.406080 0.004262 0.407772 0.003207 0.397636
0 0.144440 0.212677 0.144697 0.213122 0.145102 0.213823 0.148489 0.219690 0.150009 0.221773 0.147767 0.224016 0.141631 0.225113 0.137271 0.225278 0.136311 0.222938 0.135020 0.218119 0.135248 0.216979 0.134978 0.214352 0.136099 0.212410 0.137806 0.212162 0.139173 0.211719 0.140541 0.212162 0.143810 0.212410 0.144264 0.212728
0 0.285516 0.025984 0.299592 0.025732 0.302495 0.029495 0.295072 0.036100 0.288020 0.036804 0.281517 0.032023 0.282129 0.029290
0 0.254055 0.178024 0.264989 0.178298 0.268064 0.177466 0.268329 0.181475 0.268103 0.184435 0.265720 0.187990 0.258935 0.188629 0.253661 0.188681 0.252294 0.188238 0.249364 0.188291 0.245079 0.185998 0.244831 0.183119 0.244388 0.181752 0.248974 0.177166 0.251155 0.177609
0 0.267532 0.192850 0.269063 0.188870 0.268809 0.188516 0.268614 0.184661 0.268118 0.178020 0.269239 0.175687 0.271028 0.175461 0.273486 0.174606 0.275844 0.174869 0.278224 0.173344 0.281635 0.172277 0.285790 0.170752 0.288618 0.172942 0.286924 0.175031 0.286374 0.177559 0.286613 0.177825 0.286855 0.179167 0.291573 0.178987 0.291856 0.178461 0.294630 0.175687 0.296088 0.175402 0.302341 0.175687 0.304724 0.177680 0.305791 0.181091 0.308240 0.184321 0.308436 0.187786 0.308540 0.192473 0.308097 0.193840 0.306247 0.200274 0.299708 0.200274 0.299585 0.200200 0.297598 0.201163 0.291816 0.207282 0.280340 0.207282 0.276090 0.200634 0.269872 0.196815
0 0.187223 0.198965 0.185499 0.201551 0.184098 0.203652 0.178027 0.204297 0.176355 0.202520 0.174563 0.200615 0.171207 0.199355 0.170036 0.197012 0.168313 0.194756 0.168058 0.193305 0.168139 0.193100 0.173848 0.191639 0.174711 0.191451 0.176750 0.191146 0.186442 0.190371 0.187995 0.193346 0.189238 0.193923 0.191129 0.197793
0 0.069404 0.032662 0.069647 0.033584 0.071798 0.037105 0.072070 0.037798 0.073463 0.039304 0.074877 0.039843 0.075716 0.041741 0.075043 0.046291 0.075518 0.047825 0.074990 0.051570 0.075198 0.054712 0.073334 0.056715 0.071759 0.059728 0.069582 0.063271 0.068304 0.066114 0.068450 0.067665 0.069025 0.067925 0.071031 0.070750 0.074103 0.071050 0.074103 0.079230 0.071195 0.079702 0.071029 0.080023 0.068294 0.079632 0.065169 0.079241 0.062044 0.077679 0.061914 0.077341 0.060923 0.076886 0.056661 0.073349 0.052472 0.072342 0.051986 0.071703 0.046470 0.071418 0.038612 0.068472 0.038270 0.068420 0.037816 0.068050 0.037381 0.067797 0.033189 0.066339 0.027472 0.061795 0.023423 0.060480 0.020883 0.057902 0.019126 0.056964 0.017238 0.054295 0.015329 0.052069 0.015030 0.052036 0.015146 0.051788 0.015180 0.047652 0.021356 0.042850 0.023700 0.039725 0.024165 0.038667 0.026157 0.036675 0.026756 0.036466 0.028649 0.034359 0.028552 0.033929 0.032290 0.030542 0.032798 0.030034 0.033443 0.030042 0.034505 0.028697 0.037486 0.030793 0.042173 0.033918 0.050716 0.034218 0.050995 0.034080 0.053892 0.031596 0.057161 0.030958 0.064974 0.030958 0.067853 0.030425 0.068697 0.032096
0 0.891953 0.067232 0.897470 0.069663 0.902761 0.072569 0.907984 0.075352 0.913017 0.078035 0.917920 0.080466 0.923119 0.082792 0.926893 0.084996 0.929490 0.087260 0.930508 0.089384 0.930661 0.091251 0.930214 0.092926 0.928846 0.095146 0.925735 0.098962 0.925514 0.099145 0.919326 0.103439 0.918936 0.108127 0.915029 0.113205 0.915811 0.113205 0.915974 0.113590 0.915029 0.120627 0.911147 0.123663 0.910991 0.123784 0.908786 0.125089 0.905256 0.126397 0.900461 0.128004 0.895647 0.129614 0.892027 0.131384 0.886943 0.134071 0.881607 0.136918 0.877864 0.139143 0.874231 0.142305 0.871383 0.145741 0.868893 0.148473 0.866968 0.149595 0.865085 0.150284 0.863030 0.150323 0.861234 0.149887 0.859208 0.148886 0.858762 0.147965 0.857217 0.143283 0.854872 0.142382 0.849986 0.140505 0.849880 0.140338 0.849014 0.138205 0.847555 0.138279 0.847393 0.138280 0.846261 0.138182 0.845960 0.138075 0.840420 0.134689 0.837187 0.131995 0.835732 0.130783 0.829873 0.126095 0.823232 0.122970 0.819572 0.122398 0.816714 0.120409 0.815142 0.119422 0.815445 0.117082 0.815851 0.115389 0.817154 0.113160 0.819212 0.110070 0.820636 0.107662 0.821984 0.104262 0.824252 0.100789 0.827695 0.096052 0.830066 0.091668 0.832608 0.086287 0.834507 0.081899 0.835959 0.077124 0.837496 0.072373 0.838700 0.068648 0.840239 0.066182 0.843330 0.062539 0.845875 0.060432 0.847680 0.059720 0.851666 0.059076 0.853415 0.058059 0.857372 0.054292 0.860031 0.052381 0.862139 0.051782 0.863636 0.051755 0.866259 0.052786 0.870639 0.054502 0.870927 0.055145 0.873232 0.058127 0.877558 0.060439 0.879835 0.061656 0.882998 0.062814 0.884454 0.064950 0.886770 0.065666
