0 0.902112 0.903415 0.908999 0.905709 0.926846 0.917626 0.928972 0.925541 0.925313 0.931963 0.919389 0.936214 0.915158 0.942841 0.912997 0.954803 0.911221 0.982404 0.916745 1.000000 0.864809 1.000000 0.874407 0.994753 0.876059 0.991457 0.868963 0.982404 0.860795 0.975081 0.845170 0.966068 0.834511 0.952029 0.840883 0.950084 0.870882 0.955124 0.872146 0.952626 0.868967 0.932851 0.870034 0.920968 0.874720 0.905585 0.877663 0.903368
0 0.584149 1.000000 0.578625 0.994338 0.575339 0.990971 0.572254 0.987525 0.573392 0.984161 0.582509 0.986484 0.587068 0.987645 0.596186 0.989969 0.599593 0.993089 0.602823 0.996509 0.606120 1.000000
0 0.888053 0.745136 0.888259 0.766196 0.851856 0.782017 0.840200 0.782016 0.820434 0.765668 0.805425 0.774334 0.805533 0.794698 0.837530 0.794341 0.837990 0.800043 0.836739 0.820136 0.843750 0.828125 0.894981 0.835250 0.899722 0.845019 0.904068 0.860184 0.883521 0.883820 0.869647 0.889441 0.848204 0.895609 0.833280 0.901025 0.817248 0.915472 0.799080 0.915557 0.753841 0.918787 0.726430 0.910545 0.702461 0.872261 0.696611 0.849512 0.713728 0.828930 0.702786 0.806506 0.710044 0.768917 0.729652 0.749093 0.759010 0.713890 0.777420 0.716953 0.800596 0.717118 0.812346 0.711132 0.818436 0.710213
0 0.677049 0.613193 0.698108 0.613178 0.702272 0.621930 0.681980 0.638979 0.673633 0.663383 0.673002 0.687770 0.690231 0.704986 0.674041 0.714254 0.688388 0.727490 0.683480 0.759422 0.689844 0.809883 0.686383 0.842495 0.659064 0.858222 0.640294 0.851025 0.634846 0.840303 0.633838 0.807584 0.619069 0.791284 0.589317 0.783821 0.589658 0.774271 0.559521 0.781429 0.548295 0.801038 0.527934 0.813437 0.515870 0.811476 0.512447 0.792599 0.527784 0.779291 0.513838 0.743045 0.490865 0.702268 0.467893 0.688675 0.469261 0.667170 0.536809 0.645180 0.576021 0.659573 0.574327 0.679122 0.583926 0.689620 0.601297 0.679109 0.599428 0.669732 0.621638 0.662039 0.622343 0.643196 0.655722 0.616091 0.659419 0.588429
0 0.461545 0.000000 0.461760 0.015477 0.481235 0.058260 0.483811 0.069980 0.483663 0.075204 0.462283 0.098648 0.439004 0.141353 0.427344 0.188093 0.414668 0.196870 0.412078 0.197349 0.404608 0.194671 0.351063 0.181282 0.350727 0.168173 0.351562 0.164473 0.351562 0.149670 0.347337 0.131854 0.343750 0.121094 0.318651 0.105758 0.272802 0.066948 0.264874 0.051148 0.253924 0.003794 0.255756 0.000000
0 0.132812 0.800781 0.132812 0.835938 0.101562 0.917969 0.101562 0.929688 0.117188 0.929688 0.156250 0.894531 0.199219 0.882812 0.214844 0.871094 0.238281 0.871094 0.292969 0.921875 0.324219 0.937500 0.351562 0.972656 0.343750 0.980469 0.304688 0.980469 0.277344 0.984375 0.261719 0.976562 0.097656 0.976562 0.094308 1.000000 0.031250 1.000000 0.003906 0.972656 0.003906 0.960938 0.015625 0.953125 0.019531 0.937500 0.039062 0.921875 0.046875 0.902344 0.089844 0.843750 0.093750 0.828125 0.125000 0.800781
0 0.000000 1.000000 0.000000 0.991286 0.018880 1.000000
0 0.144531 0.000000 0.148438 0.015625 0.175781 0.042969 0.175781 0.085938 0.164062 0.109375 0.136719 0.132812 0.113281 0.187500 0.085938 0.218750 0.048053 0.222319 0.027990 0.231880 0.000000 0.213502 0.000000 0.183425 0.024542 0.157824 0.032222 0.134314 0.063570 0.089019 0.072739 0.047955 0.081673 0.008537
0 0.164062 0.160156 0.203125 0.179688 0.226562 0.183594 0.273438 0.207031 0.269531 0.218750 0.281250 0.230469 0.300781 0.230469 0.328125 0.253906 0.335938 0.277344 0.347656 0.289062 0.347656 0.320312 0.335938 0.332031 0.335938 0.390625 0.324219 0.476562 0.277344 0.519531 0.250000 0.515625 0.230469 0.503906 0.195312 0.464844 0.191406 0.445312 0.125000 0.382812 0.101562 0.371094 0.082031 0.351562 0.027344 0.324219 0.003906 0.308594 0.000000 0.294922 0.000000 0.277018 0.042969 0.230469 0.078125 0.222656 0.113281 0.191406 0.113281 0.183594 0.144531 0.156250
0 0.957031 0.000000 0.964844 0.007812 0.996094 0.019531 0.996094 0.726562 0.964844 0.710938 0.960938 0.703125 0.933594 0.691406 0.910156 0.675781 0.890625 0.671875 0.839844 0.640625 0.792969 0.621094 0.781250 0.621094 0.773438 0.613281 0.761719 0.613281 0.753906 0.605469 0.699219 0.593750 0.691406 0.585938 0.675781 0.585938 0.656250 0.578125 0.621094 0.574219 0.605469 0.566406 0.601562 0.554688 0.621094 0.519531 0.632812 0.503906 0.640625 0.484375 0.667969 0.441406 0.679688 0.425781 0.675781 0.402344 0.660156 0.375000 0.660156 0.367188 0.617188 0.281250 0.601562 0.261719 0.582031 0.230469 0.570312 0.199219 0.531250 0.144531 0.519531 0.125000 0.511719 0.105469 0.500000 0.093750 0.496094 0.082031 0.484375 0.066406 0.472656 0.042969 0.472656 0.031250 0.464844 0.019531 0.464844 0.000000
0 0.000000 0.000000 0.066406 0.000000 0.070312 0.000000 0.054688 0.082031 0.054688 0.085938 0.023438 0.132812 0.019531 0.136719 0.003906 0.132812 0.000000 0.132812 0.000000 0.132812
0 0.031309 0.663834 0.070201 0.663834 0.085757 0.659168 0.101314 0.651389 0.104425 0.629610 0.101314 0.609386 0.084202 0.609386 0.071756 0.615609 0.062423 0.607831 0.059311 0.598497 0.029754 0.592274 0.021975 0.600052 0.025087 0.638944
0 0.191542 0.766508 0.230434 0.766508 0.245990 0.769619 0.295771 0.760285 0.273992 0.738506 0.259991 0.735395 0.259991 0.726061 0.255324 0.716727 0.230434 0.716727 0.171319 0.722950 0.180653 0.749396
0 0.610014 0.455376 0.592902 0.464710 0.552455 0.467821 0.547788 0.470933 0.547788 0.474044 0.535343 0.481822 0.522898 0.494268 0.529120 0.509824 0.572679 0.523825 0.624015 0.514491 0.666018 0.458487 0.653573 0.458487 0.641128 0.464710 0.628682 0.466266 0.624015 0.458487
0 0.373554 0.418040 0.429558 0.411818 0.429558 0.404039 0.438892 0.391594 0.437336 0.344924 0.449782 0.330923 0.435780 0.330923 0.424891 0.337146 0.414002 0.338702 0.404668 0.348036 0.410890 0.360481 0.401556 0.365148 0.392222 0.365148 0.384444 0.379149 0.376666 0.386927 0.361109 0.386927 0.359554 0.399372
0 0.211766 0.043127 0.203988 0.080463 0.196209 0.096019 0.194654 0.114687 0.186875 0.138022 0.177541 0.122465 0.174430 0.110020 0.157318 0.128688 0.169763 0.139577 0.165096 0.152023 0.160429 0.158245 0.199320 0.176913 0.214877 0.175357 0.261547 0.111575 0.281770 0.127132 0.295771 0.127132 0.301994 0.130243 0.311328 0.125577 0.319106 0.116243 0.320662 0.110020 0.270881 0.068017 0.269325 0.050905 0.261547 0.038459 0.259991 0.026014 0.252213 0.030681 0.239768 0.032237 0.227322 0.038459
0 0.765580 0.978078 0.801361 0.970299 0.809139 0.965632 0.813806 0.948520 0.806027 0.937630 0.793582 0.937630 0.788915 0.928296 0.773359 0.926741 0.764025 0.918963 0.753135 0.923630 0.722022 0.915851 0.712688 0.915851 0.697131 0.922074 0.698687 0.936075 0.720466 0.940742 0.729800 0.940742 0.729800 0.948520 0.723578 0.953187 0.717355 0.953187 0.712688 0.959410 0.722022 0.968744 0.742245 0.974966
0 0.717703 1.000000 0.798843 1.000000 0.799805 0.995190 0.804472 0.985856 0.795138 0.981189 0.785804 0.970299 0.759358 0.974966 0.740690 0.974966 0.722022 0.968744 0.718911 0.984300
0 0.625571 0.987412 0.658240 0.979633 0.669129 0.962521 0.650462 0.950076 0.622460 0.940742 0.613126 0.929852 0.605348 0.926741 0.596014 0.914296 0.591346 0.894072 0.572679 0.894072 0.550899 0.909629 0.564900 0.926741 0.580457 0.926741 0.588235 0.931408 0.572679 0.951631 0.605348 0.973411 0.600680 0.981189 0.611570 0.993634
0 0.000000 0.904254 0.000000 0.953048 0.000196 0.953187 0.011086 0.954743 0.014197 0.940742 0.001752 0.928296 0.004863 0.920518 0.003307 0.909629
0 0.077979 0.691836 0.065534 0.699614 0.049977 0.713616 0.068645 0.746284 0.070201 0.758730 0.068645 0.764952 0.048421 0.747840 0.040643 0.754063 0.037532 0.769619 0.045310 0.783620 0.065534 0.791398 0.081090 0.785176 0.096647 0.771175 0.090424 0.746284 0.084202 0.730728 0.081090 0.704282
0 0.521342 0.838068 0.515119 0.892516 0.533787 0.898739 0.538454 0.906517 0.541566 0.906517 0.544677 0.884738 0.550899 0.869182 0.540010 0.853625
