0 0.253906 0.000000 0.253906 0.011719 0.250000 0.015625 0.222656 0.019531 0.218750 0.019531 0.207031 0.011719 0.203125 0.011719 0.191406 0.000000
0 0.960938 0.109375 0.984375 0.109375 0.988281 0.109375 1.000000 0.119420 1.000000 0.328125 1.000000 0.328125 0.906250 0.335938 0.902344 0.335938 0.875000 0.316406 0.871094 0.312500 0.855469 0.273438 0.851562 0.269531 0.851562 0.246094 0.851562 0.242188 0.863281 0.191406 0.863281 0.187500 0.878906 0.164062 0.882812 0.160156 0.960938 0.109375
0 0.968750 0.742188 0.992188 0.742188 0.996094 0.742188 1.000000 0.744141 1.000000 0.804688 0.949219 0.804688 0.945312 0.804688 0.906250 0.812500 0.902344 0.812500 0.878906 0.800781 0.875000 0.796875 0.871094 0.773438 0.871094 0.769531 0.886719 0.753906 0.890625 0.750000 0.949219 0.750000 0.953125 0.750000 0.968750 0.742188
0 0.847656 0.671875 0.859375 0.671875 0.863281 0.671875 0.871094 0.679688 0.875000 0.683594 0.882812 0.714844 0.886719 0.718750 0.886719 0.746094 0.886719 0.750000 0.867188 0.761719 0.863281 0.765625 0.828125 0.765625 0.824219 0.765625 0.781250 0.753906 0.777344 0.753906 0.769531 0.746094 0.769531 0.742188 0.789062 0.714844 0.789062 0.710938 0.804688 0.695312 0.808594 0.691406 0.847656 0.671875
0 0.468750 0.269531 0.480469 0.269531 0.484375 0.269531 0.496094 0.277344 0.500000 0.281250 0.507812 0.304688 0.511719 0.308594 0.515625 0.347656 0.515625 0.351562 0.535156 0.363281 0.539062 0.367188 0.546875 0.394531 0.546875 0.398438 0.535156 0.464844 0.535156 0.468750 0.480469 0.523438 0.476562 0.527344 0.457031 0.582031 0.453125 0.585938 0.437500 0.589844 0.433594 0.589844 0.406250 0.609375 0.402344 0.613281 0.324219 0.613281 0.320312 0.613281 0.308594 0.605469 0.304688 0.601562 0.285156 0.597656 0.281250 0.593750 0.285156 0.578125 0.285156 0.574219 0.300781 0.558594 0.304688 0.554688 0.285156 0.535156 0.281250 0.531250 0.265625 0.500000 0.261719 0.496094 0.234375 0.496094 0.230469 0.496094 0.191406 0.507812 0.187500 0.511719 0.167969 0.507812 0.164062 0.507812 0.156250 0.500000 0.152344 0.496094 0.152344 0.480469 0.152344 0.476562 0.164062 0.457031 0.167969 0.453125 0.171875 0.417969 0.171875 0.414062 0.199219 0.390625 0.203125 0.386719 0.210938 0.355469 0.210938 0.351562 0.222656 0.339844 0.226562 0.335938 0.269531 0.332031 0.273438 0.332031 0.316406 0.351562 0.320312 0.351562 0.355469 0.386719 0.359375 0.386719 0.378906 0.417969 0.382812 0.421875 0.433594 0.437500 0.437500 0.441406 0.441406 0.437500 0.445312 0.433594 0.445312 0.398438 0.445312 0.394531 0.460938 0.335938 0.464844 0.332031 0.449219 0.296875 0.449219 0.292969 0.453125 0.281250 0.453125 0.277344 0.468750 0.269531
0 0.628906 0.187500 0.636719 0.187500 0.640625 0.187500 0.671875 0.207031 0.675781 0.207031 0.718750 0.246094 0.722656 0.250000 0.734375 0.273438 0.738281 0.277344 0.738281 0.308594 0.734375 0.312500 0.671875 0.312500 0.667969 0.312500 0.613281 0.289062 0.609375 0.285156 0.593750 0.238281 0.593750 0.234375 0.609375 0.207031 0.609375 0.203125 0.628906 0.187500
0 0.679688 0.378906 0.695312 0.378906 0.699219 0.378906 0.699219 0.390625 0.699219 0.394531 0.675781 0.425781 0.671875 0.429688 0.660156 0.429688 0.656250 0.433594 0.652344 0.429688 0.648438 0.425781 0.648438 0.402344 0.648438 0.398438 0.679688 0.378906
0 0.257812 0.269531 0.308594 0.277344 0.312500 0.277344 0.332031 0.292969 0.335938 0.296875 0.335938 0.308594 0.335938 0.312500 0.328125 0.316406 0.324219 0.320312 0.269531 0.312500 0.265625 0.312500 0.250000 0.292969 0.246094 0.289062 0.246094 0.281250 0.246094 0.277344 0.257812 0.269531
0 0.863281 0.000000 0.863281 0.011719 0.859375 0.015625 0.847656 0.015625 0.843750 0.015625 0.835938 0.003906 0.832031 0.000000 0.832031 0.000000
0 0.746094 0.000000 0.746094 0.011719 0.746094 0.015625 0.734375 0.023438 0.730469 0.027344 0.722656 0.027344 0.718750 0.027344 0.707031 0.015625 0.703125 0.011719 0.703125 0.000000 0.703125 0.000000
0 0.300781 0.921875 0.316406 0.925781 0.320312 0.925781 0.332031 0.941406 0.332031 0.945312 0.265625 0.992188 0.265625 0.996094 0.253906 0.996094 0.250000 0.996094 0.246094 0.988281 0.242188 0.984375 0.246094 0.968750 0.246094 0.964844 0.273438 0.937500 0.277344 0.933594 0.300781 0.921875
0 0.292969 0.816406 0.363281 0.863281 0.367188 0.863281 0.367188 0.875000 0.367188 0.878906 0.355469 0.894531 0.351562 0.898438 0.335938 0.898438 0.332031 0.898438 0.289062 0.867188 0.285156 0.863281 0.281250 0.855469 0.277344 0.851562 0.277344 0.835938 0.277344 0.832031 0.292969 0.816406
0 0.765625 0.082031 0.777344 0.085938 0.781250 0.089844 0.781250 0.109375 0.777344 0.113281 0.769531 0.113281 0.765625 0.113281 0.761719 0.105469 0.757812 0.101562 0.757812 0.093750 0.757812 0.089844 0.765625 0.082031
0 0.121094 0.183594 0.128906 0.183594 0.132812 0.183594 0.136719 0.187500 0.140625 0.191406 0.140625 0.203125 0.140625 0.207031 0.125000 0.226562 0.121094 0.230469 0.105469 0.234375 0.101562 0.234375 0.093750 0.226562 0.093750 0.222656 0.121094 0.183594
0 1.000000 0.514757 0.949219 0.492188 0.945312 0.492188 0.941406 0.488281 0.949219 0.476562 0.953125 0.472656 1.000000 0.457031 1.000000 0.457031
0 1.000000 0.453125 1.000000 0.453125 0.996094 0.453125 0.945312 0.484375 0.941406 0.488281 0.894531 0.503906 0.890625 0.503906 0.886719 0.492188 0.886719 0.488281 0.902344 0.468750 0.906250 0.464844 0.925781 0.398438 0.925781 0.394531 0.949219 0.371094 0.953125 0.367188 1.000000 0.337054
0 0.214844 0.902344 0.226562 0.906250 0.226562 0.910156 0.210938 0.949219 0.210938 0.953125 0.160156 0.996094 0.156250 1.000000 0.156250 1.000000 0.089844 1.000000 0.089844 1.000000 0.093750 0.996094 0.105469 0.953125 0.105469 0.949219 0.121094 0.929688 0.125000 0.925781 0.214844 0.902344
0 0.222656 0.796875 0.238281 0.796875 0.242188 0.796875 0.257812 0.824219 0.261719 0.828125 0.253906 0.875000 0.253906 0.878906 0.242188 0.898438 0.242188 0.902344 0.226562 0.914062 0.222656 0.917969 0.195312 0.914062 0.191406 0.910156 0.167969 0.914062 0.164062 0.914062 0.152344 0.890625 0.148438 0.886719 0.148438 0.867188 0.148438 0.863281 0.179688 0.816406 0.183594 0.812500 0.222656 0.796875
0 0.610363 1.000000 0.610363 0.991107 0.622061 0.971611 0.629859 0.962838 0.632784 0.955039 0.639608 0.954064 0.645457 0.956014 0.656180 0.966737 0.657154 0.984284 0.654230 0.992082 0.647937 1.000000
0 0.004998 0.888751 0.062512 0.828312 0.027419 0.767873 0.000000 0.764948
0 0.058613 0.988183 0.052764 0.982334 0.043991 0.964787 0.062512 0.964787 0.075185 0.976485 0.075185 0.988183 0.070311 0.991107 0.066412 0.991107
0 0.034243 0.928719 0.023520 0.927744 0.021570 0.925794 0.017670 0.916046 0.017670 0.903373 0.019620 0.897525 0.031318 0.882902 0.034243 0.862431 0.040091 0.860481 0.049839 0.861456 0.055689 0.875104 0.056663 0.887776 0.054714 0.895575 0.044966 0.906298 0.039116 0.918971 0.037167 0.919945
0 0.608738 0.111492 0.597365 0.104993 0.592491 0.090371 0.590866 0.074124 0.587617 0.062751 0.582743 0.057877 0.582743 0.046504 0.592491 0.040005 0.595741 0.035131 0.595741 0.031882 0.602239 0.031882 0.611988 0.040005 0.611988 0.066000 0.634734 0.091996 0.634734 0.101744 0.629859 0.109867 0.624985 0.111492
0 0.455681 0.441726 0.463576 0.430871 0.493180 0.399292 0.493180 0.386464 0.496141 0.373635 0.496141 0.353898 0.487259 0.336136 0.478378 0.330214 0.470484 0.331202 0.466536 0.335149 0.460615 0.348964 0.453707 0.373635 0.450747 0.401266 0.450747 0.433831
0 0.486273 0.322320 0.470484 0.321333 0.461602 0.316399 0.458642 0.310478 0.456668 0.310478 0.454695 0.307518 0.449760 0.296663 0.449760 0.285807 0.451734 0.280873 0.458642 0.273966 0.471470 0.268045 0.494167 0.267058 0.502062 0.271005 0.506996 0.275939 0.511930 0.284821 0.512917 0.302584 0.506996 0.310478 0.495154 0.317386
0 0.450747 0.545342 0.438905 0.544355 0.418837 0.533169 0.410288 0.523632 0.404366 0.512777 0.403380 0.497975 0.418182 0.483172 0.429037 0.476264 0.434958 0.476264 0.438905 0.473304 0.452721 0.455541 0.472457 0.443699 0.482325 0.443699 0.487259 0.446660 0.494167 0.458502 0.498114 0.473304 0.498114 0.497975 0.489233 0.511790 0.475418 0.522645 0.459629 0.541395 0.459629 0.543368
0 0.280925 0.805896 0.273081 0.803282 0.267852 0.793695 0.257393 0.788466 0.256522 0.781493 0.278311 0.780621 0.277439 0.769291 0.283540 0.768420 0.288769 0.770163 0.288769 0.800667
0 0.482045 0.070323 0.467225 0.062089 0.467225 0.055503 0.472165 0.052209 0.470518 0.039036 0.483691 0.039036 0.490278 0.045623 0.491925 0.052209 0.496865 0.058796 0.496865 0.067030
0 0.510711 0.232268 0.501469 0.225547 0.495588 0.214625 0.494748 0.207904 0.484666 0.199503 0.483826 0.194462 0.494748 0.194462 0.498108 0.195302 0.505670 0.202863 0.514071 0.207904 0.519112 0.214625 0.521632 0.225547 0.517432 0.233108
0 0.743211 0.556893 0.736407 0.544986 0.734706 0.513518 0.750865 0.509266 0.752566 0.511817 0.753417 0.523724 0.762772 0.533079 0.763622 0.536481 0.761921 0.551790 0.755118 0.560295 0.752566 0.561145 0.750865 0.559444
0 0.775529 0.521172 0.764473 0.511817 0.761921 0.500761 0.772127 0.491405 0.772127 0.483751 0.783184 0.482050 0.791688 0.486303 0.791688 0.495658 0.800193 0.500761 0.801044 0.522873 0.800193 0.525425 0.795941 0.527976 0.782333 0.527976
0 0.042414 0.474396 0.033909 0.479499 0.018600 0.482901 0.014348 0.474396 0.014348 0.457386 0.017750 0.449732 0.018600 0.422516 0.021152 0.419114 0.043264 0.413161 0.045816 0.414012 0.048367 0.427620 0.050919 0.429320 0.052620 0.434423 0.052620 0.445480 0.049218 0.446330 0.053470 0.453134 0.055171 0.474396 0.050068 0.476097
0 1.000000 0.658472 0.991464 0.657253 0.983716 0.651226 0.956165 0.641755 0.944112 0.634868 0.929476 0.622815 0.922588 0.614205 0.908813 0.605596 0.906230 0.600430 0.905369 0.582350 0.913979 0.575462 0.912257 0.562548 0.915700 0.559104 0.931198 0.560826 0.932059 0.573741 0.929476 0.584933 0.929476 0.598708 0.939807 0.613344 0.951000 0.619371 0.960470 0.627120 0.989742 0.639173 0.994047 0.643477 1.000000 0.643995
0 0.497941 0.926170 0.484868 0.926170 0.480510 0.921812 0.480510 0.914840 0.489225 0.903510 0.494455 0.903510 0.497941 0.906996 0.497941 0.917455
0 0.534546 0.901767 0.520601 0.904382 0.514500 0.908739 0.511886 0.903510 0.511886 0.898281 0.515372 0.893052 0.516243 0.885207 0.517986 0.882593 0.526702 0.879107 0.531060 0.866905 0.545876 0.868648 0.553720 0.875620 0.556334 0.880850 0.553720 0.885207 0.545876 0.886079 0.535417 0.891308 0.536289 0.894795
