0 0.090292 0.570698 0.097363 0.577111 0.105665 0.580268 0.118748 0.582357 0.130612 0.588018 0.136033 0.591840 0.141080 0.608594 0.145757 0.615719 0.153874 0.620273 0.159572 0.624462 0.166095 0.630816 0.169438 0.638457 0.166781 0.643748 0.163028 0.643827 0.157016 0.641034 0.138863 0.638957 0.129017 0.634161 0.117876 0.633249 0.100350 0.630523 0.094277 0.628208 0.080650 0.631146 0.077294 0.634978 0.076647 0.639646 0.068084 0.642425 0.065506 0.638296 0.063529 0.638457 0.063908 0.632837 0.062010 0.621927 0.062971 0.617348 0.063731 0.606425 0.063149 0.604073 0.065427 0.586219 0.069223 0.576300 0.072259 0.570680 0.075439 0.567303 0.076458 0.562644 0.075852 0.558623 0.078975 0.558007
0 0.836305 0.537841 0.844472 0.538977 0.852922 0.538977 0.860608 0.540816 0.869402 0.548027 0.874820 0.553346 0.879636 0.559588 0.885592 0.570018 0.886772 0.578366 0.880545 0.582541 0.870502 0.587682 0.867859 0.590675 0.862216 0.606314 0.859916 0.609888 0.857356 0.617604 0.855376 0.625757 0.856478 0.638014 0.850307 0.657754 0.849881 0.665751 0.847793 0.669776 0.839121 0.677471 0.832151 0.679236 0.815002 0.685417 0.805887 0.673650 0.803582 0.670062 0.802226 0.661711 0.803425 0.645111 0.802028 0.637086 0.802418 0.628759 0.801759 0.625028 0.802591 0.612792 0.804904 0.600672 0.807215 0.592805 0.805979 0.580115 0.806169 0.571929 0.810394 0.559990 0.814321 0.544395 0.817153 0.541842 0.827996 0.538170
0 0.434618 0.205830 0.455987 0.216729 0.463571 0.224754 0.464567 0.231144 0.466672 0.239650 0.466374 0.242296 0.467366 0.250123 0.470106 0.256722 0.473155 0.262421 0.477820 0.268142 0.479725 0.276759 0.482146 0.285021 0.489102 0.297120 0.493022 0.313979 0.497543 0.321749 0.499979 0.324680 0.503991 0.331584 0.507730 0.346843 0.503977 0.347576 0.496408 0.346559 0.478509 0.345640 0.457382 0.335329 0.439312 0.329942 0.435891 0.328263 0.420418 0.323643 0.414064 0.322831 0.405379 0.322355 0.403012 0.320846 0.387380 0.315267 0.375208 0.313871 0.360428 0.315733 0.352073 0.318797 0.344849 0.320879 0.337823 0.322247 0.331567 0.327241 0.321570 0.333618 0.312984 0.335540 0.306577 0.335896 0.302790 0.335465 0.285667 0.336372 0.274356 0.334346 0.256098 0.326900 0.249143 0.319455 0.252620 0.313406 0.268270 0.304565 0.280442 0.296189 0.291104 0.290516 0.304786 0.278507 0.314349 0.268270 0.317246 0.260851 0.326521 0.251984 0.332836 0.248638 0.372485 0.222005 0.377317 0.218001 0.388019 0.215109 0.389828 0.215434 0.415202 0.211036 0.427977 0.206102
0 0.947189 0.000000 0.947272 0.000123 0.950572 0.000000 0.967229 0.000000 0.968639 0.000249 0.982067 0.006139 0.992530 0.009686 0.996302 0.015867 1.000000 0.020500 1.000000 0.054848 0.992544 0.069406 0.990011 0.085056 0.985762 0.105096 0.970745 0.125634 0.964025 0.148403 0.962473 0.155872 0.951696 0.178918 0.946258 0.184609 0.935623 0.192019 0.930927 0.181300 0.915000 0.168639 0.923734 0.130378 0.934614 0.101837 0.945212 0.081873 0.940631 0.076724 0.915532 0.067068 0.912479 0.062173 0.903189 0.051418 0.892021 0.049679 0.878019 0.054113 0.864730 0.060312 0.856438 0.063335 0.836860 0.065087 0.826393 0.071675 0.822057 0.063773 0.822585 0.039927 0.842744 0.008335 0.844333 0.008140 0.860605 0.000415 0.861245 0.000925 0.866504 0.000000
0 0.602774 0.640382 0.608737 0.644751 0.613539 0.650658 0.621313 0.663764 0.626277 0.669011 0.628445 0.675965 0.629177 0.695535 0.631038 0.702681 0.637551 0.712358 0.639021 0.719411 0.638007 0.722846 0.634005 0.729431 0.629655 0.734855 0.626357 0.736808 0.615106 0.746841 0.611672 0.747934 0.604489 0.748310 0.597411 0.747102 0.594402 0.745057 0.587223 0.736261 0.582815 0.726464 0.584652 0.719020 0.589060 0.709223 0.590529 0.693941 0.589795 0.686496 0.585019 0.681794 0.580978 0.681402 0.569590 0.682577 0.550105 0.683263 0.542710 0.682473 0.532487 0.677875 0.532120 0.674348 0.536710 0.668702 0.546577 0.664032 0.552872 0.660082 0.561508 0.652797 0.574733 0.646919 0.580978 0.643392 0.595161 0.639475
0 0.345770 0.375453 0.351428 0.378514 0.363551 0.384025 0.372037 0.389841 0.377694 0.392903 0.383986 0.395607 0.394581 0.404255 0.401852 0.414048 0.406297 0.418946 0.411124 0.423644 0.413617 0.429111 0.418090 0.437432 0.418930 0.440617 0.417699 0.447088 0.413444 0.451754 0.407193 0.453517 0.400323 0.454741 0.386988 0.456272 0.376886 0.456272 0.370400 0.456766 0.357687 0.454834 0.351193 0.452821 0.339424 0.447905 0.332839 0.446782 0.317638 0.439779 0.310614 0.432700 0.304553 0.425353 0.302128 0.419842 0.302128 0.412801 0.303341 0.406373 0.305765 0.400862 0.310210 0.392596 0.311018 0.389535 0.313443 0.383719 0.315059 0.381270 0.320312 0.376677 0.325970 0.373922 0.332839 0.373004 0.339507 0.373463
0 0.533151 0.360875 0.540299 0.377890 0.552683 0.395879 0.563182 0.407045 0.570880 0.419161 0.576668 0.423810 0.579063 0.431225 0.571157 0.455035 0.571938 0.458897 0.582409 0.469307 0.584933 0.479526 0.564869 0.506037 0.562159 0.516216 0.565096 0.522384 0.554075 0.531568 0.547043 0.530607 0.534754 0.523230 0.521661 0.518351 0.506686 0.518711 0.495610 0.528378 0.492705 0.538093 0.484427 0.535545 0.467102 0.522970 0.462235 0.513684 0.469969 0.508935 0.470104 0.495475 0.461479 0.475566 0.453605 0.466634 0.427764 0.471668 0.426056 0.454423 0.427336 0.439729 0.438031 0.420569 0.447478 0.409449 0.459848 0.401768 0.472986 0.397207 0.499121 0.378843 0.512196 0.373604 0.521620 0.367301 0.526602 0.358136
0 0.677232 0.468686 0.683118 0.471833 0.689553 0.474702 0.692967 0.475696 0.702619 0.479999 0.705640 0.481875 0.713176 0.484713 0.718330 0.490617 0.718835 0.492677 0.724505 0.503931 0.745854 0.525350 0.750465 0.538903 0.749486 0.545589 0.745567 0.551761 0.744588 0.559475 0.740179 0.569247 0.740993 0.583747 0.735281 0.596505 0.732418 0.600718 0.726039 0.608419 0.713583 0.615252 0.702537 0.617784 0.698995 0.618095 0.692178 0.619649 0.684830 0.619134 0.671008 0.619368 0.667477 0.618945 0.660441 0.619547 0.654462 0.619649 0.649564 0.618620 0.653972 0.615020 0.649575 0.614133 0.643333 0.612154 0.628926 0.600197 0.615137 0.586748 0.612996 0.580029 0.616288 0.573209 0.614794 0.566177 0.616165 0.565399 0.620665 0.561533 0.620665 0.557932 0.617417 0.554699 0.608347 0.543508 0.605117 0.529893 0.604213 0.525784 0.607166 0.524111 0.610869 0.521417 0.619686 0.527589 0.632984 0.522629 0.646058 0.527258 0.651523 0.522446 0.654136 0.515667 0.655605 0.504867 0.659514 0.491027 0.659166 0.486179 0.659644 0.471607 0.666214 0.468940 0.671421 0.467873
0 0.113123 0.000000 0.109375 0.003906 0.092250 0.042083 0.076841 0.071046 0.050781 0.085938 0.016632 0.118327 0.004580 0.119468 0.000000 0.119123 0.000000 0.000000
0 0.068642 0.216998 0.082031 0.214844 0.098715 0.227357 0.113187 0.241278 0.128861 0.241384 0.161804 0.257446 0.199219 0.277344 0.207739 0.292652 0.210911 0.320164 0.207779 0.340052 0.192530 0.360445 0.156650 0.357459 0.121377 0.343041 0.090380 0.328913 0.076227 0.315259 0.055998 0.299950 0.047605 0.277081 0.023196 0.253628 0.017032 0.230129 0.030045 0.213253
0 1.000000 0.259766 0.988281 0.277344 0.925781 0.277344 0.941406 0.207031 0.960938 0.183594 1.000000 0.146484
0 0.311762 0.474678 0.332031 0.480469 0.344350 0.491875 0.345779 0.498679 0.344426 0.523411 0.356788 0.562201 0.346931 0.579565 0.333345 0.607015 0.275689 0.620948 0.257147 0.623123 0.230204 0.621716 0.214844 0.593750 0.223572 0.565816 0.241185 0.518945 0.246094 0.511719 0.265757 0.494877 0.274633 0.478989 0.293904 0.475367 0.306259 0.474836
0 0.683594 0.000000 0.683594 0.011719 0.707031 0.062500 0.746094 0.093750 0.746094 0.128906 0.738281 0.144531 0.714844 0.152344 0.679688 0.148438 0.660156 0.136719 0.652344 0.160156 0.617188 0.214844 0.597656 0.218750 0.574219 0.195312 0.539062 0.191406 0.527344 0.175781 0.515625 0.105469 0.558594 0.066406 0.558594 0.046875 0.582031 0.003906 0.581380 0.000000
0 0.027344 0.738281 0.039062 0.742188 0.042969 0.742188 0.054688 0.757812 0.058594 0.761719 0.050781 0.792969 0.046875 0.796875 0.046875 0.847656 0.046875 0.851562 0.054688 0.894531 0.058594 0.898438 0.058594 0.929688 0.054688 0.933594 0.039062 0.933594 0.035156 0.933594 0.023438 0.921875 0.019531 0.917969 0.007812 0.898438 0.007812 0.894531 0.000000 0.885851 0.000000 0.756510 0.027344 0.738281
0 0.000000 0.718750 0.000000 0.718750 0.011719 0.718750 0.015625 0.718750 0.027344 0.726562 0.027344 0.730469 0.003906 0.750000 0.000000 0.753906 0.000000 0.753906
0 0.460938 0.890625 0.484375 0.898438 0.488281 0.898438 0.515625 0.929688 0.519531 0.933594 0.515625 0.957031 0.511719 0.960938 0.480469 0.964844 0.476562 0.964844 0.453125 0.957031 0.449219 0.957031 0.429688 0.941406 0.425781 0.937500 0.425781 0.921875 0.425781 0.917969 0.445312 0.898438 0.449219 0.894531 0.460938 0.890625
0 0.578125 0.312500 0.601562 0.320312 0.605469 0.320312 0.625000 0.339844 0.628906 0.343750 0.660156 0.351562 0.664062 0.351562 0.664062 0.371094 0.664062 0.375000 0.652344 0.378906 0.648438 0.382812 0.574219 0.378906 0.570312 0.378906 0.562500 0.371094 0.558594 0.367188 0.554688 0.351562 0.554688 0.347656 0.531250 0.332031 0.531250 0.328125 0.578125 0.312500
0 0.500000 0.679688 0.519531 0.683594 0.523438 0.687500 0.527344 0.718750 0.531250 0.722656 0.515625 0.746094 0.511719 0.750000 0.496094 0.753906 0.492188 0.753906 0.464844 0.742188 0.460938 0.738281 0.460938 0.714844 0.460938 0.710938 0.468750 0.699219 0.472656 0.695312 0.500000 0.679688
0 0.870218 0.967239 0.870218 1.000000 0.815158 1.000000 0.816639 0.998150 0.820760 0.998150 0.826943 0.989907 0.839307 0.989907 0.839307 0.973421 0.849611 0.973421 0.853732 0.969299
0 0.328125 0.007812 0.328125 0.113281 0.328125 0.117188 0.316406 0.148438 0.316406 0.152344 0.296875 0.171875 0.292969 0.175781 0.277344 0.179688 0.273438 0.179688 0.265625 0.175781 0.261719 0.171875 0.261719 0.164062 0.257812 0.160156 0.261719 0.144531 0.265625 0.140625 0.261719 0.097656 0.261719 0.093750 0.281250 0.097656 0.285156 0.101562 0.296875 0.093750 0.300781 0.089844 0.304688 0.066406 0.308594 0.062500 0.308594 0.023438 0.308594 0.019531 0.328125 0.007812
0 0.929688 0.480469 0.960938 0.480469 0.964844 0.480469 0.980469 0.488281 0.984375 0.492188 0.984375 0.523438 0.984375 0.527344 0.960938 0.546875 0.957031 0.550781 0.937500 0.546875 0.933594 0.546875 0.925781 0.531250 0.921875 0.527344 0.921875 0.500000 0.921875 0.496094 0.929688 0.480469
0 0.871094 0.734375 0.878906 0.734375 0.882812 0.734375 0.925781 0.757812 0.929688 0.761719 0.933594 0.785156 0.933594 0.789062 0.925781 0.796875 0.921875 0.800781 0.894531 0.800781 0.890625 0.800781 0.851562 0.769531 0.847656 0.765625 0.871094 0.734375
0 0.511719 0.800781 0.535156 0.800781 0.539062 0.800781 0.546875 0.816406 0.550781 0.820312 0.550781 0.843750 0.550781 0.847656 0.527344 0.871094 0.523438 0.875000 0.507812 0.875000 0.503906 0.875000 0.496094 0.867188 0.492188 0.863281 0.492188 0.851562 0.488281 0.847656 0.492188 0.824219 0.492188 0.820312 0.511719 0.800781
0 0.148438 0.417969 0.164062 0.425781 0.167969 0.425781 0.195312 0.453125 0.195312 0.457031 0.179688 0.460938 0.175781 0.460938 0.121094 0.449219 0.117188 0.449219 0.125000 0.433594 0.125000 0.429688 0.148438 0.417969
0 0.136719 0.363281 0.175781 0.367188 0.179688 0.367188 0.187500 0.371094 0.191406 0.375000 0.191406 0.390625 0.191406 0.394531 0.183594 0.398438 0.179688 0.402344 0.164062 0.402344 0.160156 0.406250 0.136719 0.402344 0.132812 0.402344 0.128906 0.382812 0.128906 0.378906 0.136719 0.363281
0 0.138393 0.728346 0.181264 0.718603 0.216340 0.718603 0.259212 0.728346 0.294288 0.724449 0.313775 0.724449 0.294288 0.697167 0.239725 0.681578 0.247520 0.687424 0.231930 0.693270 0.191007 0.691321 0.150085 0.697167 0.142290 0.712757 0.122803 0.710808 0.118905 0.722500
0 0.218289 0.870601 0.257263 0.886191 0.259212 0.876447 0.249468 0.845268 0.259212 0.835525 0.259212 0.814089 0.255314 0.798499 0.241673 0.798499 0.229981 0.782910 0.206597 0.808243 0.206597 0.837473 0.214392 0.853063
0 0.157880 0.860857 0.177366 0.876447 0.200751 0.880345 0.226084 0.897883 0.228032 0.886191 0.222186 0.876447 0.222186 0.872550 0.218289 0.872550 0.216340 0.870601 0.216340 0.856960 0.185161 0.845268 0.169572 0.845268
0 0.343005 0.642604 0.329364 0.658193 0.325467 0.677680 0.321570 0.683526 0.284545 0.677680 0.270904 0.679629 0.253366 0.685475 0.228032 0.679629 0.216340 0.681578 0.216340 0.689372 0.191007 0.689372 0.187110 0.658193 0.175418 0.627014 0.155931 0.611425 0.153982 0.603630 0.157880 0.603630 0.173469 0.595835 0.169572 0.576348 0.163726 0.564656 0.196854 0.545169 0.228032 0.547118 0.222186 0.570502 0.206597 0.574399 0.216340 0.615322 0.228032 0.623117 0.253366 0.630912 0.288442 0.621168 0.319621 0.617271 0.337159 0.611425
0 0.027344 0.156250 0.046875 0.156250 0.050781 0.156250 0.066406 0.164062 0.070312 0.167969 0.074219 0.179688 0.074219 0.183594 0.062500 0.199219 0.058594 0.203125 0.023438 0.207031 0.019531 0.207031 0.007812 0.199219 0.003906 0.195312 0.003906 0.175781 0.003906 0.171875 0.027344 0.156250
0 0.281250 0.000000 0.281250 0.000000 0.281250 0.003906 0.269531 0.023438 0.265625 0.027344 0.246094 0.035156 0.242188 0.035156 0.234375 0.031250 0.230469 0.031250 0.207031 0.003906 0.203125 0.000000 0.203125 0.000000
0 0.585938 0.777344 0.644531 0.800781 0.648438 0.800781 0.679688 0.820312 0.683594 0.820312 0.687500 0.832031 0.687500 0.835938 0.636719 0.839844 0.632812 0.839844 0.601562 0.828125 0.597656 0.828125 0.593750 0.824219 0.589844 0.820312 0.585938 0.777344
0 0.320312 0.890625 0.339844 0.890625 0.343750 0.890625 0.355469 0.898438 0.359375 0.898438 0.363281 0.917969 0.363281 0.921875 0.359375 0.925781 0.355469 0.929688 0.339844 0.929688 0.335938 0.929688 0.324219 0.921875 0.320312 0.921875 0.320312 0.890625
0 0.835938 0.406250 0.847656 0.410156 0.851562 0.410156 0.851562 0.429688 0.851562 0.433594 0.839844 0.445312 0.835938 0.449219 0.812500 0.453125 0.808594 0.453125 0.789062 0.441406 0.785156 0.437500 0.785156 0.429688 0.785156 0.425781 0.835938 0.406250
0 0.753906 0.394531 0.761719 0.402344 0.765625 0.406250 0.765625 0.421875 0.765625 0.425781 0.742188 0.453125 0.742188 0.457031 0.726562 0.464844 0.722656 0.464844 0.718750 0.449219 0.718750 0.445312 0.726562 0.429688 0.726562 0.425781 0.734375 0.414062 0.734375 0.410156 0.753906 0.394531
0 0.419689 0.122937 0.410852 0.133247 0.412325 0.145031 0.416743 0.153869 0.419689 0.175963 0.440311 0.178909 0.444730 0.173017 0.456513 0.167125 0.452095 0.143558 0.437365 0.128829 0.432946 0.117045 0.440311 0.109680 0.441784 0.097896 0.447675 0.094950 0.441784 0.083167 0.432946 0.077275 0.424108 0.077275 0.416743 0.087586 0.402014 0.083167 0.415270 0.100842 0.415270 0.103788
0 0.084617 0.352237 0.069670 0.378809 0.077974 0.380470 0.106207 0.380470 0.109529 0.367184 0.117832 0.365523 0.117832 0.352237 0.111189 0.345594 0.102885 0.345594
0 0.106768 0.486571 0.062285 0.531054 0.058990 0.564004 0.073818 0.565652 0.075466 0.549177 0.103473 0.562357 0.115006 0.559062 0.116654 0.545882 0.108416 0.535996 0.103473 0.535996 0.088646 0.529406 0.100179 0.514579 0.111711 0.514579 0.118301 0.501398 0.124891 0.503046 0.119948 0.493161
0 0.981529 0.695484 0.999204 0.702849 1.000000 0.702716 1.000000 0.664237 0.988893 0.654241 0.977110 0.649822 0.959434 0.648349 0.963853 0.663079 0.975637 0.670444 0.978583 0.683700
0 1.000000 0.625636 0.988893 0.624782 0.983002 0.632147 0.983002 0.642457 0.985947 0.642457 0.991839 0.660133 1.000000 0.666662
