0 0.824219 0.000000 1.000000 0.001212 1.000000 0.107422 0.964844 0.078125 0.960938 0.074219 0.917969 0.054688 0.914062 0.050781 0.855469 0.050781 0.851562 0.050781 0.832031 0.039062 0.828125 0.035156 0.824219 0.000000
0 0.800781 0.042969 0.812500 0.046875 0.816406 0.046875 0.832031 0.066406 0.835938 0.070312 0.863281 0.082031 0.867188 0.085938 0.875000 0.136719 0.875000 0.140625 0.894531 0.164062 0.898438 0.167969 0.898438 0.179688 0.902344 0.183594 0.894531 0.222656 0.894531 0.226562 0.890625 0.234375 0.886719 0.238281 0.871094 0.242188 0.867188 0.246094 0.835938 0.242188 0.832031 0.242188 0.808594 0.277344 0.808594 0.281250 0.781250 0.304688 0.777344 0.308594 0.757812 0.316406 0.753906 0.320312 0.699219 0.312500 0.695312 0.312500 0.679688 0.300781 0.675781 0.300781 0.644531 0.261719 0.640625 0.257812 0.632812 0.218750 0.632812 0.214844 0.636719 0.183594 0.636719 0.179688 0.644531 0.164062 0.644531 0.160156 0.640625 0.156250 0.636719 0.152344 0.613281 0.156250 0.609375 0.160156 0.593750 0.156250 0.589844 0.156250 0.582031 0.144531 0.578125 0.140625 0.578125 0.113281 0.578125 0.109375 0.585938 0.097656 0.585938 0.093750 0.640625 0.062500 0.644531 0.058594 0.730469 0.046875 0.734375 0.046875 0.753906 0.058594 0.757812 0.062500 0.777344 0.062500 0.781250 0.062500 0.800781 0.042969
0 0.617188 0.250000 0.625000 0.250000 0.628906 0.250000 0.664062 0.292969 0.664062 0.296875 0.695312 0.316406 0.699219 0.320312 0.734375 0.324219 0.738281 0.328125 0.777344 0.320312 0.781250 0.320312 0.789062 0.328125 0.792969 0.332031 0.789062 0.417969 0.789062 0.421875 0.769531 0.460938 0.765625 0.464844 0.738281 0.546875 0.738281 0.550781 0.710938 0.593750 0.710938 0.597656 0.667969 0.632812 0.664062 0.636719 0.644531 0.632812 0.640625 0.632812 0.613281 0.597656 0.613281 0.593750 0.578125 0.562500 0.574219 0.558594 0.562500 0.539062 0.558594 0.535156 0.554688 0.503906 0.550781 0.500000 0.550781 0.449219 0.550781 0.445312 0.554688 0.425781 0.558594 0.421875 0.566406 0.343750 0.566406 0.339844 0.582031 0.320312 0.585938 0.316406 0.617188 0.250000
0 0.832031 0.347656 0.882812 0.347656 0.886719 0.347656 0.921875 0.363281 0.925781 0.363281 0.941406 0.378906 0.945312 0.382812 0.960938 0.421875 0.964844 0.425781 0.964844 0.457031 0.964844 0.460938 0.953125 0.488281 0.949219 0.492188 0.921875 0.503906 0.917969 0.507812 0.890625 0.507812 0.886719 0.507812 0.847656 0.472656 0.843750 0.472656 0.835938 0.457031 0.835938 0.453125 0.808594 0.417969 0.804688 0.414062 0.796875 0.386719 0.792969 0.382812 0.800781 0.363281 0.804688 0.359375 0.832031 0.347656
0 0.820312 0.605469 0.835938 0.605469 0.839844 0.605469 0.851562 0.613281 0.855469 0.617188 0.855469 0.722656 0.855469 0.726562 0.792969 0.945312 0.792969 0.949219 0.789062 0.957031 0.785156 0.960938 0.746094 0.960938 0.742188 0.960938 0.738281 0.949219 0.738281 0.945312 0.746094 0.921875 0.746094 0.917969 0.742188 0.894531 0.738281 0.890625 0.738281 0.855469 0.738281 0.851562 0.750000 0.800781 0.753906 0.796875 0.746094 0.753906 0.742188 0.750000 0.742188 0.636719 0.742188 0.632812 0.753906 0.617188 0.757812 0.613281 0.796875 0.617188 0.800781 0.617188 0.820312 0.605469
0 0.539062 0.960938 0.554688 0.976562 0.558594 0.980469 0.558594 0.996094 0.558594 1.000000 0.558594 1.000000 0.449219 1.000000 0.449219 1.000000 0.453125 1.000000 0.539062 0.960938
0 0.742188 0.964844 0.781250 0.968750 0.785156 0.968750 0.804688 0.984375 0.808594 0.988281 0.812500 1.000000 0.812500 1.000000 0.722098 1.000000 0.730469 0.980469 0.730469 0.976562 0.742188 0.964844
0 0.000000 1.000000 0.000000 0.939063 0.035156 0.941406 0.039062 0.941406 0.074219 0.960938 0.078125 0.964844 0.078125 0.980469 0.078125 0.984375 0.062500 1.000000
0 1.000000 0.441406 0.980469 0.441406 0.976562 0.437500 0.968750 0.445312 0.964844 0.449219 0.957031 0.476562 0.957031 0.480469 0.945312 0.492188 0.941406 0.496094 0.921875 0.503906 0.917969 0.507812 0.890625 0.507812 0.886719 0.507812 0.855469 0.480469 0.851562 0.480469 0.812500 0.425781 0.808594 0.421875 0.800781 0.402344 0.796875 0.398438 0.796875 0.375000 0.796875 0.371094 0.808594 0.359375 0.812500 0.355469 0.832031 0.351562 0.835938 0.347656 0.875000 0.347656 0.878906 0.347656 0.910156 0.355469 0.914062 0.359375 0.949219 0.355469 0.953125 0.355469 0.996094 0.316406 1.000000 0.312500 1.000000 0.312500
0 1.000000 0.460938 1.000000 0.460938 1.000000 0.528245 0.980469 0.511719 0.976562 0.507812 0.972656 0.492188 0.972656 0.488281 1.000000 0.460938
0 0.187500 0.222656 0.207031 0.222656 0.210938 0.222656 0.222656 0.230469 0.226562 0.230469 0.265625 0.269531 0.269531 0.273438 0.335938 0.375000 0.339844 0.378906 0.355469 0.421875 0.355469 0.425781 0.378906 0.457031 0.382812 0.460938 0.382812 0.476562 0.382812 0.480469 0.367188 0.500000 0.363281 0.503906 0.312500 0.535156 0.308594 0.535156 0.281250 0.566406 0.277344 0.570312 0.257812 0.574219 0.253906 0.578125 0.230469 0.570312 0.226562 0.570312 0.160156 0.496094 0.156250 0.492188 0.128906 0.402344 0.125000 0.398438 0.128906 0.375000 0.128906 0.371094 0.156250 0.343750 0.160156 0.339844 0.164062 0.328125 0.167969 0.324219 0.171875 0.289062 0.171875 0.285156 0.183594 0.265625 0.187500 0.261719 0.187500 0.222656
0 0.464844 0.128906 0.480469 0.136719 0.484375 0.140625 0.488281 0.187500 0.492188 0.191406 0.492188 0.253906 0.492188 0.257812 0.488281 0.289062 0.488281 0.292969 0.476562 0.324219 0.476562 0.328125 0.464844 0.339844 0.460938 0.343750 0.441406 0.347656 0.437500 0.347656 0.425781 0.335938 0.421875 0.332031 0.414062 0.269531 0.414062 0.265625 0.398438 0.230469 0.394531 0.226562 0.394531 0.203125 0.394531 0.199219 0.406250 0.171875 0.406250 0.167969 0.464844 0.128906
0 0.820312 0.550781 0.878906 0.570312 0.882812 0.574219 0.894531 0.621094 0.898438 0.625000 0.898438 0.652344 0.898438 0.656250 0.910156 0.683594 0.910156 0.687500 0.929688 0.710938 0.933594 0.714844 0.945312 0.750000 0.949219 0.753906 0.945312 0.777344 0.941406 0.781250 0.910156 0.777344 0.906250 0.777344 0.871094 0.742188 0.867188 0.738281 0.867188 0.675781 0.867188 0.671875 0.859375 0.628906 0.859375 0.625000 0.847656 0.609375 0.843750 0.605469 0.824219 0.597656 0.820312 0.593750 0.816406 0.574219 0.812500 0.570312 0.820312 0.550781
0 0.000000 0.000000 0.054688 0.000000 0.058594 0.000000 0.058594 0.042969 0.058594 0.046875 0.046875 0.066406 0.042969 0.070312 0.023438 0.074219 0.019531 0.074219 0.000000 0.085938 0.000000 0.085938
0 0.500000 0.574219 0.535156 0.578125 0.539062 0.578125 0.574219 0.605469 0.578125 0.609375 0.582031 0.628906 0.585938 0.632812 0.574219 0.660156 0.570312 0.664062 0.535156 0.671875 0.531250 0.671875 0.511719 0.656250 0.507812 0.652344 0.492188 0.597656 0.488281 0.593750 0.500000 0.574219
0 0.304688 0.730469 0.324219 0.730469 0.328125 0.730469 0.375000 0.746094 0.378906 0.746094 0.410156 0.785156 0.414062 0.789062 0.417969 0.800781 0.421875 0.804688 0.417969 0.820312 0.417969 0.824219 0.382812 0.824219 0.378906 0.824219 0.304688 0.773438 0.300781 0.773438 0.289062 0.750000 0.289062 0.746094 0.304688 0.730469
0 0.031250 0.824219 0.074219 0.847656 0.078125 0.847656 0.093750 0.863281 0.097656 0.867188 0.093750 0.902344 0.089844 0.906250 0.093750 0.914062 0.093750 0.917969 0.125000 0.945312 0.128906 0.949219 0.152344 0.988281 0.152344 0.992188 0.163504 1.000000 0.108594 1.000000 0.105469 0.992188 0.105469 0.988281 0.089844 0.980469 0.085938 0.980469 0.078125 0.968750 0.078125 0.964844 0.058594 0.949219 0.054688 0.945312 0.000000 0.937855 0.000000 0.845052 0.031250 0.824219
0 0.678388 1.000000 0.671905 0.974067 0.668323 0.945413 0.657578 0.916758 0.657578 0.877358 0.671905 0.870195 0.718469 0.870195 0.739960 0.841540 0.747123 0.816467 0.750705 0.798558 0.750705 0.737667 0.747123 0.730504 0.747123 0.719758 0.743541 0.719758 0.739960 0.691104 0.736378 0.683940 0.736378 0.594395 0.786523 0.594395 0.790105 0.587231 0.797269 0.583649 0.797269 0.576485 0.818760 0.551412 0.879651 0.551412 0.879651 0.565740 0.883232 0.569321 0.883232 0.576485 0.890396 0.590812 0.897560 0.597976 0.897560 0.608722 0.901141 0.608722 0.901141 0.623049 0.915469 0.640958 0.915469 0.651704 0.922632 0.666031 0.929796 0.669613 0.929796 0.676776 0.936960 0.683940 0.947705 0.712595 0.954869 0.719758 0.965614 0.741249 0.972778 0.741249 0.972778 0.805722 0.944123 0.805722 0.944123 0.812886 0.940541 0.812886 0.922632 0.827213 0.922632 0.841540 0.929796 0.866613 0.929796 0.884522 0.933378 0.888104 0.933378 0.898849 0.936960 0.898849 0.940541 0.906013 0.944123 0.906013 0.944123 0.909595 0.972778 0.948995 0.972778 1.000000
