0 0.261719 0.242188 0.285156 0.246094 0.289062 0.250000 0.285156 0.308594 0.281250 0.312500 0.285156 0.367188 0.285156 0.371094 0.257812 0.421875 0.257812 0.425781 0.230469 0.449219 0.226562 0.453125 0.210938 0.496094 0.210938 0.500000 0.167969 0.539062 0.164062 0.542969 0.105469 0.570312 0.101562 0.570312 0.070312 0.597656 0.066406 0.601562 0.019531 0.628906 0.015625 0.632812 0.000000 0.633635 0.000000 0.432812 0.031250 0.414062 0.035156 0.414062 0.132812 0.308594 0.136719 0.304688 0.261719 0.242188
0 0.414062 0.128906 0.453125 0.132812 0.457031 0.132812 0.468750 0.164062 0.468750 0.167969 0.507812 0.222656 0.507812 0.226562 0.523438 0.234375 0.527344 0.238281 0.546271 0.238281 0.566406 0.238281 0.570312 0.238281 0.574219 0.242188 0.578125 0.246094 0.582031 0.265625 0.585938 0.269531 0.585938 0.359375 0.585938 0.363281 0.542969 0.359375 0.539062 0.359375 0.503906 0.398438 0.503906 0.402344 0.488281 0.410156 0.484375 0.414062 0.382812 0.406250 0.378906 0.406250 0.371094 0.398438 0.367188 0.394531 0.367188 0.378906 0.371094 0.375000 0.421875 0.375000 0.425781 0.375000 0.433594 0.371094 0.437500 0.367188 0.437500 0.355469 0.437500 0.351562 0.382812 0.292969 0.378906 0.289062 0.363281 0.285156 0.359375 0.281250 0.343750 0.203125 0.339844 0.199219 0.335938 0.152344 0.335938 0.148438 0.359375 0.136719 0.363281 0.132812 0.414062 0.128906
0 0.296875 0.289062 0.363281 0.289062 0.367188 0.289062 0.382812 0.296875 0.386719 0.296875 0.417969 0.328125 0.421875 0.332031 0.437500 0.363281 0.437500 0.367188 0.425781 0.371094 0.421875 0.375000 0.367188 0.378906 0.363281 0.378906 0.339844 0.371094 0.335938 0.367188 0.292969 0.363281 0.289062 0.363281 0.285156 0.304688 0.285156 0.300781 0.296875 0.289062
0 0.996094 0.000000 0.996094 0.031250 0.996094 0.035156 0.976562 0.039062 0.972656 0.042969 0.933594 0.039062 0.929688 0.039062 0.902344 0.003906 0.902344 0.000000 0.902344 0.000000
0 0.433594 0.000000 0.460938 0.000000 0.464844 0.000000 0.515625 0.011719 0.519531 0.015625 0.539062 0.015625 0.539062 0.019531 0.531250 0.035156 0.531250 0.039062 0.507812 0.050781 0.503906 0.054688 0.441406 0.058594 0.437500 0.058594 0.425781 0.054688 0.421875 0.054688 0.417969 0.042969 0.414062 0.039062 0.414062 0.019531 0.414062 0.015625 0.417969 0.007812 0.421875 0.003906 0.433594 0.000000
0 0.957031 0.320312 0.992188 0.320312 0.996094 0.320312 0.996094 0.496094 0.996094 0.500000 0.960938 0.480469 0.957031 0.476562 0.925781 0.410156 0.925781 0.406250 0.890625 0.355469 0.886719 0.351562 0.902344 0.339844 0.906250 0.335938 0.957031 0.320312
0 0.281250 0.042969 0.296875 0.042969 0.300781 0.042969 0.312500 0.062500 0.316406 0.066406 0.312500 0.105469 0.312500 0.109375 0.304688 0.117188 0.300781 0.121094 0.277344 0.117188 0.273438 0.117188 0.257812 0.097656 0.253906 0.093750 0.265625 0.062500 0.265625 0.058594 0.281250 0.042969
0 0.398438 0.484375 0.488281 0.492188 0.492188 0.496094 0.484375 0.554688 0.480469 0.558594 0.480469 0.613281 0.476562 0.617188 0.464844 0.617188 0.460938 0.617188 0.437500 0.585938 0.437500 0.582031 0.351562 0.507812 0.347656 0.503906 0.347656 0.496094 0.347656 0.492188 0.378906 0.492188 0.382812 0.492188 0.398438 0.484375
0 0.125000 0.902344 0.144531 0.902344 0.148438 0.906250 0.156250 0.949219 0.160156 0.953125 0.156250 0.972656 0.156250 0.976562 0.132812 1.000000 0.029474 1.000000 0.035156 0.984375 0.035156 0.980469 0.125000 0.902344
0 0.821615 0.000000 0.832031 0.015625 0.835938 0.019531 0.835938 0.046875 0.835938 0.050781 0.832031 0.054688 0.828125 0.058594 0.816406 0.058594 0.812500 0.058594 0.781250 0.035156 0.777344 0.035156 0.765625 0.015625 0.761719 0.011719 0.761719 0.000000 0.761719 0.000000
0 0.609375 0.261719 0.644531 0.273438 0.648438 0.273438 0.660156 0.289062 0.664062 0.292969 0.660156 0.304688 0.660156 0.308594 0.636719 0.316406 0.632812 0.320312 0.605469 0.320312 0.601562 0.320312 0.593750 0.273438 0.593750 0.269531 0.609375 0.261719
0 0.500000 0.421875 0.515625 0.421875 0.519531 0.421875 0.531250 0.429688 0.535156 0.429688 0.542969 0.441406 0.546875 0.445312 0.542969 0.464844 0.542969 0.468750 0.527344 0.500000 0.527344 0.503906 0.507812 0.503906 0.503906 0.503906 0.488281 0.480469 0.484375 0.476562 0.484375 0.453125 0.484375 0.449219 0.500000 0.421875
0 0.515625 0.492188 0.539062 0.511719 0.542969 0.515625 0.542969 0.523438 0.542969 0.527344 0.523438 0.546875 0.519531 0.550781 0.503906 0.550781 0.500000 0.550781 0.496094 0.546875 0.492188 0.546875 0.492188 0.527344 0.492188 0.523438 0.503906 0.503906 0.503906 0.500000 0.515625 0.492188
0 0.613281 0.597656 0.621094 0.601562 0.625000 0.605469 0.660156 0.609375 0.664062 0.609375 0.671875 0.636719 0.671875 0.640625 0.570312 0.640625 0.566406 0.640625 0.562500 0.636719 0.558594 0.632812 0.562500 0.613281 0.562500 0.609375 0.613281 0.597656
0 0.847656 0.402344 0.855469 0.406250 0.859375 0.410156 0.863281 0.421875 0.867188 0.425781 0.863281 0.441406 0.863281 0.445312 0.843750 0.449219 0.839844 0.453125 0.820312 0.449219 0.816406 0.449219 0.816406 0.437500 0.816406 0.433594 0.847656 0.402344
0 0.863281 0.480469 0.871094 0.480469 0.875000 0.480469 0.878906 0.484375 0.882812 0.488281 0.882812 0.500000 0.886719 0.503906 0.878906 0.507812 0.875000 0.511719 0.847656 0.511719 0.843750 0.511719 0.839844 0.507812 0.839844 0.503906 0.847656 0.492188 0.847656 0.488281 0.863281 0.480469
0 0.730469 0.125000 0.734375 0.125000 0.738281 0.128906 0.730469 0.164062 0.730469 0.167969 0.742188 0.179688 0.746094 0.183594 0.785156 0.187500 0.789062 0.187500 0.804688 0.195312 0.808594 0.195312 0.808594 0.222656 0.808594 0.226562 0.792969 0.261719 0.792969 0.265625 0.769531 0.296875 0.765625 0.300781 0.687500 0.300781 0.683594 0.300781 0.675781 0.296875 0.671875 0.296875 0.632812 0.261719 0.628906 0.261719 0.621094 0.253906 0.617188 0.250000 0.613281 0.234375 0.613281 0.230469 0.644531 0.187500 0.648438 0.183594 0.656250 0.164062 0.660156 0.160156 0.730469 0.125000
0 0.828125 0.179688 0.839844 0.183594 0.843750 0.187500 0.882812 0.304688 0.886719 0.308594 0.882812 0.351562 0.882812 0.355469 0.855469 0.390625 0.855469 0.394531 0.839844 0.390625 0.835938 0.386719 0.828125 0.367188 0.828125 0.363281 0.777344 0.296875 0.773438 0.292969 0.804688 0.238281 0.808594 0.234375 0.816406 0.199219 0.816406 0.195312 0.828125 0.179688
0 0.785156 0.578125 0.804688 0.585938 0.808594 0.589844 0.816406 0.636719 0.812500 0.640625 0.769531 0.636719 0.765625 0.636719 0.707031 0.644531 0.703125 0.644531 0.679688 0.636719 0.675781 0.632812 0.675781 0.601562 0.679688 0.597656 0.726562 0.585938 0.730469 0.582031 0.753906 0.585938 0.757812 0.585938 0.785156 0.578125
0 0.863281 0.515625 0.890625 0.519531 0.894531 0.519531 0.898438 0.535156 0.902344 0.539062 0.902344 0.570312 0.902344 0.574219 0.910156 0.605469 0.910156 0.609375 0.890625 0.664062 0.890625 0.667969 0.863281 0.683594 0.859375 0.687500 0.839844 0.687500 0.835938 0.687500 0.824219 0.648438 0.820312 0.644531 0.816406 0.609375 0.816406 0.605469 0.800781 0.582031 0.796875 0.578125 0.789062 0.535156 0.785156 0.531250 0.863281 0.515625
0 0.750000 0.691406 0.796875 0.691406 0.800781 0.691406 0.816406 0.699219 0.820312 0.699219 0.851562 0.750000 0.851562 0.753906 0.867188 0.769531 0.871094 0.773438 0.906250 0.792969 0.910156 0.796875 0.933594 0.855469 0.933594 0.859375 0.929688 0.863281 0.925781 0.867188 0.859375 0.890625 0.855469 0.890625 0.820312 0.914062 0.816406 0.917969 0.796875 0.921875 0.792969 0.925781 0.773438 0.929688 0.769531 0.929688 0.761719 0.925781 0.757812 0.921875 0.718750 0.921875 0.714844 0.921875 0.707031 0.906250 0.703125 0.902344 0.699219 0.867188 0.699219 0.863281 0.703125 0.851562 0.703125 0.847656 0.746094 0.785156 0.750000 0.781250 0.742188 0.722656 0.738281 0.718750 0.738281 0.703125 0.738281 0.699219 0.750000 0.691406
0 0.335938 0.605469 0.390625 0.605469 0.394531 0.605469 0.472656 0.632812 0.476562 0.632812 0.582031 0.703125 0.585938 0.703125 0.597656 0.718750 0.597656 0.722656 0.589844 0.730469 0.585938 0.734375 0.554688 0.746094 0.550781 0.746094 0.531250 0.769531 0.527344 0.773438 0.429688 0.812500 0.425781 0.816406 0.390625 0.820312 0.386719 0.820312 0.355469 0.804688 0.351562 0.800781 0.308594 0.796875 0.304688 0.796875 0.296875 0.792969 0.292969 0.789062 0.269531 0.742188 0.265625 0.738281 0.261719 0.703125 0.261719 0.699219 0.335938 0.605469
0 0.191406 0.875000 0.214844 0.878906 0.218750 0.878906 0.261719 0.906250 0.265625 0.910156 0.277344 0.929688 0.281250 0.933594 0.281250 0.953125 0.281250 0.957031 0.289062 0.976562 0.292969 0.980469 0.289418 1.000000 0.183949 1.000000 0.179688 0.984375 0.175781 0.980469 0.175781 0.941406 0.175781 0.937500 0.179688 0.886719 0.179688 0.882812 0.191406 0.875000
0 0.308594 0.863281 0.316406 0.863281 0.320312 0.863281 0.332031 0.875000 0.335938 0.878906 0.343750 0.894531 0.343750 0.898438 0.378906 0.945312 0.382812 0.949219 0.414786 1.000000 0.133681 1.000000 0.171875 0.968750 0.175781 0.964844 0.179688 0.921875 0.183594 0.917969 0.179688 0.886719 0.179688 0.882812 0.183594 0.878906 0.187500 0.875000 0.210938 0.875000 0.214844 0.875000 0.230469 0.886719 0.234375 0.890625 0.257812 0.898438 0.261719 0.898438 0.308594 0.863281
0 0.148438 0.000000 0.152344 0.003906 0.156250 0.007812 0.152344 0.058594 0.152344 0.062500 0.179688 0.105469 0.183594 0.109375 0.183594 0.136719 0.183594 0.140625 0.167969 0.152344 0.164062 0.156250 0.140625 0.164062 0.136719 0.167969 0.121094 0.167969 0.117188 0.167969 0.101562 0.152344 0.097656 0.148438 0.070312 0.066406 0.066406 0.062500 0.066406 0.050781 0.066406 0.046875 0.089844 0.031250 0.093750 0.031250 0.114583 0.000000
0 0.152344 0.000000 0.152344 0.000000 0.156250 0.003906 0.160156 0.019531 0.160156 0.023438 0.156250 0.031250 0.152344 0.035156 0.152344 0.058594 0.152344 0.062500 0.179688 0.105469 0.183594 0.109375 0.183594 0.136719 0.183594 0.140625 0.167969 0.152344 0.164062 0.156250 0.140625 0.164062 0.136719 0.167969 0.121094 0.167969 0.117188 0.167969 0.105469 0.160156 0.101562 0.156250 0.089844 0.117188 0.089844 0.113281 0.058594 0.050781 0.054688 0.046875 0.050781 0.007812 0.046875 0.003906 0.046875 0.000000
0 0.000000 0.640775 0.003906 0.640625 0.007812 0.640625 0.039062 0.625000 0.042969 0.621094 0.062500 0.621094 0.066406 0.621094 0.101562 0.710938 0.105469 0.714844 0.105469 0.800781 0.105469 0.804688 0.113281 0.812500 0.117188 0.812500 0.117188 0.820312 0.117188 0.824219 0.109375 0.828125 0.105469 0.828125 0.007812 0.812500 0.003906 0.812500 0.000000 0.767578
0 0.753906 0.000000 0.753906 0.000000 0.757812 0.015625 0.761719 0.019531 0.757812 0.046875 0.757812 0.050781 0.746094 0.058594 0.742188 0.062500 0.730469 0.062500 0.726562 0.066406 0.675781 0.070312 0.671875 0.070312 0.640625 0.097656 0.636719 0.101562 0.625000 0.093750 0.621094 0.093750 0.617188 0.074219 0.613281 0.070312 0.617188 0.054688 0.617188 0.050781 0.652344 0.015625 0.656250 0.011719 0.672230 0.000000
0 0.663352 0.000000 0.625000 0.035156 0.621094 0.039062 0.601562 0.035156 0.597656 0.035156 0.589844 0.027344 0.585938 0.023438 0.591797 0.000000
0 0.675781 0.070312 0.691406 0.078125 0.695312 0.078125 0.695312 0.093750 0.695312 0.097656 0.679688 0.121094 0.679688 0.125000 0.660156 0.148438 0.656250 0.152344 0.628906 0.167969 0.625000 0.171875 0.621094 0.187500 0.621094 0.191406 0.578125 0.218750 0.574219 0.218750 0.574219 0.214844 0.574219 0.210938 0.609375 0.187500 0.613281 0.183594 0.617188 0.160156 0.617188 0.156250 0.640625 0.105469 0.640625 0.101562 0.675781 0.070312
0 0.167969 0.792969 0.191406 0.796875 0.195312 0.800781 0.203125 0.839844 0.199219 0.843750 0.152344 0.843750 0.148438 0.839844 0.144531 0.824219 0.144531 0.820312 0.167969 0.792969
0 0.128906 0.757812 0.164062 0.761719 0.167969 0.761719 0.171875 0.781250 0.175781 0.785156 0.171875 0.796875 0.167969 0.800781 0.136719 0.820312 0.132812 0.824219 0.113281 0.816406 0.109375 0.812500 0.109375 0.781250 0.109375 0.777344 0.128906 0.757812
0 0.097656 0.644531 0.113281 0.644531 0.117188 0.644531 0.132812 0.656250 0.136719 0.660156 0.132812 0.687500 0.128906 0.691406 0.109375 0.695312 0.105469 0.695312 0.097656 0.687500 0.093750 0.683594 0.089844 0.656250 0.089844 0.652344 0.097656 0.644531
0 0.195312 0.621094 0.226562 0.625000 0.230469 0.625000 0.277344 0.660156 0.281250 0.664062 0.250000 0.710938 0.246094 0.714844 0.207031 0.710938 0.203125 0.707031 0.187500 0.648438 0.183594 0.644531 0.187500 0.628906 0.187500 0.625000 0.195312 0.621094
0 0.214844 0.722656 0.226562 0.722656 0.230469 0.722656 0.242188 0.730469 0.246094 0.730469 0.265625 0.750000 0.269531 0.750000 0.289062 0.773438 0.292969 0.777344 0.292969 0.792969 0.292969 0.796875 0.253906 0.800781 0.250000 0.800781 0.234375 0.773438 0.234375 0.769531 0.230469 0.765625 0.226562 0.761719 0.214844 0.761719 0.210938 0.761719 0.214844 0.722656
0 0.535156 0.781250 0.554688 0.785156 0.558594 0.785156 0.566406 0.792969 0.570312 0.796875 0.570312 0.808594 0.570312 0.812500 0.550781 0.839844 0.546875 0.843750 0.503906 0.847656 0.500000 0.847656 0.472656 0.835938 0.468750 0.835938 0.457031 0.824219 0.453125 0.820312 0.457031 0.808594 0.457031 0.804688 0.464844 0.800781 0.468750 0.796875 0.503906 0.792969 0.507812 0.792969 0.535156 0.781250
0 0.269531 0.800781 0.300781 0.804688 0.304688 0.804688 0.316406 0.851562 0.316406 0.855469 0.273438 0.886719 0.269531 0.890625 0.250000 0.894531 0.246094 0.894531 0.218750 0.875000 0.214844 0.875000 0.207031 0.859375 0.207031 0.855469 0.230469 0.812500 0.234375 0.808594 0.269531 0.800781
0 0.315678 0.823403 0.315678 0.834139 0.317978 0.847176 0.319512 0.852544 0.319512 0.854845 0.322580 0.858679 0.324880 0.859446 0.329482 0.864047 0.332549 0.867882 0.333316 0.870949 0.335616 0.875550 0.338684 0.878618 0.341752 0.883219 0.350954 0.892422 0.354022 0.896256 0.354789 0.898557 0.356322 0.900091 0.357089 0.906993 0.359390 0.907759 0.371660 0.892422 0.371660 0.890121 0.374727 0.886287 0.375495 0.883986 0.377028 0.882452 0.378562 0.879385 0.379329 0.874784 0.380863 0.873250 0.381629 0.866348 0.384697 0.862514 0.385464 0.859446 0.386998 0.857912 0.386998 0.855612 0.388531 0.852544 0.390832 0.850243 0.391599 0.845642 0.393133 0.844108 0.395433 0.836439 0.395433 0.831838 0.393900 0.830305 0.391599 0.829537 0.373961 0.824936 0.370893 0.821869 0.368593 0.821102 0.365525 0.818034 0.363224 0.818034 0.357089 0.813433 0.341752 0.811132 0.340218 0.808832 0.334850 0.806531 0.314911 0.806531 0.314144 0.808832 0.314144 0.815734
0 0.242188 0.601562 0.285156 0.613281 0.289062 0.613281 0.300781 0.621094 0.304688 0.625000 0.304688 0.636719 0.304688 0.640625 0.289062 0.652344 0.285156 0.656250 0.261719 0.644531 0.257812 0.644531 0.238281 0.628906 0.234375 0.625000 0.234375 0.609375 0.234375 0.605469 0.242188 0.601562
0 0.871094 0.886719 0.875000 0.890625 0.878906 0.894531 0.875000 0.933594 0.875000 0.937500 0.851562 1.000000 0.851562 1.000000 0.730469 1.000000 0.730469 1.000000 0.726562 0.996094 0.726562 0.980469 0.726562 0.976562 0.769531 0.933594 0.773438 0.929688 0.804688 0.921875 0.808594 0.921875 0.871094 0.886719
0 0.734375 0.757812 0.746094 0.777344 0.746094 0.781250 0.738281 0.792969 0.738281 0.796875 0.718750 0.812500 0.714844 0.812500 0.703125 0.800781 0.699219 0.796875 0.699219 0.785156 0.699219 0.781250 0.734375 0.757812
0 0.914062 0.726562 0.968750 0.730469 0.972656 0.730469 0.996094 0.765625 0.996094 0.769531 0.968750 0.789062 0.964844 0.792969 0.886719 0.773438 0.882812 0.773438 0.875000 0.765625 0.871094 0.761719 0.871094 0.750000 0.871094 0.746094 0.914062 0.726562
0 0.988281 0.648438 0.992188 0.648438 0.996094 0.648438 0.996094 0.664062 0.996094 0.667969 0.980469 0.671875 0.976562 0.671875 0.957031 0.691406 0.953125 0.695312 0.949219 0.714844 0.949219 0.718750 0.925781 0.734375 0.921875 0.734375 0.906250 0.753906 0.902344 0.757812 0.886719 0.757812 0.882812 0.757812 0.878906 0.750000 0.878906 0.746094 0.894531 0.742188 0.898438 0.742188 0.906250 0.734375 0.910156 0.730469 0.910156 0.722656 0.910156 0.718750 0.921875 0.703125 0.921875 0.699219 0.957031 0.667969 0.957031 0.664062 0.988281 0.648438
0 0.753906 0.523438 0.777344 0.535156 0.781250 0.539062 0.785156 0.574219 0.781250 0.578125 0.734375 0.578125 0.730469 0.574219 0.726562 0.550781 0.726562 0.546875 0.753906 0.523438
0 0.617188 0.480469 0.632812 0.480469 0.636719 0.480469 0.644531 0.488281 0.648438 0.492188 0.671875 0.500000 0.675781 0.500000 0.699219 0.542969 0.703125 0.546875 0.683594 0.562500 0.679688 0.566406 0.640625 0.570312 0.636719 0.574219 0.617188 0.570312 0.613281 0.570312 0.582031 0.507812 0.582031 0.503906 0.585938 0.496094 0.589844 0.492188 0.617188 0.480469
0 0.125000 0.707031 0.136719 0.718750 0.140625 0.722656 0.167969 0.722656 0.171875 0.722656 0.187500 0.738281 0.191406 0.742188 0.175781 0.750000 0.171875 0.753906 0.132812 0.757812 0.128906 0.757812 0.117188 0.742188 0.113281 0.738281 0.113281 0.718750 0.113281 0.714844 0.125000 0.707031
0 0.608711 0.762453 0.600905 0.757992 0.598674 0.754646 0.595329 0.745724 0.595329 0.735687 0.598674 0.730110 0.600905 0.720073 0.605366 0.716727 0.616518 0.715612 0.628786 0.726764 0.638823 0.742378 0.638823 0.749070 0.633247 0.757992 0.628786 0.761337 0.619864 0.763568
0 0.618749 0.586243 0.623210 0.570629 0.692355 0.568399 0.692355 0.575090 0.690125 0.580666 0.682318 0.592934 0.670050 0.605202 0.661128 0.609663 0.645515 0.609663 0.626555 0.604087 0.614288 0.598511 0.612057 0.592934
0 0.696816 0.589589 0.686779 0.579551 0.680087 0.567284 0.677857 0.556131 0.677857 0.538287 0.685664 0.529365 0.702393 0.527134 0.710200 0.531595 0.726928 0.546094 0.730274 0.550555 0.732504 0.559477 0.732504 0.575090 0.729159 0.580666 0.718006 0.589589 0.706854 0.592934
0 0.654437 0.468026 0.683433 0.469141 0.683433 0.472487 0.689010 0.480294 0.697932 0.481409 0.713545 0.455758 0.713545 0.432338 0.673396 0.426762 0.647745 0.439029
0 0.691240 0.500368 0.704623 0.475833 0.704623 0.463565 0.722467 0.462450 0.725813 0.463565 0.725813 0.465796 0.732504 0.472487 0.734735 0.482524 0.733620 0.507060 0.711315 0.514867 0.696816 0.514867 0.694586 0.509290
0 0.387891 0.585127 0.376739 0.580666 0.376739 0.557246 0.381200 0.551670 0.402390 0.549439 0.411312 0.553900 0.421349 0.563938 0.442539 0.579551 0.447000 0.586243 0.447000 0.594050 0.443654 0.602971 0.436962 0.607432 0.399044 0.610779 0.392352 0.608548 0.390122 0.600741 0.385661 0.595165
0 0.140305 0.630853 0.130268 0.624161 0.123577 0.621931 0.122461 0.608548 0.132499 0.606317 0.150343 0.595165 0.158150 0.586243 0.170417 0.580666 0.172648 0.581782 0.174878 0.594050 0.173763 0.609663 0.161495 0.620816 0.153689 0.633083 0.149227 0.635314
0 0.357780 0.588473 0.346627 0.589589 0.346627 0.586243 0.343281 0.582897 0.342166 0.558361 0.336590 0.551670 0.336590 0.549439 0.331014 0.548324 0.329898 0.546094 0.337705 0.542748 0.362241 0.541633 0.365586 0.546094 0.366702 0.551670 0.366702 0.581782
0 0.886409 0.257243 0.890870 0.246091 0.893101 0.246091 0.894216 0.243860 0.894216 0.234938 0.898677 0.214864 0.908714 0.202596 0.915406 0.198135 0.922097 0.208172 0.926558 0.219325 0.931020 0.232708 0.931020 0.244975 0.934365 0.253898 0.915406 0.260589 0.895331 0.258359
0 0.546875 0.000000 0.546875 0.000000 0.539062 0.015625 0.535156 0.019531 0.476562 0.000000
0 0.117188 0.296875 0.132812 0.296875 0.136719 0.296875 0.132812 0.300781 0.132812 0.304688 0.093750 0.347656 0.089844 0.351562 0.078125 0.351562 0.074219 0.351562 0.074219 0.335938 0.074219 0.332031 0.082031 0.324219 0.082031 0.320312 0.117188 0.296875
0 0.339844 0.023438 0.351562 0.023438 0.355469 0.023438 0.355469 0.039062 0.355469 0.042969 0.347656 0.054688 0.347656 0.058594 0.324219 0.062500 0.320312 0.062500 0.308594 0.042969 0.308594 0.039062 0.339844 0.023438
0 0.925781 0.039062 0.976562 0.042969 0.980469 0.046875 0.984375 0.074219 0.988281 0.078125 0.984375 0.089844 0.984375 0.093750 0.957031 0.113281 0.953125 0.117188 0.941406 0.117188 0.937500 0.117188 0.925781 0.101562 0.921875 0.097656 0.925781 0.039062
0 0.882812 0.000000 0.886719 0.000000 0.890625 0.000000 0.898438 0.019531 0.894531 0.023438 0.878906 0.031250 0.875000 0.035156 0.851562 0.027344 0.847656 0.023438 0.851562 0.007812 0.855469 0.003906 0.882812 0.000000
0 0.023438 0.011719 0.042969 0.015625 0.046875 0.015625 0.066406 0.082031 0.070312 0.085938 0.066406 0.097656 0.062500 0.101562 0.042969 0.097656 0.039062 0.097656 0.027344 0.082031 0.023438 0.078125 0.019531 0.039062 0.015625 0.035156 0.015625 0.023438 0.015625 0.019531 0.023438 0.011719
0 0.929688 0.867188 0.949219 0.875000 0.953125 0.878906 0.957031 0.894531 0.957031 0.898438 0.949219 0.910156 0.949219 0.914062 0.937500 0.921875 0.933594 0.925781 0.894531 0.921875 0.890625 0.921875 0.886719 0.917969 0.882812 0.914062 0.886719 0.886719 0.886719 0.882812 0.917969 0.875000 0.921875 0.875000 0.929688 0.867188
0 0.175781 0.171875 0.187500 0.171875 0.191406 0.171875 0.199219 0.187500 0.203125 0.191406 0.199219 0.199219 0.199219 0.203125 0.187500 0.210938 0.183594 0.214844 0.172570 0.217839 0.160995 0.215539 0.160156 0.183594 0.164062 0.183594 0.175781 0.171875
0 0.000000 0.886719 0.000000 0.886719 0.015625 0.898438 0.019531 0.902344 0.026957 0.932743 0.015625 0.929688 0.003906 0.929688 0.000000 0.929688 0.000000 0.929688
0 0.000000 0.713651 0.001470 0.713373 0.007697 0.785507 0.004912 0.830328 0.000735 0.875078 0.000000 0.875681
0 0.899614 0.329244 0.907762 0.330262 0.909800 0.332299 0.922022 0.332299 0.930171 0.319058 0.932208 0.308872 0.935264 0.305816 0.935264 0.301742 0.931189 0.298686 0.931189 0.296649 0.922022 0.289519 0.915911 0.287482 0.913874 0.283408 0.907762 0.284426 0.906744 0.292575 0.886372 0.296649 0.886372 0.321095 0.890446 0.321095 0.892484 0.324151
0 0.965821 0.296649 0.973970 0.288501 0.976007 0.288501 0.976007 0.285445 0.982118 0.276278 0.994341 0.272204 0.996379 0.272204 0.996379 0.296649 0.990267 0.300723 0.984155 0.301742 0.979063 0.306835 0.979063 0.308872 0.967858 0.319058 0.959710 0.319058 0.953598 0.312946 0.951561 0.312946 0.953598 0.296649 0.955636 0.292575 0.971932 0.290538
0 0.223280 0.531940 0.209020 0.545181 0.202909 0.542126 0.195779 0.524810 0.190686 0.523791 0.210039 0.523791 0.210039 0.519717 0.212076 0.519717 0.212076 0.505457 0.218187 0.504438 0.228373 0.499346 0.232448 0.502401 0.238559 0.503420 0.239578 0.510550 0.242633 0.514624 0.242633 0.531940 0.232448 0.532959
0 0.316755 0.285300 0.310613 0.283764 0.308310 0.283764 0.306007 0.282229 0.304471 0.279926 0.302168 0.278391 0.299098 0.274552 0.296795 0.269946 0.293724 0.267643 0.292188 0.265339 0.286814 0.262269 0.281440 0.256895 0.273763 0.252289 0.269925 0.247682 0.267621 0.246914 0.267621 0.244611 0.265318 0.243076 0.261480 0.239238 0.256873 0.233096 0.253803 0.231560 0.250732 0.227722 0.249196 0.222348 0.249196 0.217741 0.246893 0.216974 0.246893 0.212368 0.248429 0.210832 0.250732 0.210832 0.255338 0.215438 0.258409 0.216974 0.264551 0.217741 0.278370 0.217741 0.280673 0.216974 0.282208 0.215438 0.288350 0.213903 0.292188 0.213903 0.295259 0.214671 0.299098 0.217741 0.301401 0.218509 0.306007 0.223883 0.308310 0.224651 0.312149 0.227722 0.319826 0.230025 0.322896 0.230025 0.324432 0.231560 0.329038 0.232328 0.329806 0.234631 0.332109 0.235399 0.335948 0.241541 0.339786 0.246147 0.340554 0.248450 0.342857 0.250753 0.350534 0.256127 0.356676 0.259198 0.356676 0.269178 0.353605 0.277623 0.353605 0.279926 0.352070 0.282997 0.352070 0.287603 0.322896 0.287603
0 0.548955 0.223697 0.548955 0.187466 0.542246 0.186124 0.531511 0.194175 0.526143 0.195518 0.496622 0.192834 0.495280 0.190150 0.489913 0.188808 0.489913 0.194175 0.492596 0.195518 0.496622 0.202227 0.506015 0.206252 0.508699 0.210278 0.516750 0.212962 0.519434 0.215646 0.522118 0.225039 0.527485 0.227722 0.527485 0.230406 0.535537 0.234432 0.546271 0.234432
0 0.066315 0.224706 0.061691 0.222394 0.059379 0.222394 0.057645 0.220082 0.057645 0.217769 0.056488 0.216035 0.052442 0.214301 0.047818 0.214301 0.045505 0.213145 0.043193 0.213145 0.041459 0.208521 0.041459 0.201584 0.043771 0.200428 0.049552 0.199272 0.057066 0.198694 0.058800 0.196960 0.059957 0.194648 0.066893 0.188867 0.069784 0.188867 0.076720 0.192335 0.081922 0.196960 0.084235 0.197538 0.085969 0.199272 0.086547 0.201584 0.085969 0.206209 0.084235 0.210833 0.080188 0.216035 0.072096 0.222972 0.068627 0.231064
0 0.315463 0.193259 0.308227 0.187057 0.290654 0.187057 0.290654 0.174653 0.292721 0.170518 0.299957 0.164316 0.304092 0.163282 0.294789 0.158114 0.323732 0.158114 0.332002 0.163282 0.332002 0.167417 0.340271 0.178787 0.340271 0.187057 0.336137 0.190158 0.323732 0.190158
