0 0.945312 0.621094 1.000000 0.621094 1.000000 0.900391 0.988281 0.917969 0.984375 0.921875 0.964844 0.933594 0.960938 0.937500 0.910156 0.953125 0.906250 0.957031 0.875000 0.957031 0.871094 0.960938 0.726562 0.953125 0.722656 0.953125 0.710938 0.941406 0.707031 0.937500 0.593750 0.882812 0.589844 0.882812 0.578125 0.871094 0.574219 0.867188 0.531250 0.843750 0.527344 0.839844 0.523438 0.828125 0.523438 0.824219 0.542969 0.804688 0.542969 0.800781 0.605469 0.750000 0.609375 0.746094 0.765625 0.691406 0.769531 0.691406 0.839844 0.656250 0.843750 0.652344 0.878906 0.640625 0.882812 0.636719 0.898438 0.636719 0.902344 0.636719 0.945312 0.621094
0 0.703125 0.953125 0.773438 0.960938 0.777344 0.960938 0.789062 0.968750 0.792969 0.972656 0.804688 0.992188 0.808594 0.996094 0.814779 1.000000 0.705193 1.000000 0.703125 0.964844 0.699219 0.960938 0.703125 0.953125
0 0.000000 0.000000 0.102083 0.000000 0.105469 0.050781 0.105469 0.054688 0.085938 0.109375 0.085938 0.113281 0.074219 0.125000 0.070312 0.128906 0.042969 0.140625 0.039062 0.144531 0.007812 0.144531 0.003906 0.144531 0.000000 0.140067
0 0.726562 0.054688 0.785156 0.062500 0.789062 0.062500 0.800781 0.078125 0.804688 0.082031 0.792969 0.144531 0.789062 0.148438 0.792969 0.218750 0.792969 0.222656 0.785156 0.234375 0.781250 0.238281 0.753906 0.234375 0.750000 0.230469 0.718750 0.164062 0.714844 0.160156 0.710938 0.140625 0.707031 0.136719 0.707031 0.074219 0.707031 0.070312 0.710938 0.062500 0.714844 0.058594 0.726562 0.054688
0 0.281250 0.187500 0.332031 0.191406 0.335938 0.191406 0.343750 0.195312 0.347656 0.195312 0.355469 0.210938 0.359375 0.214844 0.335938 0.250000 0.332031 0.253906 0.308594 0.328125 0.304688 0.332031 0.292969 0.332031 0.289062 0.332031 0.277344 0.312500 0.273438 0.308594 0.226562 0.292969 0.222656 0.292969 0.207031 0.253906 0.207031 0.250000 0.187500 0.238281 0.183594 0.238281 0.183594 0.234375 0.183594 0.230469 0.203125 0.210938 0.207031 0.207031 0.281250 0.187500
0 0.394531 0.410156 0.425781 0.414062 0.429688 0.417969 0.476562 0.410156 0.480469 0.410156 0.496094 0.421875 0.500000 0.421875 0.523438 0.484375 0.527344 0.488281 0.523438 0.507812 0.523438 0.511719 0.511719 0.523438 0.507812 0.527344 0.488281 0.535156 0.484375 0.539062 0.460938 0.539062 0.457031 0.539062 0.414062 0.511719 0.410156 0.511719 0.382812 0.488281 0.378906 0.484375 0.378906 0.468750 0.378906 0.464844 0.394531 0.410156
0 0.000000 0.304688 0.023438 0.304688 0.027344 0.304688 0.070312 0.320312 0.074219 0.324219 0.101562 0.375000 0.105469 0.378906 0.113281 0.406250 0.117188 0.410156 0.113281 0.437500 0.109375 0.441406 0.070312 0.441406 0.066406 0.441406 0.000000 0.403460
0 0.277344 0.480469 0.292969 0.484375 0.296875 0.484375 0.308594 0.496094 0.312500 0.500000 0.332031 0.507812 0.335938 0.507812 0.371094 0.542969 0.375000 0.546875 0.378906 0.562500 0.378906 0.566406 0.371094 0.585938 0.367188 0.589844 0.343750 0.597656 0.339844 0.601562 0.308594 0.601562 0.304688 0.601562 0.250000 0.578125 0.246094 0.574219 0.246094 0.546875 0.246094 0.542969 0.261719 0.519531 0.265625 0.515625 0.261719 0.496094 0.261719 0.492188 0.277344 0.480469
0 0.230469 0.593750 0.238281 0.593750 0.242188 0.597656 0.253906 0.632812 0.253906 0.636719 0.226562 0.660156 0.222656 0.664062 0.199219 0.667969 0.195312 0.667969 0.175781 0.648438 0.175781 0.644531 0.214844 0.601562 0.218750 0.597656 0.230469 0.593750
0 0.371094 0.750000 0.390625 0.750000 0.394531 0.750000 0.417969 0.765625 0.421875 0.769531 0.437500 0.820312 0.441406 0.824219 0.433594 0.847656 0.433594 0.851562 0.406250 0.871094 0.402344 0.875000 0.394531 0.894531 0.394531 0.898438 0.386719 0.902344 0.382812 0.906250 0.367188 0.902344 0.363281 0.898438 0.355469 0.867188 0.355469 0.863281 0.339844 0.847656 0.335938 0.843750 0.335938 0.832031 0.332031 0.828125 0.347656 0.800781 0.351562 0.796875 0.355469 0.769531 0.355469 0.765625 0.371094 0.750000
0 0.226562 0.828125 0.253906 0.828125 0.257812 0.828125 0.265625 0.835938 0.269531 0.839844 0.273438 0.882812 0.273438 0.886719 0.234375 0.898438 0.230469 0.902344 0.195312 0.894531 0.191406 0.894531 0.187500 0.878906 0.187500 0.875000 0.199219 0.851562 0.199219 0.847656 0.226562 0.828125
0 0.199219 0.781250 0.238069 0.783193 0.277344 0.785156 0.277344 0.789062 0.269531 0.804688 0.269531 0.808594 0.253906 0.820312 0.250000 0.824219 0.222656 0.832031 0.218750 0.835938 0.179688 0.835938 0.175781 0.835938 0.171875 0.820312 0.171875 0.816406 0.199219 0.781250
0 0.000000 1.000000 0.000000 0.950781 0.007812 0.957031 0.011719 0.960938 0.011719 1.000000 0.011719 1.000000
0 0.000000 1.000000 0.000000 0.950195 0.003906 0.953125 0.007812 0.957031 0.011719 1.000000 0.011719 1.000000
0 0.980469 0.976562 0.992188 0.980469 0.996094 0.980469 1.000000 0.985491 1.000000 1.000000 0.954687 1.000000 0.980469 0.976562
0 0.671875 0.378906 0.699219 0.382812 0.703125 0.382812 0.722656 0.398438 0.726562 0.398438 0.730469 0.425781 0.730469 0.429688 0.714844 0.445312 0.710938 0.449219 0.621094 0.449219 0.617188 0.449219 0.582031 0.410156 0.578125 0.406250 0.578125 0.394531 0.578125 0.390625 0.585938 0.386719 0.589844 0.382812 0.671875 0.378906
0 0.613281 0.460938 0.628906 0.464844 0.632812 0.468750 0.636719 0.480469 0.640625 0.484375 0.640625 0.503906 0.640625 0.507812 0.613281 0.535156 0.609375 0.539062 0.593750 0.539062 0.589844 0.539062 0.585938 0.535156 0.582031 0.531250 0.582031 0.511719 0.582031 0.507812 0.593750 0.484375 0.593750 0.480469 0.613281 0.460938
0 0.664062 0.453125 0.691406 0.453125 0.695312 0.453125 0.753906 0.480469 0.757812 0.480469 0.761719 0.488281 0.765625 0.492188 0.761719 0.507812 0.761719 0.511719 0.750000 0.519531 0.746094 0.523438 0.718750 0.523438 0.714844 0.523438 0.695312 0.511719 0.691406 0.507812 0.656250 0.503906 0.652344 0.503906 0.648438 0.500000 0.644531 0.496094 0.644531 0.480469 0.644531 0.476562 0.652344 0.464844 0.652344 0.460938 0.664062 0.453125
0 0.746094 0.417969 0.789062 0.417969 0.792969 0.417969 0.804688 0.425781 0.808594 0.429688 0.824219 0.468750 0.828125 0.472656 0.828125 0.492188 0.828125 0.496094 0.816406 0.519531 0.812500 0.523438 0.808594 0.523438 0.804688 0.523438 0.773438 0.500000 0.769531 0.500000 0.738281 0.468750 0.734375 0.464844 0.730469 0.453125 0.730469 0.449219 0.746094 0.417969
0 0.894531 0.378906 0.906250 0.382812 0.910156 0.382812 0.914062 0.394531 0.917969 0.398438 0.906250 0.445312 0.902344 0.449219 0.910156 0.468750 0.914062 0.472656 0.914062 0.492188 0.914062 0.496094 0.902344 0.531250 0.902344 0.535156 0.871094 0.558594 0.867188 0.562500 0.851562 0.562500 0.847656 0.562500 0.824219 0.535156 0.820312 0.531250 0.828125 0.492188 0.828125 0.488281 0.855469 0.414062 0.855469 0.410156 0.863281 0.402344 0.863281 0.398438 0.894531 0.378906
0 0.652344 0.308594 0.667969 0.308594 0.671875 0.308594 0.683594 0.316406 0.687500 0.320312 0.675781 0.359375 0.671875 0.363281 0.660156 0.363281 0.656250 0.363281 0.644531 0.355469 0.640625 0.351562 0.644531 0.324219 0.644531 0.320312 0.652344 0.308594
0 0.906250 0.074219 0.929688 0.078125 0.933594 0.082031 0.937500 0.121094 0.937500 0.125000 0.925781 0.128906 0.921875 0.132812 0.910156 0.132812 0.906250 0.132812 0.890625 0.121094 0.886719 0.117188 0.890625 0.089844 0.890625 0.085938 0.906250 0.074219
0 1.000000 0.382812 1.000000 0.382812 0.992188 0.371094 0.988281 0.367188 0.988281 0.343750 0.984375 0.339844 0.988281 0.332031 0.988281 0.328125 1.000000 0.320312
0 0.222656 0.988281 0.234375 0.992188 0.238281 0.992188 0.242969 1.000000 0.212891 1.000000 0.222656 0.988281
0 0.238281 0.910156 0.292969 0.937500 0.296875 0.941406 0.300781 0.953125 0.300781 0.957031 0.292969 0.968750 0.289062 0.972656 0.281250 0.976562 0.277344 0.976562 0.246094 0.957031 0.242188 0.953125 0.238281 0.929688 0.234375 0.925781 0.238281 0.910156
0 0.191406 0.917969 0.207031 0.917969 0.210938 0.921875 0.195312 0.949219 0.191406 0.953125 0.148438 0.953125 0.144531 0.949219 0.148438 0.933594 0.152344 0.929688 0.175781 0.925781 0.179688 0.925781 0.191406 0.917969
0 0.289062 0.000000 0.273438 0.023438 0.269531 0.027344 0.230469 0.031250 0.226562 0.031250 0.214844 0.027344 0.210938 0.027344 0.179688 0.000000 0.179688 0.000000
0 0.414062 0.105469 0.425781 0.113281 0.429688 0.117188 0.437500 0.148438 0.441406 0.152344 0.437500 0.222656 0.433594 0.226562 0.390625 0.214844 0.386719 0.214844 0.375000 0.191406 0.375000 0.187500 0.367188 0.183594 0.363281 0.179688 0.328125 0.179688 0.324219 0.179688 0.324219 0.156250 0.324219 0.152344 0.332031 0.144531 0.335938 0.140625 0.363281 0.128906 0.367188 0.125000 0.390625 0.121094 0.394531 0.121094 0.414062 0.105469
0 0.308594 0.089844 0.332031 0.097656 0.335938 0.097656 0.339844 0.109375 0.339844 0.113281 0.328125 0.148438 0.324219 0.152344 0.324219 0.171875 0.324219 0.175781 0.320312 0.179688 0.316406 0.183594 0.296875 0.187500 0.292969 0.187500 0.281250 0.183594 0.277344 0.183594 0.277344 0.148438 0.277344 0.144531 0.308594 0.089844
0 0.144531 0.953125 0.167969 0.960938 0.171875 0.960938 0.175130 1.000000 0.148438 1.000000 0.148438 1.000000 0.144531 0.996094 0.140625 0.976562 0.136719 0.972656 0.136719 0.960938 0.136719 0.957031 0.144531 0.953125
0 0.390625 0.242188 0.398438 0.242188 0.402344 0.242188 0.449219 0.292969 0.453125 0.296875 0.468750 0.296875 0.472656 0.296875 0.484375 0.316406 0.484375 0.320312 0.476562 0.328125 0.472656 0.332031 0.441406 0.335938 0.437500 0.335938 0.386719 0.308594 0.382812 0.308594 0.378906 0.292969 0.378906 0.289062 0.390625 0.242188
0 0.102992 0.072175 0.109166 0.075261 0.121512 0.078348 0.123570 0.079891 0.124599 0.081949 0.127171 0.082978 0.131287 0.081435 0.132830 0.079891 0.132830 0.041822 0.130772 0.037192 0.128714 0.035134 0.128714 0.032562 0.124084 0.027932 0.119454 0.027932 0.115853 0.028446 0.109680 0.033077 0.108137 0.035134 0.107622 0.037707 0.105564 0.039764 0.104536 0.042337 0.104536 0.044395 0.102992 0.046967 0.102992 0.051082 0.101449 0.054169 0.100420 0.059828 0.100420 0.067030
0 0.136946 0.176093 0.128200 0.176093 0.122541 0.170948 0.120483 0.164261 0.120483 0.156030 0.122027 0.153972 0.128200 0.149856 0.132830 0.147798 0.134888 0.147798 0.136946 0.146255 0.141061 0.144712 0.143119 0.144197 0.149807 0.144197 0.152379 0.145226 0.154437 0.145226 0.164211 0.153972 0.165240 0.158087 0.165240 0.168891 0.164211 0.171977 0.161639 0.175579 0.159067 0.176607 0.141576 0.177636
0 0.459504 0.072689 0.455389 0.064972 0.450759 0.060343 0.447157 0.058285 0.440470 0.056227 0.438412 0.054684 0.428123 0.054684 0.419377 0.050568 0.417834 0.049025 0.414233 0.040279 0.414747 0.038221 0.416291 0.036163 0.439441 0.035134 0.443042 0.032562 0.455903 0.014042 0.457961 0.013013 0.464649 0.013528 0.467735 0.015071 0.469793 0.015071 0.479568 0.021245 0.486770 0.024331 0.488313 0.025874 0.488313 0.032562 0.483683 0.034105 0.481111 0.036163 0.471851 0.039764 0.474423 0.040793 0.483169 0.041308 0.488313 0.042851 0.495516 0.046452 0.497573 0.046452 0.500660 0.045423 0.504775 0.039764 0.508377 0.037707 0.518151 0.034105 0.525354 0.033591 0.525354 0.036678 0.522781 0.039764 0.521238 0.042851 0.517122 0.047481 0.517122 0.051597 0.520723 0.057256 0.522781 0.058285 0.527411 0.062914 0.532556 0.066001 0.532041 0.068573 0.528440 0.072689 0.524325 0.076290 0.518151 0.078863 0.514036 0.081435 0.507348 0.084007 0.500660 0.084007 0.492943 0.086065 0.476481 0.086065 0.473394 0.085550 0.470307 0.081949
0 0.702040 0.381345 0.702040 0.368638 0.704581 0.363555 0.714746 0.359743 0.718559 0.359108 0.724912 0.355931 0.726183 0.352120 0.728089 0.351484 0.733171 0.351484 0.735077 0.352120 0.736983 0.354025 0.739525 0.358473 0.741430 0.359743 0.747149 0.367367 0.752867 0.376897 0.758585 0.384521 0.762396 0.388333 0.763667 0.390239 0.763667 0.394052 0.755408 0.401675 0.750961 0.404217 0.749690 0.406123 0.747784 0.407393 0.738889 0.407393 0.733807 0.406123 0.722371 0.397228 0.710299 0.394052 0.706487 0.390875 0.702040 0.389604 0.700134 0.387063
0 0.836095 0.351484 0.826565 0.343225 0.822754 0.336871 0.820212 0.327341 0.817671 0.325435 0.817036 0.322894 0.813859 0.317176 0.813859 0.308917 0.818306 0.302563 0.823389 0.296845 0.827201 0.294304 0.832919 0.292398 0.834825 0.290492 0.836731 0.289857 0.839272 0.290492 0.841178 0.291762 0.846261 0.299387 0.848167 0.300657 0.852614 0.306375 0.853249 0.308281 0.853249 0.322894 0.852614 0.326071 0.850073 0.334330 0.846896 0.340048 0.843720 0.355931 0.842449 0.357838 0.839907 0.357838
0 0.542407 0.702417 0.535653 0.695663 0.519894 0.687784 0.515391 0.683281 0.508637 0.669772 0.509762 0.659641 0.518768 0.647259 0.519894 0.641630 0.533402 0.640505 0.541282 0.660767 0.555916 0.683281 0.560418 0.706920 0.550287 0.706920
0 0.830583 0.645007 0.815949 0.649510 0.803567 0.649510 0.794561 0.647259 0.790059 0.642756 0.787807 0.642756 0.787807 0.628122 0.791184 0.622494 0.804693 0.619116 0.811446 0.612362 0.826080 0.611237 0.830583 0.608986 0.891370 0.608986 0.892496 0.626996 0.884616 0.637127 0.883491 0.641630 0.872234 0.646133 0.840714 0.646133
0 0.109766 0.542812 0.117287 0.540077 0.145320 0.540077 0.161729 0.536658 0.174036 0.535974 0.178822 0.534607 0.187711 0.533923 0.191813 0.532556 0.202069 0.531188 0.204120 0.529821 0.206171 0.529821 0.208222 0.527770 0.213008 0.519565 0.215743 0.516146 0.218478 0.507942 0.218478 0.484011 0.216427 0.479909 0.214376 0.477858 0.204804 0.473755 0.202069 0.471704 0.198650 0.470337 0.187027 0.460764 0.182241 0.459397 0.180189 0.458030 0.171985 0.455295 0.161045 0.455295 0.154208 0.457346 0.150105 0.460081 0.138482 0.475807 0.133696 0.481276 0.124807 0.489481 0.120705 0.494951 0.116603 0.497686 0.114552 0.498370 0.105663 0.507258 0.103612 0.508625 0.099510 0.513411 0.097459 0.516830 0.094724 0.519565 0.088570 0.530505 0.087203 0.538026 0.104980 0.538026
0 0.133696 0.569477 0.134380 0.557170 0.137798 0.551700 0.142584 0.548965 0.154891 0.544179 0.158310 0.542128 0.160361 0.542128 0.165147 0.540761 0.169250 0.538709 0.173352 0.535291 0.175404 0.535291 0.177455 0.533923 0.179506 0.533923 0.182241 0.532556 0.184292 0.532556 0.188394 0.531188 0.195231 0.531188 0.198650 0.535291 0.200701 0.540761 0.200701 0.544863 0.202069 0.550333 0.202069 0.552384 0.200701 0.556486 0.199334 0.558537 0.196599 0.560589 0.190445 0.564007 0.187027 0.568793 0.183608 0.579733 0.180189 0.583835 0.176087 0.584519 0.173352 0.586570 0.164464 0.586570 0.159678 0.585203 0.157627 0.583835 0.150789 0.583152 0.148738 0.581784 0.140533 0.581100 0.136431 0.579049 0.135064 0.576998
0 0.309927 0.775316 0.309927 0.755936 0.314772 0.717176 0.348687 0.678416 0.358377 0.679385 0.375819 0.691013 0.403920 0.722990 0.408765 0.736556 0.408765 0.750122 0.410703 0.751091 0.409734 0.765626 0.404889 0.770471 0.400044 0.770471 0.391323 0.774347 0.373881 0.778223 0.317679 0.778223
0 0.168453 0.877061 0.145197 0.877061 0.137445 0.878999 0.129693 0.884813 0.123879 0.884813 0.111282 0.874154 0.112251 0.864464 0.117096 0.860588 0.126786 0.858650 0.133569 0.853805 0.142290 0.850898 0.154887 0.842177 0.166515 0.824735 0.173298 0.827642 0.178143 0.841208 0.177174 0.874154
0 0.228531 0.771440 0.229500 0.759812 0.236283 0.748184 0.244035 0.743339 0.251787 0.743339 0.257601 0.748184 0.268260 0.749153 0.274074 0.752060 0.281826 0.768533 0.282795 0.784037 0.280857 0.786944 0.267291 0.791789 0.258570 0.791789 0.244035 0.786944 0.226593 0.785006 0.222717 0.783068 0.223686 0.778223
0 0.552777 1.000000 0.564905 0.984406 0.573080 0.977400 0.576583 0.977400 0.578919 0.975064 0.585925 0.976232 0.596435 0.994916 0.600390 1.000000
0 0.496620 1.000000 0.496007 0.991413 0.505349 0.972729 0.517027 0.962218 0.531040 0.952876 0.535711 0.952876 0.540382 0.957547 0.552060 0.978567 0.555563 0.997252 0.553502 1.000000
