0 0.800781 0.050781 0.812500 0.050781 0.816406 0.050781 0.816406 0.062500 0.816406 0.066406 0.812500 0.070312 0.808594 0.070312 0.804688 0.074219 0.796875 0.074219 0.792969 0.074219 0.777344 0.089844 0.777344 0.093750 0.773438 0.097656 0.769531 0.097656 0.761719 0.105469 0.757812 0.105469 0.757812 0.101562 0.757812 0.097656 0.761719 0.097656 0.765625 0.093750 0.765625 0.089844 0.765625 0.085938 0.777344 0.074219 0.781250 0.070312 0.781250 0.066406 0.781250 0.062500 0.785156 0.058594 0.785156 0.054688 0.792969 0.054688 0.796875 0.054688 0.800781 0.050781
0 0.234375 0.148438 0.242188 0.148438 0.246094 0.148438 0.250000 0.152344 0.253906 0.156250 0.253906 0.160156 0.253906 0.164062 0.250000 0.167969 0.246094 0.167969 0.242188 0.167969 0.242188 0.164062 0.242188 0.160156 0.238281 0.156250 0.238281 0.152344 0.234375 0.148438
0 0.917969 0.339844 0.921875 0.339844 0.925781 0.339844 0.929688 0.343750 0.929688 0.347656 0.921875 0.355469 0.917969 0.359375 0.914062 0.359375 0.910156 0.359375 0.910156 0.355469 0.910156 0.351562 0.914062 0.351562 0.917969 0.347656 0.917969 0.339844
0 0.144531 0.496094 0.140625 0.492188 0.085938 0.492188 0.082031 0.488281 0.078125 0.492188 0.074219 0.492188 0.062500 0.503906 0.058594 0.503906 0.054688 0.507812 0.054688 0.511719 0.046875 0.519531 0.046875 0.523438 0.042969 0.527344 0.039062 0.527344 0.039062 0.531250 0.031250 0.539062 0.031250 0.546875 0.023438 0.554688 0.023438 0.562500 0.050781 0.562500 0.054688 0.566406 0.054688 0.585938 0.050781 0.589844 0.046875 0.589844 0.046875 0.593750 0.042969 0.597656 0.046875 0.601562 0.046875 0.605469 0.053568 0.606331 0.065670 0.606331 0.071064 0.605882 0.071064 0.604983 0.072188 0.604758 0.072188 0.601836 0.073311 0.601387 0.078705 0.601162 0.080504 0.600488 0.080953 0.598690 0.082077 0.597341 0.084998 0.595993 0.084998 0.595094 0.085898 0.595094 0.085898 0.594195 0.087246 0.594195 0.087471 0.593071 0.088819 0.593071 0.088819 0.591947 0.089943 0.591947 0.089943 0.591048 0.091067 0.591048 0.091067 0.589924 0.092191 0.589924 0.092191 0.589025 0.094213 0.588576 0.094438 0.585249 0.109375 0.570312 0.109375 0.566406 0.117188 0.558594 0.117188 0.554688 0.128906 0.542969 0.128906 0.535156 0.132812 0.531250 0.132812 0.527344 0.136719 0.523438 0.136719 0.511719 0.140625 0.507812 0.140625 0.500000
0 0.796875 0.664062 0.800781 0.664062 0.804688 0.664062 0.804688 0.667969 0.808594 0.671875 0.808594 0.675781 0.804688 0.679688 0.796875 0.679688 0.792969 0.675781 0.792969 0.671875 0.792969 0.667969 0.796875 0.664062
0 0.789062 0.695312 0.792969 0.695312 0.796875 0.695312 0.800781 0.699219 0.804688 0.699219 0.804688 0.703125 0.804688 0.707031 0.800781 0.710938 0.796875 0.710938 0.792969 0.707031 0.789062 0.703125 0.789062 0.695312
0 0.574219 0.730469 0.578125 0.730469 0.582031 0.730469 0.582031 0.734375 0.585938 0.738281 0.585938 0.742188 0.582031 0.746094 0.578125 0.750000 0.574219 0.746094 0.574219 0.730469
0 0.683594 0.761719 0.695312 0.761719 0.699219 0.761719 0.699219 0.781250 0.695312 0.785156 0.691406 0.785156 0.687500 0.785156 0.683594 0.781250 0.679688 0.781250 0.679688 0.769531 0.679688 0.765625 0.683594 0.761719
0 1.000000 0.796875 0.976562 0.796875 0.972656 0.796875 0.964844 0.804688 0.960938 0.808594 0.960938 0.792969 0.964844 0.789062 0.980469 0.789062 0.984375 0.789062 0.988281 0.785156 1.000000 0.785156
0 0.109375 0.812500 0.113281 0.812500 0.117188 0.812500 0.117188 0.832031 0.117188 0.835938 0.113281 0.839844 0.109375 0.839844 0.105469 0.839844 0.101562 0.835938 0.101562 0.828125 0.101562 0.824219 0.105469 0.824219 0.109375 0.820312 0.109375 0.812500
0 0.359375 0.828125 0.371094 0.828125 0.375000 0.832031 0.367188 0.839844 0.363281 0.843750 0.359375 0.839844 0.359375 0.828125
0 0.410156 0.843750 0.414062 0.847656 0.410156 0.851562 0.410156 0.855469 0.406250 0.859375 0.402344 0.859375 0.398438 0.859375 0.398438 0.855469 0.398438 0.851562 0.402344 0.847656 0.406250 0.847656 0.410156 0.843750
0 0.632812 0.878906 0.636719 0.882812 0.636719 0.894531 0.640625 0.898438 0.636719 0.898438 0.632812 0.902344 0.628906 0.902344 0.625000 0.902344 0.621094 0.906250 0.617188 0.910156 0.613281 0.910156 0.609375 0.906250 0.601562 0.906250 0.597656 0.906250 0.597656 0.902344 0.593750 0.898438 0.597656 0.898438 0.601562 0.894531 0.605469 0.894531 0.609375 0.890625 0.609375 0.886719 0.613281 0.882812 0.625000 0.882812 0.628906 0.882812 0.632812 0.878906
0 0.992188 0.960938 1.000000 0.960938 1.000000 0.972656 1.000000 0.972656 0.996094 0.972656 0.992188 0.972656 0.992188 0.960938
