0 0.615756 0.232415 0.622637 0.233738 0.628392 0.237853 0.635874 0.244906 0.646809 0.253723 0.657168 0.266066 0.662348 0.270474 0.668104 0.273413 0.677312 0.267535 0.681341 0.258425 0.684794 0.253135 0.690396 0.248615 0.701836 0.249279 0.706088 0.258425 0.711321 0.263371 0.711380 0.270378 0.705982 0.279244 0.699182 0.282817 0.690549 0.288989 0.678034 0.296155 0.670405 0.296042 0.651413 0.297806 0.637025 0.302214 0.626882 0.306717 0.615792 0.309393 0.593313 0.310277 0.574195 0.309682 0.570264 0.308092 0.566811 0.310149 0.559280 0.311451 0.552142 0.308750 0.542062 0.303684 0.539761 0.297806 0.540336 0.286638 0.543214 0.273119 0.552998 0.256074 0.561055 0.245788 0.584652 0.221983 0.595447 0.222018
0 0.671997 0.509551 0.690733 0.509184 0.704472 0.513592 0.719116 0.515838 0.728204 0.520939 0.742567 0.522776 0.749268 0.520211 0.774266 0.515411 0.796351 0.514670 0.804141 0.515817 0.814521 0.520386 0.822689 0.531534 0.817508 0.559145 0.818998 0.570303 0.816380 0.587500 0.811926 0.600269 0.797773 0.614587 0.783160 0.613146 0.773168 0.608004 0.762885 0.605019 0.756931 0.600656 0.751310 0.589268 0.764425 0.574574 0.763800 0.570900 0.753520 0.578548 0.746314 0.579350 0.727579 0.563920 0.723832 0.552165 0.713840 0.554736 0.710717 0.560247 0.700100 0.560982 0.686361 0.557308 0.679813 0.553327 0.650139 0.540409 0.637025 0.529756 0.635028 0.523513 0.641396 0.508405 0.647518 0.504405 0.654626 0.504772
0 0.455313 0.533768 0.463481 0.544883 0.465005 0.552282 0.459957 0.558763 0.448557 0.560381 0.433594 0.559586 0.426588 0.561699 0.408795 0.562653 0.405869 0.576305 0.393111 0.578541 0.402344 0.589121 0.398542 0.598589 0.391919 0.601787 0.374645 0.601024 0.373224 0.614249 0.375355 0.620420 0.395952 0.642903 0.386719 0.655687 0.368253 0.655246 0.362401 0.651101 0.338423 0.643343 0.319957 0.654364 0.312855 0.655687 0.294389 0.653482 0.291548 0.648193 0.293679 0.639817 0.285866 0.633645 0.264560 0.630559 0.257961 0.627738 0.254616 0.615130 0.256747 0.605873 0.262429 0.597938 0.274503 0.589562 0.305335 0.579283 0.361151 0.544597 0.374645 0.538426 0.395241 0.532695 0.434733 0.526573
0 0.954370 0.705528 0.974069 0.708127 0.990191 0.709456 0.997401 0.712899 1.000000 0.714906 1.000000 0.763928 0.989188 0.770413 0.983834 0.775086 0.991415 0.784548 0.997898 0.797933 0.998225 0.802055 0.996012 0.813836 0.984660 0.834144 0.975043 0.842593 0.967599 0.845330 0.943520 0.846859 0.935624 0.844682 0.916006 0.841546 0.899223 0.840876 0.883254 0.842068 0.877244 0.841243 0.876968 0.834019 0.873501 0.818877 0.869027 0.803446 0.873144 0.788911 0.885397 0.768775 0.891286 0.754592 0.892793 0.738771 0.895805 0.731326 0.905344 0.722950 0.920907 0.721089 0.928438 0.719228 0.930447 0.715505 0.930949 0.708060 0.941763 0.704703
0 0.537625 0.796543 0.527820 0.802503 0.515881 0.814770 0.519017 0.817961 0.543795 0.821206 0.560100 0.822193 0.604025 0.821754 0.629492 0.827499 0.654377 0.835527 0.658002 0.840204 0.654732 0.849640 0.638960 0.860220 0.640168 0.868844 0.645002 0.876515 0.635046 0.884544 0.615832 0.888957 0.602066 0.898702 0.580287 0.905374 0.562424 0.912437 0.555139 0.912898 0.542090 0.908998 0.518464 0.897807 0.514302 0.892706 0.534042 0.887111 0.530983 0.883160 0.512632 0.877948 0.494739 0.870871 0.481816 0.867940 0.472294 0.870149 0.458783 0.856466 0.459689 0.844466 0.457627 0.835532 0.463406 0.823199 0.478804 0.812203 0.480876 0.798136 0.485739 0.793187 0.503640 0.784772 0.518879 0.780319 0.527678 0.783257
0 0.766399 0.000000 0.784872 0.025262 0.781505 0.047757 0.787133 0.077245 0.776825 0.112389 0.764881 0.117517 0.736567 0.114763 0.715979 0.091617 0.715935 0.121279 0.704538 0.122693 0.689854 0.111503 0.664160 0.098671 0.641469 0.091551 0.619598 0.060111 0.607525 0.063795 0.563701 0.101924 0.535757 0.110595 0.544790 0.125846 0.537406 0.129684 0.505324 0.125125 0.491852 0.108988 0.465419 0.094242 0.458305 0.073619 0.464325 0.048844 0.478851 0.042089 0.491677 0.062911 0.501319 0.069111 0.515604 0.055033 0.532658 0.044818 0.540544 0.030123 0.543924 0.011314 0.605959 0.021130 0.632923 0.016017 0.638136 0.000000
0 0.367495 0.933773 0.376993 0.954040 0.445440 0.979723 0.476562 0.992188 0.476562 1.000000 0.310101 1.000000 0.307964 0.991539 0.305762 0.965113 0.320350 0.961919 0.333133 0.955993 0.348304 0.952571 0.339981 0.924275
0 0.032914 0.111353 0.033605 0.132633 0.028762 0.143633 0.034752 0.161176 0.053684 0.164813 0.057583 0.180999 0.037286 0.200482 0.032230 0.219154 0.040500 0.246601 0.026894 0.271797 0.011278 0.283809 0.000000 0.289393 0.000000 0.134855 0.005084 0.129167 0.013005 0.102334 0.019724 0.097646
0 0.549362 0.534049 0.560261 0.544896 0.568548 0.557741 0.582925 0.569384 0.603244 0.570737 0.624280 0.599307 0.623018 0.617379 0.611634 0.634863 0.595272 0.655631 0.571412 0.672653 0.566687 0.705370 0.566909 0.727930 0.570957 0.753708 0.571520 0.793418 0.564993 0.795505 0.535221 0.797516 0.508323 0.744916 0.480820 0.761945 0.472656 0.746094 0.474586 0.714962 0.487046 0.687505 0.497875 0.667233 0.492188 0.644531 0.493477 0.630040 0.491543 0.600155 0.494121 0.592684 0.492188 0.566406 0.485030 0.542003 0.521556 0.542745
0 1.000000 0.574219 1.000000 0.714489 0.988281 0.707031 0.914062 0.703125 0.886719 0.679688 0.886719 0.660156 0.933594 0.589844 0.949219 0.589844 0.976562 0.574219
0 0.135695 0.329679 0.158345 0.338078 0.196660 0.332807 0.205155 0.341187 0.214844 0.359375 0.224000 0.361614 0.236281 0.378252 0.235047 0.401165 0.237062 0.420450 0.235037 0.437614 0.227840 0.449634 0.227224 0.476680 0.212229 0.512091 0.208961 0.551363 0.181236 0.587228 0.151861 0.599801 0.129570 0.618356 0.085938 0.617188 0.073455 0.613300 0.058594 0.605469 0.060269 0.591203 0.057555 0.572064 0.058712 0.551008 0.064771 0.536780 0.075983 0.516600 0.081326 0.493448 0.104405 0.437421 0.103083 0.410874 0.093750 0.386719 0.094795 0.366670 0.097656 0.335938 0.118911 0.325147
0 0.570110 0.976406 0.633494 0.984857 0.637069 0.986505 0.681661 0.993019 0.698242 1.000000 0.541209 1.000000 0.544089 0.988585 0.564441 0.976236
0 0.531250 0.000000 0.507812 0.011719 0.472656 0.019531 0.429688 0.023438 0.417969 0.015625 0.423177 0.000000
0 0.000000 1.000000 0.000000 0.815290 0.023438 0.832031 0.082031 0.855469 0.109375 0.859375 0.148438 0.878906 0.160156 0.878906 0.218750 0.910156 0.222656 0.917969 0.208984 1.000000
0 0.000000 0.459635 0.003906 0.460938 0.027344 0.496094 0.027344 0.539062 0.042969 0.558594 0.046875 0.578125 0.023438 0.605469 0.000000 0.618253
0 0.390625 0.203125 0.402344 0.203125 0.406250 0.203125 0.410156 0.210938 0.414062 0.214844 0.417969 0.210938 0.421875 0.207031 0.464844 0.207031 0.468750 0.207031 0.492188 0.222656 0.496094 0.222656 0.500000 0.250000 0.500000 0.253906 0.488281 0.277344 0.488281 0.281250 0.476562 0.292969 0.476562 0.296875 0.468750 0.296875 0.464844 0.296875 0.449219 0.285156 0.445312 0.281250 0.437500 0.261719 0.433594 0.257812 0.429688 0.230469 0.429688 0.226562 0.421875 0.218750 0.417969 0.214844 0.398438 0.218750 0.394531 0.218750 0.390625 0.203125
0 0.308594 0.218750 0.320312 0.218750 0.324219 0.218750 0.355469 0.234375 0.359375 0.234375 0.386719 0.257812 0.390625 0.261719 0.417969 0.269531 0.421875 0.269531 0.425781 0.273438 0.429688 0.277344 0.421875 0.292969 0.421875 0.296875 0.355469 0.296875 0.351562 0.296875 0.320312 0.285156 0.316406 0.285156 0.304688 0.269531 0.300781 0.265625 0.281250 0.257812 0.277344 0.253906 0.277344 0.242188 0.273438 0.238281 0.277344 0.230469 0.277344 0.226562 0.308594 0.218750
0 0.896659 0.507027 0.892245 0.511441 0.877273 0.513044 0.873146 0.517171 0.856586 0.518773 0.850532 0.517171 0.846118 0.512757 0.844515 0.506359 0.795468 0.504449 0.789413 0.502846 0.784999 0.498432 0.783398 0.492378 0.784999 0.486323 0.789413 0.481909 0.795468 0.480307 0.870911 0.482216 0.892245 0.490504 0.896659 0.494918 0.898261 0.500973
0 0.305499 1.000000 0.305499 0.984850 0.302882 0.975085 0.295734 0.967936 0.285968 0.965319 0.276202 0.967936 0.269054 0.975085 0.266437 0.984850 0.266437 1.000000
0 0.566406 0.339844 0.636719 0.343750 0.640625 0.343750 0.644531 0.351562 0.648438 0.355469 0.640625 0.375000 0.640625 0.378906 0.656250 0.398438 0.660156 0.402344 0.664062 0.425781 0.664062 0.429688 0.660156 0.433594 0.660156 0.437500 0.621094 0.460938 0.617188 0.464844 0.582031 0.472656 0.578125 0.476562 0.546875 0.476562 0.542969 0.476562 0.519531 0.460938 0.515625 0.457031 0.500000 0.394531 0.500000 0.390625 0.542969 0.351562 0.546875 0.347656 0.566406 0.339844
0 0.925781 0.496094 0.941406 0.496094 0.945312 0.496094 0.953125 0.503906 0.957031 0.507812 0.957031 0.566406 0.957031 0.570312 0.945312 0.578125 0.941406 0.582031 0.929688 0.582031 0.925781 0.585938 0.914062 0.578125 0.910156 0.574219 0.898438 0.574219 0.894531 0.574219 0.882812 0.585938 0.878906 0.585938 0.871094 0.574219 0.867188 0.570312 0.871094 0.542969 0.871094 0.539062 0.894531 0.511719 0.898438 0.507812 0.925781 0.496094
0 0.414062 0.835938 0.429688 0.839844 0.433594 0.839844 0.460938 0.867188 0.464844 0.871094 0.464844 0.921875 0.464844 0.925781 0.472656 0.968750 0.468750 0.972656 0.457031 0.972656 0.453125 0.972656 0.421875 0.953125 0.417969 0.953125 0.394531 0.917969 0.390625 0.914062 0.390625 0.867188 0.390625 0.863281 0.414062 0.835938
0 0.263792 0.279875 0.218678 0.270541 0.209344 0.287654 0.209344 0.290765 0.198454 0.303210 0.212455 0.324989 0.224900 0.326545 0.252902 0.314100 0.270014 0.295432
0 0.851831 0.657901 0.817607 0.626788 0.802050 0.631454 0.802050 0.662568 0.816051 0.664123 0.809828 0.699904 0.828496 0.699904 0.828496 0.712349 0.814495 0.712349 0.809828 0.718571 0.788049 0.717016 0.788049 0.743462 0.808273 0.737239 0.828496 0.727905 0.851831 0.734128 0.850275 0.692125 0.856498 0.687458
0 0.772492 0.813466 0.756936 0.822800 0.753825 0.830579 0.747602 0.835246 0.744491 0.835246 0.742935 0.838357 0.747602 0.816578 0.741379 0.807244 0.714933 0.790132 0.704043 0.802577 0.702488 0.827468 0.710266 0.857025 0.724267 0.875693 0.746046 0.877248 0.777159 0.871026 0.802050 0.861692 0.812939 0.861692 0.825385 0.839913 0.864276 0.802577 0.864276 0.793243 0.847164 0.790132 0.814495 0.813466 0.798939 0.819689 0.794271 0.815022
0 0.988729 0.307877 0.994952 0.310989 1.000000 0.299450 1.000000 0.234761 0.988729 0.234761 0.982506 0.261207 0.973172 0.289209 0.979395 0.296988
0 0.935150 0.930701 0.892096 0.926247 0.880220 0.929216 0.880220 0.958909 0.901004 0.964847 0.923273 0.964847 0.935150 0.967816 0.929212 0.981178 0.947027 0.994539 0.963358 0.994539 0.964843 0.985632 0.972266 0.984147 0.979689 0.972270 0.964843 0.957424 0.961874 0.957424 0.947027 0.933670
0 1.000000 0.062500 1.000000 0.062500 0.968750 0.062500 0.964844 0.062500 0.957031 0.027344 0.960938 0.023438 0.996094 0.027344 1.000000 0.027344 1.000000 0.027344
0 0.218750 0.027344 0.230469 0.031250 0.234375 0.031250 0.242188 0.042969 0.246094 0.046875 0.242188 0.082031 0.238281 0.085938 0.207031 0.085938 0.203125 0.085938 0.195312 0.082031 0.191406 0.082031 0.183594 0.070312 0.179688 0.066406 0.187500 0.050781 0.187500 0.046875 0.218750 0.027344
0 0.410156 0.000000 0.410156 0.011719 0.406250 0.015625 0.394531 0.019531 0.390625 0.019531 0.371094 0.011719 0.367188 0.007812 0.367188 0.000000
0 0.082031 0.242188 0.093750 0.246094 0.097656 0.246094 0.109375 0.269531 0.113281 0.273438 0.101562 0.304688 0.101562 0.308594 0.085938 0.300781 0.082031 0.300781 0.062500 0.277344 0.058594 0.273438 0.058594 0.265625 0.058594 0.261719 0.082031 0.242188
0 0.654987 0.944238 0.697458 0.968243 0.697458 0.971936 0.715923 0.988555 0.691918 0.995942 0.677145 0.988555 0.656833 0.962704
0 0.586664 0.720803 0.621748 0.737422 0.653140 0.741115 0.660526 0.735575 0.643907 0.720803 0.625441 0.713417 0.614362 0.713417
