0 0.097656 0.984375 0.122656 1.000000 0.066406 1.000000 0.097656 0.984375
0 0.066406 0.921875 0.078125 0.921875 0.082031 0.921875 0.093750 0.929688 0.097656 0.929688 0.113281 0.976562 0.113281 0.980469 0.064453 1.000000 0.000000 1.000000 0.000000 0.972656 0.000000 0.972656 0.000000 0.968750 0.011719 0.953125 0.011719 0.949219 0.027344 0.937500 0.031250 0.933594 0.066406 0.921875
0 0.000000 0.898438 0.000000 0.898438 0.003906 0.902344 0.007812 0.945312 0.007812 0.949219 0.000000 0.955078
0 0.156250 0.824219 0.164062 0.824219 0.167969 0.824219 0.199219 0.855469 0.203125 0.859375 0.207031 0.882812 0.203125 0.886719 0.183594 0.890625 0.179688 0.890625 0.160156 0.878906 0.156250 0.875000 0.148438 0.855469 0.144531 0.851562 0.148438 0.835938 0.148438 0.832031 0.156250 0.824219
0 0.074219 0.757812 0.093750 0.769531 0.097656 0.773438 0.101562 0.789062 0.101562 0.792969 0.093750 0.804688 0.089844 0.808594 0.062500 0.808594 0.058594 0.808594 0.054688 0.800781 0.050781 0.796875 0.054688 0.769531 0.054688 0.765625 0.074219 0.757812
0 0.355469 0.160156 0.378906 0.160156 0.382812 0.160156 0.417969 0.199219 0.421875 0.203125 0.425781 0.222656 0.425781 0.226562 0.402344 0.234375 0.398438 0.238281 0.343750 0.238281 0.339844 0.238281 0.335938 0.234375 0.332031 0.230469 0.324219 0.203125 0.320312 0.199219 0.324219 0.187500 0.324219 0.183594 0.355469 0.160156
0 0.683594 0.257812 0.687500 0.257812 0.691406 0.257812 0.695312 0.269531 0.699219 0.273438 0.699219 0.308594 0.699219 0.312500 0.695312 0.328125 0.691406 0.332031 0.691406 0.371094 0.691406 0.375000 0.671875 0.378906 0.667969 0.378906 0.644531 0.363281 0.640625 0.359375 0.640625 0.347656 0.640625 0.343750 0.656250 0.328125 0.660156 0.324219 0.683594 0.257812
0 0.652344 0.621094 0.679688 0.625000 0.683594 0.628906 0.683594 0.660156 0.683594 0.664062 0.667969 0.667969 0.664062 0.671875 0.636719 0.667969 0.632812 0.664062 0.628906 0.648438 0.628906 0.644531 0.652344 0.621094
0 0.605469 0.578125 0.621094 0.578125 0.625000 0.578125 0.625000 0.597656 0.625000 0.601562 0.617188 0.605469 0.613281 0.609375 0.601562 0.605469 0.597656 0.601562 0.597656 0.589844 0.597656 0.585938 0.605469 0.578125
0 0.605469 0.617188 0.617188 0.617188 0.621094 0.617188 0.628906 0.628906 0.628906 0.632812 0.621094 0.636719 0.617188 0.640625 0.609375 0.636719 0.605469 0.636719 0.605469 0.617188
0 0.667969 0.734375 0.691406 0.734375 0.695312 0.734375 0.714844 0.753906 0.718750 0.757812 0.718750 0.789062 0.714844 0.792969 0.687500 0.796875 0.683594 0.796875 0.671875 0.789062 0.667969 0.785156 0.664062 0.761719 0.660156 0.757812 0.667969 0.734375
0 0.328125 0.925781 0.339844 0.929688 0.343750 0.933594 0.343750 0.968750 0.339844 0.972656 0.312500 0.968750 0.308594 0.964844 0.328125 0.925781
0 0.859375 0.589844 0.878906 0.593750 0.882812 0.593750 0.906250 0.628906 0.906250 0.632812 0.925781 0.652344 0.929688 0.656250 0.933594 0.683594 0.933594 0.687500 0.882812 0.785156 0.882812 0.789062 0.832031 0.851562 0.832031 0.855469 0.804688 0.871094 0.800781 0.871094 0.777344 0.847656 0.773438 0.843750 0.753906 0.792969 0.753906 0.789062 0.722656 0.734375 0.718750 0.730469 0.714844 0.710938 0.714844 0.707031 0.718750 0.699219 0.722656 0.695312 0.859375 0.589844
0 1.000000 0.535156 1.000000 0.535156 1.000000 0.539062 0.949219 0.574219 0.945312 0.578125 0.921875 0.578125 0.917969 0.578125 0.878906 0.558594 0.875000 0.558594 0.871094 0.535156 0.871094 0.531250 0.906250 0.468750 0.906250 0.464844 1.000000 0.414621
0 1.000000 0.735491 0.988281 0.742188 0.984375 0.746094 0.964844 0.750000 0.960938 0.750000 0.953125 0.742188 0.949219 0.738281 0.945312 0.710938 0.945312 0.707031 0.953125 0.695312 0.953125 0.691406 0.976562 0.679688 0.980469 0.675781 1.000000 0.670641
0 1.000000 0.542969 1.000000 0.542969 1.000000 0.622944 0.941406 0.644531 0.937500 0.644531 0.933594 0.636719 0.929688 0.632812 0.933594 0.585938 0.933594 0.582031 1.000000 0.542969
0 0.824219 0.878906 0.843750 0.878906 0.847656 0.878906 0.859375 0.890625 0.863281 0.890625 0.875000 0.906250 0.878906 0.910156 0.878906 0.929688 0.878906 0.933594 0.871094 0.945312 0.871094 0.949219 0.847656 0.968750 0.843750 0.972656 0.804688 0.988281 0.800781 0.992188 0.777344 0.992188 0.773438 0.992188 0.769531 0.988281 0.765625 0.984375 0.769531 0.910156 0.769531 0.906250 0.824219 0.878906
0 0.855469 0.972656 0.863281 0.972656 0.867188 0.972656 0.886719 0.988281 0.890625 0.988281 0.896484 1.000000 0.837240 1.000000 0.855469 0.972656
0 0.917969 0.871094 0.937500 0.871094 0.941406 0.871094 0.972656 0.894531 0.976562 0.898438 0.976562 0.921875 0.976562 0.925781 0.960938 0.945312 0.957031 0.949219 0.933594 0.949219 0.929688 0.949219 0.894531 0.925781 0.890625 0.921875 0.890625 0.890625 0.890625 0.886719 0.898438 0.878906 0.902344 0.875000 0.917969 0.871094
0 0.035156 0.398438 0.050781 0.402344 0.054688 0.406250 0.058594 0.464844 0.058594 0.468750 0.050781 0.476562 0.046875 0.480469 0.046875 0.488281 0.042969 0.492188 0.050781 0.531250 0.050781 0.535156 0.027344 0.539062 0.023438 0.539062 0.000000 0.515625 0.000000 0.416233 0.015625 0.417969 0.019531 0.417969 0.035156 0.398438
0 0.546875 0.000000 0.570312 0.000000 0.574219 0.000000 0.578125 0.078125 0.578125 0.082031 0.593750 0.113281 0.597656 0.117188 0.593750 0.175781 0.593750 0.179688 0.582031 0.203125 0.582031 0.207031 0.515625 0.277344 0.511719 0.281250 0.500000 0.289062 0.496094 0.292969 0.476562 0.292969 0.472656 0.292969 0.468750 0.289062 0.464844 0.285156 0.464844 0.273438 0.460938 0.269531 0.464844 0.226562 0.464844 0.222656 0.488281 0.183594 0.492188 0.179688 0.503906 0.128906 0.507812 0.125000 0.511719 0.042969 0.511719 0.039062 0.519531 0.027344 0.523438 0.023438 0.542969 0.011719 0.546875 0.007812 0.546875 0.000000
0 0.167969 0.000000 0.281250 0.000000 0.285156 0.000000 0.312500 0.027344 0.316406 0.031250 0.316406 0.046875 0.316406 0.050781 0.296875 0.089844 0.296875 0.093750 0.285156 0.093750 0.281250 0.093750 0.253906 0.074219 0.250000 0.070312 0.199219 0.046875 0.195312 0.046875 0.183594 0.035156 0.179688 0.031250 0.167969 0.000000
0 0.277344 0.000000 0.394531 0.003906 0.394531 0.007812 0.367188 0.039062 0.363281 0.042969 0.332031 0.050781 0.328125 0.050781 0.277344 0.000000
0 0.410156 0.457031 0.425781 0.476562 0.425781 0.480469 0.445312 0.500000 0.449219 0.503906 0.460938 0.507812 0.464844 0.511719 0.484375 0.515625 0.488281 0.515625 0.515625 0.507812 0.519531 0.503906 0.535156 0.507812 0.539062 0.511719 0.496094 0.539062 0.492188 0.542969 0.492188 0.554688 0.492188 0.558594 0.500000 0.566406 0.503906 0.570312 0.503906 0.585938 0.500000 0.589844 0.492188 0.593750 0.488281 0.593750 0.457031 0.585938 0.453125 0.585938 0.410156 0.558594 0.406250 0.554688 0.398438 0.527344 0.398438 0.523438 0.406250 0.515625 0.410156 0.511719 0.410156 0.457031
0 0.386719 0.980469 0.410156 0.980469 0.414062 0.984375 0.421875 1.000000 0.421875 1.000000 0.380208 1.000000 0.386719 0.980469
0 0.410156 0.792969 0.417969 0.792969 0.421875 0.796875 0.421875 0.820312 0.421875 0.824219 0.449219 0.867188 0.449219 0.871094 0.437500 0.875000 0.433594 0.875000 0.398438 0.855469 0.394531 0.851562 0.359375 0.851562 0.355469 0.851562 0.328125 0.832031 0.324219 0.828125 0.332031 0.820312 0.335938 0.816406 0.359375 0.812500 0.363281 0.812500 0.410156 0.792969
0 0.433594 0.972656 0.457031 0.980469 0.460938 0.980469 0.468750 0.996094 0.468750 1.000000 0.468750 1.000000 0.427734 1.000000 0.421875 0.992188 0.417969 0.988281 0.417969 0.984375 0.417969 0.980469 0.433594 0.972656
0 0.582031 0.792969 0.625000 0.792969 0.628906 0.792969 0.634003 0.799689 0.634731 0.811241 0.589844 0.808594 0.585938 0.808594 0.582031 0.804688 0.578125 0.804688 0.582031 0.792969
0 0.625000 0.851562 0.640625 0.855469 0.644531 0.859375 0.636719 0.882812 0.632812 0.886719 0.625000 0.886719 0.621094 0.886719 0.625000 0.851562
0 0.386719 0.917969 0.398438 0.917969 0.402344 0.917969 0.414062 0.925781 0.417969 0.929688 0.429688 0.925781 0.433594 0.929688 0.429688 0.941406 0.429688 0.945312 0.402344 0.964844 0.398438 0.968750 0.386719 0.968750 0.382812 0.964844 0.386719 0.917969
0 0.518088 0.278564 0.527955 0.282512 0.531903 0.288433 0.534863 0.296327 0.534863 0.310143 0.544732 0.314090 0.566442 0.315077 0.566442 0.305209 0.576310 0.277578 0.574336 0.268696 0.570389 0.263762 0.569402 0.242052 0.562495 0.238105 0.541771 0.250934 0.533877 0.252907 0.529929 0.255868 0.522035 0.270670
0 0.586178 0.275604 0.611836 0.264749 0.609862 0.265736 0.609862 0.228237 0.576310 0.230210
0 0.577596 0.310534 0.581552 0.311613 0.611401 0.310534 0.610322 0.277808 0.589104 0.280685 0.576877 0.291114 0.573280 0.302982
0 0.660311 0.527750 0.653478 0.527750 0.648083 0.524154 0.644487 0.520917 0.638373 0.512286 0.637654 0.510129 0.638014 0.505813 0.639452 0.504374 0.644127 0.501857 0.647724 0.498261 0.652039 0.488551 0.653478 0.487112 0.657074 0.484595 0.673977 0.475604 0.674696 0.473087 0.679011 0.469490 0.689800 0.469490 0.693396 0.470929 0.700949 0.472367 0.708141 0.475604 0.709580 0.477402 0.709580 0.484954 0.708861 0.488910 0.706343 0.492866 0.704186 0.493945 0.688362 0.496462 0.687643 0.500059 0.688721 0.506173 0.688721 0.510488 0.686204 0.515523 0.684406 0.517321 0.674336 0.522356 0.672538 0.523795 0.670021 0.524154 0.666425 0.526312 0.664267 0.526671
0 0.573831 0.781864 0.601863 0.781500 0.606960 0.779680 0.610601 0.774947 0.610237 0.770215 0.609145 0.768030 0.609145 0.760385 0.607324 0.756380 0.600043 0.749100 0.586573 0.748736 0.582932 0.750555 0.576743 0.756745 0.570554 0.767666 0.570190 0.776404 0.570918 0.778952
0 0.552352 0.866325 0.539974 0.866689 0.531600 0.856496 0.529416 0.855040 0.525047 0.854312 0.522863 0.853220 0.522499 0.845938 0.525775 0.843026 0.531964 0.841206 0.542886 0.836473 0.553444 0.828828 0.555992 0.828828 0.557813 0.830284 0.560725 0.835017 0.561817 0.838657 0.562181 0.851399 0.561817 0.855768 0.558541 0.861957 0.554900 0.863777
0 0.570190 0.911832 0.566186 0.908556 0.564002 0.902731 0.563273 0.897270 0.563273 0.888533 0.561817 0.884893 0.555992 0.878704 0.554900 0.876155 0.554900 0.871058 0.556720 0.868510 0.568006 0.861593 0.576015 0.859045 0.586937 0.858316 0.589121 0.858680 0.590942 0.859773 0.592398 0.862321 0.595674 0.864869 0.594946 0.868874 0.593490 0.871786 0.589121 0.877611 0.583296 0.882708 0.578928 0.888897 0.578928 0.891081 0.580384 0.895086 0.579656 0.900547 0.577471 0.904552 0.572739 0.910377
0 0.615923 0.012025 0.633682 0.004190 0.649351 0.004190 0.651962 0.004712 0.656141 0.007324 0.658752 0.009936 0.660319 0.013070 0.666587 0.017248 0.668154 0.019859 0.673899 0.025605 0.677555 0.030828 0.682256 0.039707 0.683823 0.047019 0.683823 0.054332 0.683300 0.056421 0.680689 0.057987 0.678077 0.058510 0.671288 0.058510 0.666587 0.055898 0.655096 0.045452 0.646739 0.040229 0.640471 0.035006 0.629503 0.029261 0.623236 0.025082 0.618013 0.019337 0.617490 0.016726
0 0.602866 0.067911 0.602866 0.047541 0.605477 0.038663 0.607044 0.035006 0.610178 0.030305 0.615923 0.024560 0.620102 0.023516 0.636816 0.023516 0.638905 0.022993 0.640994 0.025605 0.647262 0.039707 0.647784 0.044930 0.642561 0.051198 0.631070 0.058510 0.629503 0.060077 0.618013 0.065300 0.608089 0.071568 0.605477 0.071568
0 0.090826 0.910118 0.094351 0.903068 0.097876 0.888088 0.105807 0.875751 0.106688 0.847552 0.114619 0.844027 0.119907 0.844027 0.128719 0.847552 0.136650 0.856364 0.151630 0.864295 0.155155 0.869582 0.155155 0.886325 0.141056 0.896900 0.131363 0.922455 0.119025 0.923337 0.112857 0.920693 0.104045 0.920693 0.096113 0.915405
0 0.000000 0.209955 0.000000 0.167039 0.002236 0.167039 0.010876 0.171840 0.011836 0.176640 0.015676 0.178560 0.019516 0.187200 0.029116 0.195840 0.031996 0.203520 0.019516 0.208320 0.006076 0.209280
0 0.455084 0.217513 0.441478 0.217513 0.427872 0.208767 0.422041 0.200992 0.417182 0.187386 0.421070 0.184471 0.483267 0.185443 0.485211 0.187386 0.478408 0.191273 0.465774 0.219457 0.460915 0.223344
0 0.413922 0.903080 0.419544 0.902378 0.425165 0.898864 0.430084 0.896756 0.433598 0.893242 0.435004 0.889026 0.435004 0.886918 0.436409 0.885513 0.437112 0.887621 0.437814 0.900270 0.439922 0.909405 0.439922 0.915027 0.437814 0.920648 0.436409 0.922054 0.430084 0.922054 0.421652 0.919243 0.420246 0.917837 0.417436 0.917134 0.415327 0.914324 0.413219 0.909405
0 0.797577 0.240454 0.796100 0.233075 0.796100 0.226433 0.806432 0.221268 0.818977 0.217578 0.824143 0.215364 0.829309 0.209460 0.832261 0.207984 0.834474 0.207984 0.838164 0.205032 0.840378 0.205032 0.841854 0.203556 0.842592 0.205770 0.842592 0.210198 0.841116 0.211674 0.841116 0.213888 0.833736 0.222743 0.827833 0.225695 0.826357 0.227909 0.824143 0.229385 0.819715 0.231599 0.816763 0.232337 0.806432 0.238240 0.804218 0.238240
0 0.038834 0.924218 0.030903 0.923337 0.022091 0.916287 0.018566 0.911000 0.003585 0.904831 0.000000 0.900648 0.000000 0.860118 0.003585 0.858126 0.007991 0.851077 0.020329 0.841383 0.100520 0.840502 0.107570 0.838739 0.109332 0.840502 0.107570 0.866057 0.097876 0.884563 0.085539 0.900425 0.085539 0.908356 0.083776 0.911881 0.073202 0.920693 0.048527 0.925980 0.045884 0.928624
0 0.619271 1.000000 0.618610 0.999206 0.618246 0.997022 0.619702 0.994838 0.627347 0.989741 0.636449 0.987192 0.657564 0.987556 0.662296 0.990469 0.664117 0.992289 0.667422 1.000000
0 0.681385 1.000000 0.683776 0.997750 0.696882 0.990833 0.698702 0.990105 0.704163 0.990833 0.707804 0.995566 0.709260 0.998478 0.709542 1.000000
0 0.577107 0.702500 0.582932 0.703957 0.601135 0.710509 0.603684 0.710509 0.608416 0.712330 0.616425 0.718519 0.620430 0.720703 0.630624 0.729440 0.633536 0.730896 0.637541 0.731989 0.642273 0.731989 0.645550 0.731261 0.646278 0.729440 0.646278 0.727256 0.644822 0.718155 0.644094 0.716334 0.638997 0.711966 0.637905 0.707597 0.634629 0.701044 0.630260 0.697768 0.624799 0.695219 0.622250 0.693035 0.613513 0.687938 0.611329 0.685754 0.608780 0.682113 0.608416 0.677745 0.606960 0.675560 0.605504 0.671191 0.602955 0.667551 0.600407 0.666095 0.589121 0.666095 0.586573 0.666823 0.585117 0.668643 0.585117 0.670827 0.583661 0.674832 0.574559 0.689758 0.574559 0.701044
0 0.703125 0.000000 0.750000 0.000000 0.753906 0.000000 0.773438 0.039062 0.777344 0.042969 0.769531 0.058594 0.769531 0.062500 0.750000 0.062500 0.746094 0.062500 0.710938 0.035156 0.707031 0.035156 0.703125 0.000000
0 0.808594 0.082031 0.828125 0.082031 0.832031 0.082031 0.843750 0.097656 0.847656 0.101562 0.855469 0.164062 0.855469 0.167969 0.851562 0.183594 0.851562 0.187500 0.843750 0.191406 0.839844 0.195312 0.828125 0.195312 0.824219 0.195312 0.796875 0.171875 0.792969 0.167969 0.789062 0.125000 0.789062 0.121094 0.808594 0.082031
0 0.769531 0.000000 0.855469 0.000000 0.855469 0.003906 0.832031 0.019531 0.828125 0.023438 0.781250 0.023438 0.777344 0.023438 0.773438 0.019531 0.769531 0.015625 0.769531 0.000000
0 0.812500 0.523438 0.855469 0.527344 0.859375 0.527344 0.863281 0.558594 0.863281 0.562500 0.859375 0.574219 0.859375 0.578125 0.839844 0.597656 0.835938 0.601562 0.808594 0.613281 0.804688 0.613281 0.789062 0.554688 0.789062 0.550781 0.796875 0.539062 0.796875 0.535156 0.812500 0.523438
0 0.992188 0.753906 1.000000 0.755469 1.000000 0.805246 0.976562 0.808594 0.972656 0.808594 0.964844 0.800781 0.960938 0.796875 0.964844 0.773438 0.964844 0.769531 0.992188 0.753906
0 0.234375 0.199219 0.250000 0.203125 0.253906 0.207031 0.257812 0.234375 0.261719 0.238281 0.257812 0.257812 0.253906 0.261719 0.246094 0.261719 0.242188 0.261719 0.234375 0.214844 0.230469 0.210938 0.234375 0.199219
0 0.003906 0.035156 0.023438 0.035156 0.027344 0.035156 0.042969 0.042969 0.046875 0.042969 0.054688 0.050781 0.058594 0.050781 0.062500 0.066406 0.062500 0.070312 0.054688 0.074219 0.050781 0.078125 0.023438 0.078125 0.019531 0.078125 0.007812 0.070312 0.003906 0.070312 0.000000 0.058594 0.000000 0.058594 0.000000 0.039062 0.003906 0.035156
0 0.101562 0.789062 0.105469 0.800781 0.109375 0.804688 0.140625 0.816406 0.144531 0.820312 0.140625 0.839844 0.136719 0.843750 0.097656 0.839844 0.093750 0.835938 0.089844 0.816406 0.089844 0.812500 0.101562 0.789062
0 0.000000 0.632812 0.003906 0.632812 0.007812 0.636719 0.007812 0.648438 0.011719 0.652344 0.007812 0.664062 0.007812 0.667969 0.000000 0.671875
0 0.683594 0.550781 0.703125 0.550781 0.707031 0.550781 0.707031 0.566406 0.707031 0.570312 0.687500 0.570312 0.683594 0.570312 0.683594 0.550781
0 0.886719 0.800781 0.898438 0.800781 0.902344 0.800781 0.906250 0.808594 0.906250 0.812500 0.898438 0.824219 0.894531 0.828125 0.882812 0.832031 0.878906 0.832031 0.867188 0.824219 0.867188 0.820312 0.886719 0.800781
0 0.769531 0.851562 0.832031 0.863281 0.832031 0.867188 0.792969 0.882812 0.789062 0.886719 0.777344 0.886719 0.773438 0.886719 0.769531 0.875000 0.765625 0.871094 0.769531 0.851562
0 0.324219 0.480469 0.335938 0.480469 0.339844 0.480469 0.359375 0.496094 0.359375 0.500000 0.355469 0.503906 0.351562 0.507812 0.324219 0.503906 0.320312 0.503906 0.316406 0.496094 0.316406 0.492188 0.324219 0.480469
0 0.378906 0.675781 0.386719 0.675781 0.390625 0.675781 0.398438 0.683594 0.402344 0.687500 0.398438 0.722656 0.394531 0.726562 0.382812 0.722656 0.378906 0.722656 0.375000 0.707031 0.371094 0.703125 0.371094 0.691406 0.371094 0.687500 0.378906 0.675781
0 0.902344 0.945312 0.937500 0.957031 0.941406 0.960938 0.941406 0.964844 0.941406 0.968750 0.921875 0.992188 0.917969 0.996094 0.898438 0.988281 0.894531 0.984375 0.902344 0.945312
0 0.488281 0.660156 0.503906 0.660156 0.507812 0.660156 0.515625 0.671875 0.515625 0.675781 0.511719 0.679688 0.507812 0.683594 0.496094 0.683594 0.492188 0.683594 0.488281 0.679688 0.484375 0.675781 0.488281 0.660156
0 0.964844 0.187500 0.988281 0.191406 0.992188 0.195312 0.992188 0.226562 0.988281 0.230469 0.976562 0.230469 0.972656 0.230469 0.964844 0.222656 0.960938 0.218750 0.957031 0.199219 0.957031 0.195312 0.964844 0.187500
0 0.843750 0.476562 0.875000 0.480469 0.878906 0.480469 0.878906 0.500000 0.878906 0.503906 0.871094 0.507812 0.867188 0.511719 0.847656 0.511719 0.843750 0.511719 0.839844 0.507812 0.835938 0.503906 0.835938 0.488281 0.835938 0.484375 0.843750 0.476562
0 0.037372 0.370227 0.033486 0.360511 0.033486 0.354682 0.026684 0.351767 0.025713 0.343995 0.016969 0.343995 0.009196 0.346909 0.008225 0.340109 0.005310 0.337194 0.006282 0.335251 0.012111 0.335251 0.013083 0.322620 0.020855 0.323592 0.021827 0.331364 0.033486 0.333307 0.034457 0.341080 0.045144 0.344966 0.047087 0.356625 0.050973 0.360511 0.057775 0.362454 0.056803 0.370227 0.048059 0.370227
0 0.166959 0.416280 0.155421 0.420895 0.155421 0.423202 0.130040 0.424356 0.126579 0.418588 0.125425 0.409358 0.139270 0.404743 0.140423 0.400128 0.156575 0.400128 0.161190 0.395513 0.166959 0.395513 0.166959 0.400128 0.172727 0.407050
0 0.258559 0.676468 0.253433 0.663654 0.248307 0.657675 0.247453 0.652549 0.253433 0.643152 0.263684 0.642298 0.261976 0.655966 0.269664 0.662800 0.269664 0.679031 0.265393 0.680740
0 0.262830 0.834508 0.256850 0.852448 0.241473 0.850739 0.238056 0.841343 0.238056 0.831945 0.243182 0.830237 0.250016 0.824257 0.255142 0.824257 0.261976 0.827674
0 0.173986 0.513303 0.173132 0.520138 0.168006 0.527826 0.166298 0.552600 0.162026 0.553454 0.146650 0.547474 0.142378 0.540640 0.151775 0.523554 0.151775 0.511595 0.144087 0.520138 0.136398 0.520138 0.135544 0.507323 0.148358 0.500489 0.158609 0.497926 0.162880 0.494509 0.168006 0.494509 0.173132 0.496218 0.179966 0.508178
0 0.300022 0.107887 0.300735 0.117760 0.300911 0.121373 0.301006 0.124852 0.301006 0.132968 0.278978 0.135286 0.277818 0.130649 0.270862 0.121373 0.268543 0.121373 0.259268 0.107461 0.259268 0.103983 0.255790 0.098186 0.255790 0.084273 0.263906 0.083114 0.278978 0.088911 0.282456 0.093548 0.287094 0.094708 0.288253 0.097027 0.298203 0.104930
0 0.427380 0.144561 0.412308 0.149199 0.406607 0.147823 0.398395 0.153837 0.391439 0.149199 0.391439 0.146880 0.384482 0.144561 0.382164 0.126011 0.401873 0.126011 0.419264 0.113258 0.430858 0.113258 0.435496 0.115577 0.434336 0.137605
0 0.161879 0.232675 0.171155 0.244269 0.171155 0.255863 0.153764 0.257023 0.151445 0.255863 0.147967 0.241950 0.147967 0.230357 0.152604 0.229197
0 0.071447 0.279051 0.069128 0.288326 0.071447 0.296442 0.071447 0.306876 0.051737 0.306876 0.050578 0.283689 0.055215 0.281370 0.061012 0.272095
0 0.028549 0.291804 0.021593 0.284848 0.019274 0.286007 0.016955 0.290645 0.016955 0.304557 0.014637 0.304557 0.011159 0.297601 0.003043 0.296442 0.004202 0.283689 0.006521 0.279051 0.016955 0.277891 0.025071 0.269776 0.029709 0.269776 0.030868 0.281370
0 0.865388 0.256593 0.838383 0.255468 0.837258 0.253218 0.837258 0.238590 0.850760 0.231839 0.855261 0.231839 0.856386 0.229588 0.868763 0.231839 0.882266 0.243091 0.889017 0.243091 0.893518 0.246466 0.899144 0.247592 0.900269 0.252093 0.898018 0.255468 0.876640 0.256593
0 0.894531 0.058594 0.914062 0.062500 0.917969 0.066406 0.917969 0.085938 0.917969 0.089844 0.910156 0.097656 0.906250 0.101562 0.890625 0.097656 0.886719 0.097656 0.875000 0.085938 0.871094 0.082031 0.875000 0.074219 0.875000 0.070312 0.894531 0.058594
