0 0.468750 0.832031 0.488281 0.832031 0.492188 0.832031 0.546875 0.859375 0.550781 0.863281 0.585938 0.871094 0.589844 0.875000 0.593750 0.882812 0.597656 0.886719 0.601562 0.929688 0.601562 0.933594 0.585938 0.960938 0.582031 0.964844 0.570312 0.964844 0.566406 0.964844 0.531250 0.925781 0.527344 0.921875 0.480469 0.886719 0.476562 0.882812 0.464844 0.855469 0.460938 0.851562 0.460938 0.843750 0.460938 0.839844 0.468750 0.832031
0 0.464844 0.746094 0.617188 0.773438 0.621094 0.773438 0.625000 0.777344 0.628906 0.781250 0.628906 0.796875 0.628906 0.800781 0.601562 0.843750 0.597656 0.847656 0.582031 0.859375 0.578125 0.863281 0.562500 0.863281 0.558594 0.863281 0.496094 0.832031 0.492188 0.828125 0.453125 0.820312 0.449219 0.820312 0.437500 0.812500 0.433594 0.808594 0.433594 0.804688 0.433594 0.800781 0.449219 0.785156 0.453125 0.781250 0.464844 0.746094
0 0.457031 0.921875 0.535156 0.960938 0.539062 0.960938 0.582465 1.000000 0.478027 1.000000 0.460938 0.960938 0.457031 0.957031 0.457031 0.945312 0.453125 0.941406 0.457031 0.921875
0 0.707031 0.507812 0.738281 0.531250 0.742188 0.535156 0.820312 0.636719 0.824219 0.640625 0.820312 0.707031 0.820312 0.710938 0.808594 0.734375 0.804688 0.738281 0.781250 0.730469 0.777344 0.726562 0.742188 0.667969 0.742188 0.664062 0.714844 0.632812 0.710938 0.628906 0.671875 0.625000 0.667969 0.625000 0.656250 0.601562 0.652344 0.597656 0.671875 0.542969 0.671875 0.539062 0.691406 0.515625 0.695312 0.511719 0.707031 0.507812
0 0.937500 0.707031 0.949219 0.710938 0.953125 0.710938 0.957031 0.726562 0.957031 0.730469 0.972656 0.750000 0.976562 0.753906 0.976562 0.765625 0.976562 0.769531 0.960938 0.789062 0.960938 0.792969 0.917969 0.832031 0.914062 0.832031 0.906250 0.820312 0.902344 0.816406 0.898438 0.785156 0.898438 0.781250 0.914062 0.742188 0.914062 0.738281 0.937500 0.707031
0 0.644531 0.191406 0.656250 0.195312 0.660156 0.195312 0.664062 0.230469 0.664062 0.234375 0.636719 0.285156 0.636719 0.289062 0.609375 0.308594 0.605469 0.312500 0.578125 0.324219 0.574219 0.324219 0.570312 0.320312 0.566406 0.316406 0.539062 0.242188 0.539062 0.238281 0.550781 0.230469 0.554688 0.226562 0.593750 0.214844 0.597656 0.214844 0.644531 0.191406
0 0.554688 0.062500 0.585938 0.074219 0.589844 0.078125 0.609375 0.078125 0.613281 0.082031 0.683594 0.082031 0.687500 0.082031 0.718750 0.097656 0.722656 0.101562 0.718750 0.113281 0.718750 0.117188 0.687500 0.152344 0.683594 0.156250 0.667969 0.183594 0.664062 0.187500 0.667969 0.218750 0.667969 0.222656 0.632812 0.289062 0.632812 0.292969 0.589844 0.320312 0.585938 0.324219 0.570312 0.320312 0.566406 0.316406 0.546875 0.261719 0.546875 0.257812 0.535156 0.242188 0.531250 0.238281 0.503906 0.238281 0.500000 0.238281 0.476562 0.246094 0.472656 0.250000 0.460938 0.246094 0.457031 0.242188 0.457031 0.214844 0.457031 0.210938 0.500000 0.167969 0.503906 0.164062 0.500000 0.128906 0.500000 0.125000 0.507812 0.109375 0.507812 0.105469 0.519531 0.093750 0.523438 0.089844 0.527344 0.074219 0.531250 0.070312 0.554688 0.062500
0 0.851562 0.023438 0.867188 0.023438 0.871094 0.023438 0.902344 0.062500 0.906250 0.066406 0.902344 0.082031 0.902344 0.085938 0.914062 0.156250 0.914062 0.160156 0.886719 0.187500 0.882812 0.191406 0.839844 0.179688 0.835938 0.179688 0.816406 0.152344 0.812500 0.148438 0.808594 0.113281 0.808594 0.109375 0.800781 0.085938 0.796875 0.082031 0.789062 0.035156 0.785156 0.031250 0.851562 0.023438
0 0.000000 0.547363 0.019531 0.554688 0.023438 0.554688 0.039062 0.574219 0.039062 0.578125 0.027344 0.597656 0.023438 0.601562 0.011719 0.605469 0.007812 0.609375 0.000000 0.609375
0 0.410156 0.820312 0.425781 0.824219 0.429688 0.824219 0.449219 0.839844 0.453125 0.843750 0.457031 0.863281 0.460938 0.867188 0.457031 0.890625 0.457031 0.894531 0.464844 0.914062 0.468750 0.917969 0.468750 0.929688 0.468750 0.933594 0.457031 0.949219 0.457031 0.953125 0.480469 1.000000 0.480469 1.000000 0.379427 1.000000 0.378906 0.992188 0.378906 0.988281 0.363281 0.972656 0.359375 0.968750 0.363281 0.929688 0.363281 0.925781 0.375000 0.890625 0.378906 0.886719 0.382812 0.851562 0.382812 0.847656 0.410156 0.820312
0 0.398438 0.761719 0.417969 0.765625 0.421875 0.765625 0.421875 0.789062 0.421875 0.792969 0.390625 0.835938 0.390625 0.839844 0.375000 0.851562 0.371094 0.851562 0.367188 0.843750 0.363281 0.839844 0.363281 0.824219 0.363281 0.820312 0.378906 0.781250 0.378906 0.777344 0.398438 0.761719
0 0.175781 0.984375 0.187500 0.984375 0.191406 0.988281 0.187500 1.000000 0.187500 1.000000 0.144531 1.000000 0.144531 0.996094 0.144531 0.992188 0.175781 0.984375
0 0.207031 0.777344 0.218750 0.781250 0.222656 0.781250 0.281250 0.851562 0.281250 0.855469 0.296875 0.867188 0.300781 0.871094 0.312500 0.910156 0.316406 0.914062 0.312500 0.957031 0.308594 0.960938 0.296875 0.960938 0.292969 0.960938 0.265625 0.937500 0.261719 0.933594 0.250000 0.906250 0.250000 0.902344 0.207031 0.851562 0.203125 0.847656 0.199219 0.812500 0.199219 0.808594 0.187500 0.792969 0.187500 0.789062 0.207031 0.777344
0 0.000000 0.819010 0.007812 0.820312 0.011719 0.824219 0.000000 0.862305
0 0.003906 0.773438 0.050781 0.773438 0.054688 0.773438 0.054688 0.785156 0.054688 0.789062 0.003906 0.804688 0.000000 0.804688 0.000000 0.804688 0.000000 0.777344 0.003906 0.773438
0 0.000000 0.622070 0.011719 0.625000 0.015625 0.625000 0.023438 0.648438 0.027344 0.652344 0.027344 0.671875 0.027344 0.675781 0.023438 0.679688 0.019531 0.683594 0.007812 0.683594 0.003906 0.687500 0.000000 0.686523
0 0.265625 0.445312 0.277344 0.445312 0.281250 0.445312 0.300781 0.472656 0.300781 0.476562 0.281250 0.507812 0.281250 0.511719 0.273438 0.519531 0.269531 0.523438 0.261719 0.523438 0.257812 0.523438 0.246094 0.511719 0.242188 0.507812 0.238281 0.484375 0.238281 0.480469 0.265625 0.445312
0 0.597656 0.441406 0.605469 0.445312 0.609375 0.449219 0.609375 0.464844 0.609375 0.468750 0.570312 0.507812 0.566406 0.511719 0.519531 0.542969 0.515625 0.546875 0.500000 0.550781 0.496094 0.554688 0.468750 0.554688 0.464844 0.550781 0.464844 0.531250 0.464844 0.527344 0.492188 0.500000 0.496094 0.496094 0.506481 0.477396 0.508939 0.472973 0.515625 0.460938 0.519531 0.457031 0.558594 0.457031 0.562500 0.457031 0.597656 0.441406
0 0.636719 0.535156 0.656250 0.535156 0.660156 0.535156 0.664062 0.558594 0.664062 0.562500 0.652344 0.597656 0.652344 0.601562 0.628906 0.613281 0.625000 0.613281 0.609375 0.601562 0.605469 0.597656 0.605469 0.578125 0.605469 0.574219 0.613281 0.558594 0.613281 0.554688 0.636719 0.535156
0 0.687500 0.628906 0.703125 0.628906 0.707031 0.628906 0.730469 0.652344 0.734375 0.656250 0.746094 0.683594 0.746094 0.687500 0.804688 0.765625 0.808594 0.769531 0.824219 0.820312 0.828125 0.824219 0.828125 0.902344 0.828125 0.906250 0.816406 0.941406 0.812500 0.945312 0.812500 0.968750 0.812500 0.972656 0.800781 0.988281 0.796875 0.992188 0.776042 1.000000 0.708008 1.000000 0.687500 0.988281 0.683594 0.984375 0.656250 0.902344 0.652344 0.898438 0.640625 0.839844 0.636719 0.835938 0.628906 0.738281 0.628906 0.734375 0.644531 0.695312 0.644531 0.691406 0.687500 0.628906
0 0.960938 0.160156 0.976562 0.160156 0.980469 0.160156 1.000000 0.167969 1.000000 0.265381 0.972656 0.277344 0.968750 0.277344 0.937500 0.316406 0.937500 0.320312 0.875000 0.328125 0.871094 0.328125 0.867188 0.324219 0.867188 0.320312 0.886719 0.285156 0.886719 0.281250 0.960938 0.160156
0 0.960938 0.160156 0.976562 0.160156 0.980469 0.160156 1.000000 0.168294 1.000000 0.535156 1.000000 0.535156 0.941406 0.523438 0.937500 0.519531 0.890625 0.527344 0.886719 0.527344 0.847656 0.503906 0.843750 0.500000 0.800781 0.488281 0.796875 0.488281 0.761719 0.457031 0.757812 0.453125 0.765625 0.441406 0.769531 0.437500 0.789062 0.433594 0.792969 0.429688 0.816406 0.433594 0.820312 0.433594 0.828125 0.425781 0.832031 0.421875 0.835938 0.402344 0.835938 0.398438 0.851562 0.382812 0.855469 0.378906 0.886719 0.367188 0.890625 0.363281 0.890625 0.351562 0.890625 0.347656 0.875000 0.332031 0.871094 0.328125 0.878906 0.300781 0.878906 0.296875 0.933594 0.199219 0.933594 0.195312 0.960938 0.160156
0 1.000000 0.988281 1.000000 0.988281 0.980469 0.972656 0.976562 0.968750 0.898438 0.976562 0.894531 0.976562 0.882812 0.964844 0.878906 0.960938 0.882812 0.906250 0.882812 0.902344 0.914062 0.847656 0.914062 0.843750 0.937500 0.816406 0.937500 0.812500 1.000000 0.750000
0 0.835938 0.933594 0.843750 0.953125 0.843750 0.957031 0.867188 0.980469 0.871094 0.980469 0.869141 1.000000 0.790625 1.000000 0.804688 0.988281 0.808594 0.984375 0.835938 0.933594
0 0.386719 0.207031 0.398438 0.207031 0.402344 0.207031 0.429688 0.234375 0.433594 0.238281 0.433594 0.246094 0.433594 0.250000 0.406250 0.296875 0.402344 0.300781 0.351562 0.324219 0.347656 0.324219 0.339844 0.320312 0.335938 0.316406 0.332031 0.296875 0.332031 0.292969 0.343750 0.265625 0.343750 0.261719 0.386719 0.207031
0 0.449219 0.000000 0.511719 0.003906 0.511719 0.007812 0.480469 0.035156 0.476562 0.039062 0.457031 0.039062 0.453125 0.039062 0.449219 0.000000
0 0.187500 0.000000 0.257812 0.000000 0.257812 0.003906 0.222656 0.046875 0.218750 0.050781 0.191406 0.058594 0.187500 0.058594 0.179688 0.050781 0.175781 0.046875 0.187500 0.000000
0 0.113281 0.617188 0.140625 0.621094 0.144531 0.625000 0.140625 0.648438 0.136719 0.652344 0.089844 0.652344 0.085938 0.648438 0.085938 0.636719 0.085938 0.632812 0.093750 0.625000 0.097656 0.621094 0.113281 0.617188
0 0.078125 0.390625 0.082031 0.390625 0.085938 0.390625 0.101562 0.410156 0.105469 0.414062 0.113281 0.437500 0.117188 0.441406 0.117188 0.457031 0.113281 0.460938 0.074219 0.429688 0.070312 0.429688 0.078125 0.390625
0 0.144531 0.710938 0.164062 0.714844 0.167969 0.714844 0.167969 0.738281 0.164062 0.742188 0.140625 0.738281 0.136719 0.734375 0.144531 0.710938
0 0.125000 0.171875 0.164062 0.175781 0.167969 0.175781 0.171875 0.179688 0.175781 0.183594 0.167969 0.203125 0.167969 0.207031 0.164062 0.210938 0.160156 0.214844 0.140625 0.214844 0.136719 0.214844 0.121094 0.195312 0.117188 0.191406 0.117188 0.183594 0.117188 0.179688 0.125000 0.171875
0 0.257812 0.335938 0.292969 0.343750 0.296875 0.347656 0.300781 0.355469 0.300781 0.359375 0.289062 0.386719 0.285156 0.390625 0.277344 0.390625 0.273438 0.390625 0.257812 0.367188 0.253906 0.363281 0.253906 0.347656 0.250000 0.343750 0.257812 0.335938
0 0.355469 0.437500 0.378906 0.441406 0.382812 0.445312 0.414062 0.511719 0.417969 0.515625 0.414062 0.527344 0.414062 0.531250 0.371094 0.542969 0.367188 0.542969 0.363281 0.519531 0.363281 0.515625 0.351562 0.503906 0.347656 0.500000 0.355469 0.437500
0 0.464844 0.300781 0.480469 0.300781 0.484375 0.300781 0.492188 0.312500 0.496094 0.316406 0.492188 0.328125 0.488281 0.332031 0.460938 0.332031 0.457031 0.328125 0.457031 0.316406 0.457031 0.312500 0.464844 0.300781
0 1.000000 1.000000 0.950040 1.000000 0.950090 0.999883 0.950090 0.989309 0.947446 0.983140 0.945936 0.981629 0.940900 0.981629 0.938382 0.982888 0.935865 0.982888 0.933977 0.984147 0.929570 0.985406 0.927052 0.985406 0.922017 0.986665 0.911946 0.987294 0.907540 0.988553 0.896839 0.989182 0.891174 0.991700 0.884060 1.000000 0.746906 1.000000 0.740753 0.995078 0.730346 0.990618 0.725885 0.990618 0.719938 0.996564 0.718452 0.999538 0.717066 1.000000 0.690664 1.000000 0.688716 0.998052 0.688716 0.993591 0.687229 0.990618 0.687229 0.987644 0.685742 0.986157 0.685742 0.983184 0.682769 0.978723 0.681282 0.974263 0.681282 0.971289 0.678308 0.968316 0.675335 0.963855 0.666414 0.954935 0.663440 0.950474 0.661954 0.946014 0.658980 0.943041 0.658980 0.940067 0.656007 0.938580 0.653033 0.935607 0.653033 0.926686 0.651546 0.925199 0.651546 0.916279 0.650059 0.913305 0.650059 0.893977 0.648573 0.891003 0.648573 0.867214 0.644112 0.856807 0.644112 0.850860 0.641139 0.835992 0.636678 0.827071 0.635191 0.818151 0.632218 0.806256 0.627757 0.795849 0.627757 0.791389 0.626271 0.788415 0.626271 0.785441 0.624784 0.783955 0.624784 0.780981 0.623297 0.779494 0.623297 0.760166 0.624784 0.752732 0.624784 0.749759 0.629245 0.740838 0.630731 0.731917 0.633705 0.725970 0.633705 0.720023 0.635191 0.714076 0.635191 0.708129 0.639652 0.690288 0.642625 0.684340 0.644112 0.679880 0.644112 0.676906 0.645599 0.675420 0.645599 0.659065 0.647086 0.656091 0.647086 0.641223 0.645599 0.638250 0.642625 0.636763 0.639652 0.630816 0.639652 0.627843 0.638165 0.626355 0.638165 0.617435 0.641139 0.611488 0.644112 0.611488 0.647086 0.604054 0.654520 0.596620 0.663440 0.578779 0.663440 0.574318 0.667901 0.563911 0.669388 0.557964 0.669388 0.553503 0.672361 0.550530 0.672361 0.546070 0.673848 0.540122 0.675335 0.538636 0.678308 0.528228 0.678308 0.523768 0.681282 0.516334 0.685742 0.510387 0.690202 0.505926 0.691689 0.502953 0.694663 0.501466 0.700610 0.495519 0.703584 0.495519 0.708044 0.491058 0.709531 0.488085 0.709531 0.485111 0.712504 0.482137 0.716964 0.471730 0.721425 0.465783 0.727372 0.459836 0.728859 0.456863 0.736293 0.449429 0.739266 0.441995 0.746700 0.428614 0.749674 0.427127 0.763267 0.413533 0.766453 0.411409 0.767515 0.409285 0.772825 0.405037 0.777073 0.402913 0.780259 0.402913 0.785569 0.399727 0.788755 0.399727 0.800437 0.395479 0.804685 0.393355 0.807871 0.393355 0.817429 0.386984 0.819553 0.386984 0.828757 0.382736 0.839377 0.382736 0.844686 0.379196 0.865926 0.343796 0.869213 0.302292 0.979686 0.153288 1.000000 0.166140
0 0.099020 0.784889 0.085735 0.784151 0.068759 0.781198 0.067283 0.779722 0.061379 0.776770 0.053998 0.768651 0.051046 0.763485 0.048094 0.756104 0.044403 0.753152 0.042189 0.750200 0.037023 0.739129 0.034808 0.739129 0.032594 0.740605 0.030380 0.742819 0.029642 0.745033 0.026689 0.749461 0.022261 0.753890 0.018571 0.755366 0.017095 0.756842 0.013404 0.756104 0.011928 0.754628 0.008976 0.748723 0.008976 0.739129 0.014143 0.733962 0.014880 0.731748 0.019309 0.728796 0.022999 0.725105 0.032594 0.718463 0.038499 0.719201 0.042927 0.723629 0.047355 0.729534 0.050308 0.731748 0.052522 0.732486 0.055474 0.735438 0.062855 0.738391 0.067283 0.741343 0.069498 0.742081 0.080568 0.742081 0.082783 0.743557 0.087949 0.743557 0.099758 0.745033 0.118948 0.745033 0.121162 0.745771 0.127067 0.745771 0.130019 0.745033 0.135186 0.745033 0.137400 0.744295 0.140352 0.746509 0.141090 0.751676 0.141090 0.760532 0.138138 0.770865 0.135186 0.774556 0.132233 0.776032 0.121900 0.778246 0.110091 0.778984 0.091639 0.788579
0 0.484136 0.635463 0.468252 0.643087 0.461899 0.644993 0.456816 0.645628 0.454911 0.646899 0.452369 0.651346 0.449193 0.651982 0.444110 0.651346 0.441568 0.648805 0.440298 0.641181 0.440298 0.630380 0.444745 0.624027 0.446651 0.622756 0.450463 0.618309 0.453640 0.617038 0.459993 0.612591 0.461899 0.611955 0.465711 0.608144 0.469523 0.606237 0.472700 0.606237 0.479053 0.611320 0.480959 0.611955 0.488583 0.621486 0.488583 0.626568 0.486677 0.630380
0 0.498113 0.658335 0.495572 0.653252 0.495572 0.638639 0.494936 0.636098 0.494936 0.625298 0.494301 0.620850 0.494936 0.618944 0.499384 0.612591 0.501290 0.611955 0.510184 0.611955 0.513361 0.610685 0.519079 0.610050 0.531150 0.610050 0.535598 0.609414 0.536868 0.611955 0.536868 0.622756 0.536233 0.625298 0.534327 0.627839 0.533057 0.631016 0.531150 0.632921 0.530515 0.635463 0.526703 0.643087 0.526068 0.646264 0.522891 0.652617 0.520350 0.653887 0.518444 0.656429 0.516538 0.657064 0.507643 0.664688 0.501925 0.664053
0 0.574988 0.512843 0.576259 0.523644 0.581342 0.529998 0.583883 0.531904 0.590236 0.534445 0.592778 0.535080 0.597861 0.535080 0.601673 0.538257 0.605484 0.540163 0.619462 0.539528 0.627721 0.536986 0.633439 0.534445 0.634710 0.532539 0.636616 0.531904 0.637251 0.527456 0.634075 0.521103 0.634075 0.518562 0.630263 0.502678 0.630263 0.494419 0.628357 0.488066 0.628357 0.478536 0.626450 0.477265 0.615650 0.474088 0.608026 0.474088 0.593413 0.486795 0.592778 0.488701 0.585789 0.497596 0.583883 0.498866 0.581977 0.502678 0.580071 0.503949 0.577530 0.507761
0 0.568000 0.418814 0.564188 0.413096 0.563552 0.407378 0.561646 0.401660 0.561646 0.399119 0.559105 0.395942 0.559105 0.388954 0.559741 0.387048 0.565459 0.384506 0.568000 0.384506 0.569906 0.383236 0.575624 0.382600 0.579436 0.380694 0.582613 0.381329 0.583883 0.383871 0.585789 0.385141 0.587695 0.388954 0.593413 0.390859 0.595319 0.392130 0.600402 0.400389 0.600402 0.402931 0.597861 0.411190 0.595954 0.413096 0.587695 0.416908 0.583883 0.417543 0.578165 0.420085 0.573082 0.420085
0 0.340550 0.365446 0.346268 0.363540 0.355163 0.361634 0.362787 0.359093 0.364693 0.357187 0.367234 0.357187 0.377400 0.353375 0.377400 0.347657 0.376129 0.342574 0.371682 0.335586 0.365329 0.335586 0.349445 0.333679 0.336738 0.333679 0.334832 0.334315 0.332926 0.338127 0.332926 0.341304 0.329750 0.349563 0.327208 0.354010 0.327208 0.356552 0.330385 0.362905 0.332291 0.364811 0.334197 0.365446
0 0.438392 0.420720 0.429497 0.414367 0.423144 0.411825 0.419332 0.407378 0.419332 0.401660 0.420602 0.399119 0.432038 0.391495 0.435850 0.389589 0.445380 0.386412 0.447286 0.384506 0.451098 0.382600 0.459993 0.380059 0.465711 0.380694 0.468252 0.383236 0.468888 0.385141 0.468888 0.395942 0.468252 0.397848 0.465711 0.399119 0.465076 0.401660 0.459358 0.409284 0.457452 0.410555 0.455546 0.413096 0.451734 0.415637 0.449193 0.415637 0.442839 0.418179
0 0.343092 0.444227 0.351986 0.430886 0.353892 0.430250 0.357704 0.430250 0.360246 0.428344 0.369140 0.423897 0.371046 0.421355 0.375494 0.418814 0.381847 0.416273 0.385659 0.413732 0.386930 0.410555 0.386930 0.396577 0.386295 0.393401 0.384388 0.388954 0.379941 0.382600 0.377400 0.382600 0.374858 0.381329 0.366599 0.381329 0.352621 0.384506 0.349445 0.384506 0.348174 0.386412 0.345633 0.386412 0.343727 0.388318 0.341186 0.388954 0.338645 0.391495 0.327208 0.399754 0.323396 0.403566 0.320220 0.408649 0.318314 0.409284 0.317043 0.411190 0.315772 0.423261 0.316408 0.425803 0.320855 0.430250 0.320855 0.432791 0.323396 0.436604 0.325302 0.442321 0.327208 0.444227 0.328479 0.446769 0.330385 0.448675 0.338009 0.448675
0 0.719845 0.192636 0.715397 0.188188 0.711585 0.179929 0.707773 0.175481 0.703326 0.165951 0.700784 0.155786 0.700784 0.149433 0.703961 0.142444 0.709044 0.134820 0.709679 0.132914 0.711585 0.130373 0.715397 0.127196 0.717939 0.127831 0.719845 0.130373 0.720480 0.132279 0.724292 0.136091 0.724927 0.137996 0.726833 0.139267 0.730645 0.144985 0.731280 0.148162 0.731280 0.159598 0.732551 0.162139 0.736363 0.165951 0.745893 0.172940 0.747799 0.176752 0.749070 0.183741 0.749070 0.189459 0.747799 0.192636 0.745893 0.195177 0.734457 0.199624 0.728104 0.199624 0.726198 0.197718 0.723657 0.196447
0 0.688713 0.214237 0.688078 0.202801 0.685537 0.191365 0.685537 0.188823 0.684266 0.186282 0.683630 0.183105 0.683630 0.174846 0.684266 0.172940 0.688078 0.172940 0.692525 0.174211 0.697608 0.177388 0.700149 0.179929 0.706503 0.183105 0.711585 0.184376 0.715397 0.186282 0.718574 0.189459 0.728104 0.193271 0.733822 0.197718 0.734457 0.199624 0.736363 0.201530 0.736998 0.204071 0.736363 0.206613 0.734457 0.208519 0.730010 0.210425 0.724927 0.211060 0.702055 0.211060 0.693796 0.213601
0 0.691890 0.246639 0.686172 0.243462 0.684266 0.241556 0.681725 0.237744 0.674736 0.223767 0.672830 0.221861 0.671559 0.217413 0.665841 0.204707 0.664571 0.199624 0.664571 0.191365 0.666477 0.190094 0.679818 0.190094 0.681725 0.189459 0.687443 0.191365 0.689984 0.194541 0.693796 0.197083 0.698879 0.204071 0.701420 0.209789 0.705232 0.214237 0.707138 0.219955 0.707138 0.241556 0.705232 0.245368 0.703326 0.246639 0.698243 0.246639 0.697608 0.244733
0 0.297348 0.156421 0.294806 0.151974 0.294171 0.141173 0.294171 0.132914 0.297348 0.129102 0.297348 0.117666 0.298618 0.115125 0.301795 0.111312 0.306878 0.110042 0.312596 0.110042 0.320220 0.114489 0.328479 0.120843 0.331656 0.122113 0.336103 0.126561 0.341186 0.129102 0.345633 0.132914 0.355163 0.137361 0.355798 0.143079 0.351986 0.150068 0.348174 0.154515 0.344362 0.155786 0.338009 0.159598 0.305607 0.159598 0.302430 0.158963
0 0.169010 0.460746 0.159480 0.460746 0.154398 0.460111 0.148044 0.456934 0.144232 0.453122 0.142962 0.449310 0.140420 0.447404 0.139785 0.444227 0.139785 0.438509 0.140420 0.435968 0.142326 0.433427 0.146773 0.429615 0.151856 0.427709 0.153762 0.425803 0.160116 0.422626 0.162657 0.421991 0.165198 0.420085 0.168375 0.419450 0.170281 0.418179 0.174728 0.416908 0.181082 0.416908 0.188705 0.423897 0.197600 0.429615 0.204589 0.431521 0.221743 0.431521 0.224284 0.432156 0.226190 0.433427 0.228096 0.437239 0.228096 0.441051 0.223014 0.444227 0.216025 0.449945 0.212213 0.451852 0.206495 0.452487 0.200141 0.455028 0.197600 0.455028 0.195694 0.456299 0.189976 0.456299 0.186164 0.458205 0.181717 0.458840 0.178540 0.460111 0.175364 0.460111
0 0.119085 0.274573 0.116539 0.274255 0.108902 0.269800 0.096810 0.260253 0.093946 0.256753 0.089809 0.248479 0.085354 0.242751 0.080581 0.238614 0.077398 0.234159 0.074216 0.228113 0.073580 0.225250 0.073580 0.223022 0.074535 0.221112 0.079308 0.219521 0.090127 0.219521 0.100628 0.218249 0.109538 0.218567 0.120994 0.222386 0.126086 0.225250 0.134996 0.231614 0.138178 0.237023 0.138178 0.252934 0.138814 0.255480 0.138178 0.263117 0.136905 0.265027 0.133723 0.267572 0.129586 0.268845 0.125449 0.271391 0.122904 0.271709
0 1.000000 0.680469 0.992188 0.675781 0.988281 0.671875 0.988281 0.656250 0.988281 0.652344 1.000000 0.633929
0 0.761719 0.472656 0.792969 0.492188 0.796875 0.496094 0.820312 0.500000 0.824219 0.500000 0.847656 0.511719 0.851562 0.511719 0.921875 0.566406 0.925781 0.570312 0.921875 0.589844 0.921875 0.593750 0.910156 0.601562 0.906250 0.605469 0.898438 0.625000 0.898438 0.628906 0.878906 0.648438 0.875000 0.652344 0.851562 0.652344 0.847656 0.652344 0.828125 0.644531 0.824219 0.644531 0.824219 0.640625 0.824219 0.636719 0.773438 0.570312 0.773438 0.566406 0.730469 0.515625 0.726562 0.515625 0.730469 0.503906 0.730469 0.500000 0.761719 0.472656
