0 0.941406 0.062500 0.953125 0.062500 0.957031 0.062500 0.960938 0.066406 0.968750 0.066406 0.972656 0.066406 0.972656 0.070312 0.976562 0.074219 1.000000 0.074219 1.000000 0.074219 1.000000 0.101562 0.988281 0.101562 0.984375 0.101562 0.980469 0.097656 0.972656 0.097656 0.968750 0.097656 0.960938 0.089844 0.957031 0.085938 0.957031 0.082031 0.957031 0.078125 0.953125 0.074219 0.945312 0.074219 0.941406 0.070312 0.941406 0.062500
0 0.695312 0.082031 0.703125 0.082031 0.707031 0.082031 0.710938 0.085938 0.710938 0.093750 0.710938 0.097656 0.707031 0.101562 0.687500 0.101562 0.683594 0.101562 0.683594 0.093750 0.683594 0.089844 0.687500 0.085938 0.691406 0.085938 0.695312 0.082031
0 0.707031 0.121094 0.714844 0.121094 0.718750 0.121094 0.722656 0.125000 0.726562 0.128906 0.726562 0.132812 0.726562 0.136719 0.722656 0.140625 0.718750 0.144531 0.714844 0.144531 0.714844 0.140625 0.710938 0.136719 0.710938 0.132812 0.707031 0.128906 0.707031 0.121094
0 0.003906 0.125000 0.015625 0.125000 0.019531 0.125000 0.023438 0.128906 0.027344 0.128906 0.031250 0.128906 0.035156 0.132812 0.039062 0.132812 0.050781 0.144531 0.054688 0.148438 0.058594 0.148438 0.062500 0.152344 0.062500 0.160156 0.062500 0.164062 0.066406 0.167969 0.066406 0.171875 0.066406 0.175781 0.062500 0.179688 0.054688 0.179688 0.050781 0.179688 0.046875 0.175781 0.042969 0.175781 0.042969 0.171875 0.031250 0.160156 0.027344 0.156250 0.027344 0.144531 0.027344 0.140625 0.023438 0.136719 0.019531 0.136719 0.015625 0.132812 0.007812 0.132812 0.003906 0.132812 0.003906 0.125000
0 0.554688 0.132812 0.558594 0.132812 0.562500 0.132812 0.562500 0.140625 0.562500 0.144531 0.566406 0.148438 0.570312 0.148438 0.562500 0.148438 0.558594 0.152344 0.554688 0.148438 0.550781 0.144531 0.539062 0.144531 0.535156 0.144531 0.546875 0.144531 0.550781 0.144531 0.554688 0.140625 0.554688 0.132812
0 0.933594 0.183594 0.945312 0.183594 0.949219 0.187500 0.945312 0.191406 0.941406 0.195312 0.937500 0.195312 0.933594 0.195312 0.933594 0.183594
0 0.773438 0.195312 0.781250 0.195312 0.785156 0.195312 0.785156 0.207031 0.781250 0.210938 0.777344 0.210938 0.777344 0.207031 0.773438 0.203125 0.773438 0.195312
0 0.968750 0.230469 0.972656 0.230469 0.976562 0.230469 0.976562 0.261719 0.976562 0.265625 0.972656 0.269531 0.968750 0.269531 0.964844 0.273438 0.964844 0.261719 0.964844 0.257812 0.968750 0.253906 0.968750 0.238281 0.964844 0.234375 0.968750 0.230469
0 0.207031 0.269531 0.214844 0.269531 0.218750 0.269531 0.218750 0.273438 0.222656 0.277344 0.218750 0.281250 0.214844 0.285156 0.210938 0.285156 0.207031 0.281250 0.187500 0.281250 0.183594 0.281250 0.183594 0.277344 0.183594 0.273438 0.199219 0.273438 0.203125 0.273438 0.207031 0.269531
0 0.687500 0.296875 0.695312 0.296875 0.699219 0.300781 0.695312 0.304688 0.695312 0.308594 0.695312 0.312500 0.691406 0.316406 0.687500 0.320312 0.687500 0.324219 0.683594 0.328125 0.679688 0.328125 0.675781 0.324219 0.671875 0.324219 0.671875 0.320312 0.671875 0.316406 0.675781 0.312500 0.675781 0.308594 0.687500 0.296875
0 0.324219 0.328125 0.359375 0.328125 0.363281 0.328125 0.367188 0.332031 0.367188 0.355469 0.367188 0.359375 0.363281 0.363281 0.359375 0.367188 0.355469 0.363281 0.351562 0.363281 0.347656 0.363281 0.343750 0.359375 0.339844 0.359375 0.335938 0.355469 0.332031 0.351562 0.332031 0.347656 0.332031 0.343750 0.328125 0.339844 0.328125 0.335938 0.328125 0.332031 0.324219 0.328125
0 0.425781 0.351562 0.441406 0.351562 0.441406 0.355469 0.437500 0.359375 0.425781 0.359375 0.421875 0.363281 0.421875 0.359375 0.421875 0.355469 0.425781 0.351562
0 0.183594 0.355469 0.187500 0.359375 0.191406 0.359375 0.187500 0.363281 0.183594 0.367188 0.183594 0.371094 0.179688 0.375000 0.179688 0.378906 0.175781 0.375000 0.171875 0.375000 0.171875 0.371094 0.171875 0.367188 0.183594 0.355469
0 0.222656 0.425781 0.230469 0.425781 0.234375 0.425781 0.238281 0.429688 0.242188 0.433594 0.242188 0.449219 0.242188 0.453125 0.246094 0.457031 0.246094 0.460938 0.242188 0.464844 0.238281 0.464844 0.234375 0.468750 0.234375 0.449219 0.234375 0.445312 0.230469 0.441406 0.218750 0.441406 0.214844 0.441406 0.214844 0.437500 0.214844 0.433594 0.218750 0.433594 0.222656 0.429688 0.222656 0.425781
0 0.820312 0.441406 0.847656 0.441406 0.851562 0.441406 0.855469 0.445312 0.859375 0.445312 0.863281 0.445312 0.867188 0.449219 0.867188 0.472656 0.867188 0.476562 0.863281 0.480469 0.859375 0.480469 0.855469 0.484375 0.851562 0.484375 0.847656 0.484375 0.843750 0.480469 0.839844 0.480469 0.839844 0.472656 0.839844 0.468750 0.835938 0.464844 0.832031 0.464844 0.828125 0.464844 0.824219 0.460938 0.820312 0.457031 0.820312 0.441406
0 0.578125 0.707031 0.601562 0.707031 0.601562 0.710938 0.597656 0.714844 0.585938 0.714844 0.582031 0.714844 0.582031 0.710938 0.578125 0.707031
0 0.175781 0.734375 0.179688 0.734375 0.183594 0.734375 0.191406 0.742188 0.195312 0.746094 0.207031 0.746094 0.210938 0.750000 0.207031 0.753906 0.203125 0.757812 0.191406 0.757812 0.187500 0.753906 0.171875 0.753906 0.167969 0.753906 0.167969 0.746094 0.167969 0.742188 0.175781 0.734375
0 0.015625 0.808594 0.023438 0.808594 0.027344 0.808594 0.023438 0.812500 0.023438 0.816406 0.019531 0.820312 0.011719 0.820312 0.007812 0.816406 0.015625 0.808594
0 0.500000 0.867188 0.503906 0.871094 0.503906 0.875000 0.500000 0.878906 0.496094 0.882812 0.488281 0.882812 0.484375 0.886719 0.484375 0.882812 0.484375 0.878906 0.488281 0.875000 0.488281 0.871094 0.492188 0.871094 0.496094 0.871094 0.500000 0.867188
