0 0.158482 0.000000 0.171875 0.007812 0.175781 0.007812 0.187500 0.019531 0.191406 0.023438 0.195312 0.042969 0.195312 0.046875 0.148438 0.070312 0.144531 0.074219 0.113281 0.078125 0.109375 0.078125 0.105469 0.035156 0.101562 0.031250 0.101562 0.003906 0.101562 0.000000 0.101562 0.000000
0 0.101562 0.160156 0.148438 0.167969 0.152344 0.167969 0.179688 0.183594 0.183594 0.183594 0.191406 0.195312 0.191406 0.199219 0.183594 0.210938 0.179688 0.214844 0.117188 0.230469 0.113281 0.234375 0.089844 0.234375 0.085938 0.234375 0.074219 0.226562 0.070312 0.226562 0.062500 0.210938 0.062500 0.207031 0.074219 0.187500 0.074219 0.183594 0.101562 0.160156
0 0.000000 0.181641 0.007812 0.218750 0.007812 0.222656 0.000000 0.236328
0 0.062500 0.261719 0.132812 0.269531 0.136719 0.273438 0.226562 0.269531 0.230469 0.269531 0.234375 0.304688 0.234375 0.308594 0.195312 0.347656 0.191406 0.351562 0.156250 0.363281 0.152344 0.363281 0.097656 0.390625 0.093750 0.390625 0.070312 0.417969 0.066406 0.421875 0.050781 0.425781 0.046875 0.425781 0.035156 0.402344 0.031250 0.398438 0.027344 0.367188 0.023438 0.363281 0.023438 0.324219 0.023438 0.320312 0.035156 0.277344 0.035156 0.273438 0.062500 0.261719
0 0.011719 0.222656 0.023438 0.226562 0.027344 0.230469 0.027344 0.250000 0.031250 0.253906 0.023438 0.300781 0.023438 0.304688 0.011719 0.324219 0.007812 0.324219 0.000000 0.319010 0.000000 0.244629 0.011719 0.222656
0 0.265625 0.453125 0.281250 0.453125 0.285156 0.453125 0.292969 0.460938 0.296875 0.464844 0.304688 0.492188 0.304688 0.496094 0.281250 0.500000 0.277344 0.500000 0.253906 0.492188 0.250000 0.488281 0.246094 0.476562 0.246094 0.472656 0.265625 0.453125
0 0.140625 0.378906 0.164062 0.390625 0.167969 0.390625 0.226562 0.445312 0.230469 0.449219 0.230469 0.457031 0.230469 0.460938 0.226562 0.464844 0.222656 0.468750 0.207031 0.468750 0.203125 0.472656 0.179688 0.472656 0.175781 0.472656 0.160156 0.464844 0.156250 0.464844 0.132812 0.421875 0.128906 0.417969 0.128906 0.394531 0.128906 0.390625 0.140625 0.378906
0 0.105469 0.386719 0.117188 0.386719 0.121094 0.390625 0.117188 0.410156 0.113281 0.414062 0.093750 0.425781 0.089844 0.429688 0.070312 0.429688 0.066406 0.429688 0.058594 0.421875 0.054688 0.417969 0.054688 0.414062 0.058594 0.410156 0.105469 0.386719
0 0.406250 0.429688 0.433594 0.445312 0.437500 0.445312 0.453125 0.464844 0.457031 0.468750 0.449219 0.492188 0.449219 0.496094 0.441406 0.503906 0.437500 0.507812 0.421875 0.511719 0.417969 0.515625 0.402344 0.511719 0.398438 0.511719 0.390625 0.500000 0.386719 0.496094 0.390625 0.449219 0.390625 0.445312 0.406250 0.429688
0 0.355469 0.496094 0.375000 0.496094 0.378906 0.496094 0.390625 0.503906 0.394531 0.503906 0.402344 0.511719 0.406250 0.515625 0.406250 0.527344 0.406250 0.531250 0.371094 0.589844 0.371094 0.593750 0.347656 0.597656 0.343750 0.597656 0.308594 0.582031 0.304688 0.582031 0.300781 0.570312 0.300781 0.566406 0.324219 0.515625 0.324219 0.511719 0.355469 0.496094
0 0.230469 0.410156 0.281250 0.414062 0.285156 0.414062 0.328125 0.433594 0.328125 0.437500 0.296875 0.449219 0.292969 0.453125 0.250000 0.457031 0.246094 0.457031 0.226562 0.437500 0.222656 0.433594 0.222656 0.417969 0.222656 0.414062 0.230469 0.410156
0 0.261719 0.671875 0.269531 0.671875 0.273438 0.671875 0.296875 0.695312 0.300781 0.699219 0.363281 0.726562 0.367188 0.730469 0.367188 0.746094 0.367188 0.750000 0.351562 0.765625 0.347656 0.769531 0.312500 0.824219 0.308594 0.828125 0.300781 0.828125 0.296875 0.824219 0.269531 0.753906 0.269531 0.750000 0.238281 0.718750 0.234375 0.714844 0.238281 0.699219 0.238281 0.695312 0.261719 0.671875
0 0.218750 0.609375 0.238281 0.613281 0.242188 0.613281 0.253906 0.625000 0.257812 0.628906 0.257812 0.648438 0.257812 0.652344 0.187500 0.652344 0.183594 0.648438 0.187500 0.628906 0.187500 0.625000 0.218750 0.609375
0 0.492188 0.617188 0.503906 0.621094 0.507812 0.625000 0.511719 0.667969 0.511719 0.671875 0.496094 0.699219 0.496094 0.703125 0.484375 0.707031 0.480469 0.710938 0.457031 0.699219 0.453125 0.699219 0.429688 0.664062 0.429688 0.660156 0.445312 0.640625 0.449219 0.636719 0.464844 0.632812 0.468750 0.632812 0.492188 0.617188
0 0.617188 0.417969 0.648438 0.417969 0.652344 0.417969 0.707031 0.441406 0.710938 0.441406 0.714844 0.449219 0.718750 0.453125 0.718750 0.480469 0.718750 0.484375 0.710938 0.496094 0.710938 0.500000 0.675781 0.515625 0.671875 0.515625 0.640625 0.503906 0.636719 0.500000 0.601562 0.500000 0.597656 0.500000 0.578125 0.492188 0.574219 0.492188 0.566406 0.484375 0.562500 0.480469 0.562500 0.457031 0.562500 0.453125 0.574219 0.441406 0.578125 0.437500 0.617188 0.417969
0 0.480469 0.296875 0.496094 0.300781 0.500000 0.304688 0.500000 0.335938 0.500000 0.339844 0.492188 0.351562 0.488281 0.355469 0.464844 0.355469 0.460938 0.355469 0.457031 0.347656 0.453125 0.343750 0.453125 0.324219 0.453125 0.320312 0.480469 0.296875
0 0.335938 0.171875 0.359375 0.175781 0.363281 0.179688 0.363281 0.199219 0.363281 0.203125 0.347656 0.214844 0.343750 0.218750 0.324219 0.210938 0.320312 0.207031 0.324219 0.187500 0.324219 0.183594 0.335938 0.171875
0 0.937500 0.746094 0.992188 0.753906 0.996094 0.753906 0.996094 0.906250 0.996094 0.910156 0.976562 0.906250 0.972656 0.906250 0.945312 0.890625 0.941406 0.890625 0.875000 0.843750 0.871094 0.839844 0.873427 0.814925 0.875000 0.781250 0.902714 0.767266 0.937500 0.746094
0 0.828125 0.878906 0.855469 0.902344 0.859375 0.906250 0.945312 0.953125 0.949219 0.953125 0.992188 0.984375 0.996094 0.984375 0.996094 1.000000 0.902344 1.000000 0.902344 1.000000 0.855469 0.953125 0.851562 0.949219 0.832031 0.933594 0.828125 0.929688 0.812500 0.925781 0.808594 0.925781 0.808594 0.906250 0.808594 0.902344 0.816406 0.890625 0.816406 0.886719 0.828125 0.878906
0 0.375000 0.882812 0.398438 0.882812 0.402344 0.882812 0.410156 0.890625 0.414062 0.894531 0.437500 0.929688 0.441406 0.933594 0.441406 0.968750 0.437500 0.972656 0.417969 0.976562 0.414062 0.976562 0.394531 0.960938 0.390625 0.957031 0.367188 0.914062 0.363281 0.910156 0.363281 0.898438 0.363281 0.894531 0.375000 0.882812
0 0.359375 0.777344 0.453125 0.777344 0.457031 0.777344 0.464844 0.792969 0.468750 0.796875 0.468750 0.812500 0.468750 0.816406 0.464844 0.820312 0.460938 0.824219 0.433594 0.824219 0.429688 0.824219 0.421875 0.832031 0.417969 0.835938 0.363281 0.832031 0.359375 0.832031 0.351562 0.824219 0.347656 0.820312 0.347656 0.812500 0.343750 0.808594 0.347656 0.789062 0.347656 0.785156 0.359375 0.777344
0 0.921875 0.179688 0.945312 0.179688 0.949219 0.179688 0.968750 0.187500 0.972656 0.187500 0.992188 0.226562 0.996094 0.226562 0.996094 0.332031 0.996094 0.335938 0.953125 0.335938 0.949219 0.335938 0.925781 0.289062 0.921875 0.285156 0.917969 0.253906 0.914062 0.250000 0.914062 0.187500 0.914062 0.183594 0.921875 0.179688
0 0.984375 0.382812 0.992188 0.382812 0.996094 0.382812 0.996094 0.445312 0.996094 0.449219 0.988281 0.449219 0.984375 0.449219 0.960938 0.464844 0.957031 0.468750 0.925781 0.480469 0.921875 0.484375 0.898438 0.488281 0.894531 0.488281 0.886719 0.480469 0.882812 0.476562 0.878906 0.457031 0.878906 0.453125 0.906250 0.425781 0.910156 0.421875 0.984375 0.382812
0 0.769531 0.992188 0.812500 0.992188 0.816406 0.992188 0.821615 1.000000 0.761719 1.000000 0.761719 1.000000 0.761719 0.996094 0.769531 0.992188
0 0.460938 0.000000 0.460938 0.000000 0.460938 0.003906 0.472656 0.019531 0.476562 0.019531 0.460938 0.039062 0.460938 0.042969 0.457031 0.046875 0.453125 0.050781 0.382812 0.070312 0.378906 0.074219 0.347656 0.070312 0.343750 0.070312 0.339844 0.066406 0.335938 0.062500 0.335938 0.046875 0.335938 0.042969 0.324219 0.023438 0.320312 0.019531 0.289062 0.019531 0.285156 0.019531 0.271484 0.000000
0 0.000000 0.625781 0.023438 0.628906 0.027344 0.632812 0.074219 0.621094 0.078125 0.621094 0.109375 0.636719 0.113281 0.640625 0.167969 0.656250 0.171875 0.656250 0.203125 0.679688 0.207031 0.683594 0.218750 0.710938 0.218750 0.714844 0.257812 0.742188 0.261719 0.746094 0.285156 0.804688 0.289062 0.808594 0.292969 0.902344 0.292969 0.906250 0.312500 0.937500 0.316406 0.941406 0.320312 0.984375 0.316406 0.988281 0.164062 0.992188 0.160156 0.992188 0.093750 0.980469 0.089844 0.976562 0.035156 0.976562 0.031250 0.976562 0.000000 0.966947
0 0.117188 0.996094 0.140625 0.996094 0.144531 0.996094 0.148438 1.000000 0.114583 1.000000 0.117188 0.996094
0 0.054688 0.976562 0.125000 0.984375 0.128906 0.984375 0.152344 1.000000 0.152344 1.000000 0.046875 1.000000 0.046875 0.984375 0.046875 0.980469 0.054688 0.976562
0 0.066406 0.445312 0.074219 0.445312 0.078125 0.445312 0.082031 0.453125 0.085938 0.457031 0.140625 0.621094 0.144531 0.625000 0.144531 0.640625 0.140625 0.644531 0.132812 0.644531 0.128906 0.644531 0.082031 0.621094 0.078125 0.617188 0.031250 0.625000 0.027344 0.628906 0.003906 0.621094 0.000000 0.617188 0.003906 0.593750 0.003906 0.589844 0.031250 0.539062 0.035156 0.535156 0.066406 0.445312
0 0.714844 0.968750 0.726562 0.972656 0.730469 0.972656 0.750000 0.996094 0.753906 1.000000 0.753906 1.000000 0.672230 1.000000 0.714844 0.968750
0 0.828125 0.789062 0.859375 0.792969 0.863281 0.796875 0.863281 0.835938 0.863281 0.839844 0.808594 0.886719 0.804688 0.890625 0.761719 0.906250 0.757812 0.910156 0.730469 0.906250 0.726562 0.906250 0.707031 0.878906 0.703125 0.875000 0.703125 0.851562 0.703125 0.847656 0.753906 0.828125 0.757812 0.828125 0.819447 0.793883 0.828125 0.789062
0 0.636719 0.949219 0.667969 0.960938 0.671875 0.964844 0.671875 0.988281 0.671875 0.992188 0.663352 1.000000 0.591797 1.000000 0.593750 0.992188 0.593750 0.988281 0.609375 0.964844 0.613281 0.960938 0.636719 0.949219
0 0.667969 0.890625 0.691406 0.898438 0.695312 0.902344 0.675781 0.937500 0.675781 0.941406 0.671875 0.945312 0.667969 0.945312 0.636719 0.937500 0.632812 0.937500 0.625000 0.917969 0.625000 0.914062 0.648438 0.898438 0.652344 0.894531 0.667969 0.890625
0 0.554688 0.324219 0.578125 0.332031 0.582031 0.332031 0.597656 0.347656 0.601562 0.351562 0.613281 0.347656 0.617188 0.347656 0.695312 0.363281 0.699219 0.363281 0.722656 0.375000 0.726562 0.378906 0.726562 0.410156 0.726562 0.414062 0.714844 0.421875 0.710938 0.425781 0.691406 0.429688 0.687500 0.429688 0.640625 0.414062 0.636719 0.410156 0.601562 0.406250 0.597656 0.406250 0.570312 0.378906 0.566406 0.375000 0.546875 0.367188 0.542969 0.363281 0.535156 0.339844 0.535156 0.335938 0.554688 0.324219
0 0.789062 0.292969 0.812500 0.292969 0.816406 0.296875 0.816406 0.320312 0.816406 0.324219 0.800781 0.363281 0.800781 0.367188 0.769531 0.410156 0.765625 0.414062 0.726562 0.414062 0.722656 0.414062 0.722656 0.382812 0.722656 0.378906 0.761719 0.324219 0.761719 0.320312 0.789062 0.292969
0 0.871094 0.339844 0.898438 0.339844 0.902344 0.339844 0.937500 0.351562 0.941406 0.351562 0.960938 0.371094 0.964844 0.375000 0.964844 0.382812 0.964844 0.386719 0.898438 0.421875 0.894531 0.421875 0.867188 0.457031 0.863281 0.460938 0.839844 0.468750 0.835938 0.472656 0.777344 0.480469 0.773438 0.480469 0.761719 0.457031 0.757812 0.453125 0.761719 0.425781 0.761719 0.421875 0.769531 0.410156 0.769531 0.406250 0.824219 0.359375 0.828125 0.355469 0.871094 0.339844
0 0.839844 0.019531 0.863281 0.019531 0.867188 0.023438 0.867188 0.042969 0.867188 0.046875 0.855469 0.078125 0.855469 0.082031 0.839844 0.105469 0.839844 0.109375 0.808594 0.125000 0.804688 0.125000 0.792969 0.144531 0.789062 0.144531 0.792969 0.128906 0.796875 0.125000 0.804688 0.062500 0.804688 0.058594 0.812500 0.046875 0.812500 0.042969 0.839844 0.019531
0 0.798160 0.218520 0.804858 0.215729 0.812114 0.210705 0.815464 0.205681 0.818813 0.198983 0.822720 0.193959 0.823279 0.190610 0.824953 0.188377 0.828861 0.174422 0.829977 0.167724 0.831652 0.163259 0.831652 0.147629 0.830535 0.145954 0.826070 0.144838 0.816580 0.144838 0.805416 0.150978 0.797602 0.160468 0.794811 0.164933 0.785879 0.171073 0.776948 0.176097 0.773599 0.179446 0.770808 0.183354 0.765226 0.188377 0.759644 0.192285 0.759086 0.194518 0.759086 0.205681 0.761877 0.209589 0.765226 0.212380 0.767459 0.212938 0.768575 0.214613 0.775274 0.216845 0.783088 0.216845 0.788112 0.217962 0.792578 0.217962
0 0.807649 0.161584 0.798718 0.158793 0.794252 0.156002 0.792020 0.156002 0.789787 0.154886 0.789787 0.152653 0.788670 0.150978 0.788670 0.145954 0.792578 0.140930 0.796485 0.138698 0.798718 0.138140 0.800393 0.136465 0.802625 0.135907 0.804300 0.134232 0.806532 0.134232 0.815464 0.128650 0.821046 0.121394 0.823279 0.120277 0.824395 0.118603 0.826628 0.118045 0.830535 0.115254 0.833326 0.114695 0.840024 0.115812 0.838350 0.114137 0.836117 0.113579 0.834442 0.108555 0.834442 0.106323 0.837791 0.105764 0.852305 0.111346 0.864585 0.124185 0.865143 0.128650 0.862910 0.129209 0.851188 0.129209 0.848955 0.129767 0.845606 0.138698 0.841699 0.143163 0.836117 0.152095 0.832210 0.156002 0.827744 0.158793 0.826628 0.160468 0.818813 0.163259 0.814905 0.165491 0.809882 0.165491
0 0.425225 0.265688 0.438298 0.257284 0.458841 0.255417 0.471914 0.247946 0.488722 0.247946 0.496193 0.243278 0.499928 0.237675 0.500861 0.216198 0.503663 0.212463 0.503663 0.204059 0.502729 0.202191 0.496193 0.200323 0.495259 0.191920 0.485921 0.176045 0.470980 0.176045 0.469113 0.180714 0.465378 0.182582 0.456040 0.180714 0.452305 0.195655 0.435496 0.197522 0.428026 0.225536 0.408417 0.229271 0.396277 0.237675 0.396277 0.256350 0.402814 0.262887 0.415887 0.264755
0 0.515802 0.198456 0.504596 0.186317 0.494325 0.185383 0.489656 0.179780 0.482186 0.178846 0.482186 0.170443 0.485921 0.168575 0.485921 0.162038 0.487788 0.160171 0.487788 0.148032 0.484053 0.141495 0.472848 0.133091 0.467245 0.125621 0.468179 0.112548 0.471914 0.107879 0.471914 0.098541 0.468179 0.092938 0.465378 0.092938 0.460709 0.089203 0.453238 0.078932 0.449503 0.070527 0.449503 0.064925 0.453238 0.057454 0.458841 0.057454 0.460709 0.069594 0.464444 0.071461 0.487788 0.071461 0.494325 0.076130 0.498994 0.077064 0.510199 0.090137 0.510199 0.092938 0.516736 0.104144 0.519537 0.106945 0.527007 0.108812 0.534478 0.116283 0.534478 0.131223 0.538213 0.151767 0.546617 0.162038 0.549418 0.172310 0.548484 0.174177 0.540080 0.176979 0.531676 0.176979 0.531676 0.186317 0.525140 0.197522
0 0.542882 0.147098 0.538213 0.139627 0.538213 0.134025 0.531676 0.125621 0.531676 0.111614 0.542882 0.102276 0.549418 0.100409 0.564359 0.087336 0.575564 0.091071 0.577432 0.095739 0.583034 0.101342 0.593306 0.107879 0.597975 0.115349 0.597975 0.129356 0.592372 0.133091 0.583034 0.133091 0.569961 0.137760 0.565293 0.141495 0.551286 0.145230
0 0.389741 0.330120 0.377602 0.322649 0.371999 0.322649 0.365462 0.317046 0.357992 0.315179 0.357992 0.286232 0.368264 0.279695 0.382271 0.279695 0.389741 0.282496 0.389741 0.285298 0.392542 0.288099 0.393476 0.304907 0.396277 0.312378 0.400012 0.316113 0.400012 0.327318 0.398145 0.328252
0 0.317839 0.353464 0.352389 0.353464 0.363595 0.340391 0.374800 0.331054 0.376668 0.324517 0.373867 0.320782 0.364529 0.317046 0.346787 0.317046 0.332780 0.335722 0.320641 0.345060
0 0.329045 0.330120 0.318773 0.328252 0.318773 0.304907 0.329979 0.298371 0.339317 0.300238 0.341184 0.307709 0.345853 0.315179 0.345853 0.323583 0.340250 0.327318 0.336515 0.327318
0 0.489656 0.403889 0.491523 0.411359 0.500861 0.419763 0.501795 0.422564 0.504596 0.423498 0.512067 0.434704 0.520471 0.435637 0.525140 0.433770 0.528875 0.420697 0.538213 0.408557 0.555021 0.401087 0.556888 0.396418 0.555955 0.388014 0.552220 0.386146 0.542882 0.386146 0.533544 0.382411 0.519537 0.382411 0.499928 0.397352 0.495259 0.398286
0 0.381337 0.439372 0.367330 0.430968 0.354257 0.417895 0.361727 0.412293 0.375734 0.408557 0.385072 0.421630 0.387873 0.421630 0.400012 0.429101 0.399079 0.438439 0.390675 0.438439
0 0.413086 0.430034 0.418688 0.423498 0.432695 0.419763 0.436430 0.415094 0.441099 0.407624 0.441099 0.394551 0.427093 0.393617 0.416821 0.395484 0.412152 0.398286 0.404682 0.408557 0.404682 0.402955 0.413086 0.382411 0.400012 0.371206 0.385072 0.373074 0.376668 0.379610 0.363595 0.380544 0.361727 0.382411 0.361727 0.388014 0.371999 0.403889 0.373867 0.416028 0.381337 0.426299 0.393476 0.432836 0.406549 0.433770
0 0.966088 0.582736 0.960753 0.582069 0.946081 0.576734 0.944080 0.574733 0.938078 0.571398 0.936744 0.569398 0.934744 0.568730 0.932743 0.564062 0.932743 0.559394 0.934077 0.551391 0.937411 0.542721 0.948082 0.526715 0.950082 0.524714 0.950750 0.522047 0.952750 0.520713 0.953417 0.518712 0.959419 0.516045 0.966088 0.515378 0.968089 0.513377 0.972091 0.512043 0.983428 0.503373 0.989430 0.497371 0.994099 0.491369 0.996100 0.491369 0.996766 0.493370 0.996766 0.551391 0.998100 0.553392 0.998100 0.586737 0.991431 0.588071 0.972757 0.588071 0.971424 0.586070
0 0.963421 0.568730 0.963421 0.542721 0.962087 0.540720 0.961420 0.536052 0.959419 0.530050 0.959419 0.518045 0.961420 0.516712 0.966088 0.515378 0.995432 0.515378 0.996100 0.560061 0.998100 0.571398 0.998100 0.582069 0.993432 0.584736 0.978093 0.584736 0.969423 0.580735 0.967422 0.579401 0.966088 0.577400 0.962087 0.575400 0.960753 0.573399
0 0.999327 0.000000 0.997954 0.030667 0.971710 0.005616 0.971984 0.000000
0 0.267662 0.251669 0.297973 0.275349 0.336335 0.270613 0.343439 0.245512 0.308866 0.241250 0.273345 0.244091 0.258190 0.238408 0.258190 0.241250 0.259611 0.243618
0 0.252033 0.232251 0.221722 0.190100 0.206567 0.166420 0.264347 0.149844 0.289921 0.184891 0.293237 0.231304
0 0.322127 0.241250 0.327810 0.226568 0.332072 0.225147 0.338229 0.224673 0.366646 0.224673 0.368540 0.225621 0.375644 0.240776 0.375170 0.243618 0.372329 0.249301 0.368540 0.252143 0.366172 0.257352 0.364277 0.258300 0.361436 0.261615 0.359541 0.263036 0.351964 0.265877 0.349596 0.265877 0.345333 0.267298 0.339650 0.266824 0.337755 0.265404 0.333493 0.259720 0.332546 0.257352 0.330178 0.255931 0.325442 0.251195 0.323074 0.246459 0.321653 0.245039
0 0.031649 0.054018 0.024545 0.048493 0.019020 0.037442 0.018230 0.018498 0.012539 0.000000 0.051591 0.000000 0.059276 0.035863 0.058487 0.055596 0.037174 0.060332
0 0.798304 0.726383 0.823955 0.720807 0.847375 0.720807 0.840684 0.714115 0.838454 0.709654 0.838454 0.702963 0.830647 0.699617 0.829531 0.688464 0.808342 0.686234 0.800535 0.688464 0.794959 0.692926 0.790498 0.697387 0.784921 0.708539 0.784921 0.713000 0.782691 0.714115 0.783806 0.723037 0.788267 0.724153
0 0.813918 0.785491 0.812803 0.769878 0.802765 0.748688 0.802765 0.741997 0.799420 0.740882 0.797189 0.734190 0.798304 0.725268 0.827301 0.725268 0.832877 0.728614 0.838454 0.736420 0.841799 0.746458 0.838454 0.755380 0.836223 0.757610 0.829531 0.758725 0.833993 0.759841 0.840684 0.757610 0.856298 0.757610 0.856298 0.763186 0.850721 0.777685 0.845145 0.777685 0.833993 0.784376 0.828416 0.791068 0.828416 0.793298 0.818379 0.794414
0 0.267444 0.382886 0.231756 0.382886 0.223949 0.379540 0.217258 0.371733 0.221719 0.363926 0.226180 0.362811 0.233987 0.353889 0.238448 0.352773 0.252946 0.339391 0.261868 0.340506 0.284173 0.367272 0.286404 0.373963 0.280827 0.377309 0.275251 0.377309
0 0.586406 0.859098 0.586406 0.817834 0.588637 0.810027 0.591983 0.806681 0.608711 0.797759 0.633247 0.777685 0.658898 0.763186 0.671166 0.752034 0.684548 0.746458 0.689010 0.743112 0.706854 0.719692 0.738081 0.700732 0.753694 0.698502 0.759271 0.700732 0.775999 0.714115 0.813918 0.763186 0.813918 0.768763 0.807227 0.787722 0.804996 0.788838 0.803880 0.796644 0.791613 0.817834 0.780460 0.824525 0.773769 0.825641 0.753694 0.839024 0.736966 0.844600 0.657782 0.846830 0.646630 0.850176 0.645515 0.852407 0.631016 0.857983 0.629901 0.860213 0.616518 0.864675 0.600905 0.866905 0.591983 0.870251 0.589752 0.870251 0.593098 0.866905
0 0.511684 0.832332 0.565217 0.804451 0.562986 0.804451 0.523952 0.767648 0.506108 0.793298
0 0.802765 0.604821 0.793843 0.592553 0.790498 0.583631 0.784921 0.579170 0.780460 0.579170 0.777114 0.575824 0.768193 0.574709 0.765962 0.572479 0.764847 0.559095 0.767077 0.559095 0.768193 0.556865 0.775999 0.555750 0.777114 0.553519 0.781575 0.553519 0.787152 0.549058 0.796074 0.547943 0.812803 0.561326 0.819494 0.563556 0.840684 0.561326 0.846260 0.562441 0.857413 0.570248 0.855182 0.573594 0.841799 0.581400 0.835108 0.593668 0.829531 0.597014 0.825070 0.597014 0.813918 0.601475
0 0.487149 0.787722 0.475996 0.784376 0.459268 0.774339 0.457037 0.772109 0.455922 0.759841 0.462613 0.753149 0.468190 0.735305 0.477112 0.728614 0.483803 0.728614 0.491610 0.730844 0.496071 0.734190 0.503878 0.741997 0.522837 0.755380 0.529529 0.763186 0.529529 0.776570 0.522837 0.782146 0.497186 0.789953
0 0.586406 0.766532 0.570793 0.754264 0.569678 0.741997 0.571908 0.741997 0.577484 0.736420 0.584176 0.735305 0.589752 0.728614 0.598674 0.726383 0.603135 0.723037 0.608711 0.726383 0.613173 0.736420 0.613173 0.740882 0.606481 0.744227 0.597559 0.754264 0.595329 0.763186
0 0.519531 0.976562 0.535156 0.976562 0.539062 0.976562 0.542969 0.996094 0.546875 1.000000 0.546875 1.000000 0.476562 1.000000 0.464844 0.996094 0.460938 0.992188 0.460938 0.984375 0.460938 0.980469 0.500000 0.984375 0.503906 0.984375 0.519531 0.976562
0 0.417969 0.320312 0.437500 0.324219 0.441406 0.324219 0.445312 0.339844 0.449219 0.343750 0.449219 0.359375 0.449219 0.363281 0.437500 0.386719 0.433594 0.390625 0.421875 0.390625 0.417969 0.390625 0.414062 0.382812 0.410156 0.378906 0.410156 0.335938 0.410156 0.332031 0.417969 0.320312
0 0.256310 0.000000 0.277344 0.039062 0.277344 0.042969 0.246094 0.046875 0.242188 0.046875 0.203125 0.039062 0.199219 0.035156 0.195312 0.027344 0.191406 0.023438 0.191406 0.007812 0.191406 0.003906 0.197266 0.000000
0 0.823471 0.235325 0.823471 0.251937 0.814611 0.253045 0.813503 0.264120 0.803536 0.272980 0.797998 0.275196 0.796890 0.277411 0.781385 0.277411 0.770310 0.279626 0.770310 0.281841 0.765880 0.285163 0.764772 0.289593 0.752589 0.295131 0.748159 0.295131 0.748159 0.297346 0.745944 0.297346 0.745944 0.299561 0.739299 0.306206 0.734869 0.313959 0.726009 0.321712 0.721579 0.321712 0.713826 0.330572 0.700536 0.335002 0.690568 0.344970 0.657342 0.344970 0.656234 0.340540 0.656234 0.342755 0.658449 0.342755 0.660664 0.353830 0.660664 0.366013 0.658449 0.367120 0.651804 0.366013 0.644545 0.369395 0.631561 0.375473 0.622057 0.381250 0.604786 0.370234 0.607671 0.356670 0.620750 0.355205 0.616363 0.344970 0.618578 0.344970 0.608611 0.338325 0.599750 0.336110 0.596428 0.332787 0.596428 0.312852 0.598643 0.312852 0.598643 0.308421 0.593105 0.300669 0.593105 0.284056 0.588675 0.282948 0.584245 0.278518 0.584245 0.276303 0.587568 0.269658 0.587568 0.265228 0.589782 0.269658 0.606395 0.185486 0.659557 0.172195 0.663987 0.172195 0.677277 0.183271 0.680600 0.183271 0.692783 0.191023 0.701643 0.189916 0.709396 0.181055 0.720471 0.179948 0.734869 0.196561 0.741514 0.199884 0.754804 0.203206 0.770310 0.204314 0.779170 0.210959 0.783600 0.215389 0.783600 0.217604 0.792460 0.220927 0.801320 0.229787 0.807966 0.232002 0.809073 0.234217 0.813503 0.234217 0.824579 0.244185 0.824579 0.247507 0.824579 0.226464 0.815718 0.225357 0.812396 0.228679 0.804643 0.228679 0.813503 0.232002 0.824579 0.244185 0.824579 0.257475 0.817934 0.264120
0 0.719866 0.000000 0.742188 0.015625 0.746094 0.019531 0.781250 0.035156 0.785156 0.035156 0.792969 0.050781 0.796875 0.054688 0.789062 0.113281 0.789062 0.117188 0.773438 0.156250 0.773438 0.160156 0.757812 0.175781 0.753906 0.179688 0.753906 0.187500 0.750000 0.191406 0.761719 0.230469 0.765625 0.234375 0.761719 0.265625 0.757812 0.269531 0.718750 0.269531 0.714844 0.269531 0.687500 0.257812 0.683594 0.253906 0.660156 0.250000 0.656250 0.250000 0.617188 0.222656 0.613281 0.222656 0.601562 0.171875 0.597656 0.167969 0.593750 0.125000 0.593750 0.121094 0.550781 0.070312 0.546875 0.066406 0.546875 0.046875 0.546875 0.042969 0.559152 0.000000
0 0.695312 0.574219 0.707031 0.578125 0.710938 0.582031 0.699219 0.628906 0.699219 0.632812 0.656250 0.644531 0.652344 0.644531 0.652344 0.617188 0.652344 0.613281 0.660156 0.597656 0.660156 0.593750 0.675781 0.582031 0.679688 0.578125 0.695312 0.574219
0 0.921875 0.597656 0.925781 0.597656 0.929688 0.597656 0.941406 0.621094 0.945312 0.625000 0.945312 0.640625 0.945312 0.644531 0.933594 0.648438 0.929688 0.652344 0.914062 0.648438 0.910156 0.648438 0.906250 0.640625 0.902344 0.636719 0.902344 0.613281 0.902344 0.609375 0.921875 0.597656
0 0.855469 0.558594 0.863281 0.558594 0.867188 0.558594 0.875000 0.566406 0.878906 0.570312 0.882812 0.582031 0.886719 0.585938 0.887825 0.598484 0.878906 0.597656 0.867188 0.597656 0.863281 0.597656 0.855469 0.589844 0.851562 0.585938 0.847656 0.570312 0.847656 0.566406 0.855469 0.558594
0 0.496094 0.535156 0.550781 0.539062 0.554688 0.539062 0.562500 0.550781 0.562500 0.554688 0.542969 0.570312 0.539062 0.574219 0.531250 0.574219 0.527344 0.574219 0.500000 0.558594 0.496094 0.554688 0.496094 0.535156
0 0.406250 0.652344 0.429688 0.652344 0.433594 0.652344 0.433594 0.667969 0.433594 0.671875 0.453125 0.703125 0.457031 0.707031 0.429688 0.714844 0.425781 0.718750 0.398438 0.718750 0.394531 0.714844 0.402344 0.691406 0.406250 0.687500 0.406250 0.652344
0 0.320312 0.824219 0.335938 0.832031 0.339844 0.835938 0.339844 0.851562 0.339844 0.855469 0.332031 0.871094 0.332031 0.875000 0.328125 0.878906 0.324219 0.882812 0.312500 0.882812 0.308594 0.882812 0.304688 0.875000 0.300781 0.871094 0.300781 0.847656 0.300781 0.843750 0.304688 0.832031 0.304688 0.828125 0.320312 0.824219
0 0.988281 0.707031 0.992188 0.707031 0.996094 0.707031 0.996094 0.746094 0.996094 0.750000 0.945312 0.738281 0.941406 0.734375 0.945312 0.714844 0.949219 0.710938 0.988281 0.707031
0 0.074825 0.082968 0.067842 0.072993 0.059862 0.071995 0.058864 0.068005 0.060860 0.067007 0.088790 0.066010 0.100761 0.068005 0.101758 0.070000 0.101758 0.091945 0.099763 0.091945 0.092780 0.100923 0.084800 0.100923 0.078815 0.097930 0.074825 0.090948
0 0.155281 0.532820 0.162839 0.550457 0.188034 0.551716 0.191814 0.541639 0.199372 0.531561 0.204411 0.530301 0.223307 0.513924 0.223307 0.501327 0.206931 0.501327 0.204411 0.502586 0.203152 0.506366 0.195593 0.510145 0.181736 0.510145 0.171658 0.515184 0.162839 0.515184 0.159061 0.518963 0.152762 0.520223 0.147723 0.524002
0 0.574777 0.568093 0.581075 0.581950 0.581075 0.609665 0.568478 0.610925 0.562179 0.614704 0.526906 0.615964 0.536984 0.599587 0.538244 0.592029 0.540764 0.592029 0.542023 0.589509 0.547063 0.586989 0.550841 0.586989 0.552101 0.583210 0.557140 0.579431 0.558400 0.571873 0.560920 0.569353 0.564699 0.569353
0 0.849402 0.610925 0.840583 0.617223 0.819168 0.617223 0.817908 0.614704 0.817908 0.595808 0.820427 0.593288 0.833025 0.592029 0.833025 0.586989 0.838064 0.585730 0.844362 0.592029 0.848142 0.599587
0 0.416049 0.748237 0.407230 0.741938 0.385815 0.740679 0.385815 0.728081 0.421087 0.723042 0.428646 0.724302 0.436205 0.730600 0.436205 0.733120 0.448802 0.734380 0.456361 0.733120 0.456361 0.720523 0.456361 0.752016 0.428646 0.753276 0.428646 0.750757 0.426127 0.749497
0 0.419828 0.869173 0.394633 0.869173 0.394633 0.866653 0.392114 0.866653 0.392114 0.841458 0.393373 0.838939 0.411010 0.838939 0.411010 0.841458 0.418568 0.842718 0.418568 0.840198 0.419828 0.847757 0.426127 0.836419 0.429906 0.838939 0.432425 0.847757 0.434945 0.850277 0.434945 0.867913 0.429906 0.869173
0 0.866364 0.334489 0.870175 0.332107 0.872080 0.329725 0.879703 0.323055 0.881608 0.320197 0.888754 0.313051 0.891136 0.312098 0.894948 0.308764 0.898759 0.307334 0.902093 0.304476 0.907810 0.302094 0.909716 0.299712 0.913050 0.297330 0.924961 0.293519 0.927343 0.294472 0.930201 0.297330 0.933536 0.304000 0.936394 0.307811 0.937347 0.312098 0.937347 0.326867 0.935918 0.328296 0.928771 0.330202 0.924484 0.332107 0.921149 0.338777 0.919720 0.340206 0.912098 0.344493 0.906381 0.345923 0.898759 0.345923 0.879703 0.343064 0.874462 0.343064 0.870175 0.342111 0.863029 0.342111 0.861600 0.340206 0.862076 0.335442
0 0.993323 0.944223 0.981100 0.948297 0.973970 0.948297 0.972951 0.950334 0.968877 0.950334 0.966840 0.952371 0.946468 0.953390 0.944431 0.952371 0.944431 0.942186 0.940357 0.933018 0.940357 0.919777 0.950543 0.917739 0.998416 0.916721 0.998416 0.936074
