0 0.406250 0.105469 0.453125 0.113281 0.457031 0.113281 0.476562 0.125000 0.480469 0.125000 0.492188 0.140625 0.496094 0.144531 0.496094 0.160156 0.496094 0.164062 0.492188 0.167969 0.488281 0.171875 0.476562 0.171875 0.472656 0.171875 0.406250 0.156250 0.402344 0.156250 0.394531 0.144531 0.390625 0.140625 0.390625 0.125000 0.390625 0.121094 0.406250 0.105469
0 0.759512 0.000000 0.752111 0.000000 0.750859 0.038801 0.779439 0.040100 0.791131 0.037502 0.815813 0.023212 0.824907 0.005025 0.828927 0.000000 0.776498 0.000000 0.771645 0.002427
0 0.836598 0.011520 0.817112 0.011520 0.810617 0.027109 0.804121 0.032305 0.809318 0.054389 0.826206 0.053091 0.826206 0.036202 0.841795 0.025810 0.841795 0.023212
0 0.852187 0.219373 0.835300 0.220672 0.815813 0.225868 0.806720 0.240158 0.793729 0.240158 0.793729 0.242756 0.802823 0.251850 0.806720 0.273934 0.813215 0.288224 0.810617 0.302514 0.811916 0.299916 0.841795 0.292121 0.846991 0.277832 0.859982 0.281729 0.878169 0.272635 0.871674 0.267439 0.867777 0.257046 0.867777 0.240158 0.863879 0.233663 0.863879 0.224569
0 0.329957 0.053091 0.328658 0.133634 0.340350 0.141428 0.362434 0.147923 0.367630 0.128437 0.380621 0.118045 0.391014 0.115446 0.393612 0.105054 0.409201 0.099857 0.410500 0.092063 0.407902 0.084268 0.389715 0.068680 0.345546 0.046595
0 0.511829 0.214177 0.527417 0.207681 0.527417 0.205083 0.537810 0.199887 0.533913 0.184298 0.524819 0.182999 0.523520 0.170008 0.517025 0.162213 0.501436 0.159615 0.492342 0.172606 0.494940 0.207681
0 0.227330 0.037502 0.248115 0.037502 0.245517 0.021913 0.236423 0.006324 0.246816 0.001127 0.253579 0.000000 0.210091 0.000000 0.209143 0.006324 0.215638 0.021913
0 0.284489 0.144026 0.266302 0.146624 0.249414 0.146624 0.241620 0.144026 0.248115 0.170008 0.259807 0.180400 0.274096 0.182999 0.283190 0.180400 0.294882 0.164811
0 0.259807 0.225868 0.262405 0.242756 0.270199 0.253149 0.284489 0.253149 0.293583 0.259645 0.301377 0.268738 0.320864 0.263542 0.327359 0.259645 0.328658 0.246654 0.302677 0.247953 0.302677 0.236261 0.280592 0.229766 0.272798 0.221971 0.270199 0.221971
0 0.000000 0.056997 0.005187 0.062184 0.029870 0.085568 0.050655 0.093362 0.064945 0.094661 0.054552 0.073876 0.049355 0.072577 0.041561 0.060885 0.038963 0.060885 0.024673 0.032305 0.014280 0.020614 0.000000 0.023291
0 0.000000 0.123241 0.025972 0.121942 0.033767 0.115446 0.037664 0.102455 0.010383 0.098558 0.000000 0.103101
0 0.136394 0.173905 0.122104 0.171307 0.100020 0.173905 0.100020 0.176503 0.079234 0.182999 0.045458 0.201186 0.045458 0.203784 0.022075 0.210279 0.012981 0.221971 0.023374 0.224569 0.020776 0.257046 0.046757 0.263542 0.061047 0.257046 0.067543 0.250551 0.089627 0.250551 0.097421 0.253149 0.098721 0.255747 0.136394 0.263542 0.149385 0.258345 0.155880 0.254448 0.158479 0.242756 0.129898 0.240158 0.127300 0.227168 0.127300 0.223270 0.145488 0.206382 0.148086 0.186896
0 0.120805 0.128437 0.103917 0.133634 0.098721 0.141428 0.103917 0.154419 0.111711 0.154419 0.111711 0.164811 0.107814 0.172606 0.122104 0.170008 0.137693 0.175204 0.145488 0.186896 0.175366 0.192092 0.175366 0.177802 0.164974 0.176503 0.163675 0.164811 0.161077 0.159615 0.154581 0.155718 0.140291 0.132334
0 0.000000 0.269581 0.010383 0.272635 0.012981 0.255747 0.019477 0.247953 0.000000 0.247953
0 0.020776 0.289523 0.014280 0.299916 0.000000 0.305109 0.000000 0.277824 0.012981 0.267439 0.025972 0.268738 0.044159 0.279130 0.051954 0.296019
0 0.560923 0.075346 0.540630 0.065200 0.524143 0.063932 0.489899 0.072810 0.487363 0.053786 0.475948 0.048712 0.461997 0.048712 0.456924 0.063932 0.469607 0.065200 0.467070 0.067737 0.442973 0.075346 0.442973 0.082956 0.482289 0.088029 0.489899 0.100712 0.507655 0.091834 0.508923 0.089297 0.512728 0.090566 0.559654 0.090566
0 0.208343 0.085493 0.196928 0.075346 0.188050 0.071541 0.181709 0.077883 0.171562 0.079151 0.169026 0.069005 0.137319 0.069005 0.157611 0.079151 0.162684 0.089297 0.177904 0.103248 0.202001 0.105785 0.215952 0.095639
0 0.001803 0.672692 0.000000 0.673629 0.000000 0.717085 0.008266 0.730862 0.017315 0.729570 0.018608 0.730862 0.026364 0.730862 0.037998 0.733448 0.036705 0.712765 0.032828 0.712765 0.030242 0.694668 0.022486 0.684326
0 0.112974 0.597716 0.092291 0.614521 0.084535 0.593838 0.063852 0.602887 0.045754 0.600302 0.048340 0.600302 0.052218 0.624863 0.076779 0.627448 0.101340 0.657180 0.101340 0.659765 0.103925 0.659765 0.103925 0.662350 0.132364 0.663643 0.137535 0.653302 0.140120 0.653302 0.154340 0.640375 0.156925 0.640375 0.168559 0.627448 0.159511 0.614521 0.134950 0.606765 0.124608 0.600302
0 0.054803 0.350813 0.123315 0.348228 0.110389 0.324960 0.089705 0.295228 0.089705 0.292643 0.081950 0.288764 0.061266 0.288764 0.057389 0.301691 0.035413 0.312033 0.040584 0.327545 0.043169 0.332716 0.045754 0.334009
0 0.464584 0.348228 0.512413 0.312033 0.533096 0.312033 0.561535 0.306862 0.564121 0.313326 0.562828 0.322375 0.566706 0.339179 0.555072 0.353399 0.546023 0.361155 0.540852 0.353399 0.530511 0.372789 0.511121 0.363740 0.495608 0.361155 0.464584 0.361155 0.459413 0.358570
0 0.408998 0.317204 0.375389 0.313326 0.374096 0.327545 0.353413 0.331423 0.353413 0.344350 0.355998 0.345643 0.381852 0.348228 0.405121 0.355984 0.411584 0.343057 0.408998 0.330130
0 0.517584 0.229301 0.490438 0.230594 0.495608 0.246106 0.521462 0.253862
0 0.230469 0.382812 0.265625 0.394531 0.269531 0.394531 0.332031 0.441406 0.335938 0.445312 0.335938 0.488281 0.335938 0.492188 0.328125 0.527344 0.328125 0.531250 0.316406 0.550781 0.312500 0.554688 0.265625 0.550781 0.261719 0.550781 0.242188 0.562500 0.238281 0.566406 0.226562 0.566406 0.222656 0.566406 0.183594 0.535156 0.179688 0.531250 0.167969 0.449219 0.167969 0.445312 0.179688 0.425781 0.179688 0.421875 0.207031 0.394531 0.210938 0.390625 0.230469 0.382812
0 0.269531 0.609375 0.285156 0.609375 0.289062 0.609375 0.324219 0.660156 0.328125 0.664062 0.328125 0.683594 0.328125 0.687500 0.300781 0.730469 0.300781 0.734375 0.265625 0.757812 0.261719 0.757812 0.253906 0.742188 0.250000 0.738281 0.246094 0.648438 0.246094 0.644531 0.269531 0.609375
0 0.304688 0.832031 0.324219 0.835938 0.328125 0.839844 0.343750 0.878906 0.347656 0.882812 0.343750 0.894531 0.339844 0.898438 0.273438 0.898438 0.269531 0.894531 0.273438 0.875000 0.273438 0.871094 0.304688 0.832031
0 0.289062 0.789062 0.308594 0.800781 0.312500 0.804688 0.308594 0.824219 0.304688 0.828125 0.285156 0.824219 0.281250 0.824219 0.277344 0.812500 0.273438 0.808594 0.273438 0.804688 0.273438 0.800781 0.289062 0.789062
0 0.065145 0.726984 0.049632 0.728277 0.027657 0.741204 0.021193 0.759302 0.021193 0.773521 0.056096 0.776107 0.079364 0.765765 0.087120 0.745082 0.087120 0.736033 0.072901 0.737326 0.062559 0.742497
0 0.107803 0.710180 0.097462 0.719229 0.083242 0.721814 0.080657 0.741204 0.085828 0.751545 0.085828 0.769643 0.122023 0.769643 0.122023 0.765765 0.119438 0.764472 0.118145 0.743789 0.123315 0.738619 0.112974 0.728277 0.112974 0.721814
0 0.084535 0.829107 0.070315 0.842033 0.070315 0.856253 0.066438 0.858838 0.066438 0.862716 0.085828 0.870472 0.110389 0.873058 0.118145 0.861423 0.118145 0.857546 0.115559 0.857546 0.109096 0.847204 0.103925 0.848497 0.101340 0.832984
0 0.058681 0.887277 0.066438 0.900204 0.066438 0.902789 0.059974 0.911838 0.058681 0.928643 0.067730 0.929936 0.072901 0.914424 0.087120 0.918302 0.090998 0.915716 0.097462 0.895033 0.087120 0.895033 0.076779 0.883399
0 0.171145 0.710180 0.147877 0.720521 0.163389 0.741204 0.149169 0.776107 0.143998 0.796789 0.145291 0.803253 0.159511 0.807131 0.159511 0.779984 0.180193 0.773521 0.184071 0.782570 0.202169 0.774814 0.204755 0.774814 0.208632 0.782570 0.208632 0.769643 0.206047 0.769643 0.202169 0.760594 0.202169 0.743789 0.206047 0.728277 0.204755 0.714058 0.204755 0.716643 0.215096 0.719229 0.213803 0.710180 0.209925 0.707594 0.198291 0.707594 0.182779 0.719229
0 0.193120 0.686911 0.153047 0.685619 0.140120 0.666229 0.123315 0.666229 0.118145 0.684326 0.136242 0.698545 0.141413 0.706302 0.137535 0.717936 0.162096 0.717936 0.173730 0.712765 0.190535 0.716643
0 0.211218 0.658472 0.182779 0.658472 0.173730 0.652009 0.143998 0.657180 0.140120 0.661057 0.138828 0.673984 0.141413 0.676570 0.154340 0.686911 0.181486 0.688204 0.190535 0.679155 0.217681 0.679155 0.225437 0.676570 0.225437 0.658472
0 0.402535 0.589960 0.358584 0.588667 0.337901 0.599009 0.337901 0.602887 0.344364 0.618399 0.352120 0.622277 0.359877 0.635204 0.359877 0.639082 0.380559 0.631326 0.371511 0.626155 0.371511 0.611936 0.406413 0.609350 0.408998 0.601594
0 0.459413 0.376667 0.459413 0.412862 0.456828 0.412862 0.455535 0.423204 0.460706 0.421911 0.489145 0.403814 0.490438 0.389594 0.496901 0.381838 0.499486 0.381838 0.511121 0.397350 0.526633 0.405106 0.526633 0.412862 0.540852 0.397350 0.539560 0.388301 0.517584 0.388301 0.516291 0.375375 0.508535 0.361155 0.487852 0.361155 0.464584 0.365033
0 0.671413 0.290057 0.655901 0.296521 0.652023 0.309448 0.671413 0.317204 0.677877 0.330130 0.661072 0.335301 0.659779 0.337887 0.639096 0.346936 0.655901 0.355984 0.689511 0.355984 0.697267 0.350813 0.717950 0.348228 0.720536 0.297813 0.702438 0.295228 0.702438 0.313326 0.684340 0.313326 0.681755 0.300399
0 0.655901 0.379252 0.677877 0.376667 0.695974 0.377960 0.684340 0.366326 0.681755 0.366326 0.672706 0.358570 0.662364 0.358570 0.652023 0.355984 0.650730 0.366326 0.652023 0.371496
0 0.004389 0.530496 0.000000 0.534885 0.000000 0.573251 0.004389 0.574448 0.008266 0.564106 0.019901 0.564106 0.021193 0.573155 0.025071 0.580911 0.030242 0.582204 0.032828 0.582204 0.044462 0.574448 0.040584 0.555057 0.037998 0.553765 0.032828 0.540838 0.023779 0.536960 0.022486 0.547302 0.014730 0.544716
0 0.976562 0.597656 0.992188 0.605469 0.996094 0.609375 1.000000 0.617969 1.000000 0.730114 0.960938 0.726562 0.957031 0.730469 0.953125 0.722656 0.949219 0.718750 0.949219 0.632812 0.949219 0.628906 0.957031 0.617188 0.957031 0.613281 0.976562 0.597656
0 0.765625 0.738281 0.777344 0.738281 0.781250 0.738281 0.808594 0.773438 0.812500 0.777344 0.859375 0.777344 0.863281 0.777344 0.886719 0.769531 0.890625 0.765625 0.914062 0.765625 0.924915 0.768404 0.929949 0.785156 0.931338 0.797398 0.926565 0.806599 0.910156 0.800781 0.871094 0.812500 0.867188 0.816406 0.824219 0.816406 0.820312 0.816406 0.742188 0.800781 0.738281 0.800781 0.726562 0.796875 0.722656 0.792969 0.722656 0.781250 0.722656 0.777344 0.765625 0.738281
0 0.789062 0.644531 0.808594 0.648438 0.812500 0.648438 0.812500 0.664062 0.812500 0.667969 0.796875 0.707031 0.796875 0.710938 0.781250 0.722656 0.777344 0.726562 0.761719 0.730469 0.757812 0.730469 0.753906 0.722656 0.750000 0.718750 0.738281 0.667969 0.738281 0.664062 0.769531 0.656250 0.773438 0.656250 0.789062 0.644531
0 0.992188 0.765625 1.000000 0.771484 1.000000 1.000000 0.833984 1.000000 0.847656 0.972656 0.851562 0.968750 0.867188 0.917969 0.867188 0.914062 0.906250 0.871094 0.910156 0.867188 0.933594 0.851562 0.937500 0.847656 0.941406 0.828125 0.941406 0.824219 0.984375 0.781250 0.988281 0.777344 0.992188 0.765625
0 0.644531 0.906250 0.652344 0.910156 0.656250 0.914062 0.660156 0.929688 0.660156 0.933594 0.726562 1.000000 0.726562 1.000000 0.596644 1.000000 0.609375 0.968750 0.609375 0.964844 0.632812 0.921875 0.632812 0.917969 0.644531 0.906250
0 0.792969 0.957031 0.824219 0.960938 0.828125 0.964844 0.832031 0.988281 0.832031 0.992188 0.827344 1.000000 0.776042 1.000000 0.773438 0.996094 0.769531 0.992188 0.769531 0.968750 0.769531 0.964844 0.792969 0.957031
0 0.953807 0.740296 0.956586 0.751410 0.939915 0.762523 0.934358 0.775026 0.931580 0.802810 0.921855 0.802810 0.931580 0.841707 0.934358 0.841707 0.938526 0.825037 0.970477 0.795864 0.967699 0.790307 0.971866 0.779194 0.974645 0.779194 0.985758 0.769470 0.989926 0.769470 1.000000 0.775669 1.000000 0.730457 0.957975 0.729183
0 0.759953 0.072577 0.740467 0.075175 0.731373 0.081670 0.730074 0.115446 0.727476 0.119344 0.737868 0.121942 0.746962 0.121942 0.750859 0.112848 0.774243 0.110250 0.772944 0.086867
