0 0.000000 0.761914 0.074219 0.839844 0.078125 0.843750 0.132812 0.878906 0.136719 0.878906 0.144531 0.886719 0.148438 0.890625 0.148438 0.898438 0.148438 0.902344 0.015625 0.914062 0.011719 0.917969 0.000000 0.917734
0 0.834635 0.000000 0.839844 0.003906 0.843750 0.007812 0.847656 0.019531 0.851562 0.023438 0.843750 0.039062 0.839844 0.042969 0.847656 0.062500 0.847656 0.066406 0.867188 0.085938 0.871094 0.089844 0.925781 0.125000 0.929688 0.125000 0.933594 0.132812 0.937500 0.136719 0.933594 0.152344 0.933594 0.156250 0.863281 0.191406 0.859375 0.195312 0.824219 0.195312 0.820312 0.195312 0.781250 0.214844 0.777344 0.218750 0.726562 0.218750 0.722656 0.218750 0.703125 0.207031 0.699219 0.207031 0.632812 0.144531 0.628906 0.140625 0.605469 0.105469 0.601562 0.101562 0.597656 0.066406 0.597656 0.062500 0.578125 0.035156 0.574219 0.031250 0.574219 0.000000
0 0.984375 0.613281 1.000000 0.615513 1.000000 0.864583 0.968750 0.882812 0.964844 0.886719 0.882812 0.914062 0.878906 0.917969 0.855469 0.917969 0.851562 0.917969 0.847656 0.914062 0.843750 0.910156 0.843750 0.894531 0.843750 0.890625 0.863281 0.851562 0.863281 0.847656 0.886719 0.824219 0.890625 0.820312 0.894531 0.785156 0.894531 0.781250 0.929688 0.710938 0.933594 0.707031 0.945312 0.660156 0.945312 0.656250 0.984375 0.613281
0 0.800781 0.406250 0.812500 0.406250 0.816406 0.406250 0.828125 0.425781 0.832031 0.429688 0.855469 0.523438 0.855469 0.527344 0.886719 0.593750 0.886719 0.597656 0.878906 0.628906 0.878906 0.632812 0.863281 0.644531 0.859375 0.648438 0.839844 0.652344 0.835938 0.656250 0.792969 0.652344 0.789062 0.652344 0.757812 0.660156 0.753906 0.660156 0.718750 0.644531 0.714844 0.640625 0.703125 0.593750 0.699219 0.589844 0.718750 0.523438 0.718750 0.519531 0.765625 0.425781 0.765625 0.421875 0.769531 0.417969 0.773438 0.414062 0.800781 0.406250
0 0.585938 0.230469 0.628906 0.230469 0.632812 0.230469 0.691406 0.242188 0.695312 0.242188 0.699219 0.250000 0.703125 0.253906 0.703125 0.292969 0.703125 0.296875 0.675781 0.347656 0.671875 0.351562 0.632812 0.355469 0.628906 0.355469 0.589844 0.335938 0.585938 0.332031 0.566406 0.332031 0.562500 0.332031 0.511719 0.292969 0.507812 0.289062 0.507812 0.273438 0.507812 0.269531 0.519531 0.253906 0.523438 0.250000 0.554688 0.246094 0.558594 0.246094 0.566406 0.238281 0.570312 0.234375 0.585938 0.230469
0 0.867188 0.386719 0.878906 0.386719 0.882812 0.386719 0.933594 0.433594 0.937500 0.437500 0.937500 0.453125 0.937500 0.457031 0.898438 0.496094 0.894531 0.500000 0.882812 0.527344 0.878906 0.531250 0.863281 0.523438 0.859375 0.519531 0.843750 0.460938 0.839844 0.457031 0.843750 0.414062 0.843750 0.410156 0.867188 0.386719
0 1.000000 0.114955 0.992188 0.109375 0.988281 0.109375 0.980469 0.097656 0.976562 0.093750 0.976562 0.082031 0.976562 0.078125 0.992188 0.050781 0.992188 0.046875 1.000000 0.041016
0 1.000000 0.000000 1.000000 0.026693 0.996094 0.027344 0.992188 0.031250 0.964844 0.027344 0.960938 0.027344 0.957031 0.023438 0.953125 0.023438 0.953125 0.015625 0.953125 0.011719 0.955469 0.000000
0 0.699219 0.300781 0.730469 0.304688 0.734375 0.304688 0.750000 0.316406 0.753906 0.320312 0.757812 0.332031 0.761719 0.335938 0.761719 0.359375 0.761719 0.363281 0.753906 0.375000 0.753906 0.378906 0.730469 0.394531 0.726562 0.398438 0.707031 0.394531 0.703125 0.394531 0.691406 0.382812 0.687500 0.378906 0.683594 0.363281 0.679688 0.359375 0.683594 0.328125 0.683594 0.324219 0.699219 0.300781
0 0.828125 0.203125 0.847656 0.210938 0.851562 0.214844 0.863281 0.242188 0.863281 0.246094 0.859375 0.277344 0.859375 0.281250 0.839844 0.296875 0.835938 0.300781 0.832031 0.312500 0.832031 0.316406 0.824219 0.320312 0.820312 0.320312 0.789062 0.226562 0.785156 0.222656 0.796875 0.214844 0.800781 0.210938 0.828125 0.203125
0 0.816406 0.324219 0.820312 0.324219 0.824219 0.328125 0.824219 0.339844 0.824219 0.343750 0.816406 0.355469 0.816406 0.359375 0.804688 0.367188 0.800781 0.371094 0.781250 0.367188 0.777344 0.367188 0.773438 0.347656 0.773438 0.343750 0.785156 0.335938 0.789062 0.332031 0.816406 0.324219
0 0.613281 0.488281 0.632812 0.488281 0.636719 0.488281 0.644531 0.492188 0.648438 0.496094 0.652344 0.507812 0.652344 0.511719 0.640625 0.531250 0.640625 0.535156 0.621094 0.550781 0.617188 0.554688 0.613281 0.570312 0.613281 0.574219 0.585938 0.601562 0.582031 0.605469 0.554688 0.617188 0.550781 0.617188 0.546875 0.558594 0.546875 0.554688 0.613281 0.488281
0 0.445312 0.503906 0.460938 0.503906 0.464844 0.503906 0.464844 0.554688 0.464844 0.558594 0.457031 0.589844 0.457031 0.593750 0.460938 0.601562 0.460938 0.605469 0.484375 0.625000 0.488281 0.628906 0.492188 0.675781 0.492188 0.679688 0.476562 0.691406 0.472656 0.695312 0.453125 0.699219 0.449219 0.703125 0.402344 0.699219 0.398438 0.695312 0.355469 0.699219 0.351562 0.699219 0.347656 0.691406 0.343750 0.687500 0.335938 0.628906 0.335938 0.625000 0.359375 0.589844 0.359375 0.585938 0.339844 0.554688 0.339844 0.550781 0.343750 0.546875 0.347656 0.542969 0.386719 0.554688 0.390625 0.554688 0.414062 0.519531 0.417969 0.515625 0.445312 0.503906
0 0.000000 0.335503 0.019531 0.339844 0.023438 0.339844 0.058594 0.363281 0.062500 0.363281 0.074219 0.390625 0.078125 0.394531 0.074219 0.429688 0.074219 0.433594 0.066406 0.441406 0.062500 0.445312 0.019531 0.445312 0.015625 0.445312 0.003906 0.437500 0.000000 0.433594 0.000000 0.433594
0 0.089844 0.562500 0.144531 0.574219 0.148438 0.574219 0.164062 0.585938 0.167969 0.589844 0.171875 0.613281 0.171875 0.617188 0.167969 0.621094 0.167969 0.625000 0.152344 0.628906 0.148438 0.632812 0.148438 0.644531 0.148438 0.648438 0.164062 0.656250 0.167969 0.656250 0.183594 0.679688 0.187500 0.683594 0.179688 0.730469 0.179688 0.734375 0.164062 0.734375 0.160156 0.734375 0.125000 0.710938 0.121094 0.710938 0.082031 0.664062 0.082031 0.660156 0.042969 0.625000 0.039062 0.621094 0.039062 0.613281 0.039062 0.609375 0.089844 0.562500
0 0.554688 0.925781 0.621094 0.937500 0.625000 0.937500 0.652344 0.960938 0.656250 0.960938 0.660156 0.972656 0.664062 0.976562 0.660156 0.988281 0.660156 0.992188 0.651042 1.000000 0.546875 1.000000 0.542969 0.996094 0.539062 0.992188 0.535156 0.976562 0.531250 0.972656 0.531250 0.941406 0.531250 0.937500 0.554688 0.925781
0 0.859375 0.957031 0.890625 0.957031 0.894531 0.960938 0.894531 1.000000 0.773438 1.000000 0.789062 0.980469 0.792969 0.976562 0.800781 0.972656 0.804688 0.968750 0.859375 0.957031
0 0.656250 0.753906 0.671875 0.753906 0.675781 0.753906 0.710938 0.765625 0.714844 0.769531 0.753906 0.769531 0.757812 0.769531 0.781250 0.777344 0.785156 0.777344 0.808594 0.796875 0.812500 0.800781 0.777344 0.886719 0.773438 0.890625 0.730469 0.878906 0.726562 0.878906 0.695312 0.847656 0.691406 0.843750 0.660156 0.781250 0.656250 0.777344 0.656250 0.753906
0 0.261719 0.902344 0.320312 0.902344 0.324219 0.906250 0.328125 0.917969 0.328125 0.921875 0.308594 0.968750 0.304688 0.972656 0.218750 0.968750 0.214844 0.964844 0.218750 0.945312 0.218750 0.941406 0.230469 0.933594 0.234375 0.929688 0.246094 0.910156 0.250000 0.906250 0.261719 0.902344
0 0.011719 0.136719 0.035156 0.148438 0.039062 0.152344 0.042969 0.171875 0.042969 0.175781 0.027344 0.187500 0.023438 0.191406 0.000000 0.191406 0.000000 0.191406 0.000000 0.139648 0.011719 0.136719
0 0.304202 0.021258 0.291048 0.021258 0.289587 0.022720 0.289587 0.031489 0.269126 0.031489 0.260357 0.025643 0.258895 0.015412 0.251587 0.012489 0.250200 0.000000 0.316711 0.000000 0.317356 0.002258 0.317356 0.013950 0.315895 0.015412
0 0.093750 0.453125 0.117188 0.460938 0.121094 0.464844 0.148438 0.464844 0.152344 0.464844 0.164062 0.476562 0.167969 0.480469 0.164062 0.507812 0.164062 0.511719 0.136719 0.546875 0.132812 0.550781 0.101562 0.550781 0.097656 0.550781 0.085938 0.542969 0.082031 0.539062 0.078125 0.527344 0.074219 0.523438 0.070312 0.480469 0.070312 0.476562 0.078125 0.464844 0.078125 0.460938 0.093750 0.453125
0 0.246094 0.062500 0.261719 0.066406 0.265625 0.070312 0.300781 0.066406 0.304688 0.066406 0.320312 0.078125 0.324219 0.082031 0.312500 0.179688 0.312500 0.183594 0.328125 0.203125 0.332031 0.207031 0.343750 0.242188 0.343750 0.246094 0.339844 0.253906 0.335938 0.257812 0.320312 0.261719 0.316406 0.261719 0.296875 0.277344 0.292969 0.281250 0.277344 0.324219 0.273438 0.328125 0.250000 0.421875 0.250000 0.425781 0.234375 0.437500 0.230469 0.441406 0.179688 0.449219 0.175781 0.445312 0.136719 0.464844 0.132812 0.464844 0.085938 0.441406 0.082031 0.437500 0.082031 0.398438 0.082031 0.394531 0.078125 0.390625 0.074219 0.386719 0.062500 0.335938 0.058594 0.332031 0.066406 0.265625 0.066406 0.261719 0.074219 0.250000 0.074219 0.246094 0.105469 0.222656 0.109375 0.218750 0.128906 0.218750 0.132812 0.218750 0.140625 0.242188 0.144531 0.246094 0.156250 0.238281 0.160156 0.234375 0.195312 0.156250 0.199219 0.152344 0.214844 0.097656 0.214844 0.093750 0.246094 0.062500
0 0.972656 0.089844 0.988281 0.101562 0.992188 0.101562 0.988281 0.156250 0.988281 0.160156 0.957031 0.183594 0.953125 0.187500 0.921875 0.179688 0.917969 0.179688 0.929688 0.164062 0.933594 0.160156 0.941406 0.117188 0.941406 0.113281 0.972656 0.089844
0 0.011719 0.988281 0.039062 0.992188 0.042969 0.992188 0.058594 1.000000 0.000000 1.000000 0.000000 0.991629 0.011719 0.988281
0 0.000000 1.000000 0.000000 0.944878 0.007812 0.949219 0.011719 0.953125 0.015067 1.000000
0 0.032940 0.340063 0.000000 0.332050 0.000000 0.311299 0.009098 0.304300 0.033857 0.304300 0.043027 0.297882 0.021936 0.296965 0.000000 0.311589 0.000000 0.282222 0.007264 0.274957 0.011849 0.252033 0.018268 0.236444 0.032940 0.223607 0.043027 0.219021 0.053113 0.219021 0.062283 0.216271 0.082457 0.216271 0.087041 0.213520 0.110883 0.209852 0.135641 0.210769 0.138392 0.215354 0.137475 0.229108 0.116385 0.263037 0.109966 0.300633 0.103547 0.309802 0.090709 0.322640 0.082457 0.336395 0.077871 0.339146 0.048528 0.345564 0.041193 0.344648
0 0.211516 0.556661 0.190395 0.540414 0.188770 0.535540 0.175773 0.517668 0.175773 0.509545 0.167649 0.493298 0.167649 0.467302 0.169274 0.462429 0.180647 0.454305 0.198518 0.446181 0.214766 0.441307 0.224514 0.441307 0.227763 0.438058 0.248884 0.434808 0.253759 0.433184 0.258632 0.428309 0.270005 0.426685 0.274880 0.423436 0.286253 0.423436 0.287877 0.425060 0.287877 0.452680 0.286253 0.457554 0.268381 0.478675 0.268381 0.481925 0.279754 0.490048 0.279754 0.493298 0.284628 0.501421 0.284628 0.522543 0.273255 0.533915 0.265131 0.538789 0.261882 0.538789 0.257008 0.543664 0.244010 0.546913 0.229388 0.555037 0.224514 0.555037
0 0.475738 0.133171 0.450968 0.131714 0.446597 0.128800 0.442226 0.115686 0.442226 0.101116 0.443683 0.098202 0.462625 0.098202 0.471367 0.101116 0.480109 0.101116 0.483023 0.099659 0.484480 0.092374 0.500508 0.086545 0.504879 0.098202 0.504879 0.115686 0.503422 0.118600 0.488852 0.130257
0 0.503422 0.064690 0.493223 0.054490 0.481566 0.050119 0.483023 0.039920 0.485937 0.038463 0.493223 0.028264 0.500508 0.028264 0.507793 0.020978 0.516536 0.020978 0.517993 0.022436 0.523821 0.039920 0.532563 0.047205 0.532563 0.057405 0.529649 0.058862 0.513621 0.058862
0 0.503745 0.487811 0.483952 0.484212 0.482152 0.475214 0.478554 0.471616 0.469556 0.468017 0.469556 0.464418 0.474955 0.459020 0.480353 0.457220 0.516341 0.457220 0.530737 0.462618 0.552330 0.462618 0.552330 0.486011 0.550530 0.491409 0.543333 0.498607 0.514542 0.498607
0 0.219436 0.712739 0.197843 0.712739 0.197843 0.705541 0.206840 0.700143 0.221235 0.696544 0.226634 0.687547 0.230232 0.676750 0.233831 0.673152 0.237430 0.671352 0.248227 0.671352 0.250026 0.673152 0.250026 0.700143 0.246427 0.701943 0.246427 0.714538 0.242829 0.716338 0.235630 0.716338
0 0.401178 0.782917 0.386782 0.781117 0.381384 0.775719 0.375986 0.773920 0.375986 0.766722 0.370588 0.764922 0.370588 0.761323 0.366989 0.755925 0.366989 0.730733 0.368788 0.725335 0.372387 0.723536 0.381384 0.723536 0.386782 0.727134 0.395780 0.728934 0.408376 0.739730 0.410175 0.741530 0.408376 0.745129 0.408376 0.763123
0 0.025098 0.779318 0.021498 0.764922 0.028696 0.750527 0.028696 0.746928 0.034095 0.741530 0.037693 0.734332 0.037693 0.707341 0.032295 0.701943 0.000000 0.701943 0.000000 0.768722 0.001705 0.770321 0.007103 0.772120 0.010702 0.775719
0 0.573009 0.905490 0.561875 0.886006 0.542391 0.877656 0.542391 0.866522 0.547957 0.860955 0.564658 0.855388 0.584142 0.855388 0.603627 0.860955 0.603627 0.863739 0.623111 0.872089 0.628677 0.872089 0.628677 0.877656 0.620327 0.883223 0.592493 0.894356
0 0.728882 0.980643 0.759500 0.955592 0.765066 0.947242 0.765066 0.933325 0.762283 0.930541 0.709398 0.930541 0.709398 0.927758 0.717748 0.922191 0.740015 0.919407 0.745582 0.913841 0.767850 0.913841 0.776200 0.902707 0.787334 0.902707 0.798468 0.897140 0.806818 0.897140 0.809602 0.913841 0.812385 0.919407 0.815168 0.919407 0.815168 0.958376 0.812385 0.963943 0.790118 0.980643 0.790118 0.983427 0.781767 0.983427 0.773417 0.986210 0.770633 0.991777 0.756716 0.991777 0.745582 0.997344
0 0.934857 0.963943 0.907022 0.966726 0.881971 0.950025 0.870837 0.950025 0.862487 0.944459 0.843003 0.941675 0.837436 0.933325 0.831869 0.933325 0.809602 0.922191 0.862487 0.922191 0.870837 0.927758 0.879188 0.927758 0.881971 0.933325 0.890322 0.936108 0.898672 0.944459 0.907022 0.944459 0.915373 0.950025
0 0.210938 0.804688 0.226562 0.808594 0.230469 0.812500 0.246094 0.847656 0.246094 0.851562 0.214844 0.882812 0.214844 0.886719 0.199219 0.886719 0.195312 0.886719 0.191406 0.882812 0.187500 0.878906 0.191406 0.824219 0.191406 0.820312 0.210938 0.804688
0 0.035156 0.449219 0.054688 0.457031 0.058594 0.457031 0.062500 0.468750 0.062500 0.472656 0.050781 0.496094 0.046875 0.500000 0.015625 0.507812 0.011719 0.507812 0.000000 0.502790 0.000000 0.462740 0.035156 0.449219
0 0.363281 0.937500 0.382812 0.941406 0.386719 0.945312 0.390625 0.972656 0.386719 0.976562 0.371094 0.976562 0.367188 0.972656 0.363281 0.937500
