0 0.179688 0.625000 0.203125 0.628906 0.207031 0.628906 0.218750 0.636719 0.222656 0.636719 0.261719 0.691406 0.261719 0.695312 0.316406 0.746094 0.320312 0.750000 0.324219 0.765625 0.328125 0.769531 0.328125 0.878906 0.328125 0.882812 0.289062 0.933594 0.285156 0.937500 0.281250 0.976562 0.281250 0.980469 0.261719 0.992188 0.257812 0.996094 0.246094 1.000000 0.089844 1.000000 0.089844 1.000000 0.085938 0.996094 0.066406 0.992188 0.062500 0.992188 0.039062 0.960938 0.035156 0.957031 0.003906 0.882812 0.000000 0.882812 0.000000 0.828125 0.000000 0.824219 0.003906 0.824219 0.007812 0.824219 0.042969 0.785156 0.046875 0.781250 0.070312 0.781250 0.074219 0.781250 0.128906 0.800781 0.132812 0.796875 0.132812 0.765625 0.132812 0.761719 0.136719 0.746094 0.140625 0.742188 0.152344 0.652344 0.152344 0.648438 0.160156 0.636719 0.164062 0.632812 0.179688 0.625000
0 0.230469 0.253906 0.281250 0.253906 0.285156 0.253906 0.308594 0.269531 0.312500 0.269531 0.320312 0.289062 0.324219 0.292969 0.320312 0.328125 0.320312 0.332031 0.277344 0.359375 0.273438 0.359375 0.230469 0.410156 0.226562 0.414062 0.195312 0.421875 0.191406 0.425781 0.167969 0.421875 0.164062 0.421875 0.140625 0.398438 0.136719 0.394531 0.085938 0.363281 0.082031 0.359375 0.085938 0.335938 0.085938 0.332031 0.097656 0.320312 0.101562 0.316406 0.156250 0.281250 0.160156 0.277344 0.230469 0.253906
0 0.000000 0.332031 0.011719 0.335938 0.015625 0.339844 0.031250 0.371094 0.035156 0.375000 0.039062 0.402344 0.039062 0.406250 0.062500 0.464844 0.066406 0.468750 0.070312 0.542969 0.074219 0.546875 0.066406 0.656250 0.066406 0.660156 0.050781 0.761719 0.050781 0.765625 0.035156 0.789062 0.035156 0.792969 0.007812 0.812500 0.003906 0.816406 0.000000 0.332031
0 0.042969 0.378906 0.046875 0.378906 0.050781 0.378906 0.074219 0.398438 0.078125 0.402344 0.097656 0.406250 0.101562 0.406250 0.144531 0.429688 0.148438 0.433594 0.214844 0.437500 0.218750 0.437500 0.257812 0.480469 0.261719 0.484375 0.238281 0.511719 0.234375 0.515625 0.230469 0.550781 0.230469 0.554688 0.210938 0.562500 0.207031 0.562500 0.179688 0.546875 0.175781 0.546875 0.113281 0.562500 0.109375 0.566406 0.082031 0.566406 0.078125 0.566406 0.066406 0.472656 0.066406 0.468750 0.050781 0.437500 0.046875 0.433594 0.042969 0.402344 0.039062 0.398438 0.042969 0.378906
0 0.371094 0.714844 0.398438 0.718750 0.402344 0.718750 0.441406 0.742188 0.445312 0.742188 0.468750 0.769531 0.472656 0.773438 0.492188 0.828125 0.492188 0.832031 0.507812 0.855469 0.507812 0.859375 0.546875 0.886719 0.550781 0.890625 0.550781 0.894531 0.550781 0.898438 0.515625 0.937500 0.511719 0.941406 0.496094 0.996094 0.492188 1.000000 0.492188 1.000000 0.470703 1.000000 0.464844 0.996094 0.460938 0.996094 0.445312 0.976562 0.445312 0.972656 0.414062 0.945312 0.410156 0.941406 0.375000 0.859375 0.375000 0.855469 0.343750 0.800781 0.339844 0.796875 0.339844 0.777344 0.339844 0.773438 0.328125 0.742188 0.328125 0.738281 0.371094 0.714844
0 0.370117 1.000000 0.367188 0.988281 0.343750 0.964844 0.339844 0.964844 0.324219 0.953125 0.312500 0.953125 0.308594 0.957031 0.292969 0.964844 0.292969 0.968750 0.261719 1.000000 0.257812 1.000000 0.257812 1.000000 0.060547 1.000000 0.050781 0.996094 0.046875 0.992188 0.042969 0.976562 0.027344 0.957031 0.007812 0.937500 0.000000 0.937500 0.000000 1.000000
0 0.750000 0.687500 0.828125 0.687500 0.832031 0.687500 0.839844 0.695312 0.843750 0.699219 0.867188 0.753906 0.867188 0.757812 0.882812 0.765625 0.886719 0.769531 0.890625 0.816406 0.890625 0.820312 0.878906 0.839844 0.878906 0.843750 0.847656 0.875000 0.843750 0.878906 0.832031 0.882812 0.828125 0.886719 0.804688 0.886719 0.800781 0.886719 0.777344 0.878906 0.773438 0.875000 0.765625 0.859375 0.765625 0.855469 0.738281 0.820312 0.734375 0.816406 0.734375 0.757812 0.730469 0.753906 0.671875 0.750000 0.667969 0.750000 0.648438 0.730469 0.644531 0.726562 0.648438 0.714844 0.652344 0.710938 0.683594 0.703125 0.687500 0.699219 0.730469 0.703125 0.734375 0.703125 0.750000 0.687500
0 1.000000 0.545898 0.949219 0.558594 0.941406 0.566406 0.945312 0.609375 0.941406 0.613281 0.939464 0.626879 0.923445 0.642571 0.914474 0.644861 0.889823 0.644861 0.883768 0.646464 0.879354 0.650878 0.877752 0.658364 0.879354 0.664419 0.889494 0.674558 0.895548 0.676161 0.915587 0.676161 0.927368 0.673127 0.954564 0.661676 0.957829 0.658411 0.967446 0.654519 0.975984 0.647413 0.988281 0.648438 1.000000 0.658026
0 1.000000 0.000000 1.000000 0.258203 0.964844 0.261719 0.960938 0.261719 0.945312 0.253906 0.941406 0.250000 0.929688 0.222656 0.925781 0.218750 0.921875 0.191406 0.921875 0.187500 0.929688 0.171875 0.929688 0.167969 0.894531 0.136719 0.890625 0.136719 0.890625 0.121094 0.890625 0.117188 0.906250 0.089844 0.910156 0.085938 0.929688 0.023438 0.929688 0.019531 0.937500 0.011719 0.941406 0.007812 0.964844 0.000000 0.968750 0.000000 0.968750 0.000000
0 0.667969 0.113281 0.691406 0.121094 0.695312 0.125000 0.714844 0.199219 0.718750 0.203125 0.789062 0.199219 0.792969 0.199219 0.816406 0.179688 0.820312 0.175781 0.855469 0.160156 0.859375 0.160156 0.882812 0.140625 0.886719 0.136719 0.917969 0.160156 0.921875 0.160156 0.929688 0.175781 0.929688 0.179688 0.925781 0.183594 0.921875 0.187500 0.906250 0.183594 0.902344 0.183594 0.867188 0.218750 0.863281 0.222656 0.851562 0.246094 0.851562 0.250000 0.832031 0.265625 0.828125 0.265625 0.800781 0.300781 0.800781 0.304688 0.773438 0.312500 0.769531 0.316406 0.753906 0.316406 0.750000 0.316406 0.726562 0.304688 0.722656 0.300781 0.679688 0.289062 0.675781 0.285156 0.656250 0.285156 0.652344 0.281250 0.597656 0.289062 0.593750 0.289062 0.585938 0.285156 0.582031 0.281250 0.574219 0.253906 0.574219 0.250000 0.593750 0.238281 0.597656 0.238281 0.621094 0.210938 0.625000 0.207031 0.632812 0.136719 0.632812 0.132812 0.640625 0.125000 0.644531 0.121094 0.667969 0.113281
0 0.753906 0.000000 0.753906 0.015625 0.753906 0.019531 0.726562 0.046875 0.722656 0.050781 0.710938 0.054688 0.707031 0.058594 0.652344 0.058594 0.648438 0.058594 0.644531 0.035156 0.644531 0.031250 0.652344 0.015625 0.656250 0.011719 0.659375 0.000000
0 0.507583 0.000000 0.511719 0.011719 0.515625 0.015625 0.515625 0.050781 0.515625 0.054688 0.507812 0.066406 0.503906 0.070312 0.476562 0.085938 0.472656 0.089844 0.453125 0.128906 0.449219 0.132812 0.363281 0.187500 0.359375 0.187500 0.355469 0.183594 0.351562 0.179688 0.351562 0.160156 0.351562 0.156250 0.378906 0.070312 0.382812 0.066406 0.378906 0.011719 0.378906 0.007812 0.375355 0.000000
0 0.062500 0.132812 0.070312 0.132812 0.074219 0.132812 0.117188 0.156250 0.121094 0.160156 0.144531 0.156250 0.148438 0.156250 0.175781 0.167969 0.179688 0.167969 0.191406 0.183594 0.191406 0.187500 0.214844 0.207031 0.218750 0.210938 0.226562 0.242188 0.226562 0.246094 0.156250 0.273438 0.152344 0.273438 0.113281 0.300781 0.109375 0.304688 0.089844 0.304688 0.085938 0.304688 0.046875 0.292969 0.042969 0.292969 0.003906 0.253906 0.000000 0.253906 0.000000 0.164062 0.000000 0.160156 0.007812 0.160156 0.011719 0.160156 0.027344 0.175781 0.031250 0.175781 0.042969 0.164062 0.046875 0.160156 0.054688 0.140625 0.054688 0.136719 0.062500 0.132812
0 0.316406 0.000000 0.312500 0.003906 0.308594 0.007812 0.296875 0.011719 0.292969 0.015625 0.292969 0.039062 0.292969 0.042969 0.304688 0.070312 0.308594 0.074219 0.304688 0.093750 0.304688 0.097656 0.277344 0.105469 0.273438 0.105469 0.265625 0.113281 0.261719 0.117188 0.257812 0.132812 0.257812 0.136719 0.242188 0.160156 0.238281 0.164062 0.226562 0.164062 0.222656 0.164062 0.195312 0.148438 0.191406 0.144531 0.167969 0.140625 0.164062 0.140625 0.152344 0.125000 0.148438 0.121094 0.144531 0.082031 0.144531 0.078125 0.125000 0.042969 0.121094 0.039062 0.121094 0.027344 0.117188 0.023438 0.132812 0.015625 0.136719 0.015625 0.152344 0.000000
0 0.605469 0.000000 0.578125 0.027344 0.574219 0.031250 0.554688 0.031250 0.550781 0.031250 0.542969 0.023438 0.539062 0.019531 0.539062 0.007812 0.539062 0.003906 0.541992 0.000000
0 0.607063 0.525179 0.603596 0.512438 0.602052 0.510469 0.600196 0.505638 0.598963 0.504405 0.594671 0.495864 0.588452 0.486670 0.584897 0.478014 0.580689 0.472531 0.580222 0.470789 0.577247 0.466539 0.564999 0.454716 0.554383 0.451674 0.550558 0.451674 0.540793 0.454291 0.529390 0.464844 0.519531 0.464844 0.515625 0.460938 0.488281 0.421875 0.457031 0.390625 0.453125 0.390625 0.429688 0.375000 0.406250 0.375000 0.390625 0.425781 0.390625 0.429688 0.402344 0.457031 0.402344 0.472656 0.398438 0.476562 0.367188 0.496094 0.367188 0.500000 0.351562 0.523438 0.351562 0.550781 0.320312 0.582031 0.320312 0.585938 0.304688 0.609375 0.304688 0.625000 0.308594 0.625000 0.359375 0.632812 0.363281 0.636719 0.386719 0.671875 0.390625 0.675781 0.425781 0.703125 0.429688 0.703125 0.492188 0.710938 0.496094 0.707031 0.511719 0.707031 0.515625 0.703125 0.554688 0.679688 0.558594 0.675781 0.578125 0.644531 0.578125 0.617188 0.574219 0.613281 0.574219 0.605469 0.562500 0.593750 0.562500 0.574219 0.566406 0.570312 0.574219 0.546875 0.578125 0.542969 0.579141 0.542461 0.587532 0.544710 0.597298 0.542093 0.604446 0.534944
0 0.385585 1.000000 0.386273 0.995358 0.388885 0.990134 0.399332 0.982299 0.409779 0.982299 0.418921 0.984911 0.434898 1.000000
0 0.734375 0.859375 0.746094 0.875000 0.750000 0.878906 0.769531 0.882812 0.773438 0.882812 0.828125 0.941406 0.832031 0.945312 0.871094 0.968750 0.875000 0.968750 0.890625 0.996094 0.894531 1.000000 0.894531 1.000000 0.828125 1.000000 0.828125 1.000000 0.796875 1.000000 0.792969 1.000000 0.777344 0.992188 0.773438 0.992188 0.769531 0.984375 0.769531 0.980469 0.746094 0.957031 0.742188 0.957031 0.742188 0.917969 0.742188 0.914062 0.722656 0.890625 0.718750 0.886719 0.734375 0.859375
0 1.000000 0.470489 1.000000 0.470489 1.000000 0.476562 0.980469 0.523438 0.980469 0.527344 0.945312 0.542969 0.941406 0.542969 0.914062 0.570312 0.886719 0.570312 0.867188 0.562500 0.863281 0.562500 0.757812 0.488281 0.753906 0.488281 0.722656 0.445312 0.691406 0.429688 0.687500 0.425781 0.683594 0.414062 0.679688 0.410156 0.679688 0.391895 0.677032 0.374386 0.671813 0.356302 0.657039 0.327980 0.639975 0.312852 0.637358 0.302118 0.639975 0.292353 0.647123 0.285204 0.656889 0.282587 0.666655 0.285204 0.679281 0.292969 0.687500 0.292969 0.695306 0.300775 0.718909 0.308428 0.726296 0.314848 0.744068 0.319073 0.750874 0.322882 0.796875 0.316406 0.835938 0.339844 0.839844 0.343750 0.886719 0.335938 0.890625 0.332031 0.925781 0.332031 0.964844 0.343750 0.968750 0.359375 0.972656 0.363281 0.964844 0.425781 0.982088 0.437277 0.988799 0.435479 0.998565 0.438096 1.000000 0.439531
0 0.324219 0.425781 0.386719 0.433594 0.390625 0.433594 0.394531 0.437500 0.398438 0.441406 0.402344 0.460938 0.406250 0.464844 0.402344 0.472656 0.402344 0.476562 0.386719 0.484375 0.382812 0.488281 0.300781 0.484375 0.296875 0.484375 0.292969 0.476562 0.289062 0.472656 0.292969 0.457031 0.292969 0.453125 0.324219 0.425781
