0 0.861943 0.991773 0.872168 0.993585 0.874964 0.996418 0.882982 0.999422 0.883014 1.000000 0.857984 1.000000 0.857196 0.995070
0 0.845134 0.882049 0.848710 0.880700 0.854618 0.880471 0.859150 0.880901 0.863439 0.885295 0.868856 0.887267 0.869364 0.891094 0.869484 0.894017 0.865411 0.898009 0.858361 0.898597 0.853034 0.898439 0.851744 0.897118 0.845794 0.888796 0.842843 0.886751 0.843268 0.884317
0 0.720540 0.889798 0.723098 0.887846 0.726929 0.885227 0.728700 0.880721 0.736501 0.879210 0.740396 0.885409 0.740682 0.886867 0.742877 0.889959 0.744464 0.892411 0.740714 0.895691 0.737868 0.895361 0.729079 0.895413 0.724732 0.895503 0.718934 0.894682 0.719323 0.892596
0 0.694540 0.877320 0.698761 0.875710 0.705975 0.877170 0.706239 0.881945 0.709843 0.882208 0.711588 0.885906 0.714088 0.888447 0.711588 0.890988 0.709452 0.895467 0.702873 0.892302 0.701237 0.888510 0.699007 0.886873 0.696806 0.884282 0.694280 0.882537
0 0.726424 0.823798 0.727084 0.819207 0.731233 0.818180 0.733249 0.816744 0.736651 0.811630 0.739675 0.814653 0.742561 0.815446 0.747001 0.813740 0.749592 0.811149 0.758475 0.809586 0.762105 0.813809 0.765897 0.814664 0.767409 0.817388 0.767109 0.821634 0.763450 0.823761 0.754620 0.824708 0.751836 0.819280 0.746571 0.822323 0.752265 0.824470 0.746026 0.833302 0.737483 0.832611 0.733472 0.827428 0.728565 0.826360
0 0.783440 0.838530 0.791696 0.835484 0.794396 0.839045 0.798959 0.841286 0.799061 0.845321 0.796864 0.847949 0.793190 0.850762 0.787446 0.856032 0.784601 0.849899 0.784480 0.847265 0.777971 0.847849 0.775831 0.844141 0.781417 0.842475 0.783573 0.842274 0.783134 0.841028
0 0.776347 0.810732 0.777620 0.803096 0.789388 0.803389 0.788412 0.812323 0.792122 0.815499 0.792313 0.822238 0.799278 0.824218 0.809879 0.823016 0.810504 0.818233 0.811009 0.817779 0.812256 0.814082 0.814743 0.813157 0.816944 0.811738 0.818402 0.811452 0.820799 0.810266 0.823924 0.810370 0.831737 0.810370 0.834811 0.810566 0.836230 0.811986 0.838666 0.814461 0.838199 0.815798 0.838516 0.817011 0.833199 0.821977 0.834700 0.827116 0.828689 0.829348 0.826067 0.833405 0.814009 0.832925 0.805610 0.829747 0.801848 0.831062 0.791012 0.831062 0.780816 0.821257 0.779193 0.814563
0 0.835436 0.757800 0.844178 0.768319 0.842234 0.768615 0.837045 0.774820 0.835009 0.775175 0.826052 0.775169 0.821823 0.773731 0.819379 0.773248 0.819468 0.770403 0.818718 0.769416 0.818639 0.764036 0.818926 0.762060 0.821685 0.759301 0.827324 0.757491 0.832446 0.757038
0 0.588609 0.747291 0.593593 0.744109 0.603636 0.744185 0.603762 0.746430 0.605369 0.749992 0.605347 0.754018 0.609690 0.757149 0.611791 0.760462 0.613098 0.767236 0.608054 0.768317 0.603780 0.765996 0.593707 0.759759 0.588638 0.758325 0.581911 0.755234 0.583790 0.748665
0 0.923113 0.608341 0.931470 0.606054 0.933551 0.606248 0.939264 0.610605 0.944404 0.611675 0.947749 0.613289 0.953857 0.614345 0.953857 0.618508 0.952355 0.620530 0.955579 0.622660 0.956571 0.627552 0.953900 0.629318 0.944759 0.629584 0.942037 0.625878 0.937925 0.627399 0.931290 0.637005 0.925591 0.637773 0.920541 0.632875 0.918249 0.623862 0.915507 0.622862 0.912077 0.620074 0.911976 0.614838 0.916206 0.613345
0 0.775355 0.580254 0.780010 0.576583 0.783512 0.575054 0.794328 0.581598 0.800686 0.581597 0.803519 0.582316 0.812762 0.586424 0.812762 0.593895 0.799101 0.596908 0.792420 0.599538 0.782888 0.599358 0.779653 0.598068 0.776434 0.598868 0.770936 0.596952 0.771441 0.586424
0 0.757485 0.721806 0.751777 0.715948 0.745414 0.710143 0.746390 0.704972 0.749031 0.704972 0.752323 0.704341 0.757080 0.703944 0.761988 0.703944 0.769440 0.704576 0.770261 0.709447 0.768762 0.710510 0.767640 0.713630 0.766418 0.719802 0.765097 0.724083 0.760539 0.723176
0 0.917426 0.650375 0.915087 0.650379 0.913936 0.650814 0.912855 0.650517 0.909878 0.651621 0.904482 0.652195 0.898265 0.651267 0.894234 0.650048 0.890764 0.647509 0.889111 0.645705 0.890782 0.642873 0.900616 0.642591 0.902955 0.641989 0.907353 0.639643 0.910696 0.640672 0.912196 0.641518 0.913400 0.641704 0.914717 0.640471 0.915838 0.640771 0.916867 0.642191 0.918963 0.643115 0.920955 0.645107 0.920955 0.647350 0.917170 0.649679
0 0.909409 0.515788 0.904676 0.522280 0.896663 0.523554 0.892821 0.525232 0.886926 0.524762 0.878339 0.523577 0.873696 0.518880 0.875446 0.514911 0.878007 0.510852 0.880956 0.507903 0.885861 0.507570 0.899738 0.507836 0.905755 0.510329 0.909088 0.510520 0.909463 0.511920
0 0.854287 0.581280 0.859757 0.578182 0.862631 0.578220 0.862594 0.576518 0.864496 0.572233 0.876504 0.572233 0.879278 0.575788 0.879278 0.581546 0.880449 0.583600 0.880578 0.586052 0.876361 0.589931 0.871426 0.593304 0.866843 0.593980 0.860589 0.596429 0.857530 0.587510
0 0.711168 0.485802 0.717521 0.483857 0.723702 0.483416 0.729445 0.484132 0.731057 0.485195 0.738500 0.486396 0.738728 0.486153 0.745184 0.491286 0.747466 0.492523 0.753489 0.493260 0.755795 0.499519 0.751965 0.501208 0.743232 0.500809 0.739487 0.503020 0.730033 0.507599 0.723309 0.506347 0.722213 0.504850 0.714265 0.503634 0.709698 0.501780 0.715108 0.494270 0.718521 0.492515 0.717505 0.489234 0.710648 0.489616
0 0.789033 0.424694 0.797233 0.425529 0.800571 0.429804 0.805925 0.428602 0.810561 0.428902 0.812945 0.431285 0.811772 0.438996 0.807436 0.441770 0.802382 0.443485 0.796188 0.443470 0.788851 0.446321 0.788117 0.443390 0.791144 0.438071 0.783761 0.432797 0.785623 0.426207
0 0.792405 0.388684 0.794021 0.399186 0.795038 0.400173 0.796091 0.403628 0.793814 0.406855 0.793483 0.408995 0.791629 0.410850 0.783678 0.410133 0.783518 0.407533 0.782631 0.400607 0.781552 0.398939 0.779308 0.391425 0.782716 0.389916 0.785735 0.386903 0.790414 0.387397
0 0.772030 0.343267 0.777115 0.342797 0.781354 0.342079 0.785625 0.345646 0.790386 0.352630 0.786496 0.354280 0.784384 0.355491 0.780387 0.359488 0.775745 0.359750 0.773854 0.360535 0.769531 0.360535 0.768431 0.355383 0.771048 0.352766 0.772948 0.351389 0.771366 0.345848
0 0.691834 0.399579 0.695386 0.400955 0.696875 0.403105 0.697343 0.405758 0.698880 0.417281 0.696690 0.422063 0.691167 0.419704 0.686545 0.417816 0.686319 0.416028 0.684518 0.409336 0.680295 0.404246 0.684162 0.402050 0.685153 0.401059 0.688487 0.400495 0.689105 0.400143
0 0.639566 0.436524 0.646528 0.435128 0.649615 0.433799 0.659807 0.431608 0.662624 0.432533 0.667878 0.435873 0.663974 0.441423 0.659973 0.444598 0.655611 0.447788 0.651964 0.451005 0.646936 0.450705 0.644346 0.449286 0.640686 0.449143 0.634396 0.444416 0.635569 0.438658
0 0.920697 0.151974 0.920920 0.152020 0.921048 0.151623 0.923020 0.150827 0.926362 0.147959 0.934912 0.148743 0.937541 0.154084 0.930677 0.158260 0.927436 0.162978 0.925316 0.159974 0.923184 0.158735 0.920306 0.157811 0.919486 0.153576 0.920621 0.152804
0 0.631903 0.000000 0.652986 0.000000 0.655484 0.000352 0.654405 0.001449 0.652668 0.002789 0.650431 0.005072 0.649527 0.005522 0.634830 0.008359 0.630481 0.010565 0.629537 0.008931 0.626156 0.003075 0.627521 0.001710 0.629270 0.000386
0 0.899500 0.335916 0.904746 0.330169 0.904689 0.328460 0.910557 0.314067 0.918454 0.312022 0.919866 0.314432 0.919003 0.325902 0.915878 0.328529 0.915840 0.332163 0.919502 0.336871 0.911825 0.337746 0.907038 0.345346 0.899509 0.352874 0.891662 0.353871 0.890116 0.345974
0 0.976020 0.373459 0.980062 0.368491 0.980395 0.367713 0.982779 0.364637 0.985845 0.361810 0.987165 0.361345 0.990612 0.357341 0.990442 0.356313 0.990304 0.351426 0.991357 0.350836 0.997115 0.348371 1.000000 0.348757 1.000000 0.353772 1.000000 0.369632 0.999325 0.375675 0.999167 0.379398 1.000000 0.381802 1.000000 0.402780 0.998927 0.404612 0.994988 0.407433 0.990175 0.404710 0.986486 0.401575 0.984978 0.392306 0.985641 0.388734 0.986041 0.385442 0.984811 0.383054 0.979147 0.380600
0 0.722707 0.281211 0.729086 0.277425 0.733999 0.277147 0.737934 0.278544 0.744417 0.280546 0.744378 0.283425 0.738922 0.285493 0.734287 0.286841 0.734614 0.288982 0.737047 0.293270 0.732453 0.293638 0.728139 0.293800 0.727275 0.294646 0.726095 0.294025 0.724258 0.295084 0.722016 0.292842 0.722120 0.289327 0.723491 0.284586
0 0.678979 0.301596 0.682942 0.298598 0.685953 0.298750 0.694700 0.297522 0.697048 0.296166 0.704461 0.293708 0.703763 0.300943 0.711102 0.302693 0.715646 0.307237 0.719104 0.309928 0.720411 0.317080 0.721505 0.318956 0.729851 0.320271 0.732345 0.326146 0.719695 0.335482 0.712726 0.333490 0.709332 0.327796 0.706725 0.322558 0.703072 0.312894 0.700409 0.309844 0.690890 0.306576 0.685566 0.303699 0.680828 0.302743
0 0.699842 0.339188 0.708916 0.341170 0.708600 0.349568 0.707045 0.353652 0.700429 0.359452 0.695127 0.358486 0.696466 0.341493 0.704479 0.346168
0 0.602468 0.150130 0.602495 0.150234 0.606045 0.151377 0.606329 0.153533 0.606643 0.158203 0.604911 0.158170 0.603925 0.158145 0.602337 0.158469 0.599484 0.161571 0.581406 0.168332 0.575148 0.164952 0.568210 0.159771 0.571688 0.155686 0.575021 0.155768 0.579566 0.155080 0.583217 0.155451 0.587652 0.155525 0.590429 0.152431 0.594598 0.146998 0.599160 0.148217
0 0.836128 0.188599 0.845143 0.176062 0.852405 0.174880 0.861851 0.176909 0.865860 0.178246 0.873117 0.178889 0.880211 0.185378 0.882605 0.187168 0.881785 0.192575 0.873355 0.192801 0.867627 0.195154 0.867371 0.196442 0.865769 0.198434 0.863136 0.198434 0.861914 0.197458 0.858398 0.197563 0.856836 0.197068 0.851808 0.197263 0.850063 0.194736 0.849650 0.194149 0.845168 0.193747 0.845855 0.192332 0.842393 0.192384 0.838301 0.190861
0 0.516971 0.241368 0.517278 0.228784 0.523907 0.225709 0.527403 0.224952 0.538411 0.218979 0.543790 0.217904 0.549968 0.214281 0.555353 0.214043 0.558723 0.211166 0.566095 0.210084 0.570276 0.214616 0.572867 0.221114 0.576591 0.222885 0.583662 0.227221 0.584352 0.232248 0.578595 0.241913 0.568098 0.240440 0.560040 0.237563 0.552372 0.238096 0.547345 0.239178 0.540263 0.242393 0.533282 0.243866 0.520001 0.243370
0 0.612111 0.285342 0.623625 0.287734 0.627565 0.288295 0.637538 0.288702 0.639988 0.294371 0.636401 0.299293 0.636475 0.301836 0.632605 0.311107 0.621954 0.310725 0.618745 0.308061 0.614634 0.306773 0.612732 0.304443 0.609051 0.303698 0.598989 0.296971 0.600368 0.288204
0 0.684747 0.071364 0.694302 0.068598 0.698511 0.068221 0.699671 0.069382 0.707100 0.071510 0.707348 0.074780 0.706280 0.078479 0.703650 0.079156 0.701252 0.079952 0.700071 0.079489 0.699382 0.080062 0.698111 0.083720 0.696959 0.087548 0.695381 0.086826 0.690045 0.084550 0.688025 0.084071 0.686270 0.081427 0.684501 0.079873 0.684095 0.077363 0.683901 0.073607
0 0.641845 0.227398 0.638020 0.217205 0.635195 0.207446 0.640822 0.196702 0.641334 0.188517 0.642523 0.179755 0.647984 0.177774 0.649007 0.169077 0.654034 0.162555 0.659856 0.159992 0.674075 0.159357 0.679800 0.159828 0.685330 0.164984 0.690446 0.172658 0.689934 0.176750 0.692493 0.181355 0.697097 0.184936 0.699596 0.184784 0.704771 0.186982 0.704807 0.188588 0.704876 0.191639 0.702212 0.198237 0.698123 0.202251 0.698632 0.207446 0.700092 0.206810 0.703221 0.207314 0.708352 0.209492 0.705832 0.212326 0.703985 0.215625 0.698910 0.220114 0.683795 0.237118 0.680468 0.237552 0.664355 0.237630 0.646961 0.236606 0.643779 0.233849 0.643693 0.233584
0 0.659782 0.930729 0.656227 0.930473 0.650123 0.929232 0.642555 0.929507 0.639755 0.926216 0.643375 0.921354 0.647672 0.918229 0.647564 0.915265 0.646891 0.896744 0.642204 0.895963 0.639848 0.895218 0.636735 0.893619 0.636735 0.880729 0.630780 0.876494 0.633610 0.869010 0.638297 0.867057 0.638688 0.861197 0.636869 0.860470 0.632829 0.858854 0.637516 0.855729 0.636735 0.848697 0.634000 0.847916 0.633434 0.846889 0.632816 0.845770 0.631683 0.843717 0.631631 0.843623 0.631065 0.842596 0.630447 0.841477 0.630465 0.841346 0.632782 0.835567 0.640971 0.834928 0.641343 0.834893 0.647282 0.834244 0.646891 0.831119 0.648568 0.826684 0.648843 0.826602 0.652277 0.825742 0.658397 0.830062 0.661036 0.835572 0.661838 0.839357 0.664860 0.847525 0.668639 0.850490 0.669157 0.857291 0.671110 0.863150 0.678532 0.869791 0.682957 0.870095 0.683338 0.870454 0.685728 0.873232 0.686735 0.879166 0.686452 0.880580 0.685563 0.885025 0.688297 0.888150 0.688688 0.889322 0.688808 0.889319 0.692158 0.889214 0.691422 0.895572 0.692594 0.909635 0.690331 0.911898 0.687907 0.914322 0.682815 0.920262 0.680875 0.922525 0.679780 0.925363 0.679327 0.926054 0.674235 0.930729 0.672813 0.936296 0.669259 0.938293 0.660563 0.936197
0 0.000000 1.000000 0.000000 0.000000 0.601562 0.000000 0.597656 0.015625 0.613281 0.039062 0.640625 0.042969 0.628906 0.062500 0.585938 0.109375 0.570312 0.132812 0.519531 0.167969 0.492188 0.199219 0.495618 0.235358 0.511534 0.258128 0.531103 0.273925 0.568582 0.313198 0.587150 0.337789 0.618015 0.370131 0.604389 0.412987 0.601562 0.421875 0.608454 0.424841 0.619609 0.446618 0.632050 0.466733 0.639793 0.490705 0.652059 0.526626 0.663619 0.535196 0.694498 0.531230 0.713194 0.527102 0.723818 0.529631 0.729382 0.537725 0.721288 0.550878 0.703600 0.567205 0.681830 0.587300 0.684866 0.589830 0.689490 0.586577 0.698034 0.582166 0.704089 0.585277 0.696978 0.589747 0.684866 0.595394 0.674242 0.595394 0.662607 0.603994 0.656537 0.618158 0.644396 0.632323 0.613281 0.675781 0.609467 0.701554 0.574117 0.759458 0.573181 0.760620 0.576006 0.753085 0.582256 0.744101 0.608694 0.701559 0.610772 0.686288 0.610381 0.678085 0.607647 0.676913 0.569366 0.684726 0.563561 0.691841 0.545850 0.713548 0.541803 0.719506 0.536944 0.723398 0.536162 0.715585 0.540946 0.703791 0.545067 0.689489 0.546709 0.675741 0.545538 0.657382 0.545538 0.650741 0.551397 0.639413 0.550715 0.629763 0.553741 0.599570 0.553505 0.581835 0.553534 0.580653 0.554334 0.558659 0.578169 0.543735 0.592168 0.482265 0.594301 0.475546 0.603252 0.459013 0.582102 0.432991 0.573624 0.435640 0.564617 0.436170 0.542252 0.423864 0.506159 0.392468 0.494212 0.373603 0.457803 0.352750 0.440500 0.329093 0.403973 0.324586 0.395878 0.312088 0.385385 0.300907 0.365098 0.294427 0.337646 0.293513 0.329271 0.306538 0.318170 0.317134 0.300004 0.336814 0.286380 0.345392 0.283352 0.353466 0.282848 0.358512 0.277802 0.369108 0.275783 0.375163 0.269223 0.381219 0.259636 0.383742 0.225323 0.405944 0.216240 0.407963 0.211699 0.413009 0.202386 0.410286 0.203120 0.399889 0.199084 0.394843 0.204234 0.391447 0.207157 0.383237 0.200214 0.382576 0.196561 0.382228 0.186973 0.384751 0.171330 0.372640 0.162248 0.372640 0.139541 0.402916 0.095640 0.450854 0.068661 0.480474 0.068077 0.482174 0.043162 0.502828 0.045388 0.505696 0.046170 0.505649 0.045526 0.505874 0.040057 0.507437 0.037323 0.508609 0.034588 0.509390 0.031463 0.507046 0.021307 0.500015 0.017031 0.498788 0.012323 0.501187 0.009979 0.503921 0.003729 0.503921 0.000995 0.505874 0.000000 0.507664 0.000000 0.772874 0.039112 0.813443 0.046054 0.818712 0.051132 0.819884 0.056634 0.820296 0.062461 0.820275 0.066354 0.816825 0.075508 0.819863 0.082316 0.818754 0.088746 0.809914 0.104015 0.809111 0.111868 0.804879 0.119809 0.804329 0.121891 0.812659 0.135082 0.825850 0.134387 0.834180 0.140636 0.840429 0.150918 0.853543 0.155877 0.855661 0.161464 0.857058 0.164006 0.861131 0.167016 0.868198 0.167714 0.871121 0.180214 0.873074 0.180996 0.891043 0.194900 0.889710 0.197402 0.900418 0.202089 0.907058 0.202480 0.917214 0.203652 0.927371 0.207168 0.931277 0.214980 0.932058 0.219277 0.928933 0.224355 0.925808 0.227871 0.929714 0.230605 0.934793 0.238157 0.939148 0.239695 0.940074 0.232322 0.943834 0.224243 0.947954 0.218090 0.951235 0.213579 0.956157 0.206196 0.959028 0.204145 0.964360 0.195483 0.970862 0.199269 0.975754 0.209067 0.978305 0.210707 0.982407 0.210376 0.989217 0.211528 0.998813 0.217068 1.000000
0 0.013751 0.195488 0.016095 0.192753 0.016095 0.184941 0.017266 0.180644 0.018298 0.176330 0.018960 0.173557 0.020138 0.168628 0.024273 0.158659 0.031755 0.159726 0.043296 0.159667 0.049100 0.162082 0.050154 0.162738 0.058673 0.169316 0.062188 0.171269 0.067657 0.172831 0.068188 0.176384 0.065704 0.181425 0.060333 0.185737 0.067275 0.187390 0.070782 0.190800 0.069970 0.191465 0.068021 0.193061 0.064447 0.195986 0.050901 0.198948 0.049073 0.200898 0.057110 0.201305 0.061992 0.206140 0.063125 0.208940 0.062970 0.213456 0.061254 0.213872 0.056570 0.214988 0.058673 0.222831 0.058402 0.229417 0.057304 0.233238 0.050913 0.236364 0.043758 0.237673 0.042266 0.241581 0.043103 0.249878 0.033282 0.250956 0.032110 0.252909 0.025860 0.254862 0.021434 0.250716 0.021159 0.250585 0.014532 0.254081 0.009063 0.252519 0.010626 0.246269 0.007528 0.245029 0.006720 0.244706 0.006207 0.237914 0.006907 0.237768 0.012970 0.236503 0.014016 0.231571 0.009454 0.229472 0.008657 0.229143 0.004766 0.230644 0.000000 0.229612 0.000000 0.222895 0.002032 0.219706 0.009416 0.211525 0.003502 0.208219 0.000000 0.205047 0.000000 0.198923 0.000401 0.197939 0.005157 0.195488
0 0.424620 0.460171 0.420041 0.460033 0.404013 0.459548 0.383819 0.476523 0.370538 0.506601 0.370185 0.509016 0.366979 0.507947 0.347088 0.509390 0.338885 0.512515 0.335370 0.519155 0.326385 0.526187 0.321307 0.529312 0.314929 0.531382 0.308305 0.530945 0.307245 0.530874 0.295526 0.530484 0.286541 0.521890 0.282245 0.513296 0.274823 0.511734 0.273204 0.507448 0.275995 0.499234 0.277166 0.494546 0.277557 0.486734 0.272669 0.482857 0.264276 0.480874 0.252288 0.482608 0.246307 0.486343 0.244745 0.491421 0.250604 0.493765 0.248260 0.500015 0.245526 0.500015 0.239450 0.499502 0.234979 0.501577 0.232635 0.506655 0.231073 0.513687 0.229510 0.517984 0.225257 0.519284 0.225105 0.519331 0.224954 0.519380 0.222088 0.520327 0.217401 0.518374 0.215057 0.512124 0.202557 0.497280 0.198260 0.490249 0.193182 0.484390 0.189276 0.483999 0.169354 0.484390 0.165668 0.484541 0.160370 0.483999 0.152557 0.484390 0.141229 0.483218 0.138495 0.487124 0.133821 0.486353 0.125213 0.491030 0.117046 0.493268 0.111151 0.494937 0.104987 0.493396 0.079844 0.496944 0.077211 0.499444 0.053905 0.503054 0.046170 0.505649 0.045388 0.505696 0.043162 0.502828 0.068077 0.482174 0.068661 0.480474 0.095640 0.450854 0.139541 0.402916 0.162248 0.372640 0.171330 0.372640 0.186973 0.384751 0.196561 0.382228 0.200214 0.382576 0.207157 0.383237 0.204234 0.391447 0.199084 0.394843 0.203120 0.399889 0.202386 0.410286 0.211699 0.413009 0.216240 0.407963 0.225323 0.405944 0.259636 0.383742 0.269223 0.381219 0.275783 0.375163 0.277802 0.369108 0.282848 0.358512 0.283352 0.353466 0.286380 0.345392 0.300004 0.336814 0.318170 0.317134 0.329271 0.306538 0.337646 0.293513 0.365098 0.294427 0.385385 0.300907 0.395878 0.312088 0.403973 0.324586 0.440500 0.329093 0.457803 0.352750 0.494212 0.373603 0.506159 0.392468 0.542252 0.423864 0.564617 0.436170 0.573624 0.435640 0.582102 0.432991 0.603252 0.459013 0.594301 0.475546 0.592168 0.482265 0.578169 0.543735 0.554334 0.558659 0.554522 0.553476 0.556084 0.539804 0.555139 0.534992 0.554355 0.530648 0.554318 0.530161 0.554672 0.515944 0.550119 0.512039 0.550083 0.511596 0.541237 0.503136 0.534600 0.490195 0.528350 0.483945 0.515850 0.480429 0.499406 0.473079 0.489678 0.467929 0.479913 0.468320 0.467803 0.465976 0.451397 0.465585 0.448663 0.460898
0 0.217068 1.000000 0.211528 0.998813 0.210376 0.989217 0.210707 0.982407 0.209067 0.978305 0.199269 0.975754 0.195483 0.970862 0.204145 0.964360 0.206196 0.959028 0.213579 0.956157 0.218090 0.951235 0.224243 0.947954 0.232322 0.943834 0.239695 0.940074 0.239880 0.940186 0.251166 0.950699 0.261329 0.957204 0.277184 0.958830 0.283282 0.947040 0.292504 0.955777 0.298754 0.963980 0.310082 0.973746 0.312425 0.979215 0.318285 0.983512 0.319847 0.990934 0.326097 0.992887 0.330004 0.997965 0.331021 1.000000 0.398754 1.000000 0.398754 0.996402 0.408519 0.994449 0.411009 0.985151 0.412035 0.978434 0.412035 0.969449 0.409300 0.960855 0.408129 0.947574 0.408129 0.935074 0.405785 0.931559 0.405785 0.928043 0.406957 0.924918 0.407347 0.918668 0.406566 0.910074 0.403050 0.903824 0.401488 0.892887 0.399925 0.889371 0.397582 0.880777 0.393667 0.874729 0.382738 0.859293 0.382738 0.853824 0.379613 0.851871 0.376097 0.849918 0.374535 0.842496 0.371800 0.839762 0.366332 0.837809 0.360863 0.831559 0.360414 0.826800 0.365160 0.820621 0.369745 0.803921 0.370046 0.802738 0.370948 0.803402 0.370101 0.802525 0.374823 0.783999 0.378964 0.747235 0.379839 0.747121 0.379932 0.747152 0.379878 0.747116 0.384588 0.746499 0.386068 0.746993 0.386184 0.747060 0.386158 0.747023 0.391620 0.748843 0.394351 0.749912 0.395950 0.751747 0.394796 0.750086 0.400604 0.752359 0.408026 0.755874 0.409612 0.756580 0.411965 0.759169 0.410577 0.757008 0.411541 0.757437 0.414666 0.758999 0.416620 0.760562 0.420916 0.762124 0.425213 0.760952 0.429739 0.757073 0.436151 0.751577 0.440360 0.745838 0.441653 0.746669 0.440563 0.745656 0.450604 0.740249 0.456073 0.732895 0.461932 0.725015 0.461998 0.724683 0.462746 0.725185 0.462000 0.724673 0.463104 0.719155 0.465838 0.715249 0.465304 0.685611 0.465057 0.680874 0.461932 0.676187 0.454120 0.661343 0.453338 0.655093 0.447870 0.642202 0.447479 0.638687 0.442401 0.626968 0.435370 0.612124 0.426385 0.593374 0.424823 0.584780 0.419354 0.576187 0.417791 0.569546 0.418573 0.559780 0.416522 0.533956 0.396307 0.519546 0.385370 0.514077 0.370185 0.509016 0.370538 0.506601 0.383819 0.476523 0.404013 0.459548 0.420041 0.460033 0.424620 0.460171 0.448663 0.460898 0.451397 0.465585 0.467803 0.465976 0.479913 0.468320 0.489678 0.467929 0.499406 0.473079 0.515850 0.480429 0.528350 0.483945 0.534600 0.490195 0.542413 0.505429 0.554672 0.515944 0.554318 0.530161 0.554355 0.530648 0.555139 0.534992 0.556084 0.539804 0.554522 0.553476 0.553534 0.580653 0.553505 0.581835 0.553741 0.599570 0.550715 0.629763 0.551397 0.639413 0.545538 0.650741 0.545538 0.657382 0.546709 0.675741 0.545067 0.689489 0.540946 0.703791 0.536162 0.715585 0.536944 0.723398 0.541803 0.719506 0.545850 0.713548 0.563561 0.691841 0.569366 0.684726 0.607647 0.676913 0.610381 0.678085 0.610772 0.686288 0.608694 0.701559 0.582256 0.744101 0.576006 0.753085 0.572491 0.762460 0.558038 0.776132 0.556866 0.780429 0.551397 0.781991 0.549834 0.788241 0.545147 0.790976 0.543194 0.804648 0.523663 0.835116 0.509600 0.869882 0.498920 0.900211 0.491631 0.927304 0.484600 0.956991 0.478350 0.967929 0.478388 0.977310 0.475991 0.988997 0.472491 0.999570 0.471791 1.000000
0 0.147664 0.683698 0.144342 0.685005 0.141023 0.685260 0.139169 0.684166 0.137860 0.683394 0.136768 0.681734 0.136988 0.680438 0.136336 0.678229 0.136336 0.676276 0.136336 0.674713 0.133912 0.672618 0.131649 0.670663 0.130866 0.668312 0.132483 0.664914 0.133211 0.663385 0.135730 0.661554 0.137508 0.660260 0.139389 0.660375 0.139570 0.660365 0.141849 0.658389 0.142586 0.653620 0.143367 0.652448 0.145792 0.651774 0.150398 0.650495 0.153523 0.652448 0.152742 0.657135 0.153523 0.662213 0.156814 0.666320 0.156841 0.666466 0.157010 0.668111 0.157696 0.668908 0.157725 0.669051 0.157845 0.670851 0.157854 0.671002 0.157981 0.674157 0.157295 0.676930 0.156809 0.678236 0.157039 0.680182 0.154763 0.680007 0.151961 0.679791 0.147694 0.681933
