0 0.000000 0.000000 0.011719 0.000000 0.015625 0.000000 0.027831 0.035689 0.015625 0.035156 0.007812 0.046875 0.003906 0.050781 0.000000 0.065104
0 0.074219 0.296875 0.125000 0.304688 0.128906 0.304688 0.140625 0.316406 0.144531 0.320312 0.140625 0.367188 0.140625 0.371094 0.113281 0.402344 0.109375 0.406250 0.054688 0.402344 0.050781 0.402344 0.035156 0.386719 0.031250 0.382812 0.031250 0.363281 0.031250 0.359375 0.039062 0.339844 0.039062 0.335938 0.074219 0.296875
0 0.000000 0.433023 0.011543 0.426866 0.017210 0.415533 0.000210 0.414400 0.000000 0.414313
0 0.000000 0.366802 0.000000 0.407941 0.008143 0.416666 0.021743 0.417800 0.030809 0.416666 0.033076 0.414400 0.041009 0.400800 0.038743 0.390601 0.036476 0.390601 0.027409 0.380401 0.025143 0.380401 0.007010 0.366802
0 0.026276 0.446132 0.035343 0.439332 0.035343 0.437066 0.025143 0.428000 0.011543 0.429133 0.003610 0.441599 0.003610 0.452932 0.011543 0.457465 0.030809 0.461998
0 0.097898 0.506180 0.079034 0.503961 0.056840 0.503961 0.045743 0.510619 0.034647 0.526154 0.036866 0.540580 0.064608 0.539470 0.061279 0.550567 0.073485 0.557225 0.087911 0.557225 0.100117 0.525045 0.100117 0.515058
0 0.019111 0.539470 0.008015 0.540580 0.008015 0.550567 0.040195 0.550567 0.059059 0.563883 0.075704 0.563883 0.074595 0.557225 0.050182 0.542799 0.034647 0.539470
0 0.104556 0.481768 0.080143 0.481768 0.077924 0.464013 0.083472 0.454026 0.083472 0.434052 0.100117 0.460684 0.121201 0.466232 0.124530 0.472890 0.118981 0.472890 0.116762 0.495084 0.107885 0.495084
0 0.146723 0.476219 0.132297 0.481768 0.127859 0.495084 0.136736 0.500632 0.118981 0.495084 0.105665 0.495084 0.085691 0.499522 0.100117 0.508400 0.138955 0.509509 0.165587 0.513948 0.168916 0.507290 0.157820 0.491755 0.167807 0.491755 0.161149 0.481768
0 0.000000 0.241179 0.000247 0.240970 0.009124 0.220996 0.015782 0.211009 0.015782 0.202132 0.002466 0.202132 0.000000 0.204187
0 0.082031 0.113281 0.093750 0.113281 0.097656 0.113281 0.113281 0.125000 0.117188 0.128906 0.117188 0.152344 0.117188 0.156250 0.093750 0.156250 0.089844 0.156250 0.074219 0.144531 0.070312 0.144531 0.070312 0.128906 0.070312 0.125000 0.082031 0.113281
0 0.034002 0.038485 0.052423 0.040750 0.060768 0.082384 0.051359 0.110574 0.062455 0.112261 0.061256 0.130638 0.035156 0.144531 0.019531 0.144531 0.015625 0.144531 0.011674 0.118830 0.023303 0.109375 0.008877 0.105867 0.004439 0.079767 0.016157 0.066316 0.023925 0.051314 0.029563 0.040705
0 0.238281 0.000000 0.300781 0.000000 0.304688 0.000000 0.304688 0.035156 0.304688 0.039062 0.289062 0.066406 0.285156 0.070312 0.269531 0.074219 0.265625 0.078125 0.238281 0.078125 0.234375 0.074219 0.238281 0.000000
0 0.222656 0.218750 0.242188 0.218750 0.246094 0.222656 0.242188 0.281250 0.242188 0.285156 0.234375 0.285156 0.230469 0.285156 0.218750 0.257812 0.214844 0.253906 0.210938 0.234375 0.210938 0.230469 0.222656 0.218750
0 0.176684 0.016817 0.178904 0.064533 0.205536 0.058984 0.212193 0.053436 0.194439 0.034572
0 0.163368 0.074520 0.194439 0.077849 0.206645 0.086726 0.197768 0.105590 0.185561 0.112248 0.173355 0.106700 0.167807 0.092274
0 0.102336 0.060094 0.082363 0.061204 0.066827 0.078958 0.095679 0.083397 0.105665 0.077849
0 0.283212 0.218777 0.269896 0.213228 0.261019 0.212118 0.255470 0.219886 0.254361 0.228764 0.262129 0.244299 0.263238 0.255395 0.274335 0.249847 0.283212 0.239860 0.286541 0.228764
0 0.141175 0.186596 0.158929 0.182157 0.167807 0.184377 0.172245 0.198802 0.187781 0.197693 0.187781 0.184377 0.183342 0.168841 0.175575 0.165513 0.162259 0.166622 0.156710 0.162184 0.154491 0.153306 0.150052 0.147758 0.136736 0.148868 0.134517 0.166622
0 0.229948 0.299782 0.233277 0.309769 0.247703 0.311989 0.278773 0.335291 0.283212 0.329743 0.288761 0.308659 0.283212 0.294234 0.264348 0.298673
0 0.256580 0.375239 0.254361 0.391885 0.273225 0.398543 0.294309 0.399652 0.305405 0.379678 0.305405 0.373020 0.295418 0.373020 0.289870 0.367472 0.279883 0.367472
0 0.367547 0.148868 0.363108 0.138880 0.354231 0.134442 0.340915 0.139990 0.333147 0.155525 0.349792 0.156635 0.356450 0.168841 0.354231 0.176609 0.345354 0.175500 0.345354 0.193254 0.367547 0.193254 0.376424 0.186596 0.370876 0.181048 0.374205 0.165513
0 0.389740 0.042339 0.363108 0.039011 0.330928 0.040120 0.313173 0.034572 0.320941 0.064533 0.330928 0.084507 0.329818 0.096713 0.357560 0.101152 0.371986 0.086726 0.371986 0.068971 0.389740 0.068971 0.403056 0.064533 0.397508 0.047888
0 0.367547 0.002391 0.390850 0.029023 0.407495 0.024585 0.416372 0.024585 0.413043 0.009049 0.429688 0.019036 0.435237 0.015707 0.420811 0.000172
0 0.469636 0.001282 0.468527 0.006830 0.502926 0.033462 0.500707 0.044559 0.505146 0.051217 0.518462 0.062313 0.518462 0.051217 0.541765 0.031243 0.565068 0.017927 0.576164 0.004611 0.576164 0.001282
0 0.511804 0.070081 0.514023 0.088945 0.510694 0.115577 0.517352 0.116687 0.522900 0.108920 0.540655 0.106700 0.538436 0.096713 0.552861 0.108920 0.562848 0.092274 0.562848 0.064533 0.560629 0.061204 0.553971 0.066752 0.550642 0.064533 0.561739 0.048997 0.581713 0.033462 0.581713 0.026804 0.592809 0.012379 0.590590 0.000172 0.571726 0.002391 0.567287 0.017927 0.556190 0.029023 0.541765 0.035681 0.522900 0.065643
0 0.517352 0.359704 0.562848 0.366362 0.581713 0.348607 0.587261 0.333072 0.586151 0.326414 0.583932 0.325305 0.568396 0.324195 0.567287 0.315318 0.549532 0.314208 0.543984 0.321975 0.529558 0.326414 0.529558 0.328634 0.519571 0.333072 0.517352 0.347498
0 0.602796 0.374130 0.633867 0.360814 0.632757 0.344169 0.624990 0.335291 0.607235 0.335291 0.597248 0.339730 0.593919 0.344169 0.601687 0.351937
0 0.598358 0.391885 0.624990 0.392994 0.633867 0.389665 0.639415 0.385227 0.638306 0.373020 0.618332 0.373020 0.602796 0.376349 0.602796 0.378569
0 0.626099 0.298673 0.647183 0.305330 0.668267 0.306440 0.678254 0.299782 0.661609 0.278698 0.648293 0.283137
0 0.597248 0.164403 0.579493 0.176609 0.586151 0.188816 0.602796 0.188816 0.606125 0.172170 0.606125 0.161074
0 0.530668 0.250957 0.553971 0.268711 0.563958 0.269821 0.577274 0.262054 0.571726 0.246518 0.558410 0.250957 0.540655 0.246518
0 0.316406 0.445312 0.334918 0.448109 0.338824 0.428135 0.353871 0.427648 0.371094 0.464844 0.391202 0.525612 0.402299 0.531737 0.410156 0.535156 0.420720 0.554598 0.427423 0.577503 0.407449 0.581409 0.417924 0.594417 0.415127 0.621626 0.397905 0.622736 0.389560 0.608310 0.359907 0.577015 0.329369 0.537600 0.292969 0.496094 0.289062 0.492188 0.292969 0.464844 0.292969 0.460938 0.316406 0.445312
0 0.325380 0.539470 0.307625 0.545019 0.303186 0.552786 0.295418 0.552786 0.296528 0.599392 0.310954 0.601612 0.316502 0.628244 0.323160 0.645998 0.334257 0.645998 0.338696 0.601612 0.353121 0.601612 0.356450 0.572760 0.353121 0.566102
0 0.621094 0.000000 0.769531 0.000000 0.773438 0.000000 0.791770 0.026811 0.777344 0.035156 0.726562 0.113281 0.726562 0.117188 0.701926 0.140715 0.693581 0.161266 0.673472 0.164018 0.656250 0.156250 0.632812 0.132812 0.628906 0.128906 0.605469 0.085938 0.601562 0.082031 0.596014 0.071955 0.601562 0.062500 0.613281 0.050781 0.617188 0.046875 0.621094 0.000000
0 0.760369 0.076739 0.773685 0.094494 0.784782 0.097823 0.794769 0.094494 0.800317 0.076739 0.795879 0.058984 0.791440 0.046778 0.780343 0.045668 0.780343 0.040120
0 0.954767 0.003329 0.987749 0.003329 0.999423 0.008877 1.000000 0.067557 1.000000 0.121881 0.984997 0.127796 0.953125 0.127796 0.949219 0.127796 0.937988 0.118830 0.924094 0.098279 0.927423 0.077503 0.927423 0.062500 0.939232 0.037729
0 0.891310 0.000172 0.887981 0.047888 0.897968 0.058984 0.911284 0.056765 0.929039 0.060094 0.934587 0.045668 0.926819 0.026804
0 0.909064 0.065643 0.896858 0.074520 0.887981 0.094494 0.889091 0.102261 0.902407 0.103371 0.915723 0.084507 0.923490 0.068971 0.923490 0.058984
0 0.738281 0.117188 0.769531 0.117188 0.773438 0.117188 0.785156 0.144531 0.785156 0.148438 0.773438 0.179688 0.773438 0.183594 0.746094 0.214844 0.742188 0.218750 0.730469 0.222656 0.726562 0.222656 0.714844 0.218750 0.710938 0.218750 0.691406 0.203125 0.687500 0.203125 0.679688 0.195312 0.675781 0.191406 0.675781 0.171875 0.675781 0.167969 0.738281 0.117188
0 0.941406 0.253906 0.960938 0.253906 0.964844 0.253906 0.992188 0.265625 0.996094 0.265625 0.996094 0.316406 0.996094 0.320312 0.980469 0.316406 0.976562 0.316406 0.929688 0.289062 0.925781 0.285156 0.925781 0.265625 0.925781 0.261719 0.941406 0.253906
0 0.875000 0.222656 0.894531 0.226562 0.898438 0.230469 0.894531 0.261719 0.890625 0.265625 0.882812 0.261719 0.878906 0.261719 0.871094 0.246094 0.867188 0.242188 0.875000 0.222656
0 0.869116 0.404091 0.885761 0.432942 0.895748 0.462903 0.901297 0.474000 0.903516 0.474000 0.934587 0.459574 0.942355 0.440710 0.937916 0.428504 0.934587 0.428504 0.914613 0.412968 0.911284 0.412968 0.911284 0.410749 0.886871 0.398543
0 0.970096 0.470671 0.970096 0.525045 0.983412 0.546129 0.995619 0.557225 1.000000 0.557225 1.000000 0.480633 0.982303 0.472890
0 0.996728 0.399652 0.982303 0.399652 0.973425 0.404091 0.976754 0.428504 0.983412 0.428504 0.998948 0.432942
0 0.800317 0.326414 0.802536 0.250957 0.794769 0.242079 0.771466 0.233202 0.764808 0.242079 0.759259 0.244299 0.760369 0.276479 0.772575 0.295343 0.791440 0.318646
0 0.773685 0.325305 0.759259 0.337511 0.759259 0.348607 0.767027 0.363033 0.787001 0.354156 0.791440 0.339730 0.800317 0.333072 0.800317 0.329743 0.792550 0.323085
0 0.836936 0.268711 0.822511 0.266492 0.822511 0.264273 0.813633 0.255395 0.804756 0.250957 0.800317 0.274260 0.826949 0.298673 0.844704 0.298673 0.851362 0.287576 0.851362 0.266492
0 0.903516 0.370801 0.921271 0.376349 0.940135 0.370801 0.924600 0.349717 0.913503 0.357485
0 0.912393 0.388555 0.945684 0.392994 0.947903 0.391885 0.949013 0.400762 0.957890 0.397433 0.960109 0.388555 0.959000 0.384117 0.950122 0.379678 0.913503 0.379678
0 0.967877 0.418516 0.960109 0.424065 0.955671 0.437381 0.963438 0.447368 0.973425 0.452916 0.976754 0.446258 0.987851 0.444039 0.993399 0.436271 0.993399 0.427394 0.977864 0.427394
0 0.950122 0.506180 0.930148 0.505071 0.932368 0.495084 0.922380 0.490645 0.916832 0.495084 0.900187 0.488426 0.889091 0.488426 0.890200 0.503961 0.906845 0.512838 0.914613 0.519496 0.924600 0.513948 0.925709 0.516167 0.932368 0.517277 0.922380 0.523935 0.917942 0.537251 0.911284 0.548348 0.929039 0.546129 0.931258 0.535032 0.941245 0.535032 0.941245 0.521716
0 0.819182 0.511729 0.822511 0.530593 0.831388 0.531703 0.853581 0.526154 0.862459 0.513948 0.864678 0.499522 0.851362 0.499522 0.836936 0.486206 0.836936 0.475110 0.813633 0.448478 0.806975 0.434052 0.794769 0.432942 0.778124 0.406310 0.758150 0.406310 0.758150 0.396323 0.767027 0.385227 0.750382 0.380788 0.741505 0.370801 0.737066 0.363033 0.749272 0.363033 0.745943 0.353046 0.728189 0.353046 0.723750 0.370801 0.723750 0.410749 0.744834 0.434052 0.760369 0.446258 0.771466 0.450697 0.788111 0.477329 0.804756 0.486206 0.813633 0.500632
0 0.735956 0.336401 0.750382 0.336401 0.760369 0.326414 0.767027 0.307550 0.783672 0.309769 0.773685 0.295343 0.767027 0.295343 0.758150 0.288686 0.754821 0.280918 0.739286 0.275370 0.730408 0.278698 0.727079 0.267602 0.702666 0.263163 0.682693 0.263163 0.678254 0.267602 0.687131 0.284247 0.689350 0.303111 0.712654 0.302002 0.730408 0.292014 0.748163 0.295343 0.753711 0.305330 0.743724 0.313098
0 0.608345 0.498412 0.640525 0.464013 0.640525 0.424065 0.670486 0.394104 0.687131 0.361923 0.690460 0.337511 0.702666 0.316427 0.715982 0.299782 0.730408 0.286466 0.732627 0.286466 0.750382 0.295343 0.751492 0.308659 0.742614 0.316427 0.735956 0.337511 0.724860 0.353046 0.712654 0.365253 0.711544 0.390775 0.698228 0.405200 0.693789 0.432942 0.679363 0.461794 0.658280 0.486206 0.634977 0.499522
0 0.698228 0.564993 0.693789 0.526154 0.684912 0.505071 0.659389 0.481768 0.679363 0.457355 0.705995 0.461794 0.744834 0.478439 0.793659 0.517277 0.822511 0.546129 0.731518 0.583857 0.710434 0.580528
0 0.689350 0.537251 0.648293 0.510619 0.631648 0.505071 0.611674 0.506180 0.600577 0.518387 0.587261 0.519496 0.577274 0.525045 0.571726 0.525045 0.556190 0.519496 0.539545 0.508400 0.543984 0.491755 0.596138 0.466232 0.615003 0.445148 0.617222 0.445148 0.632757 0.452916 0.641635 0.452916 0.637196 0.468452 0.608345 0.496193 0.632757 0.500632 0.658280 0.486206 0.686021 0.507290 0.694899 0.527264
0 0.511804 0.370801 0.489610 0.398543 0.465198 0.441820 0.461869 0.471780 0.472965 0.499522 0.496677 0.495447 0.543984 0.487316 0.552861 0.483987 0.541765 0.438491 0.539545 0.438491 0.538436 0.398543 0.529558 0.364143
0 0.481843 0.513948 0.499597 0.530593 0.506255 0.532813 0.520681 0.526154 0.536216 0.522825 0.528449 0.520606 0.531778 0.490645 0.500707 0.495084 0.495159 0.503961
0 0.582822 0.566102 0.581713 0.603831 0.630538 0.621586 0.649402 0.603831 0.649402 0.596063 0.640525 0.591625 0.637196 0.578309 0.629429 0.574980 0.608345 0.574980 0.591700 0.560554
0 0.443004 0.402981 0.431907 0.407420 0.431907 0.438491 0.466307 0.481768 0.464088 0.467342 0.466307 0.441820 0.471855 0.424065 0.465198 0.410749 0.451882 0.404091
0 0.492939 0.381898 0.471855 0.385227 0.459649 0.394104 0.464088 0.406310 0.474075 0.407420 0.477404 0.419626 0.487391 0.398543 0.505146 0.379678
0 0.401946 0.419626 0.400837 0.455136 0.393069 0.462903 0.393069 0.471780 0.405276 0.481768 0.431907 0.483987 0.454101 0.472890 0.459649 0.465123 0.438566 0.446258 0.433017 0.437381 0.431907 0.410749 0.423030 0.416297
0 0.427469 0.492864 0.427469 0.499522 0.414153 0.499522 0.409714 0.508400 0.414153 0.538361 0.440785 0.542799 0.441895 0.552786 0.452991 0.552786 0.456320 0.543909 0.462978 0.536141 0.466307 0.543909 0.482952 0.553896 0.485171 0.552786 0.485171 0.542799 0.489610 0.539470 0.486281 0.525045 0.474075 0.525045 0.449662 0.520606 0.436346 0.530593 0.435237 0.526154 0.438566 0.510619 0.458539 0.502851 0.462978 0.507290 0.462978 0.499522 0.454101 0.490645 0.440785 0.486206
0 0.337119 0.302605 0.324405 0.303877 0.323134 0.316590 0.328220 0.331846 0.310421 0.353459 0.337119 0.340745 0.337119 0.330575 0.347289 0.334389 0.344746 0.316590
0 0.344746 0.356001 0.362545 0.371257 0.371445 0.368714 0.377801 0.361086 0.366359 0.357273 0.358731 0.338203 0.348561 0.322947 0.337119 0.343288
0 0.338390 0.116992 0.301521 0.116992 0.292622 0.122077 0.283723 0.116992 0.278638 0.124620 0.281180 0.133519 0.295165 0.136062 0.295165 0.128434 0.306607 0.125891 0.305336 0.138604 0.324405 0.147504 0.326948 0.132248 0.339661 0.132248
0 0.081582 0.005115 0.058698 0.017829 0.070140 0.050883 0.076497 0.050883 0.080311 0.036898 0.091753 0.030542 0.091753 0.020371 0.105738 0.025457 0.114637 0.015286 0.105738 0.015286 0.101923 0.020371
0 0.048528 0.457707 0.016745 0.472963 0.006574 0.483134 0.026915 0.483134 0.028187 0.503475 0.040900 0.502204 0.042171 0.490762 0.052342 0.490762
0 0.232870 0.530173 0.213800 0.528902 0.209986 0.549243 0.215071 0.559413 0.226513 0.568312 0.229056 0.568312 0.240498 0.550514 0.240498 0.539072 0.237955 0.539072
0 0.826037 0.149766 0.814317 0.154975 0.806504 0.162788 0.822130 0.177113 0.824734 0.194041 0.832548 0.186228 0.836454 0.167997 0.836454 0.157580
0 0.414539 0.181020 0.409330 0.200552 0.404122 0.210970 0.423655 0.196646 0.441886 0.192739 0.445792 0.186228
0 0.193164 0.178415 0.193164 0.212272 0.224417 0.195344 0.241346 0.181020 0.243950 0.177113 0.243950 0.170602 0.221813 0.177113
0 0.000000 0.754596 0.009567 0.763795 0.026094 0.761252 0.026094 0.758709 0.033722 0.756167 0.050249 0.771423 0.057877 0.771423 0.057877 0.740911 0.034993 0.740911 0.010838 0.732012 0.000000 0.732012
0 0.027365 0.687515 0.024823 0.709128 0.032451 0.723113 0.056606 0.721841 0.055334 0.707856 0.048978 0.697686 0.040079 0.690058
0 0.000000 0.666649 0.029908 0.658275 0.046435 0.649375 0.033722 0.635391 0.031179 0.635391 0.019737 0.621406 0.000668 0.607421 0.000000 0.607657 0.000000 0.627054 0.009567 0.626491 0.019737 0.640476 0.003210 0.646833 0.000000 0.646833
0 0.173568 0.625220 0.157041 0.622678 0.157041 0.641748 0.145599 0.649375 0.141785 0.662089 0.141785 0.672259 0.171025 0.669717 0.182467 0.655732 0.182467 0.641748 0.179925 0.641748 0.178653 0.639205
0 0.116358 0.682430 0.099831 0.670988 0.080761 0.679887 0.078218 0.697686 0.092203 0.702771 0.092203 0.724384 0.096017 0.732012 0.107459 0.733283 0.110002 0.718027 0.117630 0.710399 0.121443 0.723113 0.132886 0.723113 0.132886 0.705314 0.150684 0.718027 0.157041 0.701500 0.174839 0.704043 0.192638 0.702771 0.198995 0.687515 0.187552 0.690058 0.187552 0.692600 0.173568 0.695143 0.172296 0.670988 0.141785 0.674802
0 0.303243 0.611236 0.279088 0.623949 0.272731 0.636662 0.254933 0.621406 0.249847 0.635391 0.253661 0.635391 0.268917 0.649375 0.268917 0.677345 0.284173 0.677345 0.284173 0.667174 0.298158 0.677345 0.301972 0.670988 0.294344 0.660817 0.294344 0.644290 0.304514 0.648104 0.312142 0.644290 0.312142 0.631577 0.299429 0.631577
0 0.211708 0.683701 0.212979 0.707856 0.247305 0.721841 0.247305 0.702771 0.238405 0.697686 0.229506 0.687515
0 0.360453 0.728198 0.373166 0.753624 0.374437 0.775237 0.401135 0.762523 0.398593 0.745996 0.384608 0.723113 0.375709 0.718027
0 0.370623 0.786679 0.375709 0.815919 0.439275 0.813377 0.478686 0.763795 0.445632 0.765066 0.412577 0.768880 0.384608 0.775237 0.380794 0.779051 0.378251 0.779051
0 0.548609 0.748539 0.523182 0.761252 0.478686 0.768880 0.474872 0.786679 0.497756 0.789221 0.496485 0.782864 0.534624 0.776508 0.543524 0.763795
0 0.563865 0.617592 0.548609 0.626491 0.548609 0.657004 0.552423 0.667174 0.570221 0.669717 0.589291 0.653189 0.589291 0.646833
0 0.552423 0.588352 0.515554 0.601065 0.511741 0.615050 0.533353 0.612507 0.540981 0.606150 0.560051 0.616321
0 0.136700 0.822276 0.088389 0.827361 0.090932 0.896012 0.101102 0.909997 0.135428 0.908726 0.144327 0.916354 0.151955 0.901098 0.151955 0.875671 0.136700 0.856602 0.130343 0.833718
0 0.604547 0.840074 0.590562 0.834989 0.575307 0.824818 0.570221 0.817190 0.567679 0.823547 0.576578 0.870586 0.590562 0.896012 0.605819 0.898555 0.608361 0.865501
0 0.673199 0.738368 0.656671 0.733283 0.645230 0.734554 0.635059 0.739639 0.626160 0.781593 0.669385 0.776508 0.677013 0.766338 0.685912 0.766338 0.687184 0.758709 0.689726 0.758709 0.689726 0.761252 0.701168 0.752353 0.688455 0.738368
0 0.746936 0.691329 0.741850 0.726926 0.748207 0.737097 0.755835 0.742182 0.769820 0.742182 0.772362 0.720570 0.772362 0.705314 0.758378 0.695143
0 0.693540 0.702771 0.660486 0.701500 0.655400 0.697686 0.632516 0.702771 0.613446 0.724384 0.613446 0.726926 0.622346 0.732012 0.650315 0.728198 0.683370 0.734554 0.710067 0.720570 0.710067 0.715484 0.706254 0.707856
0 0.935092 0.673530 0.913479 0.687515 0.913479 0.706585 0.888053 0.723113 0.916022 0.732012 0.924921 0.743454 0.952891 0.742182 0.950348 0.730740 0.966875 0.728198 0.983402 0.728198 0.984674 0.725655 0.999930 0.723113 0.997387 0.686244 0.982131 0.688787 0.975774 0.682430 0.943991 0.682430
0 0.551638 0.861411 0.547636 0.868080 0.538299 0.868080 0.531630 0.865412 0.526295 0.893423 0.542300 0.909429 0.562308 0.900092 0.568977 0.916098 0.586317 0.904093 0.579648 0.882752 0.576980 0.882752 0.572979 0.876083 0.570311 0.861411
0 0.548970 0.820062 0.542300 0.814726 0.536965 0.806723 0.502285 0.809391 0.508955 0.824063 0.518291 0.853408 0.530296 0.857409 0.532964 0.870748 0.551638 0.868080 0.551638 0.860077 0.560974 0.852074 0.567643 0.841403 0.558307 0.838736
0 0.500952 0.852074 0.499618 0.870748 0.508955 0.884086 0.519625 0.894757 0.520959 0.898758 0.524961 0.897424 0.515624 0.876083 0.522293 0.853408 0.518291 0.850740
0 0.715699 0.861411 0.702361 0.854741 0.681020 0.857409 0.673016 0.873415 0.679686 0.882752 0.666347 0.884086 0.662346 0.904093 0.690356 0.894757 0.707696 0.876083
0 0.755714 0.868080 0.731705 0.861411 0.715699 0.873415 0.707696 0.874749 0.685021 0.898758 0.693024 0.916098 0.713032 0.932104 0.734373 0.932104 0.755714 0.921433 0.757048 0.918766 0.759716 0.906761 0.759716 0.878750
0 0.910156 0.917969 0.925781 0.917969 0.929688 0.917969 0.957031 0.929688 0.960938 0.929688 0.992188 0.953125 0.996094 0.953125 0.996094 1.000000 0.878906 1.000000 0.878906 1.000000 0.886719 0.972656 0.886719 0.968750 0.898438 0.933594 0.898438 0.929688 0.910156 0.917969
0 0.828125 0.984375 0.847656 0.984375 0.851562 0.984375 0.851562 1.000000 0.791667 1.000000 0.828125 0.984375
0 0.566406 0.953125 0.582031 0.953125 0.585938 0.953125 0.613281 0.964844 0.617188 0.964844 0.617188 0.984375 0.617188 0.988281 0.608817 1.000000 0.559896 1.000000 0.554688 0.992188 0.550781 0.988281 0.550781 0.972656 0.550781 0.968750 0.566406 0.953125
0 0.039062 0.812500 0.058594 0.812500 0.062500 0.812500 0.070312 0.820312 0.074219 0.824219 0.085938 0.886719 0.085938 0.890625 0.101562 0.917969 0.105469 0.921875 0.097656 0.945312 0.097656 0.949219 0.039062 0.988281 0.035156 0.992188 0.016602 1.000000 0.000000 1.000000 0.000000 0.818359 0.039062 0.812500
0 0.365562 0.957340 0.324612 0.961240 0.324612 0.978790 0.303162 0.988540 0.303162 1.000000 0.315102 1.000000 0.318762 0.996340 0.334362 0.990490 0.365562 0.992440 0.365562 0.988540
0 0.201762 0.935890 0.186162 0.939790 0.154962 0.924190 0.143262 0.951490 0.170562 0.965140 0.193962 0.967090 0.197862 0.963190 0.205662 0.961240 0.209562 0.955390
0 0.053562 0.992440 0.055925 1.000000 0.093531 1.000000 0.117912 0.986590 0.123762 0.970990 0.127662 0.986590 0.158862 0.988540 0.154962 0.972940 0.147162 0.967090 0.143262 0.945640 0.137412 0.939790 0.121812 0.931990 0.106212 0.920290 0.106212 0.928090 0.115962 0.945640 0.090612 0.969040
0 0.989562 0.859840 0.964213 0.865690 0.948613 0.892990 0.958362 0.920290 0.999313 0.951490 0.995412 0.912490 0.989562 0.904690 0.989562 0.896890 0.985663 0.894940 0.983713 0.889090 0.987613 0.879340 0.997363 0.881290
0 0.864678 0.424065 0.854691 0.444039 0.850252 0.457355 0.862459 0.462903 0.877994 0.462903 0.889091 0.458464 0.885761 0.432942 0.879104 0.428504
0 0.829168 0.419626 0.800317 0.418516 0.800317 0.422955 0.808085 0.437381 0.810304 0.437381 0.829168 0.451807
