0 0.601562 0.894531 0.687500 0.898438 0.691406 0.898438 0.792969 0.914062 0.796875 0.914062 0.917969 0.945312 0.921875 0.945312 1.000000 0.976562 1.000000 0.976562 1.000000 1.000000 0.569393 1.000000 0.554688 0.968750 0.550781 0.964844 0.550781 0.953125 0.550781 0.949219 0.566406 0.914062 0.566406 0.910156 0.578125 0.902344 0.582031 0.898438 0.601562 0.894531
0 0.728693 0.000000 0.714844 0.050781 0.714844 0.054688 0.660156 0.097656 0.656250 0.101562 0.625000 0.117188 0.621094 0.117188 0.613281 0.128906 0.609375 0.132812 0.601562 0.183594 0.601562 0.187500 0.585938 0.230469 0.582031 0.234375 0.601562 0.359375 0.605469 0.363281 0.601562 0.402344 0.601562 0.406250 0.585938 0.437500 0.582031 0.441406 0.542969 0.441406 0.539062 0.441406 0.527344 0.433594 0.523438 0.433594 0.500000 0.402344 0.496094 0.398438 0.449219 0.312500 0.445312 0.308594 0.441406 0.308594 0.437500 0.308594 0.425781 0.324219 0.421875 0.328125 0.402344 0.335938 0.398438 0.339844 0.382812 0.335938 0.378906 0.335938 0.375000 0.320312 0.371094 0.316406 0.371094 0.261719 0.371094 0.257812 0.394531 0.207031 0.394531 0.203125 0.453125 0.121094 0.457031 0.117188 0.457031 0.101562 0.460938 0.097656 0.460938 0.074219 0.457031 0.070312 0.437500 0.074219 0.433594 0.074219 0.421875 0.066406 0.417969 0.066406 0.414474 0.000000
0 0.382812 0.488281 0.398438 0.496094 0.402344 0.500000 0.425781 0.492188 0.429688 0.488281 0.503906 0.488281 0.507812 0.488281 0.566406 0.496094 0.570312 0.500000 0.707031 0.500000 0.710938 0.500000 0.792969 0.531250 0.796875 0.531250 0.800781 0.546875 0.800781 0.550781 0.761719 0.585938 0.757812 0.589844 0.765625 0.613281 0.769531 0.617188 0.765625 0.652344 0.761719 0.656250 0.722656 0.667969 0.718750 0.667969 0.699219 0.687500 0.695312 0.691406 0.675781 0.699219 0.671875 0.703125 0.613281 0.703125 0.609375 0.703125 0.601562 0.699219 0.597656 0.695312 0.578125 0.695312 0.574219 0.695312 0.535156 0.679688 0.531250 0.679688 0.496094 0.656250 0.492188 0.652344 0.363281 0.621094 0.359375 0.621094 0.335938 0.597656 0.332031 0.593750 0.324219 0.542969 0.324219 0.539062 0.339844 0.519531 0.343750 0.515625 0.382812 0.488281
0 0.273438 0.585938 0.281250 0.585938 0.285156 0.585938 0.308594 0.601562 0.312500 0.605469 0.332031 0.652344 0.335938 0.656250 0.339844 0.695312 0.343750 0.699219 0.339844 0.812500 0.335938 0.816406 0.324219 0.816406 0.320312 0.816406 0.292969 0.789062 0.289062 0.785156 0.250000 0.699219 0.246094 0.695312 0.246094 0.625000 0.246094 0.621094 0.273438 0.585938
0 0.234375 0.539062 0.250000 0.542969 0.253906 0.542969 0.312500 0.601562 0.316406 0.601562 0.335938 0.640625 0.339844 0.644531 0.343750 0.777344 0.347656 0.781250 0.343750 0.859375 0.343750 0.863281 0.382812 0.914062 0.386719 0.917969 0.390625 0.937500 0.386719 0.941406 0.378906 0.941406 0.375000 0.941406 0.312500 0.898438 0.308594 0.898438 0.234375 0.835938 0.230469 0.835938 0.218750 0.824219 0.214844 0.820312 0.203125 0.785156 0.203125 0.781250 0.167969 0.746094 0.164062 0.742188 0.152344 0.617188 0.152344 0.613281 0.171875 0.585938 0.175781 0.582031 0.183594 0.578125 0.187500 0.578125 0.210938 0.550781 0.214844 0.546875 0.234375 0.539062
0 0.453125 0.980469 0.507812 0.984375 0.511719 0.984375 0.539062 1.000000 0.542969 1.000000 0.542969 1.000000 0.440104 1.000000 0.453125 0.980469
0 0.960938 0.433594 0.980469 0.433594 0.984375 0.433594 1.000000 0.442522 1.000000 0.634766 0.972656 0.625000 0.968750 0.625000 0.949219 0.605469 0.945312 0.601562 0.941406 0.574219 0.941406 0.570312 0.949219 0.542969 0.949219 0.539062 0.945312 0.523438 0.941406 0.519531 0.941406 0.492188 0.941406 0.488281 0.949219 0.445312 0.949219 0.441406 0.960938 0.433594
0 0.886719 0.679688 0.902344 0.679688 0.906250 0.679688 0.929688 0.691406 0.933594 0.691406 0.941406 0.699219 0.945312 0.703125 0.941406 0.722656 0.941406 0.726562 0.917969 0.746094 0.914062 0.750000 0.882812 0.761719 0.878906 0.761719 0.859375 0.777344 0.855469 0.781250 0.843750 0.800781 0.839844 0.804688 0.820312 0.812500 0.816406 0.812500 0.808594 0.824219 0.804688 0.828125 0.777344 0.832031 0.773438 0.835938 0.765625 0.832031 0.761719 0.832031 0.753906 0.816406 0.750000 0.812500 0.761719 0.789062 0.761719 0.785156 0.792969 0.757812 0.796875 0.753906 0.804688 0.738281 0.808594 0.734375 0.886719 0.679688
0 0.820312 0.796875 0.839844 0.796875 0.843750 0.796875 0.933594 0.882812 0.937500 0.886719 0.945312 0.910156 0.949219 0.914062 0.945312 0.937500 0.945312 0.941406 0.902344 0.933594 0.898438 0.933594 0.867188 0.914062 0.863281 0.914062 0.832031 0.875000 0.828125 0.875000 0.792969 0.828125 0.789062 0.824219 0.796875 0.808594 0.800781 0.804688 0.820312 0.796875
0 0.652344 0.406250 0.707031 0.410156 0.710938 0.410156 0.761719 0.453125 0.765625 0.457031 0.781250 0.484375 0.781250 0.488281 0.769531 0.500000 0.765625 0.503906 0.757812 0.503906 0.753906 0.507812 0.710938 0.500000 0.707031 0.496094 0.652344 0.496094 0.648438 0.496094 0.625000 0.488281 0.621094 0.488281 0.609375 0.464844 0.605469 0.460938 0.605469 0.441406 0.605469 0.437500 0.617188 0.421875 0.621094 0.417969 0.652344 0.406250
0 0.699219 0.230469 0.730469 0.230469 0.734375 0.230469 0.765625 0.242188 0.769531 0.242188 0.804688 0.269531 0.808594 0.273438 0.812500 0.292969 0.812500 0.296875 0.796875 0.300781 0.792969 0.304688 0.738281 0.300781 0.734375 0.300781 0.679688 0.273438 0.675781 0.273438 0.667969 0.253906 0.667969 0.250000 0.699219 0.230469
0 0.746094 0.113281 0.773438 0.121094 0.777344 0.121094 0.796875 0.136719 0.800781 0.140625 0.800781 0.171875 0.800781 0.175781 0.781250 0.195312 0.777344 0.199219 0.757812 0.195312 0.753906 0.195312 0.734375 0.167969 0.730469 0.164062 0.726562 0.136719 0.726562 0.132812 0.746094 0.113281
0 0.570029 0.892033 0.566605 0.869782 0.564894 0.868070 0.564894 0.832125 0.559759 0.825279 0.554624 0.803027 0.554624 0.785911 0.558047 0.779064 0.558047 0.768795 0.566605 0.756813 0.582010 0.758525 0.585434 0.761948 0.585434 0.765371 0.600838 0.792757 0.600838 0.799604 0.605973 0.806451 0.607685 0.815009 0.619666 0.838972 0.621378 0.845819 0.621378 0.864647 0.626513 0.874917 0.626513 0.888610
0 0.539219 0.731138 0.525526 0.722580 0.513544 0.712310 0.496428 0.703752 0.493004 0.703752 0.482734 0.696905 0.477600 0.695194 0.443366 0.695194 0.439943 0.693482 0.441655 0.688347 0.446790 0.684924 0.467330 0.681500 0.475888 0.678077 0.494716 0.678077 0.501563 0.676366 0.597415 0.676366 0.597415 0.705464 0.592280 0.707175 0.592280 0.710598 0.588857 0.710598 0.573452 0.724292 0.566605 0.726003 0.564894 0.729427 0.559759 0.729427 0.552912 0.732850
0 0.778850 0.438446 0.766868 0.428177 0.763445 0.428177 0.760021 0.431600 0.760021 0.440158 0.758310 0.443581 0.754887 0.443581 0.753175 0.441870 0.753175 0.436735 0.749752 0.435023 0.749752 0.412771 0.772003 0.399079 0.783985 0.395655 0.795966 0.395655 0.804525 0.369980 0.809659 0.361422 0.811371 0.349441 0.818218 0.340882 0.825064 0.299803 0.825064 0.282686 0.830199 0.282686 0.854162 0.263858 0.855874 0.245030 0.859297 0.241607 0.859297 0.238184 0.864432 0.236472 0.907223 0.238184 0.907223 0.286110 0.908935 0.291245 0.919205 0.296380 0.919205 0.299803 0.929475 0.313496 0.932898 0.313496 0.938033 0.318631 0.951726 0.318631 0.955150 0.320343 0.958573 0.325478 0.961996 0.327189 0.963708 0.332324 0.967131 0.335747 0.970554 0.351152 0.975689 0.359711 0.975689 0.409348 0.972266 0.416195 0.968843 0.416195 0.967131 0.421330 0.944880 0.433311 0.934610 0.435023 0.797678 0.435023 0.794255 0.436735
0 0.093750 0.839844 0.136719 0.839844 0.140625 0.839844 0.179688 0.851562 0.183594 0.851562 0.324219 0.917969 0.328125 0.917969 0.351562 0.937500 0.355469 0.941406 0.363281 0.957031 0.367188 0.960938 0.367188 0.980469 0.367188 0.984375 0.375000 1.000000 0.000000 1.000000 0.000000 0.851562 0.000000 0.847656 0.031250 0.851562 0.035156 0.851562 0.093750 0.839844
0 0.117969 0.000000 0.125000 0.011719 0.128906 0.015625 0.175781 0.042969 0.175781 0.046875 0.144531 0.062500 0.140625 0.066406 0.066406 0.066406 0.062500 0.066406 0.035156 0.054688 0.031250 0.050781 0.003906 0.054688 0.000000 0.054688 0.000000 0.000000
0 1.000000 0.000000 1.000000 0.121875 0.984375 0.125000 0.980469 0.125000 0.945312 0.152344 0.941406 0.152344 0.929688 0.164062 0.925781 0.167969 0.906250 0.210938 0.906250 0.214844 0.890625 0.234375 0.890625 0.238281 0.871094 0.242188 0.867188 0.246094 0.851562 0.230469 0.847656 0.226562 0.847656 0.183594 0.847656 0.179688 0.832031 0.164062 0.828125 0.164062 0.824219 0.152344 0.820312 0.148438 0.820312 0.125000 0.820312 0.121094 0.894531 0.054688 0.898438 0.050781 0.925781 0.035156 0.929688 0.031250 0.933594 0.023438 0.933594 0.019531 0.925223 0.000000
