0 0.996094 0.000000 0.996094 0.082031 0.996094 0.085938 0.988281 0.089844 0.984375 0.093750 0.968750 0.121094 0.964844 0.125000 0.933594 0.121094 0.929688 0.121094 0.925781 0.105469 0.925781 0.101562 0.894531 0.078125 0.890625 0.074219 0.882812 0.042969 0.878906 0.039062 0.878906 0.003906 0.878906 0.000000 0.878906 0.000000
0 0.843750 0.089844 0.875000 0.093750 0.878906 0.093750 0.894531 0.109375 0.898438 0.113281 0.898438 0.128906 0.898438 0.132812 0.894531 0.136719 0.890625 0.140625 0.878906 0.140625 0.875000 0.144531 0.851562 0.140625 0.847656 0.140625 0.835938 0.125000 0.832031 0.121094 0.832031 0.105469 0.832031 0.101562 0.843750 0.089844
0 0.992188 0.101562 0.996094 0.261719 0.996094 0.265625 0.992188 0.265625 0.988281 0.265625 0.976562 0.277344 0.972656 0.281250 0.892529 0.339646 0.886719 0.332031 0.859375 0.304688 0.855469 0.300781 0.847656 0.273438 0.843750 0.269531 0.839844 0.253906 0.839844 0.250000 0.847656 0.183594 0.847656 0.179688 0.851562 0.171875 0.855469 0.167969 0.867188 0.164062 0.871094 0.160156 0.917969 0.156250 0.921875 0.156250 0.953125 0.144531 0.957031 0.144531 0.992188 0.101562
0 0.734375 0.093750 0.753906 0.093750 0.757812 0.093750 0.812500 0.128906 0.816406 0.132812 0.828125 0.179688 0.832031 0.183594 0.832031 0.210938 0.828125 0.214844 0.820312 0.214844 0.816406 0.218750 0.789062 0.210938 0.785156 0.210938 0.710938 0.171875 0.707031 0.167969 0.703125 0.140625 0.703125 0.136719 0.734375 0.093750
0 0.851562 0.000000 0.851562 0.003906 0.851562 0.007812 0.839844 0.023438 0.835938 0.027344 0.789062 0.054688 0.785156 0.058594 0.777344 0.085938 0.773438 0.089844 0.753906 0.089844 0.750000 0.089844 0.742188 0.070312 0.738281 0.066406 0.742188 0.050781 0.742188 0.046875 0.750000 0.039062 0.750000 0.035156 0.773438 0.011719 0.773438 0.007812 0.791667 0.000000
0 0.699219 0.167969 0.710938 0.171875 0.714844 0.171875 0.718750 0.179688 0.722656 0.183594 0.730469 0.218750 0.730469 0.222656 0.746094 0.250000 0.750000 0.253906 0.765625 0.308594 0.771336 0.322019 0.761719 0.316406 0.757812 0.320312 0.710938 0.328125 0.707031 0.332031 0.664062 0.332031 0.660156 0.332031 0.656250 0.199219 0.656250 0.195312 0.660156 0.183594 0.664062 0.179688 0.699219 0.167969
0 0.632812 0.187500 0.644531 0.187500 0.648438 0.191406 0.652344 0.214844 0.656250 0.218750 0.656250 0.335938 0.656250 0.339844 0.640625 0.382812 0.640625 0.386719 0.617188 0.429688 0.617188 0.433594 0.597656 0.449219 0.593750 0.449219 0.566406 0.363281 0.562500 0.359375 0.562500 0.339844 0.562500 0.335938 0.574212 0.320300 0.597613 0.291044 0.605456 0.261725 0.611313 0.238319 0.617188 0.210938 0.617188 0.207031 0.632812 0.187500
0 0.523438 0.125000 0.550781 0.128906 0.554688 0.128906 0.562500 0.136719 0.566406 0.140625 0.570312 0.156250 0.574219 0.160156 0.570312 0.175781 0.570312 0.179688 0.558594 0.195312 0.554688 0.199219 0.542969 0.203125 0.539062 0.207031 0.531250 0.203125 0.527344 0.203125 0.511719 0.183594 0.507812 0.179688 0.507812 0.148438 0.507812 0.144531 0.523438 0.125000
0 0.441406 0.128906 0.453125 0.132812 0.457031 0.132812 0.476562 0.167969 0.476562 0.171875 0.492188 0.187500 0.496094 0.191406 0.503906 0.218750 0.503906 0.222656 0.492188 0.230469 0.488281 0.234375 0.433594 0.238281 0.429688 0.238281 0.394531 0.226562 0.390625 0.226562 0.375000 0.214844 0.371094 0.210938 0.375000 0.195312 0.375000 0.191406 0.441406 0.128906
0 0.608817 0.000000 0.597656 0.015625 0.593750 0.019531 0.574219 0.015625 0.570312 0.015625 0.559896 0.000000
0 0.085938 0.117188 0.140625 0.128906 0.144531 0.128906 0.156250 0.136719 0.160156 0.140625 0.160156 0.148438 0.160156 0.152344 0.136719 0.195312 0.132812 0.199219 0.097656 0.214844 0.093750 0.218750 0.078125 0.218750 0.074219 0.218750 0.039062 0.203125 0.035156 0.203125 0.027344 0.187500 0.027344 0.183594 0.058594 0.160156 0.062500 0.156250 0.074219 0.128906 0.074219 0.125000 0.085938 0.117188
0 0.303162 0.000000 0.303162 0.008040 0.322662 0.021690 0.312912 0.002190 0.315102 0.000000
0 0.209562 0.004140 0.172512 0.033390 0.154962 0.043140 0.162762 0.058740 0.192012 0.058740 0.203712 0.074340 0.231012 0.068490 0.238812 0.064590 0.236862 0.056790 0.256362 0.027540 0.236862 0.013890
0 0.299262 0.078240 0.287562 0.097740 0.291462 0.109440 0.279762 0.101640 0.270012 0.101640 0.270012 0.107490 0.279762 0.132840 0.303162 0.140640 0.310962 0.146490 0.326562 0.146490 0.318762 0.113340 0.326562 0.113340 0.326562 0.103590 0.322662 0.086040 0.318762 0.086040
0 0.104262 0.002190 0.100362 0.023640 0.096462 0.029490 0.125712 0.035340 0.123762 0.019740 0.121812 0.015840 0.117912 0.015840
0 0.055925 0.000000 0.063312 0.023640 0.075012 0.039240 0.084762 0.023640 0.078912 0.008040 0.093531 0.000000
0 0.139362 0.091890 0.160812 0.072390 0.186162 0.058740 0.199812 0.080190 0.219312 0.070440 0.193962 0.095790 0.178362 0.095790 0.186162 0.121140 0.186162 0.148440 0.170562 0.148440 0.153012 0.128940 0.141312 0.125040 0.121812 0.123090 0.121812 0.113340
0 0.769212 0.234240 0.788712 0.279090 0.810162 0.273240 0.833562 0.238140 0.825762 0.226440 0.806262 0.222540 0.792612 0.222540
0 0.246612 0.257640 0.215412 0.261540 0.209562 0.281040 0.197862 0.271290 0.170562 0.281040 0.174462 0.294690 0.207612 0.304440 0.238812 0.296640
0 0.429912 0.359040 0.388962 0.364890 0.351912 0.366840 0.348012 0.386340 0.359712 0.409740 0.412362 0.409740 0.433812 0.394140 0.435762 0.380490
0 0.544962 0.483840 0.527412 0.468240 0.500112 0.468240 0.490362 0.477990 0.519612 0.499440 0.531312 0.499440
0 0.568362 0.501390 0.543012 0.505290 0.529362 0.509190 0.517662 0.515040 0.523512 0.524790 0.529362 0.524790 0.550812 0.538440 0.527412 0.555990 0.543012 0.561840 0.558612 0.548190 0.591762 0.550140 0.595662 0.530640 0.580062 0.530640
0 0.455262 0.608640 0.498162 0.606690 0.515712 0.624240 0.531312 0.610590 0.537162 0.594990 0.527412 0.583290 0.505962 0.565740 0.478662 0.563790 0.451362 0.563790 0.451362 0.567690 0.427962 0.577440
0 0.429912 0.493590 0.429912 0.513090 0.461112 0.538440 0.521562 0.555990 0.521562 0.526740 0.507912 0.509190 0.504012 0.495540 0.480612 0.491640 0.455262 0.491640
0 0.400662 0.530640 0.414312 0.561840 0.433812 0.555990 0.453312 0.554040 0.453312 0.538440 0.431862 0.520890 0.412362 0.515040 0.402612 0.515040
0 0.392862 0.479940 0.338262 0.476040 0.307062 0.515040 0.279762 0.520890 0.271962 0.530640 0.287562 0.548190 0.277812 0.555990 0.332412 0.577440 0.357762 0.561840 0.388962 0.557940 0.394812 0.546240 0.387012 0.530640 0.381162 0.526740 0.394812 0.524790 0.402612 0.516990 0.396762 0.505290
0 0.178362 0.540390 0.215412 0.561840 0.262212 0.567690 0.285612 0.554040 0.285612 0.546240 0.281712 0.546240 0.271962 0.534540 0.273912 0.520890 0.256362 0.515040 0.193962 0.536490
0 0.186162 0.698340 0.232962 0.700290 0.232962 0.694440 0.256362 0.692490 0.266112 0.667140 0.275862 0.657390 0.275862 0.645690 0.310962 0.632040 0.334362 0.632040 0.357762 0.620340 0.351912 0.614490 0.349962 0.604740 0.349962 0.589140 0.334362 0.579390 0.332412 0.571590 0.279762 0.554040 0.246612 0.577440 0.232962 0.596940 0.178362 0.632040 0.170562 0.649590 0.162762 0.678840
0 0.537162 0.409740 0.517662 0.413640 0.505962 0.421440 0.486462 0.440940 0.482562 0.464340 0.498162 0.466290 0.511812 0.448740 0.543012 0.448740 0.543012 0.444840 0.537162 0.437040
0 0.580062 0.458490 0.564462 0.452640 0.554712 0.446790 0.554712 0.433140 0.544962 0.433140 0.548862 0.405840 0.521562 0.399990 0.548862 0.398040 0.562512 0.399990 0.562512 0.403890 0.576162 0.407790 0.576162 0.413640
0 0.482562 0.374640 0.468912 0.390240 0.466962 0.374640 0.437712 0.372690 0.441612 0.405840 0.463062 0.425340 0.482562 0.405840 0.494262 0.429240 0.505962 0.421440 0.511812 0.401940 0.513762 0.403890 0.525462 0.399990 0.537162 0.399990 0.533262 0.374640 0.529362 0.362940 0.515712 0.362940 0.513762 0.382440 0.500112 0.380490
0 0.482562 0.282990 0.505962 0.312240 0.502062 0.312240 0.498162 0.335640 0.498162 0.351240 0.505962 0.349290 0.535212 0.333690 0.543012 0.320040 0.543012 0.310290 0.515712 0.302490 0.513762 0.288840
0 0.541062 0.251790 0.511812 0.257640 0.511812 0.261540 0.529362 0.281040 0.550812 0.269340 0.552762 0.273240 0.552762 0.282990 0.556662 0.282990 0.580062 0.263490 0.595662 0.271290 0.593712 0.257640 0.580062 0.247890 0.580062 0.238140 0.568362 0.234240 0.562512 0.216690 0.544962 0.228390 0.523512 0.226440 0.515712 0.232290
0 0.560562 0.292740 0.574212 0.312240 0.582012 0.308340 0.582012 0.296640 0.601512 0.294690 0.603462 0.265440 0.587862 0.267390
0 0.465012 0.331740 0.447462 0.339540 0.408462 0.335640 0.377262 0.339540 0.355812 0.357090 0.355812 0.366840 0.412362 0.362940 0.422112 0.351240 0.463062 0.374640 0.486462 0.376590 0.482562 0.353190 0.468912 0.349290
0 0.322662 0.474090 0.297312 0.474090 0.291462 0.477990 0.275862 0.493590 0.275862 0.503340 0.277812 0.505290 0.305112 0.505290 0.322662 0.497490 0.344112 0.474090
0 0.067895 0.689820 0.060280 0.701243 0.033627 0.703147 0.020301 0.722184 0.048857 0.741222 0.079317 0.716473 0.075510 0.708858
0 0.339844 0.722656 0.347656 0.726562 0.351562 0.730469 0.355469 0.742188 0.359375 0.746094 0.359375 0.765625 0.359375 0.769531 0.324219 0.824219 0.324219 0.828125 0.312500 0.839844 0.308594 0.843750 0.300781 0.843750 0.296875 0.843750 0.280559 0.823725 0.278754 0.782857 0.261719 0.765625 0.257812 0.738281 0.257812 0.734375 0.300781 0.738281 0.304688 0.738281 0.339844 0.722656
0 0.178313 0.842121 0.220195 0.802142 0.244944 0.792623 0.254463 0.786912 0.269693 0.762163 0.265886 0.762163 0.197350 0.708858 0.147853 0.686013 0.126911 0.678398 0.096451 0.657457 0.060280 0.655553 0.039338 0.663168 0.018397 0.684109 0.018397 0.687917 0.026012 0.701243 0.065991 0.687917 0.075510 0.693628 0.085029 0.687917 0.090740 0.687917 0.104066 0.722184 0.090740 0.745029 0.121200 0.792623 0.132623 0.796431
0 0.235425 0.962058 0.265886 0.952539 0.271597 0.922079 0.250655 0.908753 0.210677 0.908753 0.214484 0.929694 0.224003 0.933502 0.220195 0.950635
0 0.328710 0.950635 0.328710 0.969673 0.269693 0.944924 0.269693 0.920175 0.300153 0.943020
0 0.292538 0.872581 0.286827 0.870677 0.288731 0.832602 0.262078 0.817372 0.262078 0.813565 0.250655 0.805950 0.250655 0.819276 0.235425 0.821180 0.229714 0.815468 0.212580 0.824987 0.189735 0.832602 0.161179 0.838314 0.138334 0.836410 0.159275 0.866870 0.189735 0.878293 0.193543 0.885907 0.180216 0.901137 0.180216 0.916368 0.197350 0.914464 0.214484 0.904945 0.229714 0.903041 0.263982 0.903041 0.286827 0.916368 0.290634 0.927790 0.340132 0.931598 0.334421 0.891619 0.317287 0.878293 0.313480 0.878293
0 0.782364 0.339943 0.847656 0.347656 0.851562 0.347656 0.890625 0.363281 0.894531 0.363281 0.910156 0.375000 0.914062 0.378906 0.992188 0.414062 0.996094 0.414062 0.999445 1.000000 0.693164 1.000000 0.660156 0.949219 0.656250 0.945312 0.656250 0.910156 0.656250 0.906250 0.675781 0.859375 0.675781 0.855469 0.648438 0.777344 0.644531 0.773438 0.644531 0.753906 0.640625 0.750000 0.644531 0.632812 0.644531 0.628906 0.636719 0.593750 0.636719 0.589844 0.640625 0.574219 0.644531 0.570312 0.644531 0.542969 0.648438 0.539062 0.644531 0.437500 0.644531 0.433594 0.656250 0.410156 0.656250 0.406250 0.689502 0.351760 0.699120 0.342143 0.725251 0.347557
0 0.437500 0.660156 0.480469 0.660156 0.484375 0.660156 0.546875 0.671875 0.550781 0.675781 0.632812 0.683594 0.636719 0.687500 0.636719 0.761719 0.636719 0.765625 0.664062 0.851562 0.667969 0.855469 0.648438 0.921875 0.648438 0.925781 0.652344 0.945312 0.652344 0.949219 0.683377 1.000000 0.441406 1.000000 0.441406 0.972656 0.441406 0.968750 0.464844 0.882812 0.464844 0.878906 0.457031 0.843750 0.453125 0.839844 0.441406 0.750000 0.437500 0.746094 0.437500 0.660156
0 0.000000 0.190947 0.000000 0.232923 0.016906 0.234614 0.007703 0.218837 0.009018 0.212263 0.024795 0.203060 0.037943 0.208319 0.030054 0.196486 0.028739 0.185968 0.024795 0.175450
0 0.111122 0.302820 0.072484 0.331798 0.053165 0.351117 0.091803 0.396999 0.130441 0.363191 0.144930 0.329383 0.144930 0.310064 0.137685 0.302820
