0 0.421875 0.335938 0.441406 0.339844 0.445312 0.343750 0.445312 0.355469 0.445312 0.359375 0.437500 0.367188 0.433594 0.371094 0.417969 0.367188 0.414062 0.363281 0.414062 0.347656 0.414062 0.343750 0.421875 0.335938
0 0.152344 0.511719 0.179688 0.511719 0.183594 0.511719 0.207031 0.535156 0.207031 0.539062 0.203125 0.542969 0.199219 0.546875 0.187500 0.546875 0.183594 0.546875 0.171875 0.535156 0.167969 0.531250 0.152344 0.527344 0.148438 0.523438 0.152344 0.511719
0 0.429688 0.496094 0.449219 0.496094 0.453125 0.500000 0.445312 0.523438 0.441406 0.527344 0.429688 0.523438 0.425781 0.519531 0.429688 0.496094
0 0.601562 0.363281 0.613281 0.363281 0.617188 0.367188 0.613281 0.386719 0.609375 0.390625 0.601562 0.386719 0.597656 0.382812 0.601562 0.363281
0 0.683594 0.453125 0.695312 0.453125 0.699219 0.453125 0.699219 0.468750 0.695312 0.472656 0.679688 0.472656 0.675781 0.468750 0.683594 0.453125
0 0.632812 0.453125 0.640625 0.457031 0.644531 0.460938 0.648438 0.472656 0.644531 0.476562 0.636719 0.472656 0.632812 0.472656 0.632812 0.453125
0 0.621094 0.269531 0.625000 0.269531 0.628906 0.273438 0.628906 0.281250 0.628906 0.285156 0.621094 0.285156 0.617188 0.281250 0.621094 0.269531
0 0.036707 0.232679 0.031466 0.232679 0.027537 0.230714 0.024262 0.222200 0.024262 0.218270 0.026227 0.214340 0.030157 0.214340 0.038016 0.209755 0.041946 0.209100 0.045876 0.209755 0.048496 0.215650 0.048496 0.223510 0.047186 0.225475 0.043911 0.227439 0.041946 0.229405
0 0.087795 0.128537 0.077316 0.128537 0.075350 0.127227 0.074041 0.125262 0.073386 0.114127 0.075350 0.112817 0.083210 0.110197 0.087795 0.110852 0.087795 0.112817 0.089760 0.116747 0.090415 0.121987 0.091725 0.123952
0 0.156521 0.804641 0.149829 0.809994 0.147822 0.809994 0.143807 0.808656 0.141130 0.806648 0.139123 0.802634 0.139123 0.787243 0.140461 0.785236 0.140461 0.783228 0.142469 0.781221 0.146484 0.779213 0.152506 0.779213 0.154513 0.779882 0.156521 0.781890 0.157859 0.786574 0.157859 0.788581 0.159197 0.791258 0.159197 0.799288
0 0.840876 0.975657 0.840876 0.962814 0.847881 0.949970 0.849049 0.931289 0.857222 0.924283 0.859557 0.924283 0.860725 0.927786 0.860725 0.949970 0.858390 0.952305 0.856055 0.973322 0.851384 0.975657
0 0.767231 0.856589 0.756593 0.856589 0.744774 0.853043 0.742410 0.850679 0.741228 0.841223 0.754230 0.832949 0.771959 0.832949 0.773141 0.835313 0.771959 0.847133
