0 0.190700 0.101237 0.197727 0.092857 0.203323 0.093143 0.207684 0.097626 0.211520 0.106063 0.205489 0.108424 0.195366 0.105204
0 0.238934 0.087417 0.249252 0.080852 0.255301 0.082372 0.257889 0.081513 0.262611 0.086235 0.255301 0.092252
0 0.896361 0.945274 0.903599 0.944304 0.909228 0.943088 0.914928 0.943044 0.920774 0.943479 0.925002 0.944325 0.927513 0.943271 0.931927 0.942707 0.937295 0.948652 0.928957 0.953282 0.922693 0.952710 0.920037 0.953442 0.903648 0.953442 0.899031 0.952287 0.896495 0.947802
0 0.118330 0.216448 0.123850 0.216966 0.126930 0.215903 0.127829 0.216412 0.131489 0.217728 0.130317 0.223314 0.124228 0.223848 0.121371 0.224668 0.110636 0.222919 0.109167 0.216834 0.115406 0.215009
0 0.052413 0.104209 0.055211 0.102565 0.064005 0.105300 0.070961 0.113769 0.069527 0.115204 0.060820 0.114493 0.053290 0.107677
0 0.037441 0.175139 0.041191 0.173441 0.053151 0.177126 0.055181 0.183743 0.045247 0.185773 0.042686 0.182659 0.035492 0.178409
0 0.038503 0.142566 0.044501 0.132368 0.048492 0.136566 0.052046 0.137330 0.055181 0.145053 0.050940 0.148187 0.039720 0.145977
0 0.239830 0.104355 0.246243 0.100863 0.255818 0.106749 0.256210 0.110425 0.251577 0.119999 0.242568 0.119446 0.235576 0.110425
0 0.117460 0.087598 0.120954 0.093650 0.116161 0.099548 0.103464 0.095861 0.104388 0.088691
0 0.279315 0.267054 0.287107 0.268752 0.290530 0.269120 0.291246 0.272221 0.292099 0.276650 0.294758 0.291476 0.287525 0.291476 0.282829 0.286002 0.279225 0.283176 0.274576 0.274893 0.277257 0.268941
0 0.613428 0.343427 0.621406 0.341334 0.624981 0.341559 0.624946 0.342540 0.627538 0.343272 0.627824 0.345120 0.624600 0.352459 0.624590 0.352748 0.623416 0.352665 0.622909 0.352629 0.618578 0.352322 0.613535 0.351967 0.611876 0.345787
0 0.486738 0.216170 0.503081 0.216865 0.503917 0.219805 0.504805 0.219693 0.507656 0.223326 0.500508 0.226854 0.497520 0.226577 0.496773 0.225501 0.496302 0.225540 0.494323 0.224053 0.484997 0.224184 0.484997 0.219689
0 0.719480 0.593660 0.719484 0.593655 0.718088 0.593330 0.718479 0.586438 0.722053 0.586213 0.731358 0.588654 0.730820 0.592702 0.731159 0.593009 0.729514 0.595510 0.728884 0.596467 0.727652 0.598341 0.723558 0.600947 0.717897 0.600947 0.716463 0.596661
0 0.137280 0.842512 0.138414 0.844476 0.139242 0.845596 0.139873 0.847002 0.142623 0.851766 0.138929 0.852215 0.136984 0.854024 0.133899 0.854851 0.124898 0.852334 0.120968 0.846146 0.132835 0.841725 0.136139 0.842493 0.136857 0.842996
0 0.410319 0.285519 0.414687 0.283905 0.425878 0.283792 0.428875 0.291984 0.421328 0.297316 0.413152 0.296434 0.408710 0.290948
0 0.008479 0.074429 0.015134 0.075591 0.021337 0.077459 0.029794 0.077841 0.030838 0.078884 0.027059 0.083952 0.025303 0.084785 0.024325 0.093717 0.014696 0.093995 0.010790 0.094880 0.007496 0.093298 0.004739 0.093640 0.002270 0.086238 0.007337 0.084804 0.007468 0.084881 0.010026 0.084885 0.009870 0.078866
0 0.615744 0.664912 0.617134 0.673139 0.618513 0.678339 0.616937 0.679743 0.608423 0.685560 0.604211 0.688102 0.594937 0.688305 0.591304 0.691555 0.587958 0.692666 0.583429 0.693076 0.576126 0.692302 0.575284 0.690016 0.575785 0.687836 0.575729 0.687598 0.575145 0.685700 0.574896 0.677999 0.575943 0.674335 0.575638 0.669881 0.575605 0.669750 0.575420 0.669100 0.574317 0.664407 0.572959 0.658630 0.572389 0.651173 0.572634 0.648868 0.576466 0.646434 0.578822 0.647167 0.582648 0.647207 0.588550 0.646454 0.594273 0.646185 0.602640 0.648668 0.612927 0.648516 0.614697 0.654443 0.616408 0.658630
0 0.428049 0.381829 0.436573 0.379068 0.440546 0.380191 0.442052 0.382172 0.443020 0.384552 0.448375 0.390299 0.444423 0.391778 0.439140 0.390817 0.433028 0.391730 0.429876 0.389911
0 0.505308 0.356043 0.509852 0.351744 0.515953 0.354258 0.519615 0.358250 0.521458 0.368070 0.522606 0.379338 0.519882 0.382627 0.516454 0.386325 0.513549 0.387224 0.510481 0.388636 0.505845 0.383002 0.505144 0.377415 0.504312 0.368316 0.504349 0.363061 0.505066 0.359373
0 0.000000 0.000000 0.052111 0.000000 0.054268 0.003771 0.054430 0.005335 0.056049 0.005834 0.057093 0.010901 0.050073 0.012726 0.048977 0.011489 0.043408 0.009685 0.041370 0.009789 0.037923 0.013304 0.031953 0.013171 0.030129 0.014419 0.028315 0.018195 0.023875 0.020291 0.021857 0.023155 0.016691 0.024223 0.012045 0.024827 0.007553 0.021379 0.001498 0.022093 0.000000 0.021573
