0 0.130859 0.000000 0.144531 0.023438 0.148438 0.027344 0.144531 0.050781 0.144531 0.054688 0.152344 0.062500 0.156250 0.066406 0.183594 0.050781 0.187500 0.046875 0.222656 0.046875 0.226562 0.046875 0.238281 0.054688 0.242188 0.054688 0.273438 0.093750 0.277344 0.097656 0.328125 0.128906 0.332031 0.128906 0.339844 0.152344 0.343750 0.156250 0.332031 0.253906 0.332031 0.257812 0.320312 0.257812 0.316406 0.257812 0.296875 0.246094 0.292969 0.242188 0.285156 0.207031 0.285156 0.203125 0.277344 0.199219 0.273438 0.195312 0.195312 0.203125 0.191406 0.203125 0.183594 0.210938 0.179688 0.214844 0.179688 0.222656 0.179688 0.226562 0.167969 0.218750 0.164062 0.214844 0.128906 0.203125 0.125000 0.203125 0.078125 0.152344 0.074219 0.148438 0.054688 0.105469 0.050781 0.101562 0.042969 0.070312 0.042969 0.066406 0.023438 0.050781 0.019531 0.046875 0.007812 0.023438 0.007812 0.019531 0.015625 0.015625 0.019531 0.011719 0.062500 0.019531 0.066406 0.019531 0.070312 0.015625 0.074219 0.011719 0.074219 0.000000
0 0.000000 0.119420 0.015625 0.132812 0.019531 0.136719 0.042969 0.175781 0.046875 0.179688 0.058594 0.210938 0.062500 0.214844 0.078125 0.292969 0.078125 0.296875 0.054688 0.308594 0.050781 0.312500 0.003906 0.324219 0.000000 0.328125 0.000000 0.328125
0 0.809896 0.000000 0.808594 0.019531 0.808594 0.023438 0.816406 0.042969 0.816406 0.046875 0.792969 0.070312 0.789062 0.074219 0.769531 0.074219 0.765625 0.074219 0.746094 0.054688 0.742188 0.050781 0.660156 0.019531 0.656250 0.019531 0.648438 0.011719 0.644531 0.007812 0.644531 0.000000
0 0.714844 0.175781 0.738281 0.175781 0.742188 0.175781 0.785156 0.203125 0.789062 0.203125 0.792969 0.210938 0.796875 0.214844 0.796875 0.253906 0.796875 0.257812 0.808594 0.292969 0.812500 0.296875 0.812500 0.316406 0.812500 0.320312 0.804688 0.328125 0.800781 0.332031 0.785156 0.335938 0.781250 0.335938 0.734375 0.324219 0.730469 0.324219 0.691406 0.300781 0.687500 0.296875 0.648438 0.281250 0.644531 0.281250 0.640625 0.261719 0.640625 0.257812 0.679688 0.222656 0.683594 0.218750 0.714844 0.175781
0 0.445312 0.488281 0.460938 0.488281 0.464844 0.488281 0.472656 0.500000 0.476562 0.503906 0.488281 0.507812 0.492188 0.511719 0.539062 0.523438 0.542969 0.523438 0.558594 0.542969 0.562500 0.546875 0.558594 0.582031 0.558594 0.585938 0.539062 0.601562 0.535156 0.605469 0.515625 0.605469 0.511719 0.605469 0.480469 0.593750 0.476562 0.589844 0.433594 0.585938 0.429688 0.585938 0.414062 0.578125 0.410156 0.578125 0.406250 0.562500 0.402344 0.558594 0.402344 0.523438 0.402344 0.519531 0.425781 0.507812 0.429688 0.507812 0.445312 0.488281
0 0.476562 0.417969 0.492188 0.417969 0.496094 0.417969 0.507812 0.425781 0.511719 0.425781 0.519531 0.437500 0.523438 0.441406 0.523438 0.480469 0.523438 0.484375 0.507812 0.503906 0.503906 0.507812 0.488281 0.507812 0.484375 0.507812 0.480469 0.496094 0.476562 0.492188 0.472656 0.460938 0.468750 0.457031 0.468750 0.433594 0.468750 0.429688 0.476562 0.417969
0 0.218750 0.648438 0.238281 0.648438 0.242188 0.648438 0.253906 0.656250 0.257812 0.656250 0.269531 0.667969 0.273438 0.671875 0.273438 0.687500 0.273438 0.691406 0.199219 0.730469 0.195312 0.734375 0.179688 0.789062 0.179688 0.792969 0.125000 0.824219 0.121094 0.828125 0.082031 0.824219 0.078125 0.824219 0.078125 0.808594 0.078125 0.804688 0.066406 0.781250 0.062500 0.777344 0.058594 0.726562 0.058594 0.722656 0.074219 0.710938 0.078125 0.707031 0.136719 0.691406 0.140625 0.691406 0.218750 0.648438
0 0.320312 0.757812 0.343750 0.757812 0.347656 0.757812 0.390625 0.777344 0.394531 0.781250 0.394531 0.808594 0.394531 0.812500 0.382812 0.832031 0.378906 0.835938 0.234375 0.832031 0.230469 0.828125 0.234375 0.792969 0.238281 0.789062 0.257812 0.789062 0.261719 0.789062 0.296875 0.777344 0.300781 0.777344 0.320312 0.757812
0 0.000000 0.744141 0.011719 0.750000 0.015625 0.753906 0.023438 0.777344 0.027344 0.781250 0.019531 0.800781 0.015625 0.804688 0.000000 0.804688
0 0.289062 0.000000 0.289062 0.000000 0.289062 0.023438 0.289062 0.027344 0.277344 0.039062 0.273438 0.042969 0.238281 0.046875 0.234375 0.046875 0.210938 0.039062 0.207031 0.039062 0.207031 0.003906 0.207031 0.000000 0.207031 0.000000
0 0.171875 0.960938 0.183594 0.960938 0.187500 0.960938 0.195312 0.972656 0.199219 0.976562 0.196615 1.000000 0.132812 1.000000 0.132812 1.000000 0.132812 0.996094 0.171875 0.960938
0 0.824219 0.519531 0.863281 0.531250 0.867188 0.535156 0.875000 0.566406 0.875000 0.570312 0.886719 0.589844 0.886719 0.593750 0.914062 0.621094 0.917969 0.625000 0.914062 0.644531 0.914062 0.648438 0.902344 0.664062 0.898438 0.667969 0.882812 0.667969 0.878906 0.667969 0.843750 0.597656 0.839844 0.593750 0.835938 0.570312 0.835938 0.566406 0.816406 0.550781 0.812500 0.550781 0.812500 0.531250 0.812500 0.527344 0.824219 0.519531
0 0.375000 0.375000 0.378906 0.386719 0.378906 0.390625 0.406250 0.402344 0.410156 0.402344 0.433594 0.433594 0.433594 0.437500 0.425781 0.445312 0.421875 0.449219 0.398438 0.453125 0.394531 0.453125 0.371094 0.472656 0.367188 0.472656 0.328125 0.457031 0.324219 0.457031 0.308594 0.441406 0.304688 0.437500 0.304688 0.429688 0.304688 0.425781 0.316406 0.417969 0.320312 0.414062 0.324219 0.394531 0.328125 0.390625 0.351562 0.386719 0.355469 0.386719 0.375000 0.375000
0 0.644531 0.035156 0.648438 0.058594 0.648438 0.062500 0.632812 0.082031 0.632812 0.085938 0.613281 0.101562 0.609375 0.101562 0.605469 0.093750 0.605469 0.089844 0.617188 0.062500 0.617188 0.058594 0.628906 0.042969 0.632812 0.039062 0.644531 0.035156
0 0.714844 0.128906 0.726562 0.128906 0.730469 0.132812 0.730469 0.152344 0.730469 0.156250 0.718750 0.167969 0.714844 0.171875 0.695312 0.171875 0.691406 0.171875 0.687500 0.167969 0.683594 0.164062 0.683594 0.140625 0.683594 0.136719 0.714844 0.128906
0 0.621094 0.171875 0.636719 0.175781 0.640625 0.179688 0.640625 0.195312 0.640625 0.199219 0.613281 0.203125 0.609375 0.199219 0.609375 0.183594 0.609375 0.179688 0.621094 0.171875
0 0.492188 0.207031 0.511719 0.207031 0.515625 0.207031 0.519531 0.210938 0.523438 0.214844 0.519531 0.230469 0.515625 0.234375 0.480469 0.242188 0.476562 0.246094 0.453125 0.242188 0.449219 0.242188 0.449219 0.234375 0.453125 0.230469 0.492188 0.207031
0 0.921875 0.121094 0.957031 0.128906 0.960938 0.128906 0.964844 0.136719 0.968750 0.140625 0.964844 0.160156 0.964844 0.164062 0.925781 0.164062 0.921875 0.164062 0.914062 0.148438 0.910156 0.144531 0.914062 0.128906 0.914062 0.125000 0.921875 0.121094
0 0.511821 0.617764 0.495841 0.644396 0.494320 0.645918 0.502690 0.658094 0.504973 0.662659 0.495080 0.667986 0.492037 0.676356 0.485188 0.683966 0.488232 0.690053 0.483666 0.690814 0.473013 0.690053 0.461599 0.695380 0.461599 0.702989 0.459316 0.712882 0.460838 0.719730 0.458555 0.722013 0.451707 0.741036 0.454750 0.745602 0.462360 0.747885 0.490515 0.753973 0.567370 0.756255 0.568131 0.750929 0.562043 0.726579 0.569653 0.725057 0.574218 0.718969 0.578023 0.712121 0.578784 0.705272 0.578023 0.692336 0.574979 0.682444 0.565087 0.675595 0.560521 0.674834 0.561282 0.658855 0.558239 0.653528 0.564326 0.645918 0.568131 0.645157 0.565087 0.636787 0.549868 0.637548 0.549868 0.630700 0.545303 0.621568 0.523996 0.621568
0 0.967391 0.939302 0.991072 0.945617 1.000000 0.937433 1.000000 0.919511 0.997388 0.911673 0.979232 0.899043 0.965023 0.892728 0.961865 0.895886 0.960286 0.904569 0.962654 0.925882
0 0.694377 0.779810 0.700952 0.773234 0.713898 0.764810 0.714309 0.742617 0.709788 0.739329 0.713692 0.736658 0.714925 0.730699 0.707939 0.727206 0.709788 0.723507 0.701980 0.723712 0.699308 0.721247 0.695198 0.719397 0.693966 0.717137 0.678143 0.702753 0.672390 0.703780 0.671979 0.711795 0.663759 0.720630 0.657184 0.721452 0.655129 0.713644 0.652458 0.710356 0.636430 0.710562 0.630882 0.711589 0.621429 0.721247 0.616292 0.724329 0.610744 0.725151 0.605196 0.717754 0.599032 0.715288 0.592250 0.718986 0.591839 0.727000 0.590196 0.729671 0.591018 0.736042 0.593895 0.739124 0.597798 0.740357 0.601086 0.740357 0.603758 0.745700 0.601292 0.750220 0.595538 0.752686 0.589579 0.752686 0.585059 0.744878 0.579921 0.744878 0.579100 0.746727 0.580949 0.750426 0.587319 0.759467 0.586497 0.763782 0.587113 0.766248 0.598826 0.773851 0.603552 0.774262 0.606223 0.769947 0.610128 0.767070 0.613416 0.761933 0.621635 0.760495 0.625539 0.761933 0.630060 0.762549 0.632937 0.763782 0.649375 0.757823 0.658828 0.752891 0.667253 0.755563 0.678349 0.758029 0.680609 0.777550 0.688212 0.779399
0 0.062500 0.441406 0.132812 0.457031 0.136719 0.457031 0.195312 0.480469 0.199219 0.480469 0.226562 0.500000 0.230469 0.503906 0.257812 0.507812 0.261719 0.507812 0.277344 0.519531 0.281250 0.523438 0.285156 0.550781 0.285156 0.554688 0.281250 0.558594 0.277344 0.562500 0.257812 0.562500 0.253906 0.562500 0.218750 0.546875 0.214844 0.542969 0.125000 0.539062 0.121094 0.535156 0.101562 0.539062 0.097656 0.539062 0.074219 0.519531 0.070312 0.515625 0.046875 0.515625 0.042969 0.515625 0.023438 0.523438 0.019531 0.523438 0.000000 0.514757 0.000000 0.457031 0.000000 0.457031 0.003906 0.453125 0.050781 0.449219 0.054688 0.449219 0.062500 0.441406
0 0.226562 0.234375 0.277344 0.242188 0.281250 0.242188 0.308594 0.261719 0.312500 0.261719 0.359375 0.312500 0.363281 0.316406 0.371094 0.316406 0.375000 0.320312 0.375000 0.355469 0.371094 0.359375 0.343750 0.371094 0.339844 0.375000 0.332031 0.375000 0.328125 0.371094 0.324219 0.355469 0.320312 0.351562 0.304688 0.367188 0.300781 0.371094 0.285156 0.363281 0.281250 0.359375 0.253906 0.359375 0.250000 0.355469 0.156250 0.359375 0.152344 0.359375 0.113281 0.378906 0.109375 0.378906 0.066406 0.437500 0.066406 0.441406 0.000000 0.453125 0.000000 0.453125 0.000000 0.337054 0.007812 0.332031 0.011719 0.328125 0.050781 0.316406 0.054688 0.316406 0.164062 0.257812 0.167969 0.253906 0.226562 0.234375
0 0.234375 0.351562 0.273438 0.355469 0.277344 0.355469 0.312500 0.375000 0.312500 0.378906 0.265625 0.398438 0.261719 0.402344 0.218750 0.414062 0.214844 0.414062 0.210938 0.410156 0.207031 0.410156 0.207031 0.402344 0.203125 0.398438 0.214844 0.367188 0.214844 0.363281 0.234375 0.351562
0 1.000000 0.472656 1.000000 0.472656 0.976562 0.445312 0.976562 0.441406 0.933594 0.406250 0.929688 0.406250 0.917969 0.386719 0.914062 0.382812 0.914062 0.359375 0.914062 0.355469 0.929688 0.328125 0.929688 0.324219 0.953125 0.308594 0.957031 0.304688 0.992188 0.257812 0.992188 0.253906 1.000000 0.249023
0 0.671875 0.363281 0.687500 0.363281 0.691406 0.363281 0.746094 0.382812 0.750000 0.382812 0.777344 0.414062 0.781250 0.417969 0.785156 0.437500 0.789062 0.441406 0.785156 0.468750 0.785156 0.472656 0.769531 0.472656 0.765625 0.472656 0.738281 0.441406 0.734375 0.437500 0.710938 0.425781 0.707031 0.421875 0.675781 0.417969 0.671875 0.414062 0.656250 0.417969 0.652344 0.421875 0.648438 0.417969 0.644531 0.414062 0.640625 0.382812 0.640625 0.378906 0.671875 0.363281
0 0.835938 0.707031 0.847656 0.718750 0.851562 0.722656 0.859375 0.722656 0.863281 0.726562 0.878906 0.726562 0.882812 0.726562 0.894531 0.718750 0.898438 0.714844 0.906250 0.714844 0.910156 0.714844 0.914062 0.726562 0.914062 0.730469 0.902344 0.742188 0.898438 0.746094 0.859375 0.761719 0.855469 0.765625 0.843750 0.765625 0.839844 0.765625 0.812500 0.753906 0.808594 0.753906 0.792969 0.738281 0.789062 0.734375 0.789062 0.718750 0.792969 0.714844 0.835938 0.707031
0 0.878906 0.308594 0.902344 0.308594 0.906250 0.308594 0.917969 0.316406 0.921875 0.320312 0.914062 0.351562 0.910156 0.355469 0.914062 0.394531 0.914062 0.398438 0.902344 0.406250 0.898438 0.410156 0.867188 0.410156 0.863281 0.410156 0.828125 0.375000 0.824219 0.371094 0.824219 0.335938 0.824219 0.332031 0.878906 0.308594
0 1.000000 0.494496 0.996237 0.491673 0.996237 0.478675 0.999486 0.472177 1.000000 0.471663
0 1.000000 0.901441 0.989738 0.894600 0.986488 0.894600 0.979989 0.888101 0.979989 0.876728 0.983239 0.870229 0.994612 0.858857 1.000000 0.856163
0 0.438962 0.031882 0.419466 0.028632 0.411343 0.023758 0.403219 0.007511 0.402878 0.000000 0.456834 0.000000 0.456834 0.017259 0.451960 0.030257
0 0.781775 0.649270 0.765529 0.647645 0.739533 0.629773 0.726536 0.616775 0.728160 0.611901 0.733034 0.607027 0.747657 0.603778 0.762279 0.603778 0.776901 0.610277 0.789899 0.611901 0.791524 0.628148 0.794773 0.636272 0.793148 0.639521
0 0.660205 0.753212 0.639659 0.762343 0.613787 0.763104 0.606178 0.774518 0.590959 0.768430 0.584111 0.767670 0.571936 0.772996 0.569653 0.776040 0.569653 0.784410 0.575740 0.793541 0.581828 0.804956 0.577262 0.818653 0.568892 0.826262 0.560521 0.835393 0.554434 0.848329 0.539976 0.865070 0.538454 0.876484 0.523996 0.893225 0.514104 0.927468 0.512582 0.936599 0.520952 0.969320 0.530845 0.991387 0.532170 1.000000 0.613103 1.000000 0.614548 0.995952 0.611505 0.991387 0.621397 0.993670 0.635094 0.989865 0.648791 0.980734 0.656400 0.968559 0.660205 0.960949 0.657922 0.955622 0.654118 0.949535 0.643464 0.944969 0.659444 0.945730 0.664010 0.944969 0.664771 0.933555 0.664771 0.921380 0.670858 0.914532 0.676946 0.909966 0.689121 0.909966 0.699013 0.909205 0.707384 0.919097 0.714993 0.922902 0.721080 0.933555 0.738582 0.948013 0.751518 0.948013 0.756845 0.939643 0.756845 0.933555 0.753801 0.927468 0.750757 0.916054 0.747714 0.908444 0.747714 0.903117 0.756084 0.897030 0.744670 0.868114 0.738582 0.862027 0.737060 0.856700 0.729451 0.849851 0.727168 0.849851 0.723363 0.846046 0.724124 0.843764 0.712710 0.839959 0.714232 0.830067 0.714993 0.814087 0.712710 0.798107 0.702057 0.784410 0.694447 0.776801 0.687599 0.772235 0.678468 0.769952 0.679229 0.764626 0.676946 0.757777
0 0.769531 0.367188 0.789062 0.367188 0.792969 0.367188 0.832031 0.382812 0.835938 0.382812 0.851562 0.410156 0.855469 0.414062 0.851562 0.429688 0.851562 0.433594 0.835938 0.441406 0.832031 0.445312 0.804688 0.437500 0.800781 0.437500 0.785156 0.414062 0.781250 0.410156 0.769531 0.378906 0.765625 0.375000 0.769531 0.367188
0 0.898438 0.410156 0.917969 0.414062 0.921875 0.414062 0.933594 0.437500 0.933594 0.441406 0.914062 0.480469 0.914062 0.484375 0.898438 0.503906 0.894531 0.507812 0.886719 0.507812 0.882812 0.507812 0.855469 0.488281 0.851562 0.484375 0.847656 0.468750 0.847656 0.464844 0.859375 0.429688 0.859375 0.425781 0.898438 0.410156
0 0.009544 0.659836 0.000000 0.658472 0.000000 0.643995 0.013849 0.645200 0.013849 0.652948
0 0.510680 0.388425 0.501093 0.370122 0.491507 0.364021 0.491507 0.343104 0.492378 0.339618 0.497607 0.335260 0.504580 0.335260 0.511552 0.338746 0.519396 0.347462 0.519396 0.358792 0.528111 0.364021 0.528983 0.372737 0.526368 0.378837 0.519396 0.383195
0 0.791857 0.994371 0.782592 0.989739 0.776107 0.979547 0.767768 0.978621 0.764062 0.975841 0.763135 0.964723 0.765915 0.959164 0.799270 0.950825 0.801123 0.952678 0.801123 0.961943 0.803902 0.971209 0.824286 0.975841 0.824286 0.980474 0.819654 0.981400 0.818727 0.983253 0.812241 0.986033 0.799270 0.987886
0 0.861738 0.873302 0.850324 0.875838 0.830034 0.875838 0.830034 0.870765 0.837643 0.860620 0.845252 0.858084 0.845252 0.849207 0.868079 0.849207 0.873151 0.851743 0.892173 0.853011 0.901051 0.855547 0.901051 0.863156 0.906123 0.869497 0.906123 0.872033 0.898514 0.874570 0.871883 0.874570
