0 0.699219 0.000000 0.707031 0.003906 0.710938 0.003906 0.769531 0.070312 0.773438 0.074219 0.773438 0.113281 0.773438 0.117188 0.761719 0.132812 0.761719 0.136719 0.746094 0.148438 0.746094 0.152344 0.742188 0.152344 0.738281 0.152344 0.703125 0.125000 0.699219 0.121094 0.667969 0.066406 0.664062 0.062500 0.648438 0.015625 0.644531 0.011719 0.644531 0.000000
0 0.695871 0.000000 0.707031 0.007812 0.710938 0.007812 0.742188 0.042969 0.746094 0.046875 0.765625 0.046875 0.769531 0.046875 0.792969 0.027344 0.796875 0.023438 0.843750 0.023438 0.847656 0.023438 0.855469 0.031250 0.859375 0.035156 0.859375 0.042969 0.859375 0.046875 0.847656 0.066406 0.847656 0.070312 0.863281 0.097656 0.867188 0.101562 0.871094 0.132812 0.875000 0.136719 0.878906 0.191406 0.882812 0.195312 0.875000 0.261719 0.871094 0.265625 0.863281 0.265625 0.859375 0.269531 0.832031 0.257812 0.828125 0.257812 0.796875 0.222656 0.792969 0.218750 0.761719 0.222656 0.757812 0.226562 0.726562 0.222656 0.722656 0.218750 0.738281 0.156250 0.738281 0.152344 0.726562 0.136719 0.722656 0.132812 0.703125 0.125000 0.699219 0.121094 0.691406 0.101562 0.691406 0.097656 0.664062 0.058594 0.660156 0.054688 0.644531 0.007812 0.640625 0.003906 0.641927 0.000000
0 0.835938 0.070312 0.863281 0.093750 0.867188 0.097656 0.871094 0.128906 0.875000 0.132812 0.882812 0.230469 0.882812 0.234375 0.878906 0.250000 0.878906 0.253906 0.867188 0.265625 0.863281 0.269531 0.835938 0.261719 0.832031 0.261719 0.808594 0.238281 0.804688 0.234375 0.812500 0.156250 0.812500 0.152344 0.828125 0.085938 0.828125 0.082031 0.835938 0.070312
0 1.000000 0.000000 1.000000 0.031250 0.996094 0.031250 0.992188 0.031250 0.964844 0.042969 0.960938 0.046875 0.949219 0.046875 0.945312 0.046875 0.945312 0.000000
0 1.000000 0.000000 1.000000 0.030469 0.953125 0.042969 0.949219 0.039062 0.949219 0.000000
0 0.234375 0.000000 0.226562 0.015625 0.226562 0.019531 0.203125 0.031250 0.199219 0.035156 0.167969 0.019531 0.164062 0.019531 0.160156 0.011719 0.156250 0.007812 0.158203 0.000000
0 0.011719 0.226562 0.042969 0.230469 0.046875 0.230469 0.070312 0.246094 0.074219 0.250000 0.089844 0.246094 0.093750 0.242188 0.121094 0.242188 0.125000 0.246094 0.125000 0.273438 0.125000 0.277344 0.117188 0.289062 0.117188 0.292969 0.093750 0.312500 0.089844 0.316406 0.066406 0.351562 0.062500 0.355469 0.031250 0.359375 0.027344 0.359375 0.000000 0.352179 0.000000 0.228906 0.011719 0.226562
0 0.414062 0.371094 0.433594 0.371094 0.437500 0.371094 0.488281 0.398438 0.492188 0.402344 0.476562 0.488281 0.472656 0.492188 0.453125 0.492188 0.449219 0.492188 0.429688 0.484375 0.425781 0.484375 0.390625 0.464844 0.386719 0.464844 0.371094 0.445312 0.367188 0.441406 0.375000 0.410156 0.375000 0.406250 0.414062 0.371094
0 0.355469 0.121094 0.476562 0.125000 0.480469 0.125000 0.484375 0.132812 0.488281 0.136719 0.488281 0.171875 0.488281 0.175781 0.480469 0.195312 0.480469 0.199219 0.468750 0.207031 0.464844 0.210938 0.414062 0.222656 0.410156 0.226562 0.363281 0.230469 0.359375 0.230469 0.332031 0.199219 0.328125 0.195312 0.339844 0.132812 0.339844 0.128906 0.355469 0.121094
0 0.804688 0.281250 0.851562 0.281250 0.855469 0.281250 0.898438 0.292969 0.902344 0.296875 0.941406 0.296875 0.945312 0.296875 0.953125 0.300781 0.957031 0.300781 0.960938 0.316406 0.960938 0.320312 0.925781 0.359375 0.921875 0.363281 0.832031 0.433594 0.828125 0.437500 0.804688 0.441406 0.800781 0.441406 0.789062 0.433594 0.785156 0.429688 0.785156 0.421875 0.781250 0.417969 0.789062 0.375000 0.789062 0.371094 0.785156 0.355469 0.781250 0.351562 0.777344 0.300781 0.777344 0.296875 0.804688 0.281250
0 0.988281 0.585938 1.000000 0.589844 1.000000 0.625000 0.988281 0.613281 0.984375 0.609375 0.988281 0.585938
0 0.976562 0.699219 0.996094 0.714844 1.000000 0.718750 1.000000 0.785156 1.000000 0.789062 0.984375 0.800781 0.980469 0.804688 0.949219 0.808594 0.945312 0.808594 0.937500 0.804688 0.933594 0.800781 0.933594 0.757812 0.933594 0.753906 0.976562 0.699219
0 0.703125 0.648438 0.703125 0.667969 0.703125 0.671875 0.683594 0.699219 0.679688 0.703125 0.660156 0.710938 0.656250 0.710938 0.660156 0.683594 0.660156 0.679688 0.675781 0.664062 0.679688 0.660156 0.703125 0.648438
0 0.402344 0.636719 0.496094 0.644531 0.500000 0.644531 0.558594 0.687500 0.562500 0.687500 0.570312 0.707031 0.570312 0.710938 0.558594 0.714844 0.554688 0.718750 0.484375 0.726562 0.480469 0.726562 0.433594 0.738281 0.429688 0.742188 0.394531 0.746094 0.390625 0.746094 0.386719 0.742188 0.382812 0.738281 0.382812 0.699219 0.382812 0.695312 0.386719 0.664062 0.386719 0.660156 0.394531 0.644531 0.394531 0.640625 0.402344 0.636719
0 0.328125 0.390625 0.343750 0.406250 0.347656 0.410156 0.347656 0.433594 0.347656 0.437500 0.363281 0.468750 0.367188 0.472656 0.367188 0.488281 0.367188 0.492188 0.351562 0.492188 0.347656 0.492188 0.324219 0.468750 0.320312 0.464844 0.320312 0.457031 0.320312 0.453125 0.308594 0.433594 0.308594 0.429688 0.328125 0.390625
0 0.664062 0.285156 0.675781 0.289062 0.679688 0.289062 0.699219 0.308594 0.703125 0.312500 0.703125 0.320312 0.703125 0.324219 0.679688 0.351562 0.675781 0.355469 0.660156 0.363281 0.656250 0.367188 0.640625 0.367188 0.636719 0.367188 0.625000 0.359375 0.621094 0.355469 0.625000 0.339844 0.625000 0.335938 0.664062 0.285156
0 0.703125 0.171875 0.718750 0.175781 0.722656 0.175781 0.722656 0.187500 0.722656 0.191406 0.707031 0.210938 0.703125 0.214844 0.675781 0.218750 0.671875 0.218750 0.660156 0.210938 0.656250 0.207031 0.660156 0.195312 0.660156 0.191406 0.703125 0.171875
0 0.472656 0.003906 0.515625 0.007812 0.515625 0.011719 0.500000 0.023438 0.496094 0.027344 0.468750 0.027344 0.464844 0.027344 0.457031 0.019531 0.457031 0.015625 0.472656 0.003906
0 0.601562 0.035156 0.640625 0.035156 0.644531 0.035156 0.644531 0.046875 0.644531 0.050781 0.621094 0.062500 0.617188 0.066406 0.589844 0.066406 0.585938 0.066406 0.582031 0.050781 0.582031 0.046875 0.601562 0.035156
0 0.097656 0.984375 0.113281 0.984375 0.117188 0.984375 0.146701 1.000000 0.082031 1.000000 0.097656 0.984375
0 0.074219 0.750000 0.089844 0.757812 0.093750 0.757812 0.109375 0.773438 0.113281 0.777344 0.136719 0.769531 0.140625 0.769531 0.160156 0.785156 0.164062 0.785156 0.171875 0.800781 0.171875 0.804688 0.156250 0.816406 0.152344 0.820312 0.132812 0.851562 0.128906 0.855469 0.089844 0.855469 0.085938 0.855469 0.058594 0.847656 0.054688 0.843750 0.050781 0.808594 0.050781 0.804688 0.058594 0.785156 0.062500 0.781250 0.062500 0.761719 0.062500 0.757812 0.074219 0.750000
0 0.230469 0.589844 0.253906 0.589844 0.257812 0.589844 0.269531 0.601562 0.273438 0.605469 0.277344 0.625000 0.281250 0.628906 0.277344 0.660156 0.277344 0.664062 0.257812 0.699219 0.257812 0.703125 0.246094 0.710938 0.242188 0.714844 0.218750 0.710938 0.214844 0.710938 0.195312 0.695312 0.191406 0.691406 0.191406 0.683594 0.191406 0.679688 0.207031 0.648438 0.210938 0.644531 0.210938 0.609375 0.210938 0.605469 0.230469 0.589844
0 0.230469 0.175781 0.242188 0.179688 0.246094 0.179688 0.269531 0.203125 0.273438 0.207031 0.281250 0.273438 0.285156 0.277344 0.285156 0.320312 0.285156 0.324219 0.281250 0.328125 0.281250 0.332031 0.246094 0.351562 0.242188 0.355469 0.218750 0.359375 0.214844 0.359375 0.183594 0.300781 0.183594 0.296875 0.191406 0.269531 0.195312 0.265625 0.203125 0.214844 0.203125 0.210938 0.214844 0.191406 0.214844 0.187500 0.230469 0.175781
0 1.000000 1.000000 0.912109 1.000000 0.953125 0.972656 0.957031 0.968750 1.000000 0.954427
0 0.226562 0.398438 0.253906 0.402344 0.257812 0.402344 0.257812 0.429688 0.257812 0.433594 0.246094 0.441406 0.242188 0.445312 0.183594 0.457031 0.179688 0.457031 0.179688 0.429688 0.179688 0.425781 0.207031 0.406250 0.210938 0.402344 0.226562 0.398438
0 0.527344 0.980469 0.542969 0.984375 0.546875 0.988281 0.550781 1.000000 0.550781 1.000000 0.511719 1.000000 0.511719 1.000000 0.511719 0.996094 0.527344 0.980469
0 0.304688 0.863281 0.316406 0.863281 0.320312 0.867188 0.316406 0.898438 0.316406 0.902344 0.300781 0.902344 0.296875 0.898438 0.296875 0.878906 0.296875 0.875000 0.304688 0.863281
0 0.312500 0.804688 0.320312 0.808594 0.324219 0.812500 0.324219 0.832031 0.324219 0.835938 0.320312 0.843750 0.320312 0.847656 0.308594 0.855469 0.304688 0.855469 0.296875 0.851562 0.292969 0.847656 0.292969 0.832031 0.292969 0.828125 0.312500 0.804688
0 0.246094 0.718750 0.257812 0.718750 0.261719 0.718750 0.289062 0.730469 0.292969 0.730469 0.292969 0.746094 0.292969 0.750000 0.246094 0.750000 0.242188 0.750000 0.234375 0.730469 0.234375 0.726562 0.246094 0.718750
0 0.523438 0.722656 0.550781 0.722656 0.554688 0.722656 0.558594 0.738281 0.562500 0.742188 0.558594 0.765625 0.558594 0.769531 0.550781 0.773438 0.546875 0.773438 0.523438 0.757812 0.519531 0.757812 0.515625 0.730469 0.515625 0.726562 0.523438 0.722656
0 0.597656 0.707031 0.613281 0.710938 0.617188 0.710938 0.621094 0.738281 0.621094 0.742188 0.601562 0.777344 0.601562 0.781250 0.570312 0.796875 0.566406 0.796875 0.558594 0.789062 0.554688 0.785156 0.566406 0.730469 0.566406 0.726562 0.578125 0.714844 0.582031 0.710938 0.597656 0.707031
0 0.703125 0.917969 0.718750 0.921875 0.722656 0.925781 0.730469 0.941406 0.734375 0.945312 0.734375 0.957031 0.730469 0.960938 0.707031 0.964844 0.703125 0.960938 0.703125 0.917969
0 1.000000 0.577148 0.992188 0.570312 0.988281 0.570312 0.968750 0.546875 0.968750 0.542969 0.992188 0.460938 0.996094 0.457031 1.000000 0.457031
0 0.628906 0.371094 0.656250 0.375000 0.660156 0.378906 0.667969 0.417969 0.671875 0.421875 0.660156 0.531250 0.660156 0.535156 0.652344 0.542969 0.648438 0.546875 0.628906 0.542969 0.625000 0.539062 0.628906 0.503906 0.628906 0.500000 0.621094 0.390625 0.621094 0.386719 0.628906 0.371094
0 0.527344 0.203125 0.542969 0.207031 0.546875 0.210938 0.550781 0.234375 0.550781 0.238281 0.503906 0.269531 0.500000 0.273438 0.464844 0.273438 0.460938 0.273438 0.457031 0.265625 0.453125 0.261719 0.457031 0.250000 0.457031 0.246094 0.488281 0.222656 0.492188 0.218750 0.527344 0.203125
0 0.503618 0.875227 0.511412 0.873811 0.513537 0.872393 0.517788 0.870976 0.517788 0.836258 0.516371 0.832715 0.516371 0.830590 0.514954 0.829173 0.514246 0.826338 0.510703 0.818545 0.509286 0.817127 0.508577 0.801540 0.507161 0.800123 0.506452 0.797997 0.506452 0.784535 0.503618 0.783826 0.502909 0.781701 0.495824 0.781701 0.491573 0.783826 0.491573 0.788077 0.486613 0.792329 0.485904 0.796580 0.483779 0.797997 0.482362 0.800123 0.482362 0.802248 0.480236 0.806500 0.477402 0.810042 0.477402 0.814293 0.474568 0.824921 0.474568 0.850429 0.476693 0.854680 0.477402 0.857514 0.479527 0.858931 0.480236 0.861057 0.483070 0.864600 0.491573 0.867434 0.497241 0.873811
0 0.488281 0.785156 0.492188 0.785156 0.496094 0.785156 0.507812 0.804688 0.511719 0.808594 0.527344 0.812500 0.531250 0.812500 0.562500 0.847656 0.566406 0.851562 0.578125 0.902344 0.582031 0.906250 0.582031 0.917969 0.582031 0.921875 0.570312 0.937500 0.566406 0.941406 0.546875 0.941406 0.542969 0.941406 0.531250 0.933594 0.527344 0.933594 0.476562 0.882812 0.472656 0.878906 0.464844 0.843750 0.464844 0.839844 0.441406 0.808594 0.441406 0.804688 0.464844 0.804688 0.468750 0.804688 0.488281 0.785156
0 0.425781 0.750000 0.472656 0.757812 0.476562 0.757812 0.550781 0.785156 0.554688 0.785156 0.562500 0.792969 0.566406 0.792969 0.605469 0.832031 0.609375 0.835938 0.664062 0.914062 0.667969 0.917969 0.667969 0.953125 0.667969 0.957031 0.648438 0.976562 0.644531 0.980469 0.636719 0.980469 0.632812 0.984375 0.605469 0.976562 0.601562 0.976562 0.578125 0.953125 0.574219 0.949219 0.546875 0.945312 0.542969 0.945312 0.511719 0.925781 0.507812 0.925781 0.484375 0.906250 0.480469 0.906250 0.453125 0.875000 0.449219 0.871094 0.433594 0.871094 0.429688 0.871094 0.394531 0.851562 0.390625 0.851562 0.378906 0.828125 0.375000 0.824219 0.375000 0.789062 0.375000 0.785156 0.390625 0.765625 0.394531 0.761719 0.425781 0.750000
0 0.734375 0.875000 0.738281 0.875000 0.742188 0.875000 0.789062 0.917969 0.792969 0.921875 0.796875 0.945312 0.796875 0.949219 0.789062 0.964844 0.785156 0.968750 0.781250 0.968750 0.777344 0.968750 0.761719 0.941406 0.761719 0.937500 0.734375 0.917969 0.730469 0.914062 0.726562 0.902344 0.726562 0.898438 0.734375 0.875000
0 0.863281 0.570312 0.886719 0.585938 0.890625 0.589844 0.949219 0.597656 0.953125 0.597656 0.953125 0.617188 0.953125 0.621094 0.945312 0.625000 0.941406 0.628906 0.878906 0.628906 0.875000 0.628906 0.859375 0.621094 0.855469 0.617188 0.832031 0.613281 0.828125 0.613281 0.828125 0.601562 0.828125 0.597656 0.847656 0.589844 0.851562 0.589844 0.863281 0.570312
0 0.972656 0.457031 0.980469 0.457031 0.984375 0.457031 0.984375 0.472656 0.984375 0.476562 0.968750 0.542969 0.968750 0.546875 0.957031 0.550781 0.953125 0.550781 0.945312 0.542969 0.941406 0.539062 0.933594 0.511719 0.933594 0.507812 0.945312 0.488281 0.945312 0.484375 0.972656 0.457031
0 0.561791 0.532111 0.552421 0.528598 0.552421 0.515715 0.558277 0.507516 0.558277 0.477066 0.562962 0.472381 0.573503 0.467696 0.578187 0.467696 0.588728 0.473552 0.591071 0.477066 0.591071 0.486435 0.595755 0.493462 0.622693 0.502832 0.632062 0.507516 0.637918 0.513373 0.641432 0.521571 0.623864 0.546166 0.601611 0.552022 0.596927 0.555535 0.587557 0.555535 0.582872 0.550850 0.573503 0.546166 0.569989 0.541481 0.567647 0.541481
0 0.541881 0.549679 0.525484 0.555535 0.516114 0.555535 0.511430 0.550850 0.502060 0.529769 0.499718 0.528598 0.499718 0.521571 0.505661 0.516348 0.511430 0.514544 0.525484 0.514544 0.537196 0.509859 0.548908 0.509859 0.551250 0.511030 0.554764 0.523913 0.554764 0.530940 0.551250 0.535625 0.550079 0.542652
0 0.524313 0.308414 0.511430 0.311928 0.478637 0.311928 0.454041 0.297874 0.452870 0.288504 0.465754 0.283820 0.476294 0.273279 0.514943 0.272108 0.550079 0.254540 0.557106 0.255711 0.562962 0.261567 0.566476 0.270936 0.565304 0.281477 0.561791 0.290847 0.555935 0.296703 0.547737 0.303730 0.534854 0.308414
0 0.724406 0.841158 0.724406 0.852972 0.726271 0.860433 0.726893 0.866651 0.728758 0.872869 0.730624 0.874734 0.732489 0.875356 0.739950 0.875356 0.741816 0.875978 0.757982 0.875978 0.763579 0.874734 0.766688 0.874734 0.771040 0.872869 0.776636 0.872247 0.778502 0.871004 0.782854 0.869760 0.787207 0.869760 0.792181 0.867895 0.799643 0.866651 0.797777 0.864164 0.790938 0.859812 0.786585 0.842402 0.783476 0.838671 0.778502 0.836805 0.771040 0.836805 0.766066 0.839293 0.757982 0.840536 0.744925 0.840536 0.737463 0.838671 0.730002 0.838671
0 0.838167 0.863116 0.831645 0.860398 0.831102 0.857681 0.831645 0.853877 0.838167 0.850072 0.839254 0.848441 0.839254 0.794635 0.837623 0.793548 0.837080 0.783222 0.838711 0.782135 0.846863 0.779961 0.852298 0.779961 0.857733 0.780504 0.864798 0.782135 0.869690 0.782135 0.875668 0.785396 0.877842 0.788113 0.881646 0.795722 0.882190 0.798440 0.885451 0.806049 0.887082 0.807679 0.887082 0.814745 0.884364 0.820180 0.881103 0.822354 0.876212 0.823984 0.874038 0.830506 0.872407 0.832680 0.871864 0.839746 0.869146 0.846811 0.868603 0.858768 0.866429 0.862572 0.857189 0.865290 0.846319 0.865290 0.844145 0.864746
0 0.893060 0.760395 0.885995 0.760939 0.881646 0.762025 0.876212 0.761482 0.871320 0.756591 0.870777 0.753873 0.867516 0.750612 0.865885 0.747351 0.859907 0.739742 0.856102 0.736481 0.853385 0.734307 0.847406 0.731046 0.844689 0.730503 0.832732 0.724524 0.831645 0.722350 0.828927 0.720176 0.825123 0.715829 0.824036 0.713654 0.821862 0.712567 0.816970 0.706589 0.813709 0.700067 0.813166 0.695175 0.813166 0.688110 0.816970 0.685393 0.821862 0.683218 0.831102 0.682132 0.845776 0.682132 0.852841 0.680501 0.858276 0.680501 0.865342 0.682132 0.868059 0.683762 0.871320 0.685936 0.875125 0.690284 0.891430 0.702241 0.894147 0.702784 0.899582 0.706045 0.903930 0.706045 0.908278 0.708220 0.916430 0.713654 0.921865 0.720176 0.928931 0.726155 0.930018 0.727785 0.935996 0.731046 0.930018 0.734307 0.926757 0.738112 0.918061 0.756047 0.918061 0.758221 0.915887 0.762025 0.910995 0.764200 0.907734 0.767461 0.898495 0.767461 0.893060 0.765286
0 0.809362 0.794092 0.775121 0.770178 0.776752 0.751699 0.747946 0.725611 0.789252 0.683762 0.840341 0.735394 0.853928 0.751699 0.880016 0.759308 0.885995 0.780504 0.845776 0.803875
0 0.492394 0.501034 0.487353 0.477271 0.480871 0.464309 0.480871 0.454947 0.483032 0.452066 0.486633 0.444865 0.488073 0.443425 0.488073 0.438384 0.487353 0.434784 0.487353 0.418941 0.488073 0.415340 0.489513 0.413180 0.490233 0.410300 0.490233 0.405259 0.493834 0.399498 0.502475 0.397337 0.507516 0.397337 0.511117 0.395897 0.516878 0.395897 0.521198 0.392296 0.524799 0.385815 0.526959 0.378614 0.536321 0.367092 0.538481 0.366372 0.544242 0.361331 0.547843 0.359891 0.557925 0.352690 0.560085 0.351970 0.564405 0.348369 0.571607 0.345489 0.578088 0.343328 0.592490 0.343328 0.595371 0.347649 0.598971 0.350530 0.601852 0.351970 0.606173 0.353410 0.621295 0.352690 0.623455 0.354130 0.624175 0.357011 0.624175 0.380054 0.625616 0.381495 0.625616 0.385095 0.626336 0.387976 0.626336 0.408859 0.627056 0.411740 0.627056 0.416061 0.632097 0.431903 0.632097 0.452786 0.629216 0.460708 0.629216 0.462868 0.627776 0.464309 0.625616 0.469349 0.622015 0.475110 0.617695 0.480871 0.615534 0.486632 0.612654 0.489513 0.609773 0.493833 0.607613 0.495273 0.605452 0.495273 0.604012 0.496714 0.598971 0.498154 0.597531 0.500314 0.591770 0.502475 0.589610 0.503915 0.581688 0.506796 0.577368 0.507516 0.570166 0.511116 0.567286 0.513277 0.558645 0.516157 0.542802 0.516157 0.539921 0.516877 0.517598 0.516877 0.512557 0.515437 0.511117 0.513997 0.508956 0.513997 0.507516 0.512557 0.500315 0.510396 0.495994 0.506796
0 0.309483 0.580248 0.297241 0.580968 0.287159 0.578088 0.278518 0.574487 0.276358 0.573046 0.274918 0.571606 0.277078 0.570166 0.277798 0.568006 0.277798 0.561525 0.278518 0.557204 0.287880 0.554323 0.292200 0.554323 0.294361 0.552883 0.313804 0.552883 0.315964 0.553603 0.315964 0.557204 0.318125 0.559364 0.318125 0.567286 0.316684 0.572327 0.314524 0.575207
0 0.414621 0.226669 0.420382 0.228109 0.421822 0.230989 0.422542 0.235310 0.422542 0.239631 0.421822 0.242512 0.422542 0.248993 0.424702 0.249713 0.427583 0.249713 0.434784 0.246832 0.436945 0.246832 0.441265 0.245392 0.444146 0.246112 0.445586 0.247552 0.450627 0.250433 0.450627 0.231710 0.447746 0.226669 0.446306 0.225229 0.445586 0.215147 0.442705 0.214427 0.433344 0.219468 0.431184 0.219468 0.426143 0.221628 0.418941 0.221628
0 0.898438 0.003906 0.929688 0.039062 0.929688 0.042969 0.921875 0.054688 0.917969 0.058594 0.878906 0.062500 0.875000 0.062500 0.875000 0.027344 0.875000 0.023438 0.898438 0.003906
0 0.140625 0.195312 0.156250 0.199219 0.160156 0.199219 0.179688 0.214844 0.183594 0.214844 0.191406 0.246094 0.195312 0.250000 0.195312 0.292969 0.191406 0.296875 0.183594 0.289062 0.179688 0.289062 0.167969 0.257812 0.167969 0.253906 0.148438 0.226562 0.144531 0.222656 0.140625 0.207031 0.136719 0.203125 0.140625 0.195312
0 0.000000 0.015625 0.019531 0.015625 0.023438 0.015625 0.042969 0.023438 0.046875 0.027344 0.050781 0.082031 0.046875 0.085938 0.023438 0.089844 0.019531 0.089844 0.007812 0.097656 0.003906 0.101562 0.000000 0.101562
0 0.000000 0.179688 0.027344 0.191406 0.031250 0.195312 0.054688 0.199219 0.058594 0.199219 0.066406 0.214844 0.066406 0.218750 0.062500 0.222656 0.058594 0.226562 0.000000 0.226562 0.000000 0.179688 0.000000 0.179688
0 0.156250 0.472656 0.167969 0.472656 0.171875 0.472656 0.183594 0.484375 0.187500 0.488281 0.187500 0.500000 0.187500 0.503906 0.183594 0.507812 0.179688 0.511719 0.160156 0.515625 0.156250 0.519531 0.128906 0.515625 0.125000 0.515625 0.117188 0.496094 0.117188 0.492188 0.156250 0.472656
0 0.136719 0.328125 0.144531 0.332031 0.148438 0.332031 0.144531 0.347656 0.144531 0.351562 0.117188 0.359375 0.113281 0.359375 0.058594 0.414062 0.054688 0.417969 0.046875 0.421875 0.042969 0.421875 0.035156 0.410156 0.035156 0.406250 0.023438 0.398438 0.019531 0.394531 0.019531 0.386719 0.023438 0.382812 0.039062 0.386719 0.042969 0.386719 0.074219 0.347656 0.078125 0.343750 0.101562 0.347656 0.105469 0.347656 0.136719 0.328125
0 0.175781 0.359375 0.210938 0.371094 0.214844 0.371094 0.230469 0.390625 0.234375 0.394531 0.253906 0.402344 0.257812 0.402344 0.257812 0.429688 0.257812 0.433594 0.218750 0.449219 0.214844 0.453125 0.183594 0.457031 0.179688 0.457031 0.179688 0.429688 0.179688 0.425781 0.164062 0.406250 0.160156 0.402344 0.160156 0.394531 0.160156 0.390625 0.175781 0.359375
0 0.609375 0.203125 0.632812 0.210938 0.636719 0.214844 0.671875 0.218750 0.675781 0.222656 0.671875 0.265625 0.671875 0.269531 0.660156 0.285156 0.656250 0.289062 0.636719 0.300781 0.632812 0.304688 0.613281 0.289062 0.609375 0.285156 0.582031 0.273438 0.578125 0.273438 0.562500 0.242188 0.558594 0.238281 0.566406 0.218750 0.570312 0.214844 0.609375 0.203125
0 0.187500 0.042969 0.195312 0.042969 0.199219 0.042969 0.210938 0.054688 0.214844 0.058594 0.234375 0.062500 0.238281 0.062500 0.234375 0.070312 0.234375 0.074219 0.214844 0.085938 0.210938 0.089844 0.183594 0.089844 0.179688 0.089844 0.171875 0.082031 0.167969 0.078125 0.167969 0.066406 0.167969 0.062500 0.187500 0.042969
0 0.503906 0.160156 0.519531 0.164062 0.523438 0.164062 0.531250 0.171875 0.535156 0.175781 0.535156 0.191406 0.535156 0.195312 0.515625 0.199219 0.511719 0.199219 0.492188 0.210938 0.488281 0.210938 0.484375 0.199219 0.484375 0.195312 0.503906 0.160156
0 0.710938 0.316406 0.726562 0.316406 0.730469 0.316406 0.742188 0.332031 0.746094 0.335938 0.742188 0.339844 0.738281 0.343750 0.710938 0.339844 0.707031 0.339844 0.703125 0.335938 0.703125 0.332031 0.710938 0.316406
0 0.066406 0.039062 0.078125 0.039062 0.082031 0.039062 0.093750 0.046875 0.097656 0.050781 0.101562 0.062500 0.105469 0.066406 0.101562 0.078125 0.097656 0.082031 0.070312 0.082031 0.066406 0.078125 0.066406 0.039062
0 0.660156 0.093750 0.667969 0.093750 0.671875 0.097656 0.660156 0.175781 0.660156 0.179688 0.625000 0.195312 0.621094 0.195312 0.613281 0.191406 0.609375 0.187500 0.605469 0.167969 0.605469 0.164062 0.636719 0.140625 0.640625 0.136719 0.648438 0.105469 0.648438 0.101562 0.660156 0.093750
0 0.882812 0.164062 0.882812 0.167969 0.886719 0.171875 0.894531 0.171875 0.898438 0.175781 0.902344 0.191406 0.906250 0.195312 0.898438 0.218750 0.898438 0.222656 0.890625 0.218750 0.886719 0.214844 0.882812 0.164062
0 0.929688 0.894531 0.945312 0.894531 0.949219 0.894531 0.972656 0.917969 0.976562 0.921875 0.968750 0.945312 0.964844 0.949219 0.917969 0.937500 0.914062 0.933594 0.910156 0.925781 0.910156 0.921875 0.929688 0.894531
0 0.903131 0.992753 0.903131 0.988938 0.904085 0.986554 0.908853 0.984170 0.909330 0.982263 0.914574 0.975588 0.918389 0.966529 0.918389 0.961284 0.914574 0.956516 0.914098 0.953655 0.912667 0.951748 0.911714 0.947933 0.908853 0.946980 0.906469 0.946980 0.896933 0.959377 0.889304 0.967005 0.886920 0.966529 0.882152 0.967005 0.880245 0.970820 0.880245 0.973204 0.878338 0.975111 0.874523 0.976541 0.873093 0.977972 0.872616 0.987508 0.874523 0.993706 0.874523 0.996090 0.873570 0.997997 0.868802 0.998474 0.865750 1.000000 0.904902 1.000000 0.903131 0.997521 0.901224 0.997044 0.899793 0.995613
0 0.867715 0.969015 0.861189 0.964665 0.858471 0.961402 0.858471 0.953789 0.855208 0.951614 0.855208 0.942370 0.859014 0.940738 0.863365 0.937476 0.866084 0.933125 0.867715 0.934757 0.869890 0.938563 0.872065 0.939651 0.874784 0.942914 0.882397 0.942914 0.885116 0.943457 0.886204 0.945089 0.885660 0.949983 0.878591 0.957052 0.874784 0.963034 0.874240 0.965209 0.872065 0.965209
0 0.849729 0.938874 0.842577 0.937920 0.832564 0.937920 0.832088 0.928861 0.830180 0.924093 0.829704 0.918848 0.832088 0.917895 0.845438 0.917418 0.854497 0.917895 0.854497 0.928384 0.853544 0.931722 0.853544 0.936967
0 0.760238 1.000000 0.758959 0.999467 0.755152 0.996748 0.748083 0.996204 0.744276 0.993485 0.744276 0.991310 0.743189 0.989679 0.741014 0.989135 0.734488 0.989135 0.731225 0.986960 0.730138 0.985329 0.727963 0.984785 0.726875 0.983154 0.728507 0.981522 0.730682 0.981522 0.732313 0.980434 0.738839 0.980434 0.740470 0.974453 0.741557 0.972821 0.741557 0.970646 0.743189 0.969559 0.754064 0.972821 0.755696 0.973909 0.757871 0.973909 0.762765 0.978259 0.772009 0.978259 0.774728 0.980978 0.775272 0.983697 0.776359 0.985329 0.776359 0.987504 0.777991 0.989135 0.780710 0.989679 0.782885 0.991310 0.785060 0.991310 0.788323 0.993485 0.788730 1.000000
0 0.183594 0.164062 0.210938 0.164062 0.214844 0.164062 0.218750 0.175781 0.218750 0.179688 0.203125 0.195312 0.199219 0.199219 0.187500 0.199219 0.183594 0.199219 0.179688 0.195312 0.175781 0.191406 0.175781 0.175781 0.175781 0.171875 0.183594 0.164062
0 0.316406 0.125000 0.328125 0.125000 0.332031 0.128906 0.328125 0.152344 0.324219 0.156250 0.289062 0.156250 0.285156 0.156250 0.261719 0.167969 0.257812 0.171875 0.238281 0.164062 0.234375 0.164062 0.234375 0.160156 0.234375 0.156250 0.250000 0.148438 0.253906 0.144531 0.273438 0.144531 0.277344 0.144531 0.316406 0.125000
0 0.154948 0.000000 0.156250 0.003906 0.156250 0.007812 0.148438 0.015625 0.144531 0.019531 0.136719 0.019531 0.132812 0.019531 0.128906 0.007812 0.128906 0.003906 0.134115 0.000000
0 0.771300 0.689751 0.770139 0.672341 0.768398 0.668859 0.766077 0.666538 0.765496 0.664216 0.768398 0.661895 0.776523 0.658993 0.784648 0.657832 0.786389 0.656671 0.794513 0.654350 0.796835 0.655511 0.799737 0.658993 0.805540 0.675823 0.806120 0.681046 0.804960 0.682787 0.800317 0.682787 0.792772 0.685109 0.786969 0.689171 0.784648 0.689171 0.778264 0.693233 0.773621 0.693814
0 0.915568 0.827088 0.910130 0.826000 0.907955 0.824913 0.902517 0.821650 0.899254 0.818388 0.900342 0.816212 0.904692 0.814581 0.906323 0.812950 0.910130 0.806968 0.913393 0.806968 0.915024 0.808055 0.919918 0.809143 0.921005 0.810775 0.923725 0.810775 0.924268 0.815125 0.922637 0.816212 0.921549 0.818388 0.918287 0.830895 0.917199 0.832526
0 0.926443 0.805880 0.912849 0.799355 0.905780 0.795005 0.903061 0.795548 0.902517 0.792830 0.902517 0.783041 0.900886 0.778148 0.900886 0.773797 0.905780 0.769447 0.906323 0.767272 0.907955 0.769447 0.909042 0.776516 0.911218 0.780323 0.916655 0.782498 0.921005 0.783041 0.922637 0.784129 0.930250 0.784673 0.930794 0.786848 0.930794 0.806424
0 0.161609 1.000000 0.160457 0.997697 0.158857 0.992494 0.158857 0.990493 0.160457 0.989293 0.163259 0.988092 0.165260 0.988092 0.166861 0.986891 0.166861 0.984891 0.166060 0.982889 0.164459 0.981289 0.165660 0.979288 0.167661 0.977687 0.173664 0.975686 0.183669 0.976086 0.186070 0.979688 0.186470 0.981689 0.186870 0.996096 0.186220 1.000000
0 0.236094 0.999297 0.229291 0.998097 0.216885 0.997697 0.214884 0.992895 0.214884 0.988893 0.213683 0.984891 0.214884 0.980889 0.219286 0.979688 0.223288 0.980488 0.224088 0.978487 0.224488 0.973685 0.231291 0.970884 0.240496 0.971684 0.250100 0.975686 0.251701 0.976887 0.253302 0.981289 0.253302 0.985291 0.252502 0.987692 0.250100 0.989693 0.246899 0.994095 0.240206 1.000000 0.239944 1.000000 0.234493 0.996496
0 0.077970 0.982054 0.074406 0.993254 0.071033 1.000000 0.037155 1.000000 0.036734 0.995799 0.042334 0.992745 0.045898 0.989690 0.046407 0.987654 0.049970 0.984599 0.049970 0.981036 0.050989 0.978999 0.060152 0.975436 0.062188 0.972890 0.062188 0.968818 0.068297 0.968818 0.070334 0.969836 0.073388 0.973909 0.073388 0.975945 0.074915 0.977981 0.082043 0.984090 0.084079 0.984599
0 0.050989 0.888383 0.046407 0.887365 0.039789 0.882274 0.037753 0.879729 0.037753 0.865475 0.038262 0.862929 0.039789 0.860893 0.039789 0.856820 0.041316 0.854784 0.048952 0.851220 0.050989 0.853257 0.050989 0.857838 0.055570 0.860384 0.059134 0.866493 0.060661 0.876165 0.062188 0.881256 0.063716 0.882783 0.063716 0.884820 0.060152 0.887365 0.058116 0.887365 0.052007 0.892965 0.049970 0.892965
0 0.160340 0.725764 0.134075 0.725764 0.132507 0.724588 0.132507 0.722629 0.131332 0.721061 0.129371 0.721061 0.128195 0.719492 0.128195 0.715572 0.124668 0.713612 0.124275 0.711652 0.131332 0.707340 0.130155 0.705380 0.131332 0.703812 0.136428 0.707732 0.138387 0.708516 0.140740 0.708516 0.143092 0.707340 0.148972 0.709692 0.153284 0.709692 0.154068 0.714004 0.156420 0.717140 0.162300 0.720277 0.162300 0.722236
