0 0.261719 0.000000 0.261719 0.000000 0.261719 0.003906 0.257812 0.007812 0.253906 0.011719 0.234375 0.000000 0.234375 0.000000
0 0.969806 0.000000 0.972656 0.105469 0.972656 0.109375 0.949219 0.132812 0.945312 0.136719 0.937500 0.164062 0.933594 0.167969 0.867188 0.167969 0.863281 0.167969 0.812500 0.175781 0.808594 0.175781 0.761719 0.207031 0.757812 0.210938 0.738281 0.207031 0.734375 0.207031 0.667969 0.175781 0.664062 0.175781 0.667969 0.140625 0.667969 0.136719 0.644531 0.097656 0.640625 0.093750 0.617188 0.039062 0.613281 0.035156 0.613281 0.000000
0 0.582031 0.023438 0.597656 0.031250 0.601562 0.031250 0.625000 0.070312 0.628906 0.074219 0.632812 0.132812 0.632812 0.136719 0.621094 0.144531 0.617188 0.148438 0.566406 0.164062 0.562500 0.167969 0.515625 0.167969 0.511719 0.167969 0.464844 0.152344 0.460938 0.152344 0.457031 0.144531 0.453125 0.140625 0.457031 0.136719 0.457031 0.132812 0.492188 0.093750 0.492188 0.089844 0.535156 0.046875 0.539062 0.042969 0.582031 0.023438
0 0.300781 0.066406 0.316406 0.066406 0.320312 0.066406 0.324219 0.085938 0.324219 0.089844 0.312500 0.113281 0.312500 0.117188 0.285156 0.152344 0.281250 0.152344 0.273438 0.148438 0.269531 0.148438 0.265625 0.128906 0.265625 0.125000 0.281250 0.085938 0.281250 0.082031 0.300781 0.066406
0 0.281250 0.164062 0.292969 0.167969 0.296875 0.167969 0.324219 0.199219 0.328125 0.203125 0.328125 0.214844 0.328125 0.218750 0.316406 0.238281 0.312500 0.242188 0.250000 0.269531 0.246094 0.273438 0.210938 0.273438 0.207031 0.273438 0.171875 0.242188 0.167969 0.238281 0.171875 0.207031 0.175781 0.203125 0.226562 0.191406 0.230469 0.191406 0.281250 0.164062
0 1.000000 0.633635 0.941406 0.636719 0.937500 0.640625 0.890625 0.636719 0.886719 0.636719 0.871094 0.621094 0.867188 0.617188 0.855469 0.589844 0.855469 0.585938 0.820312 0.554688 0.816406 0.550781 0.812500 0.531250 0.812500 0.527344 0.820312 0.511719 0.820312 0.507812 0.835938 0.500000 0.839844 0.496094 0.882812 0.496094 0.886719 0.496094 0.925781 0.488281 0.929688 0.488281 0.949219 0.464844 0.953125 0.460938 1.000000 0.432812
0 0.507812 0.699219 0.535156 0.703125 0.539062 0.703125 0.546875 0.714844 0.546875 0.718750 0.582031 0.746094 0.585938 0.746094 0.593750 0.753906 0.597656 0.757812 0.593750 0.785156 0.593750 0.789062 0.578125 0.804688 0.574219 0.808594 0.574219 0.820312 0.574219 0.824219 0.535156 0.917969 0.531250 0.921875 0.523438 0.953125 0.523438 0.957031 0.437500 0.949219 0.433594 0.949219 0.425781 0.945312 0.421875 0.941406 0.417969 0.921875 0.414062 0.917969 0.410156 0.726562 0.410156 0.722656 0.421875 0.718750 0.425781 0.714844 0.449219 0.714844 0.453125 0.714844 0.507812 0.699219
0 0.606827 0.386719 0.622452 0.390625 0.626359 0.390625 0.688859 0.421875 0.692765 0.421875 0.696671 0.441406 0.700577 0.445312 0.665421 0.535156 0.665421 0.539062 0.626359 0.558594 0.622452 0.558594 0.619053 0.581690 0.603600 0.593747 0.575577 0.585938 0.569633 0.594768 0.548234 0.609375 0.544327 0.616677 0.489640 0.582031 0.485734 0.582031 0.485734 0.574219 0.481827 0.570312 0.520890 0.527344 0.520890 0.523438 0.575577 0.472656 0.554352 0.459920 0.591202 0.410156 0.591202 0.406250 0.606827 0.386719
0 0.378906 0.542969 0.390625 0.542969 0.394531 0.542969 0.402344 0.550781 0.406250 0.554688 0.414062 0.578125 0.417969 0.582031 0.414062 0.597656 0.414062 0.601562 0.308594 0.664062 0.304688 0.667969 0.289062 0.664062 0.285156 0.664062 0.261719 0.636719 0.257812 0.632812 0.253906 0.609375 0.253906 0.605469 0.269531 0.593750 0.273438 0.589844 0.335938 0.566406 0.339844 0.566406 0.378906 0.542969
0 0.148438 0.699219 0.191406 0.699219 0.195312 0.699219 0.214844 0.707031 0.218750 0.707031 0.210938 0.753906 0.210938 0.757812 0.199219 0.785156 0.195312 0.789062 0.140625 0.773438 0.136719 0.769531 0.148438 0.699219
0 0.089844 0.929688 0.121094 0.929688 0.125000 0.929688 0.128906 0.937500 0.132812 0.941406 0.129557 1.000000 0.034477 1.000000 0.027344 0.976562 0.027344 0.972656 0.031250 0.960938 0.035156 0.957031 0.089844 0.929688
0 0.226562 0.828125 0.253906 0.832031 0.257812 0.832031 0.257812 0.863281 0.257812 0.867188 0.246094 0.933594 0.246094 0.937500 0.214844 0.945312 0.210938 0.945312 0.203125 0.937500 0.199219 0.933594 0.203125 0.875000 0.203125 0.871094 0.210938 0.847656 0.210938 0.843750 0.226562 0.828125
0 0.375000 0.945312 0.410156 0.949219 0.414062 0.949219 0.472656 0.968750 0.476562 0.968750 0.484375 0.980469 0.488281 0.984375 0.486861 1.000000 0.363281 1.000000 0.363281 0.984375 0.363281 0.980469 0.375000 0.945312
0 0.292969 0.960938 0.343750 0.972656 0.347656 0.976562 0.347656 0.988281 0.347656 0.992188 0.328125 1.000000 0.328125 1.000000 0.268359 1.000000 0.269531 0.988281 0.269531 0.984375 0.292969 0.960938
0 0.710938 0.941406 0.742188 0.941406 0.746094 0.941406 0.753906 0.949219 0.757812 0.953125 0.757812 0.964844 0.761719 0.968750 0.750000 1.000000 0.750000 1.000000 0.503906 1.000000 0.503906 1.000000 0.500000 1.000000 0.500000 0.984375 0.500000 0.980469 0.519531 0.972656 0.523438 0.968750 0.613281 0.964844 0.617188 0.964844 0.648438 0.953125 0.652344 0.949219 0.710938 0.941406
0 0.933594 0.933594 0.949219 0.941406 0.953125 0.941406 0.964186 0.949334 0.963258 0.971342 0.929688 0.996094 0.925781 1.000000 0.917969 1.000000 0.917969 1.000000 0.910156 1.000000 0.910156 1.000000 0.906250 1.000000 0.906250 0.964844 0.906250 0.960938 0.933594 0.933594
0 0.847656 0.421875 0.882812 0.433594 0.886719 0.433594 0.925781 0.468750 0.925781 0.472656 0.917969 0.480469 0.914062 0.484375 0.902344 0.484375 0.898438 0.488281 0.832031 0.488281 0.828125 0.488281 0.820312 0.464844 0.820312 0.460938 0.839844 0.429688 0.839844 0.425781 0.847656 0.421875
0 0.914062 0.414062 0.929688 0.414062 0.933594 0.414062 0.949219 0.421875 0.953125 0.421875 0.964844 0.429688 0.968750 0.429688 0.968750 0.441406 0.968750 0.445312 0.937500 0.460938 0.933594 0.464844 0.917969 0.457031 0.914062 0.457031 0.898438 0.441406 0.894531 0.437500 0.894531 0.433594 0.894531 0.429688 0.914062 0.414062
0 0.906250 0.250000 0.914062 0.250000 0.917969 0.250000 0.921875 0.265625 0.925781 0.269531 0.914062 0.316406 0.914062 0.320312 0.902344 0.332031 0.898438 0.335938 0.875000 0.277344 0.871094 0.273438 0.875000 0.265625 0.878906 0.261719 0.906250 0.250000
0 0.972656 0.207031 0.996094 0.210938 1.000000 0.214844 1.000000 0.242188 1.000000 0.246094 0.992188 0.265625 0.988281 0.269531 0.968750 0.269531 0.964844 0.269531 0.953125 0.261719 0.949219 0.257812 0.953125 0.230469 0.953125 0.226562 0.972656 0.207031
0 0.160156 0.882812 0.167969 0.882812 0.171875 0.882812 0.175781 0.890625 0.179688 0.894531 0.183594 0.929688 0.187500 0.933594 0.175781 0.953125 0.171875 0.957031 0.148438 0.957031 0.144531 0.957031 0.136719 0.933594 0.136719 0.929688 0.152344 0.917969 0.156250 0.914062 0.160156 0.882812
0 0.194754 0.000000 0.191406 0.023438 0.191406 0.027344 0.175781 0.019531 0.171875 0.019531 0.160156 0.003906 0.156250 0.000000 0.156250 0.000000
0 0.121094 0.593750 0.140625 0.593750 0.144531 0.593750 0.152344 0.601562 0.156250 0.605469 0.156250 0.617188 0.156250 0.621094 0.140625 0.636719 0.136719 0.640625 0.093750 0.625000 0.089844 0.621094 0.093750 0.601562 0.097656 0.597656 0.121094 0.593750
0 0.281250 0.765625 0.320312 0.769531 0.324219 0.769531 0.328125 0.781250 0.328125 0.785156 0.320312 0.800781 0.320312 0.804688 0.308594 0.808594 0.304688 0.812500 0.281250 0.808594 0.277344 0.808594 0.269531 0.781250 0.269531 0.777344 0.281250 0.765625
0 0.113281 0.843750 0.152344 0.855469 0.156250 0.855469 0.160156 0.859375 0.164062 0.863281 0.164062 0.875000 0.164062 0.878906 0.125000 0.917969 0.121094 0.921875 0.093750 0.921875 0.089844 0.921875 0.085938 0.917969 0.101562 0.898438 0.105469 0.894531 0.105469 0.855469 0.105469 0.851562 0.113281 0.843750
0 0.367188 0.074219 0.390625 0.089844 0.394531 0.093750 0.425781 0.148438 0.429688 0.152344 0.425781 0.164062 0.421875 0.167969 0.390625 0.167969 0.386719 0.167969 0.320312 0.128906 0.316406 0.125000 0.316406 0.105469 0.316406 0.101562 0.367188 0.074219
0 0.000000 1.000000 0.000000 0.941406 0.000000 0.941406 0.011719 0.957031 0.015625 0.960938 0.015625 0.984375 0.015625 0.988281 0.012277 1.000000
0 0.144531 0.140625 0.160156 0.140625 0.164062 0.140625 0.214844 0.156250 0.218750 0.156250 0.210938 0.183594 0.210938 0.187500 0.179688 0.203125 0.175781 0.203125 0.167969 0.222656 0.167969 0.226562 0.160156 0.230469 0.156250 0.234375 0.101562 0.234375 0.097656 0.234375 0.085938 0.214844 0.082031 0.210938 0.082031 0.191406 0.082031 0.187500 0.113281 0.171875 0.117188 0.171875 0.144531 0.140625
0 0.070312 0.191406 0.074219 0.191406 0.078125 0.191406 0.097656 0.230469 0.097656 0.234375 0.062500 0.253906 0.058594 0.257812 0.042969 0.253906 0.039062 0.253906 0.031250 0.242188 0.027344 0.238281 0.031250 0.214844 0.031250 0.210938 0.070312 0.191406
0 0.015625 0.332031 0.035156 0.335938 0.039062 0.335938 0.058594 0.351562 0.062500 0.355469 0.062500 0.363281 0.066406 0.367188 0.023438 0.375000 0.019531 0.375000 0.011719 0.359375 0.007812 0.355469 0.007812 0.343750 0.007812 0.339844 0.015625 0.332031
0 0.000000 0.525691 0.000892 0.524800 0.003336 0.512581 0.015554 0.500363 0.017998 0.500363 0.021663 0.490588 0.026551 0.485701 0.027772 0.480813 0.035104 0.474704 0.036325 0.471039 0.038769 0.471039 0.042434 0.466151 0.044878 0.466151 0.046100 0.461264 0.060762 0.453933 0.072980 0.444158 0.072980 0.441714 0.075424 0.440493 0.075424 0.430718 0.077868 0.420943 0.076646 0.418499 0.071759 0.417277 0.057096 0.417277 0.052209 0.424609 0.052209 0.431939 0.042434 0.431939 0.035104 0.439271 0.021663 0.442936 0.017998 0.446602 0.013110 0.446602 0.000892 0.452711 0.000000 0.455386
0 0.004557 0.438049 0.015554 0.427052 0.020441 0.427052 0.026551 0.420943 0.035104 0.419721 0.047322 0.414834 0.050988 0.407503 0.055875 0.406281 0.065650 0.397728 0.070537 0.397728 0.077868 0.392841 0.071759 0.387953 0.070537 0.383066 0.068093 0.383066 0.065650 0.378179 0.058318 0.372069 0.031438 0.373291 0.031438 0.375735 0.016776 0.390397 0.014332 0.397728 0.011889 0.397728 0.004557 0.407503 0.002114 0.407503 0.002114 0.409946 0.000000 0.411267 0.000000 0.447119 0.002114 0.447823
0 0.075424 0.314643 0.092530 0.324418 0.096196 0.329305 0.098639 0.329305 0.101083 0.334192 0.116967 0.341523 0.124298 0.342745 0.131629 0.334192 0.134073 0.329305 0.134073 0.320752 0.140182 0.307312 0.143848 0.304868 0.143848 0.288984 0.140182 0.287762 0.127964 0.287762 0.115745 0.293871 0.108414 0.295093 0.093752 0.295093 0.086421 0.299980 0.075424 0.303646
0 0.484375 0.000000 0.484375 0.054688 0.484375 0.058594 0.472656 0.082031 0.468750 0.085938 0.437500 0.105469 0.433594 0.105469 0.414062 0.125000 0.410156 0.125000 0.406250 0.101562 0.402344 0.097656 0.406250 0.062500 0.406250 0.058594 0.398438 0.039062 0.398438 0.035156 0.402344 0.027344 0.402344 0.023438 0.410156 0.019531 0.414062 0.019531 0.430339 0.000000
0 0.644531 0.250000 0.664062 0.253906 0.667969 0.253906 0.695312 0.281250 0.699219 0.285156 0.699219 0.316406 0.695312 0.320312 0.636719 0.324219 0.632812 0.324219 0.593750 0.335938 0.589844 0.339844 0.535156 0.339844 0.531250 0.339844 0.507812 0.332031 0.503906 0.328125 0.527344 0.289062 0.531250 0.285156 0.578125 0.273438 0.582031 0.273438 0.601562 0.261719 0.605469 0.257812 0.644531 0.250000
0 0.714844 0.257812 0.742188 0.257812 0.746094 0.257812 0.761719 0.273438 0.765625 0.277344 0.750000 0.359375 0.750000 0.363281 0.726562 0.390625 0.722656 0.394531 0.710938 0.390625 0.707031 0.390625 0.703125 0.378906 0.699219 0.375000 0.703125 0.320312 0.703125 0.316406 0.695312 0.273438 0.695312 0.269531 0.714844 0.257812
0 0.753906 0.359375 0.773438 0.363281 0.777344 0.363281 0.808594 0.386719 0.812500 0.390625 0.800781 0.406250 0.796875 0.410156 0.765625 0.429688 0.761719 0.433594 0.718750 0.449219 0.714844 0.453125 0.707031 0.449219 0.703125 0.449219 0.703125 0.402344 0.703125 0.398438 0.730469 0.382812 0.734375 0.382812 0.753906 0.359375
0 0.816406 0.570312 0.832031 0.570312 0.835938 0.570312 0.871094 0.621094 0.871094 0.625000 0.882812 0.636719 0.886719 0.640625 0.898438 0.640625 0.902344 0.644531 1.000000 0.640775 1.000000 0.767578 0.996094 0.722656 0.996094 0.718750 0.980469 0.710938 0.976562 0.707031 0.933594 0.718750 0.929688 0.722656 0.898438 0.718750 0.894531 0.718750 0.820312 0.648438 0.816406 0.644531 0.800781 0.593750 0.796875 0.589844 0.796875 0.585938 0.796875 0.582031 0.816406 0.570312
0 0.460938 0.261719 0.476562 0.261719 0.480469 0.261719 0.488281 0.269531 0.492188 0.273438 0.507812 0.312500 0.511719 0.316406 0.507812 0.328125 0.507812 0.332031 0.464844 0.332031 0.460938 0.328125 0.457031 0.300781 0.453125 0.296875 0.453125 0.273438 0.453125 0.269531 0.460938 0.261719
0 0.437500 0.156250 0.476562 0.167969 0.480469 0.171875 0.472656 0.183594 0.468750 0.187500 0.480469 0.222656 0.484375 0.226562 0.480469 0.257812 0.480469 0.261719 0.453125 0.261719 0.449219 0.261719 0.429688 0.242188 0.425781 0.238281 0.425781 0.175781 0.425781 0.171875 0.437500 0.156250
0 0.656250 0.140625 0.664062 0.144531 0.667969 0.148438 0.671875 0.171875 0.671875 0.175781 0.695312 0.195312 0.699219 0.199219 0.687500 0.230469 0.683594 0.234375 0.667969 0.230469 0.664062 0.230469 0.644531 0.195312 0.640625 0.191406 0.625000 0.195312 0.621094 0.195312 0.605469 0.179688 0.601562 0.175781 0.601562 0.160156 0.605469 0.156250 0.636719 0.152344 0.640625 0.152344 0.656250 0.140625
0 0.828125 0.292969 0.832031 0.292969 0.835938 0.292969 0.839844 0.308594 0.843750 0.312500 0.839844 0.332031 0.839844 0.335938 0.808594 0.363281 0.804688 0.367188 0.789062 0.367188 0.785156 0.367188 0.785156 0.351562 0.785156 0.347656 0.808594 0.328125 0.812500 0.324219 0.812500 0.316406 0.812500 0.312500 0.828125 0.292969
0 0.091508 0.804407 0.086308 0.802096 0.080530 0.800941 0.072441 0.796318 0.067241 0.795741 0.064353 0.794007 0.062041 0.793430 0.059153 0.793430 0.058575 0.790541 0.064353 0.783030 0.068397 0.776096 0.070130 0.774941 0.071286 0.773207 0.074753 0.762807 0.077064 0.762229 0.084575 0.762229 0.088620 0.763963 0.095553 0.770318 0.105953 0.784763 0.106531 0.787074 0.103642 0.790541 0.100175 0.796896 0.096130 0.802096
0 0.394266 0.926320 0.386177 0.925741 0.382710 0.924008 0.376355 0.922275 0.371732 0.922853 0.373466 0.925164 0.377510 0.927475 0.377510 0.940764 0.375199 0.943075 0.368844 0.946542 0.362488 0.951742 0.357866 0.954053 0.354977 0.954053 0.352666 0.955209 0.348043 0.951164 0.344577 0.945964 0.340532 0.937297 0.338799 0.926897 0.338799 0.908408 0.339377 0.906097 0.342266 0.902052 0.343999 0.900319 0.347466 0.899164 0.350355 0.896852 0.353243 0.892808 0.357288 0.889919 0.362488 0.882986 0.364221 0.881830 0.367688 0.876630 0.372888 0.874319 0.387332 0.870275 0.394266 0.866808 0.397155 0.863341 0.397155 0.854096 0.400044 0.850052 0.402933 0.849474 0.411021 0.855830 0.413333 0.862763 0.413333 0.900897 0.415066 0.907830 0.416800 0.909564 0.417377 0.914764 0.418533 0.917075 0.418533 0.921697 0.416800 0.924008 0.411599 0.925741 0.406977 0.929208 0.404088 0.929786 0.397733 0.929786
0 0.032814 0.176303 0.026596 0.175681 0.023487 0.174437 0.014782 0.173194 0.009186 0.169463 0.000481 0.166354 0.000000 0.166066 0.000000 0.145096 0.003590 0.142104 0.009808 0.140239 0.014782 0.137752 0.020378 0.137752 0.024109 0.136508 0.035923 0.136508 0.044006 0.140239 0.045250 0.142104 0.045250 0.145213 0.043384 0.150188 0.043384 0.153296 0.040897 0.165111 0.037788 0.171950
0 0.618610 0.878753 0.627029 0.870335 0.627029 0.846132 0.629133 0.837714 0.648074 0.817720 0.657545 0.813511 0.663859 0.808249 0.663859 0.805092 0.657545 0.800883 0.657545 0.792464 0.660702 0.788255 0.667016 0.781942 0.682800 0.781942 0.693323 0.784046 0.698585 0.789308 0.702794 0.811406 0.702794 0.826138 0.697532 0.831400 0.681748 0.839818 0.667016 0.853498 0.661754 0.859812 0.657545 0.879805 0.648074 0.886119 0.628081 0.894538 0.620714 0.894538 0.616505 0.893486 0.615453 0.891381 0.614401 0.871387
0 0.226102 0.583057 0.265038 0.585162 0.266089 0.556750 0.221893 0.559906
0 0.199795 0.617783 0.214527 0.596737 0.216632 0.596737 0.212422 0.588318 0.212422 0.576743 0.215579 0.571482 0.219788 0.551488 0.223998 0.542017 0.228207 0.538861 0.235573 0.537808 0.241887 0.543070 0.257671 0.547279 0.275560 0.547279 0.275560 0.573586 0.277665 0.575691 0.277665 0.585162 0.276613 0.589371 0.262933 0.605155 0.240834 0.616730 0.206109 0.624097
0 0.288188 0.579900 0.302920 0.580952 0.312391 0.577796 0.320809 0.570429 0.320809 0.568325 0.297659 0.560959 0.287136 0.554645 0.282927 0.548331 0.278717 0.547279 0.279770 0.577796 0.296606 0.578848
0 0.075623 0.170555 0.074571 0.157928 0.076676 0.150562 0.091408 0.149509 0.099826 0.146353 0.141918 0.145300 0.141918 0.147405 0.137709 0.149509 0.130343 0.165294 0.119820 0.174765 0.112454 0.174765 0.110349 0.176870 0.079832 0.177921
0 0.024061 0.120045 0.023008 0.105313 0.026165 0.088476 0.028270 0.086371 0.044054 0.086371 0.065100 0.096895 0.068257 0.096895 0.076676 0.107418 0.080885 0.107418 0.084042 0.105313 0.084042 0.098999 0.092460 0.091633 0.096670 0.090581 0.102983 0.085319 0.109297 0.085319 0.114559 0.091633 0.120872 0.109522 0.120872 0.120045 0.113506 0.132673 0.110349 0.134777 0.090355 0.166346 0.061943 0.170555 0.055630 0.169503 0.038793 0.161085 0.021956 0.142143 0.018799 0.135830 0.018799 0.128464
0 0.208213 0.010606 0.217684 0.005345 0.236390 0.000000 0.200915 0.000000 0.201899 0.001135
0 0.499700 0.660927 0.500752 0.640934 0.502857 0.639881 0.503909 0.635672 0.518641 0.629358 0.580727 0.651457 0.587041 0.671450 0.571257 0.698810 0.569152 0.699862
0 0.842385 0.061893 0.846738 0.057541 0.849225 0.053810 0.850468 0.051323 0.852334 0.044483 0.857308 0.042618 0.860417 0.040753 0.864770 0.040131 0.867257 0.038887 0.867879 0.032048 0.869744 0.030182 0.867879 0.014016 0.863526 0.013394 0.851712 0.013394 0.842385 0.015259 0.839898 0.016503 0.836789 0.017125 0.835545 0.018990 0.833680 0.020234 0.829327 0.035778 0.829327 0.051945 0.836167 0.055054 0.838032 0.059406 0.839898 0.066246 0.844250 0.068111
0 0.613281 0.152344 0.632812 0.152344 0.636719 0.156250 0.644531 0.191406 0.640625 0.195312 0.609375 0.191406 0.605469 0.187500 0.601562 0.164062 0.597656 0.160156 0.613281 0.152344
0 0.307286 0.561036 0.314341 0.550454 0.314341 0.537225 0.307286 0.528407 0.308167 0.520470 0.321395 0.510769 0.326687 0.504596 0.333742 0.502832 0.346088 0.494014 0.357552 0.483431 0.364607 0.472849 0.384891 0.459621 0.393709 0.456975 0.418402 0.439338 0.431630 0.432282 0.436921 0.432282 0.508353 0.400535 0.522463 0.402299 0.522463 0.422582 0.515408 0.434046 0.511880 0.436692 0.511880 0.441983 0.506589 0.446393 0.497771 0.449038 0.484543 0.463148 0.481897 0.469321 0.473960 0.476376 0.460732 0.483431 0.453677 0.484313 0.441330 0.491368 0.435157 0.504596 0.429866 0.509888 0.423693 0.514297 0.411347 0.518706 0.408701 0.522234 0.402528 0.523116 0.383127 0.544280 0.370780 0.550454 0.354907 0.553099 0.346970 0.562800 0.339033 0.568973 0.337269 0.573382 0.326687 0.576910 0.320514 0.576910 0.314341 0.571619 0.305522 0.570737 0.305522 0.568091 0.302876 0.568091
0 0.000000 0.718750 0.000000 0.718750 0.003906 0.718750 0.039062 0.750000 0.042969 0.750000 0.050781 0.761719 0.054688 0.765625 0.054688 0.777344 0.054688 0.781250 0.000000 0.777344 0.000000 0.777344
0 0.070312 0.386719 0.089844 0.386719 0.093750 0.386719 0.097656 0.390625 0.101562 0.394531 0.109375 0.425781 0.109375 0.429688 0.132812 0.449219 0.136719 0.453125 0.132812 0.492188 0.132812 0.496094 0.125000 0.503906 0.121094 0.507812 0.105469 0.507812 0.101562 0.507812 0.070312 0.460938 0.066406 0.457031 0.070312 0.386719
0 0.324219 0.675781 0.363281 0.675781 0.367188 0.679688 0.351562 0.726562 0.351562 0.730469 0.347656 0.734375 0.347656 0.738281 0.339844 0.738281 0.335938 0.742188 0.320312 0.738281 0.316406 0.738281 0.312500 0.726562 0.308594 0.722656 0.308594 0.699219 0.308594 0.695312 0.312500 0.687500 0.312500 0.683594 0.324219 0.675781
0 0.324219 0.261719 0.359375 0.273438 0.363281 0.273438 0.375000 0.289062 0.375000 0.292969 0.355469 0.312500 0.351562 0.316406 0.316406 0.328125 0.312500 0.328125 0.285156 0.300781 0.281250 0.296875 0.281250 0.289062 0.281250 0.285156 0.324219 0.261719
0 0.304688 0.238281 0.312500 0.238281 0.316406 0.238281 0.320312 0.253906 0.320312 0.257812 0.289062 0.285156 0.285156 0.289062 0.257812 0.289062 0.253906 0.289062 0.242188 0.277344 0.238281 0.277344 0.250000 0.265625 0.253906 0.261719 0.304688 0.238281
0 0.160156 0.673112 0.175781 0.660156 0.179688 0.660156 0.187500 0.671875 0.191406 0.675781 0.180610 0.679170 0.172693 0.695312 0.158217 0.692434 0.152036 0.688115 0.149570 0.687395 0.140625 0.679688 0.147103 0.679380 0.163035 0.665195
0 0.214844 0.753906 0.234375 0.761719 0.238281 0.765625 0.238281 0.773438 0.238281 0.777344 0.222656 0.785156 0.218750 0.789062 0.203125 0.785156 0.199219 0.781250 0.214844 0.753906
0 0.988281 0.886719 0.996094 0.886719 1.000000 0.886719 1.000000 0.886719 1.000000 0.929688 1.000000 0.929688 0.988281 0.921875 0.984375 0.917969 0.980469 0.898438 0.980469 0.894531 0.988281 0.886719
0 0.973120 0.711866 0.984839 0.715772 0.988745 0.715772 1.000000 0.713651 1.000000 0.875681 0.894995 0.961866 0.867418 0.996676 0.864342 1.000000 0.783807 1.000000 0.762183 0.942334 0.758277 0.938428 0.762183 0.825147 0.762183 0.821241 0.766089 0.813428 0.769995 0.809522 0.797339 0.797803 0.801245 0.793897 0.836402 0.735303 0.840308 0.731397 0.926245 0.727491 0.930152 0.727491 0.973120 0.711866
0 0.492461 0.620519 0.486263 0.622843 0.483938 0.625168 0.476964 0.627492 0.463017 0.627492 0.462243 0.632141 0.460693 0.635241 0.460693 0.642989 0.459143 0.644539 0.451395 0.643764 0.445196 0.639890 0.440547 0.635241 0.440547 0.625943 0.434348 0.621293 0.431249 0.618194 0.430474 0.615870 0.428150 0.613545 0.428150 0.608121 0.429699 0.598048 0.433573 0.592624 0.442871 0.592624 0.448295 0.591075 0.452945 0.591075 0.455269 0.590300 0.457593 0.591850 0.459918 0.591850 0.466117 0.596498 0.467666 0.598048 0.468441 0.600373 0.470766 0.601922 0.472316 0.604247 0.474640 0.604247 0.477739 0.607346 0.493236 0.608121 0.495561 0.608896 0.497111 0.610446 0.501759 0.610446 0.502534 0.615870 0.500985 0.617419 0.498660 0.617419
0 0.252623 0.531246 0.252623 0.520337 0.251532 0.518155 0.249895 0.517064 0.244986 0.516518 0.241713 0.514337 0.241168 0.512155 0.249350 0.507245 0.253168 0.499063 0.256987 0.497427 0.263532 0.497427 0.265714 0.495790 0.270624 0.489790 0.273897 0.491972 0.275533 0.494154 0.279897 0.503427 0.279897 0.509973 0.279352 0.512155 0.277170 0.515428 0.277170 0.517609 0.275533 0.520882 0.275533 0.542156 0.272806 0.542702 0.264078 0.542702 0.262441 0.543793 0.252623 0.543793 0.250986 0.542702 0.250986 0.536156
0 0.476020 0.408383 0.460307 0.408383 0.458811 0.406887 0.458062 0.402397 0.460307 0.402397 0.462552 0.400901 0.466293 0.397159 0.467041 0.394914 0.462552 0.394914 0.462552 0.390425 0.464796 0.388180 0.476020 0.388180 0.478265 0.389677 0.479762 0.392670 0.479762 0.394914 0.483503 0.400152 0.483503 0.406887
0 0.235829 0.356005 0.229843 0.356753 0.227598 0.358250 0.224605 0.361991 0.223856 0.364236 0.219367 0.364236 0.215625 0.361243 0.213381 0.360495 0.211136 0.358250 0.206646 0.357502 0.205898 0.355257 0.208143 0.353760 0.210387 0.348522 0.211136 0.343284 0.211136 0.334305 0.213381 0.334305 0.214877 0.335802 0.219367 0.335802 0.226849 0.330564 0.234332 0.330564 0.236577 0.331313 0.238821 0.333557 0.238821 0.350019
0 0.510440 0.387432 0.503706 0.387432 0.501461 0.386684 0.500713 0.384439 0.497720 0.381446 0.493230 0.381446 0.490238 0.379949 0.488741 0.377705 0.486496 0.370222 0.487244 0.367977 0.489489 0.366480 0.491734 0.366480 0.493230 0.364984 0.495475 0.364236 0.496223 0.361991 0.498468 0.361991 0.499965 0.363488 0.502209 0.363488 0.504454 0.364984 0.508944 0.366480 0.511189 0.366480 0.511189 0.380698
0 0.445342 0.561029 0.432621 0.552049 0.430377 0.551301 0.418404 0.551301 0.416908 0.549805 0.412418 0.548308 0.410921 0.546812 0.408677 0.546812 0.406432 0.545315 0.396705 0.534091 0.386977 0.525860 0.383984 0.524364 0.381739 0.522119 0.378746 0.521371 0.376502 0.519126 0.374257 0.519126 0.372760 0.517629 0.367523 0.515385 0.363781 0.513140 0.361536 0.510895 0.359292 0.510147 0.357047 0.507154 0.352557 0.503413 0.348068 0.495930 0.342830 0.491440 0.337592 0.489944 0.334599 0.489944 0.330109 0.488447 0.328613 0.486951 0.327865 0.483958 0.327865 0.478720 0.330109 0.477223 0.330109 0.474979 0.332354 0.474230 0.338340 0.479468 0.345823 0.483209 0.352557 0.483958 0.354802 0.485454 0.366774 0.485454 0.369019 0.486202 0.371264 0.487699 0.374257 0.491440 0.377998 0.494433 0.380243 0.498923 0.387725 0.505657 0.391467 0.510147 0.393712 0.510895 0.395957 0.513140 0.401194 0.514636 0.403439 0.516133 0.405684 0.516133 0.408677 0.517629 0.415411 0.519126 0.419901 0.519126 0.422146 0.520622 0.424390 0.520622 0.430377 0.525112 0.434118 0.531098 0.440104 0.537084 0.441600 0.539329 0.444593 0.540825 0.451328 0.541574 0.456566 0.543070 0.461055 0.543070 0.468538 0.545315 0.470782 0.546812 0.477517 0.549056 0.480510 0.549056 0.482007 0.553546 0.485000 0.557287 0.487244 0.558784 0.491734 0.560280 0.491734 0.564770 0.488741 0.567763 0.478265 0.569259 0.461804 0.569259 0.459559 0.570008 0.459559 0.572252 0.457314 0.573749 0.457314 0.575994 0.455069 0.581980 0.443845 0.582728 0.440104 0.578987 0.437859 0.578239 0.436362 0.576742 0.436362 0.571504 0.437111 0.569259 0.439355 0.568511 0.440852 0.567014
0 0.446090 0.525112 0.449831 0.519874 0.451328 0.521371 0.460307 0.525112 0.460307 0.529602 0.462552 0.529602 0.464048 0.528105 0.466293 0.527357 0.470782 0.522119 0.475272 0.513888 0.478265 0.510147 0.478265 0.514636 0.479762 0.516133 0.485748 0.516881 0.494727 0.516881 0.497720 0.513888 0.502958 0.510147 0.505203 0.510147 0.505203 0.513140 0.507447 0.514636 0.509692 0.519126 0.520916 0.519126 0.522413 0.520622 0.520168 0.525112 0.514930 0.529602 0.508944 0.541574 0.502958 0.546812 0.501461 0.549056 0.495475 0.553546 0.490986 0.555043 0.479762 0.555043 0.478265 0.552798 0.472279 0.550553 0.468538 0.546812 0.464048 0.545315 0.452824 0.545315 0.451328 0.543818 0.448335 0.538581 0.447586 0.534091 0.446090 0.532595
0 0.153179 0.656973 0.145262 0.658412 0.140943 0.659852 0.133745 0.659852 0.132306 0.658412 0.130866 0.655534 0.130147 0.649775 0.120790 0.641858 0.120790 0.638979 0.123669 0.637539 0.132306 0.636100 0.143822 0.636100 0.145981 0.635380 0.151020 0.635380 0.153179 0.636100 0.155338 0.638259 0.157497 0.638979 0.158217 0.641138 0.158217 0.652654
