0 0.942708 0.731648 0.949884 0.730396 0.955750 0.733050 0.955750 0.737907 0.949279 0.741264 0.945814 0.746439 0.942423 0.741588 0.940405 0.739355 0.940870 0.736898 0.942578 0.733818
0 0.970995 0.980679 0.971152 0.980534 0.970049 0.978623 0.970845 0.977007 0.971131 0.975159 0.973905 0.971994 0.976588 0.971798 0.980918 0.972316 0.981887 0.972576 0.985912 0.976491 0.988812 0.977770 0.997470 0.980656 0.997535 0.988985 1.000000 0.989492 1.000000 1.000000 0.990218 1.000000 0.987967 0.994127 0.982825 0.989490 0.979152 0.987548 0.975534 0.983930 0.972443 0.983393
0 0.990682 0.967795 1.000000 0.962178 1.000000 0.970918 0.996146 0.972374 0.991068 0.973651
0 0.953248 0.966018 0.955099 0.972896 0.951512 0.972891 0.949218 0.974136 0.946162 0.974112 0.942469 0.978366 0.940062 0.978237 0.933630 0.977592 0.931728 0.976773 0.930430 0.974009 0.932927 0.966225 0.936026 0.964504 0.938045 0.963881 0.943905 0.961198 0.948638 0.961202
0 0.981587 0.939155 0.988063 0.936466 0.990486 0.937370 0.986531 0.934044 0.985732 0.924733 0.993967 0.924489 0.998770 0.923561 1.000000 0.923045 1.000000 0.946306 0.999405 0.946906 0.998343 0.948400 0.991078 0.948731 0.984107 0.941877
0 0.942720 0.865570 0.950143 0.868762 0.950857 0.871048 0.950846 0.871824 0.951295 0.873815 0.951975 0.878116 0.950613 0.882289 0.945071 0.882641 0.942373 0.882812 0.938379 0.878434 0.929234 0.876478 0.930334 0.871327 0.934381 0.870943 0.936475 0.869896 0.940257 0.866525
0 0.845017 0.937149 0.846946 0.929934 0.850067 0.925965 0.852748 0.924057 0.855559 0.921247 0.858163 0.920190 0.859538 0.919179 0.860460 0.919096 0.869357 0.920552 0.866547 0.929348 0.860918 0.935423 0.857779 0.938812 0.851344 0.938668 0.848484 0.938880 0.846906 0.938718
0 0.660541 0.987948 0.661330 0.985105 0.662779 0.978833 0.669629 0.978833 0.672267 0.982228 0.673891 0.983498 0.681096 0.986809 0.681885 0.991723 0.678172 0.993644 0.676110 0.995256 0.674703 0.994838 0.664966 0.993738 0.662779 0.993760 0.660735 0.991716
0 0.691561 0.921631 0.698279 0.926098 0.703819 0.928432 0.707404 0.929502 0.707336 0.932907 0.706375 0.939241 0.703491 0.940101 0.693163 0.941034 0.689743 0.938599 0.686650 0.939895 0.682463 0.937911 0.680718 0.934855 0.681229 0.924270 0.682915 0.922263 0.688119 0.921568 0.692105 0.930914
0 0.702728 0.877188 0.706850 0.876958 0.715104 0.876942 0.717855 0.876727 0.723975 0.876682 0.728837 0.877168 0.730245 0.872089 0.734015 0.864559 0.736696 0.865046 0.745022 0.866121 0.745243 0.870832 0.747834 0.875050 0.747430 0.877902 0.741871 0.880877 0.739374 0.882653 0.735098 0.888443 0.728141 0.887547 0.718296 0.887547 0.715645 0.888406 0.706936 0.889062 0.699082 0.890095 0.698451 0.882439 0.699408 0.879211
0 0.856439 0.863214 0.849031 0.860513 0.851708 0.856132 0.857718 0.854767 0.864039 0.855004 0.866360 0.854226 0.871708 0.854295 0.876370 0.853511 0.882823 0.856665 0.881162 0.863107 0.878296 0.865645 0.876208 0.871367 0.870836 0.872855 0.864844 0.867624 0.860067 0.864860
0 0.892263 0.865746 0.882008 0.868727 0.884674 0.864295 0.887211 0.857170 0.887102 0.851042 0.884651 0.847229 0.883988 0.842091 0.888701 0.835789 0.895450 0.835416 0.898544 0.834494 0.907895 0.829891 0.914627 0.828356 0.922323 0.828688 0.923443 0.834704 0.918233 0.840434 0.914139 0.840699 0.911922 0.846039 0.920170 0.843330 0.921836 0.845902 0.921193 0.856869 0.913460 0.858197 0.910264 0.859670 0.901401 0.861642
0 0.943853 0.780035 0.949965 0.775580 0.958117 0.776166 0.970617 0.776061 0.977207 0.777533 0.982451 0.781952 0.988926 0.782221 0.988291 0.787056 1.000000 0.791147 1.000000 0.805781 0.996840 0.805636 0.987023 0.802030 0.976281 0.801482 0.971449 0.800948 0.969248 0.797185 0.960016 0.791078 0.953234 0.788982 0.947961 0.789139 0.941371 0.787276 0.941092 0.785193
0 0.923283 0.784459 0.925989 0.783820 0.930413 0.784987 0.932002 0.790212 0.933882 0.790800 0.939955 0.798053 0.935015 0.799231 0.933452 0.800250 0.930065 0.800580 0.926502 0.802658 0.923228 0.802834 0.920757 0.795740 0.918016 0.793746 0.917685 0.790357 0.922026 0.786354
0 0.883217 0.736011 0.884022 0.730970 0.890341 0.728993 0.897373 0.724409 0.904359 0.721077 0.911488 0.728700 0.913891 0.736866 0.909384 0.741727 0.907091 0.747246 0.902710 0.748676 0.898934 0.748400 0.892832 0.742848 0.891539 0.739929 0.889040 0.739606 0.884961 0.737726
0 0.792771 0.764430 0.796763 0.757211 0.800191 0.760018 0.801630 0.764360 0.803385 0.764191 0.807766 0.766868 0.804962 0.774475 0.801812 0.775428 0.799522 0.779916 0.792120 0.784021 0.788511 0.785048 0.785652 0.781500 0.786432 0.780909 0.790082 0.773976 0.790500 0.770222
0 0.974723 0.627236 0.980614 0.625170 0.984232 0.625236 0.991520 0.622498 0.995524 0.621784 1.000000 0.619662 1.000000 0.644341 0.998571 0.645456 0.995672 0.646202 0.995169 0.649288 0.992972 0.651485 0.985707 0.654400 0.978873 0.653208 0.978831 0.653015 0.976516 0.651444 0.976516 0.647249 0.977236 0.645523 0.975204 0.642993 0.968017 0.642106 0.962844 0.640897 0.962596 0.637628 0.962153 0.635870 0.963873 0.631376 0.964836 0.630022 0.969359 0.629796 0.970176 0.629586
0 0.762881 0.615227 0.778837 0.613280 0.781877 0.604469 0.788711 0.605682 0.792954 0.616057 0.790726 0.619361 0.787529 0.619648 0.782864 0.621992 0.779307 0.627857 0.774225 0.632138 0.770941 0.633184 0.759871 0.634313 0.752963 0.632080 0.755923 0.624075 0.755271 0.619533
0 0.959670 0.686637 0.967096 0.680606 0.969476 0.682986 0.976393 0.682762 0.977250 0.681156 0.984839 0.678462 0.987531 0.684245 0.986719 0.690741 0.983377 0.703274 0.983471 0.706171 0.980901 0.710622 0.966573 0.703056 0.965511 0.697142 0.963839 0.691390 0.961024 0.689424
0 0.650387 0.808593 0.655555 0.810096 0.662761 0.812384 0.659005 0.819599 0.657610 0.821246 0.657962 0.832048 0.642335 0.835850 0.632072 0.836192 0.627670 0.832036 0.626299 0.827674 0.621488 0.824822 0.623098 0.821123 0.627825 0.811231 0.642787 0.810544 0.645303 0.809483
0 0.693321 0.698878 0.697674 0.697303 0.707338 0.699545 0.714003 0.703000 0.718878 0.708351 0.725398 0.711072 0.726871 0.720968 0.722198 0.721965 0.720268 0.717368 0.712802 0.717285 0.714051 0.722392 0.707892 0.723755 0.695782 0.714542 0.690338 0.712896 0.687599 0.703936
0 0.731779 0.694141 0.737076 0.694438 0.739584 0.698456 0.741561 0.699842 0.750231 0.703981 0.753110 0.705098 0.762056 0.704459 0.767741 0.703634 0.773195 0.704384 0.776145 0.706810 0.782671 0.713723 0.778589 0.715494 0.771693 0.715225 0.767374 0.716202 0.756968 0.723722 0.750686 0.726863 0.748209 0.727246 0.740808 0.729359 0.729830 0.716341 0.728975 0.707248 0.727957 0.703474 0.725764 0.697040 0.726580 0.696224
0 0.598592 0.680950 0.599178 0.685622 0.599608 0.689048 0.599881 0.691227 0.600311 0.694653 0.600897 0.699325 0.600116 0.702841 0.598584 0.703690 0.596600 0.706356 0.593638 0.705104 0.591231 0.704087 0.588902 0.699622 0.585123 0.693836 0.584085 0.684830 0.586593 0.683918 0.593123 0.682279 0.595856 0.681908
0 0.705836 0.631517 0.707243 0.626422 0.710979 0.624833 0.718570 0.624379 0.721904 0.624712 0.723406 0.627314 0.726531 0.629120 0.726819 0.625743 0.730348 0.617504 0.738655 0.618954 0.745460 0.621571 0.748010 0.625220 0.746560 0.633527 0.742696 0.639125 0.736489 0.644631 0.729232 0.651902 0.711570 0.651379 0.713664 0.644604 0.716997 0.643889 0.721102 0.641079 0.712809 0.635866 0.710000 0.635151 0.708098 0.633772
0 0.646968 0.700694 0.655088 0.695602 0.657774 0.693571 0.665368 0.693571 0.668532 0.693798 0.670809 0.697852 0.668637 0.702048 0.663750 0.702672 0.656384 0.706000 0.654359 0.709997 0.656700 0.710625 0.663607 0.714974 0.663607 0.719868 0.660432 0.722030 0.662754 0.724354 0.661936 0.726264 0.664742 0.728131 0.664252 0.728769 0.663621 0.730463 0.662730 0.730748 0.661391 0.732491 0.657812 0.734670 0.655830 0.733718 0.650952 0.732745 0.648706 0.730499 0.640634 0.725837 0.640862 0.718156 0.641487 0.714974 0.644273 0.707924 0.645152 0.704003
0 0.736826 0.806337 0.734956 0.797596 0.732572 0.790706 0.728402 0.783627 0.728739 0.774780 0.736008 0.768320 0.738421 0.768796 0.740485 0.779669 0.743207 0.782732 0.743845 0.786045 0.747009 0.788854 0.752509 0.798612 0.750533 0.810601 0.743607 0.812400 0.738747 0.812989
0 0.814701 0.399137 0.819894 0.393737 0.828263 0.393815 0.830283 0.393160 0.840596 0.393604 0.850771 0.397855 0.857985 0.397777 0.860854 0.399434 0.859489 0.404841 0.865105 0.423884 0.865438 0.427815 0.866368 0.427801 0.867529 0.433508 0.864220 0.434577 0.862122 0.434329 0.860395 0.432602 0.858997 0.432375 0.858485 0.431761 0.858090 0.431837 0.851469 0.429110 0.848751 0.429220 0.843698 0.427387 0.837860 0.426467 0.835397 0.425158 0.827472 0.423004 0.822797 0.418329 0.821797 0.414444 0.820488 0.412557 0.819123 0.407729 0.816026 0.402324
0 0.600135 0.576414 0.603180 0.569971 0.604485 0.565020 0.614284 0.565854 0.617845 0.568800 0.620554 0.570425 0.624841 0.570851 0.626732 0.583418 0.627885 0.588014 0.631880 0.593657 0.628832 0.603343 0.628215 0.606052 0.625116 0.611184 0.624672 0.610855 0.618415 0.610921 0.614282 0.608290 0.612678 0.605733 0.608322 0.601760 0.605771 0.597794 0.605424 0.595396 0.604007 0.592252 0.604007 0.584245 0.602230 0.582521
0 0.865220 0.545306 0.867142 0.546486 0.868461 0.547119 0.870700 0.547796 0.872582 0.548779 0.874108 0.549244 0.874606 0.549358 0.874698 0.549423 0.877204 0.550187 0.882079 0.550230 0.885102 0.552862 0.883981 0.556757 0.879398 0.558215 0.873044 0.561836 0.872963 0.561884 0.872404 0.562958 0.868561 0.563552 0.867567 0.563552 0.866845 0.567605 0.860595 0.567500 0.857130 0.566914 0.854356 0.564140 0.854148 0.563541 0.853331 0.563157 0.852313 0.562958 0.846411 0.558680 0.835989 0.555567 0.837696 0.549200 0.842934 0.549059 0.848147 0.547763 0.854860 0.542454 0.855958 0.540374 0.863708 0.542366 0.864880 0.544320 0.864894 0.545185
0 0.244704 0.187882 0.235300 0.186092 0.235286 0.185953 0.234205 0.185597 0.232693 0.182874 0.232994 0.175893 0.234556 0.173550 0.240064 0.169213 0.242307 0.169213 0.242525 0.169436 0.243220 0.169197 0.250510 0.168432 0.251631 0.170374 0.251136 0.176233 0.250940 0.178526 0.245676 0.184031
0 0.316642 0.776196 0.325513 0.777203 0.329612 0.777855 0.332620 0.779593 0.332620 0.786101 0.321124 0.788446 0.317061 0.788398 0.316259 0.790949 0.313168 0.794646 0.309866 0.794056 0.303568 0.793373 0.303125 0.786702 0.305992 0.780805 0.308093 0.779310 0.310901 0.776502
0 0.106466 0.572213 0.113443 0.566725 0.114395 0.565033 0.117730 0.561685 0.124073 0.562355 0.125525 0.564043 0.127914 0.564486 0.128323 0.566414 0.129961 0.571562 0.123991 0.582066 0.119100 0.581862 0.113884 0.581936 0.109852 0.581253 0.105552 0.580107 0.105552 0.575256
0 0.015614 0.789224 0.016161 0.788034 0.015550 0.787913 0.014209 0.782805 0.015855 0.782805 0.020521 0.779903 0.021543 0.778126 0.024036 0.777637 0.034934 0.774466 0.035218 0.773607 0.037745 0.771862 0.046980 0.771328 0.050105 0.772500 0.051563 0.772786 0.053705 0.774348 0.055118 0.773997 0.055508 0.780536 0.051676 0.783384 0.048814 0.785500 0.048161 0.786705 0.044085 0.790113 0.040923 0.790602 0.035570 0.791304 0.032567 0.791449 0.026771 0.792209 0.017795 0.790900
0 0.423959 0.765922 0.418466 0.770771 0.414325 0.779154 0.412670 0.779598 0.411613 0.779549 0.407731 0.782688 0.404800 0.780968 0.404255 0.779213 0.402970 0.779154 0.400263 0.775841 0.396988 0.770688 0.397442 0.765603 0.398788 0.762058 0.401348 0.758918 0.406763 0.758564 0.414434 0.759255 0.418787 0.758257 0.422355 0.756204 0.421609 0.752527 0.423291 0.748480 0.429486 0.747043 0.439178 0.745157 0.440923 0.746512 0.441016 0.750901 0.443129 0.755166 0.443126 0.758505 0.443177 0.758961 0.443125 0.759557 0.443123 0.761985 0.440989 0.764610 0.438893 0.764791 0.438149 0.765590 0.434880 0.765838 0.427067 0.765838 0.424364 0.765825
0 0.437998 0.933885 0.446023 0.923882 0.448825 0.922417 0.451359 0.914513 0.454946 0.911352 0.457262 0.905027 0.465192 0.904514 0.475862 0.907099 0.476677 0.919720 0.475001 0.925558 0.469880 0.924266 0.462854 0.926124 0.461164 0.929641 0.454492 0.929610 0.452019 0.933868 0.451668 0.940207 0.444832 0.939171 0.445618 0.941781 0.444395 0.948415 0.435214 0.947079 0.433535 0.945793 0.431423 0.943689 0.431369 0.937468 0.432661 0.937939 0.433953 0.937468 0.437588 0.937627
0 0.330099 0.916817 0.336212 0.918272 0.337433 0.924968 0.339163 0.930406 0.338375 0.933503 0.329738 0.942698 0.329975 0.943682 0.328813 0.946956 0.321444 0.949069 0.319762 0.947387 0.319470 0.945372 0.318222 0.942550 0.316475 0.942427 0.309108 0.939349 0.312417 0.936037 0.314169 0.931345 0.314318 0.925572 0.304769 0.929527 0.299072 0.937024 0.291644 0.937468 0.288775 0.935811 0.288331 0.927807 0.289929 0.922111 0.292873 0.919166 0.303545 0.917863 0.307425 0.916662 0.308796 0.913161 0.318246 0.915314 0.318732 0.917052
0 0.111784 0.826554 0.112624 0.826676 0.112771 0.825046 0.115494 0.823535 0.121693 0.825398 0.122640 0.826691 0.125158 0.829683 0.123191 0.832862 0.123006 0.834301 0.124074 0.835240 0.119213 0.842964 0.117284 0.843634 0.116861 0.845275 0.115310 0.854209 0.108738 0.854465 0.105606 0.854432 0.099100 0.854686 0.092961 0.854209 0.094221 0.836645 0.098922 0.835723 0.109661 0.830976
0 0.000000 0.256706 0.006498 0.256966 0.007295 0.253916 0.015727 0.253030 0.020182 0.262275 0.019809 0.266419 0.015118 0.268639 0.014862 0.271838 0.014862 0.278511 0.012941 0.279881 0.005753 0.278232 0.003149 0.274021 0.000000 0.272777
0 0.819646 0.811014 0.821837 0.810186 0.823404 0.806680 0.824123 0.805739 0.820453 0.805507 0.820453 0.801225 0.834168 0.800336 0.836520 0.801252 0.839932 0.800923 0.842211 0.803856 0.842639 0.804252 0.844839 0.805473 0.855280 0.806492 0.858613 0.807525 0.868200 0.807354 0.874016 0.810111 0.886232 0.811991 0.887841 0.816070 0.887368 0.818527 0.881775 0.822112 0.878773 0.825118 0.873108 0.825108 0.868128 0.826031 0.857036 0.826027 0.849307 0.825317 0.847098 0.824241 0.837166 0.822378 0.835081 0.822395 0.828860 0.820074 0.823574 0.818639 0.820759 0.816971 0.820596 0.817650 0.816948 0.818598 0.812007 0.816789 0.812280 0.814044 0.818775 0.811517
0 0.848643 0.869889 0.849764 0.871831 0.847980 0.875704 0.846634 0.878628 0.845062 0.882041 0.844385 0.883890 0.838537 0.886964 0.838532 0.886964 0.838291 0.887241 0.831257 0.886746 0.829409 0.886460 0.826817 0.882697 0.821947 0.878608 0.822090 0.876120 0.823939 0.870467 0.828770 0.867980 0.830486 0.866907 0.831371 0.867070 0.832287 0.866855 0.839268 0.867546 0.840493 0.869199 0.841662 0.869303 0.847471 0.867546 0.848516 0.869885
0 0.793588 0.944234 0.801182 0.943941 0.801827 0.946672 0.803382 0.946887 0.804737 0.947850 0.804307 0.952085 0.803183 0.952417 0.803565 0.954035 0.800010 0.958371 0.789564 0.957981 0.785619 0.954426 0.784056 0.946324 0.784901 0.946139 0.784928 0.945846 0.791664 0.943762 0.793287 0.944300
0 0.776189 0.978316 0.780605 0.973399 0.783320 0.971740 0.784213 0.970247 0.787021 0.969532 0.793827 0.964821 0.797299 0.961871 0.805607 0.961086 0.810250 0.961871 0.813584 0.965205 0.815875 0.965666 0.817443 0.965177 0.819932 0.965425 0.820776 0.971572 0.822222 0.972849 0.820942 0.977119 0.820387 0.979950 0.815469 0.982762 0.813656 0.986148 0.810843 0.987699 0.800372 0.992082 0.792448 0.989968 0.790494 0.989585 0.787301 0.986391 0.786762 0.985136 0.774308 0.984895 0.772243 0.983669
0 0.943304 0.939447 0.943200 0.934564 0.943390 0.931291 0.943405 0.929844 0.940612 0.929934 0.937682 0.930768 0.935440 0.928526 0.940384 0.924053 0.942420 0.921115 0.944805 0.921135 0.951010 0.920372 0.960894 0.924473 0.964034 0.924442 0.968829 0.925442 0.973229 0.925502 0.976252 0.928526 0.975545 0.931681 0.975821 0.932159 0.974788 0.939485 0.974082 0.943750 0.969927 0.947905 0.957761 0.948675 0.951010 0.949643 0.945489 0.943540
