0 0.922877 0.293816 0.929075 0.297034 0.939655 0.307663 0.944651 0.313357 0.950823 0.322847 0.954375 0.329818 0.953199 0.336756 0.949113 0.343866 0.949439 0.348992 0.956134 0.354742 0.960893 0.361023 0.966973 0.366356 0.961760 0.369767 0.944357 0.374473 0.940537 0.373315 0.932480 0.373322 0.924984 0.374486 0.918755 0.379079 0.915068 0.385930 0.904692 0.401393 0.911148 0.400287 0.906152 0.405980 0.903213 0.407879 0.906152 0.402184 0.900862 0.406740 0.889378 0.401530 0.883906 0.396025 0.880923 0.389101 0.880290 0.381686 0.878233 0.370677 0.877645 0.359289 0.877939 0.347521 0.883816 0.333856 0.886168 0.330819 0.897195 0.320938 0.904028 0.311332 0.905270 0.303867 0.905564 0.296655 0.916040 0.294663
0 0.984020 0.252596 0.996804 0.252705 1.000000 0.252666 1.000000 0.347382 0.996655 0.350248 0.987458 0.359369 0.987336 0.360068 0.984225 0.363988 0.978693 0.366673 0.972656 0.366257 0.966974 0.364591 0.962003 0.360845 0.955255 0.353350 0.954509 0.353192 0.947964 0.348589 0.943537 0.343775 0.945312 0.341693 0.950861 0.339341 0.955714 0.335282 0.957031 0.329619 0.954545 0.323790 0.946280 0.310299 0.940583 0.302784 0.933594 0.295895 0.933239 0.290066 0.937218 0.278286 0.941406 0.272996 0.957741 0.258841 0.961648 0.253429 0.962092 0.252627 0.965990 0.249139 0.971902 0.248675 0.977281 0.249334
0 0.810722 0.265307 0.846634 0.286019 0.842799 0.294418 0.829984 0.308107 0.833237 0.318160 0.835353 0.338400 0.831278 0.347661 0.829239 0.364887 0.832087 0.360828 0.854409 0.338519 0.863621 0.344062 0.876698 0.360729 0.875709 0.370410 0.876513 0.388903 0.878960 0.398029 0.870696 0.400936 0.855744 0.402393 0.844105 0.406271 0.862303 0.422544 0.847469 0.437634 0.824026 0.435614 0.843238 0.452556 0.848349 0.468289 0.836093 0.488005 0.821593 0.488392 0.810093 0.481179 0.793909 0.467675 0.777879 0.450764 0.768580 0.438109 0.741315 0.462880 0.734923 0.481919 0.718245 0.486805 0.708546 0.473062 0.700418 0.466179 0.686204 0.469339 0.673200 0.458945 0.653302 0.408996 0.644684 0.389483 0.656354 0.376409 0.669125 0.366948 0.681498 0.369685 0.700770 0.396123 0.705829 0.424047 0.710707 0.425691 0.708511 0.398020 0.721275 0.369471 0.726526 0.362473 0.735093 0.357389 0.749680 0.345933 0.723271 0.324533 0.713132 0.307688 0.722724 0.302849 0.730841 0.296399 0.760373 0.307029 0.770028 0.287802 0.777012 0.270846 0.787121 0.264630 0.796252 0.262768
0 0.736842 0.963842 0.745863 0.983441 0.761520 0.993328 0.766399 1.000000 0.638136 1.000000 0.643062 0.984865 0.667846 0.973109 0.703274 0.978008 0.711710 0.960430
0 0.738000 0.068696 0.753914 0.057521 0.758145 0.032373 0.714505 0.029357 0.719950 0.016704 0.726257 0.006950 0.735385 0.004914 0.777344 0.011719 0.790723 0.022352 0.792025 0.046548 0.798798 0.059584 0.804461 0.072709 0.803765 0.101487 0.806611 0.117709 0.788580 0.142638 0.778921 0.174558 0.776893 0.177795 0.772412 0.192469 0.772626 0.195677 0.765658 0.223160 0.773448 0.253217 0.773476 0.274473 0.772374 0.285937 0.762643 0.294729 0.759967 0.295525 0.741631 0.291133 0.730726 0.292685 0.716534 0.293430 0.694382 0.286453 0.683655 0.287143 0.674866 0.293471 0.663140 0.300412 0.666320 0.316005 0.669858 0.328681 0.660039 0.334011 0.640846 0.311309 0.639256 0.307836 0.613339 0.276625 0.610217 0.274424 0.604592 0.266092 0.607250 0.244252 0.608540 0.243327 0.612471 0.229265 0.612354 0.218604 0.607311 0.211526 0.600039 0.198690 0.599087 0.194991 0.589997 0.178947 0.585027 0.149154 0.599365 0.142260 0.579935 0.128668 0.584949 0.086127 0.588749 0.072809 0.596584 0.064152 0.602555 0.059623 0.619657 0.050246 0.635953 0.040806 0.651661 0.043861 0.650369 0.055848 0.649742 0.073554 0.664471 0.077941 0.688210 0.076726 0.702939 0.074259 0.712302 0.070459 0.723673 0.066450 0.732476 0.067325 0.727031 0.067756 0.740468 0.067873 0.740193 0.067795 0.736824 0.069088 0.734082 0.069088 0.735061 0.067286 0.735493 0.067599 0.741016 0.066502 0.736629 0.067207
0 0.005180 0.561036 0.059739 0.565906 0.114918 0.611247 0.139687 0.626248 0.150110 0.652690 0.142107 0.701178 0.173033 0.752046 0.151284 0.762593 0.191611 0.779679 0.225568 0.829494 0.219798 0.839010 0.163185 0.841574 0.120374 0.818343 0.082643 0.782146 0.073518 0.763997 0.054584 0.753164 0.022688 0.753343 0.025948 0.714550 0.016913 0.689422 0.034691 0.686777 0.024244 0.664418 0.000000 0.633934 0.000000 0.538989 0.000632 0.538465
0 0.696023 0.478950 0.726624 0.500110 0.741612 0.498543 0.768055 0.510079 0.758399 0.561886 0.777142 0.587111 0.769669 0.597168 0.791336 0.622541 0.792043 0.636832 0.778975 0.646968 0.783384 0.667907 0.774657 0.679732 0.777703 0.702632 0.763140 0.704363 0.726950 0.661279 0.700826 0.652343 0.716097 0.668075 0.713654 0.694582 0.692204 0.691537 0.672291 0.701521 0.644559 0.696569 0.657982 0.657818 0.673504 0.650635 0.667586 0.630719 0.699145 0.634906 0.700840 0.621979 0.680475 0.626089 0.651364 0.612677 0.637319 0.588668 0.651682 0.574562 0.614212 0.565157 0.616086 0.557320 0.664906 0.561820 0.672814 0.552557 0.660426 0.525972 0.676663 0.517352 0.656534 0.512680 0.651761 0.499100 0.670073 0.476109
0 0.238281 0.632812 0.300781 0.656250 0.312500 0.679688 0.312500 0.710938 0.328125 0.730469 0.335938 0.753906 0.332031 0.820312 0.320312 0.835938 0.304688 0.832031 0.292969 0.804688 0.234375 0.800781 0.210938 0.785156 0.152344 0.714844 0.144531 0.687500 0.148438 0.664062 0.171875 0.632812 0.191406 0.632812
0 0.625000 0.796875 0.625000 0.828125 0.617188 0.847656 0.644531 0.871094 0.753906 0.929688 0.757812 0.949219 0.742188 0.957031 0.679688 0.953125 0.632812 0.976562 0.597656 0.988281 0.546875 0.992188 0.531250 1.000000 0.423177 1.000000 0.445312 0.933594 0.457031 0.921875 0.457031 0.878906 0.445312 0.867188 0.453125 0.851562 0.492188 0.863281 0.546875 0.859375 0.558594 0.851562 0.570312 0.812500 0.593750 0.785156 0.601562 0.785156
0 0.867188 0.750000 0.917969 0.750000 0.921875 0.750000 0.937500 0.761719 0.937500 0.765625 0.875000 0.792969 0.871094 0.792969 0.855469 0.808594 0.851562 0.812500 0.789062 0.804688 0.785156 0.804688 0.765625 0.792969 0.761719 0.792969 0.773438 0.781250 0.777344 0.777344 0.820312 0.769531 0.824219 0.769531 0.867188 0.750000
0 0.914062 0.000000 1.000000 0.000988 1.000000 0.075521 0.980469 0.062500 0.976562 0.062500 0.933594 0.023438 0.929688 0.023438 0.917969 0.011719 0.914062 0.007812 0.914062 0.000000
0 0.074219 0.062500 0.093750 0.066406 0.097656 0.066406 0.109375 0.082031 0.113281 0.085938 0.113281 0.152344 0.113281 0.156250 0.101562 0.187500 0.101562 0.191406 0.097656 0.195312 0.093750 0.199219 0.000000 0.195871 0.000000 0.089844 0.000000 0.089844 0.003906 0.085938 0.039062 0.082031 0.042969 0.082031 0.074219 0.062500
0 0.000000 0.000000 0.039062 0.000000 0.042969 0.000000 0.007812 0.042969 0.003906 0.046875 0.000000 0.055990
0 0.566406 0.585938 0.570312 0.585938 0.574219 0.585938 0.621094 0.621094 0.625000 0.625000 0.625000 0.632812 0.625000 0.636719 0.609375 0.664062 0.609375 0.667969 0.601562 0.671875 0.597656 0.675781 0.566406 0.671875 0.562500 0.671875 0.550781 0.664062 0.546875 0.660156 0.542969 0.648438 0.539062 0.644531 0.539062 0.609375 0.539062 0.605469 0.542969 0.597656 0.546875 0.593750 0.566406 0.585938
0 0.955186 0.487809 0.953585 0.481755 0.949171 0.477341 0.943116 0.475739 0.934759 0.478491 0.929833 0.483418 0.910591 0.486547 0.907230 0.489909 0.902536 0.491151 0.895820 0.497867 0.891916 0.510827 0.893518 0.516881 0.897932 0.521295 0.903987 0.522897 0.910041 0.521295 0.916195 0.513505 0.921550 0.512088 0.924551 0.509088 0.943416 0.505183 0.953585 0.493864
0 0.148673 0.576718 0.162674 0.572051 0.168896 0.561161 0.170452 0.548716 0.142450 0.517602 0.119116 0.514491 0.106670 0.506713 0.092670 0.530048 0.109782 0.556494 0.120671 0.562717 0.131561 0.572051
0 0.038221 0.474044 0.052222 0.477155 0.061556 0.483378 0.072446 0.483378 0.077113 0.470933 0.112893 0.464710 0.094225 0.421152 0.066223 0.422707 0.063112 0.449154 0.047555 0.458487
0 0.108226 0.929852 0.133116 0.931408 0.136228 0.923630 0.168896 0.926741 0.181342 0.915851 0.181342 0.895628 0.173564 0.887849 0.159563 0.881627 0.148673 0.883182 0.119116 0.898739 0.108226 0.914296
0 0.341575 0.310700 0.335352 0.316923 0.319796 0.320034 0.319796 0.335590 0.349353 0.352703 0.360243 0.355814 0.364910 0.334035 0.392912 0.351147 0.402246 0.349591 0.402246 0.337146 0.427136 0.329368 0.411579 0.302921 0.396023 0.293588 0.389800 0.287365 0.386689 0.274920 0.389800 0.268697 0.402246 0.267141 0.414691 0.268697 0.420913 0.262475 0.411579 0.253141 0.406913 0.245362 0.400690 0.242251 0.394467 0.231361 0.377355 0.229805 0.371132 0.225139 0.360243 0.206471 0.341575 0.206471 0.343130 0.222027 0.338464 0.253141 0.338464 0.268697 0.344686 0.293588
0 0.315129 0.001124 0.319796 0.016680 0.327574 0.026014 0.357131 0.040015 0.378911 0.044682 0.413135 0.097575 0.441137 0.114687 0.439581 0.103797 0.433359 0.088241 0.425580 0.075795 0.422469 0.061795 0.408468 0.032237 0.430247 0.032237 0.441137 0.043127 0.466028 0.041571 0.464472 0.027570 0.478473 0.019792 0.481584 0.010458 0.476917 0.001124 0.427136 0.001124 0.428692 0.008902 0.399134 0.010458 0.392912 0.001124
0 0.588925 0.729172 0.550033 0.724505 0.537588 0.754063 0.539143 0.777398 0.553145 0.797621 0.573368 0.811622 0.593591 0.788287 0.615371 0.785176 0.615371 0.769619 0.609148 0.754063
0 0.904723 0.691836 0.945171 0.691836 0.984062 0.688725 1.000000 0.686208 1.000000 0.650360 0.973172 0.649834 0.968505 0.657612 0.896945 0.674724
0 0.962283 0.600052 0.938948 0.610942 0.918724 0.617165 0.910946 0.634277 0.926503 0.662279 0.946726 0.654500 0.966950 0.643611 0.966950 0.626499 0.946726 0.637388 0.943615 0.637388 0.943615 0.632721 0.962283 0.626499
0 0.769381 0.940742 0.826941 0.943853 0.850275 0.953187 0.853387 0.943853 0.854942 0.929852 0.851831 0.929852 0.842497 0.906517 0.837830 0.904962 0.831607 0.883182 0.836274 0.864514 0.870499 0.870737 0.879833 0.859848 0.890722 0.839624 0.884500 0.824067 0.875166 0.822512 0.873610 0.828734 0.862721 0.836512 0.859609 0.836512 0.839386 0.833401 0.830052 0.827179 0.808273 0.820956 0.803605 0.833401 0.820718 0.850514 0.800494 0.852069 0.781826 0.841180 0.760047 0.838068 0.742935 0.848958 0.738268 0.866070 0.772492 0.909629
0 0.984375 0.796875 1.000000 0.796875 1.000000 0.796875 1.000000 0.835938 1.000000 0.835938 0.964844 0.855469 0.960938 0.859375 0.953125 0.851562 0.949219 0.847656 0.953125 0.828125 0.953125 0.824219 0.968750 0.808594 0.968750 0.804688 0.984375 0.796875
0 0.675781 0.847656 0.691406 0.847656 0.695312 0.847656 0.707031 0.855469 0.710938 0.859375 0.710938 0.890625 0.710938 0.894531 0.671875 0.882812 0.667969 0.878906 0.664062 0.863281 0.664062 0.859375 0.675781 0.847656
0 0.382812 0.980469 0.406250 0.984375 0.410156 0.984375 0.410156 1.000000 0.367188 1.000000 0.367188 0.996094 0.367188 0.992188 0.382812 0.980469
0 0.492344 0.590314 0.484779 0.628143 0.479104 0.643274 0.503693 0.658405 0.507475 0.658405 0.503693 0.624360
0 0.488561 0.737845 0.458298 0.743519 0.465864 0.787022 0.492344 0.788913 0.494236 0.758651
0 0.643658 0.834307 0.664464 0.838091 0.698509 0.836199 0.749578 0.813502 0.719315 0.809719 0.698509 0.804045 0.666355 0.809719 0.649332 0.819176
