0 0.070312 0.246094 0.107098 0.250000 0.134607 0.277144 0.246094 0.406250 0.250000 0.410156 0.261719 0.429688 0.265625 0.433594 0.271526 0.445312 0.275432 0.461020 0.276612 0.480834 0.274252 0.489461 0.273886 0.500000 0.269166 0.507447 0.259807 0.519166 0.251546 0.525432 0.232829 0.525798 0.217121 0.525798 0.171875 0.500000 0.167969 0.500000 0.148520 0.481283 0.136353 0.473836 0.123620 0.475831 0.093750 0.468750 0.067021 0.464561 0.031250 0.449219 0.000000 0.421094 0.000000 0.319531 0.007812 0.308594 0.007812 0.304688 0.019531 0.296875 0.023438 0.296875 0.070312 0.246094
0 0.090455 0.001175 0.148019 0.001175 0.144698 0.097484 0.142484 0.098591 0.139162 0.112982 0.120344 0.118517 0.102632 0.117410 0.102632 0.096377 0.097096 0.084200 0.093775 0.068702
0 0.077170 0.064274 0.071636 0.069809 0.049495 0.070916 0.036211 0.076451 0.066100 0.085307 0.068314 0.091949 0.083813 0.095270 0.086027 0.089735 0.101525 0.087521 0.097096 0.084200 0.093775 0.068702
0 0.081598 0.170546 0.083813 0.177189 0.076063 0.188259 0.077170 0.209292 0.081598 0.217041 0.092668 0.224790 0.093775 0.232539 0.084920 0.242502 0.098204 0.248037 0.101525 0.241395 0.134735 0.243609 0.134735 0.231432 0.132521 0.231432 0.118130 0.201543 0.107059 0.173868 0.100418 0.169439
0 0.021820 0.166118 0.022927 0.200436 0.032890 0.209292 0.041746 0.211505 0.040639 0.221469 0.084920 0.223683 0.076063 0.208185 0.073850 0.186045 0.074957 0.180509 0.045067 0.174975 0.036211 0.166118
0 0.009643 0.245823 0.000000 0.245823 0.000000 0.281050 0.000787 0.281247 0.014071 0.266856 0.019606 0.246930
0 0.000000 0.493717 0.003803 0.494293 0.008876 0.482879 0.024095 0.482879 0.024095 0.466391 0.000000 0.460367
0 0.284091 0.002203 0.263799 0.120152 0.267604 0.127762 0.287896 0.126494 0.292969 0.115079 0.311993 0.118884 0.318335 0.108738 0.308189 0.107470 0.303116 0.094787 0.313262 0.090982 0.315798 0.074494 0.346237 0.073226 0.352578 0.068153 0.341164 0.064348 0.337359 0.052934 0.315798 0.052934 0.329749 0.049129 0.338627 0.036446 0.342432 0.019959 0.348773 0.004739 0.343700 0.000000
0 0.398438 0.070312 0.414062 0.074219 0.417969 0.078125 0.421875 0.117188 0.417969 0.121094 0.402344 0.117188 0.398438 0.113281 0.398438 0.070312
0 0.605469 0.000000 0.734375 0.000000 0.738281 0.000000 0.731017 0.044051 0.728291 0.065676 0.715574 0.089844 0.695312 0.089844 0.644714 0.084940 0.636719 0.078125 0.617188 0.058594 0.613281 0.058594 0.605469 0.039062 0.601562 0.035156 0.605469 0.000000
0 0.824219 0.000000 0.906250 0.000000 0.910156 0.000000 0.915608 0.027527 0.910156 0.027344 0.898438 0.046875 0.894531 0.050781 0.855469 0.050781 0.851562 0.050781 0.843750 0.046875 0.839844 0.042969 0.824219 0.000000
0 0.774168 0.001363 0.785156 0.000000 0.789062 0.000000 0.789062 0.003906 0.792969 0.007812 0.812500 0.011719 0.816406 0.011719 0.833844 0.025068 0.844565 0.052144 0.890625 0.052327 0.901346 0.053690 0.902344 0.058594 0.906250 0.062500 0.906250 0.085938 0.906250 0.089844 0.898620 0.125000 0.894531 0.128906 0.890625 0.132812 0.886719 0.136719 0.844480 0.156250 0.821493 0.162882 0.804870 0.167154 0.796875 0.156250 0.785156 0.132812 0.781250 0.128906 0.761719 0.046875 0.757812 0.042969 0.753723 0.001363
0 0.415992 0.036446 0.427406 0.049129 0.436284 0.070689 0.440089 0.094787 0.479405 0.098591 0.485747 0.082104 0.483211 0.047861 0.480674 0.037714 0.457845 0.027568 0.440089 0.027568
0 0.536478 0.052934 0.537746 0.064348 0.532673 0.070689 0.532673 0.089714 0.552966 0.084641 0.571989 0.097323 0.577062 0.088445 0.604965 0.078299 0.610038 0.068153 0.603696 0.050397 0.594818 0.042787 0.579599 0.049129 0.579599 0.040251 0.560575 0.040251 0.549161 0.050397
0 0.522527 0.104933 0.525063 0.122689 0.546624 0.142981 0.561843 0.142981 0.569453 0.140445 0.574526 0.125225 0.542819 0.108738
0 0.516186 0.179761 0.495893 0.197517 0.492088 0.217809 0.493357 0.225419 0.531405 0.227955 0.549161 0.233029 0.549161 0.227955 0.541551 0.219078 0.542819 0.200054 0.531405 0.184834
0 0.292969 0.189907 0.298042 0.210200 0.308189 0.215273 0.305652 0.222882 0.285360 0.234297 0.282823 0.250784 0.256189 0.244443 0.233361 0.239370 0.221946 0.225419 0.210532 0.225419 0.200385 0.234297 0.202922 0.239370 0.223214 0.254589 0.230824 0.264736 0.230824 0.276150 0.247311 0.273613 0.254921 0.288833 0.247311 0.298979 0.267604 0.298979 0.273945 0.279955 0.279018 0.296442 0.286628 0.307857 0.270140 0.315466 0.279018 0.321808 0.281555 0.321808 0.285360 0.325613 0.287896 0.331954 0.301847 0.326881 0.300579 0.315466 0.338627 0.302784 0.334822 0.314198 0.350042 0.312930 0.353846 0.276150 0.350042 0.236834 0.341164 0.226687 0.333554 0.206395 0.327212 0.196249 0.308189 0.194980
0 0.194044 0.318003 0.199117 0.333222 0.211800 0.330686 0.225751 0.348441 0.247311 0.348441 0.254921 0.343368 0.254921 0.334491 0.266336 0.331954 0.266336 0.310393 0.254921 0.318003 0.249848 0.302784 0.229555 0.301515 0.224482 0.311662 0.209263 0.318003
0 0.364628 0.001329 0.352361 0.019047 0.342821 0.039491 0.342821 0.046306 0.374168 0.049032 0.374168 0.057210 0.390524 0.058573 0.402791 0.043580 0.413694 0.053121 0.410968 0.023136 0.401428 0.021773 0.400065 0.027225 0.390524 0.027225 0.391887 0.001329
0 0.442316 0.324350 0.439591 0.335253 0.449131 0.337979 0.468212 0.332527 0.468212 0.322987 0.477753 0.324350 0.481842 0.328438 0.492746 0.317535 0.500923 0.302542 0.500923 0.293002 0.494109 0.287550 0.490020 0.269831 0.461398 0.263016 0.443679 0.276646 0.443679 0.291639 0.439591 0.307994 0.432776 0.318898
0 0.492746 0.355698 0.466850 0.357061 0.464124 0.361150 0.438228 0.363875 0.434139 0.372053 0.461398 0.388409 0.461398 0.396586 0.469575 0.404764 0.458672 0.417031 0.484568 0.414305 0.495472 0.421120 0.525457 0.430660 0.528183 0.430660 0.526820 0.415668 0.515916 0.411579 0.509101 0.387046
0 0.423235 0.504260 0.432776 0.497445 0.449131 0.497445 0.469575 0.515164 0.491383 0.501534 0.499561 0.493356 0.510464 0.493356 0.513190 0.509712 0.507738 0.515164 0.494109 0.515164 0.487294 0.531519 0.477753 0.539697 0.454583 0.534245 0.430050 0.517889
0 0.600420 0.483816 0.592242 0.481090 0.559531 0.504260 0.555442 0.539697 0.575886 0.551964 0.588153 0.547875 0.588153 0.542423 0.603145 0.538334 0.612686 0.531519 0.609960 0.509712 0.611323 0.487904
0 0.656301 0.264379 0.614049 0.280735 0.612686 0.294364 0.601782 0.299816 0.607234 0.322987 0.594968 0.322987 0.593605 0.331164 0.601782 0.337979 0.612686 0.333890 0.630405 0.337979 0.635856 0.346157 0.635856 0.352972 0.649486 0.351609 0.665841 0.346157 0.674019 0.340705 0.671293 0.306631 0.657664 0.306631
0 0.652212 0.204409 0.630405 0.209861 0.624953 0.216676 0.624953 0.228943 0.608597 0.248024 0.611323 0.268468 0.608597 0.271194 0.630405 0.272557 0.657664 0.267105 0.684923 0.258928 0.686286 0.248024 0.674019 0.235757 0.668567 0.222128 0.656301 0.219402 0.652212 0.215313
0 0.724448 0.162158 0.709456 0.168972 0.699915 0.181239 0.704004 0.188054 0.690375 0.193505 0.684923 0.205772 0.704004 0.213950 0.723086 0.218039 0.746256 0.231668 0.761248 0.242572 0.765337 0.249387 0.774878 0.253476 0.784419 0.269831 0.789871 0.286187 0.814404 0.295727 0.808952 0.280735 0.793959 0.252113 0.788508 0.224854 0.766700 0.204409 0.757160 0.200320 0.747619 0.188054 0.743530 0.177150 0.733989 0.170336
0 0.784419 0.188054 0.766700 0.188054 0.755796 0.201683 0.769426 0.209861 0.789871 0.230305 0.810315 0.231668 0.806226 0.205772 0.798048 0.194869
0 0.840300 0.297090 0.838937 0.321624 0.822582 0.328438 0.811678 0.340705 0.838937 0.363875 0.844389 0.357061 0.877100 0.329802 0.877100 0.318898 0.871648 0.310720 0.886641 0.306631 0.889366 0.295727 0.885278 0.286187
0 0.874374 0.254839 0.878463 0.276646 0.924804 0.278009 0.941159 0.268468 0.943885 0.258928 0.911174 0.250750 0.892093 0.248024
0 1.000000 0.329686 0.975233 0.357061 0.964329 0.359786 0.973870 0.382957 0.983411 0.382957 1.000000 0.377852
0 0.930255 0.466097 0.950700 0.470186 0.964329 0.444290 0.956152 0.430660 0.938433 0.426571 0.930255 0.426571 0.919352 0.433386 0.928892 0.444290
0 0.926166 0.346157 0.907085 0.346157 0.911174 0.361150 0.913900 0.361150 0.916626 0.389771 0.928892 0.404764 0.935707 0.422482 0.946611 0.427934 0.964329 0.427934 0.947974 0.408853 0.947974 0.397949 0.957514 0.374779 0.957514 0.361150 0.947974 0.361150 0.939796 0.357061
0 0.415057 0.632378 0.428687 0.651459 0.446405 0.663726 0.481842 0.663726 0.488657 0.655548 0.487294 0.652822 0.480479 0.652822 0.475027 0.648734 0.488657 0.643282 0.494109 0.635104 0.483205 0.626926 0.450494 0.621474 0.430050 0.621474
0 0.937070 0.471549 0.952062 0.498808 0.987500 0.504260 0.988863 0.466097 0.977959 0.466097 0.958877 0.451105 0.949337 0.470186
0 0.559531 0.765948 0.619501 0.684170 0.656301 0.640556 0.664479 0.633741 0.667204 0.624200 0.679471 0.618748 0.689012 0.618748 0.689012 0.607845 0.718997 0.605119 0.718997 0.613296 0.723086 0.626926 0.721723 0.695074 0.709456 0.695074 0.706730 0.725059 0.699915 0.726422 0.698552 0.744141 0.701279 0.755044 0.701279 0.776852 0.695827 0.787755 0.698552 0.802748 0.697189 0.820466 0.686286 0.827281 0.669930 0.827281 0.624953 0.815014 0.614049 0.815014 0.586790 0.808200 0.581338 0.787755 0.562257 0.778214
0 0.639945 0.603756 0.614049 0.611934 0.603145 0.621474 0.603145 0.632378 0.585427 0.633741 0.582701 0.655548 0.590879 0.667815 0.592242 0.684170 0.597694 0.696437 0.597694 0.711430 0.665841 0.632378 0.661753 0.617386 0.650849 0.605119
0 1.000000 0.544716 0.994568 0.545395 0.978046 0.558377 0.960343 0.565458 0.974505 0.580800 0.987487 0.591422 1.000000 0.592256
0 0.948541 0.568999 0.939100 0.583161 0.946181 0.602043 0.961523 0.606764 0.963884 0.622106 0.973325 0.639809 0.994568 0.648070 1.000000 0.648070 1.000000 0.609040 0.996928 0.610305 1.000000 0.608549 1.000000 0.591422 0.991027 0.591422 0.969784 0.580800 0.970964 0.578440 0.960343 0.568999
0 0.837601 0.707494 0.813068 0.717035 0.813068 0.738842 0.823971 0.738842 0.843053 0.745657 0.862134 0.733390 0.848504 0.718398
0 0.736742 0.644798 0.747646 0.657065 0.765364 0.647524 0.791260 0.646161 0.806253 0.655702 0.830786 0.651613 0.818520 0.647524 0.817156 0.642072 0.813068 0.636620 0.813068 0.627080 0.823971 0.618902 0.814430 0.616176 0.788534 0.603909 0.776268 0.603909 0.796712 0.629805 0.769453 0.622991 0.747646 0.639346
0 0.650876 0.115971 0.633157 0.128237 0.624979 0.143230 0.624979 0.156859 0.616802 0.166400 0.616802 0.169126 0.637246 0.173215 0.650876 0.166400 0.649513 0.159585 0.665868 0.162311 0.679498 0.154134 0.679498 0.143230 0.676772 0.143230 0.672683 0.139141 0.672683 0.128237 0.668594 0.124148 0.668594 0.114608
0 0.950726 0.106430 0.952089 0.128237 0.987526 0.132326 0.995704 0.128237 0.984800 0.117334 0.976622 0.111882 0.965719 0.111882 0.961630 0.099615 0.956178 0.106430
0 0.436392 0.550941 0.442293 0.574545 0.458815 0.583986 0.480058 0.585166 0.475338 0.568644 0.456455 0.547401
0 0.280610 0.511996 0.261727 0.529698 0.259367 0.541500 0.244025 0.543861 0.248745 0.558022 0.266448 0.565104 0.269988 0.574545 0.277069 0.576905 0.277069 0.560383 0.282970 0.559203 0.299493 0.548581 0.301853 0.532059 0.297132 0.529698 0.286511 0.528518 0.278250 0.539140 0.288871 0.524978
0 0.000000 0.296347 0.009171 0.298386 0.006811 0.314908 0.000000 0.322119
0 0.276387 0.600802 0.256956 0.615661 0.269529 0.632807 0.283245 0.645379 0.292389 0.639664 0.294675 0.631663 0.288960 0.616804 0.279816 0.612232
0 0.260385 0.127600 0.229524 0.124171 0.224952 0.137887 0.238668 0.149317 0.256956 0.145888 0.263814 0.141316 0.278673 0.137887
0 0.758733 0.343627 0.761019 0.368773 0.770163 0.368773 0.773592 0.384775 0.785022 0.384775 0.803310 0.375631 0.810168 0.360772 0.794166 0.359629 0.794166 0.357343 0.788451 0.350485 0.773592 0.348199 0.773592 0.341341 0.771306 0.341341 0.771306 0.343627
0 0.973825 0.191530 0.957823 0.193816 0.945250 0.198388 0.940679 0.202960 0.940679 0.214390 0.966968 0.217819 0.972682 0.208675
0 0.970396 0.166384 0.942964 0.183529 0.944107 0.193816 0.964682 0.194959 0.973825 0.190387 0.974968 0.178957
0 0.948679 0.282970 0.932677 0.294400 0.946393 0.312688 0.955538 0.317260 0.961252 0.305830 0.968111 0.297829 0.962395 0.290971
0 0.987292 0.821854 0.976899 0.821854 0.965208 0.859527 0.971703 0.881612 0.971703 0.940071 0.980796 0.951762 1.000000 0.956883 1.000000 0.956358 0.989890 0.934874 0.987292 0.934874 0.988591 0.910192 0.984694 0.871219 0.996386 0.833546
0 0.784636 0.945267 0.819711 0.945267 0.822309 0.941370 0.846991 0.941370 0.859982 0.928379 0.871674 0.925780 0.874272 0.903696 0.863879 0.906295 0.863879 0.897201 0.822309 0.902397 0.802823 0.908893 0.792430 0.924482 0.789832 0.936173
0 0.759512 1.000000 0.752158 0.998529 0.752111 1.000000 0.828927 1.000000 0.835300 0.992034 0.801523 0.990735 0.784636 0.993333 0.784636 0.995931 0.776498 1.000000
0 0.956114 0.910192 0.936628 0.899799 0.910646 0.903696 0.911945 0.912790 0.888562 0.916687 0.893758 0.925780 0.872973 0.927080 0.874272 0.934874 0.913245 0.933575 0.918441 0.941370 0.950918 0.941370 0.956114 0.932276
0 0.862580 0.954361 0.880767 0.959557 0.883366 0.955659 0.904151 0.954361 0.910646 0.946566 0.908048 0.936173 0.854786 0.934874
0 0.723579 0.876416 0.694999 0.881612 0.689802 0.873818 0.676812 0.872518 0.666419 0.876416 0.666419 0.881612 0.652129 0.890705 0.648232 0.897201 0.683307 0.899799 0.714485 0.894603 0.733971 0.884210
0 0.888562 0.814060 0.875571 0.816658 0.865179 0.829649 0.866477 0.840041 0.879468 0.850434 0.892459 0.850434 0.897655 0.841340 0.913245 0.841340 0.915843 0.824452 0.909347 0.821854 0.909347 0.815359 0.905450 0.803667 0.898955 0.808863
0 0.253579 1.000000 0.254611 0.999828 0.257209 0.988136 0.255909 0.981641 0.237722 0.980342 0.233825 0.966052 0.224732 0.975146 0.213040 0.980342 0.210091 1.000000
0 0.216937 0.873818 0.266302 0.845237 0.248115 0.845237 0.257209 0.834845 0.252012 0.824452 0.245517 0.823153 0.239021 0.834845 0.231227 0.834845 0.231227 0.827050 0.226030 0.832247 0.241620 0.819256 0.236423 0.808863 0.226030 0.811461 0.223432 0.821854 0.218236 0.819256 0.213040 0.812761 0.194853 0.814060 0.197451 0.832247 0.197451 0.849135 0.205245 0.864724
0 0.314368 0.912790 0.298779 0.916687 0.292284 0.933575 0.272798 0.938771 0.293583 0.950463 0.315667 0.954361 0.315667 0.929678
0 0.131198 0.950463 0.107814 0.954361 0.119506 0.984239 0.140291 0.989436 0.151983 0.988136 0.151983 0.977744 0.155880 0.967351 0.150684 0.951762 0.141590 0.946566
0 0.085730 0.827050 0.105216 0.828350 0.116908 0.841340 0.119506 0.841340 0.119506 0.837443 0.128600 0.821854 0.128600 0.801069 0.098721 0.801069 0.085730 0.803667
0 0.231227 0.767293 0.257209 0.769891 0.259807 0.776386 0.259807 0.790676 0.280592 0.791975 0.290985 0.786779 0.287088 0.769891 0.254611 0.765994 0.254611 0.753003 0.252012 0.750405 0.239021 0.749105 0.235124 0.751704
0 0.163675 0.814060 0.161077 0.828350 0.150684 0.834845 0.150684 0.858229 0.162376 0.858229 0.166273 0.845237 0.176666 0.842639 0.194853 0.842639 0.194853 0.827050 0.175366 0.811461
0 0.103917 0.858229 0.081833 0.863425 0.081833 0.869920 0.067543 0.869920 0.055851 0.879014 0.057150 0.881612 0.093524 0.894603 0.107814 0.894603 0.105216 0.875116
0 0.240049 0.877495 0.226098 0.882569 0.223562 0.892715 0.228635 0.905398 0.256537 0.913007 0.270488 0.913007 0.274293 0.906666 0.267951 0.902861 0.254000 0.887642
0 0.537810 0.815359 0.537810 0.855630 0.578082 0.866023 0.587175 0.854331 0.588474 0.843939 0.557296 0.823153
0 0.475245 0.725263 0.496094 0.750000 0.510393 0.760402 0.511719 0.781250 0.515625 0.785156 0.526036 0.812518 0.531241 0.824219 0.531241 0.863317 0.527344 0.888009 0.507777 0.898429 0.488281 0.898438 0.417969 0.902344 0.414062 0.902344 0.414062 0.855469 0.414062 0.851562 0.433594 0.808594 0.437500 0.804688 0.449219 0.753906 0.449219 0.750000 0.468750 0.726562
0 0.845692 0.866023 0.823608 0.863425 0.815813 0.860827 0.806720 0.853032 0.793729 0.854331 0.782037 0.862126 0.788533 0.872518 0.800224 0.868621 0.810617 0.880313 0.800224 0.885509 0.800224 0.897201 0.853487 0.898500 0.846991 0.886808
