0 0.858615 0.528398 0.869955 0.548883 0.874944 0.563241 0.876616 0.583373 0.870104 0.602757 0.864688 0.609407 0.849276 0.620515 0.837561 0.623809 0.824207 0.616915 0.822694 0.593413 0.816473 0.586112 0.812201 0.597175 0.812509 0.605359 0.808386 0.616452 0.800475 0.625733 0.739322 0.669462 0.729180 0.662009 0.721068 0.647821 0.719964 0.639298 0.725079 0.632549 0.740838 0.630926 0.748511 0.626899 0.758570 0.612589 0.760564 0.604829 0.758866 0.588901 0.746770 0.564588 0.745176 0.551812 0.748139 0.548361 0.766098 0.542081 0.773780 0.524662 0.783038 0.530454 0.801110 0.552036 0.821334 0.565491 0.832770 0.561575 0.838582 0.555202 0.838582 0.547830 0.829671 0.526277 0.832925 0.518870 0.842566 0.516553
0 0.548143 0.845310 0.553035 0.852058 0.553973 0.855580 0.554890 0.863275 0.554854 0.867170 0.556337 0.879689 0.554749 0.882384 0.551724 0.889939 0.552263 0.897654 0.558189 0.906911 0.559052 0.910891 0.560392 0.914704 0.563403 0.917215 0.580003 0.934971 0.587823 0.947541 0.588901 0.951141 0.587823 0.959370 0.581927 0.963841 0.578689 0.964723 0.572186 0.968862 0.569193 0.971354 0.544785 0.985403 0.540409 0.989884 0.537274 0.989860 0.526105 0.990570 0.511411 0.989388 0.504370 0.989260 0.496038 0.987938 0.492123 0.988076 0.480371 0.990115 0.476837 0.989071 0.473061 0.983028 0.466595 0.965542 0.464785 0.961554 0.463641 0.957830 0.459271 0.948203 0.454887 0.941394 0.452030 0.937660 0.449008 0.935203 0.443787 0.929714 0.434905 0.917168 0.429208 0.912460 0.429695 0.909177 0.436469 0.907254 0.442060 0.908485 0.465435 0.911542 0.469242 0.910022 0.476034 0.906206 0.482571 0.903563 0.495137 0.894712 0.502015 0.884814 0.504721 0.877530 0.507798 0.874209 0.517055 0.861835 0.521818 0.856296 0.530711 0.847766 0.537332 0.844391 0.544324 0.843832
0 0.295185 0.000000 0.306636 0.001754 0.309329 0.005302 0.332043 0.024982 0.332987 0.037259 0.329043 0.052765 0.321329 0.061508 0.319227 0.069239 0.306757 0.084615 0.307153 0.092362 0.315098 0.101949 0.333329 0.097105 0.348589 0.099391 0.354339 0.103042 0.359020 0.109863 0.363759 0.125208 0.367188 0.132078 0.365902 0.139572 0.359473 0.143319 0.348758 0.154560 0.345758 0.165801 0.346187 0.173920 0.344901 0.185786 0.342758 0.188908 0.326900 0.183912 0.309757 0.162054 0.301186 0.154560 0.287895 0.139870 0.278843 0.126036 0.276238 0.114682 0.271184 0.082741 0.268613 0.075247 0.268613 0.059010 0.258755 0.041524 0.241612 0.027160 0.233897 0.008425 0.233469 0.000930 0.237326 0.000306 0.266234 0.000000
0 0.227016 0.000000 0.228852 0.001739 0.227795 0.008438 0.229587 0.014633 0.231114 0.024751 0.234730 0.030393 0.247220 0.041377 0.252363 0.045197 0.259508 0.052135 0.267425 0.056659 0.271466 0.061912 0.274405 0.067643 0.274772 0.070986 0.272568 0.088179 0.269629 0.094387 0.267425 0.096775 0.256771 0.110624 0.254568 0.113012 0.241343 0.122563 0.233995 0.128294 0.228118 0.131159 0.221873 0.133070 0.209846 0.135288 0.205387 0.134052 0.207959 0.132627 0.199096 0.129727 0.183667 0.125429 0.175953 0.119698 0.171544 0.110146 0.167136 0.091044 0.166034 0.080537 0.166034 0.070031 0.166769 0.063345 0.171544 0.047585 0.170120 0.030393 0.171221 0.016543 0.169754 0.003137 0.171177 0.000306 0.177973 0.000000
0 0.617457 0.652454 0.623518 0.657083 0.632947 0.671997 0.657866 0.696170 0.672683 0.708513 0.682786 0.714684 0.692888 0.719313 0.700507 0.720626 0.711389 0.724265 0.717162 0.729789 0.721271 0.751644 0.721229 0.782825 0.729259 0.788882 0.726230 0.796124 0.711124 0.797745 0.707031 0.796973 0.691541 0.796973 0.680765 0.793373 0.669316 0.792344 0.654499 0.788230 0.619477 0.772286 0.610048 0.765086 0.605334 0.759943 0.599273 0.750686 0.591864 0.730628 0.586476 0.721371 0.577047 0.710056 0.564251 0.692570 0.554822 0.681255 0.543373 0.670455 0.537311 0.661711 0.536638 0.658111 0.543373 0.655540 0.560210 0.664797 0.570986 0.667883 0.579068 0.666854 0.591428 0.656959 0.598257 0.653304 0.605671 0.651425
0 0.750169 0.988321 0.755883 0.991050 0.760600 0.996241 0.764607 1.000000 0.723517 1.000000 0.723975 0.998807 0.733113 0.987736 0.736279 0.986251
0 0.863923 0.369539 0.887259 0.376825 0.894224 0.384949 0.890725 0.395007 0.884159 0.398315 0.877470 0.406045 0.865777 0.414105 0.833464 0.428304 0.828505 0.432859 0.826852 0.439312 0.827403 0.449562 0.822994 0.465505 0.819688 0.470820 0.811422 0.477273 0.800953 0.479171 0.789932 0.478791 0.783870 0.476134 0.771748 0.463987 0.762380 0.459052 0.748604 0.460191 0.740352 0.454188 0.733691 0.446530 0.731382 0.440192 0.733175 0.433239 0.744747 0.425267 0.755768 0.425646 0.772807 0.429384 0.780531 0.428777 0.776707 0.420332 0.769402 0.419880 0.745849 0.413499 0.744741 0.408137 0.754114 0.402111 0.761829 0.391862 0.779747 0.380584 0.787044 0.378266 0.804259 0.376678 0.828391 0.371810 0.856940 0.368739
0 0.930880 0.676284 0.946077 0.690749 0.956657 0.703461 0.968750 0.734375 0.971264 0.750535 0.970761 0.785185 0.926069 0.824631 0.900502 0.820518 0.867686 0.818364 0.852946 0.803426 0.832031 0.792969 0.804688 0.792969 0.808595 0.770485 0.816846 0.763271 0.832110 0.744300 0.866434 0.723294 0.869246 0.713366 0.892474 0.701887 0.900242 0.685731 0.912371 0.676709
0 0.512041 0.437496 0.523194 0.448370 0.526707 0.454693 0.532732 0.459591 0.539761 0.458121 0.534740 0.445386 0.533680 0.433746 0.541009 0.433005 0.557271 0.441941 0.564055 0.449642 0.578630 0.451116 0.597999 0.461060 0.609572 0.470930 0.613655 0.476910 0.618408 0.491245 0.616705 0.499003 0.611975 0.505177 0.571892 0.530123 0.569884 0.536981 0.568460 0.552006 0.546341 0.573513 0.535970 0.569921 0.530191 0.564819 0.521054 0.548961 0.515996 0.524291 0.516164 0.512490 0.508514 0.488257 0.505128 0.482579 0.495783 0.476846 0.473121 0.466030 0.468365 0.460371 0.467966 0.449304 0.472485 0.444406 0.487846 0.444785 0.500600 0.452243 0.507127 0.451754 0.507127 0.448325 0.500600 0.435100 0.502357 0.432651
0 0.976562 0.980469 1.000000 0.991286 1.000000 1.000000 0.920052 1.000000 0.933594 0.984375 0.957031 0.980469
0 0.199219 0.382812 0.226562 0.398438 0.281250 0.398438 0.300781 0.402344 0.343750 0.433594 0.386719 0.460938 0.417969 0.507812 0.417969 0.523438 0.402344 0.535156 0.375000 0.527344 0.339844 0.527344 0.304688 0.519531 0.250000 0.472656 0.250000 0.449219 0.242188 0.433594 0.187500 0.402344 0.156250 0.390625 0.167969 0.378906
0 0.322250 0.523217 0.331837 0.524198 0.335636 0.525501 0.363281 0.527344 0.380139 0.535771 0.418589 0.557750 0.429255 0.570218 0.438264 0.579612 0.459969 0.595829 0.470227 0.607780 0.511373 0.641694 0.521661 0.649220 0.531870 0.664838 0.546875 0.683594 0.585938 0.722656 0.588124 0.724257 0.595235 0.733383 0.596534 0.758176 0.593229 0.759986 0.588043 0.765996 0.574143 0.776945 0.563451 0.773941 0.552570 0.769648 0.545812 0.766258 0.526769 0.764485 0.526674 0.763650 0.497436 0.744243 0.493777 0.742704 0.478955 0.732865 0.456030 0.722487 0.442340 0.731280 0.428112 0.734292 0.418407 0.724199 0.403282 0.711632 0.391974 0.698231 0.374718 0.687404 0.370886 0.686655 0.346628 0.674514 0.334781 0.670261 0.317549 0.665184 0.288301 0.654988 0.281627 0.651367 0.259273 0.631313 0.254618 0.616926 0.252998 0.613645 0.245796 0.604414 0.239218 0.597189 0.239261 0.583537 0.238532 0.579636 0.239302 0.570542 0.249518 0.561937 0.257210 0.542537 0.265013 0.536926 0.292714 0.522741 0.294942 0.523456 0.308597 0.523246
0 0.234375 0.593750 0.246094 0.601562 0.257812 0.628906 0.277344 0.648438 0.324219 0.671875 0.343750 0.726562 0.367188 0.742188 0.414062 0.742188 0.441406 0.734375 0.453125 0.742188 0.476562 0.777344 0.500000 0.832031 0.500000 0.890625 0.484375 0.914062 0.457031 0.910156 0.394531 0.910156 0.390625 0.929688 0.425781 0.964844 0.436768 1.000000 0.117969 1.000000 0.113281 0.988281 0.117188 0.968750 0.105469 0.937500 0.082031 0.886719 0.070312 0.843750 0.066406 0.800781 0.042969 0.761719 0.039062 0.746094 0.000000 0.707031 0.000000 0.697266 0.003906 0.691406 0.042969 0.699219 0.054688 0.691406 0.066406 0.667969 0.050781 0.617188 0.054688 0.609375 0.097656 0.597656 0.167969 0.621094 0.199219 0.621094 0.210938 0.593750
0 1.000000 0.213502 0.996094 0.210938 0.996094 0.187500 1.000000 0.183425
0 0.425781 0.230469 0.476562 0.238281 0.480469 0.238281 0.496094 0.246094 0.500000 0.246094 0.515625 0.265625 0.519531 0.269531 0.519531 0.289062 0.519531 0.292969 0.503906 0.304688 0.500000 0.308594 0.460938 0.304688 0.457031 0.304688 0.437500 0.289062 0.433594 0.285156 0.421875 0.261719 0.417969 0.257812 0.417969 0.242188 0.417969 0.238281 0.425781 0.230469
0 0.582031 0.160156 0.597656 0.164062 0.601562 0.164062 0.640625 0.199219 0.644531 0.203125 0.648438 0.222656 0.648438 0.226562 0.683594 0.277344 0.687500 0.281250 0.687500 0.292969 0.687500 0.296875 0.683594 0.296875 0.679688 0.300781 0.636719 0.273438 0.632812 0.273438 0.589844 0.226562 0.585938 0.222656 0.578125 0.191406 0.574219 0.187500 0.574219 0.171875 0.574219 0.167969 0.582031 0.160156
0 0.730469 0.039062 0.773438 0.039062 0.777344 0.042969 0.761719 0.082031 0.757812 0.085938 0.730469 0.082031 0.726562 0.078125 0.718750 0.050781 0.718750 0.046875 0.730469 0.039062
0 0.976562 0.000000 1.000000 0.000000 1.000000 0.132812 1.000000 0.132812 0.960938 0.101562 0.957031 0.097656 0.960938 0.078125 0.960938 0.074219 0.992188 0.042969 0.996094 0.039062 0.996094 0.023438 0.996094 0.019531 0.976562 0.000000
0 0.046111 0.006197 0.052247 0.008079 0.060467 0.013494 0.065023 0.019078 0.075546 0.033469 0.080550 0.038189 0.091215 0.046067 0.103362 0.059096 0.106779 0.064680 0.109816 0.078174 0.111714 0.084223 0.115424 0.090135 0.118112 0.100492 0.115889 0.117261 0.107538 0.132616 0.106399 0.135874 0.109057 0.137270 0.114371 0.137735 0.108297 0.138200 0.102224 0.135409 0.097151 0.131470 0.089440 0.119643 0.077238 0.107020 0.067555 0.097445 0.047247 0.080494 0.044589 0.077702 0.034095 0.070008 0.031238 0.068402 0.020831 0.059325 0.016709 0.054271 0.011331 0.042286 0.013554 0.035896 0.010949 0.025968 0.010945 0.022462 0.013441 0.016834 0.017389 0.011425 0.026303 0.007911 0.033136 0.006980 0.039467 0.004961
0 0.000000 0.000000 0.015625 0.000000 0.019531 0.000000 0.007812 0.019531 0.003906 0.023438 0.019531 0.062500 0.019531 0.066406 0.000000 0.081597
0 0.007686 0.492712 0.021687 0.503602 0.048133 0.503602 0.045021 0.491156 0.048133 0.478711 0.073023 0.470933 0.071468 0.461599 0.057467 0.458487 0.048133 0.452265 0.035687 0.449154 0.023242 0.449154 0.017020 0.442931 0.010797 0.442931 0.010797 0.453821 0.006130 0.460043 0.004574 0.478711
0 0.000000 0.435060 0.001463 0.433597 0.041910 0.421152 0.048133 0.439820 0.059022 0.444487 0.076135 0.450709 0.094803 0.447598 0.101025 0.442931 0.101025 0.414929 0.087024 0.408706 0.082357 0.400928 0.071468 0.391594 0.040354 0.383816 0.017020 0.390039 0.017020 0.393150 0.000000 0.398256
0 0.216144 0.223583 0.222366 0.234473 0.225478 0.234473 0.234812 0.240695 0.237923 0.239139 0.242590 0.231361 0.247257 0.231361 0.247257 0.228250 0.259702 0.228250 0.265925 0.215805 0.269036 0.201804 0.275259 0.197137 0.284593 0.206471 0.284593 0.209582 0.290816 0.214249 0.301705 0.214249 0.301705 0.211138 0.309484 0.209582 0.321929 0.201804 0.323484 0.198693 0.278370 0.183136 0.279926 0.159801 0.253480 0.156689 0.191254 0.155134 0.189698 0.158245 0.185031 0.159801 0.164807 0.162912 0.147695 0.169135 0.147695 0.172246 0.144584 0.175357 0.130583 0.184691 0.122804 0.197137 0.163252 0.214249 0.209921 0.201804 0.225478 0.192470 0.230145 0.203359
0 0.337486 0.302921 0.311039 0.320034 0.298594 0.334035 0.298594 0.354258 0.334374 0.363592 0.382600 0.327812 0.393489 0.332479 0.395045 0.315367 0.390378 0.306033 0.398156 0.293588 0.379488 0.288921 0.371710 0.281142 0.359264 0.278031 0.346819 0.284254 0.328152 0.284254
0 0.732623 0.203359 0.713955 0.208027 0.682842 0.203359 0.664174 0.178469 0.661062 0.167579 0.670396 0.159801 0.696843 0.170691 0.710843 0.178469 0.760625 0.190914 0.790182 0.218916 0.762180 0.201804
0 0.709288 0.138022 0.734179 0.147356 0.745068 0.147356 0.773070 0.153578 0.788627 0.164468 0.797961 0.166023 0.801072 0.159801 0.819740 0.159801 0.830629 0.155134 0.822851 0.141133 0.788627 0.128688 0.780848 0.128688 0.774625 0.141133 0.748179 0.125577 0.757513 0.124021 0.763736 0.120909 0.746624 0.099130 0.740401 0.097575 0.681286 0.096019 0.678175 0.103797 0.692176 0.116243
0 0.909968 0.148911 0.927080 0.156689 0.944192 0.158245 0.956637 0.153578 0.956637 0.141133 0.947304 0.134911 0.939525 0.134911 0.931747 0.124021 0.917746 0.096019 0.909968 0.097575 0.900634 0.110020 0.899078 0.130243
0 0.563056 0.813178 0.601947 0.844291 0.617504 0.847402 0.636172 0.845846 0.650173 0.831846 0.637728 0.820956 0.648617 0.806955 0.640839 0.799177 0.619060 0.799177 0.578613 0.782064 0.569279 0.782064 0.569279 0.794510
0 0.776181 0.886294 0.802627 0.864514 0.816629 0.847402 0.810406 0.838068 0.801072 0.831846 0.782404 0.838068 0.787071 0.831846 0.777737 0.810066 0.765291 0.817845 0.755958 0.820956 0.735734 0.816289 0.723289 0.822512 0.741957 0.850514 0.738845 0.862959 0.741957 0.880071 0.762180 0.890961
0 0.634345 1.000000 0.686713 1.000000 0.717066 0.984300 0.721733 0.973411 0.692176 0.956298 0.701510 0.945409 0.678175 0.923630 0.647061 0.951631 0.633061 0.954743 0.634616 0.996746
0 1.000000 0.904254 0.990862 0.889405 0.944192 0.889405 0.962860 0.926741 1.000000 0.953048
0 0.955082 0.579829 0.939525 0.575162 0.934859 0.576718 0.914635 0.604720 0.903745 0.615609 0.908412 0.634277 0.922413 0.649834 0.947304 0.670057 0.959749 0.671613 0.965971 0.612498 0.959749 0.592274
0 0.109665 1.000000 0.104136 0.990523 0.093247 0.984300 0.082357 0.971855 0.068356 0.988967 0.077183 1.000000
