0 0.000000 0.730469 0.019531 0.730469 0.023438 0.730469 0.070312 0.746094 0.074219 0.746094 0.085938 0.761719 0.089844 0.765625 0.105469 0.769531 0.109375 0.769531 0.132812 0.789062 0.136719 0.789062 0.148438 0.808594 0.148438 0.812500 0.203125 0.863281 0.207031 0.867188 0.203125 0.910156 0.203125 0.914062 0.167969 0.957031 0.164062 0.960938 0.167067 1.000000 0.000000 1.000000 0.000000 0.730469
0 0.304688 0.585938 0.402344 0.597656 0.406250 0.601562 0.417969 0.601562 0.421875 0.601562 0.433594 0.593750 0.437500 0.593750 0.441406 0.601562 0.445312 0.605469 0.445312 0.667969 0.445312 0.671875 0.453125 0.679688 0.457031 0.683594 0.464844 0.726562 0.464844 0.730469 0.484375 0.765625 0.488281 0.769531 0.488281 0.785156 0.488281 0.789062 0.480469 0.804688 0.476562 0.808594 0.476562 0.828125 0.476562 0.832031 0.460938 0.871094 0.460938 0.875000 0.433594 0.894531 0.429688 0.898438 0.406250 0.898438 0.402344 0.902344 0.355469 0.890625 0.351562 0.890625 0.339844 0.882812 0.335938 0.882812 0.273438 0.839844 0.269531 0.835938 0.234375 0.773438 0.230469 0.769531 0.226562 0.750000 0.222656 0.746094 0.222656 0.722656 0.222656 0.718750 0.230469 0.699219 0.230469 0.695312 0.265625 0.640625 0.269531 0.636719 0.277344 0.609375 0.277344 0.605469 0.304688 0.585938
0 0.328125 0.394531 0.382812 0.398438 0.386719 0.398438 0.410156 0.414062 0.414062 0.417969 0.429688 0.472656 0.433594 0.476562 0.433594 0.500000 0.433594 0.503906 0.460938 0.535156 0.464844 0.539062 0.464844 0.562500 0.464844 0.566406 0.441406 0.593750 0.441406 0.597656 0.359375 0.585938 0.355469 0.582031 0.281250 0.589844 0.277344 0.589844 0.253906 0.574219 0.250000 0.570312 0.230469 0.523438 0.226562 0.519531 0.226562 0.460938 0.226562 0.457031 0.253906 0.437500 0.257812 0.437500 0.277344 0.410156 0.281250 0.406250 0.328125 0.394531
0 0.511719 0.632812 0.535156 0.632812 0.539062 0.632812 0.589844 0.644531 0.593750 0.644531 0.660156 0.671875 0.664062 0.671875 0.675781 0.687500 0.679688 0.691406 0.695312 0.742188 0.699219 0.746094 0.699219 0.750000 0.699219 0.753906 0.675781 0.781250 0.675781 0.785156 0.660156 0.796875 0.656250 0.800781 0.578125 0.800781 0.574219 0.800781 0.546875 0.792969 0.542969 0.792969 0.511719 0.773438 0.507812 0.773438 0.484375 0.742188 0.480469 0.738281 0.476562 0.671875 0.476562 0.667969 0.484375 0.656250 0.484375 0.652344 0.511719 0.632812
0 0.707031 0.757812 0.722656 0.765625 0.726562 0.769531 0.761719 0.859375 0.765625 0.863281 0.765625 0.878906 0.765625 0.882812 0.750000 0.925781 0.746094 0.929688 0.671875 0.921875 0.667969 0.921875 0.632812 0.902344 0.628906 0.898438 0.628906 0.859375 0.628906 0.855469 0.640625 0.828125 0.640625 0.824219 0.707031 0.757812
0 1.000000 0.678711 0.988281 0.628906 0.984375 0.625000 0.984375 0.609375 0.984375 0.605469 1.000000 0.558594
0 0.777344 0.277344 0.824219 0.285156 0.828125 0.285156 0.843750 0.292969 0.847656 0.292969 0.914062 0.355469 0.917969 0.359375 0.921875 0.390625 0.921875 0.394531 0.945312 0.437500 0.945312 0.441406 0.914062 0.464844 0.910156 0.464844 0.894531 0.484375 0.890625 0.488281 0.871094 0.496094 0.867188 0.500000 0.843750 0.492188 0.839844 0.492188 0.812500 0.468750 0.808594 0.464844 0.769531 0.449219 0.765625 0.449219 0.750000 0.433594 0.746094 0.429688 0.707031 0.406250 0.703125 0.406250 0.691406 0.390625 0.687500 0.386719 0.667969 0.382812 0.664062 0.382812 0.652344 0.371094 0.648438 0.367188 0.648438 0.343750 0.648438 0.339844 0.687500 0.304688 0.691406 0.300781 0.742188 0.300781 0.746094 0.300781 0.777344 0.277344
0 0.625000 0.378906 0.640625 0.382812 0.644531 0.382812 0.652344 0.398438 0.656250 0.402344 0.656250 0.421875 0.656250 0.425781 0.640625 0.445312 0.636719 0.449219 0.625000 0.480469 0.625000 0.484375 0.605469 0.500000 0.601562 0.503906 0.589844 0.523438 0.589844 0.527344 0.550781 0.558594 0.546875 0.562500 0.542969 0.593750 0.539062 0.597656 0.527344 0.601562 0.523438 0.605469 0.488281 0.601562 0.484375 0.601562 0.480469 0.562500 0.480469 0.558594 0.464844 0.515625 0.460938 0.511719 0.480469 0.437500 0.480469 0.433594 0.500000 0.425781 0.503906 0.425781 0.527344 0.433594 0.531250 0.437500 0.546875 0.437500 0.550781 0.437500 0.566406 0.406250 0.566406 0.402344 0.589844 0.390625 0.593750 0.386719 0.625000 0.378906
0 0.695312 0.421875 0.738281 0.437500 0.742188 0.437500 0.761719 0.457031 0.761719 0.460938 0.750000 0.476562 0.746094 0.480469 0.730469 0.519531 0.730469 0.523438 0.710938 0.542969 0.707031 0.546875 0.695312 0.578125 0.695312 0.582031 0.652344 0.589844 0.648438 0.589844 0.636719 0.585938 0.632812 0.582031 0.628906 0.527344 0.625000 0.523438 0.636719 0.457031 0.636719 0.453125 0.644531 0.445312 0.648438 0.441406 0.695312 0.421875
0 0.882812 0.507812 0.910156 0.511719 0.914062 0.511719 0.929688 0.546875 0.933594 0.550781 0.960938 0.554688 0.964844 0.554688 0.984375 0.566406 0.988281 0.570312 0.988281 0.578125 0.988281 0.582031 0.980469 0.589844 0.976562 0.593750 0.976562 0.613281 0.976562 0.617188 0.968750 0.632812 0.964844 0.636719 0.964844 0.648438 0.964844 0.652344 0.992188 0.671875 0.996094 0.671875 1.000000 0.699219 1.000000 0.730469 1.000000 0.730469 0.976562 0.738281 0.972656 0.742188 0.949219 0.742188 0.945312 0.742188 0.933594 0.730469 0.929688 0.730469 0.906250 0.667969 0.906250 0.664062 0.894531 0.656250 0.890625 0.656250 0.863281 0.621094 0.859375 0.617188 0.843750 0.578125 0.839844 0.574219 0.835938 0.546875 0.835938 0.542969 0.882812 0.507812
0 0.335938 0.226562 0.355469 0.230469 0.359375 0.230469 0.378906 0.250000 0.382812 0.253906 0.394531 0.277344 0.398438 0.281250 0.398438 0.296875 0.398438 0.300781 0.417969 0.320312 0.421875 0.324219 0.460938 0.335938 0.464844 0.335938 0.460938 0.347656 0.460938 0.351562 0.445312 0.367188 0.441406 0.371094 0.406250 0.375000 0.402344 0.378906 0.359375 0.375000 0.355469 0.375000 0.339844 0.367188 0.335938 0.367188 0.324219 0.347656 0.324219 0.343750 0.316406 0.335938 0.312500 0.332031 0.304688 0.332031 0.300781 0.328125 0.300781 0.285156 0.300781 0.281250 0.308594 0.273438 0.312500 0.269531 0.320312 0.242188 0.320312 0.238281 0.335938 0.226562
0 0.167969 0.363281 0.183594 0.363281 0.187500 0.363281 0.203125 0.378906 0.207031 0.382812 0.207031 0.402344 0.207031 0.406250 0.195312 0.425781 0.195312 0.429688 0.187500 0.433594 0.183594 0.437500 0.160156 0.437500 0.156250 0.437500 0.085938 0.460938 0.082031 0.460938 0.078125 0.441406 0.078125 0.437500 0.093750 0.406250 0.093750 0.402344 0.113281 0.378906 0.113281 0.375000 0.167969 0.363281
0 0.183594 0.226562 0.218750 0.226562 0.222656 0.226562 0.242188 0.242188 0.246094 0.246094 0.253906 0.281250 0.257812 0.285156 0.257812 0.320312 0.257812 0.324219 0.246094 0.335938 0.242188 0.339844 0.210938 0.335938 0.207031 0.335938 0.203125 0.320312 0.203125 0.316406 0.183594 0.289062 0.179688 0.285156 0.175781 0.269531 0.171875 0.265625 0.171875 0.242188 0.171875 0.238281 0.183594 0.226562
0 0.199219 0.550781 0.230469 0.554688 0.234375 0.554688 0.257812 0.593750 0.261719 0.597656 0.261719 0.625000 0.261719 0.628906 0.253906 0.644531 0.253906 0.648438 0.222656 0.691406 0.218750 0.695312 0.179688 0.679688 0.175781 0.675781 0.128906 0.671875 0.125000 0.671875 0.105469 0.656250 0.101562 0.652344 0.097656 0.636719 0.093750 0.632812 0.093750 0.593750 0.093750 0.589844 0.101562 0.574219 0.105469 0.570312 0.128906 0.562500 0.132812 0.558594 0.179688 0.558594 0.183594 0.558594 0.199219 0.550781
0 0.199219 0.550781 0.230469 0.554688 0.234375 0.554688 0.261719 0.593750 0.265625 0.597656 0.261719 0.628906 0.261719 0.632812 0.218750 0.695312 0.214844 0.699219 0.210938 0.722656 0.207031 0.726562 0.207031 0.750000 0.207031 0.753906 0.210938 0.761719 0.214844 0.765625 0.214844 0.789062 0.214844 0.792969 0.218750 0.796875 0.222656 0.800781 0.222656 0.812500 0.222656 0.816406 0.187500 0.808594 0.183594 0.808594 0.175781 0.792969 0.171875 0.789062 0.171875 0.777344 0.171875 0.773438 0.156250 0.761719 0.152344 0.761719 0.132812 0.738281 0.128906 0.734375 0.089844 0.730469 0.085938 0.730469 0.070312 0.718750 0.066406 0.714844 0.003906 0.714844 0.000000 0.714844 0.000000 0.558594 0.000000 0.554688 0.046875 0.558594 0.050781 0.558594 0.085938 0.593750 0.089844 0.593750 0.097656 0.582031 0.097656 0.578125 0.117188 0.566406 0.121094 0.562500 0.140625 0.558594 0.144531 0.554688 0.199219 0.550781
0 0.921875 0.855469 0.980469 0.875000 0.984375 0.878906 1.000000 0.880859 1.000000 1.000000 0.931250 1.000000 0.875000 0.988281 0.871094 0.988281 0.859375 0.980469 0.855469 0.976562 0.832031 0.921875 0.832031 0.917969 0.835938 0.914062 0.839844 0.910156 0.890625 0.894531 0.894531 0.894531 0.906250 0.871094 0.906250 0.867188 0.921875 0.855469
0 0.617188 0.906250 0.628906 0.906250 0.632812 0.906250 0.656250 0.917969 0.660156 0.921875 0.691406 0.929688 0.695312 0.929688 0.703125 0.937500 0.707031 0.941406 0.710938 0.964844 0.710938 0.968750 0.706473 1.000000 0.566406 1.000000 0.566406 1.000000 0.562500 0.996094 0.554688 0.949219 0.550781 0.945312 0.554688 0.929688 0.554688 0.925781 0.570312 0.917969 0.574219 0.914062 0.597656 0.914062 0.601562 0.914062 0.617188 0.906250
0 0.492188 0.984375 0.546875 0.988281 0.550781 0.988281 0.562500 1.000000 0.489583 1.000000 0.492188 0.984375
0 0.457031 0.886719 0.472656 0.886719 0.476562 0.886719 0.488281 0.906250 0.492188 0.910156 0.492188 0.945312 0.492188 0.949219 0.484375 0.960938 0.480469 0.964844 0.480469 1.000000 0.322621 1.000000 0.343750 0.933594 0.343750 0.929688 0.359375 0.910156 0.363281 0.906250 0.414062 0.906250 0.417969 0.906250 0.457031 0.886719
0 0.296875 0.863281 0.332031 0.882812 0.335938 0.886719 0.332031 0.902344 0.332031 0.906250 0.285156 0.925781 0.281250 0.929688 0.246094 0.925781 0.242188 0.925781 0.242188 0.902344 0.242188 0.898438 0.273438 0.875000 0.277344 0.871094 0.296875 0.863281
0 0.960938 0.152344 1.000000 0.158353 1.000000 0.219727 0.988281 0.222656 0.984375 0.222656 0.976562 0.234375 0.976562 0.238281 0.960938 0.246094 0.957031 0.250000 0.937500 0.304688 0.937500 0.308594 0.929688 0.316406 0.925781 0.320312 0.906250 0.320312 0.902344 0.320312 0.886719 0.304688 0.882812 0.300781 0.878906 0.269531 0.878906 0.265625 0.902344 0.226562 0.902344 0.222656 0.945312 0.187500 0.949219 0.183594 0.960938 0.152344
0 0.105469 0.070312 0.132812 0.070312 0.136719 0.070312 0.144531 0.074219 0.148438 0.078125 0.148438 0.085938 0.148438 0.089844 0.128906 0.105469 0.125000 0.105469 0.105469 0.128906 0.105469 0.132812 0.082031 0.136719 0.078125 0.136719 0.074219 0.132812 0.070312 0.128906 0.074219 0.105469 0.074219 0.101562 0.105469 0.070312
0 1.000000 0.413405 0.986186 0.430986 0.964527 0.441816 0.942867 0.446457 0.942867 0.426345 0.939773 0.417062 0.936679 0.413968 0.944414 0.409327 0.952150 0.409327 0.972263 0.403138 0.979998 0.387667 0.992375 0.376837 0.995469 0.376837 1.000000 0.373313
0 0.272314 0.191113 0.259263 0.181791 0.249940 0.172469 0.249940 0.157553 0.251805 0.153824 0.248076 0.150095 0.248076 0.146366 0.251805 0.142637 0.274178 0.142637 0.279771 0.148230 0.285365 0.148230 0.290959 0.153824 0.290959 0.157553 0.294687 0.163146 0.294687 0.185520 0.287230 0.187384
0 0.059764 0.217216 0.044848 0.211623 0.041120 0.206029 0.041120 0.192978 0.039255 0.185520 0.035526 0.185520 0.033662 0.183655 0.029933 0.174333 0.029933 0.144502 0.037391 0.144502 0.044848 0.153824 0.046713 0.163146 0.048577 0.168740 0.052306 0.172469 0.052306 0.176198 0.063493 0.187384 0.080273 0.198571 0.085867 0.200436 0.087731 0.204165 0.087731 0.215352 0.082138 0.220945 0.078409 0.220945 0.076545 0.222809
0 0.220109 0.075516 0.207057 0.062465 0.207057 0.058736 0.205193 0.056871 0.205193 0.040091 0.207057 0.036362 0.233160 0.036362 0.238753 0.040091 0.240618 0.049414 0.240618 0.071788 0.235024 0.071788
0 0.656395 0.196707 0.643343 0.204165 0.622834 0.204165 0.606054 0.191113 0.606054 0.187384 0.600460 0.181791 0.600460 0.172469 0.622834 0.155689 0.628427 0.153824 0.648936 0.153824 0.652665 0.155689 0.658259 0.179927 0.660123 0.181791
