0 0.015625 0.406250 0.035156 0.410156 0.039062 0.414062 0.042969 0.457031 0.042969 0.460938 0.000000 0.535156 0.000000 0.539062 0.000000 0.539062 0.000000 0.414621 0.015625 0.406250
0 0.472656 0.562500 0.492188 0.585938 0.496094 0.589844 0.496094 0.597656 0.500000 0.601562 0.511719 0.667969 0.515625 0.671875 0.515625 0.703125 0.519531 0.707031 0.515625 0.816406 0.515625 0.820312 0.507812 0.835938 0.507812 0.839844 0.492188 0.851562 0.488281 0.855469 0.476562 0.843750 0.472656 0.839844 0.472656 0.828125 0.472656 0.824219 0.425781 0.726562 0.421875 0.722656 0.421875 0.710938 0.417969 0.707031 0.417969 0.636719 0.417969 0.632812 0.429688 0.613281 0.429688 0.609375 0.460938 0.589844 0.464844 0.585938 0.472656 0.562500
0 0.195312 0.175781 0.218750 0.179688 0.222656 0.183594 0.359375 0.191406 0.363281 0.191406 0.371094 0.195312 0.375000 0.199219 0.375000 0.210938 0.375000 0.214844 0.324219 0.269531 0.320312 0.273438 0.304688 0.277344 0.300781 0.281250 0.253906 0.285156 0.250000 0.285156 0.183594 0.261719 0.179688 0.261719 0.167969 0.250000 0.164062 0.246094 0.164062 0.222656 0.164062 0.218750 0.171875 0.199219 0.171875 0.195312 0.179688 0.183594 0.183594 0.179688 0.195312 0.175781
0 0.660156 0.980469 0.699219 1.000000 0.644531 1.000000 0.644531 0.992188 0.644531 0.988281 0.660156 0.980469
0 0.660156 0.980469 0.664062 0.980469 0.667969 0.980469 0.695871 1.000000 0.641927 1.000000 0.644531 0.992188 0.644531 0.988281 0.660156 0.980469
0 0.992188 0.875000 1.000000 0.875000 1.000000 1.000000 0.945312 1.000000 0.945312 0.937500 0.945312 0.933594 0.964844 0.917969 0.968750 0.914062 0.976562 0.894531 0.976562 0.890625 0.992188 0.875000
0 0.992188 0.875000 1.000000 0.875000 1.000000 1.000000 0.949219 1.000000 0.949219 0.937500 0.949219 0.933594 0.960938 0.921875 0.964844 0.917969 0.968750 0.906250 0.968750 0.902344 0.984375 0.882812 0.984375 0.878906 0.992188 0.875000
0 0.992188 0.664062 1.000000 0.666667 1.000000 0.765625 1.000000 0.765625 0.996094 0.769531 0.957031 0.781250 0.953125 0.781250 0.933594 0.765625 0.929688 0.761719 0.925781 0.734375 0.925781 0.730469 0.941406 0.703125 0.941406 0.699219 0.953125 0.687500 0.957031 0.683594 0.992188 0.664062
0 0.976562 0.468750 0.992188 0.472656 0.996094 0.476562 1.000000 0.511719 1.000000 0.511719 1.000000 0.535156 1.000000 0.535156 1.000000 0.539062 1.000000 0.539062 1.000000 0.645508 0.988281 0.660156 0.984375 0.664062 0.960938 0.671875 0.957031 0.675781 0.941406 0.675781 0.937500 0.675781 0.933594 0.671875 0.929688 0.667969 0.886719 0.660156 0.882812 0.656250 0.843750 0.652344 0.839844 0.652344 0.835938 0.636719 0.835938 0.632812 0.871094 0.597656 0.875000 0.593750 0.898438 0.546875 0.898438 0.542969 0.929688 0.507812 0.933594 0.503906 0.976562 0.468750
0 0.855469 0.683594 0.894531 0.695312 0.898438 0.699219 0.902344 0.718750 0.906250 0.722656 0.902344 0.746094 0.898438 0.750000 0.843750 0.753906 0.839844 0.753906 0.828125 0.707031 0.828125 0.703125 0.832031 0.695312 0.835938 0.691406 0.855469 0.683594
0 0.808594 0.527344 0.863281 0.531250 0.867188 0.531250 0.875000 0.546875 0.878906 0.550781 0.871094 0.578125 0.871094 0.582031 0.832031 0.585938 0.828125 0.585938 0.792969 0.574219 0.789062 0.574219 0.785156 0.554688 0.785156 0.550781 0.808594 0.527344
0 0.937500 0.242188 0.957031 0.242188 0.960938 0.242188 0.976562 0.257812 0.980469 0.261719 0.980469 0.296875 0.980469 0.300781 0.949219 0.304688 0.945312 0.304688 0.929688 0.296875 0.925781 0.292969 0.921875 0.265625 0.921875 0.261719 0.937500 0.242188
0 0.855469 0.117188 0.871094 0.125000 0.875000 0.128906 0.875000 0.187500 0.871094 0.191406 0.855469 0.191406 0.851562 0.191406 0.835938 0.179688 0.832031 0.179688 0.816406 0.160156 0.812500 0.160156 0.808594 0.144531 0.804688 0.140625 0.808594 0.128906 0.812500 0.125000 0.839844 0.125000 0.843750 0.125000 0.855469 0.117188
0 0.574219 0.308594 0.582031 0.308594 0.585938 0.308594 0.613281 0.335938 0.617188 0.339844 0.621094 0.367188 0.625000 0.371094 0.621094 0.390625 0.617188 0.394531 0.593750 0.394531 0.589844 0.394531 0.570312 0.375000 0.566406 0.371094 0.558594 0.343750 0.558594 0.339844 0.574219 0.308594
0 0.285156 0.285156 0.308594 0.285156 0.312500 0.285156 0.335938 0.308594 0.339844 0.312500 0.363281 0.367188 0.363281 0.371094 0.378906 0.390625 0.382812 0.394531 0.390625 0.417969 0.386719 0.421875 0.375000 0.425781 0.371094 0.425781 0.355469 0.406250 0.351562 0.402344 0.328125 0.390625 0.324219 0.386719 0.324219 0.378906 0.324219 0.375000 0.312500 0.359375 0.312500 0.355469 0.281250 0.324219 0.277344 0.320312 0.277344 0.300781 0.277344 0.296875 0.285156 0.285156
0 0.054688 0.656250 0.074219 0.664062 0.078125 0.667969 0.074219 0.691406 0.070312 0.695312 0.000000 0.735491 0.000000 0.670641 0.054688 0.656250
0 0.000000 0.542969 0.031250 0.546875 0.035156 0.550781 0.035156 0.574219 0.035156 0.578125 0.015625 0.613281 0.015625 0.617188 0.000000 0.622944 0.000000 0.542969 0.000000 0.542969
0 0.144531 0.609375 0.156250 0.609375 0.160156 0.609375 0.175781 0.625000 0.179688 0.628906 0.175781 0.656250 0.175781 0.660156 0.160156 0.667969 0.156250 0.671875 0.136719 0.671875 0.132812 0.671875 0.121094 0.664062 0.117188 0.660156 0.121094 0.632812 0.121094 0.628906 0.144531 0.609375
0 0.257812 0.902344 0.285156 0.906250 0.289062 0.906250 0.289062 0.921875 0.289062 0.925781 0.273438 0.949219 0.273438 0.953125 0.246094 0.980469 0.242188 0.984375 0.234375 1.000000 0.158203 1.000000 0.160156 0.992188 0.160156 0.988281 0.222656 0.925781 0.226562 0.921875 0.257812 0.902344
0 0.660156 0.535156 0.664062 0.535156 0.667969 0.535156 0.671875 0.542969 0.675781 0.546875 0.660156 0.593750 0.660156 0.597656 0.617188 0.667969 0.617188 0.671875 0.593750 0.699219 0.589844 0.703125 0.582031 0.703125 0.578125 0.703125 0.574219 0.699219 0.570312 0.695312 0.574219 0.648438 0.574219 0.644531 0.585938 0.625000 0.585938 0.621094 0.632812 0.578125 0.636719 0.574219 0.660156 0.535156
0 0.542969 0.707031 0.562500 0.710938 0.566406 0.710938 0.570312 0.734375 0.570312 0.738281 0.566406 0.746094 0.562500 0.750000 0.531250 0.753906 0.527344 0.753906 0.527344 0.734375 0.527344 0.730469 0.542969 0.707031
0 1.000000 0.835938 0.996094 0.832031 0.992188 0.828125 0.988281 0.808594 0.988281 0.804688 1.000000 0.792969
0 0.917969 0.769531 0.937500 0.769531 0.941406 0.773438 0.949219 0.785156 0.953125 0.789062 0.949219 0.804688 0.945312 0.808594 0.898438 0.812500 0.894531 0.808594 0.902344 0.789062 0.902344 0.785156 0.917969 0.769531
0 0.722656 0.656250 0.738281 0.656250 0.742188 0.656250 0.753906 0.667969 0.757812 0.671875 0.761719 0.683594 0.765625 0.687500 0.761719 0.699219 0.757812 0.703125 0.738281 0.703125 0.734375 0.703125 0.718750 0.691406 0.714844 0.687500 0.710938 0.671875 0.710938 0.667969 0.722656 0.656250
0 0.542969 0.593750 0.570312 0.601562 0.574219 0.601562 0.578125 0.613281 0.578125 0.617188 0.562500 0.644531 0.558594 0.648438 0.535156 0.652344 0.531250 0.652344 0.519531 0.640625 0.515625 0.636719 0.511719 0.621094 0.511719 0.617188 0.542969 0.593750
0 0.656250 0.859375 0.675781 0.863281 0.679688 0.867188 0.679688 0.882812 0.679688 0.886719 0.664062 0.902344 0.660156 0.906250 0.648438 0.902344 0.644531 0.902344 0.640625 0.894531 0.636719 0.890625 0.644531 0.871094 0.644531 0.867188 0.656250 0.859375
0 0.566406 0.835938 0.582031 0.855469 0.585938 0.859375 0.582031 0.875000 0.582031 0.878906 0.570312 0.878906 0.566406 0.878906 0.562500 0.871094 0.558594 0.867188 0.558594 0.847656 0.558594 0.843750 0.566406 0.835938
0 0.738281 0.843750 0.750000 0.843750 0.753906 0.843750 0.765625 0.855469 0.769531 0.859375 0.761719 0.886719 0.757812 0.890625 0.746094 0.890625 0.742188 0.890625 0.734375 0.875000 0.730469 0.871094 0.730469 0.855469 0.730469 0.851562 0.738281 0.843750
0 0.742188 0.843750 0.765625 0.855469 0.769531 0.859375 0.777344 0.886719 0.781250 0.890625 0.800781 0.890625 0.804688 0.890625 0.804688 0.906250 0.800781 0.910156 0.789062 0.910156 0.785156 0.910156 0.781250 0.906250 0.777344 0.906250 0.777344 0.898438 0.773438 0.894531 0.742188 0.886719 0.738281 0.882812 0.730469 0.855469 0.730469 0.851562 0.742188 0.843750
0 0.839844 0.835938 0.843750 0.839844 0.847656 0.843750 0.847656 0.855469 0.847656 0.859375 0.843750 0.863281 0.843750 0.867188 0.828125 0.871094 0.824219 0.871094 0.816406 0.851562 0.816406 0.847656 0.839844 0.835938
0 0.199219 0.000000 0.382812 0.000000 0.386719 0.000000 0.375000 0.011719 0.371094 0.015625 0.367188 0.031250 0.363281 0.035156 0.343750 0.160156 0.339844 0.164062 0.324219 0.167969 0.320312 0.171875 0.289062 0.167969 0.285156 0.164062 0.164062 0.164062 0.160156 0.160156 0.171875 0.140625 0.175781 0.136719 0.179688 0.070312 0.179688 0.066406 0.187500 0.046875 0.191406 0.042969 0.199219 0.000000
0 0.171875 0.402344 0.218750 0.406250 0.222656 0.406250 0.250000 0.417969 0.253906 0.421875 0.265625 0.421875 0.269531 0.425781 0.269531 0.468750 0.269531 0.472656 0.250000 0.535156 0.250000 0.539062 0.226562 0.582031 0.226562 0.585938 0.214844 0.593750 0.210938 0.597656 0.199219 0.597656 0.195312 0.597656 0.171875 0.578125 0.167969 0.578125 0.136719 0.546875 0.132812 0.542969 0.128906 0.523438 0.125000 0.519531 0.121094 0.445312 0.121094 0.441406 0.128906 0.429688 0.132812 0.425781 0.171875 0.402344
0 0.156250 0.078125 0.167969 0.082031 0.171875 0.082031 0.175781 0.113281 0.175781 0.117188 0.171875 0.128906 0.171875 0.132812 0.152344 0.160156 0.152344 0.164062 0.113281 0.199219 0.109375 0.203125 0.082031 0.242188 0.078125 0.246094 0.062500 0.246094 0.058594 0.246094 0.027344 0.226562 0.023438 0.226562 0.019531 0.222656 0.015625 0.218750 0.015625 0.203125 0.015625 0.199219 0.156250 0.078125
0 0.949219 0.058594 0.953125 0.058594 0.957031 0.062500 0.953125 0.113281 0.953125 0.117188 0.941406 0.121094 0.937500 0.121094 0.921875 0.117188 0.917969 0.113281 0.890625 0.113281 0.886719 0.109375 0.886719 0.101562 0.886719 0.097656 0.902344 0.082031 0.906250 0.078125 0.949219 0.058594
0 0.890625 0.167969 0.914062 0.167969 0.917969 0.167969 0.949219 0.179688 0.953125 0.179688 0.960938 0.199219 0.964844 0.203125 0.960938 0.222656 0.960938 0.226562 0.906250 0.277344 0.902344 0.281250 0.890625 0.281250 0.886719 0.281250 0.863281 0.246094 0.859375 0.242188 0.863281 0.222656 0.863281 0.218750 0.890625 0.167969
0 0.929688 0.304688 0.976562 0.308594 0.980469 0.308594 1.000000 0.325335 1.000000 0.366406 0.992188 0.386719 0.988281 0.390625 0.976562 0.394531 0.972656 0.394531 0.941406 0.386719 0.937500 0.386719 0.929688 0.378906 0.925781 0.375000 0.921875 0.367188 0.917969 0.363281 0.917969 0.328125 0.917969 0.324219 0.929688 0.304688
0 0.429688 0.160156 0.457031 0.164062 0.460938 0.164062 0.492188 0.179688 0.496094 0.183594 0.472656 0.222656 0.468750 0.226562 0.429688 0.230469 0.425781 0.230469 0.417969 0.222656 0.414062 0.218750 0.414062 0.171875 0.414062 0.167969 0.429688 0.160156
0 0.101562 0.304688 0.117188 0.308594 0.121094 0.312500 0.128906 0.332031 0.128906 0.335938 0.156250 0.375000 0.160156 0.378906 0.164062 0.394531 0.167969 0.398438 0.164062 0.402344 0.160156 0.406250 0.140625 0.410156 0.136719 0.410156 0.125000 0.402344 0.121094 0.402344 0.093750 0.355469 0.089844 0.351562 0.085938 0.335938 0.085938 0.332031 0.101562 0.304688
0 0.132812 0.242188 0.152344 0.246094 0.156250 0.246094 0.167969 0.257812 0.171875 0.261719 0.171875 0.281250 0.171875 0.285156 0.125000 0.312500 0.121094 0.316406 0.125000 0.335938 0.125000 0.339844 0.105469 0.363281 0.101562 0.367188 0.082031 0.375000 0.078125 0.378906 0.027344 0.390625 0.023438 0.390625 0.019531 0.378906 0.019531 0.375000 0.039062 0.328125 0.039062 0.324219 0.058594 0.300781 0.062500 0.296875 0.097656 0.285156 0.101562 0.285156 0.132812 0.242188
0 0.597656 0.160156 0.613281 0.164062 0.617188 0.167969 0.621094 0.199219 0.621094 0.203125 0.613281 0.230469 0.609375 0.234375 0.609375 0.273438 0.609375 0.277344 0.582031 0.296875 0.578125 0.296875 0.535156 0.261719 0.531250 0.257812 0.507812 0.222656 0.503906 0.218750 0.507812 0.199219 0.507812 0.195312 0.527344 0.167969 0.531250 0.164062 0.574219 0.167969 0.578125 0.167969 0.597656 0.160156
0 0.171875 0.742188 0.187500 0.746094 0.191406 0.746094 0.199219 0.757812 0.199219 0.761719 0.222656 0.781250 0.226562 0.785156 0.222656 0.808594 0.222656 0.812500 0.203125 0.847656 0.203125 0.851562 0.191406 0.859375 0.187500 0.863281 0.164062 0.859375 0.160156 0.859375 0.148438 0.847656 0.144531 0.843750 0.144531 0.835938 0.140625 0.832031 0.140625 0.820312 0.140625 0.816406 0.156250 0.789062 0.160156 0.785156 0.160156 0.757812 0.160156 0.753906 0.171875 0.742188
0 0.312500 0.871094 0.328125 0.871094 0.332031 0.871094 0.343750 0.878906 0.347656 0.878906 0.371094 0.902344 0.375000 0.902344 0.375000 0.910156 0.375000 0.914062 0.367188 0.917969 0.363281 0.921875 0.320312 0.921875 0.316406 0.921875 0.312500 0.917969 0.308594 0.914062 0.312500 0.871094
0 0.347656 0.835938 0.367188 0.835938 0.371094 0.835938 0.382812 0.847656 0.386719 0.851562 0.386719 0.863281 0.386719 0.867188 0.371094 0.871094 0.367188 0.875000 0.339844 0.871094 0.335938 0.871094 0.335938 0.855469 0.335938 0.851562 0.347656 0.835938
0 0.636719 0.015625 0.687500 0.027344 0.691406 0.027344 0.691406 0.042969 0.691406 0.046875 0.675781 0.066406 0.671875 0.070312 0.667969 0.097656 0.667969 0.101562 0.664062 0.109375 0.660156 0.113281 0.652344 0.113281 0.648438 0.117188 0.636719 0.105469 0.632812 0.101562 0.605469 0.050781 0.601562 0.046875 0.605469 0.039062 0.605469 0.035156 0.617188 0.031250 0.621094 0.031250 0.636719 0.015625
0 0.718750 0.316406 0.738281 0.320312 0.742188 0.320312 0.761719 0.335938 0.765625 0.339844 0.773438 0.355469 0.777344 0.359375 0.765625 0.382812 0.761719 0.386719 0.730469 0.382812 0.726562 0.378906 0.707031 0.339844 0.703125 0.335938 0.703125 0.328125 0.703125 0.324219 0.718750 0.316406
0 0.761719 0.281250 0.796875 0.281250 0.800781 0.281250 0.812500 0.285156 0.816406 0.285156 0.816406 0.292969 0.820312 0.296875 0.808594 0.312500 0.804688 0.316406 0.781250 0.320312 0.777344 0.320312 0.761719 0.312500 0.757812 0.308594 0.761719 0.281250
0 0.898438 0.121094 0.925781 0.125000 0.929688 0.125000 0.957031 0.164062 0.957031 0.167969 0.941406 0.171875 0.937500 0.171875 0.914062 0.164062 0.910156 0.160156 0.894531 0.160156 0.890625 0.160156 0.886719 0.140625 0.886719 0.136719 0.898438 0.121094
0 1.000000 0.268083 0.996609 0.271473 0.990644 0.272964 0.983187 0.278930 0.983187 0.284895 0.980204 0.289370 0.980204 0.296826 1.000000 0.305487
0 0.854123 0.107273 0.848516 0.106253 0.846988 0.104724 0.846988 0.102176 0.844439 0.098098 0.844439 0.095040 0.841891 0.087395 0.841891 0.065479 0.842910 0.060892 0.843929 0.058853 0.845968 0.057324 0.855142 0.052227 0.857181 0.051718 0.861259 0.052227 0.864316 0.054266 0.865846 0.056305 0.867884 0.061402 0.869413 0.063440 0.870942 0.068027 0.872471 0.070066 0.875529 0.078221 0.876549 0.083318 0.880626 0.093511 0.880626 0.102176 0.880116 0.104214 0.878588 0.105743 0.878588 0.108292 0.877059 0.110330 0.872981 0.111860 0.864826 0.112369 0.858200 0.109311
0 0.883175 0.063440 0.889800 0.061911 0.896426 0.062421 0.898975 0.066498 0.903052 0.071085 0.904581 0.075672 0.904071 0.082298 0.901013 0.087395 0.895916 0.092492 0.889291 0.094530 0.881136 0.094530 0.872471 0.088924 0.869413 0.080259 0.869923 0.077711 0.872981 0.074653 0.878588 0.067008
0 0.710938 0.039062 0.722656 0.039062 0.726562 0.039062 0.730469 0.042969 0.734375 0.046875 0.738281 0.066406 0.742188 0.070312 0.753906 0.062500 0.757812 0.058594 0.781250 0.062500 0.785156 0.066406 0.773438 0.082031 0.769531 0.085938 0.769531 0.144531 0.769531 0.148438 0.781250 0.160156 0.785156 0.164062 0.781250 0.222656 0.781250 0.226562 0.769531 0.234375 0.765625 0.238281 0.742188 0.238281 0.738281 0.242188 0.644531 0.238281 0.640625 0.238281 0.632812 0.218750 0.632812 0.214844 0.640625 0.191406 0.644531 0.187500 0.652344 0.132812 0.652344 0.128906 0.664062 0.109375 0.667969 0.105469 0.687500 0.050781 0.687500 0.046875 0.710938 0.039062
0 0.588580 0.154673 0.583484 0.154673 0.580935 0.153653 0.576348 0.147537 0.575838 0.144989 0.572780 0.138873 0.572780 0.134286 0.573800 0.129189 0.577877 0.123073 0.580935 0.120014 0.587051 0.117466 0.600812 0.114918 0.607438 0.114918 0.609987 0.113389 0.612535 0.114408 0.613555 0.117466 0.616613 0.121034 0.623748 0.138873 0.628335 0.146008 0.634961 0.160789 0.639548 0.166395 0.641587 0.179137 0.641077 0.217363 0.638529 0.220931 0.635471 0.221441 0.624258 0.225518 0.622219 0.227047 0.619671 0.230615 0.617632 0.231634 0.613555 0.231634 0.609987 0.229595 0.607948 0.224498 0.607948 0.219402 0.608968 0.215324 0.608968 0.208189 0.607438 0.205641 0.605909 0.199015 0.604380 0.196466 0.603871 0.191370 0.602342 0.188311 0.602342 0.186273 0.600812 0.183214 0.600303 0.180666 0.597245 0.174550 0.595206 0.167924 0.591129 0.159260
0 0.271050 0.422254 0.275128 0.419196 0.292457 0.411041 0.305199 0.403396 0.307237 0.401867 0.309276 0.397789 0.311315 0.397789 0.315393 0.396261 0.317431 0.394731 0.322528 0.394731 0.327115 0.396261 0.328644 0.397789 0.331193 0.398299 0.337818 0.403905 0.342405 0.405944 0.343934 0.407473 0.344444 0.409512 0.343425 0.414099 0.343425 0.421235 0.344954 0.423273 0.346993 0.424293 0.354128 0.425822 0.356677 0.425822 0.365341 0.432448 0.368399 0.437035 0.369928 0.441112 0.369928 0.443151 0.359225 0.453345 0.357186 0.454364 0.352599 0.454873 0.339857 0.454364 0.332212 0.450286 0.330173 0.449777 0.326096 0.446719 0.324057 0.446719 0.313354 0.452325 0.305199 0.452325 0.296025 0.454364 0.290928 0.454873 0.288379 0.455893 0.285831 0.455893 0.283283 0.456912 0.274618 0.456912 0.271050 0.454364 0.267483 0.446719 0.266973 0.444170 0.267483 0.426331
0 0.150895 0.000000 0.195488 0.000000 0.192171 0.005363 0.181852 0.018630 0.178904 0.021210 0.173375 0.024158 0.152000 0.027475 0.131362 0.028949 0.109618 0.032266 0.091929 0.032266 0.080873 0.029686 0.070922 0.029686 0.070185 0.014208 0.074607 0.013102 0.078661 0.013102 0.083452 0.013471 0.087506 0.014576 0.105196 0.014576 0.109250 0.013471 0.115884 0.013102 0.118832 0.011628 0.124360 0.011259 0.135048 0.008311 0.140944 0.007574 0.143893 0.006468 0.147209 0.002783
0 0.409476 0.914125 0.399315 0.912996 0.391412 0.909609 0.372219 0.899448 0.371090 0.897191 0.371090 0.890417 0.376735 0.882514 0.409476 0.863321 0.421895 0.863321 0.425281 0.866708 0.429797 0.877998 0.429797 0.900578 0.425281 0.908480 0.418507 0.911868
0 0.680431 0.346248 0.670270 0.349635 0.662367 0.349635 0.642046 0.348506 0.637530 0.345119 0.628498 0.331571 0.622853 0.318023 0.621724 0.308992 0.619466 0.305605 0.619466 0.289799 0.625111 0.285283 0.633014 0.284154 0.669141 0.284154 0.683818 0.304476 0.698495 0.314637 0.704139 0.323668 0.705269 0.333829 0.707527 0.338345 0.707527 0.349635 0.704139 0.355280 0.695108 0.358667 0.689463 0.357538 0.687205 0.354151
0 0.891329 0.056305 0.890820 0.050698 0.892349 0.046621 0.892859 0.042034 0.894897 0.038975 0.903052 0.038466 0.909168 0.036937 0.913755 0.036937 0.921400 0.034898 0.930575 0.033879 0.948923 0.024195 0.960136 0.010943 0.962684 0.008904 0.965233 0.007375 0.969310 0.008904 0.972878 0.018588 0.972878 0.027253 0.972368 0.029292 0.969310 0.032350 0.969310 0.034898 0.965233 0.038466 0.958607 0.041014 0.954530 0.041524 0.951471 0.043053 0.949943 0.045092 0.949943 0.049679 0.950962 0.052227 0.950962 0.058853 0.950452 0.060892 0.945865 0.065479 0.935671 0.070066 0.931084 0.073634 0.919362 0.078730 0.912226 0.078730 0.908149 0.076692 0.906110 0.076692 0.902543 0.073634 0.895407 0.059872
0 0.962855 0.732440 0.977170 0.732440 0.986712 0.736019 0.995063 0.736019 0.996256 0.728861 0.989098 0.706196 0.978362 0.699039 0.962855 0.699039 0.960469 0.701425 0.958083 0.709775 0.953311 0.713354 0.953311 0.720511 0.954504 0.724090 0.956890 0.724090
0 0.975287 0.025317 0.990912 0.025317 0.994818 0.025317 1.000000 0.030498 1.000000 0.084860 0.967475 0.087817 0.963568 0.083911 0.959662 0.060473 0.959662 0.056567 0.975287 0.025317
0 0.953125 0.855469 0.976562 0.867188 0.980469 0.871094 0.972656 0.886719 0.968750 0.890625 0.945312 0.890625 0.941406 0.886719 0.941406 0.875000 0.941406 0.871094 0.953125 0.855469
0 0.988281 0.375000 0.996094 0.375000 1.000000 0.378906 1.000000 0.390625 1.000000 0.390625 1.000000 0.412109 0.996094 0.429688 0.992188 0.433594 0.976562 0.425781 0.972656 0.421875 0.972656 0.398438 0.972656 0.394531 0.988281 0.375000
0 0.484375 0.242188 0.488281 0.242188 0.492188 0.246094 0.492188 0.265625 0.492188 0.269531 0.484375 0.289062 0.484375 0.292969 0.480469 0.296875 0.476562 0.300781 0.453125 0.304688 0.449219 0.304688 0.414062 0.320312 0.410156 0.320312 0.406250 0.304688 0.406250 0.300781 0.417969 0.281250 0.417969 0.277344 0.484375 0.242188
0 0.328125 0.468750 0.347656 0.476562 0.347656 0.480469 0.328125 0.519531 0.328125 0.523438 0.316406 0.527344 0.312500 0.527344 0.300781 0.496094 0.300781 0.492188 0.328125 0.468750
0 0.000000 0.755469 0.011719 0.757812 0.015625 0.757812 0.023438 0.765625 0.027344 0.769531 0.027344 0.777344 0.027344 0.781250 0.007812 0.800781 0.003906 0.804688 0.000000 0.805246
0 0.261719 0.566406 0.312500 0.566406 0.316406 0.566406 0.324219 0.574219 0.324219 0.578125 0.308594 0.593750 0.304688 0.597656 0.253906 0.613281 0.250000 0.613281 0.234375 0.593750 0.234375 0.589844 0.242188 0.578125 0.246094 0.574219 0.261719 0.566406
0 0.078125 0.621094 0.101562 0.625000 0.105469 0.628906 0.105469 0.667969 0.105469 0.671875 0.097656 0.679688 0.093750 0.683594 0.085938 0.679688 0.082031 0.679688 0.070312 0.652344 0.066406 0.648438 0.078125 0.621094
0 0.046875 0.531250 0.070312 0.535156 0.074219 0.535156 0.074219 0.546875 0.074219 0.550781 0.050781 0.554688 0.046875 0.554688 0.046875 0.531250
0 0.406250 0.386719 0.414062 0.386719 0.417969 0.386719 0.425781 0.394531 0.429688 0.398438 0.433594 0.417969 0.429688 0.421875 0.402344 0.421875 0.398438 0.417969 0.394531 0.402344 0.394531 0.398438 0.406250 0.386719
0 0.472656 0.070688 0.500000 0.098032 0.503906 0.101938 0.503906 0.121470 0.503906 0.125376 0.496094 0.129282 0.495570 0.137322 0.485878 0.137550 0.480469 0.129282 0.476562 0.117563 0.472656 0.113657 0.472656 0.070688
0 0.597656 0.535156 0.601562 0.535156 0.605469 0.535156 0.613281 0.562500 0.617188 0.566406 0.617188 0.574219 0.617188 0.578125 0.609375 0.585938 0.605469 0.589844 0.539062 0.589844 0.535156 0.585938 0.535156 0.562500 0.539062 0.558594 0.574219 0.554688 0.578125 0.554688 0.597656 0.535156
0 0.781250 0.960938 0.808594 0.964844 0.812500 0.964844 0.816406 0.980469 0.816406 0.984375 0.812500 0.988281 0.808594 0.992188 0.792969 0.988281 0.789062 0.988281 0.781250 0.980469 0.777344 0.976562 0.781250 0.960938
0 0.160156 0.941406 0.187500 0.941406 0.191406 0.945312 0.183594 0.960938 0.179688 0.964844 0.160156 0.968750 0.156250 0.968750 0.156250 0.953125 0.152344 0.949219 0.160156 0.941406
0 0.621094 0.917969 0.644531 0.921875 0.648438 0.925781 0.644531 0.953125 0.640625 0.957031 0.628906 0.960938 0.625000 0.960938 0.617188 0.953125 0.613281 0.949219 0.609375 0.933594 0.605469 0.929688 0.621094 0.917969
0 0.421875 0.742188 0.429688 0.742188 0.433594 0.746094 0.449219 0.781250 0.453125 0.785156 0.449219 0.796875 0.449219 0.800781 0.433594 0.808594 0.429688 0.812500 0.417969 0.800781 0.414062 0.796875 0.421875 0.742188
0 0.039062 0.773438 0.042969 0.773438 0.046875 0.773438 0.054688 0.789062 0.050781 0.792969 0.035156 0.789062 0.031250 0.785156 0.039062 0.773438
0 0.070312 0.789062 0.089844 0.792969 0.093750 0.792969 0.093750 0.800781 0.093750 0.804688 0.085938 0.808594 0.082031 0.812500 0.070312 0.808594 0.066406 0.808594 0.062500 0.796875 0.062500 0.792969 0.070312 0.789062
0 0.074219 0.703125 0.078125 0.703125 0.082031 0.707031 0.078125 0.722656 0.074219 0.726562 0.082031 0.769531 0.082031 0.773438 0.078125 0.777344 0.078125 0.781250 0.070312 0.781250 0.066406 0.781250 0.058594 0.773438 0.054688 0.769531 0.050781 0.726562 0.050781 0.722656 0.054688 0.714844 0.058594 0.710938 0.074219 0.703125
0 0.144531 0.992188 0.148438 0.992188 0.152344 0.992188 0.154948 1.000000 0.134115 1.000000 0.144531 0.992188
0 0.113281 0.960938 0.121094 0.984375 0.121094 0.988281 0.117188 0.992188 0.113281 0.996094 0.082031 1.000000 0.078125 1.000000 0.070312 0.988281 0.070312 0.984375 0.105469 0.968750 0.109375 0.968750 0.113281 0.960938
0 0.328125 0.593750 0.347656 0.597656 0.351562 0.597656 0.406250 0.625000 0.410156 0.625000 0.414062 0.632812 0.417969 0.636719 0.414062 0.761719 0.410156 0.765625 0.417969 0.804688 0.417969 0.808594 0.406250 0.828125 0.406250 0.832031 0.394531 0.839844 0.390625 0.843750 0.371094 0.832031 0.367188 0.832031 0.339844 0.792969 0.335938 0.789062 0.265625 0.789062 0.261719 0.789062 0.277344 0.714844 0.277344 0.710938 0.312500 0.636719 0.316406 0.632812 0.328125 0.593750
0 0.894531 0.328125 0.914062 0.332031 0.917969 0.335938 0.910156 0.367188 0.906250 0.371094 0.875000 0.363281 0.871094 0.359375 0.875000 0.347656 0.875000 0.343750 0.894531 0.328125
0 0.382812 0.496094 0.402344 0.496094 0.406250 0.496094 0.414062 0.511719 0.414062 0.515625 0.402344 0.519531 0.398438 0.523438 0.378906 0.519531 0.375000 0.519531 0.371094 0.511719 0.371094 0.507812 0.382812 0.496094
0 0.800781 0.695312 0.808594 0.699219 0.812500 0.703125 0.808594 0.730469 0.804688 0.734375 0.800781 0.734375 0.796875 0.734375 0.781250 0.714844 0.777344 0.710938 0.777344 0.707031 0.781250 0.703125 0.800781 0.695312
0 0.746899 0.765131 0.745759 0.769692 0.738918 0.770262 0.737778 0.772543 0.737778 0.775393 0.732647 0.778813 0.730366 0.778813 0.728086 0.775393 0.723525 0.775393 0.722385 0.773112 0.720105 0.772543 0.718964 0.770832 0.718964 0.766271 0.720675 0.765131 0.721815 0.762851 0.720105 0.760570 0.720105 0.756009 0.722385 0.756009 0.724665 0.752589 0.726376 0.751449 0.728656 0.751449 0.730936 0.749739 0.737778 0.749739 0.737207 0.752019 0.740058 0.753159 0.744619 0.753159 0.746329 0.754299 0.746329 0.760570
0 0.712693 0.785655 0.701291 0.785655 0.699581 0.786795 0.697301 0.786795 0.696161 0.779384 0.689319 0.778813 0.689319 0.767411 0.689889 0.765131 0.696730 0.765131 0.697301 0.762851 0.699011 0.760570 0.700721 0.756009 0.705282 0.754299 0.709843 0.754299 0.712123 0.758290 0.712123 0.763421 0.713263 0.765131 0.714974 0.766271 0.716114 0.768552 0.716114 0.780524
0 0.905496 0.528643 0.888337 0.524458 0.884152 0.524458 0.881641 0.525295 0.875363 0.525295 0.871178 0.526969 0.862389 0.526969 0.861134 0.525295 0.861134 0.523203 0.864482 0.519018 0.871178 0.512740 0.872434 0.510647 0.875782 0.508136 0.875782 0.506044 0.877456 0.504788 0.881641 0.503532 0.886245 0.503114 0.911355 0.502695 0.913448 0.501859 0.918052 0.496836 0.921818 0.490559 0.929770 0.480096 0.938140 0.472144 0.946929 0.466703 0.951533 0.465029 0.955718 0.462518 0.964925 0.453311 0.967855 0.451637 0.977062 0.448289 0.982503 0.448289 0.983340 0.452892 0.980829 0.460007 0.979992 0.465029 0.978318 0.466703 0.977899 0.468796 0.975807 0.469633 0.971203 0.473400 0.969111 0.473818 0.954462 0.486373 0.947766 0.493488 0.944837 0.498510 0.940652 0.503532 0.935211 0.505207 0.928096 0.508555 0.921400 0.513995 0.918470 0.518599 0.916378 0.520691 0.909263 0.526132
0 0.510070 0.376482 0.503402 0.367147 0.496735 0.364480 0.496735 0.351145 0.512737 0.336477 0.524739 0.348478 0.528739 0.349812 0.528739 0.352479 0.532740 0.353812 0.534073 0.356479 0.532740 0.375148 0.523405 0.376482
0 0.355382 0.580510 0.348714 0.589845 0.347381 0.595179 0.327378 0.595179 0.326045 0.597846 0.320711 0.600513 0.306042 0.600513 0.306042 0.580510 0.310043 0.575176 0.311376 0.568508 0.326045 0.564508 0.327378 0.561841 0.326045 0.559174 0.320711 0.557840 0.338046 0.557840 0.338046 0.536504 0.352715 0.529836 0.358049 0.517835 0.362050 0.512501 0.364717 0.513834 0.368717 0.520502 0.368717 0.536504 0.360716 0.555173 0.360716 0.563174 0.368717 0.565841 0.370051 0.568508 0.370051 0.587177 0.367384 0.587177
0 0.440365 0.114818 0.452742 0.122695 0.452742 0.129446 0.449366 0.130571 0.415611 0.130571 0.404359 0.121569 0.399858 0.121569 0.398732 0.119319 0.396482 0.119319 0.395357 0.103566 0.402108 0.100191 0.405846 0.091171 0.409984 0.088939 0.413360 0.087813 0.421999 0.087057 0.425737 0.090064 0.445991 0.099065 0.448241 0.110317
0 0.460618 0.446752 0.462869 0.455754 0.471870 0.470381 0.471870 0.477132 0.445991 0.477132 0.442615 0.470381 0.442615 0.461380 0.440365 0.461380 0.439239 0.452378 0.442615 0.429874 0.444866 0.428749 0.444866 0.425373 0.451617 0.424248 0.461744 0.418622 0.472996 0.418622 0.493249 0.427623 0.503376 0.434375 0.516879 0.434375 0.516879 0.438876 0.509002 0.445627 0.489873 0.445627 0.489873 0.441126 0.480872 0.441126 0.480872 0.447877 0.469620 0.451253
