0 0.023414 0.132565 0.011880 0.123595 0.009318 0.115905 0.000000 0.115905 0.000000 0.184363 0.009318 0.185108 0.009318 0.187671 0.013567 0.187435 0.028541 0.178701 0.020852 0.171011 0.028541 0.164604 0.043919 0.163322 0.038793 0.146662
0 0.052890 0.115905 0.047764 0.127439 0.037511 0.132565 0.047764 0.136410 0.059298 0.150507 0.059298 0.160759 0.074676 0.160759 0.074676 0.142818 0.084928 0.137691 0.075957 0.123595 0.065705 0.115905
0 0.106714 0.153070 0.111841 0.136410 0.100307 0.132565 0.101588 0.114624 0.096462 0.105653 0.093899 0.105653 0.092618 0.101808 0.090054 0.100527 0.086210 0.091556 0.072113 0.087711 0.065705 0.068488 0.049045 0.058236 0.038793 0.064644 0.033667 0.083867 0.043919 0.085148 0.043919 0.096682 0.051608 0.108216 0.051608 0.118468 0.074676 0.115905 0.086210 0.122313 0.084928 0.145380 0.096462 0.150507
0 0.254091 0.033887 0.254091 0.044139 0.243839 0.056955 0.250246 0.085148 0.278440 0.064644 0.281004 0.047984 0.292537 0.035168 0.302789 0.027479 0.307916 0.009538 0.298945 0.006975 0.289974 0.017227 0.270751 0.027479
0 0.675781 0.007812 0.707031 0.011719 0.710938 0.011719 0.751343 0.032655 0.761657 0.046752 0.710938 0.050781 0.707031 0.050781 0.675781 0.070312 0.671875 0.074219 0.648561 0.071656 0.631839 0.065248 0.640625 0.045902 0.608525 0.043277 0.621279 0.033998 0.654598 0.028810 0.675781 0.007812
0 0.571913 0.000000 0.571913 0.021071 0.575669 0.024828 0.591136 0.040295 0.609077 0.045421 0.624455 0.032605 0.620611 0.022353 0.620611 0.004412 0.617082 0.000000
0 0.507836 0.000000 0.507836 0.017227 0.518088 0.044139 0.538593 0.063362 0.541155 0.063362 0.566786 0.044139 0.562942 0.028761 0.564140 0.000000 0.558235 0.000000 0.548845 0.003130 0.548845 0.000000
0 0.421544 0.000000 0.410439 0.018509 0.389934 0.022353 0.389934 0.033887 0.405312 0.049265 0.432225 0.049265 0.428380 0.030042 0.428380 0.019790 0.445887 0.000000
0 0.466826 0.012101 0.464263 0.003130 0.448885 0.003130 0.451448 0.026198 0.455293 0.041576 0.471952 0.065925 0.471952 0.069770 0.488612 0.069770 0.489894 0.055673 0.487331 0.055673 0.497583 0.055673 0.497583 0.039013 0.491175 0.030042 0.484768 0.030042 0.465545 0.022353
0 0.487331 0.095401 0.510398 0.096682 0.524495 0.085148 0.532185 0.064644 0.528340 0.047984 0.512962 0.040295 0.505272 0.042858 0.506554 0.055673 0.493739 0.049265 0.493739 0.073614
0 1.000000 0.000000 1.000000 0.125000 0.992188 0.125000 0.988281 0.125000 0.953125 0.097656 0.949219 0.097656 0.941406 0.070312 0.941406 0.066406 0.949219 0.054688 0.953125 0.050781 0.949219 0.007812 0.949219 0.003906 0.950195 0.000000
0 0.914062 0.089844 0.925781 0.089844 0.929688 0.089844 0.984375 0.125000 0.988281 0.128906 1.000000 0.128906 1.000000 0.238281 1.000000 0.238281 0.980469 0.238281 0.976562 0.238281 0.953125 0.226562 0.949219 0.226562 0.906250 0.195312 0.902344 0.195312 0.890625 0.179688 0.886719 0.175781 0.871094 0.128906 0.867188 0.125000 0.867188 0.109375 0.867188 0.105469 0.914062 0.089844
0 0.914062 0.527344 0.917969 0.527344 0.921875 0.527344 0.914062 0.625000 0.914062 0.628906 0.906250 0.640625 0.906250 0.644531 0.898438 0.648438 0.894531 0.652344 0.878906 0.652344 0.875000 0.652344 0.859375 0.632812 0.855469 0.628906 0.847656 0.597656 0.847656 0.593750 0.882812 0.550781 0.882812 0.546875 0.914062 0.527344
0 0.679688 0.140625 0.710938 0.140625 0.714844 0.144531 0.722656 0.160156 0.726562 0.164062 0.726562 0.199219 0.726562 0.203125 0.718750 0.210938 0.714844 0.214844 0.687500 0.226562 0.683594 0.230469 0.644531 0.230469 0.640625 0.230469 0.628906 0.207031 0.625000 0.203125 0.625000 0.175781 0.625000 0.171875 0.632812 0.160156 0.636719 0.156250 0.679688 0.140625
0 0.468750 0.128906 0.492188 0.132812 0.496094 0.132812 0.535156 0.167969 0.539062 0.171875 0.613281 0.218750 0.617188 0.218750 0.644531 0.246094 0.648438 0.250000 0.687500 0.296875 0.691406 0.300781 0.734375 0.371094 0.738281 0.375000 0.742188 0.394531 0.742188 0.398438 0.734375 0.417969 0.730469 0.421875 0.714844 0.425781 0.710938 0.425781 0.667969 0.406250 0.664062 0.406250 0.597656 0.359375 0.593750 0.359375 0.574219 0.335938 0.570312 0.332031 0.531250 0.320312 0.527344 0.316406 0.511719 0.316406 0.507812 0.316406 0.503906 0.308594 0.500000 0.304688 0.496094 0.277344 0.496094 0.273438 0.484375 0.261719 0.480469 0.257812 0.449219 0.257812 0.445312 0.257812 0.421875 0.246094 0.417969 0.242188 0.421875 0.230469 0.421875 0.226562 0.445312 0.199219 0.449219 0.195312 0.453125 0.164062 0.453125 0.160156 0.468750 0.128906
0 0.742188 0.328125 0.761719 0.332031 0.765625 0.332031 0.785156 0.347656 0.789062 0.351562 0.792969 0.363281 0.796875 0.367188 0.796875 0.386719 0.796875 0.390625 0.789062 0.398438 0.785156 0.402344 0.750000 0.402344 0.746094 0.398438 0.742188 0.378906 0.742188 0.375000 0.730469 0.355469 0.726562 0.351562 0.726562 0.343750 0.726562 0.339844 0.742188 0.328125
0 0.410156 0.152344 0.421875 0.152344 0.425781 0.152344 0.437500 0.160156 0.441406 0.160156 0.441406 0.179688 0.441406 0.183594 0.429688 0.199219 0.429688 0.203125 0.367188 0.269531 0.363281 0.273438 0.320312 0.281250 0.316406 0.285156 0.304688 0.281250 0.300781 0.281250 0.296875 0.277344 0.296875 0.273438 0.316406 0.246094 0.316406 0.242188 0.367188 0.199219 0.371094 0.199219 0.410156 0.152344
0 0.390625 0.253906 0.398438 0.253906 0.402344 0.253906 0.425781 0.273438 0.429688 0.277344 0.433594 0.289062 0.437500 0.292969 0.433594 0.308594 0.433594 0.312500 0.414062 0.316406 0.410156 0.316406 0.363281 0.292969 0.359375 0.292969 0.355469 0.281250 0.355469 0.277344 0.390625 0.253906
0 0.835938 0.789062 0.847656 0.789062 0.851562 0.789062 0.863281 0.796875 0.867188 0.800781 0.878906 0.820312 0.878906 0.824219 0.937500 0.894531 0.941406 0.898438 0.832031 0.902344 0.828125 0.902344 0.828125 0.800781 0.828125 0.796875 0.835938 0.789062
0 0.800781 0.496094 0.816406 0.500000 0.820312 0.500000 0.824219 0.519531 0.824219 0.523438 0.812500 0.550781 0.812500 0.554688 0.808594 0.558594 0.804688 0.562500 0.789062 0.562500 0.785156 0.562500 0.785156 0.519531 0.785156 0.515625 0.789062 0.503906 0.789062 0.500000 0.800781 0.496094
0 0.894531 0.417969 0.921875 0.417969 0.925781 0.417969 0.933594 0.441406 0.933594 0.445312 0.925781 0.460938 0.921875 0.464844 0.898438 0.476562 0.894531 0.480469 0.878906 0.480469 0.875000 0.480469 0.867188 0.468750 0.863281 0.464844 0.863281 0.441406 0.863281 0.437500 0.894531 0.417969
0 0.855469 0.199219 0.855469 0.226562 0.855469 0.230469 0.878906 0.253906 0.878906 0.257812 0.835938 0.269531 0.832031 0.273438 0.812500 0.273438 0.808594 0.273438 0.804688 0.269531 0.800781 0.265625 0.804688 0.226562 0.804688 0.222656 0.855469 0.199219
0 0.964844 0.683594 0.984375 0.683594 0.988281 0.687500 0.992188 0.726562 0.992188 0.730469 0.972656 0.769531 0.972656 0.773438 0.960938 0.781250 0.957031 0.785156 0.937500 0.785156 0.933594 0.785156 0.929688 0.777344 0.925781 0.773438 0.921875 0.746094 0.921875 0.742188 0.945312 0.718750 0.949219 0.714844 0.964844 0.683594
0 0.410156 0.695312 0.425781 0.707031 0.429688 0.710938 0.437500 0.726562 0.437500 0.730469 0.429688 0.742188 0.425781 0.746094 0.398438 0.753906 0.394531 0.753906 0.378906 0.730469 0.378906 0.726562 0.382812 0.718750 0.382812 0.714844 0.410156 0.695312
0 0.472656 0.726562 0.492188 0.726562 0.496094 0.726562 0.503906 0.750000 0.507812 0.753906 0.503906 0.765625 0.500000 0.769531 0.460938 0.765625 0.457031 0.769531 0.457031 0.777344 0.457031 0.781250 0.484375 0.804688 0.484375 0.808594 0.472656 0.812500 0.468750 0.812500 0.410156 0.800781 0.406250 0.800781 0.394531 0.792969 0.390625 0.789062 0.406250 0.753906 0.410156 0.750000 0.472656 0.726562
0 0.433594 0.660156 0.468750 0.671875 0.472656 0.671875 0.492188 0.691406 0.496094 0.691406 0.500000 0.714844 0.500000 0.718750 0.496094 0.722656 0.492188 0.726562 0.437500 0.726562 0.433594 0.726562 0.425781 0.707031 0.421875 0.703125 0.421875 0.675781 0.421875 0.671875 0.433594 0.660156
0 0.417969 0.531250 0.433594 0.535156 0.437500 0.535156 0.449219 0.550781 0.453125 0.554688 0.472656 0.550781 0.476562 0.550781 0.492188 0.562500 0.496094 0.566406 0.496094 0.582031 0.496094 0.585938 0.480469 0.601562 0.476562 0.605469 0.472656 0.625000 0.468750 0.628906 0.429688 0.609375 0.425781 0.605469 0.410156 0.562500 0.406250 0.558594 0.417969 0.531250
0 0.015625 0.464844 0.039062 0.464844 0.042969 0.464844 0.070312 0.476562 0.074219 0.476562 0.074219 0.496094 0.074219 0.500000 0.066406 0.503906 0.062500 0.507812 0.046875 0.507812 0.042969 0.507812 0.023438 0.496094 0.019531 0.496094 0.011719 0.484375 0.007812 0.480469 0.015625 0.464844
0 0.140625 0.359375 0.156250 0.359375 0.160156 0.359375 0.160156 0.367188 0.164062 0.371094 0.164062 0.417969 0.164062 0.421875 0.160156 0.433594 0.160156 0.437500 0.144531 0.457031 0.140625 0.460938 0.132812 0.453125 0.128906 0.449219 0.125000 0.433594 0.121094 0.429688 0.125000 0.386719 0.125000 0.382812 0.140625 0.359375
0 0.019531 0.761719 0.035156 0.761719 0.039062 0.761719 0.066406 0.785156 0.070312 0.789062 0.070312 0.828125 0.066406 0.832031 0.050781 0.828125 0.046875 0.828125 0.011719 0.800781 0.007812 0.796875 0.003906 0.785156 0.003906 0.781250 0.007812 0.773438 0.007812 0.769531 0.019531 0.761719
0 0.566406 0.855469 0.585938 0.855469 0.589844 0.859375 0.601562 0.902344 0.601562 0.906250 0.570312 0.929688 0.566406 0.933594 0.558594 0.933594 0.554688 0.937500 0.542969 0.902344 0.542969 0.898438 0.554688 0.867188 0.554688 0.863281 0.566406 0.855469
0 0.289062 0.746094 0.296875 0.750000 0.300781 0.753906 0.304688 0.781250 0.304688 0.785156 0.277344 0.820312 0.273438 0.824219 0.253906 0.828125 0.250000 0.828125 0.230469 0.804688 0.226562 0.800781 0.214844 0.796875 0.210938 0.796875 0.207031 0.785156 0.207031 0.781250 0.222656 0.753906 0.226562 0.750000 0.238281 0.750000 0.242188 0.750000 0.269531 0.765625 0.273438 0.769531 0.289062 0.746094
0 0.277344 0.234375 0.289062 0.238281 0.292969 0.242188 0.292969 0.257812 0.292969 0.261719 0.289062 0.269531 0.285156 0.273438 0.261719 0.281250 0.257812 0.281250 0.253906 0.265625 0.253906 0.261719 0.261719 0.250000 0.261719 0.246094 0.277344 0.234375
0 0.880195 0.297173 0.908252 0.313539 0.912928 0.312370 0.916435 0.307694 0.916435 0.293666 0.919942 0.286652 0.923450 0.258594 0.919942 0.246904 0.908252 0.245735 0.903576 0.241059 0.901237 0.235213 0.877857 0.271454 0.877857 0.287820
0 0.088651 0.986973 0.082971 0.986263 0.081551 0.982002 0.079421 0.969221 0.079421 0.960700 0.080130 0.956440 0.082261 0.949339 0.085101 0.944369 0.089361 0.941529 0.096462 0.934428 0.098592 0.933008 0.105693 0.933008 0.111373 0.939398 0.112793 0.941529 0.114214 0.945789 0.114214 0.950759 0.112793 0.952179 0.110663 0.956440 0.110663 0.967091 0.109243 0.969931 0.109243 0.972061 0.098592 0.984842 0.094332 0.986263
0 0.046048 0.978452 0.046048 0.986973 0.045338 0.989103 0.042497 0.993363 0.039657 0.994073 0.020485 0.994073 0.012675 0.984132 0.011254 0.979872 0.011254 0.967091 0.011964 0.962830 0.013385 0.961410 0.014805 0.953600 0.018355 0.950759 0.025456 0.950759 0.028296 0.951469 0.030426 0.952889 0.033977 0.953600 0.050308 0.953600 0.052438 0.954309 0.055988 0.957860 0.056698 0.959990 0.058119 0.961410 0.058119 0.970641 0.055988 0.974191 0.051728 0.977742
0 0.693268 0.820465 0.685419 0.816238 0.683004 0.813823 0.683004 0.810804 0.687230 0.801747 0.687834 0.784237 0.692061 0.776992 0.696891 0.774577 0.699306 0.774577 0.710778 0.783634 0.711986 0.786048 0.713193 0.793294 0.714401 0.795105 0.715609 0.802351 0.715609 0.807785 0.714401 0.818050 0.712589 0.819861 0.705948 0.821069 0.699910 0.821069
0 0.726477 0.831937 0.721043 0.830729 0.718628 0.828918 0.716212 0.828314 0.714401 0.827107 0.713193 0.825295 0.713797 0.810804 0.716212 0.806578 0.718024 0.804766 0.724062 0.804162 0.727684 0.802351 0.730100 0.802351 0.732515 0.800540 0.742779 0.800540 0.747610 0.801143 0.753044 0.803559 0.754252 0.814427 0.754252 0.823484 0.750629 0.834352 0.750629 0.842805 0.749421 0.844617 0.747006 0.845824 0.745195 0.847636 0.740364 0.847636 0.731911 0.843409 0.729496 0.841598 0.726477 0.836768
0 0.092992 0.648352 0.096326 0.680584 0.155232 0.678361 0.151897 0.658355 0.145229 0.656132 0.141895 0.651687 0.106329 0.651687 0.106329 0.648352
0 0.077432 0.641684 0.066317 0.659467 0.061871 0.675027 0.078543 0.689475 0.079654 0.692810 0.091880 0.699478 0.099660 0.697255 0.092992 0.683918 0.094103 0.675027 0.089657 0.663912 0.087434 0.648352
0 0.059649 0.568330 0.036309 0.572775 0.039643 0.588336 0.047423 0.597227 0.071875 0.599450 0.074097 0.589447 0.068540 0.574998
0 0.198577 0.629458 0.181906 0.632793 0.179683 0.642795 0.203023 0.648352 0.220805 0.669470 0.238588 0.673915 0.234143 0.647241 0.217471 0.636127 0.209691 0.626124
0 0.084637 0.347488 0.077528 0.348673 0.077528 0.360522 0.105965 0.380665 0.126108 0.365262 0.130848 0.356968 0.126108 0.358152 0.114259 0.355782 0.114259 0.347488 0.102411 0.346304 0.092932 0.352228
0 0.153361 0.527591 0.129663 0.520481 0.111890 0.520481 0.101226 0.529961 0.101226 0.542994 0.121369 0.553658 0.139142 0.539439
0 0.188907 0.572616 0.171134 0.580911 0.116629 0.584465 0.107150 0.597499 0.166394 0.599869 0.192462 0.597499
0 0.307395 0.212412 0.280143 0.214782 0.282513 0.233739 0.301471 0.240849 0.318059 0.236109
0 0.316875 0.183975 0.293177 0.183975 0.274219 0.206487 0.258815 0.219521 0.265925 0.231370 0.278958 0.227815 0.281328 0.210042 0.307395 0.212412 0.320429 0.202933
0 0.231563 0.149613 0.216159 0.141319 0.213789 0.136579 0.192462 0.136579 0.184168 0.147243 0.180613 0.157907 0.182983 0.170941 0.212605 0.170941 0.220899 0.157907 0.222084 0.151983
0 0.485128 0.361707 0.472094 0.361707 0.462615 0.349858 0.455506 0.349858 0.453136 0.362892 0.438918 0.359337 0.438918 0.373556 0.443657 0.391329 0.461430 0.394884 0.462615 0.397254 0.461430 0.411472 0.491052 0.409102 0.486313 0.396069 0.476834 0.391329 0.493422 0.391329 0.495792 0.379480 0.494607 0.371186
0 0.447212 0.308387 0.448396 0.335639 0.461430 0.333270 0.461430 0.354598 0.474464 0.359337 0.483943 0.354598 0.485128 0.343934 0.492237 0.343934 0.494607 0.330900 0.478019 0.330900 0.469724 0.326161 0.468539 0.311942 0.456691 0.313127
0 0.544372 0.445834 0.528969 0.439909 0.514750 0.439909 0.493422 0.458868 0.501716 0.465977 0.524229 0.465977
0 0.297916 0.503893 0.290807 0.508632 0.278958 0.512187 0.273034 0.524036 0.282513 0.539439 0.305026 0.542994 0.322799 0.529961 0.319244 0.520481 0.301471 0.514557
0 0.382043 0.564322 0.357161 0.539439 0.342942 0.537070 0.328723 0.539439 0.326354 0.551288 0.342942 0.561952 0.365455 0.582095 0.377304 0.583280
0 0.299101 0.544179 0.293177 0.557213 0.315689 0.572616 0.331093 0.567877 0.337018 0.558398 0.328723 0.546549 0.314505 0.548919
0 0.361900 0.501523 0.344127 0.497969 0.334648 0.492044 0.320429 0.506263 0.318059 0.511002 0.329908 0.528775 0.331093 0.534700 0.358345 0.535885 0.382043 0.564322 0.406926 0.559582 0.412850 0.542994 0.398631 0.542994 0.379673 0.533515 0.367825 0.522851 0.365455 0.515742
0 0.550296 0.138949 0.560961 0.153168 0.585843 0.150798 0.595322 0.168571 0.592952 0.182790 0.577549 0.186344 0.552666 0.179235 0.543187 0.167386 0.540818 0.154352
0 0.385598 0.129470 0.376119 0.123546 0.373749 0.135395 0.363085 0.129470 0.360715 0.129470 0.360715 0.131840 0.344127 0.129470 0.326354 0.129470 0.321614 0.138949 0.335832 0.156722 0.354791 0.157907 0.366639 0.161462 0.351236 0.173311 0.335832 0.191084 0.332278 0.205302 0.354791 0.205302 0.372564 0.182790 0.395077 0.161462 0.392707 0.143689
0 0.460245 0.072596 0.459061 0.096293 0.461430 0.119991 0.466170 0.128285 0.498162 0.129470 0.482758 0.117621 0.508825 0.117621 0.520674 0.114066 0.517120 0.101033 0.491052 0.097478 0.479204 0.079705
0 0.786088 0.194639 0.764760 0.197008 0.748172 0.212412 0.750542 0.224261 0.767130 0.238479 0.780164 0.238479 0.795567 0.230185 0.795567 0.213596 0.800307 0.198193
0 0.987518 0.290614 1.000000 0.291348 1.000000 0.244404 0.962636 0.244404 0.962636 0.258622 0.983964 0.262177
0 0.829929 0.186344 0.828744 0.199378 0.829929 0.211227 0.854811 0.197008 0.857181 0.214782 0.871400 0.210042 0.871400 0.189899 0.901022 0.192269 0.891543 0.180420 0.882064 0.173311 0.866660 0.179235 0.853627 0.179235
0 0.691766 0.736027 0.664215 0.728375 0.664215 0.745211 0.638195 0.746741 0.638195 0.768170 0.642787 0.768170 0.667276 0.800312 0.671868 0.777353 0.684112 0.758986
0 0.771355 0.428382 0.714724 0.434504 0.710132 0.471238 0.696357 0.468177 0.688704 0.439096 0.665746 0.440626 0.668807 0.429912 0.650440 0.425321 0.650440 0.413076 0.670338 0.413076 0.681052 0.410015 0.711663 0.429912 0.730030 0.422259 0.749927 0.417668
0 0.252490 0.951839 0.235654 0.954900 0.252490 0.938064 0.255551 0.928880 0.235654 0.931941 0.232593 0.939594 0.208104 0.941125 0.209634 0.965614 0.200450 0.980920 0.204854 1.000000 0.242108 1.000000 0.249429 0.991634 0.249429 0.968675
0 0.545139 0.795575 0.524922 0.798945 0.511443 0.812423 0.523237 0.836010 0.528291 0.852858 0.536715 0.871391 0.561988 0.852858 0.561988 0.809054 0.560302 0.798945
0 0.228398 0.873076 0.219974 0.878130 0.203126 0.908456 0.204811 0.910141 0.189648 0.921935 0.182908 0.943837 0.198071 0.942152 0.213235 0.926989 0.225028 0.911826 0.233452 0.894978
0 0.000000 0.871767 0.000000 0.903056 0.044755 0.896663 0.038016 0.883184 0.017798 0.869706 0.014429 0.869706
0 0.880751 0.779901 0.907775 0.799203 0.896193 0.812715 0.886542 0.812715 0.876891 0.803064
0 0.664062 0.468750 0.765625 0.480469 0.769531 0.480469 0.785156 0.496094 0.789062 0.500000 0.789062 0.593750 0.789062 0.597656 0.769531 0.617188 0.765625 0.621094 0.718750 0.636719 0.714844 0.640625 0.687500 0.632812 0.683594 0.632812 0.679688 0.527344 0.679688 0.523438 0.664062 0.476562 0.660156 0.472656 0.664062 0.468750
0 0.205495 0.281135 0.185352 0.284689 0.169949 0.306018 0.172319 0.319051 0.192462 0.319051 0.216159 0.304833 0.214975 0.295354 0.211420 0.289429
0 0.017414 0.666135 0.016303 0.679472 0.027418 0.693921 0.038532 0.715038 0.051869 0.719484 0.057426 0.715038 0.057426 0.702813 0.042977 0.690587 0.036309 0.679472
