0 0.077308 0.478261 0.093321 0.485563 0.097277 0.493407 0.103301 0.499940 0.107538 0.508707 0.118805 0.516168 0.121094 0.525421 0.121531 0.545136 0.121177 0.569707 0.113820 0.571709 0.099934 0.573423 0.095636 0.581566 0.085717 0.591423 0.082080 0.599995 0.080020 0.608923 0.061880 0.608029 0.065218 0.613281 0.057945 0.608995 0.058275 0.606852 0.042193 0.599520 0.030879 0.592183 0.019923 0.576852 0.015625 0.558851 0.016286 0.549422 0.024062 0.545539 0.033038 0.545131 0.037299 0.547262 0.055878 0.548994 0.069065 0.552806 0.070381 0.540285 0.067521 0.536266 0.058275 0.532707 0.042405 0.533993 0.028189 0.522421 0.027527 0.518564 0.039430 0.498420 0.045711 0.480848 0.049348 0.478705 0.063070 0.476562
0 0.916745 0.000000 0.919483 0.008725 0.925173 0.019446 0.924614 0.024679 0.911577 0.029229 0.899780 0.028668 0.888333 0.030725 0.874310 0.035297 0.865074 0.047646 0.867008 0.062692 0.860795 0.061263 0.836977 0.061614 0.825427 0.059290 0.822798 0.044365 0.826349 0.033099 0.830611 0.026340 0.846822 0.010833 0.852701 0.006619 0.864809 0.000000
0 0.110429 0.565292 0.113796 0.565525 0.119918 0.567851 0.125250 0.571429 0.128490 0.572737 0.134306 0.575762 0.137368 0.576925 0.143184 0.579717 0.146245 0.581578 0.159349 0.591543 0.166400 0.598532 0.171043 0.603448 0.176791 0.607125 0.181156 0.611873 0.182114 0.614765 0.182063 0.618106 0.180839 0.624388 0.178389 0.630204 0.174410 0.634857 0.171043 0.635090 0.164307 0.634857 0.157279 0.635457 0.143784 0.635224 0.137010 0.634755 0.133609 0.634051 0.124401 0.631252 0.117994 0.629630 0.111829 0.627755 0.099972 0.622192 0.098342 0.622397 0.092673 0.615051 0.089872 0.609136 0.088638 0.603046 0.088638 0.596402 0.090807 0.590269 0.095711 0.579090 0.097242 0.576529 0.100664 0.567608 0.103624 0.566286
0 0.932010 0.484600 0.951809 0.502327 0.956178 0.505064 0.960772 0.511564 0.967989 0.551938 0.970059 0.558239 0.976591 0.571823 0.979016 0.574838 0.982878 0.582912 0.981706 0.590073 0.982704 0.592409 0.990038 0.601011 0.997154 0.606146 0.996067 0.616768 0.987521 0.617239 0.976412 0.619088 0.966100 0.626961 0.965849 0.631978 0.961873 0.647493 0.963924 0.669732 0.957192 0.675563 0.947303 0.679250 0.940500 0.680826 0.927980 0.690310 0.924177 0.691811 0.894308 0.707514 0.883663 0.711317 0.876861 0.714679 0.873017 0.715120 0.851725 0.722725 0.845630 0.723970 0.845575 0.718751 0.848881 0.703639 0.848394 0.688946 0.847133 0.677354 0.849266 0.658539 0.856624 0.633028 0.870170 0.621136 0.889648 0.614369 0.894923 0.607130 0.895616 0.574830 0.904639 0.563689 0.911752 0.556392 0.906059 0.546483 0.899764 0.547289 0.889969 0.556459 0.880877 0.558331 0.858885 0.542259 0.844902 0.539570 0.838680 0.534200 0.839602 0.503142 0.842784 0.487170 0.847896 0.485928 0.870176 0.482541 0.888300 0.477395 0.891913 0.475459 0.921711 0.472871 0.926533 0.477084
0 0.716571 0.411955 0.728852 0.417993 0.751482 0.432687 0.756292 0.434499 0.765527 0.434355 0.774650 0.432198 0.783864 0.432348 0.792591 0.434832 0.805361 0.448851 0.825835 0.467954 0.830145 0.475791 0.839844 0.483628 0.839844 0.527221 0.838227 0.536038 0.820656 0.551005 0.808594 0.558569 0.804284 0.565916 0.789754 0.566062 0.772118 0.562798 0.747159 0.552888 0.729500 0.548936 0.720909 0.545029 0.695447 0.536528 0.686827 0.539467 0.680361 0.545834 0.672279 0.546814 0.667969 0.540446 0.668311 0.526284 0.673790 0.514482 0.681739 0.510190 0.689083 0.498575 0.694714 0.476791 0.692753 0.467954 0.692357 0.449931 0.694667 0.436036 0.691977 0.426699 0.676688 0.416753 0.678745 0.410646 0.697872 0.410500
0 0.710088 0.010211 0.713204 0.013735 0.719437 0.020784 0.722553 0.024308 0.728786 0.031357 0.735018 0.038405 0.737615 0.042279 0.741788 0.050712 0.743875 0.054929 0.745670 0.059187 0.744086 0.068462 0.743295 0.073100 0.741710 0.082374 0.741054 0.087032 0.738513 0.105678 0.736994 0.110009 0.734412 0.113941 0.731455 0.117533 0.727786 0.120477 0.723653 0.122123 0.718948 0.122168 0.714250 0.122095 0.704886 0.121175 0.700586 0.119303 0.696313 0.117337 0.687765 0.113403 0.686099 0.109097 0.683111 0.100175 0.680757 0.096317 0.677071 0.093394 0.666012 0.084625 0.658640 0.078779 0.655003 0.075797 0.651512 0.072643 0.648022 0.069489 0.644532 0.066335 0.640707 0.063930 0.636028 0.063446 0.621989 0.061996 0.617341 0.061425 0.605609 0.053580 0.597787 0.048350 0.594320 0.045498 0.594300 0.036089 0.594291 0.031384 0.594281 0.026680 0.594262 0.017271 0.592682 0.013004 0.587830 0.004943 0.585196 0.001073 0.584149 0.000000 0.606120 0.000000 0.609284 0.003350 0.612874 0.006129 0.631282 0.010037 0.640486 0.011991 0.644964 0.011978 0.653405 0.007821 0.657634 0.006121 0.674880 0.013649
0 0.094308 0.000000 0.093750 0.003906 0.074219 0.019531 0.054688 0.019531 0.042969 0.011719 0.031250 0.000000
0 0.000000 0.000000 0.018880 0.000000 0.027344 0.003906 0.027344 0.031250 0.007812 0.050781 0.007812 0.074219 0.000000 0.091146
0 0.332514 0.663515 0.307230 0.646840 0.288298 0.642188 0.269531 0.632812 0.242188 0.632812 0.220855 0.645979 0.199021 0.645234 0.196684 0.635576 0.211507 0.586599 0.227460 0.569468 0.234449 0.551150 0.256059 0.518652 0.254636 0.499045 0.257555 0.483682 0.258893 0.446463 0.271061 0.415629 0.289919 0.409041 0.332521 0.409128 0.334345 0.406608 0.323437 0.375678 0.312500 0.351562 0.269531 0.351562 0.256144 0.334062 0.259262 0.332572 0.266005 0.302586 0.265968 0.290700 0.272357 0.251088 0.282667 0.226211 0.264311 0.208368 0.259953 0.187039 0.238281 0.171875 0.238281 0.146436 0.242661 0.123391 0.240437 0.105851 0.272843 0.090469 0.272444 0.070516 0.297624 0.058471 0.330118 0.056145 0.343750 0.054688 0.364142 0.069134 0.403011 0.088546 0.423965 0.117091 0.433594 0.132812 0.436247 0.149157 0.464515 0.181037 0.477482 0.204654 0.491958 0.222820 0.502693 0.243264 0.521290 0.272411 0.524159 0.300666 0.544914 0.327120 0.548211 0.343161 0.582461 0.374411 0.598427 0.377664 0.644457 0.380874 0.655012 0.386391 0.672930 0.401334 0.698695 0.432224 0.696772 0.463543 0.699692 0.478906 0.698933 0.492645 0.689803 0.509606 0.676804 0.518903 0.657026 0.540829 0.646743 0.569820 0.627787 0.618057 0.626418 0.633161 0.604568 0.633941 0.603971 0.646075 0.613281 0.663058 0.614647 0.707547 0.587110 0.717703 0.560616 0.744293 0.543259 0.748999 0.516193 0.748989 0.474756 0.737480 0.449729 0.735407 0.395259 0.702311 0.393797 0.705107 0.397273 0.703650 0.402816 0.698462 0.405112 0.695438 0.413043 0.682490 0.414766 0.675121 0.413970 0.667564 0.412649 0.664032 0.400262 0.655520 0.393489 0.652060 0.387105 0.647965 0.376780 0.643172 0.373135 0.642192 0.366129 0.639279 0.356180 0.633696 0.342670 0.627157 0.335605 0.624460 0.328004 0.624166 0.321030 0.626996 0.315984 0.632614 0.314516 0.636126 0.316625 0.643062 0.322380 0.647845 0.327565 0.653323 0.329694 0.656371 0.330074 0.663918 0.332046 0.667083
0 0.351817 0.741246 0.373928 0.760181 0.402502 0.779302 0.415678 0.795782 0.426926 0.826215 0.432967 0.872979 0.420677 0.892215 0.417822 0.922916 0.403979 0.947738 0.391836 0.947976 0.362428 0.997994 0.360566 1.000000 0.266410 1.000000 0.262898 0.992192 0.264570 0.954752 0.272036 0.940600 0.287303 0.922437 0.281174 0.909511 0.242188 0.910156 0.216051 0.871127 0.212411 0.860011 0.192454 0.832448 0.180619 0.812212 0.184510 0.789396 0.196707 0.785744 0.205173 0.779433 0.198252 0.757942 0.234680 0.744114 0.264091 0.746714 0.278722 0.745153
0 0.156250 0.714844 0.179688 0.718750 0.183594 0.718750 0.203125 0.738281 0.207031 0.742188 0.203125 0.761719 0.203125 0.765625 0.183594 0.790931 0.179688 0.800781 0.156250 0.796875 0.152344 0.796875 0.132812 0.769531 0.128906 0.765625 0.129469 0.738281 0.142100 0.736975 0.140625 0.722656 0.144531 0.718750 0.156250 0.714844
0 0.717703 0.000000 0.717355 0.004524 0.740690 0.018525 0.754691 0.015413 0.765580 0.007635 0.793582 0.015413 0.801361 0.015413 0.798249 0.002968 0.798843 0.000000
0 0.560233 0.236317 0.610014 0.230095 0.616237 0.226983 0.603792 0.209871 0.580457 0.211427 0.566456 0.205204 0.569567 0.188091 0.568012 0.180313 0.561789 0.172535 0.549344 0.167868 0.516675 0.169424 0.498007 0.163201 0.479339 0.169424 0.459116 0.170979 0.484006 0.203648 0.502674 0.203648 0.518230 0.208315 0.527564 0.223872 0.541566 0.236317
0 0.694020 0.315655 0.731356 0.329657 0.731356 0.332768 0.750024 0.335879 0.770247 0.331212 0.782693 0.321878 0.795138 0.318767 0.798249 0.303210 0.778026 0.300099 0.756246 0.292321 0.776470 0.281431 0.748468 0.268986 0.726689 0.268986 0.706465 0.272097 0.725133 0.286098 0.711132 0.298543
0 0.171319 0.150756 0.177541 0.139866 0.202432 0.135199 0.236656 0.142977 0.235101 0.170979 0.250657 0.180313 0.202432 0.177202 0.194654 0.169424 0.182208 0.167868
0 0.096647 0.214538 0.102870 0.225427 0.116871 0.230095 0.132427 0.225427 0.127760 0.212982 0.143317 0.212982 0.146428 0.188091 0.137094 0.183425 0.130871 0.166313 0.121537 0.158534 0.102870 0.147645 0.102870 0.164757 0.099758 0.167868 0.098203 0.183425
0 0.765580 0.640788 0.754691 0.633010 0.734467 0.629899 0.715799 0.640788 0.704910 0.659456 0.669129 0.670346 0.675352 0.690570 0.737579 0.699904 0.745357 0.712349 0.712688 0.718571 0.712688 0.727905 0.697131 0.731016 0.680019 0.737239 0.656684 0.737239 0.638016 0.721683 0.614681 0.723238 0.596014 0.707682 0.619348 0.709237 0.619348 0.670346 0.603792 0.640788 0.605348 0.625232 0.627127 0.628343 0.650462 0.569228 0.672241 0.569228 0.694020 0.561450 0.718911 0.556783 0.737579 0.572339 0.754691 0.577006 0.767136 0.569228 0.798249 0.572339 0.812250 0.578562 0.818473 0.578562 0.812250 0.561450 0.849586 0.541226 0.862031 0.552116 0.883811 0.566117 0.905590 0.559894 0.897811 0.578562 0.893145 0.609675 0.851141 0.634566 0.843363 0.653234 0.844919 0.715460 0.837141 0.721683 0.807583 0.676568 0.816917 0.659456 0.816917 0.650122 0.784248 0.650122
0 0.058594 0.820312 0.070312 0.824219 0.074219 0.828125 0.085938 0.867188 0.085938 0.871094 0.050781 0.886719 0.046875 0.890625 0.035156 0.890625 0.031250 0.894531 0.003906 0.890625 0.000000 0.890625 0.000000 0.890625 0.000000 0.851562 0.000000 0.851562 0.000000 0.847656 0.027344 0.832031 0.031250 0.828125 0.058594 0.820312
0 0.656250 0.773438 0.687500 0.785156 0.691406 0.785156 0.699219 0.800781 0.703125 0.804688 0.707031 0.824219 0.707031 0.828125 0.683594 0.855469 0.679688 0.859375 0.660156 0.855469 0.656250 0.851562 0.636719 0.804688 0.632812 0.800781 0.636719 0.789062 0.636719 0.785156 0.656250 0.773438
0 0.593750 0.734375 0.613281 0.738281 0.617188 0.738281 0.644531 0.757812 0.648438 0.757812 0.656250 0.773438 0.656250 0.777344 0.589844 0.804688 0.585938 0.804688 0.542969 0.765625 0.542969 0.761719 0.550781 0.753906 0.554688 0.750000 0.593750 0.734375
0 0.171152 0.655937 0.169655 0.676891 0.165164 0.678388 0.168158 0.699342 0.207073 0.742746 0.210066 0.750230 0.240000 0.744243 0.352254 0.744243 0.352254 0.733766 0.374705 0.756217 0.419606 0.762204 0.428587 0.744243 0.395659 0.739753 0.394162 0.703832 0.409129 0.687368 0.407632 0.658930 0.358241 0.634983 0.340280 0.623009 0.328307 0.623009 0.322320 0.627500 0.319326 0.627500 0.323816 0.640970 0.337287 0.658930 0.350757 0.669407 0.353751 0.669407 0.319326 0.673898 0.314836 0.664918 0.287895 0.658930 0.284902 0.651447 0.263948 0.645460 0.228027 0.643963 0.220543 0.649950
0 0.445312 0.757812 0.457031 0.761719 0.460938 0.761719 0.503906 0.792969 0.507812 0.792969 0.511719 0.796875 0.515625 0.800781 0.515625 0.816406 0.515625 0.820312 0.480469 0.812500 0.476562 0.812500 0.464844 0.800781 0.460938 0.796875 0.457031 0.781250 0.457031 0.777344 0.445312 0.769531 0.441406 0.765625 0.445312 0.757812
0 0.996094 0.808594 0.996094 1.000000 0.697050 1.000000 0.703125 0.992188 0.710938 0.980469 0.773046 0.938878 0.836564 0.888505 0.917969 0.816406 0.941406 0.808594 0.993532 0.811576
0 0.045310 0.398105 0.081090 0.391883 0.102870 0.410551 0.102870 0.435441 0.109092 0.433886 0.109092 0.408995 0.126204 0.407439 0.138650 0.382549 0.105981 0.382549 0.087313 0.385660 0.084202 0.370104 0.088869 0.356103 0.085757 0.335879 0.077979 0.329657 0.063978 0.324989 0.029754 0.351436 0.039087 0.380993
