0 0.109375 0.011719 0.121094 0.011719 0.125000 0.011719 0.125000 0.027344 0.121094 0.031250 0.121094 0.054688 0.125000 0.058594 0.121094 0.062500 0.121094 0.066406 0.117188 0.070312 0.113281 0.070312 0.113281 0.062500 0.113281 0.058594 0.105469 0.050781 0.105469 0.046875 0.101562 0.042969 0.097656 0.042969 0.093750 0.039062 0.093750 0.019531 0.089844 0.015625 0.101562 0.015625 0.105469 0.015625 0.109375 0.011719
0 0.000000 0.074219 0.000000 0.074219 0.003906 0.074219 0.007812 0.078125 0.015625 0.078125 0.019531 0.078125 0.023438 0.082031 0.031250 0.082031 0.031250 0.085938 0.027344 0.089844 0.027344 0.093750 0.023438 0.097656 0.019531 0.097656 0.015625 0.101562 0.000000 0.101562
0 0.828125 0.062500 0.843750 0.062500 0.847656 0.062500 0.859375 0.074219 0.859375 0.078125 0.855469 0.082031 0.851562 0.085938 0.847656 0.085938 0.843750 0.089844 0.839844 0.089844 0.835938 0.093750 0.835938 0.097656 0.832031 0.101562 0.824219 0.101562 0.820312 0.101562 0.816406 0.105469 0.812500 0.105469 0.808594 0.109375 0.796875 0.109375 0.792969 0.109375 0.792969 0.105469 0.792969 0.101562 0.796875 0.101562 0.808594 0.089844 0.812500 0.085938 0.812500 0.082031 0.816406 0.078125 0.820312 0.074219 0.820312 0.070312 0.828125 0.062500
0 0.527344 0.132812 0.542969 0.132812 0.546875 0.132812 0.550781 0.136719 0.554688 0.136719 0.558594 0.140625 0.562500 0.144531 0.562500 0.148438 0.566406 0.152344 0.578125 0.152344 0.582031 0.156250 0.593750 0.156250 0.597656 0.156250 0.601562 0.152344 0.601562 0.148438 0.640625 0.148438 0.644531 0.148438 0.648438 0.152344 0.652344 0.152344 0.656250 0.152344 0.664062 0.160156 0.667969 0.164062 0.644531 0.187500 0.640625 0.191406 0.636719 0.191406 0.625000 0.203125 0.621094 0.207031 0.617188 0.207031 0.613281 0.210938 0.613281 0.265625 0.613281 0.269531 0.609375 0.273438 0.605469 0.277344 0.605469 0.261719 0.605469 0.257812 0.601562 0.253906 0.597656 0.253906 0.593750 0.250000 0.589844 0.250000 0.582031 0.242188 0.578125 0.242188 0.562500 0.226562 0.558594 0.222656 0.558594 0.218750 0.550781 0.210938 0.546875 0.207031 0.546875 0.203125 0.542969 0.199219 0.542969 0.195312 0.542969 0.191406 0.539062 0.187500 0.539062 0.183594 0.535156 0.179688 0.535156 0.171875 0.531250 0.167969 0.531250 0.160156 0.531250 0.156250 0.527344 0.152344 0.527344 0.140625 0.523438 0.136719 0.527344 0.132812
0 0.863281 0.167969 0.867188 0.171875 0.871094 0.171875 0.871094 0.175781 0.867188 0.179688 0.863281 0.179688 0.859375 0.183594 0.855469 0.183594 0.851562 0.183594 0.851562 0.179688 0.851562 0.175781 0.855469 0.171875 0.859375 0.171875 0.863281 0.167969
0 0.136719 0.246094 0.140625 0.250000 0.140625 0.261719 0.140625 0.265625 0.136719 0.269531 0.132812 0.273438 0.128906 0.273438 0.125000 0.273438 0.125000 0.269531 0.125000 0.265625 0.128906 0.261719 0.128906 0.253906 0.128906 0.250000 0.132812 0.250000 0.136719 0.246094
0 0.207031 0.289062 0.210938 0.292969 0.214844 0.292969 0.214844 0.300781 0.218750 0.304688 0.230469 0.304688 0.234375 0.304688 0.214844 0.304688 0.210938 0.308594 0.210938 0.312500 0.207031 0.316406 0.207031 0.332031 0.207031 0.335938 0.203125 0.339844 0.199219 0.339844 0.199219 0.300781 0.195312 0.296875 0.199219 0.292969 0.203125 0.292969 0.207031 0.289062
0 0.070312 0.410156 0.078125 0.410156 0.082031 0.410156 0.082031 0.421875 0.078125 0.425781 0.078125 0.441406 0.074219 0.445312 0.070312 0.445312 0.070312 0.441406 0.066406 0.437500 0.062500 0.433594 0.062500 0.429688 0.062500 0.425781 0.066406 0.425781 0.070312 0.421875 0.070312 0.410156
0 0.125000 0.437500 0.132812 0.445312 0.136719 0.449219 0.136719 0.453125 0.140625 0.457031 0.140625 0.460938 0.144531 0.464844 0.152344 0.464844 0.156250 0.464844 0.156250 0.476562 0.156250 0.480469 0.152344 0.484375 0.152344 0.496094 0.152344 0.500000 0.148438 0.503906 0.144531 0.503906 0.140625 0.507812 0.136719 0.511719 0.136719 0.515625 0.132812 0.519531 0.109375 0.519531 0.105469 0.519531 0.101562 0.515625 0.097656 0.515625 0.093750 0.515625 0.093750 0.511719 0.093750 0.507812 0.089844 0.503906 0.085938 0.500000 0.085938 0.480469 0.085938 0.476562 0.097656 0.464844 0.101562 0.464844 0.105469 0.460938 0.109375 0.457031 0.109375 0.453125 0.117188 0.445312 0.117188 0.441406 0.121094 0.441406 0.125000 0.437500
0 0.308594 0.535156 0.316406 0.535156 0.320312 0.535156 0.324219 0.539062 0.328125 0.539062 0.332031 0.542969 0.332031 0.546875 0.328125 0.550781 0.316406 0.550781 0.312500 0.550781 0.308594 0.546875 0.308594 0.535156
0 0.128906 0.566406 0.140625 0.566406 0.144531 0.566406 0.148438 0.570312 0.148438 0.574219 0.144531 0.578125 0.132812 0.578125 0.128906 0.578125 0.128906 0.566406
0 1.000000 0.636719 1.000000 0.636719 1.000000 0.632812 1.000000 0.628906 0.996094 0.625000 0.992188 0.621094 0.984375 0.621094 0.980469 0.621094 0.988281 0.621094 0.992188 0.621094 0.996094 0.617188 0.996094 0.613281 1.000000 0.609375 1.000000 0.609375
0 0.949219 0.675781 0.964844 0.675781 0.968750 0.679688 0.964844 0.683594 0.960938 0.687500 0.957031 0.687500 0.953125 0.687500 0.949219 0.683594 0.949219 0.675781
0 0.605469 0.769531 0.609375 0.773438 0.613281 0.773438 0.617188 0.773438 0.613281 0.777344 0.609375 0.781250 0.609375 0.785156 0.605469 0.789062 0.601562 0.789062 0.601562 0.781250 0.601562 0.777344 0.605469 0.773438 0.605469 0.769531
0 0.390625 0.894531 0.394531 0.898438 0.394531 0.902344 0.394531 0.906250 0.390625 0.910156 0.390625 0.921875 0.386719 0.925781 0.386719 0.949219 0.386719 0.953125 0.382812 0.957031 0.378906 0.957031 0.375000 0.953125 0.371094 0.953125 0.371094 0.949219 0.371094 0.945312 0.367188 0.941406 0.363281 0.937500 0.363281 0.933594 0.359375 0.929688 0.355469 0.925781 0.355469 0.921875 0.351562 0.917969 0.359375 0.917969 0.363281 0.917969 0.367188 0.914062 0.367188 0.906250 0.367188 0.902344 0.378906 0.902344 0.382812 0.902344 0.390625 0.894531
0 0.335938 0.964844 0.343750 0.964844 0.347656 0.964844 0.351562 0.968750 0.351562 0.972656 0.347656 0.976562 0.339844 0.976562 0.335938 0.976562 0.335938 0.964844
0 0.687500 0.972656 0.695312 0.972656 0.699219 0.972656 0.703125 0.976562 0.714844 0.976562 0.718750 0.976562 0.722656 0.980469 0.722656 0.984375 0.718750 0.988281 0.714844 0.992188 0.707031 0.992188 0.703125 0.992188 0.699219 0.996094 0.695312 0.996094 0.691406 0.996094 0.691406 0.988281 0.691406 0.984375 0.687500 0.980469 0.687500 0.972656
