0 0.659375 0.000000 0.687500 0.015625 0.691406 0.019531 0.738281 0.031250 0.742188 0.031250 0.781250 0.078125 0.785156 0.082031 0.835938 0.109375 0.839844 0.109375 0.847656 0.117188 0.851562 0.121094 0.875000 0.175781 0.878906 0.179688 0.878906 0.234375 0.878906 0.238281 0.859375 0.261719 0.855469 0.265625 0.847656 0.292969 0.847656 0.296875 0.800781 0.332031 0.796875 0.332031 0.781250 0.351562 0.781250 0.355469 0.718750 0.414062 0.714844 0.417969 0.699219 0.460938 0.699219 0.464844 0.675781 0.500000 0.671875 0.503906 0.671875 0.523438 0.671875 0.527344 0.644531 0.539062 0.640625 0.542969 0.578125 0.546875 0.574219 0.546875 0.550781 0.539062 0.546875 0.535156 0.539062 0.519531 0.539062 0.515625 0.511719 0.488281 0.507812 0.484375 0.496094 0.453125 0.492188 0.449219 0.492188 0.410156 0.492188 0.406250 0.500000 0.367188 0.503906 0.363281 0.503906 0.312500 0.503906 0.308594 0.472656 0.222656 0.468750 0.218750 0.468750 0.144531 0.468750 0.140625 0.457031 0.089844 0.457031 0.085938 0.433594 0.058594 0.429688 0.054688 0.421875 0.027344 0.421875 0.023438 0.433594 0.015625 0.437500 0.011719 0.480469 0.003906 0.484375 0.000000 0.484375 0.000000
0 0.675781 0.000000 0.687500 0.011719 0.691406 0.015625 0.734375 0.027344 0.738281 0.027344 0.785156 0.078125 0.789062 0.082031 0.828125 0.101562 0.832031 0.101562 0.851562 0.117188 0.855469 0.121094 0.878906 0.167969 0.882812 0.171875 0.890625 0.230469 0.890625 0.234375 0.921875 0.261719 0.925781 0.265625 0.949219 0.324219 0.949219 0.328125 0.957031 0.332031 0.960938 0.335938 0.976562 0.332031 0.980469 0.335938 0.976562 0.371094 0.976562 0.375000 0.957031 0.386719 0.957031 0.390625 0.898438 0.417969 0.894531 0.417969 0.851562 0.460938 0.851562 0.464844 0.707031 0.535156 0.703125 0.539062 0.683594 0.542969 0.679688 0.546875 0.566406 0.550781 0.562500 0.550781 0.542969 0.539062 0.539062 0.535156 0.527344 0.511719 0.527344 0.507812 0.503906 0.484375 0.500000 0.480469 0.492188 0.460938 0.488281 0.457031 0.488281 0.390625 0.488281 0.386719 0.496094 0.355469 0.500000 0.351562 0.500000 0.316406 0.500000 0.312500 0.472656 0.222656 0.468750 0.218750 0.464844 0.125000 0.464844 0.121094 0.453125 0.085938 0.453125 0.082031 0.421875 0.046875 0.417969 0.042969 0.394531 0.027344 0.390625 0.023438 0.386719 0.007812 0.382812 0.003906 0.382812 0.000000
0 0.968750 0.089844 0.988281 0.089844 0.992188 0.089844 1.000000 0.103906 1.000000 0.332031 1.000000 0.332031 0.949219 0.300781 0.945312 0.296875 0.933594 0.269531 0.933594 0.265625 0.902344 0.226562 0.898438 0.222656 0.890625 0.203125 0.886719 0.199219 0.882812 0.144531 0.882812 0.140625 0.902344 0.125000 0.906250 0.121094 0.945312 0.105469 0.949219 0.105469 0.968750 0.089844
0 1.000000 0.000000 1.000000 0.097656 0.992188 0.089844 0.988281 0.085938 0.976562 0.085938 0.972656 0.085938 0.953125 0.097656 0.949219 0.101562 0.902344 0.117188 0.898438 0.117188 0.890625 0.105469 0.886719 0.101562 0.886719 0.089844 0.886719 0.085938 0.898438 0.062500 0.902344 0.058594 0.910156 0.027344 0.914062 0.023438 0.914062 0.000000
0 0.757812 0.542969 0.785156 0.542969 0.789062 0.542969 0.816406 0.558594 0.820312 0.558594 0.847656 0.585938 0.851562 0.589844 0.871094 0.621094 0.875000 0.625000 0.898438 0.695312 0.902344 0.699219 0.902344 0.714844 0.902344 0.718750 0.890625 0.750000 0.886719 0.753906 0.859375 0.757812 0.855469 0.757812 0.808594 0.742188 0.804688 0.742188 0.789062 0.718750 0.789062 0.714844 0.765625 0.691406 0.761719 0.687500 0.746094 0.582031 0.742188 0.578125 0.742188 0.562500 0.742188 0.558594 0.757812 0.542969
0 0.582031 0.578125 0.652344 0.585938 0.656250 0.589844 0.703125 0.589844 0.707031 0.589844 0.722656 0.601562 0.726562 0.601562 0.746094 0.703125 0.746094 0.707031 0.722656 0.718750 0.718750 0.722656 0.683594 0.722656 0.679688 0.726562 0.640625 0.726562 0.636719 0.726562 0.601562 0.710938 0.597656 0.710938 0.574219 0.730469 0.570312 0.734375 0.527344 0.734375 0.523438 0.734375 0.484375 0.757812 0.480469 0.757812 0.453125 0.792969 0.449219 0.796875 0.421875 0.808594 0.417969 0.812500 0.402344 0.808594 0.398438 0.808594 0.378906 0.765625 0.375000 0.761719 0.363281 0.722656 0.359375 0.718750 0.359375 0.699219 0.359375 0.695312 0.386719 0.648438 0.386719 0.644531 0.410156 0.632812 0.414062 0.628906 0.503906 0.640625 0.507812 0.640625 0.523438 0.628906 0.527344 0.625000 0.539062 0.605469 0.542969 0.601562 0.582031 0.578125
0 0.933594 0.964844 0.960938 0.992188 0.964844 0.996094 0.972005 1.000000 0.910156 1.000000 0.921875 0.976562 0.921875 0.972656 0.933594 0.964844
0 0.980469 0.863281 1.000000 0.882812 1.000000 1.000000 0.967969 1.000000 0.933594 0.968750 0.929688 0.964844 0.937500 0.941406 0.937500 0.937500 0.972656 0.871094 0.972656 0.867188 0.980469 0.863281
0 0.000000 0.000000 0.131836 0.000000 0.156250 0.039062 0.160156 0.042969 0.164062 0.062500 0.164062 0.066406 0.175781 0.082031 0.179688 0.085938 0.179688 0.109375 0.179688 0.113281 0.167969 0.128906 0.167969 0.132812 0.152344 0.148438 0.148438 0.152344 0.125000 0.160156 0.121094 0.160156 0.058594 0.195312 0.054688 0.199219 0.000000 0.203125
0 0.000000 0.000000 0.152344 0.000000 0.152344 0.000000 0.160156 0.015625 0.164062 0.019531 0.175781 0.074219 0.179688 0.078125 0.179688 0.113281 0.179688 0.117188 0.148438 0.160156 0.144531 0.164062 0.113281 0.222656 0.109375 0.226562 0.101562 0.328125 0.101562 0.332031 0.054688 0.378906 0.050781 0.382812 0.039062 0.425781 0.035156 0.429688 0.031250 0.472656 0.031250 0.476562 0.054688 0.507812 0.058594 0.511719 0.074219 0.523438 0.078125 0.527344 0.093750 0.531250 0.097656 0.535156 0.117188 0.628906 0.121094 0.632812 0.121094 0.664062 0.121094 0.667969 0.089844 0.695312 0.085938 0.699219 0.078125 0.699219 0.074219 0.703125 0.027344 0.703125 0.023438 0.703125 0.011719 0.695312 0.007812 0.695312 0.000000 0.686790
0 0.367188 0.140625 0.410156 0.144531 0.414062 0.144531 0.457031 0.167969 0.460938 0.171875 0.460938 0.214844 0.460938 0.218750 0.484375 0.281250 0.488281 0.285156 0.488281 0.300781 0.492188 0.304688 0.488281 0.335938 0.484375 0.339844 0.460938 0.351562 0.457031 0.355469 0.406250 0.371094 0.402344 0.375000 0.375000 0.375000 0.371094 0.375000 0.320312 0.308594 0.316406 0.304688 0.316406 0.281250 0.312500 0.277344 0.320312 0.203125 0.320312 0.199219 0.367188 0.140625
0 0.367188 0.367188 0.398438 0.375000 0.402344 0.375000 0.402344 0.394531 0.402344 0.398438 0.437500 0.488281 0.441406 0.492188 0.445312 0.523438 0.449219 0.527344 0.441406 0.570312 0.441406 0.574219 0.433594 0.585938 0.433594 0.589844 0.421875 0.601562 0.417969 0.605469 0.398438 0.613281 0.394531 0.617188 0.375000 0.617188 0.371094 0.617188 0.359375 0.601562 0.355469 0.597656 0.355469 0.480469 0.355469 0.476562 0.367188 0.457031 0.371094 0.453125 0.367188 0.390625 0.363281 0.386719 0.367188 0.367188
0 0.449219 0.886719 0.476562 0.886719 0.480469 0.886719 0.527344 0.902344 0.531250 0.902344 0.546875 0.921875 0.550781 0.925781 0.546875 0.941406 0.546875 0.945312 0.535156 0.949219 0.531250 0.953125 0.460938 0.949219 0.457031 0.945312 0.414062 0.949219 0.410156 0.949219 0.402344 0.941406 0.398438 0.941406 0.398438 0.925781 0.398438 0.921875 0.410156 0.910156 0.414062 0.906250 0.449219 0.886719
0 0.746094 0.714844 0.761719 0.714844 0.765625 0.714844 0.789062 0.750000 0.792969 0.753906 0.792969 0.796875 0.792969 0.800781 0.769531 0.824219 0.765625 0.828125 0.746094 0.828125 0.742188 0.828125 0.730469 0.796875 0.730469 0.792969 0.718750 0.777344 0.714844 0.773438 0.722656 0.734375 0.722656 0.730469 0.746094 0.714844
0 0.003906 0.867188 0.019531 0.867188 0.023438 0.867188 0.070312 0.914062 0.074219 0.917969 0.109375 0.929688 0.113281 0.929688 0.128906 0.960938 0.132812 0.964844 0.136719 0.992188 0.140625 0.996094 0.140811 1.000000 0.021094 1.000000 0.019531 0.992188 0.019531 0.988281 0.003906 0.960938 0.000000 0.957031 0.000000 0.933594 0.000000 0.929688 0.000000 0.929688 0.000000 0.871094 0.003906 0.867188
0 0.269531 0.972656 0.285156 0.984375 0.289062 0.988281 0.328125 0.988281 0.332031 0.988281 0.338728 1.000000 0.226562 1.000000 0.234375 0.992188 0.238281 0.988281 0.269531 0.972656
0 0.214844 0.878906 0.226562 0.878906 0.230469 0.878906 0.253906 0.898438 0.257812 0.898438 0.289062 0.925781 0.292969 0.929688 0.292969 0.945312 0.292969 0.949219 0.281250 0.957031 0.277344 0.960938 0.257812 0.960938 0.253906 0.960938 0.218750 0.945312 0.214844 0.945312 0.207031 0.925781 0.203125 0.921875 0.214844 0.878906
0 0.582031 0.882812 0.609375 0.882812 0.613281 0.882812 0.636719 0.894531 0.640625 0.898438 0.683594 0.898438 0.687500 0.898438 0.699219 0.906250 0.703125 0.906250 0.710938 0.917969 0.714844 0.921875 0.703125 0.937500 0.699219 0.941406 0.667969 0.945312 0.664062 0.945312 0.621094 0.929688 0.617188 0.929688 0.593750 0.937500 0.589844 0.941406 0.562500 0.941406 0.558594 0.941406 0.550781 0.945312 0.546875 0.949219 0.531250 0.949219 0.527344 0.953125 0.402344 0.945312 0.398438 0.941406 0.398438 0.925781 0.398438 0.921875 0.421875 0.902344 0.425781 0.898438 0.449219 0.890625 0.453125 0.886719 0.539062 0.898438 0.542969 0.898438 0.582031 0.882812
