0 1.000000 0.790720 0.898438 0.593750 0.894531 0.589844 0.894531 0.554688 0.894531 0.550781 0.906250 0.503906 0.906250 0.500000 0.910156 0.496094 0.914062 0.492188 0.957031 0.492188 0.960938 0.492188 0.976562 0.484375 0.980469 0.484375 1.000000 0.468564
0 0.781250 0.414062 0.800781 0.417969 0.804688 0.417969 0.859375 0.519531 0.863281 0.523438 0.863281 0.550781 0.863281 0.554688 0.847656 0.585938 0.843750 0.589844 0.820312 0.585938 0.816406 0.585938 0.691406 0.527344 0.687500 0.527344 0.656250 0.507812 0.652344 0.507812 0.628906 0.476562 0.625000 0.472656 0.632812 0.453125 0.636719 0.449219 0.750000 0.425781 0.753906 0.425781 0.781250 0.414062
0 0.585938 0.296875 0.609375 0.300781 0.613281 0.300781 0.671875 0.339844 0.675781 0.339844 0.703125 0.367188 0.707031 0.371094 0.707031 0.382812 0.707031 0.386719 0.644531 0.398438 0.640625 0.402344 0.617188 0.398438 0.613281 0.398438 0.582031 0.320312 0.578125 0.316406 0.578125 0.308594 0.578125 0.304688 0.585938 0.296875
0 0.859375 0.406250 0.902344 0.417969 0.906250 0.421875 0.914062 0.480469 0.914062 0.484375 0.886719 0.507812 0.882812 0.511719 0.871094 0.511719 0.867188 0.511719 0.859375 0.503906 0.855469 0.500000 0.835938 0.460938 0.832031 0.457031 0.835938 0.425781 0.835938 0.421875 0.859375 0.406250
0 0.972656 0.285156 0.976562 0.285156 0.980469 0.289062 0.992188 0.324219 0.996094 0.328125 1.000000 0.410156 1.000000 0.414062 0.988281 0.433594 0.984375 0.437500 0.972656 0.433594 0.968750 0.429688 0.953125 0.398438 0.949219 0.394531 0.949219 0.328125 0.949219 0.324219 0.972656 0.285156
0 0.429688 0.414062 0.507812 0.425781 0.511719 0.425781 0.519531 0.429688 0.523438 0.429688 0.527344 0.441406 0.527344 0.445312 0.480469 0.500000 0.476562 0.503906 0.457031 0.503906 0.453125 0.503906 0.445312 0.500000 0.441406 0.496094 0.433594 0.476562 0.433594 0.472656 0.414062 0.453125 0.410156 0.453125 0.410156 0.433594 0.410156 0.429688 0.429688 0.414062
0 0.734375 0.671875 0.769531 0.671875 0.773438 0.671875 0.828125 0.695312 0.832031 0.699219 0.828125 0.718750 0.828125 0.722656 0.816406 0.738281 0.812500 0.742188 0.804688 0.777344 0.800781 0.781250 0.750000 0.765625 0.746094 0.765625 0.730469 0.753906 0.726562 0.750000 0.718750 0.726562 0.714844 0.722656 0.714844 0.695312 0.714844 0.691406 0.734375 0.671875
0 0.675781 0.953125 0.691406 0.953125 0.695312 0.953125 0.703125 0.957031 0.707031 0.960938 0.750000 0.968750 0.753906 0.968750 0.808594 0.996094 0.812500 1.000000 0.812500 1.000000 0.667969 1.000000 0.667969 1.000000 0.675781 0.953125
0 0.578125 0.671875 0.589844 0.675781 0.593750 0.675781 0.621094 0.703125 0.625000 0.707031 0.617188 0.757812 0.613281 0.761719 0.605469 0.757812 0.601562 0.753906 0.597656 0.742188 0.597656 0.738281 0.574219 0.710938 0.570312 0.707031 0.570312 0.683594 0.570312 0.679688 0.578125 0.671875
0 0.121094 0.199219 0.132812 0.199219 0.136719 0.199219 0.152344 0.214844 0.156250 0.218750 0.164062 0.246094 0.167969 0.250000 0.164062 0.269531 0.164062 0.273438 0.144531 0.273438 0.140625 0.273438 0.117188 0.261719 0.113281 0.257812 0.113281 0.226562 0.113281 0.222656 0.121094 0.199219
0 0.074219 0.429688 0.085938 0.429688 0.089844 0.429688 0.109375 0.445312 0.113281 0.449219 0.093750 0.488281 0.089844 0.492188 0.070312 0.492188 0.066406 0.492188 0.062500 0.476562 0.058594 0.472656 0.062500 0.445312 0.062500 0.441406 0.074219 0.429688
0 0.437500 0.226562 0.453125 0.230469 0.457031 0.230469 0.464844 0.238281 0.468750 0.242188 0.468750 0.250000 0.472656 0.253906 0.480469 0.351562 0.480469 0.355469 0.476562 0.363281 0.472656 0.367188 0.457031 0.367188 0.453125 0.371094 0.433594 0.359375 0.429688 0.355469 0.429688 0.238281 0.429688 0.234375 0.437500 0.226562
0 0.644531 0.882812 0.660156 0.886719 0.664062 0.886719 0.675781 0.898438 0.679688 0.902344 0.679688 0.925781 0.679688 0.929688 0.671875 0.945312 0.667969 0.949219 0.628906 0.941406 0.625000 0.941406 0.636719 0.894531 0.636719 0.890625 0.644531 0.882812
0 0.582031 0.773438 0.605469 0.777344 0.609375 0.777344 0.617188 0.792969 0.617188 0.796875 0.597656 0.812500 0.593750 0.816406 0.574219 0.859375 0.570312 0.863281 0.546875 0.859375 0.542969 0.859375 0.535156 0.835938 0.535156 0.832031 0.582031 0.773438
0 0.390625 0.449219 0.402344 0.449219 0.406250 0.453125 0.406250 0.460938 0.406250 0.464844 0.394531 0.476562 0.390625 0.480469 0.390625 0.488281 0.390625 0.492188 0.406250 0.507812 0.410156 0.507812 0.410156 0.527344 0.410156 0.531250 0.398438 0.531250 0.394531 0.531250 0.382812 0.523438 0.378906 0.523438 0.371094 0.511719 0.367188 0.507812 0.367188 0.492188 0.367188 0.488281 0.390625 0.449219
0 0.351562 0.308594 0.390625 0.320312 0.394531 0.324219 0.406250 0.363281 0.410156 0.367188 0.410156 0.386719 0.406250 0.390625 0.382812 0.394531 0.378906 0.398438 0.367188 0.394531 0.363281 0.394531 0.363281 0.359375 0.363281 0.355469 0.351562 0.339844 0.347656 0.335938 0.351562 0.308594
0 0.292969 0.488281 0.316406 0.488281 0.320312 0.488281 0.328125 0.492188 0.332031 0.496094 0.332031 0.507812 0.332031 0.511719 0.285156 0.531250 0.281250 0.535156 0.269531 0.531250 0.265625 0.531250 0.261719 0.515625 0.257812 0.511719 0.261719 0.503906 0.261719 0.500000 0.292969 0.488281
0 0.703125 0.535156 0.714844 0.539062 0.718750 0.539062 0.730469 0.550781 0.734375 0.554688 0.730469 0.574219 0.726562 0.578125 0.714844 0.582031 0.710938 0.582031 0.703125 0.574219 0.699219 0.570312 0.703125 0.535156
0 0.597656 0.421875 0.605469 0.421875 0.609375 0.421875 0.613281 0.429688 0.617188 0.433594 0.621094 0.449219 0.621094 0.453125 0.613281 0.468750 0.609375 0.472656 0.601562 0.468750 0.597656 0.464844 0.589844 0.437500 0.585938 0.433594 0.597656 0.421875
0 0.847656 0.339844 0.851562 0.355469 0.851562 0.359375 0.828125 0.390625 0.828125 0.394531 0.804688 0.394531 0.800781 0.394531 0.796875 0.378906 0.792969 0.375000 0.808594 0.367188 0.812500 0.367188 0.847656 0.339844
0 0.171875 0.906250 0.179688 0.910156 0.183594 0.914062 0.203125 0.968750 0.207031 0.972656 0.199219 0.992188 0.195312 0.996094 0.183594 0.992188 0.179688 0.992188 0.152344 0.964844 0.148438 0.960938 0.160156 0.945312 0.164062 0.941406 0.164062 0.925781 0.164062 0.921875 0.171875 0.906250
0 0.539062 0.039062 0.589844 0.042969 0.593750 0.042969 0.605469 0.050781 0.609375 0.054688 0.609375 0.066406 0.609375 0.070312 0.578125 0.093750 0.574219 0.097656 0.550781 0.097656 0.546875 0.097656 0.531250 0.066406 0.527344 0.062500 0.539062 0.039062
0 0.937500 0.007812 0.953125 0.011719 0.957031 0.015625 0.960938 0.039062 0.960938 0.042969 0.941160 0.057670 0.928800 0.049500 0.919854 0.046801 0.907495 0.038952 0.914062 0.023438 0.914062 0.019531 0.937500 0.007812
0 0.053148 0.092772 0.026166 0.092772 0.024036 0.091352 0.020485 0.091352 0.013385 0.087091 0.011964 0.082831 0.011964 0.079991 0.010545 0.077861 0.009834 0.063659 0.006284 0.057269 0.004864 0.053008 0.003444 0.051588 0.003444 0.038807 0.002734 0.036677 0.003444 0.033837 0.009834 0.031707 0.019775 0.030286 0.024746 0.030286 0.026876 0.029576 0.038237 0.029576 0.042497 0.030996 0.044627 0.032416 0.046757 0.039517 0.048888 0.042357 0.049598 0.044487 0.056698 0.044487 0.060959 0.043778 0.061669 0.045908 0.061669 0.049458 0.063799 0.056559 0.066639 0.060109 0.068770 0.065079 0.070190 0.066500 0.071610 0.071470 0.079421 0.078571 0.080130 0.080701 0.080130 0.089932 0.078711 0.092772 0.075870 0.096322 0.073740 0.097032 0.069480 0.097032 0.066639 0.095612 0.064509 0.093482 0.060959 0.084251 0.058829 0.083541 0.058119 0.085671 0.056698 0.087091
0 0.021244 0.429091 0.011583 0.425468 0.006752 0.425468 0.001318 0.424261 0.000000 0.423601 0.000000 0.389844 0.020036 0.389844 0.022451 0.390448 0.023055 0.398901 0.024866 0.406750 0.026678 0.409770 0.027886 0.415204 0.027886 0.420638 0.026678 0.423053 0.024866 0.424864
0 0.210232 0.337314 0.205401 0.336710 0.202382 0.334899 0.199967 0.330672 0.198156 0.328861 0.196948 0.327050 0.195741 0.321615 0.195741 0.316181 0.200571 0.310143 0.201175 0.307728 0.204798 0.301086 0.209628 0.294445 0.219289 0.294445 0.227742 0.296860 0.229553 0.298067 0.232572 0.301690 0.232572 0.304105 0.234384 0.305917 0.235591 0.308332 0.241025 0.324634 0.242837 0.325842 0.243440 0.334295 0.244648 0.336106 0.245252 0.338521 0.244648 0.341541 0.241629 0.342145 0.225930 0.342145 0.216873 0.339729
0 0.053245 0.640420 0.050830 0.635589 0.050226 0.631362 0.049018 0.629551 0.049018 0.627136 0.047811 0.622305 0.045999 0.619890 0.038754 0.617475 0.036942 0.615664 0.035735 0.610834 0.035735 0.607211 0.038150 0.602984 0.039961 0.601777 0.042377 0.601173 0.048414 0.601173 0.059283 0.605399 0.067132 0.610230 0.070755 0.614456 0.071359 0.616871 0.073170 0.619287 0.073170 0.622305 0.075585 0.627740 0.077396 0.629551 0.083434 0.638608 0.084038 0.644042 0.080416 0.647061 0.067132 0.647061 0.065321 0.645854 0.060490 0.645854 0.058075 0.645250
0 0.511526 0.539586 0.502469 0.534755 0.495827 0.525095 0.495223 0.520264 0.489789 0.510604 0.489789 0.499735 0.490393 0.494301 0.490996 0.489471 0.492204 0.487659 0.492808 0.484640 0.498242 0.483432 0.501865 0.481017 0.506695 0.473772 0.511526 0.473772 0.515752 0.476187 0.517564 0.477998 0.518771 0.480414 0.518771 0.483432 0.519979 0.485244 0.521790 0.486452 0.536281 0.486452 0.538696 0.488263 0.539904 0.490678 0.541112 0.496716 0.541112 0.502150 0.539904 0.508188 0.536281 0.515434 0.535677 0.517849 0.535677 0.530529 0.535074 0.532944 0.533866 0.534755 0.531451 0.535359 0.525413 0.535963 0.522394 0.537170 0.516960 0.537170
0 0.564056 0.463507 0.559225 0.465319 0.554395 0.465923 0.552584 0.467130 0.546546 0.467130 0.544130 0.466526 0.539904 0.464111 0.536281 0.456866 0.533262 0.452639 0.530243 0.450224 0.529036 0.447809 0.527224 0.446601 0.526017 0.444789 0.524809 0.441167 0.524809 0.432714 0.526621 0.430298 0.529036 0.428487 0.533866 0.427280 0.538696 0.424261 0.554395 0.424261 0.558622 0.421845 0.561037 0.421242 0.565264 0.424864 0.568886 0.432110 0.568886 0.451431 0.567679 0.456262 0.567679 0.458677
0 0.699910 0.276330 0.690853 0.275727 0.682400 0.271500 0.673947 0.266670 0.663079 0.257009 0.663079 0.244329 0.663682 0.241311 0.664890 0.239499 0.666701 0.238291 0.666701 0.226820 0.663079 0.219574 0.663682 0.214743 0.668513 0.211725 0.673947 0.209913 0.683004 0.209309 0.684815 0.207498 0.687230 0.207498 0.689041 0.209309 0.689645 0.228631 0.694476 0.232857 0.698098 0.240707 0.699910 0.241914 0.701118 0.243726 0.703533 0.244329 0.707155 0.246745 0.707759 0.249160 0.707759 0.257009 0.706552 0.261839 0.702325 0.271500
0 0.793498 0.172478 0.788668 0.169459 0.786253 0.165836 0.783837 0.157383 0.782026 0.156175 0.780818 0.154364 0.780215 0.151949 0.786253 0.148326 0.791687 0.147722 0.798329 0.144703 0.803159 0.143496 0.807386 0.141080 0.810405 0.141080 0.813423 0.142288 0.817650 0.146514 0.823084 0.150138 0.826103 0.150741 0.838783 0.150741 0.841198 0.151949 0.843613 0.153760 0.843613 0.167647 0.842406 0.178516 0.841198 0.180931 0.834556 0.185157 0.832141 0.186365 0.826707 0.187573 0.821877 0.190592 0.819461 0.191195 0.814631 0.191195 0.811008 0.188780 0.806178 0.180931 0.804366 0.179723 0.801348 0.179120 0.800140 0.177308 0.798329 0.176100
0 0.764516 0.145911 0.760893 0.150138 0.759082 0.155571 0.756667 0.157383 0.751232 0.157383 0.742779 0.153760 0.735534 0.152553 0.731911 0.150741 0.728892 0.150741 0.727684 0.148326 0.727684 0.140477 0.730100 0.136250 0.734326 0.132627 0.741572 0.129005 0.743383 0.127193 0.744591 0.124778 0.748817 0.122363 0.759686 0.122363 0.762101 0.122966 0.763912 0.121759 0.763912 0.119344 0.760289 0.106060 0.760289 0.101230 0.759686 0.098815 0.757874 0.097607 0.752440 0.089758 0.750629 0.088550 0.739761 0.087946 0.737949 0.086739 0.724666 0.086135 0.724666 0.088550 0.725873 0.090362 0.727684 0.091569 0.725269 0.092173 0.721646 0.091569 0.719231 0.090362 0.715609 0.086135 0.716212 0.080701 0.719835 0.075267 0.723458 0.072248 0.725269 0.069832 0.728288 0.068021 0.750025 0.068021 0.755459 0.069229 0.758478 0.070436 0.763309 0.075267 0.769346 0.080097 0.771762 0.080701 0.779007 0.084927 0.781422 0.085531 0.785045 0.089154 0.785045 0.100022 0.785649 0.103041 0.789875 0.109683 0.792291 0.112098 0.794706 0.112702 0.796517 0.113910 0.796517 0.127797 0.792895 0.135646 0.792291 0.138665 0.790479 0.140477 0.788668 0.145911 0.787460 0.147722 0.781422 0.147722 0.777196 0.147118 0.775384 0.145911 0.769950 0.145307
0 0.933579 0.064398 0.934786 0.069229 0.933579 0.071040 0.919691 0.071040 0.915465 0.071644 0.909427 0.074059 0.899163 0.074059 0.894936 0.070436 0.894332 0.065606 0.892521 0.062587 0.891917 0.060172 0.891917 0.055341 0.892521 0.052926 0.894332 0.051115 0.899766 0.049907 0.901578 0.051115 0.907616 0.051719 0.923314 0.051719 0.925729 0.052926 0.931164 0.052926 0.932975 0.054737 0.932975 0.059568
0 0.540283 1.000000 0.543019 0.989057 0.544511 0.986820 0.546747 0.986074 0.553459 0.986074 0.555696 0.989057 0.563152 0.993531 0.566135 0.996514 0.566832 1.000000
0 0.513192 0.915980 0.510955 0.910015 0.506481 0.904050 0.505735 0.901813 0.502752 0.898830 0.496787 0.894356 0.494550 0.893610 0.491567 0.893610 0.490076 0.892119 0.487839 0.891373 0.485602 0.889136 0.484856 0.881679 0.486348 0.877205 0.510955 0.877205 0.513192 0.876459 0.531088 0.876459 0.534071 0.878696 0.534071 0.880934 0.537799 0.884662 0.538545 0.889136 0.540036 0.891373 0.540782 0.894356 0.540782 0.901067 0.534816 0.911506 0.534816 0.918963 0.533325 0.920454 0.532580 0.922691 0.531088 0.924183 0.528851 0.924929 0.516920 0.924929 0.515429 0.923437
0 0.419237 0.766845 0.403577 0.765354 0.396866 0.763116 0.390901 0.759388 0.388664 0.758643 0.387918 0.756405 0.387918 0.751186 0.393138 0.749695 0.395375 0.748203 0.400595 0.747457 0.402832 0.745220 0.405814 0.740746 0.406560 0.736272 0.408797 0.731798 0.409543 0.727324 0.411034 0.724341 0.412525 0.722104 0.419982 0.715393 0.426693 0.715393 0.432659 0.721359 0.433404 0.729561 0.433404 0.754168 0.431168 0.759388 0.428930 0.762371 0.425202 0.765354
0 0.396121 0.635606 0.390901 0.629640 0.388664 0.628895 0.387173 0.627404 0.384190 0.626658 0.370768 0.626658 0.368530 0.625166 0.367785 0.620692 0.367785 0.613981 0.370022 0.609507 0.374496 0.603542 0.375242 0.601305 0.380461 0.596830 0.383444 0.596085 0.384936 0.593848 0.389409 0.593848 0.395375 0.596830 0.402086 0.596830 0.408052 0.591611 0.411034 0.587882 0.413271 0.587137 0.414762 0.585645 0.417745 0.584900 0.421474 0.585645 0.422219 0.588628 0.422219 0.596830 0.419237 0.606524 0.415508 0.611744 0.412525 0.612490 0.412525 0.614727 0.416254 0.618455 0.422219 0.621438 0.422219 0.623675 0.411780 0.626658 0.405069 0.633369 0.402086 0.634860
0 0.271492 1.000000 0.269759 1.000000 0.264136 0.998751 0.262645 0.997259 0.258170 0.997259 0.251459 0.989802 0.250714 0.986820 0.249222 0.984583 0.249222 0.964450 0.249968 0.962213 0.252951 0.959230 0.263390 0.953264 0.264881 0.951773 0.269355 0.951027 0.278304 0.960721 0.279795 0.965195 0.282032 0.967432 0.283523 0.970415 0.283523 0.984583 0.279049 0.996514 0.276812 0.998005
0 0.168689 0.863783 0.161978 0.867511 0.158250 0.871240 0.153030 0.872731 0.151539 0.874223 0.145573 0.874223 0.143336 0.874968 0.132151 0.874968 0.126931 0.877205 0.121711 0.877205 0.118729 0.874968 0.118729 0.856326 0.119474 0.851852 0.123948 0.844395 0.126931 0.836193 0.129914 0.830973 0.134388 0.827245 0.156758 0.824262 0.164215 0.824262 0.166452 0.825754 0.169435 0.828736 0.173163 0.834702 0.180620 0.838430 0.192551 0.847378 0.193296 0.849615 0.199262 0.855580 0.209701 0.859309 0.212684 0.863783 0.214921 0.868257 0.214921 0.872731 0.210447 0.875714 0.203736 0.875714 0.194788 0.877205 0.191805 0.875714 0.188822 0.872731 0.185839 0.871240 0.182111 0.867511 0.179129 0.866766 0.176146 0.863037
0 0.159741 0.751931 0.156758 0.758643 0.152284 0.761625 0.138116 0.761625 0.132896 0.755660 0.132896 0.753423 0.128423 0.747457 0.127677 0.745220 0.117238 0.740746 0.115000 0.737764 0.112018 0.728816 0.112018 0.719121 0.115746 0.715393 0.119474 0.713902 0.127677 0.713902 0.129168 0.712411 0.129168 0.710173 0.131405 0.702717 0.131405 0.696005 0.129914 0.691532 0.129914 0.674381 0.130659 0.671398 0.132151 0.669161 0.138116 0.666924 0.143336 0.666924 0.148556 0.668416 0.153775 0.672144 0.156758 0.675127 0.158995 0.679601 0.164215 0.687057 0.164215 0.696005 0.163469 0.698243 0.161232 0.698243 0.158250 0.701225 0.158250 0.703463 0.156013 0.705700 0.153775 0.705700 0.148556 0.707936 0.147064 0.709428 0.146319 0.712411 0.147064 0.716885 0.157504 0.722104 0.161232 0.723596 0.165706 0.724341 0.167198 0.726579 0.167198 0.738509 0.164961 0.742983 0.161232 0.745966
0 0.629148 0.881937 0.619184 0.868803 0.617372 0.867897 0.614655 0.867897 0.603785 0.869256 0.602879 0.867444 0.602879 0.864727 0.604238 0.859291 0.609673 0.851592 0.613296 0.844798 0.619184 0.837552 0.625525 0.832117 0.627789 0.831211 0.634583 0.831211 0.645000 0.833475 0.647264 0.833475 0.654058 0.836646 0.660852 0.840722 0.663116 0.841175 0.664928 0.842534 0.669004 0.843893 0.670816 0.845251 0.671269 0.848421 0.669004 0.852951 0.661305 0.860197 0.655417 0.864273 0.650888 0.869709 0.643188 0.881031 0.634583 0.883749
0 0.594727 0.866538 0.586121 0.861103 0.583857 0.860650 0.582498 0.858839 0.582951 0.849327 0.586121 0.845251 0.602426 0.836646 0.606502 0.835287 0.609220 0.835287 0.611484 0.836646 0.612843 0.838457 0.612390 0.848421 0.611484 0.851139 0.607861 0.855668 0.605596 0.861556 0.600161 0.865632
0 0.800349 0.892807 0.796273 0.895072 0.791291 0.894619 0.788121 0.888278 0.784045 0.884655 0.782686 0.882390 0.782233 0.875596 0.792650 0.867897 0.801708 0.858839 0.802614 0.857027 0.804426 0.856121 0.825260 0.854763 0.827071 0.856574 0.827524 0.858839 0.827524 0.871520 0.827071 0.873785 0.825713 0.875596 0.818013 0.881484 0.813031 0.883749 0.808502 0.883749 0.806237 0.884655 0.803973 0.891448
0 0.780539 0.342136 0.757580 0.342136 0.760641 0.339075 0.736152 0.354380 0.731561 0.366625 0.731561 0.377339 0.775947 0.372747 0.795845 0.366625 0.792784 0.343666
0 0.452996 0.115610 0.420854 0.114080 0.426976 0.121733 0.426976 0.124794 0.440751 0.135508 0.449934 0.137038 0.468302 0.146222 0.472893 0.118671
0 0.426976 0.189078 0.396364 0.213567 0.385650 0.238056 0.396364 0.257954 0.407079 0.257954 0.422384 0.238056 0.426976 0.238056 0.428506 0.213567
0 0.204854 0.000000 0.205042 0.000817 0.218818 0.016123 0.238715 0.003878 0.242108 0.000000
0 0.130044 0.971202 0.130044 0.952836 0.126983 0.939060 0.082596 0.943652 0.085657 0.958958 0.096371 0.971202 0.085657 0.984978 0.082596 0.981916 0.068821 0.989569 0.068821 0.995691 0.084127 0.997222 0.088293 1.000000 0.164431 1.000000 0.174431 0.997222 0.153003 0.972733 0.151472 0.991100 0.140758 0.981916 0.142289 0.972733
0 0.852476 0.614578 0.864721 0.658965 0.886149 0.632945 0.886149 0.636006 0.886149 0.620700 0.873904 0.613048 0.873904 0.600803 0.846354 0.583967 0.838701 0.590089 0.838701 0.613048
0 0.981045 0.455398 0.965739 0.450807 0.951963 0.463051 0.938188 0.469173 0.938188 0.486010 0.962677 0.484479 0.979514 0.476826 0.987167 0.470704
0 0.546361 0.678863 0.509627 0.681923 0.506566 0.669679 0.491260 0.654373 0.472893 0.652843 0.472893 0.669679 0.495852 0.681923 0.508096 0.704882 0.517280 0.712535 0.521871 0.714066 0.537177 0.714066 0.552483 0.703352 0.549422 0.694168
0 0.827987 0.645190 0.809620 0.652843 0.786661 0.651312 0.772886 0.657434 0.766764 0.665087 0.771355 0.677332 0.774417 0.678863 0.806559 0.675801 0.823395 0.666618 0.824926 0.663557 0.827987 0.663557 0.837170 0.655904
0 0.000000 0.900222 0.001476 0.905387 0.044332 0.911510 0.048923 0.887021 0.030557 0.880898 0.019843 0.870184 0.000000 0.872389
0 0.287693 0.746208 0.278510 0.740086 0.224940 0.740086 0.232593 0.781411 0.247898 0.796717 0.278510 0.796717 0.283102 0.786003 0.313713 0.776819 0.313713 0.764575 0.302999 0.759983 0.306060 0.746208 0.306060 0.737024
0 0.000000 0.852167 0.004537 0.851818 0.019843 0.871715 0.019843 0.831920 0.001476 0.830389 0.000000 0.799404
0 0.420464 0.092099 0.398562 0.092099 0.373290 0.110632 0.398562 0.132534 0.418780 0.119056
0 0.385084 0.154436 0.342964 0.154436 0.337909 0.166230 0.344649 0.179709 0.358127 0.186448 0.391823 0.186448 0.391823 0.166230
0 0.809332 0.270182 0.832495 0.264391 0.869170 0.320368 0.869170 0.330019 0.849868 0.320368 0.840216 0.320368 0.828635 0.295275 0.807402 0.285623
0 0.338217 0.669188 0.292743 0.665234 0.278903 0.671165 0.276926 0.679074 0.272971 0.681051 0.269017 0.700822 0.334262 0.700822 0.357988 0.706754 0.361942 0.702799 0.357988 0.688959 0.354034 0.688959
