0 0.309333 0.000000 0.309400 0.001532 0.307502 0.023146 0.297086 0.031445 0.285156 0.031250 0.252182 0.057960 0.245730 0.066230 0.234584 0.066337 0.218167 0.063368 0.203125 0.058594 0.199219 0.058594 0.158707 0.048784 0.137784 0.046356 0.135820 0.043575 0.118557 0.042768 0.117188 0.035156 0.113281 0.031250 0.108817 0.000000
0 0.156412 0.203125 0.164062 0.203125 0.171202 0.203341 0.179688 0.218750 0.181223 0.224596 0.186552 0.235838 0.191779 0.242437 0.190723 0.273400 0.195312 0.273438 0.195312 0.300781 0.199219 0.304688 0.199372 0.343344 0.195312 0.352704 0.108264 0.391091 0.100857 0.395974 0.044952 0.418059 0.035156 0.420703 0.000000 0.431952 0.000000 0.419932 0.036088 0.388116 0.052732 0.369433 0.071929 0.347772 0.074796 0.343750 0.082237 0.331728 0.105469 0.300781 0.109375 0.296875 0.132904 0.250150 0.140925 0.220045 0.147360 0.208298
0 0.734375 0.292969 0.742341 0.292594 0.742246 0.296647 0.744712 0.296833 0.769531 0.296875 0.773438 0.296875 0.777214 0.296760 0.787370 0.305074 0.793858 0.322727 0.799574 0.324537 0.816741 0.324806 0.816423 0.332936 0.828358 0.360546 0.828125 0.367188 0.832031 0.371094 0.832031 0.382812 0.832031 0.386719 0.832064 0.394548 0.824857 0.394211 0.820312 0.394531 0.663786 0.395260 0.663761 0.391546 0.657893 0.386719 0.639493 0.360054 0.636719 0.355469 0.632643 0.350432 0.633097 0.335707 0.636719 0.332031 0.636719 0.328125 0.648438 0.312500 0.648438 0.308594 0.656250 0.304688 0.660156 0.300781 0.707030 0.300870 0.706909 0.295860 0.726545 0.296507 0.726264 0.292786 0.734375 0.292969
0 0.832031 0.062500 0.847656 0.062500 0.851562 0.062500 0.863281 0.078125 0.867188 0.082031 0.867188 0.109375 0.867188 0.113281 0.882812 0.156250 0.882812 0.160156 0.879113 0.175391 0.871094 0.187500 0.871094 0.191406 0.835938 0.214844 0.832031 0.214844 0.808594 0.246094 0.808594 0.250000 0.796938 0.265625 0.797055 0.269331 0.784883 0.269733 0.783187 0.265625 0.773438 0.257812 0.769531 0.253906 0.765625 0.191406 0.765625 0.187500 0.803275 0.132054 0.832031 0.062500
0 0.433594 0.703125 0.445312 0.703125 0.449219 0.703125 0.456910 0.707332 0.459336 0.710943 0.464116 0.720711 0.480469 0.742188 0.484375 0.746094 0.507812 0.792969 0.511719 0.796875 0.511719 0.808594 0.511719 0.812500 0.503906 0.824219 0.500000 0.828125 0.488202 0.828092 0.485959 0.823457 0.484384 0.820317 0.473308 0.804566 0.460938 0.781250 0.460938 0.777344 0.433594 0.730469 0.429688 0.726562 0.429887 0.715063 0.433594 0.703125
0 0.983853 1.000000 0.981074 0.999354 0.978656 0.997174 0.976383 0.996507 0.968145 0.996274 0.951267 0.992089 0.925321 0.992089 0.925321 0.999553 0.914066 0.999671 0.914066 1.000000
0 0.222722 0.738840 0.222460 0.740715 0.221586 0.741761 0.219581 0.742377 0.215771 0.742377 0.214239 0.756481 0.196229 0.772086 0.174918 0.788943 0.173289 0.791429 0.170086 0.793981 0.167960 0.796757 0.163556 0.798059 0.162451 0.797798 0.154271 0.804323 0.145568 0.804722 0.145372 0.808418 0.153937 0.808322 0.155596 0.808851 0.160308 0.813393 0.164796 0.819725 0.172295 0.819725 0.175406 0.821752 0.176021 0.823496 0.175747 0.830700 0.174093 0.831796 0.168570 0.842150 0.165943 0.843466 0.163661 0.844130 0.161320 0.843857 0.160007 0.841175 0.148373 0.833488 0.142255 0.836386 0.132100 0.836027 0.129823 0.834709 0.129051 0.832188 0.117816 0.831659 0.116543 0.829847 0.106130 0.827735 0.105179 0.826148 0.100530 0.823657 0.101186 0.811533 0.105495 0.808280 0.105768 0.806228 0.106642 0.805098 0.109419 0.804416 0.109777 0.801792 0.110651 0.800918 0.111969 0.800474 0.115499 0.800730 0.118554 0.798425 0.114404 0.796857 0.113360 0.795727 0.113445 0.790277 0.125763 0.775814 0.129367 0.736164 0.125763 0.720763 0.125107 0.707655 0.148701 0.690288 0.178520 0.690288 0.191300 0.695531 0.195048 0.699065 0.198970 0.699509 0.199673 0.700213 0.199769 0.702338 0.202568 0.703279 0.204865 0.707117 0.210107 0.707733 0.211152 0.708950 0.211729 0.711743 0.213362 0.712016 0.214408 0.713062 0.214510 0.717414 0.225708 0.727972 0.226363 0.737475
0 0.141773 0.670158 0.141082 0.667204 0.137801 0.663454 0.136283 0.658495 0.134684 0.656006 0.131376 0.653232 0.128559 0.649601 0.128798 0.638905 0.127455 0.636583 0.125310 0.636184 0.124670 0.631044 0.123232 0.629055 0.121888 0.628598 0.116026 0.628995 0.112636 0.624832 0.097663 0.617143 0.087168 0.621465 0.079328 0.621260 0.076752 0.622245 0.074805 0.624547 0.074354 0.627479 0.075508 0.629336 0.076635 0.629610 0.077357 0.631251 0.078515 0.639816 0.074975 0.640729 0.073820 0.642764 0.074453 0.649518 0.074330 0.657134 0.073089 0.659144 0.069828 0.660983 0.069555 0.671915 0.064398 0.671915 0.063422 0.672188 0.062445 0.673868 0.062719 0.675911 0.064578 0.679302 0.064756 0.682147 0.061912 0.685776 0.061557 0.697862 0.062533 0.699542 0.063688 0.699815 0.065039 0.699166 0.066533 0.700079 0.066807 0.702571 0.067510 0.703274 0.081818 0.703370 0.081641 0.705505 0.082617 0.707184 0.089281 0.707991 0.092035 0.707718 0.093864 0.705557 0.093864 0.699613 0.091123 0.698958 0.090239 0.698073 0.090251 0.696017 0.096620 0.695576 0.097541 0.694654 0.097780 0.693006 0.105198 0.687981 0.107111 0.687707 0.109472 0.684362 0.116181 0.679621 0.120126 0.675738 0.122898 0.671957 0.124916 0.672188 0.125619 0.672891 0.125893 0.674223 0.125004 0.676430 0.125537 0.679899 0.126518 0.680702 0.128561 0.680975 0.132025 0.679991 0.133180 0.677778 0.132664 0.676559 0.135936 0.675725 0.137644 0.673484 0.140557 0.671815 0.141467 0.670373
0 0.304928 0.605343 0.304347 0.597404 0.285371 0.597404 0.285371 0.590046 0.282080 0.570296 0.273754 0.570490 0.272979 0.573782 0.265621 0.573782 0.265621 0.577654 0.262101 0.578402 0.258358 0.578030 0.257382 0.576350 0.257579 0.573975 0.245871 0.573975 0.245929 0.576984 0.249456 0.579325 0.250026 0.581389 0.249159 0.584538 0.246591 0.585811 0.238225 0.585627 0.234478 0.581959 0.231981 0.581389 0.230883 0.579895 0.230513 0.578076 0.214928 0.577755 0.214446 0.586431 0.203199 0.589805 0.201520 0.593500 0.201659 0.595970 0.202017 0.597230 0.210750 0.597356 0.211393 0.601534 0.211232 0.621457 0.214767 0.621457 0.227300 0.629329 0.235544 0.629202 0.236817 0.629773 0.239994 0.628499 0.241197 0.627096 0.241871 0.624919 0.241971 0.621378 0.243568 0.617972 0.245697 0.616795 0.246371 0.613475 0.256134 0.613475 0.257665 0.614432 0.258942 0.616798 0.262419 0.617472 0.271430 0.617348 0.273193 0.618371 0.274443 0.620298 0.277220 0.621072 0.288857 0.620833 0.290019 0.609603 0.292923 0.608773 0.293456 0.607381 0.295404 0.606125 0.298317 0.605575 0.303231 0.605828
0 0.188902 0.179650 0.200954 0.103530 0.192708 0.095918 0.162894 0.097821 0.147036 0.102895 0.116587 0.103530 0.075990 0.100358 0.054422 0.090209 0.050616 0.121291 0.046176 0.146030 0.051885 0.156814 0.135618 0.166329 0.160357 0.173941
0 0.176850 0.093380 0.180655 0.085134 0.155282 0.066738 0.013825 0.014722 0.000000 0.014722 0.000000 0.074255 0.008750 0.079425 0.051885 0.088305 0.080430 0.100358 0.139424 0.102261
0 0.159723 0.199949 0.159702 0.203125 0.156412 0.203125 0.147360 0.208298 0.140925 0.220045 0.132904 0.250150 0.112039 0.291584 0.084236 0.288756 0.075355 0.278607 0.006847 0.258308 0.003675 0.246890 0.000000 0.246150 0.000000 0.119134 0.036027 0.132709 0.160357 0.172673
0 0.000000 1.000000 0.000000 0.956942 0.014984 0.962271 0.049805 0.982754 0.080017 0.989411 0.082208 1.000000
0 0.269531 0.851562 0.277344 0.851562 0.281250 0.855469 0.281218 0.877709 0.281540 0.889647 0.277344 0.890625 0.277344 0.894531 0.243564 0.955657 0.214801 0.991305 0.223217 0.992990 0.222870 1.000000 0.185427 1.000000 0.183722 0.997443 0.181839 0.993942 0.179676 0.991736 0.166363 0.989098 0.156250 0.984375 0.152344 0.972656 0.148438 0.968750 0.147756 0.953800 0.154503 0.950568 0.214844 0.890625 0.218750 0.886719 0.269531 0.851562
0 0.097656 0.953125 0.121094 0.953125 0.125000 0.953125 0.136719 0.960938 0.140625 0.960938 0.156250 0.984375 0.160156 0.988281 0.175781 0.992188 0.179688 0.992188 0.185547 1.000000 0.078125 1.000000 0.078125 0.996094 0.078125 0.992188 0.070312 0.976562 0.070312 0.972656 0.097656 0.953125
0 0.941406 0.800781 0.972656 0.800781 0.976562 0.800781 0.980469 0.808594 0.984375 0.812500 0.984907 0.837795 0.980469 0.843750 0.953125 0.890625 0.953125 0.894531 0.949219 0.898438 0.948168 0.907341 0.929484 0.907103 0.928770 0.902344 0.921875 0.902344 0.917969 0.902344 0.886719 0.894908 0.882812 0.890625 0.878906 0.878906 0.878668 0.863578 0.883863 0.851428 0.889911 0.851284 0.896435 0.862370 0.898867 0.862449 0.906250 0.820312 0.906250 0.816406 0.914062 0.808594 0.917969 0.804688 0.941406 0.800781
0 0.968321 0.800298 0.881047 0.804852 0.874217 0.797263 0.858786 0.795998 0.832224 0.788156 0.820841 0.763618 0.822105 0.722890 0.878771 0.695064 0.890154 0.694811 0.890660 0.691522 0.895973 0.691522 0.910048 0.717205 0.910392 0.717831 0.963009 0.719348 0.975658 0.726179 0.994124 0.726179 0.999690 0.722131 0.999943 0.782338
0 0.914802 0.649872 0.862273 0.604120 0.872157 0.569384 0.880630 0.569101 0.896163 0.580963 0.898422 0.577573 0.906895 0.577009 0.906047 0.584916 0.931465 0.596213 0.946433 0.597343 0.956035 0.601014 0.956317 0.604968 0.921862 0.649872
0 0.897575 0.658909 0.848717 0.639422 0.820758 0.606662 0.819911 0.584916 0.852954 0.585764 0.863403 0.594518 0.862838 0.604120 0.915085 0.650154 0.931747 0.651848 0.932030 0.656367 0.910848 0.658909 0.910284 0.663993 0.898987 0.663993
0 0.042079 0.120645 0.039344 0.123380 0.035633 0.124395 0.028349 0.123910 0.022210 0.122166 0.016234 0.118133 0.008855 0.116581 0.000000 0.112800 0.000000 0.097202 0.004622 0.098591 0.014732 0.102918 0.022833 0.104662 0.029354 0.108997 0.035633 0.109473 0.039344 0.110489 0.042079 0.113223 0.043094 0.116934
0 0.013511 0.770501 0.013511 0.759876 0.012182 0.754272 0.012182 0.743495 0.011167 0.739784 0.010281 0.738014 0.006219 0.733951 0.003045 0.733082 0.000000 0.728516 0.000000 0.784608 0.004448 0.783144 0.008875 0.780488 0.011609 0.777753 0.012625 0.773737
0 0.440701 0.623228 0.460232 0.631040 0.464139 0.631040 0.475857 0.642759 0.479764 0.646665 0.522732 0.670103 0.526639 0.674009 0.538357 0.713071 0.542264 0.716978 0.538357 0.740415 0.534451 0.744321 0.507107 0.752134 0.503201 0.756040 0.491482 0.748228 0.487576 0.744321 0.436795 0.646665 0.432889 0.642759 0.432889 0.631040 0.432889 0.627134 0.440701 0.623228
0 0.589844 0.492188 0.617188 0.496094 0.621094 0.496094 0.742188 0.550781 0.746094 0.550781 0.746094 0.574219 0.746094 0.578125 0.726562 0.589844 0.722656 0.593750 0.703125 0.597656 0.699219 0.601562 0.660156 0.593750 0.656250 0.593750 0.585938 0.523438 0.582031 0.523438 0.578125 0.503906 0.578125 0.500000 0.589844 0.492188
0 0.375000 0.542969 0.382812 0.542969 0.386719 0.542969 0.425781 0.574219 0.429688 0.578125 0.433594 0.593750 0.437500 0.597656 0.433594 0.621094 0.429688 0.625000 0.406250 0.625000 0.402344 0.625000 0.390625 0.617188 0.386719 0.613281 0.375000 0.542969
0 0.333561 0.783706 0.321823 0.776237 0.320223 0.768234 0.321289 0.765033 0.314354 0.754896 0.304750 0.754896 0.301549 0.755429 0.293546 0.754363 0.290345 0.750094 0.285543 0.738357 0.284477 0.733021 0.285010 0.725019 0.294613 0.715415 0.299415 0.712748 0.303683 0.709013 0.309552 0.706879 0.312753 0.706879 0.321289 0.705278 0.323957 0.705278 0.333027 0.707946 0.337295 0.707946 0.346899 0.711147 0.350633 0.715415 0.352768 0.716482 0.354368 0.719150 0.353834 0.727153 0.356502 0.734089 0.356502 0.736223 0.355435 0.738357 0.356502 0.744759 0.354902 0.746360 0.353301 0.750628 0.351700 0.752762 0.346365 0.756496 0.343164 0.760765 0.339963 0.760765 0.339429 0.762899 0.340496 0.765566 0.348499 0.774636 0.347966 0.780505 0.342097 0.783173 0.338896 0.783173
0 0.800781 0.097656 0.796875 0.054688 0.790434 0.048247 0.776620 0.042924 0.768193 0.040465 0.765474 0.039062 0.734375 0.039062 0.695312 0.058594 0.695312 0.062500 0.691406 0.085938 0.695312 0.089844 0.703125 0.105469 0.707031 0.109375 0.722656 0.121094 0.777344 0.121094
0 0.800379 0.000000 0.750595 0.000000 0.734417 0.019761 0.739639 0.033360 0.794327 0.048985 0.798233 0.045079
0 0.336541 0.901133 0.335398 0.916377 0.325109 0.924761 0.316344 0.929715 0.308341 0.927429 0.299195 0.921712 0.294241 0.916758 0.293478 0.909517 0.313676 0.908374 0.312914 0.901133 0.304530 0.896560 0.290430 0.892368 0.283189 0.892368 0.282427 0.853878 0.269470 0.850448 0.269089 0.844351 0.283189 0.842446 0.300719 0.818818 0.309103 0.819199 0.341495 0.854640 0.341877 0.838635 0.359025 0.843208 0.374650 0.849305 0.374650 0.901133 0.360550 0.902277 0.349117 0.897322
0 0.279668 0.501572 0.279171 0.503389 0.276436 0.506123 0.271728 0.508691 0.264023 0.512116 0.260312 0.513132 0.257565 0.512497 0.256055 0.517087 0.251609 0.521534 0.249040 0.523246 0.242333 0.525118 0.237196 0.525118 0.232201 0.523674 0.230061 0.522390 0.224757 0.516231 0.223742 0.512520 0.224757 0.507953 0.225653 0.507058 0.225653 0.505191 0.247318 0.489716 0.248302 0.486121 0.251036 0.483387 0.252748 0.482531 0.259455 0.480659 0.261596 0.480659 0.266591 0.482103 0.270871 0.484243 0.273012 0.485527 0.277050 0.489566 0.280340 0.489566 0.280340 0.501284
0 0.214022 0.276590 0.249816 0.278410 0.277116 0.262637 0.285609 0.188016 0.247996 0.171636 0.235862 0.172243 0.214629 0.192263 0.207955 0.200150 0.173375 0.202576
0 0.730415 1.000000 0.731337 0.997222 0.735354 0.993419 0.740271 0.990853 0.743982 0.989838 0.755527 0.989838 0.767071 0.990907 0.773988 0.992564 0.776687 0.994621 0.778478 0.995129 0.782495 0.999573 0.782719 1.000000
0 0.788779 0.906156 0.775750 0.894340 0.767570 0.874040 0.765752 0.863133 0.768782 0.857679 0.789990 0.863133 0.794232 0.870405 0.796656 0.881312 0.809078 0.886462 0.796353 0.905550
0 0.762306 0.828593 0.762306 0.825564 0.760987 0.820338 0.757950 0.817300 0.752724 0.815679 0.748482 0.815679 0.743256 0.816998 0.738106 0.819724 0.735371 0.822459 0.733554 0.824882 0.731130 0.830033 0.726404 0.834759 0.720787 0.837473 0.713564 0.839115 0.710830 0.841849 0.709921 0.844576 0.708905 0.848287 0.708905 0.851317 0.709921 0.855028 0.712655 0.857762 0.716366 0.858778 0.722459 0.856670 0.722949 0.854877 0.725987 0.851840 0.734242 0.849916 0.739090 0.849916 0.742801 0.850931 0.746168 0.854368 0.750906 0.856051 0.754920 0.855036 0.758866 0.851695 0.759775 0.849877 0.761094 0.844348 0.762002 0.829702
0 0.862334 0.812194 0.862115 0.808251 0.860880 0.803883 0.854421 0.796986 0.837346 0.792903 0.832768 0.794129 0.828125 0.792969 0.796875 0.820312 0.796875 0.821259 0.795411 0.822723 0.794395 0.826434 0.794614 0.829501 0.796068 0.834308 0.799654 0.838112 0.800781 0.843750 0.804688 0.843750 0.813268 0.847182 0.816442 0.852053 0.819834 0.855445 0.824421 0.856460 0.828570 0.855225 0.839848 0.844166 0.841601 0.841537 0.843750 0.839844 0.843750 0.838293 0.849050 0.829269 0.859785 0.818534 0.861318 0.815905
0 0.379321 0.919600 0.378694 0.914075 0.376692 0.912073 0.369606 0.907241 0.361977 0.905162 0.356400 0.902088 0.354096 0.901461 0.351469 0.902088 0.349789 0.903768 0.349163 0.906072 0.349789 0.908699 0.354368 0.913278 0.357267 0.914244 0.359312 0.915750 0.351125 0.923402 0.342853 0.935811 0.336996 0.942940 0.332782 0.945882 0.322679 0.949940 0.318354 0.953947 0.317338 0.957658 0.318354 0.962323 0.324906 0.969512 0.327133 0.970785 0.333707 0.972755 0.336889 0.972755 0.344418 0.970466 0.354471 0.960414 0.357526 0.956213 0.363509 0.952012 0.369743 0.946096 0.373879 0.939733 0.376743 0.932733 0.377759 0.929022 0.377759 0.924129 0.379319 0.919600
0 0.566812 0.632429 0.564065 0.639685 0.559557 0.644429 0.557906 0.645372 0.555602 0.645999 0.551646 0.645372 0.548316 0.642042 0.547441 0.640243 0.545454 0.643570 0.545148 0.647367 0.546804 0.649349 0.547430 0.651979 0.546804 0.654284 0.545124 0.655964 0.539233 0.657243 0.531407 0.656916 0.527146 0.655964 0.525141 0.653958 0.523537 0.647741 0.524163 0.645436 0.526820 0.643104 0.534326 0.638687 0.526127 0.619557 0.522952 0.621728 0.519995 0.622355 0.516061 0.621076 0.514381 0.619396 0.513428 0.612200 0.514381 0.607939 0.516386 0.605608 0.519531 0.604457 0.519531 0.590784 0.518971 0.587746 0.519531 0.582031 0.521414 0.582973 0.523560 0.580827 0.527169 0.580201 0.529473 0.580827 0.531756 0.582458 0.535392 0.586420 0.537552 0.589844 0.539062 0.589844 0.546875 0.601562 0.550781 0.605469 0.556835 0.617576 0.560498 0.620656 0.565952 0.628002 0.566814 0.632429
0 0.742715 0.616161 0.741464 0.608678 0.737455 0.603020 0.732835 0.598871 0.727709 0.597619 0.725116 0.597619 0.719048 0.599342 0.714332 0.601464 0.709470 0.604912 0.693585 0.613959 0.686371 0.620230 0.684013 0.623295 0.682835 0.626360 0.680876 0.634551 0.680876 0.638323 0.681583 0.644453 0.683542 0.651229 0.685192 0.654294 0.689577 0.658443 0.694467 0.659930 0.698711 0.660166 0.704543 0.658207 0.717504 0.643124 0.720811 0.640053 0.730949 0.634630 0.735664 0.631094 0.739342 0.627181 0.741699 0.619872
0 0.999861 0.588577 0.999468 0.500558 0.979261 0.495343 0.971849 0.492592 0.963991 0.490908 0.957254 0.490908 0.953667 0.491683 0.943277 0.492306 0.942634 0.499062 0.941547 0.500832 0.939689 0.507912 0.937233 0.521665 0.937771 0.523910 0.937209 0.526059 0.937209 0.534671 0.938052 0.541873 0.937770 0.558932 0.969604 0.583861 0.998289 0.594078
0 0.606971 0.074579 0.587643 0.060888 0.571536 0.057666 0.566301 0.081827 0.564690 0.055250 0.550999 0.043573 0.526839 0.033909 0.503886 0.035519 0.511134 0.058874 0.519993 0.076995 0.539321 0.106390 0.537711 0.117262 0.532073 0.121691 0.532476 0.134174 0.557039 0.145449 0.571536 0.144644 0.579992 0.137798 0.602541 0.107598
0 0.635773 0.028885 0.635294 0.023612 0.631402 0.012230 0.627230 0.008058 0.624354 0.006141 0.620643 0.005125 0.603864 0.007522 0.596798 0.009496 0.590087 0.012373 0.582079 0.018942 0.581064 0.022653 0.581064 0.026967 0.582981 0.038307 0.582502 0.052374 0.583517 0.056085 0.586252 0.058819 0.589963 0.059835 0.595112 0.058819 0.596550 0.057861 0.599284 0.055126 0.602246 0.050727 0.611055 0.050247 0.618121 0.048273 0.623874 0.045397 0.630923 0.038827 0.634758 0.032596
0 0.406096 0.346106 0.399086 0.352637 0.398427 0.354255 0.393295 0.359387 0.390879 0.360998 0.386143 0.370374 0.383086 0.381101 0.379873 0.384314 0.375203 0.385330 0.371492 0.384314 0.366840 0.380142 0.359170 0.371034 0.353897 0.364323 0.351500 0.360008 0.350005 0.352941 0.350005 0.348148 0.353418 0.335329 0.355279 0.332509 0.355279 0.330230 0.354902 0.329854 0.349796 0.330681 0.346085 0.329666 0.343351 0.326931 0.341856 0.321303 0.342871 0.316154 0.344789 0.312798 0.350400 0.306708 0.360946 0.298559 0.365193 0.297661 0.367080 0.298177 0.371368 0.296584 0.375079 0.297600 0.387401 0.309922 0.391715 0.314716 0.392674 0.316633 0.398089 0.320610 0.403700 0.326221 0.405617 0.329097 0.407591 0.337602 0.407411 0.340657 0.408802 0.342048
0 0.233579 0.373555 0.232563 0.369364 0.229349 0.366151 0.222457 0.363094 0.216406 0.356563 0.209207 0.352595 0.208594 0.351148 0.204901 0.347455 0.201190 0.346439 0.197711 0.348361 0.193396 0.352676 0.185247 0.356511 0.174700 0.362743 0.170989 0.363758 0.169297 0.363557 0.161047 0.367589 0.158313 0.370323 0.157297 0.374034 0.157776 0.378348 0.160709 0.387812 0.164065 0.393564 0.169675 0.398696 0.177825 0.403969 0.179805 0.404511 0.185974 0.410680 0.192206 0.415474 0.197180 0.417572 0.201794 0.421705 0.205505 0.422721 0.210654 0.421705 0.214826 0.417533 0.216800 0.410946 0.216800 0.405988 0.217759 0.401507 0.222197 0.387152 0.224196 0.384413 0.226952 0.382876 0.232563 0.377266
0 0.160714 0.386977 0.159698 0.382787 0.156964 0.380052 0.145583 0.377120 0.134202 0.380532 0.130988 0.383746 0.129550 0.387580 0.128534 0.391291 0.128535 0.394828 0.127632 0.395730 0.125658 0.402317 0.125658 0.407590 0.126315 0.409991 0.125179 0.413822 0.125179 0.420054 0.126195 0.423765 0.129887 0.427458 0.140310 0.429912 0.145104 0.429912 0.148814 0.428896 0.151549 0.426162 0.154482 0.415739 0.156399 0.398631 0.157662 0.394162 0.159698 0.390688
0 0.352672 0.365885 0.326307 0.400400 0.304735 0.415260 0.298503 0.415739 0.276931 0.376910 0.307132 0.377390 0.333977 0.369720 0.336374 0.358215 0.352672 0.357735
0 0.446421 0.274804 0.445405 0.270613 0.442671 0.267879 0.441479 0.267553 0.440611 0.264381 0.437877 0.261647 0.436636 0.261307 0.436297 0.260067 0.432163 0.255454 0.430065 0.251918 0.414388 0.234323 0.407197 0.230488 0.403486 0.229472 0.395337 0.229472 0.388750 0.231446 0.384577 0.236098 0.383561 0.239809 0.383561 0.244603 0.385536 0.250232 0.392105 0.257280 0.397041 0.261257 0.400876 0.267009 0.406966 0.272620 0.414816 0.276156 0.420868 0.280770 0.428893 0.283223 0.436084 0.283223 0.439795 0.282208 0.442671 0.281249 0.445405 0.278514
0 0.918758 0.204723 0.918758 0.198149 0.917743 0.194438 0.915008 0.191704 0.911822 0.190832 0.906250 0.179688 0.902344 0.179688 0.878906 0.175781 0.855469 0.207031 0.858611 0.239217 0.857818 0.242113 0.858834 0.245824 0.861568 0.248558 0.865279 0.249574 0.871455 0.248147 0.883371 0.242395 0.907202 0.221440 0.911990 0.216652 0.917743 0.208434
0 0.819411 0.986534 0.818395 0.981509 0.813137 0.974498 0.797258 0.958619 0.792438 0.955114 0.788162 0.950838 0.785095 0.946018 0.781922 0.942846 0.778211 0.941830 0.774500 0.942846 0.771766 0.945580 0.770750 0.949729 0.771627 0.952932 0.772065 0.967405 0.771106 0.971654 0.768699 0.974936 0.767684 0.980838 0.769575 0.987178 0.773080 0.991998 0.776253 0.995170 0.780196 0.996923 0.786098 0.998377 0.796614 0.998377 0.803337 0.997500 0.808006 0.998815 0.810635 0.998815 0.814346 0.997799 0.817518 0.994627 0.818395 0.990245
0 0.551311 0.275630 0.550295 0.270316 0.545423 0.265443 0.542216 0.263840 0.537436 0.262824 0.533725 0.263840 0.531595 0.265970 0.515625 0.238281 0.511719 0.234375 0.500000 0.230469 0.500000 0.285156 0.503906 0.289062 0.510732 0.298163 0.510732 0.302892 0.511747 0.306603 0.513351 0.309810 0.516085 0.312544 0.522469 0.314095 0.526180 0.313079 0.533717 0.307145 0.542216 0.305595 0.546554 0.301257 0.548104 0.295408 0.547957 0.288459 0.548638 0.282656 0.549296 0.280341 0.550295 0.279341
0 0.917969 0.347656 0.906250 0.335938 0.899906 0.335504 0.896088 0.328504 0.889088 0.320868 0.884634 0.313868 0.880627 0.309861 0.875643 0.308209 0.871932 0.309224 0.869198 0.311959 0.868182 0.316306 0.869198 0.320017 0.872296 0.325025 0.873910 0.329820 0.873910 0.333070 0.872637 0.338578 0.872637 0.352161 0.869595 0.360561 0.866841 0.362041 0.864932 0.363950 0.860478 0.365859 0.857107 0.369230 0.856091 0.372941 0.857107 0.377288 0.859841 0.380023 0.864189 0.381038 0.867900 0.380023 0.869569 0.378354 0.877445 0.374932 0.885081 0.372387 0.890426 0.367805 0.910156 0.371094 0.914062 0.367188
0 0.376387 0.155218 0.375372 0.150750 0.372637 0.148016 0.370905 0.147541 0.370069 0.143174 0.365062 0.137410 0.361351 0.136394 0.357563 0.136394 0.350822 0.138167 0.348088 0.140902 0.347072 0.144613 0.347072 0.147643 0.348088 0.151354 0.359913 0.162421 0.363623 0.163437 0.368169 0.163437 0.371880 0.162421 0.375372 0.158929
0 0.402902 0.129461 0.401886 0.125750 0.399152 0.123016 0.393334 0.122001 0.390061 0.119986 0.386350 0.118970 0.382562 0.118970 0.378852 0.119986 0.375360 0.123478 0.374344 0.127189 0.374344 0.136279 0.376117 0.143778 0.379609 0.148028 0.384835 0.149043 0.391577 0.146513 0.396584 0.141505 0.398549 0.136072 0.401886 0.133172
0 0.507656 0.083859 0.499539 0.098289 0.496805 0.101023 0.491291 0.102039 0.484845 0.098289 0.482928 0.091872 0.483943 0.081848 0.492991 0.071899 0.496702 0.070883 0.504922 0.071899 0.507656 0.074633 0.508672 0.080148
0 0.707031 0.234375 0.707031 0.238281 0.702895 0.246553 0.707777 0.251434 0.708792 0.255145 0.707777 0.259316 0.705042 0.262050 0.698110 0.264446 0.692589 0.264446 0.688878 0.263431 0.684763 0.259316 0.683287 0.253600 0.681184 0.251496 0.681184 0.226617 0.680264 0.221253 0.680724 0.208514 0.691406 0.175781 0.707031 0.175781 0.710938 0.179688
0 0.666646 0.449401 0.665631 0.444293 0.662430 0.441092 0.655459 0.439611 0.648022 0.442024 0.640103 0.446682 0.634574 0.452211 0.632245 0.457335 0.630764 0.464772 0.630764 0.472691 0.633643 0.483854 0.641095 0.493636 0.643890 0.498760 0.648022 0.502891 0.653596 0.504373 0.657307 0.503357 0.660973 0.499691 0.663386 0.491322 0.663852 0.488993 0.663852 0.468498 0.662920 0.459889 0.665631 0.453112
0 0.333227 0.437761 0.330492 0.440495 0.326781 0.441511 0.323854 0.441202 0.322452 0.446141 0.320656 0.449733 0.315375 0.454339 0.314670 0.456916 0.311936 0.459650 0.308492 0.460700 0.305351 0.463242 0.301640 0.464257 0.297929 0.463242 0.296550 0.461863 0.286077 0.461863 0.276705 0.460666 0.266922 0.460666 0.256354 0.457673 0.248964 0.457673 0.242261 0.456059 0.234714 0.452286 0.231007 0.452286 0.220711 0.450073 0.216780 0.446740 0.215764 0.442430 0.216780 0.438720 0.220113 0.435386 0.223824 0.434371 0.228014 0.434371 0.239780 0.437963 0.248485 0.439577 0.257738 0.442752 0.262249 0.442752 0.267037 0.441554 0.271218 0.439351 0.273986 0.436584 0.278894 0.434970 0.297843 0.433992 0.299385 0.430938 0.303317 0.427006 0.311816 0.424793 0.322591 0.425392 0.330492 0.427605 0.333227 0.430339 0.334242 0.434050
0 0.360825 0.536279 0.360825 0.533855 0.359809 0.530145 0.356469 0.526804 0.353312 0.525832 0.351621 0.524380 0.348284 0.523467 0.347379 0.522562 0.341850 0.520941 0.336321 0.521957 0.332375 0.525297 0.331303 0.528213 0.324809 0.529834 0.320862 0.533780 0.319044 0.536810 0.318029 0.540521 0.318029 0.545703 0.317376 0.547568 0.314802 0.550747 0.310561 0.559231 0.308333 0.567789 0.308333 0.572031 0.309955 0.577560 0.314507 0.582112 0.320036 0.583734 0.324878 0.583400 0.324041 0.588168 0.322680 0.589529 0.321664 0.593239 0.321664 0.597481 0.323286 0.603010 0.327838 0.608168 0.329656 0.609380 0.333367 0.610396 0.338821 0.610396 0.343743 0.608774 0.346478 0.606040 0.347493 0.602329 0.346478 0.598618 0.344868 0.597008 0.345070 0.592634 0.342039 0.578299 0.342039 0.568454 0.342921 0.565362 0.345865 0.563782 0.348441 0.566357 0.352758 0.567373 0.356469 0.566357 0.359203 0.563623 0.360219 0.559912 0.360219 0.556276 0.359203 0.552565 0.356469 0.549831 0.350369 0.548219 0.359809 0.539990
0 0.405610 0.412503 0.403725 0.403575 0.396644 0.394755 0.373807 0.383308 0.361403 0.384323 0.356930 0.388796 0.355643 0.393797 0.344759 0.402706 0.343743 0.408156 0.347493 0.414601 0.355551 0.415617 0.365201 0.411270 0.374157 0.413891 0.381995 0.430701 0.383010 0.439686 0.389455 0.443436 0.395901 0.439686 0.396916 0.435975 0.396916 0.427282 0.394580 0.420832 0.400121 0.419817 0.404595 0.416214
0 0.532762 0.378873 0.524853 0.388852 0.521142 0.389867 0.517431 0.388852 0.504347 0.377838 0.503642 0.367818 0.498157 0.356533 0.499173 0.341437 0.506653 0.336652 0.513469 0.337668 0.517219 0.344113 0.513079 0.351649 0.522177 0.351141 0.529657 0.355927 0.533778 0.364812 0.533778 0.375162
0 0.085100 0.954721 0.098482 0.935391 0.099968 0.926470 0.102942 0.926470 0.105916 0.922009 0.120785 0.920522 0.123759 0.916061 0.144576 0.914574 0.141602 0.914574 0.140115 0.919035 0.138628 0.942825 0.137141 0.944313 0.122272 0.944313 0.119298 0.945799 0.119298 0.948773 0.114838 0.950260 0.098482 0.950260
0 0.181748 0.896731 0.152011 0.896731 0.141602 0.890784 0.141602 0.878888 0.143089 0.875914 0.149037 0.875914 0.154984 0.871454 0.156471 0.866993 0.160932 0.866993 0.163906 0.864019 0.187696 0.864019 0.195131 0.866993 0.199591 0.874428 0.205539 0.875914 0.205539 0.890784 0.195131 0.890784
0 0.327466 0.690051 0.327466 0.673695 0.330440 0.666260 0.336387 0.666260 0.336387 0.669234 0.342335 0.675182 0.346796 0.676668 0.346796 0.694511 0.340848 0.694511
0 0.315855 0.000000 0.310387 0.012498 0.309042 0.025948 0.345357 0.016533 0.358807 0.023258 0.356117 0.009808 0.353427 0.009808 0.351247 0.000000
0 0.927741 0.042088 0.930430 0.051503 0.945226 0.070333 0.951951 0.085128 0.955986 0.101268 0.966746 0.101268 0.964055 0.087818 0.974816 0.075713 0.974816 0.071678 0.961366 0.070333 0.961366 0.052848 0.943880 0.039398
0 0.522896 0.015188 0.536346 0.008463 0.578041 0.035363 0.578041 0.038053 0.560557 0.052848 0.552487 0.044778 0.525587 0.036708
0 0.925051 0.325882 0.945226 0.355472 0.945226 0.389097 0.950605 0.394477 0.973471 0.379682 0.973471 0.358163 0.966746 0.359507 0.966746 0.324537 0.977505 0.321847 0.977505 0.313777 0.961366 0.308398 0.942536 0.305707 0.931776 0.296293
0 0.880666 0.405237 0.844351 0.415997 0.844351 0.432137 0.859146 0.448277 0.875286 0.438862 0.884701 0.426757 0.884701 0.422722
0 0.794586 0.671546 0.797276 0.763006 0.821486 0.772421 0.824176 0.693066 0.814761 0.693066
0 0.873941 0.935166 0.894116 0.948616 0.915636 0.943236 0.930430 0.936511 0.921016 0.902886 0.888736 0.896161 0.876631 0.873296
0 0.582077 0.781836 0.560557 0.783181 0.552487 0.793941 0.549796 0.812771 0.576696 0.831601 0.594182 0.831601 0.614356 0.814116 0.614356 0.795286 0.596871 0.792596
0 0.505412 0.920371 0.555177 0.917681 0.565937 0.919026 0.564591 0.935166 0.529621 0.932476 0.520207 0.939201 0.504067 0.939201
0 0.100568 0.588157 0.127468 0.605642 0.154368 0.580087 0.144953 0.580087 0.134193 0.565292 0.107293 0.570672
0 0.186648 0.644646 0.162438 0.655407 0.171852 0.682307 0.217582 0.703827 0.217582 0.693066 0.194718 0.664821
0 0.000000 0.289133 0.000542 0.289430 0.009583 0.284005 0.031283 0.264114 0.009583 0.260498 0.000000 0.265822
