0 0.996094 0.000000 0.996094 0.074219 0.996094 0.078125 0.878906 0.042969 0.875000 0.042969 0.792969 0.003906 0.789062 0.000000 0.777344 0.000000 0.773438 0.000000 0.773438 0.000000
0 0.335938 0.000000 0.335938 0.015625 0.335938 0.019531 0.324219 0.023438 0.320312 0.023438 0.304688 0.015625 0.300781 0.015625 0.285156 0.027344 0.281250 0.031250 0.281250 0.035156 0.281250 0.039062 0.265625 0.054688 0.261719 0.058594 0.242188 0.058594 0.238281 0.058594 0.207031 0.039062 0.203125 0.039062 0.187500 0.023438 0.187500 0.019531 0.199519 0.000000
0 0.000000 0.615513 0.011719 0.617188 0.015625 0.617188 0.046875 0.636719 0.050781 0.640625 0.062500 0.636719 0.066406 0.632812 0.105469 0.632812 0.109375 0.632812 0.148438 0.640625 0.152344 0.640625 0.207031 0.667969 0.210938 0.671875 0.230469 0.675781 0.234375 0.675781 0.242188 0.683594 0.242188 0.687500 0.230469 0.703125 0.230469 0.707031 0.222656 0.710938 0.218750 0.710938 0.210938 0.722656 0.207031 0.726562 0.226562 0.753906 0.230469 0.757812 0.226562 0.792969 0.226562 0.796875 0.210938 0.804688 0.207031 0.808594 0.187500 0.808594 0.183594 0.808594 0.148438 0.820312 0.144531 0.824219 0.070312 0.820312 0.066406 0.820312 0.050781 0.828125 0.046875 0.828125 0.019531 0.851562 0.015625 0.855469 0.000000 0.864583
0 0.050781 0.019531 0.082031 0.027344 0.085938 0.027344 0.109375 0.062500 0.113281 0.066406 0.113281 0.085938 0.113281 0.089844 0.093750 0.148438 0.089844 0.152344 0.062500 0.132812 0.058594 0.128906 0.023438 0.128906 0.019531 0.128906 0.000000 0.114955 0.000000 0.041016 0.007812 0.035156 0.011719 0.031250 0.050781 0.019531
0 0.000000 0.000000 0.075781 0.000000 0.066406 0.007812 0.062500 0.011719 0.046875 0.015625 0.042969 0.019531 0.000000 0.026693
0 0.183594 0.250000 0.199219 0.253906 0.203125 0.253906 0.281250 0.296875 0.285156 0.296875 0.312500 0.339844 0.316406 0.343750 0.320312 0.363281 0.320312 0.367188 0.312500 0.375000 0.308594 0.378906 0.277344 0.378906 0.273438 0.378906 0.242188 0.363281 0.238281 0.363281 0.210938 0.324219 0.210938 0.320312 0.191406 0.300781 0.187500 0.296875 0.156250 0.281250 0.152344 0.277344 0.160156 0.261719 0.164062 0.257812 0.183594 0.250000
0 0.867188 0.566406 0.890625 0.570312 0.894531 0.570312 0.898438 0.574219 0.902344 0.578125 0.902344 0.589844 0.902344 0.593750 0.863281 0.667969 0.863281 0.671875 0.835938 0.703125 0.832031 0.707031 0.804688 0.722656 0.800781 0.726562 0.789062 0.730469 0.785156 0.734375 0.765625 0.730469 0.761719 0.730469 0.757812 0.710938 0.757812 0.707031 0.761719 0.699219 0.765625 0.695312 0.765625 0.675781 0.765625 0.671875 0.757812 0.660156 0.753906 0.656250 0.761719 0.632812 0.761719 0.628906 0.777344 0.609375 0.781250 0.605469 0.792969 0.605469 0.796875 0.605469 0.808594 0.617188 0.812500 0.617188 0.832031 0.578125 0.835938 0.574219 0.867188 0.566406
0 0.652344 0.976562 0.683594 0.980469 0.687500 0.980469 0.709201 1.000000 0.644531 1.000000 0.644531 0.984375 0.644531 0.980469 0.652344 0.976562
0 0.459703 0.717838 0.484375 0.710938 0.488281 0.710938 0.496094 0.718750 0.500000 0.722656 0.503906 0.742188 0.503906 0.746094 0.488281 0.769531 0.484375 0.773438 0.476562 0.773438 0.472656 0.773438 0.457031 0.750000 0.453125 0.746094 0.455944 0.730054
0 0.847656 0.796875 0.851562 0.796875 0.855469 0.796875 0.882812 0.820312 0.886719 0.824219 0.882812 0.839844 0.882812 0.843750 0.871094 0.855469 0.867188 0.859375 0.847656 0.843750 0.843750 0.839844 0.835938 0.824219 0.832031 0.820312 0.832031 0.812500 0.832031 0.808594 0.847656 0.796875
0 0.339844 0.957031 0.359375 0.957031 0.363281 0.957031 0.414062 0.972656 0.417969 0.972656 0.445312 1.000000 0.347656 1.000000 0.347656 0.984375 0.347656 0.980469 0.339844 0.972656 0.335938 0.968750 0.339844 0.957031
0 0.808594 0.230469 0.820312 0.238281 0.824219 0.242188 0.863281 0.316406 0.863281 0.320312 0.820312 0.386719 0.816406 0.390625 0.777344 0.390625 0.773438 0.390625 0.757812 0.375000 0.753906 0.371094 0.753906 0.300781 0.753906 0.296875 0.765625 0.273438 0.765625 0.269531 0.792969 0.238281 0.796875 0.234375 0.808594 0.230469
0 0.789062 0.386719 0.808594 0.386719 0.812500 0.386719 0.835938 0.406250 0.839844 0.410156 0.847656 0.425781 0.851562 0.429688 0.851562 0.445312 0.851562 0.449219 0.835938 0.468750 0.835938 0.472656 0.808594 0.496094 0.804688 0.500000 0.789062 0.500000 0.785156 0.500000 0.773438 0.492188 0.769531 0.492188 0.734375 0.449219 0.730469 0.445312 0.734375 0.433594 0.734375 0.429688 0.773438 0.394531 0.777344 0.390625 0.789062 0.386719
0 0.636719 0.136719 0.648438 0.140625 0.652344 0.140625 0.660156 0.179688 0.660156 0.183594 0.691406 0.234375 0.695312 0.238281 0.695312 0.250000 0.695312 0.253906 0.671875 0.261719 0.667969 0.261719 0.652344 0.289062 0.648438 0.292969 0.625000 0.289062 0.621094 0.285156 0.609375 0.226562 0.605469 0.222656 0.601562 0.175781 0.601562 0.171875 0.585938 0.156250 0.582031 0.156250 0.613281 0.152344 0.617188 0.152344 0.636719 0.136719
0 0.710938 0.617188 0.714844 0.660156 0.710938 0.664062 0.742188 0.683594 0.746094 0.687500 0.750000 0.714844 0.753906 0.718750 0.750000 0.726562 0.746094 0.730469 0.726562 0.730469 0.722656 0.730469 0.687500 0.710938 0.683594 0.710938 0.679688 0.703125 0.675781 0.699219 0.675781 0.640625 0.675781 0.636719 0.710938 0.617188
0 0.410156 0.695312 0.437500 0.695312 0.441406 0.695312 0.476562 0.707031 0.480469 0.707031 0.496094 0.718750 0.500000 0.722656 0.519531 0.757812 0.519531 0.761719 0.566406 0.812500 0.570312 0.816406 0.589844 0.828125 0.593750 0.832031 0.601562 0.851562 0.601562 0.855469 0.628906 0.898438 0.632812 0.902344 0.632812 0.929688 0.628906 0.933594 0.613281 0.937500 0.609375 0.937500 0.593750 0.929688 0.589844 0.929688 0.570312 0.886719 0.570312 0.882812 0.562500 0.875000 0.558594 0.871094 0.539062 0.871094 0.535156 0.871094 0.527344 0.851562 0.523438 0.847656 0.523438 0.832031 0.527344 0.828125 0.464844 0.769531 0.460938 0.765625 0.449219 0.730469 0.449219 0.726562 0.414062 0.703125 0.410156 0.703125 0.410156 0.695312
0 0.906250 0.648438 0.972656 0.652344 0.976562 0.656250 0.980469 0.691406 0.984375 0.695312 0.980469 0.726562 0.976562 0.730469 0.949219 0.734375 0.945312 0.734375 0.933594 0.726562 0.929688 0.726562 0.906250 0.675781 0.902344 0.671875 0.906250 0.648438
0 0.530267 0.893651 0.524180 0.893651 0.521897 0.895173 0.509723 0.895934 0.502114 0.898216 0.493744 0.898216 0.488418 0.889086 0.488418 0.876911 0.490700 0.871585 0.494505 0.866259 0.499070 0.861693 0.503636 0.860171 0.512005 0.860171 0.516571 0.863215 0.521897 0.863976 0.524941 0.865498 0.541680 0.867020 0.546246 0.869302 0.547007 0.871585 0.547007 0.877672 0.546246 0.880716 0.544724 0.882998 0.538637 0.889086 0.536354 0.890607
0 0.718208 0.608315 0.696142 0.598424 0.687011 0.591576 0.684729 0.588532 0.681685 0.582445 0.681685 0.575597 0.683207 0.573314 0.691577 0.568749 0.693859 0.567988 0.696903 0.567988 0.703751 0.569510 0.709838 0.574075 0.717447 0.578641 0.718969 0.580923 0.723534 0.583967 0.732665 0.592337 0.732665 0.599185 0.728861 0.602228 0.726578 0.602989 0.725056 0.605272
0 0.374195 0.159788 0.362303 0.163752 0.345455 0.165734 0.344464 0.167716 0.340500 0.167716 0.330589 0.172671 0.325634 0.178618 0.283020 0.176636 0.278064 0.173663 0.273109 0.163752 0.302841 0.151859 0.347437 0.150868 0.371222 0.133030 0.377169 0.130057 0.388070 0.129066 0.392034 0.130057 0.393025 0.137985 0.381133 0.155823
0 0.060973 0.468775 0.040618 0.454615 0.038848 0.442225 0.030883 0.437800 0.028228 0.431605 0.029998 0.417445 0.034423 0.414790 0.045928 0.399746 0.046813 0.385586 0.051238 0.381161 0.060088 0.379391 0.081328 0.379391 0.083982 0.382931 0.083982 0.397091 0.080443 0.401516 0.098142 0.402400 0.101682 0.410365 0.102567 0.428065 0.090177 0.442225 0.075132 0.450190 0.074248 0.458155 0.076018 0.459040 0.076018 0.467005
0 0.209651 0.461695 0.191066 0.452845 0.177791 0.441340 0.169827 0.432490 0.169827 0.421870 0.172482 0.418330 0.178677 0.416560 0.186641 0.410365 0.199916 0.410365 0.206996 0.397975 0.216731 0.389126 0.222041 0.388241 0.225581 0.391780 0.226466 0.399746 0.232661 0.412136 0.237086 0.415675 0.238856 0.420100 0.240626 0.455500 0.239741 0.458155 0.232661 0.456385 0.235316 0.459040 0.235316 0.464350 0.231776 0.467005 0.215846 0.466120 0.201686 0.457270
0 0.136197 0.472315 0.116727 0.465235 0.099913 0.463465 0.098142 0.461695 0.098142 0.441340 0.104337 0.435145 0.107877 0.434260 0.121152 0.436030 0.125577 0.442225 0.138852 0.451075 0.155667 0.451960 0.158321 0.455500 0.159207 0.461695 0.153012 0.467005 0.150357 0.467890 0.147702 0.466120 0.150357 0.467005 0.147702 0.471430 0.153897 0.468775
0 0.062135 0.547677 0.056114 0.545420 0.050846 0.540904 0.047836 0.540152 0.044074 0.535637 0.043321 0.533379 0.043321 0.528864 0.044826 0.527359 0.047084 0.527359 0.056114 0.522843 0.059877 0.519081 0.059877 0.516823 0.063640 0.518328 0.071165 0.524348 0.073423 0.525101 0.074928 0.526606 0.075680 0.528864 0.079443 0.534884 0.083959 0.539399 0.083959 0.541657 0.081701 0.543162 0.077938 0.544667 0.071918 0.546172 0.069660 0.546172
0 0.321612 0.470138 0.309880 0.463739 0.303481 0.456273 0.303481 0.438142 0.306680 0.431743 0.319479 0.425344 0.320545 0.423211 0.333343 0.423211 0.347208 0.429610 0.361073 0.429610 0.363206 0.431743 0.364273 0.438142 0.364273 0.454140 0.362140 0.458406 0.346142 0.473338 0.330144 0.473338
0 0.316279 0.286695 0.309880 0.280296 0.309880 0.278163 0.301348 0.274963 0.300281 0.272830 0.300281 0.262165 0.307747 0.247234 0.316279 0.247234 0.323745 0.254699 0.325878 0.263232 0.325878 0.276030 0.323745 0.278163
0 0.158433 0.246167 0.142435 0.241901 0.121104 0.242968 0.118971 0.236568 0.112572 0.231236 0.108306 0.231236 0.107239 0.226970 0.116838 0.216304 0.123238 0.213105 0.128570 0.213105 0.132836 0.228036 0.132836 0.234435 0.134969 0.232302 0.136036 0.225903 0.140302 0.223770 0.146701 0.212038 0.152034 0.210972 0.163766 0.220570 0.163766 0.237635
0 0.054609 0.628952 0.050094 0.622932 0.049341 0.617664 0.047836 0.615406 0.047836 0.613148 0.046331 0.610891 0.044074 0.610891 0.042569 0.609386 0.040311 0.608633 0.037301 0.606376 0.035043 0.606376 0.032033 0.603366 0.031280 0.600355 0.031280 0.593582 0.032033 0.591325 0.034291 0.589067 0.039559 0.587562 0.043321 0.583799 0.045579 0.583047 0.047836 0.578532 0.047836 0.571759 0.044074 0.567996 0.029023 0.560471 0.029023 0.552945 0.032033 0.548430 0.051599 0.548430 0.056114 0.553698 0.058372 0.559718 0.061382 0.563481 0.064392 0.569501 0.065897 0.571006 0.068155 0.572511 0.070412 0.572511 0.074175 0.575521 0.076433 0.575521 0.082454 0.577779 0.084711 0.577779 0.089979 0.580037 0.095246 0.589067 0.095999 0.591325 0.099762 0.595840 0.100514 0.598098 0.101267 0.601861 0.101267 0.606376 0.102020 0.608633 0.102020 0.619169 0.099762 0.625942 0.097504 0.626694 0.094494 0.629704 0.091484 0.631209 0.069660 0.631209 0.065145 0.632714 0.063640 0.634220 0.061382 0.634972 0.056114 0.634972 0.053857 0.635725
0 0.583550 0.000000 0.597656 0.019531 0.601562 0.023438 0.601562 0.058594 0.601562 0.062500 0.613281 0.101562 0.617188 0.105469 0.617188 0.128906 0.617188 0.132812 0.597656 0.148438 0.593750 0.152344 0.585938 0.152344 0.582031 0.156250 0.546875 0.148438 0.542969 0.148438 0.480469 0.125000 0.476562 0.125000 0.425781 0.050781 0.421875 0.046875 0.424805 0.000000
0 0.327323 0.933325 0.299489 0.927758 0.280005 0.911057 0.277221 0.905490 0.271654 0.905490 0.263304 0.899923 0.263304 0.897140 0.257737 0.897140 0.246603 0.886006 0.241036 0.874872 0.238253 0.874872 0.238253 0.866522 0.235470 0.863739 0.235470 0.838688 0.282788 0.838688 0.291138 0.847038 0.302272 0.849821 0.316189 0.866522 0.321756 0.866522 0.324540 0.872089 0.330107 0.872089 0.335673 0.880439 0.344024 0.883223 0.346807 0.888789 0.352374 0.888789 0.363508 0.897140 0.363508 0.913841 0.352374 0.922191
0 0.424744 0.877656 0.402477 0.886006 0.388559 0.883223 0.385776 0.877656 0.385776 0.855388 0.374642 0.847038 0.374642 0.838688 0.402477 0.838688 0.402477 0.844254 0.408043 0.844254 0.416394 0.852605 0.441445 0.852605 0.444228 0.855388 0.444228 0.866522
0 0.900787 1.000000 0.900605 1.000000 0.884013 0.980643 0.878446 0.980643 0.875663 0.975077 0.850612 0.975077 0.845045 0.966726 0.836695 0.963943 0.828344 0.955592 0.828344 0.944459 0.897930 0.944459 0.900714 0.961159 0.903497 0.961159 0.903497 0.966726 0.909064 0.969510 0.911848 0.980643
0 0.207031 0.617188 0.253906 0.617188 0.257812 0.617188 0.269531 0.625000 0.273438 0.625000 0.277344 0.632812 0.281250 0.636719 0.277344 0.667969 0.277344 0.671875 0.250000 0.687500 0.246094 0.691406 0.234375 0.691406 0.230469 0.691406 0.210938 0.675781 0.207031 0.675781 0.191406 0.656250 0.187500 0.652344 0.191406 0.632812 0.191406 0.628906 0.207031 0.617188
0 0.050781 0.941406 0.066406 0.941406 0.070312 0.941406 0.070312 0.957031 0.070312 0.960938 0.054688 0.976562 0.050781 0.980469 0.035156 0.980469 0.031250 0.980469 0.035156 0.964844 0.035156 0.960938 0.050781 0.941406
