0 0.000000 0.644531 0.000000 0.644531 0.003906 0.644531 0.019531 0.664062 0.023438 0.667969 0.042969 0.660156 0.046875 0.656250 0.062500 0.656250 0.066406 0.656250 0.121094 0.671875 0.125000 0.671875 0.148438 0.703125 0.152344 0.707031 0.152344 0.734375 0.152344 0.738281 0.144531 0.750000 0.144531 0.753906 0.105469 0.781250 0.101562 0.785156 0.062500 0.800781 0.058594 0.804688 0.000000 0.809570
0 0.378906 0.550781 0.390625 0.550781 0.394531 0.550781 0.406250 0.558594 0.410156 0.562500 0.433594 0.621094 0.433594 0.625000 0.449219 0.648438 0.453125 0.652344 0.460938 0.683594 0.460938 0.687500 0.453125 0.699219 0.449219 0.703125 0.437500 0.707031 0.433594 0.710938 0.410156 0.710938 0.406250 0.710938 0.371094 0.667969 0.367188 0.671875 0.363281 0.679688 0.363281 0.683594 0.367188 0.699219 0.371094 0.703125 0.371094 0.761719 0.375000 0.765625 0.371094 0.812500 0.371094 0.816406 0.367188 0.824219 0.363281 0.828125 0.339844 0.832031 0.335938 0.832031 0.324219 0.824219 0.320312 0.820312 0.320312 0.804688 0.320312 0.800781 0.312500 0.785156 0.312500 0.781250 0.281250 0.765625 0.277344 0.761719 0.277344 0.632812 0.277344 0.628906 0.292969 0.589844 0.292969 0.585938 0.312500 0.558594 0.316406 0.554688 0.351562 0.566406 0.355469 0.566406 0.378906 0.550781
0 0.156250 0.285156 0.175781 0.285156 0.179688 0.285156 0.246094 0.312500 0.250000 0.312500 0.261719 0.328125 0.265625 0.332031 0.277344 0.363281 0.277344 0.367188 0.218750 0.410156 0.214844 0.410156 0.187500 0.441406 0.183594 0.445312 0.136719 0.464844 0.132812 0.464844 0.117188 0.457031 0.113281 0.457031 0.109375 0.449219 0.105469 0.445312 0.105469 0.402344 0.105469 0.398438 0.113281 0.371094 0.113281 0.367188 0.148438 0.312500 0.152344 0.308594 0.156250 0.285156
0 0.562500 0.750000 0.582031 0.753906 0.585938 0.753906 0.589844 0.792969 0.589844 0.796875 0.582031 0.808594 0.578125 0.812500 0.539062 0.832031 0.535156 0.835938 0.511719 0.835938 0.507812 0.835938 0.492188 0.820312 0.488281 0.816406 0.484375 0.800781 0.484375 0.796875 0.492188 0.785156 0.496094 0.781250 0.515625 0.769531 0.519531 0.765625 0.562500 0.750000
0 0.632812 0.781250 0.656250 0.781250 0.660156 0.781250 0.667969 0.789062 0.671875 0.789062 0.683594 0.808594 0.687500 0.812500 0.687500 0.828125 0.691406 0.832031 0.679688 0.867188 0.679688 0.871094 0.652344 0.886719 0.648438 0.890625 0.628906 0.890625 0.625000 0.890625 0.582031 0.867188 0.578125 0.863281 0.578125 0.832031 0.578125 0.828125 0.593750 0.800781 0.593750 0.796875 0.632812 0.781250
0 0.562500 0.750000 0.582031 0.750000 0.585938 0.753906 0.589844 0.792969 0.589844 0.796875 0.574219 0.812500 0.570312 0.816406 0.523438 0.839844 0.519531 0.839844 0.511719 0.855469 0.511719 0.859375 0.476562 0.890625 0.472656 0.894531 0.449219 0.898438 0.445312 0.898438 0.425781 0.863281 0.421875 0.859375 0.421875 0.843750 0.421875 0.839844 0.445312 0.820312 0.449219 0.820312 0.468750 0.792969 0.472656 0.789062 0.527344 0.761719 0.531250 0.757812 0.562500 0.750000
0 0.449219 0.902344 0.488281 0.925781 0.492188 0.929688 0.496094 0.941406 0.496094 0.945312 0.488281 0.953125 0.484375 0.957031 0.468750 0.960938 0.464844 0.960938 0.441406 0.945312 0.437500 0.941406 0.429688 0.917969 0.429688 0.914062 0.449219 0.902344
0 0.343750 0.843750 0.367188 0.851562 0.371094 0.851562 0.417969 0.914062 0.421875 0.917969 0.456676 1.000000 0.232701 1.000000 0.222656 0.988281 0.218750 0.984375 0.199219 0.945312 0.195312 0.941406 0.199219 0.921875 0.199219 0.917969 0.207031 0.910156 0.210938 0.906250 0.343750 0.843750
0 0.851562 0.480469 0.890625 0.480469 0.894531 0.480469 0.917969 0.492188 0.921875 0.492188 0.921875 0.503906 0.925781 0.507812 0.921875 0.542969 0.921875 0.546875 0.894531 0.582031 0.894531 0.585938 0.863281 0.609375 0.859375 0.613281 0.839844 0.605469 0.835938 0.601562 0.820312 0.562500 0.816406 0.558594 0.812500 0.531250 0.808594 0.527344 0.812500 0.503906 0.812500 0.500000 0.851562 0.480469
0 0.957031 0.378906 0.992188 0.378906 0.996094 0.378906 1.000000 0.381510 1.000000 0.478516 0.996094 0.488281 0.992188 0.492188 0.972656 0.488281 0.968750 0.488281 0.953125 0.496094 0.949219 0.500000 0.925781 0.500000 0.921875 0.500000 0.898438 0.484375 0.894531 0.484375 0.890625 0.472656 0.890625 0.468750 0.937500 0.394531 0.937500 0.390625 0.957031 0.378906
0 0.937500 0.187500 0.960938 0.195312 0.964844 0.199219 0.960938 0.207031 0.960938 0.210938 0.968750 0.226562 0.972656 0.230469 0.992188 0.226562 0.996094 0.226562 1.000000 0.228516 1.000000 0.325893 0.988281 0.324219 0.984375 0.320312 0.937500 0.324219 0.933594 0.324219 0.925781 0.316406 0.921875 0.312500 0.906250 0.289062 0.906250 0.285156 0.843750 0.222656 0.839844 0.218750 0.839844 0.207031 0.839844 0.203125 0.843750 0.199219 0.847656 0.195312 0.917969 0.195312 0.921875 0.195312 0.937500 0.187500
0 0.000000 1.000000 0.000000 0.929688 0.042969 0.929688 0.046875 0.929688 0.066406 0.937500 0.070312 0.937500 0.089844 0.953125 0.093750 0.953125 0.097656 0.964844 0.101562 0.968750 0.101562 0.988281 0.101562 0.992188 0.098438 1.000000
0 0.007812 0.929688 0.054688 0.933594 0.058594 0.933594 0.085938 0.953125 0.089844 0.953125 0.093750 0.964844 0.097656 0.968750 0.094531 1.000000 0.000000 1.000000 0.000000 0.930729 0.007812 0.929688
0 0.449219 0.339844 0.460938 0.351562 0.464844 0.355469 0.464844 0.378906 0.464844 0.382812 0.449219 0.414062 0.449219 0.417969 0.429688 0.425781 0.425781 0.425781 0.414062 0.417969 0.410156 0.414062 0.402344 0.382812 0.402344 0.378906 0.410156 0.359375 0.414062 0.355469 0.449219 0.339844
0 0.609375 0.382812 0.636719 0.382812 0.640625 0.382812 0.644531 0.390625 0.648438 0.394531 0.644531 0.417969 0.640625 0.421875 0.617188 0.429688 0.613281 0.429688 0.589844 0.417969 0.585938 0.414062 0.585938 0.394531 0.585938 0.390625 0.609375 0.382812
0 0.515625 0.363281 0.531250 0.363281 0.535156 0.363281 0.539062 0.367188 0.542969 0.371094 0.542969 0.390625 0.542969 0.394531 0.519531 0.410156 0.515625 0.414062 0.496094 0.414062 0.492188 0.414062 0.488281 0.410156 0.484375 0.406250 0.484375 0.390625 0.484375 0.386719 0.515625 0.363281
0 0.617188 0.535156 0.632812 0.539062 0.636719 0.542969 0.640625 0.582031 0.640625 0.585938 0.628906 0.601562 0.625000 0.605469 0.605469 0.609375 0.601562 0.609375 0.593750 0.605469 0.589844 0.601562 0.589844 0.574219 0.589844 0.570312 0.605469 0.546875 0.605469 0.542969 0.617188 0.535156
0 0.558594 0.707031 0.597656 0.710938 0.601562 0.710938 0.609375 0.714844 0.613281 0.718750 0.609375 0.730469 0.609375 0.734375 0.589844 0.742188 0.585938 0.746094 0.515625 0.757812 0.511719 0.757812 0.507812 0.746094 0.507812 0.742188 0.523438 0.722656 0.523438 0.718750 0.558594 0.707031
0 1.000000 0.000000 1.000000 0.000000 1.000000 0.000000 1.000000 0.003906 0.921875 0.074219 0.917969 0.078125 0.886719 0.128906 0.886719 0.132812 0.839844 0.175781 0.835938 0.179688 0.824219 0.199219 0.824219 0.203125 0.816406 0.210938 0.812500 0.214844 0.796875 0.218750 0.792969 0.222656 0.722656 0.210938 0.718750 0.210938 0.519531 0.070312 0.515625 0.066406 0.457031 0.054688 0.453125 0.054688 0.421875 0.027344 0.417969 0.023438 0.410156 0.000000 0.410156 0.000000
0 0.308594 0.312500 0.343750 0.324219 0.347656 0.328125 0.382812 0.328125 0.386719 0.328125 0.386719 0.359375 0.386719 0.363281 0.347656 0.371094 0.343750 0.375000 0.328125 0.371094 0.324219 0.371094 0.304688 0.351562 0.300781 0.347656 0.300781 0.324219 0.300781 0.320312 0.308594 0.312500
0 1.000000 0.810547 0.980469 0.789062 0.976562 0.785156 0.980469 0.761719 0.980469 0.757812 0.964844 0.734375 0.960938 0.730469 0.949219 0.726562 0.945312 0.722656 0.898438 0.722656 0.894531 0.722656 0.867188 0.703125 0.863281 0.699219 0.863281 0.648438 0.863281 0.644531 0.871094 0.625000 0.871094 0.621094 0.906250 0.570312 0.906250 0.566406 0.929688 0.550781 0.933594 0.546875 1.000000 0.546875
0 0.800620 1.000000 0.800620 0.999830 0.799816 0.998985 0.797252 0.990043 0.798854 0.983988 0.803268 0.979574 0.809322 0.977973 0.815377 0.979574 0.826302 0.988243 0.830404 0.989405 0.829018 0.997263 0.829742 1.000000 0.920495 1.000000 0.923030 0.997464 0.925437 0.989282 0.930332 0.984387 0.936387 0.982786 0.942441 0.984387 0.946855 0.988801 0.947208 0.990133 0.953435 0.984387 0.957766 0.981980 0.966228 0.979897 0.977779 0.979897 0.983834 0.981499 0.988248 0.985913 0.989850 0.991968 0.989850 0.996781 0.988998 1.000000
0 0.015625 0.351562 0.046875 0.351562 0.050781 0.351562 0.078125 0.363281 0.082031 0.363281 0.089844 0.375000 0.089844 0.378906 0.078125 0.390625 0.074219 0.394531 0.035156 0.390625 0.031250 0.390625 0.000000 0.376736 0.000000 0.361979 0.015625 0.351562
0 0.148438 0.972656 0.207031 0.980469 0.210938 0.980469 0.230469 1.000000 0.156250 1.000000 0.156250 1.000000 0.152344 0.996094 0.148438 0.984375 0.144531 0.980469 0.148438 0.972656
0 0.636719 0.921875 0.726562 0.929688 0.730469 0.929688 0.738281 0.941406 0.742188 0.945312 0.742188 0.984375 0.742188 0.988281 0.738281 0.992188 0.734375 0.996094 0.710938 1.000000 0.710938 1.000000 0.646484 1.000000 0.640625 0.996094 0.636719 0.996094 0.628906 0.964844 0.625000 0.960938 0.625000 0.937500 0.625000 0.933594 0.636719 0.921875
0 0.640625 0.921875 0.734375 0.933594 0.738281 0.937500 0.742188 0.953125 0.746094 0.957031 0.746094 1.000000 0.642578 1.000000 0.636719 0.996094 0.632812 0.992188 0.625000 0.945312 0.625000 0.941406 0.628906 0.933594 0.628906 0.929688 0.640625 0.921875
0 0.859375 0.746094 0.878906 0.746094 0.882812 0.746094 0.898438 0.757812 0.902344 0.761719 0.906250 0.773438 0.910156 0.777344 0.898438 0.796875 0.894531 0.800781 0.859375 0.800781 0.855469 0.796875 0.847656 0.765625 0.847656 0.761719 0.859375 0.746094
