0 0.893933 0.849953 0.908718 0.849462 0.915045 0.849494 0.917449 0.856080 0.907983 0.857606 0.902075 0.857693 0.899840 0.858159 0.897089 0.857345 0.892807 0.857413 0.893286 0.851648
0 0.894696 0.809773 0.902193 0.810262 0.911121 0.813274 0.911121 0.818074 0.904763 0.824432 0.894046 0.825090 0.890235 0.815547
0 0.871028 0.713127 0.873751 0.711752 0.886781 0.717713 0.886138 0.720113 0.878663 0.724958 0.873665 0.725157 0.869932 0.717384
0 0.906148 0.949321 0.907442 0.944597 0.911749 0.944713 0.921223 0.939429 0.926951 0.943004 0.914613 0.950464 0.908734 0.950539
0 0.824740 0.969416 0.821905 0.969342 0.818489 0.969252 0.818431 0.969251 0.811986 0.969408 0.809126 0.967201 0.815934 0.962407 0.818627 0.959408 0.824077 0.960299 0.826693 0.960571 0.828518 0.967201 0.825948 0.968600 0.824336 0.968859
0 0.745670 0.748354 0.755944 0.749135 0.759617 0.755543 0.760503 0.761233 0.758034 0.762659 0.750358 0.762668 0.748054 0.756246 0.742414 0.752996 0.743067 0.748320 0.745769 0.748692
0 0.651958 0.750568 0.643537 0.746927 0.647706 0.742367 0.650178 0.737942 0.661367 0.738333 0.661592 0.741907 0.656459 0.750161
0 0.489527 0.891216 0.498300 0.895698 0.486464 0.907535 0.481523 0.902855 0.479307 0.897789 0.486010 0.894992
0 0.375869 0.908664 0.376834 0.908088 0.376514 0.905746 0.379511 0.901578 0.385879 0.901187 0.387695 0.904047 0.386023 0.907154 0.385593 0.910087 0.389195 0.921229 0.382437 0.921620 0.373198 0.914072
0 0.272277 0.842697 0.288056 0.842291 0.291025 0.841532 0.294325 0.842357 0.297560 0.846223 0.292429 0.850341 0.286212 0.851784 0.282704 0.854787 0.286820 0.858526 0.282373 0.863408 0.277532 0.860319 0.275390 0.859786 0.272099 0.855479 0.273771 0.849991 0.271909 0.845246
0 0.702153 0.882618 0.707532 0.882054 0.712759 0.887134 0.707768 0.890519 0.706936 0.899539 0.698873 0.901636 0.697235 0.897902
0 0.149501 0.889029 0.154457 0.884486 0.153957 0.878736 0.162023 0.877963 0.165656 0.885112 0.163059 0.892659 0.156750 0.892884
0 0.170684 0.979795 0.174310 0.978620 0.181485 0.979937 0.181867 0.987612 0.175500 0.990645 0.165466 0.987723 0.167043 0.982018
0 0.397118 0.976800 0.405001 0.975986 0.406954 0.975881 0.410997 0.971862 0.416329 0.971998 0.420658 0.970795 0.423106 0.967955 0.430899 0.970425 0.427768 0.974209 0.417873 0.977854 0.411505 0.982660 0.400118 0.984238 0.396407 0.984605 0.393156 0.979155 0.393687 0.978704
0 0.509196 0.723107 0.519743 0.726623 0.522212 0.730900 0.515055 0.734670 0.506989 0.734288 0.503628 0.730256 0.503409 0.730186 0.502256 0.728733 0.500022 0.726798 0.498331 0.718997 0.502882 0.719524 0.505870 0.719387 0.507305 0.720822 0.507660 0.722348 0.508164 0.723130
0 0.535948 0.851659 0.529581 0.847245 0.530745 0.838398 0.533011 0.835665 0.532998 0.835401 0.532515 0.834413 0.534332 0.831553 0.536639 0.831198 0.537305 0.830805 0.537711 0.830390 0.538029 0.830539 0.540699 0.830772 0.544477 0.834550 0.544311 0.838515 0.541089 0.847430 0.539664 0.847812 0.539273 0.847794
0 0.621618 0.797314 0.623052 0.805116 0.618493 0.808895 0.612645 0.807460 0.611810 0.802471 0.611534 0.802465 0.608741 0.802449 0.607307 0.801015 0.607395 0.798532 0.607307 0.797382 0.609877 0.795983 0.619323 0.796930
0 0.593023 0.789714 0.600483 0.787759 0.606011 0.787489 0.606628 0.795717 0.605882 0.798025 0.597358 0.800361 0.592749 0.797771
0 0.589650 0.756535 0.593775 0.753067 0.598041 0.748417 0.599700 0.748918 0.607943 0.751135 0.608087 0.755110 0.607155 0.758895 0.605387 0.764481 0.602927 0.768877 0.599529 0.769061 0.597055 0.770027 0.586762 0.763605 0.587551 0.761236 0.587969 0.759161
0 0.638238 0.631148 0.635001 0.625361 0.637848 0.622987 0.640503 0.618635 0.644273 0.617472 0.646552 0.617664 0.648960 0.616300 0.653902 0.618245 0.655056 0.619271 0.662086 0.623213 0.665484 0.627354 0.660679 0.630596 0.655210 0.630102 0.649351 0.632550 0.641734 0.631897
0 0.696647 0.647695 0.704154 0.647318 0.704081 0.650040 0.708863 0.651698 0.709849 0.655453 0.707163 0.656784 0.690241 0.655073
0 0.685552 0.675484 0.687564 0.675708 0.689380 0.678569 0.683762 0.682887 0.682065 0.685340 0.681169 0.685072 0.674741 0.685196 0.672534 0.685023 0.671109 0.682553 0.671491 0.681127 0.674330 0.678288 0.676441 0.673834 0.681241 0.675613
0 0.782862 0.660010 0.796939 0.660760 0.805656 0.672441 0.800032 0.672909 0.795513 0.677019 0.793164 0.684132 0.790762 0.685486 0.783188 0.683922 0.781272 0.680245 0.779895 0.672789 0.787285 0.673513 0.791839 0.670005 0.790044 0.667929 0.782368 0.667652 0.781699 0.663269
0 0.630095 0.491061 0.636456 0.496052 0.640100 0.508932 0.631764 0.509962 0.626701 0.509322 0.624989 0.504900 0.626057 0.493962
0 0.741528 0.447500 0.749762 0.444544 0.754899 0.444318 0.759118 0.447795 0.748844 0.454943 0.740387 0.454561 0.740171 0.450745
0 0.820423 0.493395 0.814187 0.491460 0.825632 0.482358 0.836824 0.487818 0.838163 0.490358 0.834226 0.493530 0.828367 0.492644
0 0.769841 0.487841 0.779998 0.486460 0.786755 0.491264 0.779607 0.496460 0.773570 0.493278 0.771414 0.493679 0.766285 0.494308 0.765086 0.493569 0.760789 0.492788 0.759702 0.492915 0.760259 0.491577 0.760862 0.487163 0.764304 0.487436 0.767870 0.488916
0 0.789717 0.375805 0.786517 0.367332 0.794583 0.370180 0.811634 0.370457 0.814622 0.376052 0.814515 0.376095 0.814749 0.377224 0.814312 0.377317 0.815539 0.379431 0.807737 0.380865 0.805522 0.378650 0.805082 0.377247 0.804211 0.375927 0.800833 0.375779 0.800041 0.380349 0.804993 0.382176 0.804993 0.387115 0.797845 0.386725 0.792524 0.382938 0.788598 0.381775 0.788598 0.378923
0 0.760660 0.369821 0.778164 0.369881 0.781552 0.374831 0.782723 0.380026 0.776875 0.381461 0.772377 0.377744 0.760003 0.374539
0 0.873667 0.239165 0.876443 0.233207 0.884518 0.239329 0.887004 0.245721 0.887771 0.252598 0.880375 0.250398 0.873719 0.243743
0 0.853136 0.238730 0.846516 0.239713 0.845210 0.239608 0.842732 0.239317 0.841485 0.235584 0.837790 0.232941 0.842627 0.229405 0.852634 0.229989 0.853786 0.230082 0.854830 0.233977 0.853359 0.235336
0 0.409506 0.402778 0.411320 0.398048 0.424981 0.393623 0.426144 0.397783 0.424328 0.402987 0.421593 0.404940 0.413918 0.405322
0 0.398602 0.600013 0.403864 0.600614 0.406163 0.599357 0.408857 0.601285 0.411033 0.602740 0.411033 0.608716 0.406220 0.610533 0.400583 0.606368 0.397179 0.606308 0.394444 0.606622 0.391975 0.602345 0.397823 0.599739 0.398139 0.600136
0 0.341165 0.637909 0.335169 0.635539 0.331158 0.632999 0.331038 0.623956 0.331902 0.622886 0.330703 0.619537 0.339143 0.621084 0.341239 0.622009 0.343837 0.625650 0.343455 0.627076 0.342509 0.628163
0 0.116129 0.596268 0.118980 0.596268 0.119075 0.596431 0.125621 0.597439 0.126665 0.601335 0.122210 0.603055 0.119085 0.603446 0.111241 0.603740 0.106617 0.603932 0.104148 0.599655 0.108180 0.597943 0.108707 0.597439 0.112086 0.596667 0.116082 0.596443
0 0.092842 0.583715 0.089568 0.580178 0.091320 0.577142 0.096717 0.570837 0.102580 0.564388 0.105322 0.567648 0.103615 0.581037 0.100492 0.580830
0 0.061416 0.503921 0.061416 0.500465 0.068850 0.496958 0.073273 0.498565 0.071072 0.508696 0.064016 0.512505 0.059607 0.514956 0.052068 0.511038 0.053884 0.508177 0.058714 0.507253 0.060541 0.505748
0 0.146958 0.508823 0.153702 0.508512 0.155646 0.513844 0.151486 0.521392 0.137306 0.521001 0.137508 0.514118 0.144961 0.510751
0 0.172970 0.502390 0.174396 0.504860 0.174014 0.512145 0.166076 0.513571 0.164532 0.513070 0.162697 0.512798 0.161263 0.511364 0.161099 0.510809 0.159077 0.509959 0.155412 0.506422 0.155718 0.506329 0.153849 0.504469 0.156701 0.501618 0.159435 0.501722 0.163732 0.500836 0.167834 0.500993 0.171670 0.502262 0.171698 0.502310
0 0.208370 0.364725 0.202003 0.363944 0.195890 0.357959 0.196041 0.357807 0.194514 0.354975 0.200500 0.353654 0.203335 0.353576 0.215078 0.354584 0.211501 0.361595
0 0.207096 0.240034 0.208394 0.245937 0.205345 0.252069 0.194272 0.245558 0.193496 0.240367 0.194214 0.239982 0.195350 0.236631 0.197408 0.234964 0.204324 0.232071 0.207300 0.238136
0 0.548599 0.489994 0.552046 0.487829 0.559594 0.489931 0.561547 0.500595 0.551688 0.501144 0.549577 0.499814 0.549545 0.493176
0 0.606893 0.408784 0.613048 0.404288 0.626193 0.407690 0.629189 0.416663 0.618662 0.418744 0.615033 0.414477 0.608468 0.412038
0 0.689679 0.365235 0.689266 0.356620 0.690320 0.350181 0.691966 0.349060 0.700929 0.349206 0.701281 0.350189 0.705739 0.350400 0.705078 0.358271 0.705148 0.368559 0.707293 0.371748 0.707275 0.371780 0.708083 0.372666 0.708465 0.374091 0.707692 0.379033 0.707041 0.379804 0.706396 0.382533 0.699782 0.381504 0.694936 0.376268 0.691954 0.373677
0 0.502599 0.266936 0.491912 0.267656 0.482665 0.258683 0.487615 0.255296 0.498025 0.257752 0.506873 0.258030 0.508307 0.262316
0 0.507371 0.215793 0.515920 0.213908 0.516988 0.219663 0.520608 0.226525 0.516380 0.228184 0.509681 0.227959 0.506407 0.218068
0 0.639362 0.255695 0.634939 0.257902 0.630621 0.252284 0.626220 0.249836 0.627133 0.248163 0.626997 0.246330 0.628257 0.245529 0.628559 0.244767 0.633177 0.243498 0.638451 0.243551 0.640658 0.243723 0.641274 0.249673 0.642084 0.250099 0.640687 0.252543
0 0.259459 0.133657 0.265748 0.133352 0.275123 0.147532 0.272552 0.148931 0.262920 0.148471 0.257293 0.145579 0.257494 0.135886
0 0.180634 0.203453 0.186510 0.201067 0.187107 0.200677 0.193482 0.205735 0.191560 0.207122 0.179210 0.211996 0.176228 0.215368 0.167254 0.213153 0.170251 0.204961
0 0.147357 0.183701 0.146807 0.179253 0.148129 0.170924 0.151898 0.170751 0.152693 0.170784 0.156058 0.170924 0.159046 0.174175 0.158664 0.180288 0.157327 0.182964 0.158656 0.186675 0.156058 0.195004 0.152289 0.195671 0.149300 0.195394 0.147593 0.189428 0.147532 0.186778
0 0.102156 0.225208 0.110425 0.227136 0.110816 0.233637 0.102016 0.232548 0.091634 0.232289 0.087007 0.227652 0.089859 0.224800
0 0.000000 0.198861 0.000000 0.191577 0.000311 0.188054 0.002394 0.189407 0.002933 0.185923 0.004515 0.183198 0.004834 0.180558 0.006440 0.180087 0.016211 0.178439 0.015275 0.181341 0.014287 0.185643 0.013623 0.190182 0.011229 0.193173 0.006183 0.200693 0.000142 0.200212
0 0.252924 0.061734 0.257685 0.057142 0.258596 0.051275 0.264581 0.049459 0.269014 0.046325 0.277725 0.048279 0.281113 0.051275 0.281859 0.054755 0.285147 0.056872 0.287354 0.062467 0.280206 0.066386 0.276690 0.067271 0.265753 0.067271 0.260173 0.063907 0.255072 0.063307
0 0.807532 0.075176 0.811923 0.071964 0.821943 0.072347 0.824541 0.075988 0.823378 0.082101 0.816357 0.084707 0.808518 0.078507
0 0.756546 0.055421 0.756134 0.048000 0.766670 0.047346 0.771611 0.053332 0.767714 0.059445 0.761729 0.063605 0.755361 0.059582
0 0.905180 0.052378 0.908336 0.049221 0.915426 0.048996 0.918880 0.050793 0.919645 0.056769 0.912737 0.060081 0.904400 0.059034
0 0.966812 0.284756 0.968630 0.285543 0.973804 0.283860 0.976655 0.286711 0.975873 0.288674 0.975930 0.288699 0.975814 0.288734 0.975230 0.289181 0.973183 0.289528 0.968869 0.290830 0.962988 0.296883 0.955577 0.297262 0.950208 0.295996 0.943119 0.285462 0.940779 0.278945 0.945645 0.275800 0.956092 0.277984 0.968039 0.271925 0.974349 0.274068 0.975641 0.281236 0.966748 0.281973 0.961103 0.283982
0 0.797692 0.222463 0.798134 0.223638 0.803733 0.234795 0.805054 0.237120 0.808612 0.239082 0.809087 0.245560 0.796909 0.246499 0.793168 0.244349 0.785846 0.241134 0.789177 0.237484 0.792747 0.231638 0.792715 0.228910 0.791686 0.228931 0.790761 0.227634 0.786403 0.225646 0.792779 0.221368 0.794636 0.222307
0 0.467268 0.180349 0.474416 0.179568 0.477398 0.182550 0.479357 0.185944 0.474130 0.189871 0.470510 0.192710 0.465764 0.192154 0.458537 0.192311 0.455286 0.187643 0.458960 0.186313
0 0.438846 0.363873 0.449163 0.362459 0.451633 0.366736 0.447621 0.368824 0.447513 0.369803 0.447565 0.375857 0.447340 0.379432 0.444871 0.380857 0.440066 0.377287 0.436928 0.375721 0.436546 0.367654
0 0.157068 0.451418 0.156323 0.449572 0.156196 0.449516 0.152146 0.444957 0.154078 0.444570 0.153692 0.443752 0.159888 0.445112 0.164520 0.445701 0.168712 0.446086 0.170755 0.447654 0.174577 0.447520 0.183907 0.447985 0.188973 0.456043 0.185212 0.456991 0.181224 0.457649 0.174577 0.455750 0.161796 0.453861 0.160098 0.453330
0 0.879906 0.907852 0.888912 0.904583 0.897409 0.909033 0.902727 0.904606 0.915474 0.904985 0.919630 0.909764 0.917030 0.912841 0.907388 0.917311 0.903554 0.923136 0.896428 0.923386 0.892679 0.922551 0.887841 0.919293 0.883222 0.920505 0.878248 0.919226 0.878405 0.913176
0 0.796922 0.084108 0.804717 0.083411 0.805463 0.084979 0.810179 0.084873 0.816868 0.087602 0.817440 0.092969 0.817736 0.095982 0.816620 0.103838 0.816100 0.111352 0.811790 0.110682 0.805236 0.101666 0.803449 0.099880 0.802565 0.100687 0.798105 0.100687 0.795220 0.088718 0.795344 0.086995
0 0.211160 0.169258 0.214522 0.159870 0.214747 0.155905 0.217353 0.153689 0.226881 0.155288 0.235241 0.158058 0.234161 0.163369 0.233748 0.166959 0.231157 0.170332 0.227889 0.176335 0.226291 0.177542 0.224977 0.180906 0.220732 0.182838 0.214123 0.178446 0.209278 0.175944
0 0.182794 0.185546 0.185505 0.190235 0.187667 0.194266 0.185431 0.193515 0.176338 0.195347 0.171675 0.186760 0.170216 0.185319 0.168653 0.182975 0.166709 0.177252 0.167209 0.172584 0.168525 0.165799 0.168864 0.165627 0.169012 0.165257 0.169202 0.160434 0.171259 0.157596 0.175947 0.154471 0.179521 0.154245 0.185185 0.154088 0.186729 0.154589 0.192724 0.158112 0.192342 0.164616 0.192280 0.164718 0.193917 0.167704 0.184404 0.171436 0.182050 0.171983 0.182103 0.174128 0.179946 0.178159 0.180654 0.180554
0 0.009031 0.436522 0.020517 0.427294 0.022614 0.425196 0.025298 0.424787 0.037216 0.426351 0.042987 0.429237 0.050035 0.435821 0.054111 0.439886 0.059766 0.447543 0.059360 0.452535 0.061088 0.458136 0.056314 0.460721 0.054917 0.463848 0.050101 0.467513 0.045348 0.464184 0.037043 0.465968 0.031218 0.456681 0.025689 0.454037 0.025150 0.450680 0.019729 0.450385 0.017622 0.446736 0.015761 0.442057 0.010528 0.439059
0 0.074040 0.093820 0.081375 0.094429 0.082541 0.093639 0.091277 0.088540 0.092029 0.091194 0.092431 0.091426 0.092686 0.094686 0.092247 0.096361 0.091615 0.101928 0.085533 0.104278 0.080896 0.106169 0.080259 0.105541 0.079506 0.104524 0.078596 0.104106 0.076575 0.100673 0.074556 0.099489 0.073547 0.095723
0 0.444543 0.164519 0.444159 0.169136 0.444428 0.174480 0.446212 0.181054 0.442516 0.183596 0.440630 0.185482 0.430646 0.188368 0.428539 0.184719 0.429104 0.175687 0.429736 0.174467 0.430432 0.169741 0.431080 0.164808 0.430271 0.161057 0.431412 0.157796 0.440255 0.154689 0.444093 0.155099 0.446212 0.157219 0.445266 0.162504
0 0.723887 0.355018 0.727639 0.355531 0.730892 0.356034 0.735111 0.359011 0.736400 0.365641 0.741532 0.367797 0.737962 0.374537 0.738077 0.383581 0.737479 0.384617 0.737656 0.386445 0.731639 0.388026 0.731409 0.387882 0.731208 0.388026 0.729920 0.383473 0.729218 0.379319 0.720442 0.378982 0.716716 0.373245 0.716928 0.370731 0.716792 0.369400 0.722721 0.365191 0.723433 0.358545 0.723710 0.355279
0 0.795518 0.336789 0.795586 0.336746 0.795949 0.335928 0.805412 0.333485 0.807250 0.335754 0.810869 0.338081 0.810496 0.340750 0.810860 0.340945 0.810871 0.341027 0.811976 0.341150 0.813874 0.343959 0.807134 0.354865 0.799999 0.352596 0.795518 0.349838 0.795270 0.341591 0.795569 0.341052 0.795701 0.339007 0.795560 0.336882
0 0.996714 0.226660 1.000000 0.225559 1.000000 0.278907 0.997584 0.278893 0.994560 0.279702 0.989677 0.279545 0.985735 0.279682 0.983888 0.280620 0.981993 0.274576 0.981698 0.274379 0.982001 0.273316 0.980771 0.270600 0.980928 0.265717 0.982427 0.257575 0.982139 0.254443 0.982666 0.250262 0.986264 0.247844 0.986148 0.242788 0.987403 0.237534 0.995229 0.228821
0 0.655101 0.763376 0.668277 0.764402 0.670094 0.767262 0.665152 0.775200 0.652398 0.774801 0.649929 0.773375 0.651101 0.764664
0 0.808662 0.885752 0.809748 0.885364 0.812140 0.882970 0.812316 0.882761 0.812379 0.882773 0.812391 0.882763 0.812999 0.882880 0.813707 0.881909 0.822043 0.882906 0.823752 0.885106 0.825020 0.885464 0.832103 0.892039 0.833340 0.892569 0.837596 0.900076 0.833096 0.903671 0.829863 0.905791 0.826165 0.902998 0.818711 0.903291 0.816092 0.902832 0.811979 0.899757 0.809967 0.896901 0.807868 0.892162 0.807832 0.887713 0.808744 0.886501
0 0.617126 0.684109 0.624395 0.696458 0.621712 0.702783 0.618555 0.703120 0.612382 0.703248 0.610483 0.702646 0.604002 0.702309 0.600834 0.698666 0.600185 0.696118 0.595146 0.690286 0.596213 0.687950 0.599729 0.682536 0.604073 0.682262 0.609533 0.682198 0.613965 0.682716
0 0.000765 0.927865 0.002071 0.928215 0.005790 0.925277 0.014046 0.923568 0.020636 0.934416 0.020255 0.939352 0.010441 0.942527 0.000000 0.946051 0.000047 0.944130 0.000242 0.937151 0.000000 0.929005
0 0.239354 0.935936 0.233093 0.937635 0.231602 0.927839 0.231430 0.925320 0.232189 0.924668 0.232724 0.922810 0.236198 0.920804 0.239221 0.921025 0.246001 0.922555 0.245762 0.923167 0.247652 0.931613 0.247742 0.934457 0.244086 0.935436 0.243047 0.934591
0 0.749359 0.979757 0.749236 0.987691 0.746630 0.990951 0.739677 0.991341 0.736379 0.992038 0.732232 0.991958 0.731450 0.994004 0.729041 0.995898 0.720812 0.994429 0.720274 0.992423 0.721911 0.986020 0.726128 0.981802 0.737203 0.978188 0.743524 0.977418 0.746887 0.978239
0 0.461134 0.997345 0.462738 1.000000 0.437746 1.000000 0.439423 0.991897 0.446204 0.990348 0.457927 0.990855 0.460362 0.994758
0 0.223850 0.882839 0.221261 0.877993 0.220552 0.871515 0.226520 0.868827 0.234461 0.870318 0.239545 0.873159 0.242855 0.875725 0.246162 0.872564 0.252232 0.871623 0.259576 0.865315 0.261682 0.865880 0.261493 0.873943 0.260361 0.879340 0.263616 0.878589 0.267917 0.880655 0.274755 0.882802 0.273515 0.887103 0.258374 0.889182 0.251975 0.893850 0.247853 0.902038 0.244000 0.906832 0.242643 0.912462 0.234384 0.915884 0.229957 0.912034 0.226536 0.906683 0.222842 0.905496 0.220735 0.901848 0.222842 0.898199 0.226921 0.897456 0.225584 0.892325
0 0.111355 0.621885 0.118649 0.615373 0.119088 0.615560 0.119821 0.614982 0.129313 0.614982 0.131762 0.617821 0.134263 0.623955 0.133008 0.625111 0.132829 0.625780 0.128532 0.630468 0.118587 0.630787 0.116503 0.629606 0.116423 0.629687 0.114997 0.630069 0.113571 0.629687 0.112527 0.628643 0.112145 0.627217 0.112491 0.625927
0 0.092609 0.628041 0.096891 0.623966 0.098949 0.626415 0.104418 0.628759 0.106657 0.629435 0.109510 0.633069 0.113688 0.634123 0.115904 0.640362 0.113545 0.641939 0.105944 0.642496 0.101239 0.642451 0.098023 0.642707 0.095376 0.636100 0.092996 0.634112 0.092581 0.630571
0 0.174877 0.729742 0.175232 0.729262 0.176779 0.727170 0.177293 0.726473 0.178934 0.723057 0.186091 0.720850 0.188688 0.721623 0.189216 0.722127 0.191813 0.722404 0.193718 0.724916 0.196373 0.726963 0.196598 0.728975 0.196598 0.734834 0.196373 0.740362 0.189743 0.741015 0.185589 0.736470 0.184065 0.735681 0.179587 0.735155 0.177138 0.733098 0.176071 0.732812 0.175054 0.730000
0 0.131635 0.772579 0.137779 0.773057 0.139237 0.778030 0.141866 0.781834 0.145973 0.786202 0.142204 0.791796 0.136653 0.794811 0.136306 0.796332 0.129450 0.798428 0.125666 0.793734 0.124127 0.791439 0.121774 0.791015 0.119168 0.785166 0.119570 0.784617 0.119949 0.781651 0.122541 0.779841 0.126462 0.775138 0.128838 0.774363
0 0.052194 0.735248 0.050909 0.738096 0.046398 0.738644 0.043185 0.739018 0.041657 0.740785 0.041634 0.741088 0.040740 0.742326 0.040387 0.745739 0.035698 0.747733 0.016819 0.739120 0.008908 0.730396 0.002170 0.722508 0.000000 0.713980 0.002441 0.710726 0.011240 0.709781 0.015955 0.710654 0.018878 0.717010 0.023149 0.719193 0.027055 0.716225 0.027957 0.707700 0.029907 0.707101 0.031994 0.705014 0.033504 0.700748 0.044236 0.702987 0.050394 0.702102 0.055860 0.706369 0.060512 0.707505 0.063239 0.711032 0.063149 0.711537 0.064921 0.715834 0.065117 0.728758 0.063477 0.730793 0.062719 0.730036 0.059868 0.729271 0.057016 0.730036 0.054929 0.732123 0.054891 0.732263
0 0.338284 0.417385 0.341136 0.419847 0.346096 0.420510 0.355629 0.427699 0.359234 0.431695 0.361984 0.433663 0.360940 0.437559 0.355217 0.438331 0.352762 0.436920 0.345162 0.434007 0.338948 0.433652 0.331780 0.430128 0.331409 0.429679 0.330249 0.428860 0.326185 0.425577 0.329182 0.417385 0.333342 0.417108 0.336539 0.417284
0 0.209784 0.455904 0.217540 0.451963 0.228256 0.451955 0.230673 0.454458 0.238899 0.456068 0.243904 0.456026 0.251963 0.465297 0.248544 0.467777 0.239503 0.472775 0.235386 0.474361 0.227714 0.474822 0.223694 0.480642 0.218755 0.480127 0.215210 0.483672 0.206545 0.484884 0.203727 0.479235 0.203273 0.476705 0.197654 0.470539 0.197574 0.470017 0.196105 0.467862 0.193514 0.457332 0.205548 0.454729 0.208307 0.456293
0 0.522855 0.397955 0.524866 0.392250 0.538255 0.392594 0.540474 0.395826 0.545570 0.392788 0.551730 0.394713 0.553327 0.398093 0.557312 0.396248 0.560294 0.393247 0.564462 0.393189 0.575239 0.395599 0.575970 0.401509 0.573256 0.403935 0.571907 0.410540 0.569112 0.418654 0.568094 0.426348 0.563188 0.432670 0.558373 0.450669 0.551324 0.451619 0.546618 0.453165 0.543434 0.448805 0.540112 0.447299 0.535733 0.443097 0.533653 0.442829 0.530208 0.439393 0.526397 0.436589 0.522228 0.435027 0.521633 0.428345 0.522321 0.426186 0.522483 0.413488 0.521634 0.402902
0 0.004576 0.149341 0.002751 0.143855 0.008070 0.142849 0.023475 0.142456 0.027788 0.146652 0.035476 0.149029 0.036248 0.153970 0.036248 0.163736 0.035730 0.165298 0.037820 0.170239 0.030018 0.170502 0.023505 0.164380 0.020807 0.161299 0.016346 0.161127 0.011268 0.156439
0 0.604888 0.364441 0.606116 0.365150 0.607560 0.364764 0.609999 0.365417 0.611784 0.367202 0.612029 0.368115 0.613788 0.369875 0.614442 0.372313 0.613788 0.374752 0.612003 0.376537 0.610178 0.377026 0.609331 0.377873 0.606892 0.378527 0.606719 0.378480 0.606658 0.378541 0.604220 0.379195 0.601781 0.378541 0.599996 0.376756 0.599343 0.374318 0.599344 0.374312 0.599228 0.374245 0.599178 0.373933 0.597323 0.372079 0.596670 0.369641 0.597323 0.367202 0.599109 0.365417 0.601547 0.364764 0.603225 0.365213
0 0.281084 0.244750 0.282091 0.244917 0.284276 0.242732 0.287544 0.241857 0.290812 0.242732 0.293204 0.245125 0.293664 0.246843 0.294100 0.246915 0.294975 0.250183 0.301869 0.249914 0.304085 0.252311 0.306346 0.251705 0.309614 0.252581 0.312006 0.254973 0.312882 0.258241 0.312138 0.261018 0.312882 0.261822 0.310256 0.265852 0.306346 0.270149 0.300501 0.269432 0.303456 0.276151 0.301044 0.282298 0.295610 0.287221 0.291413 0.290460 0.289623 0.297322 0.279423 0.301962 0.270538 0.296121 0.268514 0.290557 0.262811 0.279478 0.260416 0.273462 0.261650 0.270946 0.269563 0.259546 0.271525 0.255591 0.273826 0.249601 0.278870 0.246876
0 0.655654 0.009889 0.658737 0.004565 0.662963 0.003467 0.662457 0.001328 0.662720 0.000000 0.703263 0.000000 0.702624 0.005471 0.702483 0.012028 0.700841 0.020107 0.700037 0.027527 0.698344 0.035364 0.691207 0.033512 0.685000 0.030747 0.683899 0.022654 0.681855 0.014478 0.681664 0.004605 0.679703 0.000000 0.679473 0.000000 0.677382 0.008851 0.669684 0.014895 0.665389 0.018871 0.663664 0.016684 0.657365 0.012680
0 0.627013 0.000000 0.632583 0.005821 0.639210 0.007716 0.645979 0.015149 0.650130 0.018204 0.655396 0.019109 0.659387 0.025692 0.665927 0.030703 0.670977 0.035773 0.673272 0.036434 0.682773 0.043704 0.683428 0.046108 0.692196 0.057523 0.692747 0.059663 0.694060 0.061135 0.695218 0.066603 0.705091 0.071487 0.709488 0.095837 0.704914 0.098393 0.703980 0.101526 0.698320 0.108139 0.699212 0.112504 0.696154 0.116911 0.686848 0.118474 0.684581 0.117683 0.679267 0.116552 0.678031 0.115466 0.662929 0.112517 0.660741 0.109743 0.657095 0.111035 0.653293 0.108152 0.647564 0.107805 0.638932 0.109207 0.636802 0.108475 0.628669 0.112348 0.621725 0.117643 0.611867 0.120397 0.607399 0.124367 0.603636 0.129783 0.600142 0.131093 0.598516 0.131969 0.595126 0.135302 0.589540 0.136876 0.589409 0.136873 0.588230 0.137508 0.579885 0.139820 0.575711 0.134811 0.567847 0.133794 0.564265 0.129340 0.565506 0.123608 0.564782 0.117480 0.566276 0.112112 0.565905 0.101943 0.563456 0.099614 0.561528 0.092161 0.551385 0.077149 0.551247 0.070461 0.549933 0.061471 0.551912 0.050834 0.548326 0.046021 0.547729 0.039390 0.548027 0.038920 0.548437 0.036343 0.549965 0.034019 0.552557 0.031037 0.554900 0.025568 0.558025 0.021271 0.560033 0.015095 0.560496 0.014731 0.560261 0.013648 0.560594 0.008713 0.561766 0.003244 0.563095 0.000314 0.563152 0.000000
0 0.566406 0.609375 0.605469 0.613281 0.609375 0.613281 0.644531 0.644531 0.648438 0.648438 0.652344 0.660156 0.652344 0.664062 0.644531 0.671875 0.640625 0.675781 0.613281 0.679688 0.609375 0.683594 0.570312 0.675781 0.566406 0.675781 0.531250 0.644531 0.527344 0.640625 0.527344 0.632812 0.523438 0.628906 0.535156 0.621094 0.539062 0.617188 0.566406 0.609375
0 0.570312 0.867188 0.644531 0.871094 0.648438 0.871094 0.683594 0.882812 0.683594 0.886719 0.671875 0.902344 0.667969 0.906250 0.648438 0.914062 0.644531 0.917969 0.578125 0.921875 0.574219 0.921875 0.558594 0.898438 0.554688 0.894531 0.554688 0.882812 0.554688 0.878906 0.570312 0.867188
