0 0.000000 0.246546 0.000000 0.287957 0.009706 0.288604
0 0.000000 0.208420 0.004039 0.213806 0.008572 0.229672 0.045971 0.230805 0.044838 0.241005 0.058438 0.241005 0.058438 0.226272 0.042571 0.226272 0.030105 0.217206 0.017639 0.213806 0.011972 0.208139 0.000000 0.205377
0 0.074304 0.442732 0.024439 0.444999 0.022172 0.460865 0.030105 0.468798 0.050505 0.471065 0.077704 0.467665
0 0.134369 0.304470 0.119636 0.298804 0.101503 0.305603 0.096970 0.323736 0.108303 0.331669 0.115103 0.341869 0.117369 0.356602 0.134369 0.353202 0.152502 0.363402 0.157035 0.371335 0.143435 0.327136
0 0.212566 0.494864 0.225033 0.502797 0.237499 0.493731 0.243166 0.477865 0.232966 0.468798 0.217100 0.458599 0.208033 0.447266 0.195567 0.447266 0.209166 0.483531
0 0.149102 0.546996 0.134369 0.570795 0.142302 0.586662 0.160435 0.594595 0.163835 0.597995 0.158168 0.550396
0 0.276031 0.499398 0.276031 0.562863 0.283964 0.565129 0.316830 0.525463 0.307764 0.516397 0.303230 0.505064 0.296431 0.498264 0.287364 0.494864
0 0.502691 0.383801 0.480025 0.381534 0.482292 0.398534 0.500425 0.403067 0.529891 0.425733 0.555957 0.428000 0.542357 0.411000 0.523091 0.398534 0.507225 0.392867
0 0.527624 0.437066 0.527624 0.443866 0.518557 0.456332 0.529891 0.461998 0.540090 0.461998 0.546890 0.468798 0.552557 0.459732 0.561623 0.454066 0.561623 0.442732 0.584289 0.442732 0.576356 0.430266 0.569556 0.423466 0.558223 0.423466 0.552557 0.431400 0.534424 0.430266
0 0.101562 0.000000 0.734375 0.000000 0.763841 0.000506 0.693649 0.043113 0.634211 0.092979 0.624494 0.114535 0.576895 0.155840 0.539062 0.183594 0.489824 0.234592 0.441141 0.285542 0.406636 0.326847 0.363281 0.378906 0.363281 0.382812 0.355469 0.390625 0.356096 0.400198 0.339338 0.403598 0.332031 0.394531 0.321060 0.390119 0.305821 0.387346 0.169223 0.384066 0.156250 0.371094 0.148438 0.347656 0.144531 0.343750 0.140625 0.312500 0.136719 0.308594 0.113281 0.171875 0.109375 0.167969 0.101562 0.046875 0.097656 0.042969 0.101562 0.000000
0 0.511758 0.264804 0.534424 0.244405 0.575223 0.213806 0.611488 0.185473 0.627354 0.145808 0.627354 0.119742 0.625088 0.116342 0.537824 0.187740 0.500425 0.230805 0.493625 0.242138 0.497025 0.258005
0 0.781483 0.085743 0.763350 0.073277 0.727085 0.072143 0.740684 0.068743 0.740684 0.063077 0.721418 0.060810 0.705552 0.063077 0.694219 0.075543 0.691953 0.081210 0.707819 0.122009 0.720285 0.133341 0.737285 0.165074 0.738418 0.171874 0.766750 0.167341 0.773550 0.153741 0.765617 0.136741 0.763350 0.124275 0.775817 0.115209 0.780350 0.094809
0 0.764484 0.006412 0.782617 0.026811 0.783750 0.051744 0.781483 0.068743 0.761084 0.068743 0.741818 0.064210 0.732752 0.057410 0.721418 0.044944 0.713485 0.032478
0 0.816406 0.000000 1.000000 0.000000 1.000000 0.065104 0.992188 0.093750 0.988281 0.097656 0.986550 0.185415 0.981001 0.228160 0.957564 0.255593 0.941451 0.308325 0.929688 0.339844 0.929688 0.343750 0.930752 0.374333 0.925736 0.380459 0.893421 0.358220 0.876199 0.352672 0.872691 0.323641 0.855469 0.316406 0.796875 0.304688 0.792969 0.300781 0.792969 0.179688 0.792969 0.175781 0.816406 0.000000
0 0.957145 0.395134 0.946945 0.408734 0.949212 0.418933 0.970745 0.435933 0.994544 0.435933 1.000000 0.433023 1.000000 0.414313 0.980944 0.406467 0.969611 0.398534
0 1.000000 0.366802 0.992277 0.366802 0.986611 0.380401 0.992277 0.399667 1.000000 0.407941
0 0.428768 0.556115 0.416562 0.552786 0.412123 0.549457 0.382163 0.549457 0.381053 0.577199 0.406575 0.593844 0.424330 0.578309 0.442084 0.578309 0.438755 0.569431
0 0.346653 0.617147 0.389930 0.619366 0.395479 0.611599 0.416562 0.610489 0.437646 0.599392 0.440975 0.594954 0.423220 0.588296 0.414343 0.588296 0.405465 0.592734 0.377724 0.574980 0.366627 0.572760 0.351092 0.572760 0.343324 0.590515 0.346653 0.604941
0 0.446523 0.654876 0.467607 0.651547 0.460949 0.639340 0.447633 0.636011 0.430988 0.619366 0.425439 0.619366 0.422111 0.622695 0.416562 0.621586 0.414343 0.614928 0.404356 0.612708 0.404356 0.620476 0.411014 0.633792 0.422111 0.640450 0.439865 0.645998
0 0.342214 0.680398 0.353311 0.677069 0.366627 0.650437 0.366627 0.645998 0.363298 0.643779 0.357750 0.643779 0.357750 0.623805 0.342214 0.610489 0.339995 0.610489 0.335556 0.600502 0.315582 0.599392 0.304486 0.601612 0.300047 0.606050 0.300047 0.611599 0.317802 0.620476 0.328898 0.636011 0.332227 0.645998 0.324460 0.659314 0.328898 0.668192 0.337776 0.664863 0.337776 0.670411
0 0.814932 0.388555 0.832687 0.388555 0.850442 0.391885 0.875964 0.392994 0.878184 0.380788 0.875964 0.369691 0.894829 0.386336 0.917022 0.385227 0.922570 0.400762 0.925899 0.401871 0.911474 0.410749 0.908145 0.424065 0.900377 0.428504 0.880403 0.428504 0.851552 0.425175 0.837126 0.411859 0.816042 0.401871
0 0.738366 0.319756 0.730598 0.335291 0.732817 0.344169 0.721721 0.347498 0.751682 0.370801 0.772765 0.368582 0.774985 0.359704 0.780533 0.363033 0.778314 0.379678 0.784971 0.388555 0.792739 0.391885 0.814932 0.391885 0.850442 0.388555 0.853771 0.392994 0.877074 0.392994 0.875964 0.369691 0.872635 0.360814 0.872635 0.321975 0.857100 0.320866 0.854880 0.313098 0.827139 0.314208 0.827139 0.308659 0.799397 0.308659 0.798287 0.315318 0.784971 0.309769 0.759449 0.321975
0 0.935886 0.385227 0.939215 0.390775 0.946983 0.391885 0.973615 0.387446 0.988041 0.376349 0.996918 0.366362 0.992479 0.355266 0.983602 0.355266 0.982492 0.366362 0.979163 0.368582 0.952531 0.367472 0.946983 0.365253 0.944764 0.355266 0.946983 0.344169 0.934777 0.356375 0.930338 0.358595 0.931448 0.370801
0 0.659579 0.501742 0.659579 0.492864 0.670676 0.479548 0.686211 0.481768 0.692869 0.479548 0.686211 0.471780 0.679553 0.467342 0.666237 0.466232 0.650702 0.471780 0.646263 0.482877 0.642934 0.483987 0.644044 0.505071
0 0.965847 0.255395 0.985821 0.253176 1.000000 0.241179 1.000000 0.204187 0.995808 0.207680 0.990260 0.187706 0.986931 0.205461 0.989150 0.228764 0.965847 0.243189
0 0.000000 0.458176 0.000000 0.484941 0.004250 0.488340 0.019876 0.488340 0.015970 0.464900
0 0.000000 0.947879 0.007762 0.941780 0.040817 0.945594 0.068786 0.921439 0.026832 0.913811 0.020475 0.911268 0.000134 0.930338 0.000000 0.930399
0 0.000000 0.866438 0.010305 0.865501 0.024289 0.854059 0.030646 0.842617 0.030646 0.834989 0.015390 0.829904 0.007762 0.824818 0.000000 0.824818
0 0.010305 0.621406 0.005220 0.631577 0.005220 0.644290 0.000000 0.642550 0.000000 0.652640 0.005220 0.653189 0.011576 0.662089 0.030646 0.658275 0.039545 0.651918 0.038274 0.639205 0.031917 0.631577 0.019204 0.629034
0 0.114554 0.735825 0.103112 0.735825 0.099298 0.745996 0.087856 0.748539 0.075143 0.745996 0.053530 0.745996 0.063700 0.753624 0.084042 0.759981 0.085313 0.772694 0.090398 0.791764 0.108197 0.794307 0.108197 0.810834 0.139980 0.810834 0.128538 0.794307 0.136166 0.794307 0.150151 0.781593 0.139980 0.781593 0.133623 0.779051 0.128538 0.768880 0.125995 0.768880 0.118368 0.761252 0.113282 0.761252 0.109468 0.753624 0.112011 0.748539 0.136166 0.747268 0.133623 0.745996 0.125995 0.723113 0.122182 0.719298 0.117096 0.719298 0.112011 0.725655
0 0.249314 0.687515 0.206089 0.693872 0.211174 0.707856 0.228973 0.714213 0.259485 0.714213 0.264570 0.706585 0.241686 0.705314 0.262027 0.698957 0.260756 0.691329
0 0.260756 0.673530 0.254399 0.723113 0.262027 0.735825 0.279826 0.733283 0.274741 0.719298 0.295082 0.707856 0.297625 0.695143 0.306524 0.692600 0.306524 0.684973 0.296353 0.684973 0.295082 0.687515 0.274741 0.678616
0 0.267113 0.646833 0.265841 0.657004 0.249314 0.657004 0.259485 0.670988 0.284911 0.673530 0.295082 0.663360 0.295082 0.651918 0.305252 0.644290 0.297625 0.637934 0.291268 0.646833
0 0.417129 0.665903 0.419672 0.692600 0.452726 0.728198 0.452726 0.702771 0.455269 0.702771 0.473068 0.687515 0.473068 0.684973 0.466711 0.679887 0.452726 0.679887 0.451455 0.687515 0.437470 0.676073 0.428571 0.665903
0 0.175781 0.804688 0.187500 0.804688 0.191406 0.804688 0.207031 0.828125 0.210938 0.832031 0.210938 0.925781 0.210938 0.929688 0.199219 0.964844 0.195312 0.968750 0.183594 0.968750 0.179688 0.968750 0.132812 0.949219 0.128906 0.949219 0.117188 0.937500 0.113281 0.933594 0.082031 0.917969 0.078125 0.914062 0.078125 0.902344 0.078125 0.898438 0.093750 0.878906 0.093750 0.875000 0.175781 0.804688
0 0.254399 0.903641 0.260756 0.920168 0.256942 0.944323 0.268384 0.939237 0.265841 0.969750 0.263299 0.972292 0.255671 0.968478 0.231516 0.962121 0.217531 0.930338 0.211174 0.927796 0.208632 0.898555 0.230244 0.898555 0.244229 0.894741
0 0.387889 0.934152 0.378989 0.931610 0.376446 0.939237 0.391703 0.958307 0.367547 0.958307 0.347206 0.967207 0.356105 0.995176 0.363733 0.990091 0.384791 1.000000 0.385782 1.000000 0.398059 0.992633 0.408230 0.972292 0.408230 0.963393 0.414586 0.962121 0.415858 0.959579 0.413315 0.958307 0.412044 0.951951
0 0.375175 0.889656 0.415858 0.879486 0.418400 0.857873 0.413315 0.856602 0.412044 0.836260 0.400602 0.819733 0.392974 0.827361 0.390431 0.843888 0.377718 0.842617 0.368819 0.845160 0.371361 0.859144 0.365005 0.859144 0.361191 0.852788 0.338307 0.852788 0.337036 0.868043 0.363733 0.873129 0.375175 0.884571
0 0.376446 0.807020 0.356105 0.815919 0.343392 0.824818 0.357377 0.848973 0.376446 0.836260 0.386617 0.818462
0 0.529006 0.800663 0.509936 0.796849 0.499765 0.815919 0.517564 0.838803 0.539176 0.837532 0.542990 0.813377
0 0.363733 0.937966 0.361191 0.934152 0.343392 0.939237 0.338307 0.950680 0.325594 0.951951 0.325594 0.955765 0.330679 0.957036 0.343392 0.967207 0.366276 0.957036 0.396788 0.960850 0.378989 0.939237
0 0.422214 0.843888 0.429842 0.864229 0.456540 0.875671 0.465439 0.876943 0.465439 0.860416 0.493409 0.860416 0.504850 0.870586 0.507393 0.854059 0.506122 0.821004 0.483238 0.826090 0.474339 0.833718 0.450184 0.837532 0.438741 0.837532
0 0.748945 0.641748 0.701906 0.643019 0.691736 0.651918 0.687921 0.684973 0.687921 0.702771 0.701906 0.707856 0.699363 0.696414 0.728604 0.696414 0.732418 0.702771 0.734961 0.702771 0.752759 0.682430 0.756573 0.662089
0 0.686650 0.630305 0.673937 0.649375 0.673937 0.657004 0.667580 0.646833 0.651053 0.651918 0.645968 0.667174 0.667580 0.667174 0.662495 0.697686 0.687921 0.710399 0.687921 0.686244 0.693007 0.651918 0.705720 0.641748 0.696821 0.634120
0 0.740046 0.716756 0.737503 0.726926 0.741317 0.751082 0.742588 0.753624 0.757845 0.763795 0.761658 0.784136 0.771829 0.786679 0.773100 0.772694 0.780728 0.776508 0.790899 0.768880 0.784542 0.759981 0.774371 0.751082 0.775643 0.737097 0.769286 0.728198 0.754030 0.719298
0 0.648510 0.834989 0.676480 0.841346 0.680293 0.845160 0.682836 0.845160 0.733689 0.822276 0.742588 0.810834 0.732418 0.801934 0.751488 0.807020 0.752759 0.809562 0.764201 0.814648 0.773100 0.814648 0.760387 0.780322 0.740046 0.780322 0.740046 0.782864 0.718433 0.794307 0.717162 0.807020 0.691736 0.809562 0.684107 0.804477 0.675208 0.809562 0.679022 0.818462 0.666309 0.818462 0.665037 0.796849 0.649782 0.790493 0.649782 0.795578
0 0.644531 0.847656 0.667969 0.851562 0.671875 0.851562 0.687500 0.875000 0.691406 0.878906 0.691406 0.894531 0.691406 0.898438 0.679688 0.933594 0.679688 0.937500 0.621094 0.980469 0.617188 0.980469 0.597656 0.960938 0.593750 0.957031 0.593750 0.925781 0.593750 0.921875 0.601562 0.906250 0.601562 0.902344 0.644531 0.847656
0 0.579859 0.957036 0.579859 0.974835 0.597657 0.987548 0.600200 0.987548 0.614184 0.979920 0.614184 0.973564 0.597657 0.959579 0.595115 0.949408
0 0.558246 0.943052 0.549347 0.962121 0.564603 0.979920 0.576045 0.983734 0.579859 0.974835 0.581130 0.944323 0.569688 0.943052
0 0.827767 0.882028 0.887520 0.856602 0.883705 0.843888 0.872264 0.840074 0.837938 0.834989 0.839209 0.852788 0.831581 0.870586
0 1.000000 0.754596 1.000000 0.732012 0.976513 0.732012
0 0.962528 0.651918 0.987954 0.665903 0.998125 0.667174 1.000000 0.666649 1.000000 0.607657 0.979055 0.615050 0.979055 0.631577 0.987954 0.632848 0.987954 0.627763 1.000000 0.627054 1.000000 0.646833 0.986683 0.646833 0.973970 0.641748 0.970156 0.636662 0.954900 0.640476 0.953629 0.646833
0 0.917032 0.710266 0.905097 0.701314 0.893162 0.698330 0.873767 0.698330 0.860339 0.704298 0.875259 0.720709 0.911065 0.725185 0.903605 0.731153 0.911065 0.737120 0.915541 0.734136
0 1.000000 1.000000 0.624589 1.000000 0.628906 0.972656 0.632812 0.968750 0.761719 0.906250 0.765625 0.902344 0.808594 0.890625 0.812500 0.890625 0.863281 0.859375 0.867188 0.855469 0.878906 0.855469 0.882812 0.855469 0.957031 0.828125 0.960938 0.824219 1.000000 0.818359
0 0.468750 0.976562 0.539062 0.980469 0.542969 0.980469 0.562500 1.000000 0.562500 1.000000 0.460938 1.000000 0.460938 1.000000 0.460938 0.988281 0.460938 0.984375 0.468750 0.976562
0 0.410156 0.980469 0.464844 0.988281 0.468750 0.988281 0.473145 1.000000 0.402344 1.000000 0.402344 1.000000 0.410156 0.980469
0 0.070312 0.937500 0.093750 0.953125 0.097656 0.953125 0.140625 0.992188 0.144531 0.996094 0.150000 1.000000 0.051809 1.000000 0.046875 0.953125 0.046875 0.949219 0.070312 0.937500
0 0.191114 1.000000 0.187762 0.986590 0.166312 0.976840 0.160462 0.998290 0.162782 1.000000
