0 0.691406 0.437500 0.750000 0.437500 0.753906 0.437500 0.761719 0.449219 0.761719 0.453125 0.738281 0.550781 0.738281 0.554688 0.710938 0.621094 0.707031 0.625000 0.703125 0.664062 0.703125 0.667969 0.675781 0.730469 0.675781 0.734375 0.667969 0.742188 0.664062 0.746094 0.644531 0.746094 0.640625 0.746094 0.617188 0.730469 0.613281 0.726562 0.574219 0.710938 0.570312 0.707031 0.535156 0.707031 0.531250 0.707031 0.511719 0.683594 0.507812 0.679688 0.507812 0.625000 0.507812 0.621094 0.515625 0.605469 0.515625 0.601562 0.550781 0.570312 0.554688 0.566406 0.582031 0.523438 0.582031 0.519531 0.636719 0.453125 0.640625 0.449219 0.691406 0.437500
0 1.000000 0.628906 0.980469 0.589844 0.976562 0.585938 0.972656 0.550781 0.968750 0.546875 0.976562 0.527344 0.976562 0.523438 0.964844 0.519531 0.960938 0.515625 0.964844 0.480469 0.964844 0.476562 1.000000 0.441406
0 0.984375 0.617188 0.996094 0.625000 1.000000 0.628906 0.996094 0.687500 0.996094 0.691406 0.988281 0.699219 0.984375 0.703125 0.949219 0.707031 0.945312 0.707031 0.933594 0.695312 0.929688 0.691406 0.925781 0.667969 0.921875 0.664062 0.925781 0.656250 0.925781 0.652344 0.949219 0.640625 0.953125 0.640625 0.984375 0.617188
0 0.902344 0.628906 0.917969 0.644531 0.921875 0.648438 0.929688 0.695312 0.933594 0.699219 0.933594 0.703125 0.929688 0.707031 0.921875 0.707031 0.917969 0.710938 0.882812 0.707031 0.878906 0.707031 0.855469 0.687500 0.851562 0.683594 0.855469 0.648438 0.855469 0.644531 0.902344 0.628906
0 0.746094 0.566406 0.847656 0.644531 0.851562 0.648438 0.855469 0.660156 0.855469 0.664062 0.847656 0.679688 0.847656 0.683594 0.812500 0.695312 0.808594 0.695312 0.781250 0.667969 0.777344 0.664062 0.718750 0.640625 0.714844 0.636719 0.714844 0.625000 0.714844 0.621094 0.730469 0.582031 0.730469 0.578125 0.746094 0.566406
0 0.765625 0.667969 0.777344 0.671875 0.781250 0.671875 0.800781 0.695312 0.804688 0.699219 0.812500 0.722656 0.816406 0.726562 0.816406 0.753906 0.816406 0.757812 0.808594 0.769531 0.804688 0.773438 0.785156 0.785156 0.781250 0.789062 0.746094 0.792969 0.742188 0.792969 0.726562 0.777344 0.726562 0.773438 0.742188 0.750000 0.746094 0.746094 0.746094 0.687500 0.746094 0.683594 0.765625 0.667969
0 0.804688 0.378906 0.875000 0.378906 0.878906 0.378906 0.933594 0.406250 0.937500 0.410156 0.898438 0.457031 0.894531 0.460938 0.832031 0.464844 0.828125 0.464844 0.769531 0.429688 0.765625 0.429688 0.765625 0.414062 0.765625 0.410156 0.777344 0.398438 0.777344 0.394531 0.804688 0.378906
0 0.878906 0.308594 0.910156 0.308594 0.914062 0.308594 0.933594 0.324219 0.937500 0.328125 0.957031 0.375000 0.960938 0.378906 0.960938 0.390625 0.960938 0.394531 0.953125 0.406250 0.949219 0.410156 0.929688 0.410156 0.925781 0.410156 0.882812 0.375000 0.878906 0.375000 0.882812 0.351562 0.882812 0.347656 0.871094 0.324219 0.867188 0.320312 0.867188 0.316406 0.867188 0.312500 0.878906 0.308594
0 0.703125 0.390625 0.765625 0.394531 0.769531 0.394531 0.757812 0.421875 0.757812 0.425781 0.742188 0.433594 0.738281 0.437500 0.656250 0.441406 0.652344 0.441406 0.652344 0.437500 0.652344 0.433594 0.703125 0.390625
0 0.710938 0.207031 0.726562 0.210938 0.730469 0.210938 0.734375 0.218750 0.738281 0.222656 0.730469 0.300781 0.730469 0.304688 0.714844 0.328125 0.714844 0.332031 0.664062 0.386719 0.660156 0.390625 0.628906 0.394531 0.625000 0.394531 0.597656 0.371094 0.593750 0.371094 0.589844 0.355469 0.589844 0.351562 0.597656 0.339844 0.597656 0.335938 0.632812 0.300781 0.636719 0.296875 0.636719 0.281250 0.636719 0.277344 0.644531 0.261719 0.644531 0.257812 0.675781 0.226562 0.679688 0.222656 0.710938 0.207031
0 1.000000 0.000000 1.000000 0.040264 0.953125 0.007812 0.949219 0.003906 0.949707 0.000000
0 0.769531 0.003906 0.785156 0.003906 0.789062 0.003906 0.796875 0.023438 0.796875 0.027344 0.816406 0.050781 0.820312 0.054688 0.824219 0.074219 0.824219 0.078125 0.804688 0.089844 0.800781 0.093750 0.792969 0.093750 0.789062 0.093750 0.781250 0.085938 0.777344 0.082031 0.757812 0.046875 0.753906 0.042969 0.753906 0.031250 0.753906 0.027344 0.769531 0.003906
0 0.769531 0.000000 0.761719 0.007812 0.757812 0.011719 0.734375 0.000000
0 1.000000 0.000000 1.000000 0.062500 0.988281 0.074219 0.988281 0.078125 0.914062 0.113281 0.910156 0.113281 0.886719 0.140625 0.882812 0.144531 0.867188 0.148438 0.863281 0.152344 0.812500 0.148438 0.808594 0.148438 0.804688 0.140625 0.800781 0.136719 0.800781 0.113281 0.800781 0.109375 0.808594 0.097656 0.808594 0.093750 0.859375 0.066406 0.863281 0.066406 0.925781 0.023438 0.929688 0.023438 0.941406 0.007812 0.945312 0.003906 0.946181 0.000000
0 0.472656 0.511719 0.562500 0.515625 0.566406 0.519531 0.566406 0.535156 0.566406 0.539062 0.554688 0.558594 0.554688 0.562500 0.503906 0.613281 0.500000 0.617188 0.480469 0.609375 0.476562 0.605469 0.468750 0.542969 0.464844 0.539062 0.464844 0.523438 0.464844 0.519531 0.472656 0.511719
0 0.457031 0.617188 0.472656 0.621094 0.476562 0.625000 0.496094 0.660156 0.500000 0.664062 0.511719 0.699219 0.515625 0.703125 0.511719 0.718750 0.511719 0.722656 0.496094 0.738281 0.496094 0.742188 0.476562 0.750000 0.472656 0.753906 0.449219 0.750000 0.445312 0.750000 0.441406 0.746094 0.437500 0.742188 0.437500 0.722656 0.433594 0.718750 0.433594 0.644531 0.433594 0.640625 0.457031 0.617188
0 0.906250 0.906250 0.929688 0.917969 0.933594 0.921875 0.953125 0.921875 0.957031 0.921875 0.972656 0.929688 0.976562 0.929688 0.996094 0.945312 1.000000 0.949219 1.000000 0.949219 1.000000 1.000000 0.946801 1.000000 0.945312 0.992188 0.945312 0.988281 0.917969 0.968750 0.914062 0.968750 0.894531 0.945312 0.890625 0.941406 0.890625 0.933594 0.890625 0.929688 0.906250 0.906250
0 0.097656 0.378906 0.246094 0.406250 0.250000 0.406250 0.257812 0.421875 0.257812 0.425781 0.226562 0.460938 0.222656 0.464844 0.074219 0.460938 0.070312 0.460938 0.058594 0.453125 0.054688 0.449219 0.050781 0.437500 0.046875 0.433594 0.046875 0.406250 0.046875 0.402344 0.054688 0.394531 0.058594 0.390625 0.097656 0.378906
0 0.257812 0.429688 0.292969 0.437500 0.296875 0.437500 0.316406 0.449219 0.320312 0.449219 0.324219 0.460938 0.328125 0.464844 0.320312 0.500000 0.320312 0.503906 0.308594 0.515625 0.304688 0.519531 0.273438 0.535156 0.269531 0.539062 0.261719 0.539062 0.257812 0.539062 0.238281 0.523438 0.234375 0.519531 0.226562 0.488281 0.222656 0.484375 0.222656 0.468750 0.222656 0.464844 0.257812 0.429688
0 0.222656 0.519531 0.253906 0.535156 0.257812 0.539062 0.296875 0.542969 0.296875 0.546875 0.269531 0.578125 0.265625 0.582031 0.222656 0.582031 0.218750 0.582031 0.207031 0.566406 0.203125 0.562500 0.207031 0.546875 0.207031 0.542969 0.222656 0.519531
0 0.203125 0.074219 0.222656 0.078125 0.226562 0.082031 0.238281 0.171875 0.238281 0.175781 0.207031 0.187500 0.203125 0.191406 0.164062 0.195312 0.160156 0.195312 0.128906 0.167969 0.125000 0.164062 0.050781 0.164062 0.046875 0.160156 0.050781 0.144531 0.050781 0.140625 0.078125 0.121094 0.082031 0.117188 0.117188 0.101562 0.121094 0.097656 0.164062 0.089844 0.167969 0.089844 0.203125 0.074219
0 0.089844 0.000000 0.089844 0.000000 0.117188 0.023438 0.121094 0.027344 0.121094 0.046875 0.121094 0.050781 0.101562 0.082031 0.101562 0.085938 0.089844 0.093750 0.085938 0.097656 0.074219 0.097656 0.070312 0.097656 0.039062 0.082031 0.035156 0.082031 0.027344 0.074219 0.023438 0.070312 0.011719 0.031250 0.011719 0.027344 0.003906 0.019531 0.000000 0.019531 0.000000 0.000000
0 0.311523 0.000000 0.316406 0.003906 0.320312 0.003906 0.324219 0.015625 0.324219 0.019531 0.253906 0.027344 0.250000 0.027344 0.250000 0.019531 0.250000 0.015625 0.267857 0.000000
0 0.359375 0.320312 0.429688 0.324219 0.433594 0.324219 0.445312 0.332031 0.449219 0.332031 0.449219 0.347656 0.449219 0.351562 0.363281 0.363281 0.359375 0.363281 0.355469 0.359375 0.351562 0.355469 0.351562 0.335938 0.351562 0.332031 0.359375 0.320312
0 0.167969 0.277344 0.191406 0.277344 0.195312 0.277344 0.214844 0.285156 0.218750 0.289062 0.222656 0.328125 0.222656 0.332031 0.214844 0.343750 0.210938 0.347656 0.187500 0.343750 0.183594 0.343750 0.164062 0.320312 0.160156 0.316406 0.160156 0.289062 0.160156 0.285156 0.167969 0.277344
0 0.273438 0.679688 0.296875 0.683594 0.300781 0.687500 0.296875 0.789062 0.296875 0.792969 0.285156 0.792969 0.281250 0.792969 0.250000 0.769531 0.246094 0.765625 0.246094 0.742188 0.246094 0.738281 0.273438 0.679688
0 0.324219 0.640625 0.343750 0.644531 0.347656 0.648438 0.320312 0.675781 0.316406 0.679688 0.250000 0.675781 0.246094 0.675781 0.226562 0.664062 0.222656 0.660156 0.261719 0.656250 0.265625 0.656250 0.273438 0.652344 0.277344 0.648438 0.324219 0.640625
0 0.023438 0.429688 0.042969 0.429688 0.046875 0.429688 0.050781 0.441406 0.050781 0.445312 0.058594 0.449219 0.062500 0.453125 0.058594 0.460938 0.054688 0.464844 0.058594 0.492188 0.054688 0.496094 0.046875 0.496094 0.042969 0.496094 0.003906 0.464844 0.000000 0.464844 0.000000 0.441406 0.000000 0.437500 0.023438 0.429688
0 0.863218 0.014659 0.861280 0.006907 0.868187 0.000000 0.949459 0.000000 0.949459 0.009814 0.947521 0.019504 0.941707 0.029194 0.905854 0.028225 0.898102 0.026287 0.880660 0.016597 0.870970 0.015628
0 0.868063 0.057295 0.869032 0.036946 0.872908 0.028225 0.878722 0.023380 0.900040 0.024349 0.903916 0.028225 0.906823 0.041791 0.906823 0.048574 0.902947 0.055357 0.897133 0.060202 0.874846 0.061171
0 0.841900 0.043729 0.834148 0.042760 0.823489 0.037915 0.819613 0.028225 0.812830 0.020473 0.810892 0.004000 0.811150 0.000000 0.839055 0.000000 0.830272 0.017566 0.830272 0.023380 0.844807 0.035977
0 0.837055 0.016597 0.837055 0.000000 0.874579 0.000000 0.874846 0.003031 0.869032 0.004000 0.862533 0.000000 0.854497 0.000000 0.854497 0.013690 0.857404 0.029194 0.862249 0.037915 0.861280 0.042760 0.848683 0.044698 0.838993 0.043729 0.832210 0.033070 0.831241 0.024349
0 0.684922 0.034039 0.680077 0.040822 0.668449 0.041791 0.657790 0.035008 0.651976 0.026287 0.651976 0.017566 0.666196 0.000000 0.689097 0.000000 0.690736 0.001093 0.704302 0.001093 0.710116 0.003031 0.709147 0.014659 0.704302 0.023380 0.692674 0.035008
0 0.625813 0.011752 0.616123 0.008845 0.614741 0.000000 0.650722 0.000000 0.649069 0.003031 0.645193 0.005938 0.634534 0.008845
0 0.516316 0.011752 0.508564 0.008845 0.503719 0.002062 0.501520 0.000000 0.532789 0.000000 0.532789 0.001093 0.524068 0.007876
0 0.801202 0.341212 0.793450 0.342181 0.787636 0.330553 0.786667 0.321832 0.786667 0.310204 0.800233 0.292762 0.819613 0.305359 0.830272 0.316018 0.830272 0.321832 0.824458 0.327646 0.808954 0.335398
0 0.747907 0.258847 0.738217 0.254002 0.731434 0.246250 0.731434 0.236560 0.733372 0.230746 0.740155 0.220087 0.744031 0.207490 0.745969 0.206521 0.754690 0.209428 0.756628 0.213304 0.757597 0.224932 0.770194 0.231715 0.774070 0.238498 0.772132 0.251095 0.766318 0.255940 0.756628 0.258847
0 0.708178 0.191017 0.700426 0.180358 0.698488 0.174544 0.698488 0.164854 0.703333 0.160009 0.716899 0.159040 0.721744 0.160978 0.735310 0.174544 0.740155 0.185203 0.740155 0.189079 0.732403 0.191986 0.716899 0.192955
0 0.580270 0.350902 0.572518 0.350902 0.567673 0.348964 0.558952 0.336367 0.559921 0.327646 0.564766 0.320863 0.565735 0.314080 0.569611 0.309235 0.578332 0.304390 0.587053 0.304390 0.594805 0.315049 0.595774 0.329584 0.586084 0.344119
0 0.578332 0.291793 0.581239 0.281134 0.587053 0.273382 0.595774 0.272413 0.608371 0.279196 0.616123 0.272413 0.626782 0.266599 0.645193 0.246250 0.651007 0.247219 0.653914 0.250126 0.652945 0.279196 0.647131 0.288886 0.637441 0.294700 0.630658 0.294700 0.624844 0.298576 0.621937 0.320863 0.616123 0.329584 0.600619 0.330553 0.591898 0.325708 0.588991 0.321832 0.588022 0.313111 0.585115 0.306328 0.579301 0.300514
0 0.253717 0.227839 0.245965 0.229777 0.238213 0.225901 0.231430 0.207490 0.238213 0.191986 0.238213 0.185203 0.231430 0.171637 0.230461 0.160978 0.240151 0.154195 0.258562 0.152257 0.264376 0.160009 0.269221 0.185203 0.269221 0.211366 0.262438 0.224932
0 0.196546 0.065047 0.185887 0.066016 0.177166 0.060202 0.180073 0.050512 0.191701 0.032101 0.215926 0.028225 0.218833 0.046636 0.212050 0.059233 0.205267 0.062140
0 0.246934 0.298576 0.235306 0.288886 0.232399 0.283072 0.232399 0.271444 0.239182 0.256909 0.243058 0.255940 0.249841 0.256909 0.256624 0.260785 0.265345 0.270475 0.268252 0.277258 0.270190 0.287917 0.262438 0.294700 0.254686 0.298576
0 0.421354 0.573771 0.421354 0.543733 0.428137 0.537919 0.431044 0.537919 0.437827 0.532105 0.445579 0.529198 0.451393 0.529198 0.457207 0.533073 0.461083 0.547609 0.461083 0.556330 0.454300 0.564082 0.429106 0.573771
0 0.342865 0.905170 0.348679 0.895480 0.348679 0.882882 0.344803 0.875130 0.342865 0.865441 0.343834 0.847998 0.348679 0.846061 0.371935 0.844123 0.405850 0.866409 0.406819 0.871255 0.408757 0.872223 0.409726 0.902262 0.403912 0.907107 0.368059 0.915829 0.345772 0.915829 0.343834 0.912921
0 0.359338 0.813114 0.354493 0.803425 0.335113 0.796641 0.334144 0.781137 0.364183 0.780169 0.385501 0.762727 0.389377 0.762727 0.390346 0.769510 0.390346 0.779200 0.387439 0.784045 0.386470 0.792766 0.386470 0.816021 0.379687 0.823773 0.360307 0.822805
0 0.272128 0.935209 0.252748 0.924550 0.241120 0.921643 0.239182 0.919705 0.239182 0.903232 0.268252 0.902262 0.272128 0.904200 0.285694 0.917766 0.285694 0.923580 0.280849 0.932302
0 0.281818 0.949743 0.274066 0.947805 0.262438 0.931332 0.246934 0.940054 0.240151 0.942961 0.232399 0.949743 0.224647 0.952650 0.222709 0.956527 0.223678 0.960402 0.238213 0.963309 0.256624 0.963309 0.272128 0.960402 0.276004 0.957496
0 0.041506 0.814084 0.023095 0.791796 0.017281 0.787921 0.014374 0.787921 0.010498 0.783075 0.001777 0.779200 0.000000 0.773386 0.000000 0.768541 0.000000 0.745285 0.018250 0.744316 0.024064 0.745285 0.027940 0.749161 0.030847 0.753037 0.031816 0.763696 0.036661 0.776293 0.041506 0.781137 0.047320 0.792766 0.047320 0.807300
0 0.000808 0.736564 0.046351 0.736564 0.049258 0.730750 0.050227 0.708462 0.044413 0.704587 0.034723 0.701680 0.026002 0.694896 0.009529 0.687145 0.000000 0.687145
0 0.067669 0.682300 0.057979 0.681330 0.049258 0.677455 0.039568 0.662920 0.045382 0.639664 0.053134 0.624160 0.061855 0.617377 0.066700 0.616407 0.078328 0.617377 0.085111 0.624160 0.087049 0.629973 0.085111 0.672610 0.075421 0.681330
