0 0.492188 0.441406 0.507812 0.441406 0.511719 0.441406 0.539062 0.453125 0.542969 0.457031 0.613281 0.460938 0.617188 0.460938 0.691406 0.476562 0.695312 0.476562 0.738281 0.503906 0.742188 0.507812 0.800781 0.527344 0.804688 0.527344 0.812500 0.578125 0.812500 0.582031 0.792969 0.589844 0.789062 0.593750 0.769531 0.593750 0.765625 0.593750 0.750000 0.574219 0.746094 0.570312 0.726562 0.570312 0.722656 0.570312 0.671875 0.625000 0.667969 0.628906 0.644531 0.644531 0.640625 0.648438 0.597656 0.660156 0.593750 0.664062 0.558594 0.667969 0.554688 0.667969 0.519531 0.644531 0.515625 0.640625 0.515625 0.585938 0.515625 0.582031 0.511719 0.574219 0.507812 0.550855 0.502579 0.583284 0.492505 0.584407 0.492188 0.566406 0.475737 0.537222 0.458232 0.545148 0.440628 0.539389 0.427582 0.525617 0.432941 0.507812 0.464844 0.484375 0.464844 0.480469 0.492188 0.441406
0 0.196615 0.000000 0.195312 0.011719 0.195312 0.015625 0.164062 0.046875 0.160156 0.050781 0.144531 0.054688 0.140625 0.054688 0.125000 0.046875 0.121094 0.046875 0.121094 0.019531 0.121094 0.015625 0.132812 0.000000 0.132812 0.000000
0 0.128906 0.398438 0.152344 0.398438 0.156250 0.398438 0.175781 0.429688 0.179688 0.433594 0.175781 0.476562 0.175781 0.480469 0.167969 0.492188 0.167969 0.496094 0.152344 0.507812 0.148438 0.511719 0.125000 0.511719 0.121094 0.511719 0.097656 0.503906 0.093750 0.503906 0.085938 0.488281 0.082031 0.484375 0.070312 0.433594 0.066406 0.429688 0.070312 0.421875 0.074219 0.417969 0.097656 0.414062 0.101562 0.414062 0.128906 0.398438
0 0.003906 0.113281 0.015625 0.121094 0.019531 0.125000 0.019531 0.152344 0.019531 0.156250 0.011719 0.164062 0.007812 0.167969 0.007812 0.187500 0.003906 0.191406 0.007812 0.210938 0.007812 0.214844 0.000000 0.242188 0.000000 0.242188 0.000000 0.115885 0.003906 0.113281
0 0.277344 0.492188 0.289062 0.492188 0.292969 0.492188 0.316406 0.511719 0.320312 0.515625 0.328125 0.546875 0.324219 0.550781 0.273438 0.550781 0.269531 0.550781 0.265625 0.527344 0.265625 0.523438 0.277344 0.492188
0 0.941406 0.019531 0.968750 0.023438 0.972656 0.023438 0.980469 0.035156 0.984375 0.039062 0.980469 0.054688 0.980469 0.058594 0.953125 0.082031 0.949219 0.085938 0.941406 0.101562 0.941406 0.105469 0.933594 0.109375 0.929688 0.113281 0.875000 0.109375 0.871094 0.109375 0.859375 0.085938 0.855469 0.082031 0.863281 0.070312 0.863281 0.066406 0.875000 0.054688 0.878906 0.050781 0.941406 0.019531
0 0.000000 0.501953 0.019531 0.500000 0.023438 0.500000 0.027344 0.515625 0.027344 0.519531 0.015625 0.531250 0.011719 0.535156 0.000000 0.537287
0 0.835938 0.597656 0.851562 0.601562 0.855469 0.605469 0.863281 0.632812 0.863281 0.636719 0.910156 0.667969 0.914062 0.667969 0.921875 0.675781 0.925781 0.679688 0.921875 0.687500 0.917969 0.691406 0.839844 0.707031 0.835938 0.707031 0.832031 0.621094 0.828125 0.617188 0.828125 0.609375 0.828125 0.605469 0.835938 0.597656
0 0.683594 0.714844 0.726562 0.718750 0.730469 0.718750 0.746094 0.730469 0.750000 0.734375 0.746094 0.753906 0.746094 0.757812 0.730469 0.777344 0.726562 0.781250 0.707031 0.828125 0.703125 0.832031 0.691406 0.832031 0.687500 0.832031 0.675781 0.816406 0.671875 0.812500 0.671875 0.750000 0.671875 0.746094 0.683594 0.714844
0 0.601562 0.730469 0.652344 0.746094 0.656250 0.746094 0.656250 0.757812 0.656250 0.761719 0.644531 0.789062 0.644531 0.792969 0.609375 0.792969 0.605469 0.792969 0.582031 0.773438 0.578125 0.769531 0.578125 0.750000 0.578125 0.746094 0.601562 0.730469
0 0.429688 0.820312 0.445312 0.824219 0.449219 0.824219 0.453125 0.847656 0.457031 0.851562 0.453125 0.917969 0.453125 0.921875 0.445312 0.925781 0.441406 0.929688 0.417969 0.925781 0.414062 0.925781 0.402344 0.902344 0.398438 0.898438 0.398438 0.878906 0.398438 0.875000 0.402344 0.867188 0.406250 0.863281 0.417969 0.859375 0.421875 0.855469 0.429688 0.820312
0 0.285156 0.597656 0.300781 0.597656 0.304688 0.597656 0.316406 0.605469 0.320312 0.609375 0.339844 0.613281 0.343750 0.613281 0.351562 0.617188 0.355469 0.621094 0.355469 0.632812 0.359375 0.636719 0.351562 0.656250 0.351562 0.660156 0.300781 0.710938 0.296875 0.714844 0.285156 0.718750 0.281250 0.722656 0.269531 0.718750 0.265625 0.718750 0.261719 0.710938 0.257812 0.707031 0.257812 0.675781 0.253906 0.671875 0.250000 0.675781 0.246094 0.679688 0.226562 0.683594 0.222656 0.683594 0.203125 0.718750 0.199219 0.722656 0.152344 0.726562 0.148438 0.730469 0.136719 0.726562 0.132812 0.722656 0.128906 0.707031 0.128906 0.703125 0.136719 0.695312 0.140625 0.691406 0.156250 0.683594 0.160156 0.679688 0.179688 0.679688 0.183594 0.679688 0.207031 0.660156 0.210938 0.660156 0.238281 0.628906 0.242188 0.625000 0.285156 0.597656
0 0.019531 0.726562 0.148438 0.738281 0.152344 0.738281 0.179688 0.757812 0.183594 0.761719 0.187500 0.789062 0.187500 0.792969 0.167969 0.808594 0.164062 0.812500 0.121094 0.812500 0.117188 0.812500 0.042969 0.792969 0.039062 0.792969 0.011719 0.773438 0.007812 0.769531 0.007812 0.742188 0.007812 0.738281 0.019531 0.726562
0 0.218750 0.882812 0.257812 0.886719 0.261719 0.886719 0.281250 0.906250 0.285156 0.910156 0.312500 0.917969 0.316406 0.917969 0.328125 0.929688 0.328125 0.933594 0.281250 0.949219 0.277344 0.953125 0.257812 0.953125 0.253906 0.953125 0.214844 0.964844 0.210938 0.964844 0.199219 0.957031 0.195312 0.953125 0.191406 0.937500 0.191406 0.933594 0.226562 0.921875 0.230469 0.917969 0.210938 0.906250 0.207031 0.902344 0.207031 0.894531 0.207031 0.890625 0.218750 0.882812
0 0.613281 0.929688 0.628906 0.933594 0.632812 0.933594 0.640625 0.941406 0.644531 0.945312 0.652344 0.972656 0.656250 0.976562 0.652344 0.988281 0.652344 0.992188 0.640625 0.992188 0.636719 0.992188 0.597656 0.964844 0.593750 0.960938 0.597656 0.945312 0.597656 0.941406 0.613281 0.929688
0 0.640625 0.882812 0.656250 0.882812 0.660156 0.882812 0.656250 0.917969 0.652344 0.921875 0.644531 0.921875 0.640625 0.917969 0.636719 0.902344 0.632812 0.898438 0.640625 0.882812
0 0.203125 0.332031 0.214844 0.335938 0.218750 0.335938 0.238281 0.351562 0.242188 0.355469 0.246094 0.371094 0.246094 0.375000 0.238281 0.386719 0.234375 0.390625 0.214844 0.386719 0.210938 0.386719 0.207031 0.371094 0.203125 0.367188 0.203125 0.332031
0 0.842879 0.103352 0.807232 0.082384 0.807232 0.063512 0.819814 0.063512 0.819814 0.055125 0.815620 0.048834 0.811426 0.029963 0.847072 0.015286 0.865944 0.011092 0.865944 0.086577 0.859653 0.092868
0 0.792555 0.153676 0.786264 0.130611 0.786264 0.111739 0.790458 0.111739 0.794652 0.097061 0.786264 0.080287 0.773683 0.069803 0.773683 0.061416 0.786264 0.053028 0.773683 0.057222 0.761102 0.057222 0.748521 0.046738 0.742231 0.065609 0.719166 0.090771 0.719166 0.099158 0.735941 0.107546 0.740134 0.149482 0.746425 0.155773 0.773683 0.162063
0 0.964844 0.902344 0.972656 0.910156 0.976562 0.914062 0.976562 0.964844 0.976562 0.968750 0.960938 0.992188 0.957031 0.996094 0.925781 1.000000 0.921875 1.000000 0.917969 0.988281 0.914062 0.984375 0.914062 0.957031 0.914062 0.953125 0.964844 0.902344
0 0.343750 0.718750 0.382812 0.726562 0.386719 0.726562 0.406250 0.738281 0.410156 0.742188 0.410156 0.761719 0.410156 0.765625 0.402344 0.765625 0.398438 0.765625 0.378906 0.796875 0.375000 0.800781 0.355469 0.800781 0.351562 0.800781 0.339844 0.785156 0.335938 0.781250 0.332031 0.738281 0.332031 0.734375 0.343750 0.718750
0 0.902344 0.718750 0.945312 0.734375 0.949219 0.734375 0.960938 0.753906 0.964844 0.757812 0.960938 0.800781 0.957031 0.804688 0.933594 0.804688 0.929688 0.804688 0.898438 0.792969 0.894531 0.789062 0.890625 0.777344 0.890625 0.773438 0.902344 0.718750
0 0.968750 0.816406 0.988281 0.816406 0.992188 0.820312 0.984375 0.839844 0.980469 0.843750 0.937500 0.859375 0.933594 0.859375 0.910156 0.898438 0.906250 0.902344 0.894531 0.906250 0.890625 0.910156 0.863281 0.906250 0.859375 0.902344 0.867188 0.855469 0.871094 0.851562 0.894531 0.851562 0.898438 0.851562 0.968750 0.816406
0 0.887634 0.323063 0.870212 0.323063 0.852789 0.317561 0.848204 0.312059 0.848204 0.307475 0.851872 0.301055 0.857374 0.300139 0.881215 0.289135 0.892219 0.288218 0.895887 0.283633 0.899555 0.283633 0.905057 0.293720 0.905974 0.309309 0.903223 0.314810 0.899555 0.317561 0.894053 0.318478
0 0.884883 0.273546 0.876630 0.270795 0.873880 0.267127 0.871129 0.253373 0.873880 0.248788 0.883049 0.242369 0.891302 0.238701 0.900472 0.238701 0.901389 0.251539 0.896804 0.254290 0.888551 0.255207 0.885800 0.266211
0 0.549270 0.178180 0.540100 0.176346 0.525428 0.165343 0.505254 0.155256 0.499753 0.147920 0.497919 0.136000 0.522677 0.121328 0.527262 0.122245 0.538266 0.129581 0.569443 0.158007 0.570360 0.163509 0.568526 0.168094 0.556605 0.176346
0 0.125625 0.576149 0.116456 0.576149 0.109120 0.568813 0.110037 0.550473 0.119207 0.540387 0.127459 0.539470 0.135712 0.545889 0.140297 0.546806 0.145799 0.553225 0.145799 0.555975 0.135712 0.570647
0 0.087112 0.553225 0.077943 0.550473 0.066022 0.531217 0.053184 0.519296 0.054101 0.517463 0.060520 0.515629 0.077943 0.515629 0.103618 0.531217 0.109120 0.536719 0.110037 0.541304 0.096282 0.550473
0 0.069690 0.505542 0.048599 0.495455 0.039430 0.485368 0.037596 0.480783 0.037596 0.469780 0.041264 0.464278 0.055018 0.456942 0.071524 0.452357 0.080694 0.452357 0.084362 0.456942 0.084362 0.494538 0.077026 0.500040
0 0.307187 0.835654 0.296184 0.832903 0.291598 0.820065 0.293432 0.800809 0.298018 0.795307 0.305353 0.790722 0.328278 0.791639 0.335614 0.798058 0.340198 0.808145 0.338364 0.820065 0.324610 0.830152 0.315440 0.832903
0 0.000000 0.953638 0.000000 0.923445 0.011003 0.929186 0.015588 0.935604 0.015588 0.944774 0.004584 0.952110
0 0.114622 0.971366 0.095365 0.971366 0.089863 0.968616 0.086195 0.964030 0.085279 0.942023 0.087112 0.936521 0.091697 0.933770 0.128377 0.932854 0.135712 0.934687 0.151301 0.943857 0.158637 0.957612 0.159554 0.968616 0.156803 0.972284 0.145799 0.973200 0.132045 0.967698 0.122875 0.967698 0.108203 0.975034
0 0.532170 0.000000 0.535410 0.021064 0.539215 0.029434 0.541498 0.049218 0.537693 0.074330 0.540737 0.081939 0.571175 0.081939 0.578784 0.081178 0.584871 0.082700 0.594003 0.080417 0.590959 0.072047 0.590959 0.066720 0.579545 0.062155 0.576501 0.049218 0.578023 0.038565 0.574979 0.034761 0.586393 0.040087 0.597808 0.040848 0.603134 0.038565 0.606939 0.035521 0.610744 0.027151 0.610744 0.006605 0.613103 0.000000
0 0.234162 0.217805 0.230589 0.224057 0.214513 0.224057 0.208261 0.218698 0.208261 0.199049 0.210047 0.197263 0.215406 0.197263 0.229696 0.189225 0.233269 0.193690 0.236841 0.206194 0.241307 0.207980 0.243987 0.216912 0.242200 0.217805
0 0.664655 0.183866 0.664655 0.170469 0.654830 0.166896 0.673586 0.157071 0.683411 0.157964 0.684304 0.182973 0.678945 0.188331 0.670907 0.188331
0 0.527111 0.336592 0.514607 0.338379 0.511035 0.335699 0.508355 0.327661 0.502996 0.326768 0.496745 0.316943 0.500317 0.310691 0.500317 0.303546 0.502104 0.299973 0.523539 0.299973 0.528898 0.317836 0.529791 0.328554
0 0.608387 0.344630 0.579806 0.345523 0.577127 0.340165 0.577127 0.337486 0.579806 0.334806 0.584272 0.334806 0.592310 0.329447 0.592310 0.323195 0.594096 0.321409 0.605707 0.318729 0.608387 0.318729 0.609280 0.321409 0.609280 0.327661 0.605707 0.337486
0 0.592310 0.400005 0.577127 0.400005 0.566409 0.394646 0.556585 0.386608 0.555692 0.378570 0.558371 0.373211 0.564623 0.367852 0.575341 0.367852 0.582486 0.370532 0.583379 0.383036 0.587845 0.391073 0.586058 0.395539
0 0.716830 0.484401 0.722858 0.473852 0.722858 0.461797 0.718337 0.458784 0.718337 0.455770 0.713816 0.452756 0.712310 0.448236 0.704775 0.439194 0.692720 0.448236 0.682172 0.467825 0.685186 0.475359 0.694227 0.482894 0.704775 0.484401
0 0.748027 0.474937 0.741437 0.474388 0.740339 0.472192 0.740339 0.469446 0.737044 0.465602 0.735396 0.460659 0.735396 0.458463 0.737593 0.455717 0.743634 0.450775 0.747478 0.448578 0.759010 0.443636 0.771641 0.443086 0.776034 0.440341 0.778780 0.436496 0.780427 0.435398 0.791410 0.435398 0.793058 0.436496 0.795254 0.438693 0.795254 0.446930 0.793058 0.451873 0.787017 0.457914 0.784271 0.461758 0.779329 0.466151 0.770542 0.467250 0.765051 0.467250 0.762305 0.468348 0.760108 0.469446 0.755715 0.476036 0.751871 0.477684
0 0.757362 0.361262 0.745281 0.361262 0.736495 0.358516 0.721667 0.358516 0.716176 0.357418 0.709037 0.354123 0.707389 0.352476 0.706840 0.346984 0.704643 0.339296 0.699701 0.334354 0.699701 0.329411 0.705193 0.325018 0.710135 0.323920 0.723315 0.323920 0.725511 0.323370 0.731003 0.323920 0.740888 0.321723 0.743084 0.321723 0.745281 0.322821 0.748576 0.329960 0.748576 0.337099 0.749674 0.339296 0.754068 0.343140 0.757912 0.348082 0.761207 0.350279 0.765600 0.350279 0.766149 0.361262 0.763403 0.364008 0.761207 0.364008
0 0.785370 0.402449 0.777132 0.402449 0.773837 0.398055 0.772739 0.390368 0.771091 0.386523 0.771091 0.374442 0.772190 0.372795 0.775485 0.371696 0.788664 0.371696 0.790861 0.365106 0.793607 0.361811 0.795804 0.360713 0.806237 0.359615 0.808434 0.360164 0.815573 0.364008 0.816671 0.366754 0.816671 0.375540 0.815024 0.377737 0.814475 0.379934 0.812278 0.381581 0.808983 0.387621 0.808434 0.394212 0.807336 0.396408 0.805688 0.398055 0.800746 0.399703 0.795804 0.400802 0.791410 0.400802
0 0.887290 0.381661 0.879878 0.385366 0.873392 0.385366 0.864127 0.375175 0.851155 0.373322 0.841890 0.377954 0.831698 0.387220 0.826139 0.384440 0.819654 0.375175 0.819654 0.364983 0.821506 0.359424 0.825212 0.352938 0.831698 0.349232 0.838184 0.346452 0.881731 0.345526 0.890070 0.349232 0.899335 0.349232 0.903041 0.355718 0.903041 0.364056 0.899335 0.372395 0.899335 0.379807 0.896555 0.383514
0 0.948441 0.470607 0.903968 0.472460 0.897482 0.466901 0.894702 0.459489 0.869686 0.458562 0.857641 0.453003 0.858568 0.445591 0.864127 0.444664 0.878025 0.433546 0.891923 0.421501 0.896555 0.418721 0.900261 0.420575 0.901188 0.416868 0.914159 0.435399 0.907673 0.447444 0.908600 0.452077 0.951220 0.453003 0.954000 0.454856 0.954000 0.465048
0 0.931763 0.416868 0.900261 0.415942 0.901188 0.406677 0.909527 0.400191 0.910453 0.391852 0.912306 0.389999 0.917865 0.389999 0.922498 0.382587 0.947514 0.377954 0.948441 0.368689 0.970677 0.358497 0.973457 0.363130 0.973457 0.378881 0.971604 0.385366 0.968825 0.389073 0.959559 0.391852 0.939175 0.403897 0.937322 0.410383
0 0.954927 0.352012 0.941029 0.351085 0.936396 0.343673 0.928057 0.338114 0.926204 0.328848 0.928984 0.320510 0.922498 0.310318 0.922498 0.304759 0.924351 0.302905 0.936396 0.300126 0.942882 0.289934 0.948441 0.289934 0.957706 0.309391 0.969751 0.320510 0.967898 0.338114 0.973457 0.345526 0.976237 0.345526 0.976237 0.350159 0.962339 0.355718 0.952147 0.344599
0 1.000000 0.208869 0.993841 0.211179 0.965118 0.211179 0.962339 0.210253 0.959559 0.204693 0.960486 0.188943 0.963265 0.184310 0.982722 0.183383 0.991061 0.175045 0.991988 0.169486 1.000000 0.169486
0 1.000000 0.160778 0.988282 0.160220 0.979016 0.158367 0.972530 0.154661 0.970677 0.150955 0.970677 0.138910 0.966971 0.125939 0.966971 0.117600 0.969751 0.111114 0.991061 0.098143 0.991061 0.095363 0.997547 0.087951 1.000000 0.082227
0 0.306216 0.895136 0.291484 0.893663 0.285591 0.886297 0.285591 0.883350 0.287064 0.881877 0.304743 0.881877 0.309163 0.880404 0.328314 0.859779 0.331261 0.859779 0.341573 0.853886 0.341573 0.837681 0.350413 0.833261 0.363671 0.833261 0.368091 0.837681 0.368091 0.840627 0.381350 0.845047 0.378404 0.862725 0.378404 0.887770 0.375457 0.890717 0.319475 0.892190
0 0.363671 1.000000 0.363671 0.993842 0.375457 0.983529 0.385770 0.992369 0.385770 0.998262 0.388667 1.000000 0.396200 1.000000 0.404921 0.992369 0.404921 0.983529 0.401975 0.983529 0.397555 0.979110 0.401975 0.979110 0.409341 0.983529 0.416707 0.983529 0.427020 0.986476 0.427020 0.993842 0.421888 1.000000
0 0.354832 0.987949 0.350413 0.976163 0.347466 0.973217 0.347466 0.961431 0.379877 0.959958 0.381350 0.961431 0.379877 0.974690 0.376930 0.977637 0.376930 0.980583 0.368091 0.986476 0.366618 0.989422
0 0.817423 0.931967 0.799745 0.926074 0.792379 0.926074 0.786486 0.933440 0.774700 0.931967 0.770280 0.929020 0.771753 0.917235 0.783539 0.909868 0.789432 0.908395 0.793852 0.903976 0.799745 0.902502 0.807111 0.896609 0.808584 0.889243 0.820370 0.887770 0.826262 0.892190 0.826262 0.903976 0.830682 0.909868 0.830682 0.920181 0.827736 0.924601
0 0.048633 0.696823 0.027336 0.700581 0.012304 0.700581 0.003534 0.699329 0.000000 0.697561 0.000000 0.663513 0.001029 0.662999 0.026084 0.662999 0.042369 0.668010 0.042369 0.674274 0.046127 0.684296
0 0.416622 0.246016 0.415021 0.252071 0.409109 0.257982 0.397066 0.259584 0.391011 0.257982 0.384683 0.248996 0.374543 0.246004 0.368631 0.240093 0.365532 0.229547 0.367134 0.223492 0.371548 0.219078 0.377603 0.217477 0.383657 0.219078 0.389248 0.224962 0.404552 0.223464 0.410607 0.225067 0.415021 0.229481 0.416623 0.246016
0 0.167632 0.134380 0.160700 0.135641 0.154398 0.138791 0.148096 0.139421 0.143055 0.137531 0.138013 0.131229 0.136123 0.129969 0.132971 0.131229 0.131711 0.133120 0.131081 0.135010 0.131711 0.136901 0.131711 0.140052 0.129821 0.140682 0.119107 0.140682 0.115956 0.139421 0.113436 0.139421 0.109654 0.137531 0.107134 0.133750 0.107134 0.128708 0.109024 0.128078 0.103982 0.126818 0.097050 0.126818 0.095790 0.124927 0.097680 0.123036 0.103982 0.121146 0.107134 0.116734 0.109654 0.111063 0.111545 0.110432 0.119738 0.110432 0.121628 0.111063 0.126670 0.117365 0.131081 0.117365 0.135493 0.116104 0.136123 0.114214 0.134862 0.111693 0.132971 0.109802 0.129191 0.107912 0.127930 0.106021 0.126670 0.101610 0.127300 0.095938 0.129821 0.094678 0.134862 0.094678 0.138013 0.095938 0.141795 0.098459 0.143055 0.100349 0.143685 0.104761 0.145576 0.108542 0.149987 0.110432 0.158810 0.110432 0.160070 0.112323 0.160700 0.117365 0.162591 0.119255 0.172044 0.119886 0.173304 0.121776 0.172674 0.124297 0.171414 0.126187
0 0.938471 0.553878 0.936869 0.547823 0.931257 0.542610 0.915218 0.537812 0.912821 0.537812 0.905968 0.539814 0.897725 0.548857 0.889993 0.553393 0.885579 0.557807 0.883578 0.564661 0.885180 0.570716 0.889594 0.575130 0.895648 0.576731 0.901703 0.575130 0.910889 0.569139 0.916751 0.563277 0.926400 0.565949 0.932455 0.564346 0.936869 0.559932
