0 0.277344 0.031250 0.296875 0.031250 0.300781 0.031250 0.304688 0.050781 0.304688 0.054688 0.261719 0.097656 0.257812 0.101562 0.253906 0.121094 0.253906 0.125000 0.250000 0.128906 0.250000 0.132812 0.242188 0.132812 0.238281 0.132812 0.195312 0.093750 0.191406 0.089844 0.191406 0.074219 0.191406 0.070312 0.226562 0.070312 0.230469 0.070312 0.242188 0.062500 0.246094 0.062500 0.277344 0.031250
0 0.144531 0.394531 0.156250 0.398438 0.160156 0.398438 0.160156 0.410156 0.164062 0.414062 0.164062 0.484375 0.164062 0.488281 0.160156 0.515625 0.160156 0.519531 0.156250 0.523438 0.152344 0.527344 0.136719 0.527344 0.132812 0.527344 0.121094 0.519531 0.117188 0.519531 0.105469 0.503906 0.101562 0.500000 0.097656 0.425781 0.097656 0.421875 0.101562 0.410156 0.105469 0.406250 0.144531 0.394531
0 0.675781 0.304688 0.687500 0.308594 0.691406 0.308594 0.710938 0.339844 0.714844 0.343750 0.781250 0.375000 0.785156 0.378906 0.804688 0.410156 0.808594 0.414062 0.804688 0.425781 0.804688 0.429688 0.792969 0.441406 0.789062 0.445312 0.792969 0.464844 0.792969 0.468750 0.875000 0.523438 0.878906 0.523438 0.882812 0.527344 0.882812 0.531250 0.875000 0.539062 0.871094 0.542969 0.835938 0.531250 0.832031 0.531250 0.789062 0.496094 0.785156 0.496094 0.777344 0.480469 0.777344 0.476562 0.757812 0.457031 0.753906 0.453125 0.714844 0.449219 0.710938 0.449219 0.679688 0.429688 0.675781 0.429688 0.656250 0.410156 0.652344 0.406250 0.652344 0.390625 0.652344 0.386719 0.644531 0.375000 0.640625 0.371094 0.640625 0.355469 0.640625 0.351562 0.675781 0.304688
0 1.000000 0.242188 1.000000 0.242188 0.996094 0.246094 0.996094 0.312500 0.996094 0.316406 0.992188 0.324219 0.992188 0.328125 0.980469 0.328125 0.976562 0.328125 0.957031 0.308594 0.953125 0.304688 0.949219 0.261719 0.949219 0.257812 0.964844 0.222656 0.964844 0.218750 0.980469 0.203125 0.984375 0.199219 0.980469 0.156250 0.980469 0.152344 0.992188 0.125000 0.992188 0.121094 1.000000 0.115885
0 0.199219 0.390625 0.265625 0.417969 0.269531 0.417969 0.285156 0.437500 0.289062 0.441406 0.285156 0.468750 0.285156 0.472656 0.246094 0.488281 0.242188 0.492188 0.214844 0.480469 0.210938 0.480469 0.179688 0.437500 0.175781 0.433594 0.175781 0.414062 0.175781 0.410156 0.199219 0.390625
0 0.937500 0.492188 0.976562 0.500000 0.980469 0.503906 1.000000 0.501953 1.000000 0.537287 0.968750 0.542969 0.964844 0.542969 0.957031 0.550781 0.953125 0.554688 0.937500 0.558594 0.933594 0.558594 0.929688 0.554688 0.925781 0.550781 0.925781 0.511719 0.925781 0.507812 0.937500 0.492188
0 0.062500 0.417969 0.089844 0.417969 0.093750 0.421875 0.093750 0.460938 0.089844 0.464844 0.066406 0.464844 0.062500 0.460938 0.062500 0.417969
0 0.917969 0.644531 0.953125 0.652344 0.957031 0.652344 0.984375 0.671875 0.988281 0.675781 0.988281 0.707031 0.988281 0.710938 0.964844 0.734375 0.960938 0.738281 0.945312 0.773438 0.941406 0.777344 0.921875 0.773438 0.917969 0.773438 0.886719 0.742188 0.882812 0.738281 0.878906 0.714844 0.875000 0.710938 0.878906 0.683594 0.878906 0.679688 0.917969 0.644531
0 0.824219 0.679688 0.875000 0.683594 0.878906 0.683594 0.878906 0.718750 0.878906 0.722656 0.886719 0.746094 0.886719 0.750000 0.894531 0.757812 0.894531 0.761719 0.871094 0.761719 0.867188 0.761719 0.828125 0.734375 0.824219 0.730469 0.816406 0.707031 0.812500 0.703125 0.812500 0.695312 0.812500 0.691406 0.824219 0.679688
0 0.902344 0.796875 0.925781 0.808594 0.929688 0.812500 0.929688 0.839844 0.929688 0.843750 0.917969 0.867188 0.914062 0.871094 0.902344 0.871094 0.898438 0.871094 0.882812 0.859375 0.878906 0.855469 0.878906 0.835938 0.878906 0.832031 0.886719 0.812500 0.886719 0.808594 0.902344 0.796875
0 0.535156 0.917969 0.589844 0.941406 0.593750 0.941406 0.601562 0.953125 0.605469 0.957031 0.601562 0.992188 0.601562 0.996094 0.599888 1.000000 0.528646 1.000000 0.523438 0.945312 0.523438 0.941406 0.535156 0.917969
0 0.492188 0.570312 0.511719 0.570312 0.515625 0.570312 0.519531 0.578125 0.523438 0.582031 0.527344 0.640625 0.527344 0.644531 0.519531 0.652344 0.515625 0.656250 0.511719 0.656250 0.507812 0.656250 0.492188 0.640625 0.488281 0.636719 0.484375 0.621094 0.480469 0.617188 0.492188 0.570312
0 0.515625 0.101562 0.589844 0.105469 0.593750 0.105469 0.613281 0.113281 0.617188 0.117188 0.648438 0.121094 0.652344 0.121094 0.667969 0.136719 0.667969 0.140625 0.664062 0.144531 0.660156 0.148438 0.628906 0.148438 0.625000 0.148438 0.578125 0.132812 0.574219 0.128906 0.515625 0.121094 0.511719 0.121094 0.511719 0.117188 0.507812 0.113281 0.515625 0.101562
0 0.156250 0.000000 0.156250 0.000000 0.117188 0.070312 0.113281 0.074219 0.093750 0.082031 0.089844 0.085938 0.070312 0.085938 0.066406 0.085938 0.039062 0.066406 0.035156 0.062500 0.039062 0.046875 0.039062 0.042969 0.089844 0.000000 0.089844 0.000000
0 0.753906 0.859375 0.765625 0.859375 0.769531 0.859375 0.781250 0.882812 0.781250 0.886719 0.785156 0.890625 0.789062 0.894531 0.804688 0.894531 0.808594 0.898438 0.820312 0.929688 0.824219 0.933594 0.820312 0.949219 0.820312 0.953125 0.785156 0.976562 0.781250 0.980469 0.730469 0.972656 0.726562 0.972656 0.714844 0.964844 0.710938 0.960938 0.714844 0.941406 0.714844 0.937500 0.753906 0.859375
0 0.218750 0.816406 0.277344 0.816406 0.281250 0.816406 0.285156 0.828125 0.289062 0.832031 0.285156 0.847656 0.285156 0.851562 0.253906 0.878906 0.250000 0.882812 0.203125 0.878906 0.199219 0.878906 0.183594 0.886719 0.179688 0.886719 0.128906 0.953125 0.125000 0.953125 0.117188 0.945312 0.113281 0.941406 0.113281 0.933594 0.109375 0.929688 0.113281 0.886719 0.113281 0.882812 0.160156 0.847656 0.164062 0.847656 0.175781 0.832031 0.179688 0.828125 0.203125 0.824219 0.207031 0.824219 0.218750 0.816406
0 0.082031 0.746094 0.093750 0.753906 0.097656 0.757812 0.097656 0.773438 0.097656 0.777344 0.078125 0.812500 0.074219 0.816406 0.058594 0.906250 0.058594 0.910156 0.050781 0.914062 0.046875 0.917969 0.027344 0.917969 0.023438 0.917969 0.003906 0.906250 0.000000 0.906250 0.000000 0.855469 0.000000 0.851562 0.007812 0.847656 0.011719 0.843750 0.019531 0.804688 0.019531 0.800781 0.027344 0.789062 0.027344 0.785156 0.058594 0.753906 0.062500 0.750000 0.082031 0.746094
0 0.046875 0.910156 0.097656 0.925781 0.101562 0.925781 0.128906 0.953125 0.132812 0.957031 0.128906 0.964844 0.128906 0.968750 0.101562 0.972656 0.097656 0.972656 0.046875 0.953125 0.042969 0.953125 0.035156 0.925781 0.035156 0.921875 0.046875 0.910156
0 0.160156 0.613281 0.179688 0.621094 0.183594 0.621094 0.187500 0.632812 0.191406 0.636719 0.195312 0.679688 0.195312 0.683594 0.164062 0.703125 0.160156 0.707031 0.113281 0.707031 0.109375 0.707031 0.105469 0.703125 0.117188 0.652344 0.117188 0.648438 0.136719 0.636719 0.140625 0.636719 0.160156 0.613281
0 0.085938 0.562500 0.097656 0.566406 0.101562 0.566406 0.121094 0.582031 0.125000 0.585938 0.144531 0.585938 0.148438 0.585938 0.152344 0.601562 0.152344 0.605469 0.132812 0.625000 0.128906 0.628906 0.078125 0.605469 0.074219 0.605469 0.062500 0.585938 0.058594 0.582031 0.062500 0.574219 0.066406 0.570312 0.085938 0.562500
0 0.609375 0.195312 0.632812 0.195312 0.636719 0.195312 0.683594 0.234375 0.683594 0.238281 0.667969 0.261719 0.664062 0.265625 0.632812 0.285156 0.628906 0.289062 0.609375 0.292969 0.605469 0.296875 0.574219 0.296875 0.570312 0.296875 0.566406 0.289062 0.562500 0.285156 0.562500 0.265625 0.558594 0.261719 0.562500 0.246094 0.562500 0.242188 0.578125 0.222656 0.578125 0.218750 0.609375 0.195312
0 0.671875 0.175781 0.710938 0.179688 0.714844 0.179688 0.730469 0.191406 0.734375 0.195312 0.730469 0.242188 0.730469 0.246094 0.710938 0.261719 0.707031 0.265625 0.675781 0.253906 0.671875 0.253906 0.667969 0.234375 0.667969 0.230469 0.660156 0.222656 0.660156 0.218750 0.640625 0.203125 0.636719 0.199219 0.628906 0.199219 0.625000 0.195312 0.671875 0.175781
0 0.199219 0.144531 0.234375 0.148438 0.238281 0.148438 0.261719 0.156250 0.265625 0.156250 0.267874 0.157937 0.281250 0.167969 0.285156 0.171875 0.285156 0.179688 0.285156 0.183594 0.273438 0.203125 0.269531 0.207031 0.277344 0.253906 0.277344 0.257812 0.242188 0.289062 0.238281 0.292969 0.222656 0.296875 0.218750 0.300781 0.203125 0.296875 0.199219 0.296875 0.171875 0.265625 0.167969 0.261719 0.156250 0.257812 0.152344 0.253906 0.164062 0.218750 0.167969 0.214844 0.167969 0.187500 0.167969 0.183594 0.183594 0.160156 0.183594 0.156250 0.199219 0.144531
0 0.085938 0.125000 0.105469 0.132812 0.109375 0.132812 0.117188 0.152344 0.121094 0.156250 0.121094 0.175781 0.121094 0.179688 0.105469 0.199219 0.101562 0.203125 0.089844 0.203125 0.085938 0.199219 0.066406 0.160156 0.062500 0.156250 0.066406 0.140625 0.066406 0.136719 0.085938 0.125000
0 0.023438 0.140625 0.050781 0.144531 0.054688 0.144531 0.070312 0.167969 0.070312 0.171875 0.085938 0.187500 0.089844 0.191406 0.105469 0.195312 0.105469 0.199219 0.097656 0.207031 0.093750 0.210938 0.078125 0.210938 0.074219 0.214844 0.046875 0.199219 0.042969 0.199219 0.035156 0.191406 0.031250 0.187500 0.023438 0.160156 0.019531 0.156250 0.023438 0.140625
0 0.687500 0.664062 0.710938 0.667969 0.714844 0.667969 0.726562 0.675781 0.730469 0.679688 0.726562 0.703125 0.726562 0.707031 0.707031 0.753906 0.703125 0.757812 0.691406 0.757812 0.687500 0.757812 0.648438 0.742188 0.644531 0.742188 0.628906 0.730469 0.625000 0.726562 0.625000 0.722656 0.625000 0.718750 0.656250 0.683594 0.656250 0.679688 0.687500 0.664062
0 1.000000 0.953638 0.996332 0.954861 0.977992 0.949359 0.976158 0.946608 0.963320 0.943857 0.956902 0.938355 0.949566 0.921850 0.950483 0.916348 0.955985 0.910846 0.971573 0.902593 0.974324 0.898008 0.975241 0.889755 0.980743 0.883337 0.985328 0.881503 0.988079 0.881503 0.991747 0.887921 0.991747 0.899842 0.988996 0.910846 0.989913 0.918182 1.000000 0.923445
0 0.889879 1.000000 0.889962 0.999793 0.892713 0.998876 0.894547 0.997042 0.898215 0.996125 0.902800 0.990623 0.903717 0.987872 0.903717 0.985121 0.902800 0.980536 0.900966 0.976868 0.900966 0.970450 0.901883 0.968616 0.906468 0.964948 0.918389 0.961280 0.967905 0.961280 0.978909 0.963114 0.991747 0.963114 0.993581 0.964030 1.000000 0.964030 1.000000 0.964031 1.000000 0.979007 0.996332 0.985121 0.991747 0.990623 0.987162 0.995208 0.985328 0.996125 0.985328 0.998876 0.984204 1.000000
0 0.712854 1.000000 0.716612 0.994362 0.730536 0.992506 0.762097 0.992506 0.768595 0.996219 0.768886 1.000000
0 0.696190 0.988793 0.685979 0.989721 0.681338 0.987865 0.677625 0.980439 0.675768 0.961873 0.672055 0.949806 0.672984 0.941452 0.677625 0.937738 0.685979 0.934954 0.685051 0.930312 0.677625 0.924743 0.671127 0.909890 0.672055 0.900608 0.680410 0.895038 0.687836 0.895038 0.701760 0.891325 0.716612 0.891325 0.717540 0.894110 0.717540 0.907105 0.708258 0.921030 0.708258 0.930312 0.711971 0.934025 0.711971 0.964658 0.709186 0.976725 0.704545 0.985080
0 0.394070 0.462197 0.386650 0.462197 0.379801 0.457631 0.378089 0.453065 0.378089 0.446216 0.377518 0.443933 0.382655 0.437084 0.384367 0.435372 0.386650 0.434230 0.389504 0.433659 0.406056 0.433659 0.408909 0.434230 0.414617 0.441079 0.416900 0.442221 0.423179 0.447358 0.430598 0.447929 0.436306 0.451353 0.438018 0.453065 0.439160 0.455348 0.439160 0.458202 0.437447 0.459343 0.429457 0.461056 0.427174 0.462197 0.422037 0.462197 0.420325 0.463339 0.417471 0.463910 0.398065 0.464480
0 0.386079 0.488452 0.381513 0.487881 0.379230 0.486740 0.374664 0.483315 0.370669 0.479320 0.368386 0.475325 0.367815 0.467334 0.373523 0.459914 0.375235 0.458202 0.388933 0.458202 0.395211 0.457061 0.397495 0.458773 0.397495 0.465622 0.396924 0.468476 0.390075 0.483886
0 0.206862 0.334919 0.201725 0.334348 0.191452 0.326928 0.187456 0.322933 0.180607 0.317796 0.173758 0.310376 0.161772 0.298961 0.160060 0.296107 0.152070 0.289258 0.144650 0.279555 0.137230 0.272136 0.129810 0.260150 0.126956 0.258437 0.121248 0.257867 0.117824 0.255584 0.110404 0.253871 0.105838 0.252159 0.100702 0.248735 0.097848 0.248164 0.094423 0.245881 0.087003 0.242456 0.085862 0.237320 0.085862 0.232754 0.086432 0.230470 0.090998 0.224763 0.093852 0.222480 0.102414 0.217914 0.109834 0.215631 0.114400 0.215631 0.118966 0.217343 0.122390 0.213919 0.124102 0.209923 0.124673 0.192801 0.127527 0.187664 0.129239 0.186522 0.144079 0.184810 0.145791 0.183668 0.151499 0.183668 0.153782 0.184239 0.155494 0.185952 0.156065 0.188805 0.157777 0.190518 0.159489 0.199650 0.159489 0.233895 0.160631 0.237320 0.160631 0.239603 0.166338 0.256155 0.173758 0.265857 0.184032 0.277272 0.185744 0.278414 0.190881 0.284121 0.196018 0.287546 0.197730 0.292112 0.204008 0.301815 0.208574 0.312089 0.213711 0.318367 0.215994 0.322933 0.217136 0.332636 0.214282 0.333777 0.211999 0.333777
0 0.034494 0.456109 0.026884 0.455158 0.018322 0.434230 0.020225 0.390472 0.005956 0.351471 0.005956 0.344812 0.007859 0.341007 0.014517 0.338153 0.020225 0.340055 0.037348 0.333397 0.050665 0.333397 0.056373 0.338153 0.057324 0.353373 0.053519 0.361934 0.044957 0.372398 0.032591 0.380960 0.051616 0.380960 0.057324 0.377155 0.073495 0.377155 0.084911 0.380960 0.085862 0.382862 0.086813 0.397131 0.083959 0.403790 0.076349 0.403790 0.058275 0.409498 0.054470 0.414254 0.055421 0.427571 0.058275 0.434230 0.057324 0.438035 0.054470 0.443743 0.044006 0.452304
0 0.004054 0.302957 0.033543 0.302957 0.046860 0.300103 0.057324 0.300103 0.059227 0.302957 0.059227 0.312469 0.057324 0.318177 0.050665 0.327689 0.038299 0.332446 0.003102 0.332446 0.000248 0.321982 0.001200 0.310566
0 0.070641 0.321030 0.057324 0.315323 0.035445 0.291541 0.035445 0.282980 0.038299 0.278224 0.057324 0.255393 0.063983 0.255393 0.069690 0.258247 0.085862 0.275370 0.094423 0.281077 0.099179 0.289639 0.101082 0.308664 0.093472 0.315323 0.090618 0.315323 0.085862 0.319128 0.080154 0.319128
0 0.003102 0.270614 0.021176 0.270614 0.039250 0.258247 0.047811 0.236368 0.047811 0.215441 0.044006 0.206879 0.036396 0.200220 0.013566 0.199269 0.005005 0.195464 0.001200 0.195464 0.000000 0.198318 0.000000 0.206879 0.000000 0.215441 0.005956 0.222099 0.010712 0.228758 0.007859 0.238271 0.000248 0.242076 0.000000 0.245881 0.000000 0.263955
0 0.158157 0.187854 0.157206 0.173585 0.155304 0.170731 0.155304 0.153609 0.161963 0.135535 0.172427 0.126022 0.191452 0.122217 0.217136 0.122217 0.228551 0.130779 0.231404 0.144096 0.230453 0.149804 0.216184 0.157414 0.196208 0.170731 0.193354 0.174536 0.179085 0.181195 0.169573 0.182146 0.165768 0.185000
0 0.272309 0.153609 0.257089 0.152657 0.255186 0.150755 0.243771 0.147901 0.231404 0.148852 0.227600 0.132681 0.250430 0.106046 0.256137 0.103192 0.291334 0.103192 0.318920 0.100338 0.339848 0.101289 0.349361 0.108900 0.348409 0.114607 0.327482 0.128876 0.321774 0.129827 0.320823 0.134584 0.335092 0.144096 0.348409 0.149804 0.355068 0.149804 0.362678 0.152657 0.366483 0.156462 0.366483 0.164073 0.358873 0.172634 0.344604 0.175488 0.321774 0.174536 0.285626 0.160268
0 0.617187 0.034975 0.610363 0.027176 0.610363 0.000000 0.647937 0.000000 0.624011 0.030100
0 0.550899 0.096388 0.542125 0.087615 0.538226 0.070068 0.560647 0.069093 0.567471 0.066169 0.569420 0.064219 0.570395 0.043748 0.573320 0.039849 0.583068 0.036924 0.632784 0.036924 0.642532 0.034975 0.646431 0.034975 0.649356 0.037899 0.649356 0.045698 0.643507 0.052521 0.625960 0.062270 0.610363 0.064219 0.605489 0.068118 0.604514 0.076892 0.606464 0.094439 0.603539 0.099313 0.597690 0.102238 0.579169 0.103212 0.570395 0.098338 0.559672 0.096388
0 0.036192 0.136356 0.018645 0.135381 0.001098 0.125633 0.000000 0.118809 0.001098 0.107111 0.006947 0.104187 0.009872 0.100287 0.016696 0.097363 0.023520 0.097363 0.030343 0.099313 0.039116 0.107111 0.043016 0.114910 0.043016 0.132457
0 0.930048 0.148875 0.925006 0.148875 0.922486 0.147614 0.920595 0.143833 0.914293 0.140052 0.913663 0.138161 0.909882 0.135641 0.907361 0.135010 0.902319 0.135010 0.901059 0.133120 0.901059 0.129339 0.904210 0.123667 0.903580 0.117995 0.907361 0.114844 0.916184 0.115474 0.918074 0.116104 0.918704 0.118625 0.921225 0.122406 0.926267 0.123036 0.926897 0.127448 0.928787 0.129339 0.937610 0.132489 0.938241 0.135010 0.938241 0.146354 0.936350 0.147614
0 0.829846 0.053084 0.822284 0.054975 0.817243 0.054975 0.812201 0.053715 0.810310 0.051824 0.807789 0.051824 0.805269 0.052454 0.803378 0.054975 0.800857 0.054345 0.798967 0.052454 0.797076 0.048043 0.796446 0.040480 0.797706 0.038590 0.796446 0.036699 0.793925 0.034809 0.792034 0.034179 0.791404 0.031658 0.792034 0.025356 0.792665 0.023465 0.794555 0.022835 0.805899 0.022835 0.807789 0.022205 0.809680 0.016533 0.809680 0.011491 0.810310 0.008971 0.819763 0.008971 0.824175 0.012121 0.838039 0.012121 0.840560 0.014643 0.840560 0.019684 0.845601 0.019684 0.847492 0.020314 0.850013 0.024095 0.850013 0.029767 0.843080 0.037330 0.843080 0.042371 0.843711 0.044262 0.843080 0.050564 0.840560 0.054345 0.836148 0.054975
0 0.953995 0.075771 0.941391 0.075141 0.938871 0.073251 0.938241 0.070730 0.938241 0.056866 0.938871 0.054975 0.941391 0.054975 0.947063 0.059386 0.948954 0.060017 0.950845 0.055605 0.952735 0.053084 0.954626 0.053715 0.957146 0.057496 0.958407 0.061277 0.957777 0.064428 0.955256 0.070730
0 0.790144 0.202441 0.782582 0.203071 0.763675 0.203071 0.756113 0.196770 0.755483 0.194249 0.753593 0.193619 0.749811 0.190468 0.744770 0.184796 0.740988 0.182905 0.740358 0.181015 0.741619 0.178494 0.758004 0.174713 0.761785 0.177864 0.764306 0.178494 0.770608 0.181645 0.794555 0.181645 0.796446 0.182275 0.798336 0.185426 0.799597 0.194879 0.797706 0.198660 0.795816 0.199921
0 0.814721 0.177234 0.805899 0.177234 0.802118 0.174713 0.798967 0.170932 0.798967 0.168411 0.797076 0.167150 0.793295 0.155807 0.793925 0.150135 0.795816 0.148245 0.804008 0.143203 0.806529 0.143203 0.812831 0.147614 0.815982 0.147614 0.819763 0.149505 0.822284 0.154546 0.822914 0.157067 0.822914 0.165260 0.820393 0.170302 0.820393 0.175973 0.819763 0.178494
0 0.813494 0.280325 0.790273 0.282111 0.783127 0.277645 0.782234 0.266927 0.793845 0.261569 0.796525 0.257103 0.797418 0.235668 0.800097 0.232988 0.809921 0.232988 0.815280 0.234775 0.819746 0.239240 0.820639 0.257103 0.825998 0.264248 0.825105 0.273179 0.820639 0.277645
0 0.183176 0.569366 0.171342 0.557532 0.156126 0.525410 0.156126 0.511885 0.162889 0.500050 0.162889 0.493288 0.167961 0.478072 0.198392 0.478072 0.210227 0.474691 0.260945 0.474691 0.262636 0.478072 0.262636 0.488216 0.259255 0.489906 0.254183 0.500050 0.240658 0.506813 0.237277 0.511885 0.223752 0.520338 0.218680 0.527100 0.218680 0.562604 0.216989 0.569366 0.208536 0.576129 0.203464 0.584582 0.189939 0.584582 0.186558 0.582891
0 0.287995 0.522029 0.276161 0.510194 0.252492 0.510194 0.245730 0.505122 0.244039 0.501741 0.244039 0.491597 0.247420 0.486525 0.264327 0.476381 0.293067 0.476381 0.294758 0.479763 0.308283 0.488216 0.321808 0.486525 0.323498 0.484834 0.321808 0.481453 0.318427 0.481453 0.313355 0.473000 0.315045 0.466238 0.320117 0.461166 0.321808 0.452713 0.323498 0.451022 0.343786 0.451022 0.347167 0.449331 0.347167 0.442569 0.352239 0.440878 0.357311 0.444259 0.357311 0.462856 0.348858 0.476381 0.353930 0.483144 0.359002 0.486525 0.359002 0.500050 0.357311 0.503431 0.352239 0.503431 0.347167 0.506813 0.340405 0.506813 0.328570 0.513575 0.325189 0.516957 0.325189 0.523719 0.321808 0.527100 0.303211 0.527100
0 0.457058 0.227859 0.438461 0.234621 0.435080 0.241384 0.428318 0.226168 0.424936 0.222787 0.421555 0.222787 0.411411 0.210953 0.416483 0.205881 0.419864 0.205881 0.431699 0.199118 0.431699 0.187284 0.433389 0.185593 0.448605 0.185593 0.453677 0.187284 0.460439 0.192356 0.462130 0.199118 0.465511 0.200809 0.484108 0.200809 0.487489 0.202500 0.485799 0.210953 0.473964 0.221096 0.468893 0.221096
0 0.578783 0.515266 0.558496 0.501741 0.544971 0.501741 0.538208 0.498359 0.531446 0.488216 0.531446 0.484834 0.536518 0.479763 0.558496 0.471309 0.619358 0.471309 0.622739 0.473000 0.624430 0.486525 0.607524 0.488216 0.597380 0.491597 0.593999 0.496669 0.590618 0.498359 0.588927 0.505122
0 0.621049 0.547388 0.605833 0.540625 0.605833 0.530482 0.622739 0.505122 0.626121 0.494978 0.631193 0.489906 0.639646 0.489906 0.646408 0.494978 0.648099 0.491597 0.651480 0.491597 0.654861 0.493288 0.656552 0.496669 0.656552 0.510194 0.651480 0.520338 0.641336 0.528791 0.639646 0.535554 0.639646 0.565985 0.626121 0.565985 0.622739 0.562604
0 1.000000 0.697561 0.996018 0.695570 0.992260 0.690559 0.992260 0.678032 0.998523 0.671768 0.998523 0.664252 1.000000 0.663513
0 0.524989 0.701834 0.506198 0.706845 0.498681 0.699329 0.494923 0.691812 0.492418 0.665504 0.494923 0.661746 0.497429 0.661746 0.501187 0.657988 0.504945 0.657988 0.511209 0.664252 0.513714 0.674274 0.516220 0.676779 0.521230 0.676779 0.538769 0.669262 0.541274 0.670515 0.543780 0.675527 0.543780 0.688054 0.537516 0.694318 0.537516 0.699329 0.535011 0.703087
0 0.615186 0.652977 0.595142 0.641702 0.586373 0.641702 0.576351 0.637944 0.571340 0.630428 0.571340 0.622911 0.575098 0.619153 0.583867 0.617900 0.591384 0.610384 0.596395 0.609131 0.610175 0.616648 0.625208 0.615395 0.626461 0.634186 0.621450 0.644208
0 0.259408 0.733152 0.253145 0.743174 0.246881 0.745680 0.236859 0.738163 0.231848 0.736911 0.226837 0.731900 0.224332 0.721878 0.223076 0.716693 0.224332 0.713109 0.226837 0.710603 0.234354 0.709350 0.238112 0.706845 0.244375 0.706845 0.250639 0.718120 0.253145 0.719372 0.253145 0.721878
0 0.254397 0.576560 0.243123 0.577813 0.234354 0.569044 0.233101 0.549000 0.230595 0.546495 0.225584 0.532714 0.228090 0.528956 0.230595 0.527704 0.269430 0.527704 0.269430 0.540231 0.265672 0.547747 0.265672 0.567791 0.263166 0.567791 0.263166 0.570296
