0 0.105469 0.230469 0.125000 0.230469 0.128906 0.230469 0.156250 0.250000 0.160156 0.253906 0.164062 0.265625 0.164062 0.269531 0.148438 0.292969 0.144531 0.296875 0.105469 0.292969 0.101562 0.292969 0.093750 0.289062 0.089844 0.289062 0.082031 0.277344 0.078125 0.273438 0.074219 0.261719 0.074219 0.257812 0.105469 0.230469
0 0.066406 0.292969 0.082031 0.292969 0.085938 0.296875 0.101562 0.324219 0.101562 0.328125 0.152344 0.386719 0.156250 0.390625 0.160156 0.414062 0.160156 0.417969 0.152344 0.449219 0.148438 0.453125 0.132812 0.453125 0.128906 0.453125 0.113281 0.441406 0.109375 0.437500 0.093750 0.433594 0.089844 0.433594 0.058594 0.394531 0.054688 0.390625 0.050781 0.335938 0.050781 0.332031 0.066406 0.292969
0 0.019531 0.398438 0.062500 0.402344 0.066406 0.402344 0.085938 0.433594 0.085938 0.437500 0.050781 0.488281 0.050781 0.492188 0.039062 0.503906 0.035156 0.507812 0.003906 0.519531 0.000000 0.519531 0.000000 0.406250 0.000000 0.402344 0.019531 0.398438
0 0.042969 0.582031 0.050781 0.585938 0.054688 0.589844 0.082031 0.664062 0.082031 0.667969 0.074219 0.683594 0.074219 0.687500 0.003906 0.746094 0.000000 0.746094 0.000000 0.644531 0.000000 0.640625 0.007812 0.636719 0.011719 0.636719 0.023438 0.621094 0.027344 0.617188 0.042969 0.582031
0 0.199219 0.464844 0.214844 0.464844 0.218750 0.464844 0.230469 0.476562 0.234375 0.480469 0.242188 0.519531 0.242188 0.523438 0.234375 0.542969 0.234375 0.546875 0.218750 0.566406 0.214844 0.570312 0.187500 0.574219 0.183594 0.574219 0.171875 0.570312 0.167969 0.570312 0.156250 0.558594 0.152344 0.554688 0.144531 0.507812 0.144531 0.503906 0.164062 0.476562 0.167969 0.472656 0.199219 0.464844
0 0.142459 0.851801 0.154489 0.856295 0.168280 0.858404 0.184302 0.861806 0.238281 0.941406 0.242188 0.945312 0.250000 0.976562 0.253906 0.980469 0.253906 1.000000 0.191406 1.000000 0.128906 0.937500 0.125000 0.933594 0.117188 0.914062 0.113281 0.910156 0.113281 0.882812 0.113281 0.878906 0.125000 0.859375 0.125000 0.855469 0.138864 0.852700
0 0.062500 0.839844 0.093750 0.843750 0.097656 0.843750 0.101562 0.851562 0.105469 0.855469 0.101562 0.878906 0.101562 0.882812 0.027344 0.898438 0.023438 0.898438 0.019531 0.894531 0.015625 0.890625 0.019531 0.878906 0.019531 0.875000 0.062500 0.839844
0 0.066406 0.742188 0.078125 0.742188 0.082031 0.742188 0.117188 0.757812 0.121094 0.757812 0.132812 0.765625 0.136719 0.769531 0.136719 0.785156 0.136719 0.789062 0.128906 0.792969 0.125000 0.796875 0.097656 0.796875 0.093750 0.796875 0.074219 0.789062 0.070312 0.789062 0.062500 0.769531 0.058594 0.765625 0.058594 0.753906 0.058594 0.750000 0.066406 0.742188
0 0.457031 0.386719 0.496094 0.394531 0.500000 0.398438 0.531250 0.398438 0.535156 0.398438 0.578125 0.433594 0.582031 0.437500 0.589844 0.464844 0.589844 0.468750 0.554688 0.468750 0.550781 0.468750 0.527344 0.488281 0.523438 0.492188 0.500000 0.492188 0.496094 0.492188 0.445312 0.476562 0.441406 0.476562 0.429688 0.421875 0.429688 0.417969 0.433594 0.402344 0.433594 0.398438 0.457031 0.386719
0 0.531250 0.496094 0.578125 0.519531 0.582031 0.523438 0.609375 0.527344 0.613281 0.527344 0.625000 0.550781 0.628906 0.554688 0.628906 0.578125 0.628906 0.582031 0.625000 0.585938 0.621094 0.589844 0.597656 0.593750 0.593750 0.593750 0.582031 0.601562 0.578125 0.605469 0.550781 0.605469 0.546875 0.605469 0.507812 0.578125 0.503906 0.578125 0.500000 0.527344 0.500000 0.523438 0.511719 0.507812 0.515625 0.503906 0.531250 0.496094
0 0.656250 0.328125 0.691406 0.339844 0.695312 0.343750 0.726562 0.347656 0.730469 0.347656 0.765625 0.363281 0.769531 0.367188 0.765625 0.398438 0.765625 0.402344 0.750000 0.433594 0.750000 0.437500 0.738281 0.449219 0.734375 0.453125 0.703125 0.445312 0.699219 0.445312 0.640625 0.417969 0.636719 0.414062 0.636719 0.378906 0.636719 0.375000 0.625000 0.359375 0.621094 0.355469 0.632812 0.339844 0.636719 0.335938 0.656250 0.328125
0 0.886719 0.160156 0.898438 0.160156 0.902344 0.160156 0.910156 0.167969 0.914062 0.171875 0.917969 0.191406 0.921875 0.195312 0.921875 0.226562 0.921875 0.230469 0.902344 0.261719 0.902344 0.265625 0.886719 0.273438 0.882812 0.273438 0.867188 0.265625 0.863281 0.265625 0.859375 0.226562 0.859375 0.222656 0.847656 0.199219 0.847656 0.195312 0.886719 0.160156
0 0.816406 0.093750 0.847656 0.097656 0.851562 0.101562 0.835938 0.148438 0.835938 0.152344 0.820312 0.171875 0.816406 0.175781 0.800781 0.183594 0.796875 0.187500 0.777344 0.191406 0.773438 0.195312 0.742188 0.191406 0.738281 0.191406 0.734375 0.183594 0.734375 0.179688 0.746094 0.160156 0.746094 0.156250 0.816406 0.093750
0 0.843750 0.949219 0.859375 0.949219 0.863281 0.949219 0.863281 1.000000 0.832031 1.000000 0.832031 1.000000 0.832031 0.964844 0.832031 0.960938 0.843750 0.949219
0 0.722656 0.984375 0.742188 0.992188 0.746094 0.996094 0.746094 1.000000 0.703125 1.000000 0.703125 1.000000 0.703125 0.996094 0.722656 0.984375
0 0.300781 0.593750 0.363281 0.597656 0.367188 0.597656 0.375000 0.609375 0.375000 0.613281 0.363281 0.632812 0.359375 0.636719 0.339844 0.640625 0.335938 0.640625 0.308594 0.625000 0.304688 0.621094 0.300781 0.613281 0.296875 0.609375 0.300781 0.593750
0 0.343750 0.695312 0.359375 0.699219 0.363281 0.699219 0.371094 0.710938 0.371094 0.714844 0.355469 0.730469 0.351562 0.734375 0.332031 0.738281 0.328125 0.738281 0.320312 0.734375 0.316406 0.730469 0.312500 0.714844 0.312500 0.710938 0.343750 0.695312
0 0.550781 0.773438 0.566406 0.785156 0.570312 0.789062 0.574219 0.804688 0.574219 0.808594 0.546875 0.820312 0.542969 0.824219 0.511719 0.820312 0.507812 0.820312 0.507812 0.800781 0.507812 0.796875 0.550781 0.773438
0 0.675781 0.828125 0.699219 0.828125 0.703125 0.828125 0.703125 0.843750 0.703125 0.847656 0.691406 0.851562 0.687500 0.855469 0.667969 0.855469 0.664062 0.855469 0.664062 0.851562 0.660156 0.847656 0.675781 0.828125
0 0.789062 0.960938 0.804688 0.960938 0.808594 0.960938 0.812500 0.964844 0.816406 0.968750 0.816406 0.980469 0.816406 0.984375 0.800781 0.984375 0.796875 0.984375 0.792969 0.980469 0.789062 0.976562 0.789062 0.960938
0 0.859375 0.683594 0.875000 0.683594 0.878906 0.683594 0.882812 0.687500 0.886719 0.691406 0.882812 0.699219 0.882812 0.703125 0.863281 0.707031 0.859375 0.707031 0.859375 0.683594
0 0.976562 0.390625 1.000000 0.400670 1.000000 0.429688 1.000000 0.429688 0.988281 0.433594 0.984375 0.433594 0.972656 0.421875 0.968750 0.417969 0.968750 0.402344 0.968750 0.398438 0.976562 0.390625
0 0.853964 0.384813 0.875092 0.373628 0.880063 0.367414 0.883792 0.366171 0.883792 0.363686 0.894977 0.362443 0.909890 0.350015 0.911133 0.345044 0.894977 0.340073 0.873849 0.341316 0.860179 0.348772 0.856450 0.357472 0.856450 0.362443 0.846508 0.367414 0.844022 0.377357
0 0.143453 0.843526 0.148845 0.832742 0.157832 0.826452 0.163223 0.830945 0.171311 0.833641 0.175804 0.824654 0.176703 0.805783 0.184791 0.796796 0.195574 0.796796 0.207257 0.803986 0.206358 0.815668 0.200966 0.823756 0.200068 0.830945 0.197371 0.833641 0.197371 0.839032 0.193777 0.847120 0.165919 0.856107 0.149744 0.857005 0.143453 0.851614
0 0.223432 0.879471 0.201865 0.879471 0.198270 0.875877 0.200966 0.869586 0.205459 0.868687 0.209952 0.865093 0.210851 0.852512 0.219837 0.846222 0.233317 0.847120 0.240506 0.865093 0.241405 0.876775 0.230621 0.879471
0 0.232418 0.812972 0.223432 0.808479 0.212648 0.808479 0.209952 0.804884 0.209952 0.791405 0.219837 0.782418 0.235114 0.774330 0.243202 0.774330 0.251290 0.771635 0.253087 0.774330 0.252189 0.811175 0.238709 0.816567
0 0.635009 0.684467 0.624225 0.671886 0.623326 0.666494 0.638603 0.657508 0.642198 0.657508 0.644893 0.661102 0.645792 0.672784 0.645792 0.679075 0.642198 0.685365
0 0.410349 0.940579 0.383390 0.940579 0.375302 0.931592 0.372606 0.912721 0.404957 0.911822 0.412146 0.929795
0 1.000000 0.722900 0.998957 0.723108 0.997160 0.707831 0.989072 0.704237 0.981883 0.696149 0.980984 0.679973 0.992666 0.680872 0.996261 0.688061 1.000000 0.685760
0 0.273438 0.000000 0.332031 0.000000 0.332031 0.003906 0.320312 0.023438 0.320312 0.027344 0.292969 0.050781 0.289062 0.054688 0.250000 0.113281 0.250000 0.117188 0.226562 0.132812 0.222656 0.136719 0.199219 0.140625 0.195312 0.140625 0.167969 0.164062 0.164062 0.164062 0.121094 0.203125 0.117188 0.207031 0.117188 0.210938 0.117188 0.214844 0.101562 0.230469 0.097656 0.234375 0.078125 0.246094 0.074219 0.250000 0.054688 0.277344 0.050781 0.281250 0.042969 0.285156 0.039062 0.289062 0.003906 0.289062 0.000000 0.289062 0.000000 0.261719 0.000000 0.257812 0.003906 0.257812 0.007812 0.257812 0.031250 0.234375 0.035156 0.230469 0.046875 0.207031 0.046875 0.203125 0.085938 0.164062 0.089844 0.160156 0.109375 0.152344 0.113281 0.152344 0.210938 0.074219 0.214844 0.074219 0.238281 0.050781 0.242188 0.046875 0.273438 0.000000
0 0.421875 0.261719 0.449219 0.269531 0.453125 0.273438 0.464844 0.292969 0.464844 0.296875 0.492188 0.328125 0.496094 0.332031 0.519531 0.375000 0.523438 0.378906 0.523438 0.390625 0.523438 0.394531 0.496094 0.394531 0.492188 0.394531 0.468750 0.375000 0.464844 0.371094 0.417969 0.289062 0.414062 0.285156 0.414062 0.269531 0.414062 0.265625 0.421875 0.261719
0 0.652344 0.484375 0.687500 0.488281 0.691406 0.492188 0.710938 0.488281 0.714844 0.488281 0.742188 0.496094 0.746094 0.496094 0.753906 0.503906 0.757812 0.503906 0.832031 0.582031 0.835938 0.585938 0.839844 0.593750 0.839844 0.597656 0.824219 0.636719 0.824219 0.640625 0.812500 0.648438 0.808594 0.652344 0.781250 0.652344 0.777344 0.652344 0.757812 0.640625 0.753906 0.640625 0.746094 0.632812 0.742188 0.628906 0.738281 0.613281 0.738281 0.609375 0.683594 0.570312 0.679688 0.570312 0.671875 0.558594 0.671875 0.554688 0.632812 0.519531 0.628906 0.515625 0.652344 0.484375
0 0.750000 0.429688 0.789062 0.433594 0.792969 0.433594 0.792969 0.453125 0.792969 0.457031 0.800781 0.468750 0.800781 0.472656 0.828125 0.492188 0.832031 0.492188 0.839844 0.507812 0.843750 0.511719 0.832031 0.539062 0.828125 0.542969 0.796875 0.527344 0.792969 0.527344 0.750000 0.488281 0.746094 0.484375 0.734375 0.457031 0.734375 0.453125 0.750000 0.429688
0 0.863281 0.496094 0.878906 0.496094 0.882812 0.500000 0.886719 0.535156 0.886719 0.539062 0.882812 0.546875 0.878906 0.550781 0.855469 0.554688 0.851562 0.554688 0.832031 0.535156 0.832031 0.531250 0.839844 0.519531 0.839844 0.515625 0.863281 0.496094
0 1.000000 0.609375 1.000000 0.609375 0.996094 0.605469 0.992188 0.585938 0.988281 0.582031 0.980469 0.507812 0.980469 0.503906 1.000000 0.476562 1.000000 0.476562
0 1.000000 0.609375 0.988281 0.582031 0.984375 0.578125 0.980469 0.511719 0.980469 0.507812 0.996094 0.484375 0.996094 0.480469 1.000000 0.478125
0 0.535156 0.167969 0.546875 0.167969 0.550781 0.167969 0.585938 0.210938 0.589844 0.214844 0.593750 0.226562 0.597656 0.230469 0.589844 0.261719 0.585938 0.265625 0.578125 0.265625 0.574219 0.269531 0.539062 0.250000 0.535156 0.246094 0.535156 0.226562 0.535156 0.222656 0.523438 0.203125 0.519531 0.199219 0.519531 0.187500 0.519531 0.183594 0.535156 0.167969
0 0.980796 0.601334 0.964549 0.586712 0.958050 0.576964 0.958050 0.573714 0.945052 0.559092 0.945052 0.555843 0.940178 0.549344 0.940178 0.518475 0.969423 0.518475 0.975921 0.526598 0.982420 0.544470 0.990544 0.552593 0.992169 0.560717 0.995418 0.563966 0.995418 0.583463 0.997043 0.586712 0.997043 0.593211 0.995418 0.594836
0 0.984045 0.305638 0.977546 0.291016 0.974297 0.287766 0.974297 0.284517 0.964549 0.274769 0.964549 0.268270 0.972672 0.260146 0.975921 0.260146 0.982420 0.255272 1.000000 0.255272 1.000000 0.312137 0.995418 0.312137
0 0.969423 0.240650 0.958050 0.234151 0.958050 0.216279 0.966173 0.204907 0.969423 0.204907 0.972672 0.200032 0.977546 0.198408 0.977546 0.195158 0.988919 0.193534 0.992169 0.196783 0.995418 0.204907 0.995418 0.235776 0.985670 0.243899 0.982420 0.243899
0 0.855693 0.003443 0.870316 0.019690 0.871941 0.026189 0.876814 0.029438 0.889812 0.029438 0.927180 0.018065 0.926691 0.008964 0.919057 0.001818
0 0.340662 0.549344 0.410524 0.546095 0.420272 0.542845 0.421897 0.537971 0.420272 0.533097 0.413773 0.524973 0.410524 0.516850 0.410524 0.510351 0.404025 0.502227 0.404025 0.498978 0.400776 0.495729 0.392652 0.492479 0.378030 0.492479 0.371531 0.487605 0.361783 0.487605 0.355284 0.492479 0.355284 0.495729 0.352035 0.497354 0.352035 0.500603 0.347161 0.505477 0.343911 0.515225 0.340662 0.518475 0.339037 0.534721
0 0.061821 0.571446 0.035235 0.570116 0.033906 0.566129 0.035235 0.544861 0.036564 0.542202 0.047198 0.542202 0.045870 0.535555 0.040552 0.534226 0.040552 0.528909 0.043211 0.526250 0.048528 0.526250 0.049857 0.523592 0.056504 0.523592 0.071125 0.518275 0.076443 0.518275 0.076443 0.538214 0.079101 0.538214 0.083089 0.535555 0.087077 0.528909 0.085748 0.520934 0.108345 0.519604 0.116321 0.524921 0.121638 0.532897 0.122967 0.540873 0.108345 0.542202 0.107016 0.544861 0.096382 0.551507 0.096382 0.556824 0.072455 0.563470
0 0.946413 0.094507 0.932161 0.089026 0.927776 0.084641 0.924487 0.073678 0.921198 0.070389 0.921198 0.050655 0.929968 0.050655 0.940932 0.062715 0.949702 0.069293 0.950798 0.072582 0.957376 0.076967 0.957376 0.083545 0.952991 0.086834
0 0.852130 0.042981 0.846649 0.034211 0.837879 0.034211 0.828012 0.042981 0.819241 0.047366 0.804989 0.047366 0.794026 0.041885 0.780871 0.028729 0.781967 0.016670 0.792930 0.005707 0.803893 0.002418 0.826916 0.002418 0.847745 0.011188 0.858708 0.021055 0.868575 0.021055 0.871864 0.044077 0.868575 0.046270 0.861997 0.046270
0 0.687500 0.246094 0.703125 0.246094 0.707031 0.246094 0.707031 0.273438 0.707031 0.277344 0.695312 0.285156 0.691406 0.289062 0.664062 0.285156 0.660156 0.285156 0.656250 0.281250 0.667969 0.261719 0.667969 0.257812 0.687500 0.246094
0 0.623792 0.176161 0.605428 0.178456 0.596246 0.162387 0.597394 0.156648 0.611167 0.149762 0.620349 0.138284 0.624940 0.135989 0.635270 0.134841 0.638713 0.130250 0.645600 0.126807 0.649043 0.127954 0.654782 0.133693 0.655930 0.146319 0.649043 0.154353 0.630679 0.168126
0 0.097656 0.078125 0.105469 0.078125 0.109375 0.078125 0.128906 0.089844 0.132812 0.093750 0.140625 0.125000 0.140625 0.128906 0.089844 0.167969 0.085938 0.167969 0.054688 0.199219 0.050781 0.203125 0.039062 0.226562 0.039062 0.230469 0.027344 0.238281 0.023438 0.242188 0.011719 0.265625 0.011719 0.269531 0.003906 0.273438 0.000000 0.273438 0.000000 0.164062 0.000000 0.160156 0.015625 0.152344 0.019531 0.148438 0.035156 0.113281 0.035156 0.109375 0.046875 0.097656 0.050781 0.093750 0.062500 0.093750 0.066406 0.093750 0.097656 0.078125
