1 0.949219 0.078125 0.015625 0.015625
1 0.781250 0.113281 0.015625 0.015625
1 0.830078 0.134766 0.019531 0.027344
1 0.265625 0.164062 0.023438 0.015625
1 0.316406 0.212891 0.062500 0.042969
1 0.876953 0.214844 0.027344 0.015625
1 0.500000 0.236328 0.023438 0.019531
1 0.011719 0.238281 0.023438 0.007812
1 0.650391 0.279297 0.027344 0.027344
1 0.763672 0.298828 0.035156 0.019531
1 0.830078 0.316406 0.058594 0.039062
1 0.927734 0.339844 0.050781 0.062500
1 0.175781 0.404297 0.062500 0.050781
1 0.050781 0.458984 0.101562 0.074219
1 0.242188 0.437500 0.023438 0.015625
1 0.785156 0.451172 0.031250 0.042969
1 0.376953 0.460938 0.050781 0.039062
1 0.652344 0.458984 0.015625 0.019531
1 0.828125 0.513672 0.023438 0.019531
1 0.539062 0.531250 0.031250 0.023438
1 0.957031 0.615234 0.015625 0.027344
1 0.017578 0.617188 0.035156 0.015625
1 0.328125 0.632812 0.054688 0.039062
1 0.115234 0.666016 0.019531 0.019531
1 0.558594 0.710938 0.054688 0.078125
1 0.828125 0.740234 0.023438 0.019531
1 0.757812 0.765625 0.015625 0.023438
1 0.322266 0.785156 0.082031 0.031250
1 0.966797 0.791016 0.027344 0.035156
1 0.042969 0.785156 0.015625 0.015625
1 0.009766 0.816406 0.019531 0.054688
1 0.970703 0.865234 0.042969 0.042969
1 0.117188 0.931641 0.125000 0.097656
1 0.822266 0.972656 0.027344 0.023438
1 0.853516 0.003906 0.027344 0.007812
