1 0.441406 0.039062 0.039062 0.046875
1 0.691406 0.052734 0.023438 0.027344
1 0.828125 0.085938 0.070312 0.062500
1 0.525391 0.089844 0.058594 0.054688
1 0.134766 0.111328 0.027344 0.035156
1 0.716797 0.130859 0.050781 0.042969
1 0.095703 0.191406 0.066406 0.093750
1 0.571742 0.150391 0.034108 0.011719
1 0.466797 0.154297 0.019531 0.011719
1 0.941406 0.208984 0.062500 0.066406
1 0.412109 0.205078 0.050781 0.042969
1 0.007812 0.222656 0.015625 0.039062
1 0.220703 0.212891 0.027344 0.019531
1 0.982422 0.265625 0.035156 0.031250
1 0.669922 0.310547 0.042969 0.050781
1 0.892578 0.308594 0.042969 0.039062
1 0.228516 0.382812 0.019531 0.023438
1 0.169922 0.457031 0.011719 0.015625
1 0.558594 0.515625 0.101562 0.093750
1 0.962891 0.550781 0.074219 0.156250
1 0.666016 0.566406 0.050781 0.054688
1 0.244141 0.587891 0.066406 0.058594
1 0.408203 0.603516 0.035156 0.035156
1 0.353516 0.695312 0.011719 0.015625
1 0.187500 0.712891 0.015625 0.019531
1 0.242188 0.744141 0.062500 0.058594
1 0.626953 0.779297 0.089844 0.074219
1 0.583984 0.855469 0.042969 0.039062
1 0.925781 0.853516 0.023438 0.011719
1 0.546875 0.947266 0.046875 0.074219
1 0.947266 0.943418 0.019531 0.011836
1 0.195312 0.974609 0.039062 0.035156
1 0.739304 0.163350 0.022295 0.024009
1 0.021820 0.714189 0.043617 0.058155
1 0.086101 0.988281 0.086265 0.023438
1 0.144531 0.992188 0.039062 0.015625
1 0.030543 0.769436 0.045070 0.049432
1 0.537227 0.287397 0.024009 0.018293
