1 0.867188 0.048828 0.078125 0.066406
1 0.509766 0.060547 0.035156 0.035156
1 0.750000 0.119141 0.039062 0.035156
1 0.134766 0.142578 0.050781 0.050781
1 0.529297 0.136719 0.027344 0.039062
1 0.630859 0.275391 0.136719 0.074219
1 0.154297 0.314453 0.074219 0.074219
1 0.410156 0.291016 0.023438 0.019531
1 0.966797 0.373047 0.066406 0.066406
1 0.333984 0.421875 0.042969 0.031250
1 0.193359 0.449219 0.027344 0.007812
1 0.222656 0.474609 0.023438 0.027344
1 0.826172 0.494141 0.035156 0.042969
1 0.736328 0.542969 0.074219 0.046875
1 0.396484 0.535156 0.019531 0.015625
1 0.687500 0.707031 0.156250 0.187500
1 0.140625 0.695312 0.070312 0.093750
1 0.992188 0.671875 0.015625 0.015625
1 0.544922 0.861328 0.035156 0.058594
1 0.736328 0.972656 0.019531 0.015625
1 0.376953 0.984375 0.066406 0.031250
1 0.562500 0.990234 0.070312 0.019531
1 0.888821 0.933953 0.083740 0.090293
1 0.897688 0.989304 0.034983 0.021391
1 0.655710 0.011689 0.039114 0.023378
1 0.259921 0.465471 0.022302 0.022748
1 0.942827 0.970367 0.026433 0.030349
1 0.933594 0.216797 0.109375 0.113281
1 0.992188 0.035156 0.015625 0.046875
1 0.994141 0.294911 0.011719 0.028093
