1 0.017578 0.011719 0.035156 0.023438
1 0.183594 0.021484 0.039062 0.042969
1 0.410156 0.007812 0.031250 0.015625
1 0.873047 0.195312 0.042969 0.046875
1 0.238281 0.230469 0.132812 0.101562
1 0.425781 0.242188 0.070312 0.117188
1 0.921875 0.341797 0.039062 0.035156
1 0.630859 0.412109 0.066406 0.050781
1 0.792969 0.439453 0.078125 0.042969
1 0.658203 0.476562 0.050781 0.039062
1 0.896484 0.500000 0.019531 0.023438
1 0.957031 0.593750 0.031250 0.039062
1 0.886719 0.591797 0.023438 0.019531
1 0.160156 0.625000 0.062500 0.078125
1 0.388672 0.611328 0.035156 0.050781
1 0.027344 0.882812 0.054688 0.234375
1 0.105469 0.695312 0.039062 0.039062
1 0.708984 0.759766 0.035156 0.042969
1 0.978516 0.875000 0.035156 0.039062
1 0.242188 0.902344 0.031250 0.031250
1 0.169922 0.308594 0.050781 0.070312
1 0.099609 0.560547 0.050781 0.097656
1 0.361328 0.878906 0.066406 0.039062
1 0.144097 0.988281 0.055556 0.023438
1 0.780189 0.838597 0.030164 0.043313
1 0.759866 0.791233 0.057547 0.081243
1 0.181641 0.421875 0.035156 0.039062
1 0.624885 0.814506 0.061779 0.041468
1 0.925606 0.979101 0.060176 0.041799
1 0.883031 0.936165 0.032320 0.048480
