1 0.548536 0.135334 0.051366 0.051918
1 0.810547 0.265625 0.042969 0.070312
1 0.509766 0.244141 0.027344 0.019531
1 0.939453 0.357422 0.050781 0.035156
1 0.328125 0.404297 0.062500 0.066406
1 0.876953 0.443359 0.113281 0.097656
1 0.707031 0.550781 0.039062 0.039062
1 0.363281 0.607422 0.023438 0.027344
1 0.064453 0.794922 0.128906 0.191406
1 0.068359 0.673828 0.050781 0.050781
1 0.248047 0.724609 0.027344 0.019531
1 0.218750 0.787109 0.085938 0.058594
1 0.642578 0.882812 0.050781 0.070312
1 0.359375 0.882812 0.031250 0.031250
1 0.447266 0.957031 0.019531 0.015625
1 0.783203 0.994141 0.019531 0.011719
1 0.611328 0.996094 0.027344 0.007812
1 0.206294 0.491392 0.072427 0.073847
1 0.247477 0.440978 0.032663 0.045444
1 0.927734 0.810547 0.082031 0.121094
1 0.958115 0.769324 0.034198 0.044562
1 0.262951 0.993991 0.030740 0.012017
1 0.210199 0.408670 0.040474 0.054675
