1 0.330078 0.017578 0.035156 0.035156
1 0.095703 0.068359 0.042969 0.042969
1 0.634766 0.220703 0.027344 0.027344
1 0.408203 0.292969 0.058594 0.078125
1 0.660156 0.355469 0.031250 0.031250
1 0.949219 0.644531 0.039062 0.039062
1 0.779297 0.667969 0.035156 0.046875
1 0.957031 0.857422 0.039062 0.027344
1 0.271484 0.951172 0.058594 0.050781
1 0.766927 0.974609 0.091146 0.050781
1 0.031250 0.546875 0.062500 0.078125
1 0.078125 0.798828 0.062500 0.035156
1 0.105469 0.839844 0.031250 0.031250
1 0.067109 0.593867 0.047123 0.043354
1 0.603373 0.435532 0.026389 0.035814
1 0.608086 0.477943 0.032044 0.033929
1 0.799468 0.336539 0.034052 0.030268
1 0.762106 0.231546 0.042565 0.043511
1 0.419769 0.930024 0.033715 0.032249
1 0.431129 0.969601 0.035913 0.043975
1 0.381502 0.997993 0.023741 0.004013
1 0.625000 0.759766 0.046875 0.042969
