1 0.195312 0.029297 0.039062 0.050781
1 0.362859 0.062500 0.022593 0.015625
1 0.361328 0.117188 0.042969 0.046875
1 0.564453 0.160156 0.152344 0.070312
1 0.824219 0.199219 0.023438 0.039062
1 0.822266 0.255859 0.019531 0.019531
1 0.980469 0.359375 0.039062 0.109375
1 0.750000 0.326172 0.039062 0.042969
1 0.423828 0.337891 0.058594 0.050781
1 0.572266 0.421875 0.097656 0.109375
1 0.833984 0.439453 0.105469 0.089844
1 0.707031 0.482422 0.046875 0.042969
1 0.160156 0.529297 0.015625 0.019531
1 0.662109 0.572266 0.019531 0.027344
1 0.351562 0.652344 0.046875 0.054688
1 0.919922 0.675781 0.019531 0.015625
1 0.353516 0.728516 0.035156 0.027344
1 0.964844 0.765625 0.023438 0.023438
1 0.134738 0.910036 0.051896 0.046634
1 0.736328 0.984375 0.035156 0.031250
1 0.851562 0.988281 0.093750 0.023438
1 0.507812 0.992188 0.046875 0.015625
1 0.131243 0.660595 0.134121 0.099857
1 0.147886 0.723740 0.038180 0.034264
1 0.554688 0.324219 0.039062 0.039062
1 0.205157 0.684580 0.113563 0.081256
