1 0.825550 0.795950 0.016843 0.015646
1 0.969705 0.788261 0.028541 0.018903
1 0.925672 0.828401 0.062938 0.053839
1 0.856797 0.916128 0.063787 0.050511
1 0.977777 0.454585 0.028807 0.014854
1 0.928380 0.776588 0.020908 0.021934
1 0.861600 0.600612 0.025460 0.022816
1 0.584166 0.375602 0.023920 0.037042
1 0.636421 0.392638 0.029021 0.027040
1 0.839135 0.512238 0.016505 0.012605
1 0.880075 0.284292 0.017770 0.015739
1 0.924216 0.326533 0.016988 0.015439
1 0.929700 0.354158 0.044989 0.034138
1 0.744128 0.385136 0.030690 0.022380
1 0.799884 0.225659 0.043380 0.020995
1 0.819852 0.031869 0.026373 0.023732
1 0.859732 0.115794 0.030359 0.017076
1 0.829261 0.096225 0.018487 0.018718
1 0.984149 0.117851 0.029214 0.025227
1 0.548039 0.014015 0.025757 0.018459
1 0.223655 0.662444 0.023458 0.016674
1 0.662348 0.468911 0.022289 0.033166
1 0.566237 0.490466 0.034097 0.026287
1 0.702082 0.610833 0.047370 0.028542
1 0.866536 0.700020 0.022380 0.014312
1 0.980541 0.518506 0.038918 0.038483
1 0.903861 0.489496 0.031516 0.029115
1 0.461671 0.004273 0.024617 0.008547
1 0.737892 0.092942 0.027619 0.017598
1 0.727329 0.134476 0.035261 0.023472
1 0.909691 0.200371 0.052745 0.043094
1 0.811975 0.091963 0.033222 0.026363
1 0.946629 0.292414 0.039073 0.038797
1 0.910047 0.021044 0.034161 0.042088
1 0.966598 0.019213 0.066804 0.038425
1 0.811515 0.154498 0.085955 0.078750
