1 0.189453 0.041016 0.035156 0.027344
1 0.630859 0.070312 0.019531 0.023438
1 0.435547 0.101562 0.042969 0.039062
1 0.224609 0.101562 0.027344 0.023438
1 0.142578 0.113281 0.019531 0.023438
1 0.347656 0.156250 0.085938 0.054688
1 0.691406 0.173828 0.054688 0.035156
1 0.074219 0.191406 0.023438 0.015625
1 0.199219 0.203125 0.031250 0.015625
1 0.050781 0.250000 0.039062 0.039062
1 0.371094 0.314453 0.132812 0.105469
1 0.935547 0.300781 0.066406 0.062500
1 0.593750 0.328125 0.015625 0.015625
1 0.216797 0.373047 0.050781 0.050781
1 0.285156 0.365234 0.039062 0.035156
1 0.488281 0.390625 0.023438 0.015625
1 0.960938 0.396484 0.023438 0.019531
1 0.320312 0.419922 0.015625 0.019531
1 0.433650 0.464532 0.101450 0.069690
1 0.974609 0.455078 0.019531 0.035156
1 0.529297 0.457031 0.019531 0.015625
1 0.626953 0.474609 0.027344 0.027344
1 0.949219 0.498047 0.023438 0.019531
1 0.296875 0.529297 0.015625 0.027344
1 0.027344 0.578125 0.054688 0.101562
1 0.431641 0.546875 0.027344 0.023438
1 0.910156 0.576172 0.039062 0.027344
1 0.777344 0.609375 0.015625 0.015625
1 0.691406 0.683594 0.023438 0.039062
1 0.900391 0.701172 0.027344 0.042969
1 0.343750 0.750000 0.015625 0.023438
1 0.097656 0.810547 0.023438 0.027344
1 0.296875 0.822266 0.039062 0.035156
1 0.978516 0.845703 0.035156 0.058594
1 0.201172 0.896484 0.128906 0.152344
1 0.625000 0.853516 0.015625 0.019531
1 0.814453 0.900391 0.019531 0.019531
1 0.150391 0.949219 0.019531 0.023438
1 0.445312 0.955078 0.031250 0.027344
1 0.361328 0.968750 0.035156 0.039062
1 0.601562 0.197266 0.062500 0.066406
1 0.560229 0.156383 0.015311 0.012030
1 0.585931 0.146130 0.019139 0.015038
