1 0.869141 0.990234 0.042969 0.019531
1 0.767578 0.703125 0.082031 0.078125
1 0.380534 0.982422 0.081380 0.035156
1 0.988281 0.939453 0.023438 0.027344
1 0.501953 0.054688 0.058594 0.062500
1 0.224609 0.587891 0.074219 0.082031
1 0.827867 0.887338 0.038898 0.038898
1 0.046875 0.019531 0.023438 0.023438
1 0.939453 0.041016 0.050781 0.050781
1 0.283203 0.062500 0.027344 0.015625
1 0.210938 0.085938 0.031250 0.023438
1 0.843750 0.191406 0.031250 0.031250
1 0.175781 0.224609 0.031250 0.035156
1 0.398438 0.341797 0.031250 0.027344
1 0.937500 0.351562 0.023438 0.031250
1 0.009766 0.435547 0.019531 0.027344
1 0.855469 0.554688 0.054688 0.046875
1 0.208984 0.664062 0.042969 0.054688
1 0.822266 0.648438 0.019531 0.023438
1 0.925781 0.662109 0.039062 0.035156
1 0.494141 0.718750 0.066406 0.062500
1 0.644531 0.859375 0.031250 0.031250
1 0.091797 0.957031 0.035156 0.039062
1 0.169922 0.982422 0.058594 0.035156
