1 0.546875 0.175781 0.109375 0.109375
1 0.541016 0.082031 0.089844 0.093750
1 0.222656 0.060547 0.078125 0.082031
1 0.218750 0.166016 0.070312 0.082031
1 0.318359 0.160156 0.058594 0.054688
1 0.378906 0.205078 0.046875 0.050781
1 0.339844 0.263672 0.031250 0.035156
1 0.568359 0.470703 0.207031 0.207031
1 0.808594 0.486328 0.070312 0.066406
1 0.189453 0.833984 0.066406 0.082031
1 0.318359 0.750000 0.058594 0.039062
1 0.574219 0.857422 0.078125 0.082031
1 0.613281 0.890625 0.031250 0.023438
1 0.222656 0.788870 0.039062 0.030865
1 0.101562 0.003906 0.031250 0.007812
1 0.859375 0.072266 0.039062 0.027344
1 0.363281 0.085938 0.046875 0.023438
1 0.101562 0.210938 0.023438 0.023438
1 0.755859 0.242188 0.035156 0.031250
1 0.076172 0.273438 0.042969 0.062500
1 0.681641 0.341797 0.050781 0.042969
1 0.062500 0.351562 0.054688 0.046875
1 0.707031 0.429688 0.031250 0.031250
1 0.382812 0.519531 0.039062 0.062500
1 0.042969 0.517578 0.039062 0.035156
1 0.566406 0.607422 0.046875 0.050781
1 0.513672 0.689453 0.027344 0.019531
1 0.423828 0.716797 0.042969 0.035156
1 0.248047 0.718750 0.042969 0.031250
1 0.099609 0.808594 0.066406 0.054688
1 0.462891 0.914062 0.042969 0.039062
