1 0.683594 0.005859 0.046875 0.011719
1 0.642578 0.070312 0.019531 0.015625
1 0.468750 0.103516 0.039062 0.035156
1 0.167969 0.117188 0.031250 0.023438
1 0.570312 0.220703 0.054688 0.050781
1 0.130859 0.230469 0.042969 0.054688
1 0.586066 0.341493 0.030993 0.026736
1 0.890625 0.337891 0.015625 0.019531
1 0.050781 0.488281 0.031250 0.031250
1 0.496094 0.488281 0.023438 0.023438
1 0.566406 0.503906 0.039062 0.039062
1 0.183594 0.644531 0.015625 0.015625
1 0.619141 0.792969 0.019531 0.023438
1 0.132812 0.812500 0.015625 0.015625
1 0.867188 0.839844 0.140625 0.125000
1 0.977127 0.313762 0.043117 0.040581
1 0.936229 0.321054 0.043751 0.028534
1 0.929571 0.350222 0.036777 0.037411
1 0.314453 0.351562 0.082031 0.093750
1 0.950813 0.389535 0.055165 0.048824
1 0.951172 0.912109 0.097656 0.105469
