1 0.097656 0.007812 0.031250 0.015625
1 0.818359 0.011719 0.042969 0.023438
1 0.990234 0.011719 0.019531 0.023438
1 0.013672 0.119141 0.027344 0.082031
1 0.433594 0.128906 0.046875 0.054688
1 0.691406 0.119141 0.031250 0.027344
1 0.736328 0.138672 0.035156 0.035156
1 0.136719 0.146484 0.031250 0.027344
1 0.917969 0.203125 0.039062 0.093750
1 0.820312 0.189453 0.031250 0.035156
1 0.449219 0.220703 0.085938 0.074219
1 0.757812 0.199219 0.023438 0.015625
1 0.371094 0.246094 0.023438 0.023438
1 0.951172 0.296875 0.019531 0.039062
1 0.443359 0.330078 0.066406 0.066406
1 0.570312 0.318359 0.039062 0.027344
1 0.248047 0.382812 0.074219 0.062500
1 0.046875 0.380859 0.015625 0.019531
1 0.785156 0.539062 0.171875 0.281250
1 0.376953 0.457031 0.019531 0.023438
1 0.878906 0.539062 0.039062 0.031250
1 0.974609 0.576172 0.050781 0.097656
1 0.244141 0.550781 0.019531 0.015625
1 0.031250 0.587891 0.062500 0.074219
1 0.601562 0.560547 0.031250 0.019531
1 0.345703 0.640625 0.027344 0.023438
1 0.472656 0.652344 0.015625 0.015625
1 0.285156 0.691406 0.062500 0.054688
1 0.945312 0.675781 0.015625 0.015625
1 0.107422 0.789062 0.019531 0.015625
1 0.033203 0.830078 0.066406 0.082031
1 0.324219 0.828125 0.085938 0.062500
1 0.539062 0.873047 0.023438 0.011719
1 0.791016 0.880859 0.019531 0.019531
1 0.031250 0.914062 0.062500 0.039062
1 0.658203 0.951172 0.121094 0.097656
1 0.177734 0.996094 0.019531 0.007812
