1 0.554688 0.087891 0.117188 0.074219
1 0.351196 0.134766 0.086670 0.089844
1 0.935547 0.152344 0.074219 0.078125
1 0.123047 0.177734 0.167969 0.121094
1 0.705078 0.152344 0.035156 0.031250
1 0.455078 0.167969 0.019531 0.023438
1 0.812500 0.187500 0.023438 0.023438
1 0.492188 0.236328 0.062500 0.097656
1 0.251953 0.236328 0.019531 0.019531
1 0.955078 0.259766 0.042969 0.035156
1 0.644531 0.324219 0.062500 0.101562
1 0.314453 0.287109 0.019531 0.011719
1 0.871094 0.322266 0.023438 0.027344
1 0.025391 0.320312 0.019531 0.015625
1 0.009766 0.359375 0.019531 0.023438
1 0.964844 0.400391 0.023438 0.027344
1 0.125000 0.427734 0.070312 0.042969
1 0.242188 0.460938 0.031250 0.031250
1 0.769531 0.544922 0.085938 0.066406
1 0.009766 0.562500 0.011719 0.015625
1 0.951172 0.599609 0.027344 0.019531
1 0.535156 0.619141 0.023438 0.019531
1 0.248047 0.652344 0.019531 0.023438
1 0.599609 0.656250 0.050781 0.023438
1 0.730469 0.683594 0.031250 0.039062
1 0.552734 0.703125 0.042969 0.046875
1 0.880859 0.716797 0.066406 0.066406
1 0.650391 0.818359 0.027344 0.019531
1 0.720703 0.886719 0.011719 0.015625
1 0.513672 0.943359 0.113281 0.058594
1 0.021406 0.718991 0.042812 0.077642
1 0.115234 0.746094 0.113281 0.062500
1 0.127479 0.707498 0.033743 0.019282
1 0.290911 0.107129 0.021030 0.012698
1 0.170681 0.059315 0.030554 0.015475
1 0.047603 0.518090 0.018918 0.012612
