1 0.238281 0.023438 0.015625 0.015625
1 0.275391 0.109375 0.050781 0.023438
1 0.859375 0.181641 0.062500 0.058594
1 0.617188 0.183594 0.023438 0.046875
1 0.123047 0.205078 0.019531 0.011719
1 0.216797 0.273438 0.074219 0.085938
1 0.384766 0.277344 0.058594 0.031250
1 0.996094 0.285156 0.007812 0.023438
1 0.509766 0.277344 0.011719 0.015625
1 0.060547 0.333984 0.058594 0.042969
1 0.585938 0.330078 0.015625 0.027344
1 0.804688 0.363281 0.078125 0.085938
1 0.908203 0.347656 0.027344 0.039062
1 0.626953 0.373047 0.019531 0.011719
1 0.234375 0.437500 0.187500 0.125000
1 0.021484 0.492188 0.019531 0.015625
1 0.697266 0.539062 0.066406 0.093750
1 0.994141 0.589844 0.011719 0.015625
1 0.439453 0.619141 0.019531 0.019531
1 0.037109 0.648438 0.027344 0.031250
1 0.316406 0.685547 0.015625 0.027344
1 0.783203 0.685547 0.019531 0.019531
1 0.925781 0.728516 0.039062 0.058594
1 0.865234 0.724609 0.050781 0.042969
1 0.074219 0.757812 0.015625 0.023438
1 0.677734 0.796875 0.019531 0.023438
1 0.490234 0.804688 0.042969 0.023438
1 0.154297 0.845703 0.027344 0.035156
1 0.261719 0.857422 0.039062 0.050781
1 0.765625 0.873047 0.023438 0.027344
1 0.316406 0.931641 0.085938 0.089844
1 0.619141 0.910156 0.035156 0.031250
1 0.912109 0.970703 0.058594 0.050781
1 0.595703 0.984375 0.042969 0.031250
1 0.500000 0.017578 0.046875 0.035156
1 0.464844 0.037109 0.023438 0.019531
