1 0.785156 0.003906 0.023438 0.007812
1 0.611328 0.009766 0.035156 0.019531
1 0.044922 0.029297 0.019531 0.019531
1 0.972656 0.050781 0.046875 0.046875
1 0.419922 0.140625 0.035156 0.039062
1 0.003906 0.171875 0.007812 0.031250
1 0.871094 0.185547 0.015625 0.019531
1 0.605469 0.212891 0.046875 0.050781
1 0.468750 0.369141 0.289062 0.308594
1 0.083984 0.306641 0.058594 0.097656
1 0.984375 0.273438 0.031250 0.031250
1 0.890625 0.369141 0.054688 0.042969
1 0.636719 0.392578 0.046875 0.058594
1 0.791016 0.390625 0.042969 0.046875
1 0.953125 0.417969 0.023438 0.031250
1 0.101562 0.486328 0.031250 0.027344
1 0.853516 0.519531 0.027344 0.031250
1 0.091797 0.568359 0.027344 0.035156
1 0.140625 0.615234 0.078125 0.058594
1 0.003906 0.603516 0.007812 0.027344
1 0.972656 0.626953 0.046875 0.050781
1 0.472656 0.677734 0.023438 0.019531
1 0.910156 0.701172 0.015625 0.019531
1 0.687500 0.726562 0.039062 0.031250
1 0.939453 0.781250 0.058594 0.039062
1 0.808594 0.904297 0.164062 0.128906
1 0.222656 0.894531 0.015625 0.015625
1 0.933594 0.898438 0.039062 0.023438
1 0.195312 0.990234 0.015625 0.019531
1 0.005940 0.497382 0.011880 0.023603
1 0.265625 0.062500 0.070312 0.093750
1 0.329699 0.806463 0.071610 0.045904
1 0.356782 0.833546 0.039477 0.035805
1 0.379734 0.808758 0.021116 0.028460
1 0.461812 0.814851 0.036692 0.034350
1 0.374226 0.776166 0.032133 0.033051
1 0.264217 0.007556 0.033271 0.015111
1 0.041207 0.506564 0.044496 0.042979
