1 0.628906 0.005859 0.023438 0.011719
1 0.511719 0.064453 0.015625 0.019531
1 0.199219 0.103516 0.046875 0.050781
1 0.312500 0.115234 0.031250 0.035156
1 0.107422 0.142578 0.019531 0.011719
1 0.013672 0.167969 0.027344 0.031250
1 0.562500 0.218750 0.015625 0.023438
1 0.662109 0.230469 0.027344 0.015625
1 0.478516 0.275391 0.066406 0.082031
1 0.761719 0.257812 0.039062 0.023438
1 0.101562 0.267578 0.023438 0.027344
1 0.167969 0.277344 0.015625 0.023438
1 0.083984 0.314453 0.058594 0.027344
1 0.781250 0.359375 0.031250 0.054688
1 0.160156 0.355469 0.023438 0.015625
1 0.666016 0.503906 0.019531 0.023438
1 0.072266 0.554688 0.082031 0.109375
1 0.164062 0.513672 0.023438 0.019531
1 0.523438 0.513672 0.015625 0.019531
1 0.357422 0.570312 0.058594 0.054688
1 0.746094 0.574219 0.054688 0.023438
1 0.923828 0.603516 0.035156 0.035156
1 0.980469 0.656250 0.039062 0.054688
1 0.089844 0.658203 0.023438 0.011719
1 0.058594 0.681641 0.023438 0.027344
1 0.996094 0.769531 0.007812 0.023438
1 0.189453 0.824219 0.035156 0.039062
1 0.033203 0.904297 0.019531 0.019531
1 0.904297 0.927734 0.027344 0.035156
1 0.816406 0.927734 0.015625 0.019531
1 0.714844 0.958984 0.039062 0.035156
1 0.566406 0.966797 0.015625 0.019531
1 0.212891 0.306641 0.042969 0.050781
1 0.246387 0.133849 0.021252 0.020493
1 0.340884 0.111837 0.014421 0.020493
1 0.442972 0.082615 0.027325 0.012144
1 0.748475 0.170281 0.018975 0.015939
1 0.728266 0.015574 0.023229 0.022261
1 0.697969 0.652759 0.029149 0.018218
1 0.855469 0.691406 0.117188 0.140625
1 0.671875 0.314453 0.039062 0.035156
1 0.927734 0.412109 0.035156 0.019531
1 0.867188 0.648438 0.031250 0.031250
1 0.855469 0.984375 0.031250 0.031250
