1 0.363281 0.044922 0.023438 0.035156
1 0.027344 0.054688 0.015625 0.015625
1 0.919922 0.173828 0.050781 0.058594
1 0.265625 0.179688 0.023438 0.031250
1 0.310547 0.218750 0.035156 0.039062
1 0.119141 0.244141 0.027344 0.019531
1 0.953125 0.244141 0.023438 0.011719
1 0.019531 0.359375 0.039062 0.031250
1 0.017578 0.414062 0.035156 0.023438
1 0.664062 0.435547 0.031250 0.035156
1 0.054688 0.513672 0.015625 0.019531
1 0.361328 0.593750 0.042969 0.062500
1 0.484375 0.650391 0.039062 0.027344
1 0.085938 0.759766 0.015625 0.027344
1 0.783203 0.603516 0.074219 0.058594
1 0.017578 0.291016 0.035156 0.050781
1 0.734375 0.566406 0.046875 0.039062
