1 0.468750 0.029297 0.054688 0.058594
1 0.691406 0.013672 0.046875 0.027344
1 0.531250 0.095703 0.054688 0.050781
1 0.994141 0.080078 0.011719 0.011719
1 0.996094 0.142578 0.007812 0.027344
1 0.949219 0.191406 0.046875 0.031250
1 0.501953 0.291016 0.050781 0.050781
1 0.205078 0.339844 0.019531 0.039062
1 0.755859 0.419922 0.027344 0.027344
1 0.505859 0.445312 0.042969 0.039062
1 0.003906 0.496094 0.007812 0.031250
1 0.105469 0.496094 0.039062 0.023438
1 0.845703 0.537109 0.035156 0.042969
1 0.996094 0.662109 0.007812 0.027344
1 0.878906 0.662109 0.031250 0.027344
1 0.210938 0.708984 0.054688 0.042969
1 0.322266 0.759766 0.066406 0.050781
1 0.574219 0.792969 0.070312 0.062500
1 0.263672 0.832031 0.097656 0.078125
1 0.050781 0.898438 0.078125 0.070312
1 0.865234 0.888672 0.050781 0.042969
1 0.142578 0.908203 0.042969 0.050781
1 0.248047 0.919922 0.042969 0.042969
1 0.806641 0.945312 0.019531 0.023438
1 0.619141 0.994141 0.027344 0.011719
1 0.175781 0.150391 0.156250 0.160156
1 0.697266 0.621094 0.042969 0.046875
1 0.669922 0.416016 0.074219 0.066406
1 0.919922 0.054688 0.050781 0.062500
1 0.447266 0.718750 0.089844 0.054688
1 0.523438 0.679688 0.078125 0.078125
1 0.550781 0.908203 0.039062 0.050781
1 0.447266 0.957031 0.027344 0.039062
1 0.143711 0.231453 0.071177 0.044954
1 0.408964 0.270443 0.029536 0.028129
1 0.741589 0.215591 0.042193 0.030942
1 0.398416 0.480003 0.030942 0.030942
1 0.428654 0.444842 0.018284 0.033755
1 0.256365 0.481410 0.022503 0.025316
1 0.275352 0.510242 0.023910 0.029535
1 0.446444 0.908559 0.064058 0.028470
