1 0.701172 0.027344 0.042969 0.031250
1 0.197266 0.162109 0.058594 0.066406
1 0.880859 0.197266 0.042969 0.027344
1 0.494141 0.234375 0.113281 0.054688
1 0.904297 0.265625 0.113281 0.093750
1 0.777344 0.273438 0.046875 0.039062
1 0.378906 0.292969 0.031250 0.023438
1 0.791016 0.349609 0.074219 0.074219
1 0.990234 0.333984 0.019531 0.042969
1 0.921875 0.363281 0.085938 0.070312
1 0.619141 0.466797 0.089844 0.097656
1 0.976562 0.500000 0.046875 0.085938
1 0.117188 0.492188 0.039062 0.046875
1 0.314453 0.486328 0.019531 0.019531
1 0.421875 0.583984 0.078125 0.042969
1 0.085938 0.587891 0.039062 0.035156
1 0.746094 0.634766 0.054688 0.050781
1 0.349609 0.658203 0.027344 0.027344
1 0.349609 0.658203 0.027344 0.027344
1 0.654297 0.679688 0.035156 0.039062
1 0.123047 0.685547 0.035156 0.042969
1 0.064453 0.724609 0.082031 0.050781
1 0.580078 0.740234 0.019531 0.019531
1 0.800781 0.775391 0.054688 0.058594
1 0.011719 0.783203 0.023438 0.042969
1 0.515625 0.824219 0.093750 0.046875
1 0.509766 0.927734 0.027344 0.011719
1 0.324219 0.046875 0.242188 0.093750
1 0.816406 0.113281 0.171875 0.117188
1 0.460938 0.068359 0.031250 0.042969
1 0.470703 0.027344 0.042969 0.054688
1 0.335938 0.841797 0.125000 0.105469
1 0.392578 0.728516 0.089844 0.058594
1 0.107422 0.380859 0.121094 0.089844
1 0.062573 0.238470 0.030641 0.033983
1 0.424889 0.862689 0.061066 0.058087
1 0.446486 0.889499 0.038725 0.040214
1 0.947266 0.945312 0.042969 0.054688
1 0.445312 0.958984 0.054688 0.050781
1 0.658203 0.957031 0.035156 0.031250
1 0.378906 0.984375 0.031250 0.023438
