1 0.378906 0.113281 0.031250 0.031250
1 0.761719 0.154297 0.031250 0.027344
1 0.246094 0.169922 0.031250 0.027344
1 0.625000 0.195312 0.054688 0.046875
1 0.750000 0.238281 0.031250 0.031250
1 0.193359 0.283203 0.035156 0.027344
1 0.326172 0.308594 0.042969 0.046875
1 0.765625 0.328125 0.046875 0.046875
1 0.945312 0.333984 0.054688 0.050781
1 0.558594 0.529297 0.062500 0.066406
1 0.986328 0.708984 0.027344 0.050781
1 0.884766 0.783203 0.027344 0.035156
1 0.783203 0.919922 0.035156 0.035156
1 0.867188 0.517578 0.187500 0.160156
1 0.541016 0.767578 0.089844 0.105469
1 0.060547 0.746094 0.042969 0.039062
1 0.529297 0.853516 0.042969 0.035156
1 0.142578 0.023438 0.058594 0.046875
1 0.150391 0.080078 0.035156 0.050781
1 0.697266 0.404297 0.042969 0.042969
1 0.703125 0.349609 0.023438 0.027344
1 0.160156 0.957031 0.046875 0.031250
1 0.152890 0.592600 0.038219 0.041085
1 0.062500 0.651476 0.125000 0.185764
1 0.990635 0.842190 0.015521 0.058037
1 0.985236 0.790227 0.026319 0.029693
1 0.903315 0.198536 0.037529 0.034217
1 0.943630 0.042271 0.099163 0.084542
1 0.944155 0.211781 0.044151 0.034217
1 0.150979 0.530494 0.032486 0.035352
1 0.521484 0.986328 0.074219 0.027344
