1 0.373047 0.003906 0.042969 0.007812
1 0.714844 0.007812 0.046875 0.015625
1 0.882812 0.087891 0.125000 0.175781
1 0.447266 0.078125 0.042969 0.039062
1 0.992188 0.105469 0.015625 0.031250
1 0.552734 0.136719 0.019531 0.015625
1 0.128906 0.148438 0.015625 0.015625
1 0.431641 0.154297 0.011719 0.019531
1 0.343750 0.156250 0.031250 0.015625
1 0.662109 0.185547 0.035156 0.027344
1 0.085938 0.212891 0.070312 0.050781
1 0.527344 0.259766 0.046875 0.058594
1 0.013672 0.279297 0.027344 0.035156
1 0.746094 0.275391 0.023438 0.019531
1 0.257812 0.318359 0.046875 0.035156
1 0.517578 0.363281 0.089844 0.078125
1 0.597656 0.339844 0.023438 0.015625
1 0.019531 0.359375 0.023438 0.023438
1 0.617188 0.373047 0.015625 0.019531
1 0.617188 0.373047 0.015625 0.019531
1 0.447266 0.470703 0.082031 0.089844
1 0.210938 0.482422 0.085938 0.097656
1 0.130859 0.458984 0.019531 0.027344
1 0.636719 0.460938 0.039062 0.031250
1 0.287109 0.482422 0.027344 0.035156
1 0.869141 0.500000 0.011719 0.015625
1 0.072266 0.533203 0.019531 0.027344
1 0.917969 0.550781 0.039062 0.046875
1 0.021484 0.589844 0.042969 0.031250
1 0.662109 0.601562 0.035156 0.039062
1 0.470703 0.664062 0.019531 0.023438
1 0.943359 0.658203 0.019531 0.011719
1 0.283203 0.677734 0.019531 0.027344
1 0.203125 0.683594 0.023438 0.023438
1 0.419922 0.689453 0.027344 0.019531
1 0.710938 0.693359 0.023438 0.019531
1 0.169922 0.712891 0.019531 0.019531
1 0.570312 0.732422 0.015625 0.019531
1 0.818359 0.765625 0.113281 0.078125
1 0.660156 0.757812 0.031250 0.039062
1 0.726562 0.791016 0.023438 0.019531
1 0.996094 0.828125 0.007812 0.023438
1 0.486328 0.849609 0.066406 0.089844
1 0.269531 0.894531 0.195312 0.132812
1 0.025391 0.869141 0.019531 0.027344
1 0.132812 0.886719 0.023438 0.023438
1 0.750000 0.900391 0.031250 0.011719
1 0.562500 0.960938 0.093750 0.078125
1 0.511719 0.939453 0.015625 0.027344
1 0.419922 0.988281 0.058594 0.023438
1 0.726562 0.986328 0.031250 0.019531
1 0.892578 0.992188 0.035156 0.015625
1 0.343750 0.994141 0.031250 0.011719
1 0.029297 0.996094 0.019531 0.007812
