1 0.175781 0.371094 0.101562 0.054688
1 0.884766 0.208984 0.121094 0.128906
1 0.312500 0.052734 0.046875 0.035156
1 0.060547 0.597656 0.050781 0.046875
1 0.886719 0.777344 0.054688 0.062500
1 0.632812 0.660156 0.046875 0.031250
1 0.837891 0.410156 0.035156 0.031250
1 0.405274 0.122428 0.046425 0.047586
1 0.379740 0.150282 0.041782 0.052228
1 0.890744 0.884725 0.065168 0.125614
1 0.925507 0.865146 0.051437 0.053180
1 0.358269 0.393433 0.054549 0.046425
1 0.519531 0.033203 0.078125 0.066406
1 0.957031 0.046875 0.078125 0.078125
1 0.181641 0.109375 0.113281 0.148438
1 0.675781 0.105469 0.039062 0.046875
1 0.804688 0.111328 0.031250 0.027344
1 0.072266 0.212891 0.042969 0.042969
1 0.695312 0.218750 0.062500 0.054688
1 0.644531 0.476562 0.039062 0.031250
1 0.724609 0.513672 0.035156 0.027344
1 0.804688 0.781250 0.039062 0.039062
1 0.591797 0.900391 0.066406 0.042969
1 0.875000 0.982422 0.039062 0.035156
