1 0.121094 0.164062 0.023438 0.023438
1 0.080078 0.216797 0.042969 0.035156
1 0.984375 0.244141 0.023438 0.019531
1 0.646484 0.281250 0.019531 0.023438
1 0.382812 0.337891 0.078125 0.066406
1 0.712891 0.421875 0.035156 0.039062
1 0.535156 0.423828 0.031250 0.035156
1 0.046875 0.423828 0.023438 0.019531
1 0.876953 0.533203 0.042969 0.035156
1 0.919922 0.585938 0.011719 0.023438
1 0.205078 0.667969 0.027344 0.023438
1 0.501953 0.705078 0.058594 0.019531
1 0.400391 0.712891 0.042969 0.027344
1 0.048828 0.730469 0.082031 0.039062
1 0.175781 0.726562 0.015625 0.015625
1 0.453125 0.732422 0.023438 0.027344
1 0.919922 0.755859 0.011719 0.019531
1 0.273438 0.779297 0.039062 0.035156
1 0.177734 0.802734 0.019531 0.019531
1 0.421875 0.841797 0.039062 0.027344
1 0.638672 0.910156 0.027344 0.039062
1 0.708984 0.912109 0.042969 0.042969
1 0.392578 0.943359 0.035156 0.035156
1 0.671875 0.990234 0.062500 0.019531
1 0.170162 0.383326 0.035521 0.024551
1 0.996094 0.294922 0.007812 0.042969
