1 0.326172 0.017578 0.152344 0.035156
1 0.656250 0.029297 0.062500 0.058594
1 0.732422 0.021484 0.042969 0.042969
1 0.125000 0.011719 0.015625 0.015625
1 0.166016 0.050781 0.050781 0.078125
1 0.705078 0.123047 0.035156 0.035156
1 0.281250 0.228516 0.031250 0.019531
1 0.941406 0.242188 0.046875 0.031250
1 0.054688 0.352296 0.109375 0.196780
1 0.328125 0.308594 0.039062 0.039062
1 0.542969 0.382812 0.054688 0.046875
1 0.386719 0.384766 0.023438 0.027344
1 0.705078 0.410156 0.019531 0.015625
1 0.707031 0.505859 0.031250 0.027344
1 0.568359 0.601562 0.050781 0.046875
1 0.353516 0.691406 0.019531 0.015625
1 0.156250 0.828125 0.054688 0.039062
1 0.046875 0.830078 0.023438 0.035156
1 0.408203 0.855469 0.027344 0.039062
1 0.972656 0.853516 0.039062 0.035156
1 0.207031 0.880859 0.015625 0.019531
1 0.005859 0.919922 0.011719 0.019531
1 0.292969 0.951172 0.039062 0.035156
1 0.056641 0.499476 0.113281 0.086985
1 0.526036 0.241480 0.042587 0.023381
1 0.511005 0.179688 0.106050 0.106885
1 0.540231 0.303273 0.101039 0.095194
1 0.512257 0.326236 0.040082 0.052607
1 0.453388 0.328741 0.086009 0.069308
1 0.420821 0.241480 0.097699 0.130265
1 0.585263 0.233726 0.065610 0.073961
1 0.396188 0.191796 0.111895 0.077658
1 0.960337 0.682128 0.067805 0.057284
1 0.908899 0.685051 0.049100 0.051438
