1 0.103058 0.099870 0.026192 0.027795
1 0.821854 0.190744 0.041057 0.043789
1 0.014195 0.544199 0.028390 0.021836
1 0.048237 0.444338 0.029513 0.023796
1 0.817181 0.612440 0.030430 0.023517
1 0.781428 0.736709 0.021027 0.032198
1 0.524990 0.791386 0.021648 0.019784
1 0.022428 0.790728 0.044856 0.028300
1 0.052081 0.870013 0.104163 0.136979
1 0.018590 0.733712 0.037179 0.090266
1 0.030903 0.683370 0.061806 0.071689
1 0.089784 0.717354 0.080758 0.077859
1 0.140189 0.614116 0.044982 0.048943
1 0.024003 0.572718 0.048006 0.036334
1 0.081578 0.494276 0.056839 0.023360
1 0.221961 0.373277 0.046219 0.053295
1 0.073460 0.023456 0.028562 0.016744
1 0.080998 0.349653 0.161997 0.131081
