1 0.111328 0.011719 0.066406 0.023438
1 0.589844 0.056641 0.023438 0.027344
1 0.333984 0.128906 0.019531 0.023438
1 0.005859 0.173828 0.011719 0.058594
1 0.556641 0.220703 0.097656 0.050781
1 0.066406 0.320312 0.062500 0.070312
1 0.599609 0.330078 0.019531 0.011719
1 0.941406 0.359375 0.039062 0.046875
1 0.953125 0.433594 0.039062 0.046875
1 0.988281 0.521484 0.023438 0.066406
1 0.773438 0.503906 0.039062 0.031250
1 0.681641 0.583984 0.019531 0.027344
1 0.212891 0.595703 0.027344 0.027344
1 0.837891 0.695312 0.027344 0.023438
1 0.482422 0.707031 0.027344 0.023438
1 0.546875 0.730469 0.023438 0.039062
1 0.488281 0.771484 0.062500 0.066406
1 0.332031 0.906250 0.164062 0.187500
1 0.693359 0.841797 0.042969 0.035156
1 0.853516 0.861328 0.082031 0.066406
1 0.945312 0.873047 0.046875 0.050781
1 0.675781 0.880859 0.023438 0.019531
1 0.658203 0.994141 0.035156 0.011719
1 0.732422 0.994141 0.042969 0.011719
1 0.610830 0.153032 0.047724 0.073221
1 0.203179 0.108924 0.038120 0.030179
1 0.258771 0.103762 0.103241 0.103242
1 0.087032 0.213953 0.055195 0.071078
1 0.156125 0.126595 0.071078 0.048841
1 0.612138 0.100078 0.034649 0.032688
1 0.614621 0.832927 0.091228 0.037002
