1 0.625000 0.027344 0.046875 0.054688
1 0.937500 0.052734 0.101562 0.066406
1 0.347656 0.093750 0.054688 0.046875
1 0.535156 0.189453 0.062500 0.050781
1 0.015625 0.332031 0.031250 0.039062
1 0.847656 0.335938 0.023438 0.031250
1 0.132812 0.417969 0.164062 0.125000
1 0.917969 0.429688 0.093750 0.062500
1 0.992188 0.476562 0.015625 0.031250
1 0.007812 0.494141 0.015625 0.066406
1 0.595703 0.566406 0.035156 0.054688
1 0.382812 0.619141 0.085938 0.042969
1 0.128906 0.652344 0.031250 0.046875
1 0.656250 0.642578 0.023438 0.027344
1 0.326172 0.669922 0.035156 0.027344
1 0.523438 0.691406 0.031250 0.039062
1 0.847656 0.720703 0.039062 0.027344
1 0.755859 0.767578 0.074219 0.097656
1 0.277344 0.751953 0.039062 0.050781
1 0.064453 0.794922 0.019531 0.027344
1 0.361328 0.857422 0.042969 0.058594
1 0.958984 0.939453 0.074219 0.097656
1 0.064453 0.910156 0.035156 0.023438
1 0.582031 0.917969 0.031250 0.023438
1 0.699219 0.482422 0.062500 0.050781
1 0.849609 0.162109 0.074219 0.050781
1 0.431641 0.042969 0.042969 0.054688
1 0.464844 0.072266 0.031250 0.035156
1 0.367188 0.210938 0.039062 0.039062
1 0.347656 0.250000 0.031250 0.031250
1 0.642578 0.906250 0.027344 0.031250
1 0.662109 0.892578 0.042969 0.027344
1 0.369141 0.503906 0.058594 0.054688
1 0.107422 0.945312 0.027344 0.023438
1 0.478516 0.966797 0.035156 0.035156
1 0.898438 0.994141 0.015625 0.011719
