1 0.181641 0.005859 0.027344 0.011719
1 0.507812 0.007812 0.015625 0.015625
1 0.806641 0.027344 0.027344 0.023438
1 0.642578 0.031250 0.019531 0.015625
1 0.417969 0.058594 0.023438 0.015625
1 0.337891 0.099609 0.019531 0.019531
1 0.843750 0.150391 0.023438 0.019531
1 0.189453 0.171875 0.027344 0.023438
1 0.546875 0.183594 0.015625 0.015625
1 0.531250 0.236328 0.031250 0.050781
1 0.466797 0.246094 0.019531 0.023438
1 0.623047 0.263672 0.019531 0.019531
1 0.996094 0.357422 0.007812 0.027344
1 0.466797 0.386719 0.027344 0.023438
1 0.236328 0.449219 0.066406 0.039062
1 0.443359 0.472656 0.050781 0.054688
1 0.021484 0.505859 0.042969 0.050781
1 0.882812 0.515625 0.031250 0.031250
1 0.117188 0.546875 0.039062 0.039062
1 0.884766 0.566406 0.042969 0.023438
1 0.664062 0.607422 0.015625 0.027344
1 0.343750 0.644531 0.031250 0.054688
1 0.064453 0.673828 0.035156 0.019531
1 0.863281 0.697266 0.031250 0.042969
1 0.736328 0.837891 0.011719 0.019531
1 0.240234 0.839844 0.019531 0.015625
1 0.794922 0.873047 0.035156 0.035156
1 0.154297 0.871094 0.019531 0.015625
1 0.517578 0.945312 0.027344 0.023438
1 0.871094 0.962891 0.015625 0.027344
1 0.041016 0.812500 0.035156 0.031250
1 0.988281 0.713756 0.023438 0.076393
1 0.946181 0.289658 0.027940 0.026751
1 0.976499 0.288470 0.025562 0.023184
1 0.742188 0.527344 0.046875 0.046875
1 0.982422 0.779565 0.035156 0.028636
1 0.029297 0.773438 0.019531 0.023438
1 0.085938 0.962891 0.070312 0.074219
