2 0.199219 0.003906 0.031250 0.007812
2 0.982237 0.019531 0.034786 0.039062
2 0.871094 0.031250 0.023438 0.023438
2 0.732209 0.130859 0.022370 0.019531
2 0.521484 0.195312 0.082031 0.085938
2 0.291016 0.201172 0.058594 0.082031
2 0.792969 0.203125 0.031250 0.031250
2 0.875000 0.208984 0.015625 0.019531
2 0.494141 0.267578 0.011719 0.019531
2 0.865234 0.265625 0.019531 0.015625
2 0.980469 0.271484 0.023438 0.019531
2 0.847656 0.298828 0.015625 0.011719
2 0.396484 0.326172 0.027344 0.027344
2 0.330078 0.351562 0.011719 0.015625
2 0.074219 0.410156 0.023438 0.015625
2 0.027344 0.447266 0.054688 0.042969
2 0.550781 0.466797 0.023438 0.042969
2 0.488281 0.480469 0.039062 0.023438
2 0.892254 0.484166 0.042321 0.032336
2 0.738281 0.505859 0.015625 0.019531
2 0.173828 0.525391 0.027344 0.027344
2 0.939453 0.541016 0.019531 0.027344
2 0.070312 0.566406 0.039062 0.039062
2 0.701172 0.582031 0.019531 0.015625
2 0.501953 0.589844 0.027344 0.023438
2 0.712891 0.716797 0.089844 0.097656
2 0.097656 0.683594 0.015625 0.015625
2 0.875000 0.722656 0.046875 0.054688
2 0.527344 0.720703 0.023438 0.035156
2 0.257812 0.736328 0.031250 0.042969
2 0.375000 0.753906 0.023438 0.039062
2 0.062500 0.750000 0.031250 0.023438
2 0.820312 0.779297 0.031250 0.027344
2 0.369141 0.810547 0.019531 0.027344
2 0.554688 0.818359 0.039062 0.027344
2 0.072266 0.824219 0.019531 0.023438
2 0.857422 0.857422 0.042969 0.035156
2 0.777344 0.857422 0.015625 0.011719
2 0.533203 0.871094 0.019531 0.031250
2 0.689453 0.900391 0.113281 0.089844
2 0.189453 0.894531 0.019531 0.023438
2 0.289062 0.878906 0.023438 0.031250
2 0.408203 0.904297 0.019531 0.019531
2 0.023438 0.929688 0.015625 0.023438
2 0.574219 0.939453 0.046875 0.042969
2 0.166016 0.974609 0.035156 0.035156
2 0.212891 0.972656 0.019531 0.023438
2 0.982422 0.982422 0.035156 0.035156
2 0.531250 0.984375 0.054688 0.031250
2 0.966797 0.150391 0.035156 0.042969
2 0.987878 0.222355 0.024245 0.030648
2 0.998047 0.391742 0.003906 0.028998
2 0.937747 0.397940 0.091964 0.033704
2 0.665465 0.508638 0.030390 0.032363
2 0.587320 0.592703 0.024864 0.028416
2 0.458657 0.688805 0.044598 0.028022
2 0.948669 0.923279 0.050781 0.054688
2 0.004254 0.214376 0.008509 0.038562
2 0.938230 0.870514 0.049559 0.033630
2 0.785156 0.898438 0.062500 0.070312
2 0.991624 0.314884 0.016752 0.031296
2 0.917044 0.355328 0.029370 0.033222
2 0.620977 0.561029 0.067630 0.028684
2 0.419423 0.504619 0.022673 0.023968
2 0.628660 0.504296 0.025264 0.031094
2 0.639673 0.469638 0.025264 0.022673
2 0.787109 0.509766 0.035156 0.042969
2 0.969978 0.195273 0.036530 0.034387
2 0.930045 0.048855 0.031965 0.074054
2 0.324397 0.282070 0.034083 0.028545
2 0.290314 0.272484 0.020450 0.024710
2 0.113281 0.236328 0.031250 0.035156
2 0.162109 0.238281 0.027344 0.023438
2 0.658203 0.990234 0.027344 0.019531
