2 0.203125 0.068336 0.039062 0.027298
2 0.269531 0.095703 0.015625 0.011719
2 0.875000 0.140625 0.031250 0.015625
2 0.007812 0.169922 0.015625 0.011719
2 0.333984 0.287109 0.019531 0.011719
2 0.269531 0.412109 0.039062 0.027344
2 0.242188 0.449219 0.015625 0.015625
2 0.498047 0.511719 0.011719 0.031250
2 0.146484 0.525391 0.027344 0.027344
2 0.095703 0.576172 0.035156 0.027344
2 0.152344 0.753906 0.015625 0.015625
2 0.417969 0.761719 0.015625 0.015625
2 0.552734 0.773438 0.058594 0.039062
2 0.136719 0.888672 0.031250 0.027344
2 0.179748 0.513640 0.024078 0.019982
