2 0.017578 0.097656 0.035156 0.109375
2 0.705078 0.078125 0.066406 0.078125
2 0.419922 0.080078 0.066406 0.050781
2 0.468750 0.220703 0.117188 0.113281
2 0.984375 0.191406 0.031250 0.054688
2 0.634766 0.193359 0.042969 0.050781
2 0.039062 0.326172 0.078125 0.074219
2 0.027344 0.564453 0.054688 0.042969
2 0.285156 0.736328 0.179688 0.269531
2 0.810547 0.742188 0.089844 0.085938
2 0.361328 0.873047 0.082031 0.097656
2 0.478516 0.939453 0.074219 0.050781
2 0.072266 0.970703 0.144531 0.058594
2 0.072982 0.033466 0.073163 0.066750
2 0.163963 0.024077 0.071513 0.047310
2 0.579409 0.798021 0.180532 0.184790
2 0.817173 0.866846 0.035993 0.035993
