2 0.199724 0.208353 0.023130 0.027256
2 0.486328 0.626208 0.021875 0.023756
2 0.622129 0.880371 0.020586 0.020508
2 0.405896 0.053601 0.033306 0.043535
2 0.655859 0.210352 0.032031 0.025000
2 0.546289 0.330273 0.056641 0.034375
2 0.718721 0.932262 0.057771 0.049287
2 0.030780 0.224697 0.061560 0.058591
2 0.105078 0.476912 0.089844 0.077427
2 0.953171 0.368848 0.093657 0.120508
2 0.373047 0.371094 0.027344 0.023438
2 0.767578 0.005859 0.035156 0.011719
2 0.541016 0.011719 0.019531 0.023438
2 0.010937 0.025678 0.021873 0.028989
2 0.769946 0.232396 0.027050 0.037194
2 0.101128 0.651224 0.022738 0.035207
2 0.198609 0.439146 0.032521 0.014256
2 0.173884 0.395264 0.020493 0.017375
2 0.241234 0.224625 0.026386 0.013474
2 0.987241 0.174563 0.025518 0.021596
2 0.897755 0.242258 0.026027 0.017807
2 0.702964 0.132754 0.017123 0.019569
2 0.505646 0.063040 0.039953 0.035876
2 0.910858 0.802856 0.026602 0.025103
2 0.592206 0.703430 0.030843 0.017272
