2 0.226562 0.023438 0.015625 0.023438
2 0.824219 0.068359 0.031250 0.019531
2 0.166016 0.140625 0.050781 0.039062
2 0.871094 0.183594 0.039062 0.023438
2 0.304688 0.201172 0.015625 0.011719
2 0.990234 0.218750 0.019531 0.031250
2 0.810547 0.226562 0.027344 0.023438
2 0.216797 0.246094 0.019531 0.015625
2 0.400391 0.285156 0.027344 0.023438
2 0.966797 0.283203 0.019531 0.019531
2 0.876953 0.296875 0.019531 0.015625
2 0.104261 0.332031 0.111791 0.070312
2 0.857422 0.378906 0.027344 0.023438
2 0.738281 0.392578 0.015625 0.019531
2 0.062500 0.404297 0.023438 0.019531
2 0.394531 0.482422 0.031250 0.050781
2 0.940854 0.490234 0.055791 0.050781
2 0.166016 0.552734 0.050781 0.042969
2 0.273438 0.632812 0.023438 0.015625
2 0.005859 0.695312 0.011719 0.015625
2 0.494141 0.703125 0.019531 0.015625
2 0.361328 0.728516 0.035156 0.027344
2 0.673828 0.738281 0.027344 0.039062
2 0.255859 0.744141 0.019531 0.019531
2 0.294922 0.798828 0.027344 0.019531
2 0.117188 0.831754 0.023438 0.016180
2 0.324219 0.828125 0.023438 0.031250
2 0.171875 0.839844 0.015625 0.015625
2 0.173828 0.876084 0.019531 0.017793
2 0.222656 0.927734 0.015625 0.011719
2 0.063086 0.029832 0.062346 0.059664
2 0.112014 0.007437 0.022187 0.014873
