2 0.010605 0.578759 0.021209 0.022462
2 0.036816 0.742789 0.071493 0.045781
2 0.619036 0.392094 0.041545 0.038868
2 0.650259 0.370836 0.078880 0.044233
2 0.905576 0.259167 0.059077 0.025361
2 0.812077 0.026910 0.043984 0.034763
2 0.844378 0.157488 0.240107 0.119932
2 0.846761 0.850919 0.042030 0.042014
2 0.825573 0.876644 0.051558 0.027838
2 0.529374 0.392373 0.025535 0.021854
2 0.488429 0.507226 0.078996 0.124938
2 0.239345 0.353232 0.061172 0.046614
2 0.209774 0.109644 0.048601 0.046259
2 0.046361 0.098125 0.089335 0.152413
2 0.629073 0.133202 0.025634 0.026423
2 0.519476 0.861898 0.064095 0.051071
2 0.372902 0.855269 0.135391 0.054531
2 0.511165 0.744095 0.048281 0.046695
2 0.095690 0.890629 0.034100 0.029952
2 0.223778 0.543107 0.032673 0.027775
2 0.920844 0.596058 0.093846 0.080980
2 0.476175 0.651203 0.031675 0.038760
2 0.711599 0.703829 0.061937 0.059745
2 0.308285 0.545309 0.095598 0.098727
