2 0.013672 0.076172 0.027344 0.019531
2 0.451172 0.353516 0.050781 0.058594
2 0.605469 0.392578 0.062500 0.066406
2 0.156250 0.421875 0.085938 0.023438
2 0.439453 0.578125 0.128906 0.078125
2 0.867188 0.685547 0.039062 0.058594
2 0.412109 0.683594 0.027344 0.031250
2 0.991292 0.830078 0.017416 0.042969
2 0.507812 0.884766 0.046875 0.019531
2 0.949219 0.517578 0.101562 0.066406
2 0.688037 0.042994 0.054816 0.015348
2 0.994537 0.165825 0.010926 0.012305
2 0.876502 0.039782 0.110964 0.032459
2 0.564453 0.068359 0.042969 0.042969
2 0.265625 0.072266 0.054688 0.050781
