2 0.236328 0.279297 0.019531 0.027344
2 0.109375 0.300781 0.023438 0.015625
2 0.187500 0.384766 0.015625 0.011719
2 0.722656 0.441406 0.015625 0.015625
2 0.761719 0.478516 0.039062 0.027344
2 0.015625 0.492188 0.031250 0.031250
2 0.285156 0.697266 0.039062 0.027344
2 0.203125 0.728516 0.015625 0.011719
2 0.373047 0.740234 0.027344 0.019531
2 0.787109 0.892578 0.019531 0.027344
2 0.193359 0.914062 0.042969 0.046875
2 0.364925 0.983219 0.035213 0.033563
2 0.203435 0.996874 0.022648 0.006253
2 0.492994 0.459587 0.038018 0.040271
2 0.745360 0.684022 0.024868 0.011719
2 0.525361 0.390185 0.013742 0.021282
