2 0.187500 0.033203 0.054688 0.027344
2 0.044922 0.091797 0.035156 0.027344
2 0.113281 0.119141 0.015625 0.019531
2 0.935547 0.132812 0.019531 0.015625
2 0.384766 0.167969 0.027344 0.023438
2 0.933594 0.224609 0.093750 0.128906
2 0.128906 0.207031 0.023438 0.015625
2 0.478516 0.298828 0.027344 0.019531
2 0.919922 0.447266 0.035156 0.027344
2 0.740234 0.451172 0.019531 0.027344
2 0.333984 0.492188 0.027344 0.015625
2 0.746094 0.523438 0.031250 0.023438
2 0.548828 0.556641 0.074219 0.050781
2 0.269531 0.607422 0.046875 0.042969
2 0.945312 0.617188 0.039062 0.015625
2 0.119141 0.675781 0.019531 0.015625
2 0.814453 0.730469 0.027344 0.039062
2 0.722656 0.750000 0.023438 0.015625
2 0.232422 0.814453 0.066406 0.027344
2 0.947266 0.869141 0.019531 0.097656
2 0.523438 0.962891 0.023438 0.019531
2 0.640625 0.988281 0.031250 0.023438
