2 0.968750 0.007812 0.015625 0.015625
2 0.003906 0.085938 0.007812 0.015625
2 0.404297 0.160156 0.019531 0.031250
2 0.253906 0.164062 0.031250 0.031250
2 0.353516 0.162109 0.019531 0.019531
2 0.691406 0.179688 0.031250 0.023438
2 0.775391 0.183594 0.027344 0.015625
2 0.839844 0.195312 0.023438 0.015625
2 0.923828 0.201172 0.027344 0.011719
2 0.064453 0.216797 0.027344 0.019531
2 0.289062 0.224609 0.023438 0.011719
2 0.431641 0.248047 0.027344 0.019531
2 0.281250 0.263672 0.023438 0.019531
2 0.384766 0.271484 0.050781 0.027344
2 0.548828 0.292969 0.019531 0.015625
2 0.343750 0.388672 0.046875 0.042969
2 0.560547 0.406250 0.035156 0.031250
2 0.214844 0.431641 0.015625 0.019531
2 0.044922 0.455078 0.027344 0.019531
2 0.115234 0.457031 0.019531 0.015625
2 0.324219 0.519531 0.023438 0.023438
2 0.771484 0.554688 0.019531 0.023438
2 0.908203 0.591797 0.019531 0.019531
2 0.162109 0.623047 0.019531 0.011719
2 0.402344 0.654297 0.023438 0.011719
2 0.923828 0.689453 0.027344 0.027344
2 0.007812 0.710938 0.015625 0.039062
2 0.734375 0.851562 0.062500 0.062500
2 0.925781 0.835938 0.031250 0.015625
2 0.398438 0.925781 0.039062 0.015625
2 0.529297 0.953125 0.074219 0.039062
2 0.019531 0.949219 0.039062 0.039062
2 0.759766 0.966797 0.027344 0.019531
2 0.421826 0.994215 0.031424 0.011569
