2 0.134766 0.056641 0.082031 0.113281
2 0.267578 0.025391 0.128906 0.050781
2 0.468750 0.035156 0.070312 0.070312
2 0.728516 0.037109 0.105469 0.074219
2 0.988281 0.017578 0.023438 0.035156
2 0.556641 0.105469 0.105469 0.078125
2 0.552734 0.359375 0.050781 0.046875
2 0.263672 0.380859 0.066406 0.066406
2 0.792969 0.533203 0.195312 0.238281
2 0.285156 0.527344 0.085938 0.085938
2 0.966797 0.628906 0.066406 0.195312
2 0.716797 0.765625 0.042969 0.054688
2 0.123047 0.771484 0.050781 0.058594
2 0.005859 0.939453 0.011719 0.066406
2 0.902344 0.984375 0.039062 0.031250
2 0.373199 0.809238 0.173207 0.199952
2 0.328623 0.928317 0.137547 0.119716
