2 0.199219 0.007812 0.023438 0.015625
2 0.333984 0.021484 0.042969 0.042969
2 0.863281 0.009766 0.046875 0.019531
2 0.341797 0.087891 0.019531 0.019531
2 0.150391 0.167969 0.058594 0.031250
2 0.541016 0.171875 0.011719 0.015625
2 0.072266 0.183594 0.035156 0.023438
2 0.935547 0.195312 0.019531 0.023438
2 0.785156 0.199219 0.015625 0.023438
2 0.789062 0.242188 0.023438 0.015625
2 0.531250 0.265625 0.023438 0.031250
2 0.884766 0.285156 0.011719 0.031250
2 0.404297 0.292969 0.027344 0.023438
2 0.546875 0.326172 0.031250 0.019531
2 0.324219 0.337891 0.023438 0.019531
2 0.105469 0.351562 0.031250 0.023438
2 0.003906 0.384766 0.007812 0.019531
2 0.083984 0.421875 0.035156 0.031250
2 0.689443 0.429688 0.042989 0.046875
2 0.960938 0.431641 0.015625 0.011719
2 0.378906 0.484375 0.023438 0.015625
2 0.968750 0.511747 0.054688 0.054745
2 0.115234 0.505859 0.019531 0.011719
2 0.457031 0.511719 0.015625 0.015625
2 0.849609 0.521484 0.035156 0.027344
2 0.220703 0.542969 0.027344 0.015625
2 0.513672 0.582031 0.042969 0.023438
2 0.173828 0.589844 0.027344 0.023438
2 0.384766 0.623047 0.019531 0.011719
2 0.599609 0.632812 0.066406 0.031250
2 0.841797 0.640625 0.027344 0.031250
2 0.787109 0.652344 0.019531 0.015625
2 0.052734 0.765625 0.011719 0.015625
2 0.451172 0.773438 0.019531 0.015625
2 0.384766 0.789062 0.019531 0.023438
2 0.013672 0.796875 0.027344 0.023438
2 0.718750 0.841797 0.046875 0.042969
2 0.951172 0.837891 0.019531 0.019531
2 0.640625 0.933594 0.039062 0.039062
2 0.800781 0.941406 0.046875 0.031250
2 0.005859 0.958984 0.011719 0.011719
2 0.941479 0.968974 0.023291 0.016073
2 0.878906 0.988281 0.023438 0.023438
2 0.642346 0.422002 0.035853 0.023947
2 0.555095 0.915354 0.016993 0.012769
2 0.529251 0.902747 0.019864 0.023670
2 0.004038 0.345473 0.008076 0.011645
