2 0.121094 0.294922 0.046875 0.050781
2 0.042969 0.343750 0.062500 0.062500
2 0.601562 0.341797 0.023438 0.027344
2 0.701172 0.474609 0.050781 0.074219
2 0.021484 0.505859 0.042969 0.035156
2 0.589844 0.542969 0.039062 0.031250
2 0.632552 0.003906 0.036979 0.007812
2 0.058594 0.013672 0.117188 0.027344
2 0.406250 0.052734 0.101562 0.074219
2 0.029297 0.625000 0.058594 0.085938
2 0.763672 0.355469 0.183594 0.156250
2 0.046875 0.115625 0.093750 0.182812
2 0.970703 0.857422 0.058594 0.066406
2 0.433594 0.697266 0.148438 0.121094
2 0.837891 0.718750 0.050781 0.039062
2 0.251953 0.765625 0.105469 0.085938
2 0.064453 0.789062 0.050781 0.031250
2 0.591797 0.843750 0.042969 0.046875
2 0.964844 0.957031 0.039062 0.046875
