2 0.931250 0.754492 0.032031 0.031250
2 0.758034 0.094741 0.030807 0.037251
2 0.226950 0.568429 0.032025 0.020122
2 0.968750 0.927734 0.054688 0.074219
2 0.052000 0.221445 0.104001 0.121692
2 0.003256 0.550307 0.006512 0.023783
2 0.227947 0.627560 0.030786 0.043574
2 0.827906 0.882112 0.031655 0.026710
2 0.978765 0.977574 0.026709 0.017806
2 0.396886 0.853671 0.029607 0.032756
2 0.050975 0.702861 0.023333 0.016278
2 0.291014 0.453492 0.059191 0.064036
2 0.026938 0.669530 0.040201 0.020892
2 0.160141 0.654784 0.031525 0.038706
2 0.069384 0.418554 0.103420 0.077864
2 0.056255 0.284642 0.050623 0.054433
