2 0.292969 0.109375 0.062500 0.070312
2 0.397032 0.147292 0.031612 0.047120
2 0.523438 0.109375 0.039062 0.046875
2 0.695312 0.183594 0.257812 0.179688
2 0.019531 0.382812 0.039062 0.039062
2 0.910156 0.435547 0.031250 0.035156
2 0.636719 0.441406 0.046875 0.039062
2 0.414062 0.511719 0.039062 0.031250
2 0.986328 0.593750 0.027344 0.046875
2 0.126953 0.609375 0.042969 0.039062
2 0.033203 0.865234 0.066406 0.152344
2 0.472656 0.820312 0.031250 0.031250
2 0.169922 0.822266 0.019531 0.027344
2 0.439453 0.931641 0.027344 0.019531
2 0.792969 0.935547 0.039062 0.027344
