2 0.484205 0.677655 0.020243 0.039308
2 0.836084 0.847460 0.028409 0.024001
2 0.919612 0.826945 0.025181 0.028712
2 0.720372 0.905994 0.022942 0.022925
2 0.745188 0.895631 0.031079 0.026894
2 0.567578 0.157422 0.028906 0.033984
2 0.290430 0.451248 0.036328 0.067731
2 0.439258 0.935254 0.037108 0.058008
2 0.386719 0.860156 0.111719 0.085547
2 0.829152 0.581838 0.027607 0.028195
2 0.878787 0.585363 0.025845 0.019971
2 0.486869 0.929337 0.028032 0.024464
2 0.124416 0.076881 0.019706 0.018977
2 0.491667 0.008636 0.027486 0.016838
2 0.810328 0.197136 0.031935 0.012634
2 0.778368 0.347176 0.024832 0.025687
2 0.583354 0.388063 0.020122 0.022691
2 0.793342 0.666043 0.025088 0.022498
2 0.955271 0.925677 0.023732 0.033485
2 0.885205 0.710424 0.019986 0.026204
