2 0.464844 0.046875 0.046875 0.031250
2 0.158203 0.134766 0.050781 0.027344
2 0.523438 0.355469 0.023438 0.039062
2 0.638672 0.357422 0.035156 0.019531
2 0.710938 0.435547 0.031250 0.019531
2 0.960938 0.441406 0.054688 0.031250
2 0.625000 0.496094 0.046875 0.031250
2 0.916016 0.605469 0.027344 0.015625
2 0.812500 0.646484 0.046875 0.019531
2 0.701172 0.687500 0.035156 0.023438
2 0.330078 0.773438 0.058594 0.023438
2 0.021484 0.830078 0.042969 0.035156
2 0.548828 0.841797 0.050781 0.035156
2 0.263672 0.869141 0.050781 0.019531
2 0.935547 0.996094 0.027344 0.007812
