2 0.869141 0.167969 0.035156 0.031250
2 0.024971 0.177420 0.049941 0.029583
2 0.356259 0.216690 0.199535 0.090035
2 0.396288 0.179383 0.071227 0.029582
2 0.441337 0.180519 0.067889 0.039568
2 0.577382 0.589666 0.016563 0.016563
2 0.129489 0.191406 0.037896 0.023438
2 0.205078 0.199219 0.027344 0.023438
2 0.524872 0.233012 0.018494 0.020711
2 0.958984 0.267578 0.050781 0.035156
2 0.472656 0.328125 0.015625 0.015625
2 0.669922 0.351562 0.042969 0.023438
2 0.857422 0.355469 0.019531 0.015625
2 0.498047 0.414062 0.035156 0.039062
2 0.605469 0.419208 0.031250 0.028771
2 0.666016 0.414062 0.035156 0.039062
2 0.086408 0.189613 0.015913 0.012479
2 0.542969 0.437500 0.023438 0.031250
2 0.947266 0.716797 0.027344 0.027344
2 0.873047 0.785156 0.019531 0.015625
2 0.988281 0.892578 0.015625 0.019531
2 0.806641 0.921875 0.019531 0.015625
2 0.966394 0.982422 0.026537 0.019531
2 0.810914 0.182260 0.017771 0.014716
2 0.593750 0.119141 0.273438 0.207031
