2 0.070717 0.640070 0.032132 0.014090
2 0.107318 0.461949 0.019323 0.020319
2 0.715598 0.290330 0.021930 0.020658
2 0.379353 0.186822 0.034322 0.021494
2 0.417828 0.127031 0.030968 0.019376
2 0.254902 0.218525 0.029797 0.022859
2 0.859794 0.712182 0.030716 0.028760
2 0.495296 0.580493 0.035473 0.033139
2 0.479559 0.654281 0.046563 0.025820
2 0.449341 0.380863 0.035144 0.032283
2 0.848933 0.061289 0.038113 0.039892
2 0.465995 0.200807 0.043936 0.020261
2 0.498502 0.253221 0.041993 0.020044
2 0.229268 0.406985 0.041609 0.021968
2 0.269185 0.130077 0.035430 0.052444
2 0.962695 0.333691 0.060547 0.058008
2 0.278910 0.976562 0.080460 0.046875
2 0.190601 0.917266 0.024115 0.022329
2 0.168847 0.591483 0.037892 0.021966
2 0.403063 0.519544 0.026360 0.024163
2 0.229804 0.607135 0.024712 0.018122
2 0.244906 0.701864 0.018671 0.026359
2 0.015358 0.388570 0.016475 0.032400
2 0.053799 0.099988 0.025261 0.027458
2 0.521696 0.077730 0.032429 0.023163
2 0.392754 0.254852 0.024707 0.021619
2 0.337736 0.390236 0.015313 0.023448
2 0.643629 0.343540 0.025675 0.021799
2 0.821896 0.263565 0.014712 0.018915
2 0.823823 0.209797 0.018565 0.019265
2 0.734326 0.098408 0.030825 0.017864
2 0.799828 0.133786 0.023819 0.013661
2 0.884246 0.012940 0.027322 0.023469
2 0.911055 0.088373 0.014349 0.020391
