2 0.595703 0.025391 0.027344 0.035156
2 0.984375 0.025391 0.031250 0.035156
2 0.429688 0.025391 0.031250 0.027344
2 0.230469 0.033203 0.015625 0.019531
2 0.041016 0.099609 0.019531 0.011719
2 0.281250 0.128906 0.023438 0.023438
2 0.707031 0.140625 0.046875 0.046875
2 0.544922 0.160156 0.035156 0.023438
2 0.380859 0.205078 0.042969 0.042969
2 0.755859 0.197266 0.019531 0.027344
2 0.769531 0.250000 0.023438 0.039062
2 0.117188 0.277344 0.046875 0.046875
2 0.800781 0.300781 0.031250 0.039062
2 0.007812 0.316406 0.015625 0.015625
2 0.697266 0.404297 0.089844 0.066406
2 0.613281 0.490234 0.039062 0.035156
2 0.865234 0.558789 0.019531 0.015235
2 0.992188 0.533203 0.015625 0.027344
2 0.224609 0.529297 0.035156 0.011719
2 0.322266 0.572266 0.050781 0.035156
2 0.767578 0.609375 0.042969 0.054688
2 0.238281 0.609375 0.015625 0.015625
2 0.537109 0.638672 0.042969 0.035156
2 0.820312 0.679688 0.031250 0.023438
2 0.130859 0.679688 0.019531 0.015625
2 0.712891 0.705078 0.019531 0.011719
2 0.974609 0.761719 0.050781 0.039062
2 0.843750 0.792969 0.031250 0.023438
2 0.144531 0.890625 0.039062 0.023438
2 0.767578 0.876953 0.019531 0.019531
2 0.884766 0.890625 0.019531 0.023438
2 0.015625 0.906250 0.031250 0.031250
2 0.283203 0.943359 0.066406 0.042969
2 0.226562 0.943359 0.023438 0.011719
2 0.931641 0.986328 0.019531 0.011719
2 0.173671 0.900563 0.012120 0.012032
2 0.853496 0.527053 0.020041 0.016274
