2 0.478516 0.003906 0.019531 0.007812
2 0.320312 0.052734 0.023438 0.027344
2 0.062500 0.068359 0.015625 0.027344
2 0.011719 0.089844 0.023438 0.046875
2 0.835938 0.117188 0.015625 0.015625
2 0.677734 0.220703 0.050781 0.042969
2 0.605469 0.242188 0.023438 0.015625
2 0.486328 0.308594 0.050781 0.023438
2 0.632812 0.458984 0.031250 0.027344
2 0.205078 0.486328 0.066406 0.027344
2 0.296875 0.562500 0.093750 0.070312
2 0.687500 0.535156 0.031250 0.015625
2 0.382812 0.634766 0.031250 0.050781
2 0.294922 0.732632 0.042969 0.066827
2 0.337891 0.800781 0.027344 0.023438
2 0.603516 0.855469 0.074219 0.046875
2 0.167969 0.869141 0.062500 0.050781
2 0.869531 0.308602 0.019509 0.045522
2 0.834739 0.301774 0.021460 0.027963
