2 0.804688 0.019531 0.140625 0.039062
2 0.630859 0.021484 0.066406 0.042969
2 0.582031 0.214844 0.203125 0.257812
2 0.992188 0.138672 0.015625 0.050781
2 0.238281 0.167969 0.062500 0.046875
2 0.824219 0.181641 0.054688 0.058594
2 0.429688 0.253906 0.070312 0.062500
2 0.158203 0.294922 0.035156 0.042969
2 0.523438 0.371094 0.093750 0.070312
2 0.257812 0.435547 0.117188 0.121094
2 0.806641 0.431641 0.089844 0.089844
2 0.136719 0.427734 0.070312 0.074219
2 0.978516 0.746094 0.042969 0.070312
2 0.916016 0.726562 0.066406 0.117188
2 0.775391 0.529297 0.074219 0.050781
2 0.662109 0.701172 0.042969 0.035156
2 0.035156 0.978516 0.070312 0.042969
2 0.125000 0.140625 0.101562 0.101562
2 0.087891 0.226562 0.042969 0.046875
2 0.044520 0.127318 0.089039 0.057504
2 0.034337 0.174639 0.068673 0.058702
