2 0.966518 0.726819 0.035511 0.058496
2 0.048443 0.022953 0.043353 0.021004
2 0.006850 0.313928 0.013700 0.019786
2 0.013306 0.897683 0.026612 0.020581
2 0.238545 0.628298 0.038263 0.039515
2 0.335612 0.205662 0.040969 0.057253
2 0.662340 0.266528 0.065422 0.052226
2 0.613854 0.304145 0.054535 0.032511
2 0.847355 0.359524 0.038868 0.039539
2 0.695097 0.216934 0.046874 0.041116
2 0.771608 0.007273 0.040441 0.014547
2 0.516831 0.009922 0.034609 0.019843
2 0.908979 0.094951 0.065373 0.070436
2 0.332710 0.135690 0.063229 0.067901
2 0.235182 0.233226 0.110985 0.071724
2 0.021899 0.094293 0.043798 0.036613
2 0.069046 0.851060 0.034446 0.032991
2 0.048427 0.812440 0.037736 0.045685
2 0.404430 0.887104 0.068431 0.032714
2 0.373085 0.910376 0.038033 0.044682
2 0.582637 0.787366 0.065307 0.046013
2 0.508611 0.761638 0.066616 0.028317
2 0.849282 0.722872 0.067056 0.043054
2 0.964176 0.936753 0.057825 0.126494
2 0.848521 0.586280 0.055999 0.062394
2 0.493259 0.602462 0.039063 0.059196
2 0.462067 0.565742 0.049274 0.049546
2 0.370608 0.583873 0.090395 0.064046
2 0.193394 0.944259 0.093770 0.111482
2 0.096508 0.478672 0.193015 0.181772
