2 0.380859 0.013672 0.027344 0.027344
2 0.757812 0.050781 0.031250 0.023438
2 0.507812 0.066406 0.031250 0.023438
2 0.443359 0.089844 0.019531 0.015625
2 0.597656 0.197266 0.023438 0.011719
2 0.523438 0.216797 0.015625 0.027344
2 0.626953 0.222656 0.027344 0.031250
2 0.109375 0.244141 0.023438 0.019531
2 0.611328 0.365234 0.027344 0.019531
2 0.402344 0.367188 0.031250 0.015625
2 0.517578 0.421875 0.027344 0.031250
2 0.833984 0.535156 0.089844 0.078125
2 0.501953 0.546875 0.019531 0.015625
2 0.285156 0.669922 0.031250 0.027344
2 0.468750 0.671875 0.023438 0.023438
2 0.367188 0.701172 0.023438 0.019531
2 0.802734 0.712891 0.027344 0.019531
2 0.476562 0.740234 0.023438 0.027344
2 0.636719 0.791016 0.023438 0.011719
2 0.941406 0.806641 0.015625 0.011719
2 0.732422 0.855469 0.027344 0.023438
2 0.789062 0.927734 0.015625 0.011719
2 0.414062 0.951172 0.054688 0.050781
2 0.316406 0.947266 0.023438 0.019531
2 0.775391 0.976562 0.121094 0.046875
2 0.972656 0.964844 0.023438 0.015625
