2 0.448920 0.673979 0.027039 0.045373
2 0.389618 0.506506 0.044509 0.043178
2 0.879135 0.212276 0.029738 0.015813
2 0.748398 0.273858 0.048226 0.037508
2 0.169646 0.023242 0.055533 0.046485
2 0.021154 0.093273 0.042309 0.048274
2 0.045887 0.755196 0.084062 0.086284
2 0.017177 0.798523 0.034353 0.052726
2 0.215547 0.642720 0.044754 0.030252
2 0.173288 0.635288 0.071352 0.037987
2 0.163227 0.363403 0.041534 0.030236
2 0.406179 0.407850 0.091209 0.035482
2 0.439732 0.508036 0.038916 0.030622
2 0.859026 0.342282 0.064646 0.034655
2 0.975711 0.417934 0.048579 0.027057
2 0.336357 0.586749 0.032485 0.031179
2 0.316159 0.640321 0.060509 0.029381
2 0.588566 0.771111 0.044375 0.035213
2 0.390360 0.892970 0.110366 0.092837
2 0.343597 0.982265 0.032035 0.028065
2 0.909386 0.800830 0.058273 0.035309
2 0.718582 0.988584 0.144869 0.022833
