2 0.388672 0.017578 0.066406 0.035156
2 0.996094 0.039062 0.007812 0.023438
2 0.050781 0.046875 0.039062 0.046875
2 0.521484 0.140625 0.121094 0.093750
2 0.421875 0.148438 0.031250 0.039062
2 0.943359 0.271484 0.050781 0.042969
2 0.041016 0.421875 0.050781 0.046875
2 0.433594 0.476562 0.046875 0.046875
2 0.324219 0.173828 0.078125 0.089844
2 0.355469 0.226562 0.054688 0.062500
2 0.208984 0.875000 0.167969 0.164062
2 0.578125 0.650391 0.140625 0.082031
2 0.333984 0.835938 0.089844 0.085938
2 0.980469 0.449002 0.039062 0.077691
2 0.980469 0.525391 0.039062 0.082031
2 0.511719 0.568359 0.078125 0.082031
2 0.044922 0.634766 0.089844 0.089844
2 0.910156 0.652344 0.023438 0.031250
2 0.400391 0.699219 0.089844 0.093750
2 0.744141 0.761719 0.050781 0.062500
2 0.744141 0.761719 0.050781 0.062500
2 0.554688 0.800781 0.109375 0.070312
2 0.466797 0.818359 0.035156 0.042969
2 0.847656 0.931641 0.078125 0.066406
2 0.015625 0.957031 0.031250 0.031250
2 0.746094 0.994141 0.046875 0.011719
