2 0.460938 0.033203 0.023438 0.019531
2 0.029297 0.103516 0.035156 0.035156
2 0.185547 0.099609 0.027344 0.019531
2 0.812500 0.115234 0.039062 0.027344
2 0.326172 0.132812 0.019531 0.031250
2 0.128906 0.263672 0.023438 0.019531
2 0.085938 0.595703 0.078125 0.113281
2 0.009766 0.636719 0.019531 0.023438
2 0.974609 0.638672 0.042969 0.027344
2 0.859375 0.695312 0.023438 0.039062
2 0.943359 0.744141 0.105469 0.066406
2 0.292969 0.748047 0.023438 0.019531
2 0.025391 0.792969 0.050781 0.054688
2 0.988281 0.775391 0.015625 0.011719
2 0.283203 0.869141 0.050781 0.050781
2 0.964844 0.861328 0.023438 0.035156
2 0.740234 0.986328 0.066406 0.027344
