2 0.055441 0.945260 0.019989 0.020969
2 0.406717 0.660535 0.073053 0.056282
2 0.492181 0.554982 0.050007 0.036304
2 0.421700 0.514656 0.064112 0.083412
2 0.853225 0.412607 0.111603 0.069483
2 0.585896 0.540896 0.035772 0.050360
2 0.684951 0.510027 0.043542 0.039958
2 0.093563 0.612767 0.057270 0.043534
2 0.017885 0.094149 0.029392 0.022842
2 0.184616 0.173861 0.034697 0.039065
2 0.977142 0.020598 0.044519 0.041196
2 0.199011 0.004052 0.026815 0.008104
2 0.519453 0.789917 0.066913 0.097224
2 0.518423 0.706829 0.060254 0.039556
2 0.013198 0.908938 0.026397 0.024282
