2 0.166231 0.957617 0.027694 0.032031
2 0.645744 0.866618 0.043567 0.037873
2 0.088657 0.660670 0.044502 0.040090
2 0.081621 0.704731 0.030430 0.034462
2 0.236131 0.857135 0.032906 0.031539
2 0.261859 0.891636 0.051645 0.037653
2 0.398438 0.953125 0.093750 0.046875
2 0.978516 0.227287 0.042969 0.115312
2 0.989637 0.550537 0.020725 0.024491
2 0.989752 0.597916 0.020496 0.024033
2 0.544599 0.844894 0.040746 0.022313
2 0.301522 0.047133 0.033184 0.027150
2 0.073417 0.062796 0.016363 0.020826
2 0.296178 0.709607 0.035094 0.021446
2 0.252636 0.497420 0.014298 0.037693
2 0.253036 0.167234 0.107091 0.133127
