2 0.787109 0.021484 0.050781 0.042969
2 0.486328 0.291016 0.105469 0.089844
2 0.746094 0.292969 0.078125 0.070312
2 0.363281 0.345703 0.054688 0.058594
2 0.710938 0.462891 0.054688 0.058594
2 0.859375 0.560547 0.164062 0.214844
2 0.328125 0.632812 0.046875 0.046875
2 0.250000 0.906250 0.031250 0.046875
2 0.580078 0.931641 0.066406 0.050781
2 0.978516 0.978516 0.042969 0.042969
2 0.664062 0.988281 0.062500 0.023438
2 0.128861 0.489829 0.050988 0.052058
2 0.358308 0.411563 0.042788 0.033160
2 0.436752 0.445258 0.027812 0.037796
2 0.118614 0.090098 0.031204 0.030580
2 0.719317 0.597499 0.037239 0.038509
