2 0.238281 0.857422 0.062500 0.066406
2 0.753548 0.293925 0.160877 0.156344
2 0.652791 0.214935 0.124105 0.078425
2 0.742188 0.041016 0.125000 0.082031
2 0.267372 0.064453 0.050369 0.042969
2 0.034509 0.240037 0.064608 0.050387
2 0.309446 0.567404 0.040766 0.033245
2 0.745558 0.186896 0.062876 0.087275
2 0.658460 0.319356 0.029664 0.033243
2 0.735092 0.105501 0.033689 0.045226
2 0.852516 0.012696 0.055879 0.024162
2 0.908193 0.131591 0.030205 0.029121
2 0.360773 0.536631 0.038179 0.045099
2 0.871514 0.893558 0.041741 0.031836
2 0.009544 0.642869 0.019087 0.030250
