2 0.562088 0.775552 0.048712 0.032891
2 0.623070 0.106557 0.055986 0.028583
2 0.773721 0.151400 0.089515 0.071145
2 0.960451 0.492689 0.079099 0.107478
2 0.684478 0.430368 0.043880 0.035822
2 0.821529 0.484645 0.079048 0.032673
2 0.234114 0.369406 0.048745 0.028174
2 0.156439 0.187942 0.036317 0.033708
2 0.109630 0.030181 0.090578 0.060363
2 0.740607 0.970302 0.038361 0.030802
2 0.037455 0.675278 0.074909 0.108439
2 0.180417 0.704398 0.072069 0.047916
2 0.115477 0.676739 0.063658 0.039455
2 0.033919 0.779622 0.067837 0.068450
2 0.014767 0.748761 0.029534 0.022046
2 0.660344 0.986635 0.064881 0.026730
2 0.846817 0.802978 0.041382 0.037210
2 0.551776 0.616862 0.101637 0.075916
2 0.677021 0.566578 0.057273 0.057595
2 0.609980 0.295016 0.051329 0.063038
2 0.677993 0.327514 0.089925 0.149562
2 0.439479 0.462288 0.381230 0.197560
