2 0.629077 0.272709 0.156592 0.160576
2 0.228584 0.125654 0.144668 0.186191
2 0.957031 0.659474 0.085938 0.237475
2 0.814453 0.429688 0.082031 0.093750
2 0.751953 0.509766 0.074219 0.089844
2 0.820312 0.181641 0.062500 0.042969
2 0.743563 0.806481 0.052908 0.089525
2 0.337891 0.929688 0.035156 0.039062
2 0.201497 0.990234 0.051432 0.019531
2 0.303694 0.113873 0.036161 0.048292
2 0.129542 0.270220 0.032243 0.020134
2 0.009647 0.422153 0.019294 0.058449
2 0.757400 0.583618 0.039237 0.018883
2 0.348675 0.989061 0.030901 0.021877
