2 0.796875 0.044922 0.093750 0.042969
2 0.341797 0.062500 0.027344 0.023438
2 0.414062 0.111328 0.039062 0.058594
2 0.519531 0.275391 0.046875 0.035156
2 0.201172 0.406250 0.019531 0.023438
2 0.679688 0.599609 0.039062 0.027344
2 0.210938 0.623047 0.054688 0.035156
2 0.056641 0.671875 0.027344 0.039062
2 0.216347 0.701172 0.028243 0.027344
2 0.328125 0.755859 0.046875 0.035156
2 0.877108 0.800781 0.097966 0.062500
2 0.427734 0.927734 0.019531 0.019531
2 0.669922 0.718750 0.035156 0.054688
2 0.373047 0.328125 0.066406 0.039062
2 0.423828 0.371094 0.042969 0.039062
2 0.039342 0.011719 0.078683 0.023438
2 0.011719 0.668806 0.023438 0.025112
2 0.976562 0.800781 0.046875 0.031250
