2 0.410156 0.082606 0.070312 0.100412
2 0.990234 0.027344 0.019531 0.015625
2 0.085938 0.070312 0.015625 0.023438
2 0.732422 0.095703 0.035156 0.019531
2 0.080078 0.152344 0.035156 0.023438
2 0.324219 0.193359 0.031250 0.042969
2 0.263672 0.197266 0.027344 0.019531
2 0.170011 0.208984 0.027165 0.019531
2 0.962891 0.236328 0.019531 0.019531
2 0.310547 0.269531 0.019531 0.015625
2 0.597656 0.302734 0.031250 0.019531
2 0.148438 0.339844 0.015625 0.015625
2 0.773438 0.351562 0.023438 0.015625
2 0.859375 0.376953 0.039062 0.066406
2 0.058594 0.365234 0.031250 0.035156
2 0.478516 0.369141 0.035156 0.019531
2 0.425781 0.453125 0.039062 0.023438
2 0.785156 0.464844 0.015625 0.015625
2 0.886719 0.496094 0.015625 0.015625
2 0.412109 0.560547 0.019531 0.011719
2 0.738281 0.605469 0.039062 0.031250
2 0.150391 0.617188 0.019531 0.015625
2 0.734375 0.654297 0.023438 0.019531
2 0.734375 0.654297 0.023438 0.019531
2 0.970703 0.650391 0.019531 0.011719
2 0.910156 0.691406 0.015625 0.015625
2 0.386719 0.699219 0.015625 0.023438
2 0.675781 0.708984 0.031250 0.019531
2 0.701172 0.806641 0.027344 0.035156
2 0.208984 0.837891 0.042969 0.035156
2 0.976562 0.865234 0.039062 0.050781
2 0.742188 0.910156 0.054688 0.039062
2 0.804688 0.906250 0.031250 0.023438
2 0.667969 0.917969 0.015625 0.015625
2 0.972656 0.939453 0.015625 0.011719
2 0.853516 0.953125 0.019531 0.015625
2 0.135128 0.211012 0.020095 0.015537
2 0.421850 0.011730 0.031376 0.023460
