2 0.941406 0.132174 0.015625 0.016903
2 0.789062 0.146484 0.023438 0.019531
2 0.679199 0.224242 0.016601 0.020266
2 0.144531 0.273438 0.023438 0.015625
2 0.652344 0.279297 0.015625 0.019531
2 0.695312 0.287109 0.015625 0.011719
2 0.785156 0.300781 0.015625 0.015625
2 0.476562 0.350326 0.101562 0.067839
2 0.876953 0.349664 0.027344 0.027453
2 0.695312 0.392578 0.015625 0.019531
2 0.378951 0.419284 0.023527 0.012994
2 0.210938 0.410156 0.015625 0.023438
2 0.894531 0.427734 0.015625 0.011719
2 0.076172 0.451172 0.027344 0.019531
2 0.455078 0.460938 0.019531 0.023438
2 0.500000 0.585938 0.015625 0.015625
2 0.318359 0.589844 0.019531 0.015625
2 0.357422 0.654297 0.027344 0.027344
2 0.378906 0.710938 0.023438 0.023438
2 0.503906 0.750000 0.015625 0.015625
2 0.095703 0.767578 0.019531 0.027344
2 0.830078 0.802734 0.042969 0.027344
2 0.652344 0.861328 0.039062 0.050781
2 0.064453 0.880859 0.019531 0.019531
2 0.763672 0.894531 0.027344 0.023438
2 0.302734 0.910156 0.019531 0.015625
2 0.957031 0.941406 0.023438 0.031250
2 0.373047 0.941406 0.019531 0.015625
2 0.869141 0.966797 0.035156 0.035156
2 0.964844 0.982422 0.023438 0.019531
2 0.254500 0.273512 0.021361 0.022680
2 0.415971 0.428014 0.027300 0.011777
