2 0.140625 0.021484 0.023438 0.019531
2 0.923828 0.068359 0.019531 0.011719
2 0.515625 0.093750 0.015625 0.023438
2 0.980469 0.126953 0.039062 0.019531
2 0.917969 0.226562 0.078125 0.085938
2 0.050781 0.222656 0.023438 0.046875
2 0.851562 0.261719 0.039062 0.070312
2 0.316406 0.277344 0.039062 0.023438
2 0.830078 0.343750 0.042969 0.039062
2 0.966797 0.353516 0.011719 0.019531
2 0.841797 0.386719 0.019531 0.023438
2 0.558594 0.423828 0.023438 0.019531
2 0.828125 0.429688 0.015625 0.023438
2 0.988281 0.435547 0.015625 0.019531
2 0.308594 0.478516 0.015625 0.019531
2 0.384766 0.513672 0.027344 0.035156
2 0.109375 0.519531 0.031250 0.039062
2 0.531250 0.531250 0.015625 0.015625
2 0.185547 0.535156 0.019531 0.015625
2 0.962891 0.537109 0.011719 0.019531
2 0.630859 0.546875 0.027344 0.031250
2 0.447266 0.544922 0.027344 0.019531
2 0.484375 0.554688 0.015625 0.015625
2 0.984375 0.574219 0.015625 0.015625
2 0.859375 0.603516 0.015625 0.019531
2 0.830078 0.691406 0.089844 0.132812
2 0.078125 0.662109 0.015625 0.027344
2 0.722656 0.662109 0.015625 0.019531
2 0.679688 0.679688 0.031250 0.023438
2 0.195312 0.705078 0.015625 0.019531
2 0.958984 0.726562 0.066406 0.046875
2 0.476562 0.734375 0.023438 0.054688
2 0.594315 0.752056 0.022514 0.027550
2 0.017578 0.763672 0.019531 0.011719
2 0.283203 0.769531 0.019531 0.023438
2 0.453125 0.787109 0.015625 0.019531
2 0.142578 0.808594 0.019531 0.031250
2 0.662109 0.830078 0.027344 0.027344
2 0.441406 0.869141 0.015625 0.019531
2 0.060547 0.904297 0.035156 0.019531
2 0.667969 0.917969 0.015625 0.015625
2 0.015625 0.929688 0.015625 0.023438
2 0.927734 0.947266 0.027344 0.027344
2 0.005859 0.986328 0.011719 0.027344
2 0.626953 0.988281 0.011719 0.023438
2 0.626953 0.988281 0.011719 0.023438
2 0.533203 0.994141 0.035156 0.011719
2 0.144983 0.329151 0.033143 0.019779
2 0.682901 0.801397 0.021325 0.019476
2 0.421875 0.355469 0.203125 0.187500
2 0.595703 0.214844 0.144531 0.132812
2 0.675781 0.285156 0.078125 0.078125
2 0.205262 0.492769 0.058569 0.045861
2 0.233993 0.510726 0.022102 0.020996
2 0.627473 0.136919 0.048634 0.035269
2 0.739059 0.306350 0.048800 0.059257
2 0.758147 0.292159 0.034857 0.041496
2 0.948335 0.280693 0.027221 0.026716
2 0.192653 0.899988 0.047620 0.070296
2 0.151778 0.688410 0.032137 0.052797
2 0.112720 0.958379 0.021542 0.021543
2 0.660259 0.782913 0.018552 0.021325
2 0.647321 0.768588 0.020400 0.016704
2 0.681053 0.737628 0.021325 0.013931
2 0.614050 0.686447 0.014855 0.020621
2 0.557580 0.561190 0.015485 0.018349
2 0.208825 0.073034 0.017082 0.022952
2 0.385407 0.049311 0.028822 0.014637
2 0.328666 0.082573 0.018061 0.016593
2 0.228038 0.670832 0.014990 0.013161
2 0.245048 0.566578 0.019014 0.034378
