2 0.486328 0.007812 0.042969 0.015625
2 0.742188 0.025391 0.140625 0.050781
2 0.595703 0.035156 0.035156 0.031250
2 0.033203 0.162109 0.066406 0.121094
2 0.152344 0.132812 0.078125 0.085938
2 0.910156 0.154297 0.046875 0.058594
2 0.007812 0.425781 0.015625 0.039062
2 0.562500 0.455078 0.125000 0.050781
2 0.685547 0.583984 0.074219 0.097656
2 0.330078 0.626953 0.082031 0.058594
2 0.140625 0.734375 0.125000 0.117188
2 0.207031 0.705078 0.039062 0.027344
2 0.484375 0.757812 0.062500 0.093750
2 0.787109 0.759766 0.050781 0.042969
2 0.621094 0.791016 0.070312 0.066406
2 0.228516 0.910156 0.074219 0.070312
2 0.953125 0.917969 0.093750 0.054688
2 0.908203 0.289062 0.074219 0.101562
2 0.814453 0.398438 0.066406 0.070312
2 0.542969 0.205078 0.109375 0.113281
2 0.498047 0.324219 0.136719 0.109375
2 0.136719 0.535156 0.140625 0.117188
2 0.312500 0.304688 0.164062 0.125000
