2 0.054688 0.048828 0.046875 0.011719
2 0.435547 0.068359 0.074219 0.042969
2 0.277344 0.085938 0.031250 0.023438
2 0.144531 0.121094 0.023438 0.039062
2 0.269531 0.150391 0.039062 0.027344
2 0.619141 0.210938 0.035156 0.015625
2 0.916016 0.216797 0.042969 0.027344
2 0.068359 0.302734 0.019531 0.011719
2 0.871094 0.308594 0.039062 0.023438
2 0.623047 0.353516 0.035156 0.019531
2 0.261719 0.412109 0.023438 0.011719
2 0.314453 0.429688 0.042969 0.023438
2 0.927734 0.490234 0.050781 0.035156
2 0.060547 0.609375 0.027344 0.023438
2 0.228516 0.876953 0.183594 0.128906
