2 0.824219 0.015625 0.117188 0.031250
2 0.021484 0.134766 0.042969 0.058594
2 0.972656 0.216797 0.054688 0.097656
2 0.912109 0.316406 0.058594 0.054688
2 0.029297 0.376953 0.042969 0.050781
2 0.414062 0.478516 0.062500 0.128906
2 0.007812 0.749023 0.015625 0.064453
2 0.263672 0.537109 0.128906 0.113281
2 0.583984 0.517578 0.050781 0.042969
2 0.892578 0.572266 0.089844 0.066406
2 0.980469 0.623047 0.039062 0.136719
2 0.525391 0.630859 0.082031 0.097656
2 0.078125 0.617188 0.078125 0.054688
2 0.615234 0.708984 0.160156 0.128906
2 0.363281 0.933594 0.046875 0.054688
