2 0.425781 0.123798 0.015625 0.027344
2 0.755182 0.133302 0.036511 0.040042
2 0.873047 0.148438 0.027344 0.039062
2 0.302734 0.222656 0.019531 0.015625
2 0.199219 0.263672 0.023438 0.035156
2 0.718750 0.384766 0.023438 0.019531
2 0.388451 0.398677 0.043411 0.031729
2 0.173828 0.433594 0.027344 0.046875
2 0.105469 0.472656 0.031250 0.031250
2 0.589844 0.482422 0.023438 0.019531
2 0.478516 0.537109 0.019531 0.019531
2 0.535156 0.535156 0.015625 0.015625
2 0.220703 0.580078 0.019531 0.027344
2 0.642578 0.623047 0.128906 0.121094
2 0.814453 0.591797 0.050781 0.050781
2 0.683594 0.578125 0.015625 0.015625
2 0.724609 0.607422 0.035156 0.050781
2 0.097656 0.597656 0.015625 0.015625
2 0.089844 0.638672 0.046875 0.035156
2 0.742188 0.666016 0.031250 0.035156
2 0.472656 0.660156 0.031250 0.015625
2 0.289062 0.673828 0.023438 0.035156
2 0.882812 0.675781 0.023438 0.023438
2 0.804688 0.697266 0.015625 0.011719
2 0.355469 0.724609 0.023438 0.019531
2 0.500000 0.769531 0.023438 0.015625
2 0.892578 0.777344 0.011719 0.015625
2 0.748047 0.798828 0.027344 0.019531
2 0.863281 0.927734 0.015625 0.019531
2 0.509113 0.816482 0.036741 0.042587
2 0.546690 0.805209 0.031731 0.060122
2 0.097815 0.228951 0.020457 0.020457
2 0.176190 0.597825 0.027572 0.033865
2 0.388998 0.548600 0.042473 0.040451
2 0.157350 0.242327 0.020981 0.022030
2 0.298267 0.914181 0.034236 0.045927
2 0.269041 0.926706 0.027556 0.035907
2 0.044197 0.975082 0.088395 0.049835
2 0.404297 0.300781 0.058594 0.078125
2 0.359375 0.292969 0.039062 0.031250
2 0.626806 0.355317 0.074124 0.094402
2 0.787109 0.474609 0.105469 0.042969
2 0.470129 0.869141 0.590993 0.261719
2 0.874185 0.973216 0.153753 0.053569
2 0.277344 0.455078 0.054688 0.082031
2 0.016288 0.672280 0.032576 0.072258
2 0.340415 0.504285 0.083275 0.068295
2 0.271900 0.570157 0.031724 0.027318
2 0.322130 0.542839 0.037011 0.044061
2 0.979934 0.260436 0.040132 0.074069
2 0.375000 0.060547 0.023438 0.027344
