2 0.913971 0.617548 0.060919 0.049515
2 0.868355 0.590939 0.060919 0.066241
2 0.861509 0.994872 0.038977 0.010255
2 0.993210 0.948906 0.013579 0.011231
2 0.933291 0.781503 0.087352 0.091742
2 0.910444 0.723298 0.063002 0.031572
2 0.906393 0.647575 0.042916 0.021386
2 0.758677 0.741021 0.118888 0.071061
2 0.674165 0.784445 0.072668 0.054975
2 0.836755 0.397533 0.111734 0.054811
2 0.613827 0.245799 0.087521 0.087114
2 0.685757 0.340863 0.031094 0.034212
2 0.565050 0.320742 0.033099 0.047052
2 0.390762 0.310101 0.041714 0.034592
2 0.300546 0.334262 0.103071 0.032258
2 0.194381 0.470020 0.034973 0.020038
2 0.178320 0.522100 0.040183 0.041700
2 0.161820 0.625354 0.035290 0.036122
2 0.259204 0.644396 0.055955 0.043164
2 0.120554 0.042904 0.062038 0.085809
2 0.397869 0.078746 0.133831 0.072742
2 0.863567 0.487857 0.077419 0.074129
2 0.869167 0.157464 0.052266 0.060780
