2 0.554688 0.019531 0.078125 0.039062
2 0.941406 0.033203 0.046875 0.066406
2 0.437500 0.230469 0.078125 0.046875
2 0.046875 0.287109 0.046875 0.050781
2 0.419922 0.306641 0.027344 0.027344
2 0.029297 0.369141 0.042969 0.035156
2 0.718750 0.404297 0.023438 0.027344
2 0.083984 0.435547 0.042969 0.035156
2 0.496094 0.523438 0.031250 0.023438
2 0.250000 0.072266 0.085938 0.113281
2 0.351562 0.025391 0.070312 0.050781
2 0.268086 0.707031 0.122109 0.109375
2 0.578125 0.689453 0.343750 0.355469
2 0.531250 0.904297 0.093750 0.097656
2 0.003906 0.854167 0.007812 0.044271
2 0.931641 0.666016 0.089844 0.097656
2 0.958984 0.597656 0.074219 0.054688
2 0.353516 0.681641 0.089844 0.066406
2 0.791016 0.582031 0.082031 0.062500
2 0.277344 0.824219 0.101562 0.054688
2 0.937500 0.855469 0.039062 0.039062
2 0.983500 0.880793 0.029500 0.043915
2 0.894531 0.996094 0.015625 0.007812
