2 0.562500 0.017578 0.046875 0.035156
2 0.513672 0.070312 0.019531 0.023438
2 0.214844 0.103516 0.031250 0.050781
2 0.990234 0.113281 0.019531 0.015625
2 0.031250 0.140625 0.015625 0.023438
2 0.615234 0.205078 0.042969 0.035156
2 0.892578 0.281250 0.027344 0.023438
2 0.705078 0.339844 0.050781 0.023438
2 0.966797 0.392578 0.019531 0.019531
2 0.117188 0.466797 0.031250 0.027344
2 0.271484 0.537109 0.050781 0.058594
2 0.496094 0.601562 0.015625 0.031250
2 0.250000 0.662109 0.148438 0.082031
2 0.292969 0.851562 0.023438 0.015625
2 0.388672 0.886719 0.027344 0.023438
2 0.322266 0.931641 0.019531 0.035156
2 0.990234 0.941406 0.019531 0.015625
2 0.775391 0.050781 0.011719 0.023438
