2 0.416016 0.023438 0.035156 0.031250
2 0.775391 0.044922 0.027344 0.019531
2 0.957031 0.076172 0.015625 0.011719
2 0.892578 0.285156 0.027344 0.015625
2 0.146484 0.296875 0.027344 0.023438
2 0.173828 0.388672 0.035156 0.027344
2 0.744141 0.517578 0.089844 0.152344
2 0.947266 0.542969 0.019531 0.023438
2 0.873047 0.605469 0.074219 0.125000
2 0.363281 0.560547 0.031250 0.027344
2 0.029297 0.587891 0.058594 0.035156
2 0.718750 0.679688 0.031250 0.023438
2 0.826172 0.511719 0.027344 0.023438
2 0.410156 0.228516 0.039062 0.035156
