2 0.957031 0.082031 0.085938 0.140625
2 0.281250 0.039062 0.046875 0.054688
2 0.191406 0.148438 0.101562 0.101562
2 0.898438 0.185547 0.046875 0.050781
2 0.238281 0.259766 0.054688 0.058594
2 0.609375 0.304688 0.125000 0.125000
2 0.992188 0.310547 0.015625 0.035156
2 0.496094 0.396484 0.085938 0.089844
2 0.119141 0.482422 0.128906 0.128906
2 0.980469 0.556641 0.039062 0.042969
2 0.404297 0.742188 0.066406 0.070312
2 0.488281 0.892578 0.125000 0.128906
2 0.957031 0.972656 0.085938 0.054688
2 0.519575 0.982052 0.049272 0.035895
2 0.100179 0.183223 0.039648 0.043336
