2 0.130859 0.031250 0.011719 0.015625
2 0.384766 0.078125 0.019531 0.015625
2 0.363281 0.130859 0.023438 0.011719
2 0.187500 0.179688 0.023438 0.015625
2 0.533203 0.255376 0.035156 0.075185
2 0.332031 0.259766 0.015625 0.011719
2 0.367188 0.261719 0.015625 0.015625
2 0.500000 0.341797 0.023438 0.019531
2 0.121094 0.345703 0.031250 0.011719
2 0.435547 0.382812 0.019531 0.015625
2 0.375000 0.443359 0.046875 0.050781
2 0.125273 0.443359 0.030705 0.050781
2 0.115234 0.513672 0.019531 0.019531
2 0.199219 0.579616 0.023438 0.012644
2 0.310547 0.560547 0.019531 0.019531
2 0.285156 0.693359 0.046875 0.066406
2 0.533203 0.675781 0.019531 0.015625
2 0.273438 0.783203 0.046875 0.058594
2 0.320312 0.824219 0.039062 0.023438
2 0.476562 0.949219 0.023438 0.023438
2 0.007812 0.955078 0.015625 0.027344
2 0.615234 0.966797 0.019531 0.019531
