2 0.375000 0.023438 0.023438 0.015625
2 0.091797 0.048828 0.058594 0.035156
2 0.353516 0.070312 0.019531 0.015625
2 0.294922 0.111328 0.050781 0.050781
2 0.074219 0.158203 0.023438 0.019531
2 0.837891 0.169922 0.019531 0.019531
2 0.275391 0.210938 0.074219 0.093750
2 0.792969 0.175781 0.015625 0.015625
2 0.050781 0.287109 0.101562 0.097656
2 0.923828 0.257812 0.035156 0.031250
2 0.492188 0.271484 0.023438 0.011719
2 0.718750 0.296875 0.023438 0.023438
2 0.996094 0.306641 0.007812 0.019531
2 0.234375 0.347656 0.054688 0.062500
2 0.103516 0.347656 0.027344 0.015625
2 0.013672 0.421875 0.027344 0.015625
2 0.732422 0.449219 0.019531 0.015625
2 0.386719 0.476562 0.046875 0.046875
2 0.615234 0.552734 0.027344 0.011719
2 0.703125 0.589844 0.031250 0.015625
2 0.773438 0.613281 0.023438 0.031250
2 0.144531 0.666016 0.046875 0.035156
2 0.826172 0.740234 0.058594 0.082031
2 0.193359 0.724609 0.042969 0.035156
2 0.662109 0.763672 0.019531 0.011719
2 0.322266 0.798828 0.027344 0.042969
2 0.578125 0.900391 0.023438 0.019531
2 0.712891 0.910156 0.027344 0.031250
2 0.070312 0.906250 0.015625 0.015625
2 0.187500 0.921875 0.015625 0.015625
2 0.804688 0.951172 0.023438 0.035156
2 0.648438 0.982422 0.062500 0.035156
2 0.205078 0.996094 0.011719 0.007812
