2 0.306811 0.792896 0.033614 0.027977
2 0.448792 0.627166 0.036180 0.041222
2 0.515277 0.622151 0.068827 0.058598
2 0.505936 0.494122 0.033837 0.046736
2 0.500658 0.571270 0.048014 0.052215
2 0.470534 0.781621 0.052652 0.021665
2 0.290462 0.645480 0.066846 0.070549
2 0.651748 0.184443 0.061455 0.054302
2 0.964958 0.353143 0.067011 0.042338
2 0.987403 0.651938 0.025193 0.062066
2 0.909233 0.797647 0.050779 0.029797
2 0.988869 0.812077 0.022262 0.030208
2 0.985350 0.753129 0.029299 0.019800
2 0.677933 0.761552 0.076332 0.071202
2 0.146376 0.448536 0.029817 0.027857
2 0.274233 0.981393 0.049797 0.037214
2 0.361328 0.500000 0.160156 0.140625
