2 0.774186 0.192690 0.063771 0.043054
2 0.877855 0.183545 0.036094 0.031239
2 0.182473 0.217740 0.092959 0.055657
2 0.658203 0.945312 0.042969 0.101562
2 0.681234 0.971490 0.127422 0.057020
2 0.689691 0.349846 0.047361 0.030446
2 0.023486 0.310553 0.033451 0.040885
2 0.458984 0.126953 0.066406 0.074219
2 0.587891 0.078125 0.105469 0.078125
2 0.337891 0.078125 0.019531 0.015625
2 0.646484 0.130859 0.019531 0.035156
2 0.291016 0.236328 0.027344 0.058594
2 0.371094 0.289062 0.023438 0.015625
2 0.587389 0.363551 0.049778 0.022899
2 0.802734 0.431641 0.035156 0.042969
2 0.035156 0.669922 0.031250 0.066406
2 0.250000 0.726562 0.015625 0.015625
2 0.187500 0.910156 0.039062 0.093750
2 0.968750 0.935547 0.054688 0.027344
2 0.527344 0.970703 0.023438 0.042969
