2 0.759766 0.767578 0.121094 0.082031
2 0.824219 0.794922 0.093750 0.066406
2 0.289062 0.734375 0.039062 0.093750
2 0.345703 0.740234 0.042969 0.035156
2 0.199219 0.964844 0.101562 0.070312
2 0.158203 0.917969 0.074219 0.093750
2 0.029297 0.798828 0.058594 0.167969
2 0.613281 0.490234 0.054688 0.042969
2 0.228516 0.125000 0.167969 0.148438
2 0.947266 0.216797 0.035156 0.042969
2 0.339844 0.220703 0.031250 0.019531
2 0.511719 0.253906 0.023438 0.039062
2 0.613281 0.351562 0.054688 0.070312
2 0.009766 0.552734 0.019531 0.019531
2 0.666016 0.597656 0.050781 0.031250
2 0.544922 0.902344 0.035156 0.015625
