2 0.943228 0.204357 0.055961 0.031934
2 0.807862 0.368526 0.040705 0.029215
2 0.078283 0.937323 0.065078 0.033438
2 0.139429 0.906249 0.076851 0.048657
2 0.118270 0.978134 0.045897 0.043731
2 0.379096 0.826592 0.039086 0.029430
2 0.190535 0.315909 0.053180 0.041335
2 0.162200 0.374122 0.060408 0.049063
2 0.180701 0.712318 0.041658 0.040078
2 0.195547 0.664406 0.048317 0.029986
2 0.083987 0.641029 0.108934 0.072547
2 0.017440 0.485835 0.034880 0.028879
2 0.216863 0.392350 0.053520 0.024857
2 0.773848 0.567586 0.060438 0.024401
2 0.901215 0.607135 0.043066 0.017457
2 0.795993 0.723295 0.032370 0.030229
2 0.399926 0.073777 0.085099 0.064963
2 0.077076 0.026348 0.154152 0.041538
2 0.995363 0.070137 0.009275 0.029943
2 0.590192 0.229717 0.079838 0.041232
2 0.542485 0.260298 0.076619 0.054957
2 0.412673 0.268363 0.106814 0.087563
2 0.238285 0.262839 0.053091 0.035005
2 0.321390 0.241887 0.094707 0.059245
2 0.463902 0.196358 0.082665 0.059281
2 0.712054 0.117030 0.074759 0.047716
2 0.891208 0.358706 0.040220 0.025906
2 0.768222 0.490873 0.100100 0.078636
2 0.589056 0.436104 0.051105 0.077766
2 0.606946 0.355006 0.084446 0.083426
2 0.920608 0.846254 0.158785 0.125331
2 0.344739 0.890102 0.172908 0.104540
2 0.655051 0.892407 0.065645 0.038889
2 0.767388 0.912789 0.038139 0.037642
2 0.685460 0.781757 0.095946 0.050110
2 0.685449 0.436553 0.095774 0.064992
