2 0.330078 0.076172 0.058594 0.035156
2 0.099609 0.072266 0.011719 0.019531
2 0.238281 0.078125 0.023438 0.015625
2 0.053408 0.113281 0.018183 0.015625
2 0.666016 0.136719 0.019531 0.015625
2 0.734375 0.144531 0.023438 0.015625
2 0.921875 0.179688 0.015625 0.023438
2 0.359983 0.540563 0.075442 0.085649
2 0.109384 0.283203 0.031268 0.027344
2 0.054688 0.294922 0.031250 0.019531
2 0.691406 0.347656 0.023438 0.023438
2 0.820228 0.363281 0.015795 0.015625
2 0.484375 0.388672 0.039062 0.035156
2 0.271484 0.410156 0.027344 0.023438
2 0.724609 0.451172 0.035156 0.027344
2 0.894531 0.449620 0.015625 0.016427
2 0.437500 0.458984 0.031250 0.027344
2 0.501343 0.527344 0.020751 0.023438
2 0.847656 0.572266 0.023438 0.019531
2 0.734375 0.656250 0.015625 0.023438
2 0.208984 0.687500 0.027344 0.023438
2 0.507812 0.735176 0.031250 0.029649
2 0.009766 0.710938 0.019531 0.015625
2 0.154297 0.710938 0.019531 0.015625
2 0.386357 0.593629 0.015638 0.015842
2 0.898438 0.760028 0.023438 0.027868
2 0.810164 0.804092 0.020298 0.016816
2 0.708984 0.867188 0.019531 0.015625
2 0.408203 0.902344 0.027344 0.023438
2 0.828093 0.945317 0.023502 0.015615
2 0.982422 0.958984 0.035156 0.035156
