2 0.107422 0.007812 0.019531 0.015625
2 0.142578 0.027344 0.019531 0.015625
2 0.027344 0.064453 0.023438 0.027344
2 0.279297 0.080078 0.050781 0.035156
2 0.369141 0.234375 0.011719 0.015625
2 0.697266 0.390871 0.019531 0.022945
2 0.263672 0.388672 0.019531 0.011719
2 0.431641 0.521484 0.027344 0.019531
2 0.132812 0.609375 0.023438 0.023438
2 0.587891 0.609375 0.019531 0.007812
2 0.429688 0.632812 0.070312 0.046875
2 0.109375 0.648438 0.015625 0.015625
2 0.328125 0.650391 0.031250 0.019531
2 0.419922 0.707031 0.027344 0.023438
2 0.257812 0.751953 0.015625 0.019531
2 0.210938 0.832031 0.039062 0.015625
2 0.053102 0.246413 0.106205 0.055327
2 0.026311 0.366973 0.040639 0.026452
2 0.257984 0.863102 0.019718 0.015093
2 0.235588 0.859816 0.020691 0.018257
2 0.201174 0.519485 0.051552 0.046896
