2 0.384697 0.378906 0.128770 0.210938
2 0.248047 0.228516 0.058594 0.058594
2 0.271484 0.152344 0.113281 0.078125
2 0.817231 0.863126 0.134463 0.112543
2 0.857747 0.015625 0.081380 0.031250
2 0.595703 0.171875 0.082031 0.070312
2 0.289752 0.964844 0.106927 0.070312
2 0.351562 0.904297 0.078125 0.074219
2 0.077696 0.850037 0.047734 0.047675
2 0.108092 0.794368 0.059934 0.070854
2 0.261719 0.679688 0.085938 0.054688
2 0.529297 0.644531 0.035156 0.054688
2 0.492188 0.582031 0.046875 0.046875
2 0.103516 0.521484 0.042969 0.042969
2 0.511719 0.431641 0.046875 0.035156
2 0.460083 0.388705 0.035043 0.037618
2 0.734879 0.537128 0.368195 0.516993
2 0.415697 0.718868 0.045244 0.035137
2 0.177451 0.975887 0.045244 0.046688
2 0.359929 0.475006 0.041037 0.040021
2 0.941580 0.553075 0.116840 0.232413
2 0.945174 0.774706 0.109652 0.105425
2 0.917620 0.609099 0.164761 0.339670
2 0.191544 0.124236 0.025922 0.043216
2 0.970341 0.247517 0.044573 0.039057
