2 0.019552 0.183757 0.039104 0.062689
2 0.516078 0.991478 0.034472 0.017045
2 0.862887 0.567859 0.093487 0.111066
2 0.202688 0.056997 0.111727 0.113993
2 0.022790 0.300459 0.045581 0.071200
2 0.989436 0.986429 0.021129 0.027143
2 0.094315 0.074983 0.028177 0.035221
2 0.425670 0.316497 0.029095 0.032517
2 0.509103 0.338746 0.019682 0.017114
2 0.986595 0.369552 0.026527 0.030806
2 0.992852 0.558736 0.010915 0.030561
2 0.766552 0.740285 0.024012 0.032745
2 0.745814 0.725004 0.026195 0.016736
2 0.579546 0.656241 0.038566 0.034927
2 0.683964 0.494338 0.024740 0.019646
2 0.760731 0.603122 0.022557 0.023285
2 0.347061 0.601667 0.029106 0.053846
2 0.412185 0.360087 0.022557 0.029106
2 0.090524 0.126723 0.050983 0.042938
2 0.619203 0.254577 0.029106 0.016009
2 0.526427 0.113048 0.018191 0.024012
2 0.157871 0.161438 0.030561 0.027651
2 0.114939 0.025366 0.023285 0.014553
2 0.016706 0.432852 0.021830 0.023285
2 0.220813 0.786491 0.024012 0.055302
2 0.035989 0.754111 0.040021 0.038566
2 0.121131 0.974035 0.026734 0.024506
2 0.673777 0.264764 0.018919 0.023285
