2 0.310901 0.653993 0.621802 0.511348
2 0.893030 0.435547 0.135814 0.097656
2 0.637363 0.701246 0.174824 0.206884
2 0.578125 0.791016 0.085938 0.097656
2 0.541016 0.894531 0.058594 0.054688
2 0.820312 0.628906 0.070312 0.070312
2 0.234375 0.154297 0.093750 0.089844
2 0.070312 0.041016 0.054688 0.050781
2 0.996483 0.192925 0.007035 0.038644
2 0.409795 0.449516 0.061197 0.067379
2 0.458252 0.457488 0.034712 0.031517
2 0.850218 0.696898 0.037766 0.045201
2 0.551082 0.015282 0.029759 0.030563
2 0.580430 0.140130 0.033417 0.052482
