2 0.091797 0.078125 0.113281 0.156250
2 0.003906 0.017578 0.007812 0.035156
2 0.900391 0.033203 0.050781 0.042969
2 0.525391 0.121094 0.082031 0.054688
2 0.623047 0.343750 0.042969 0.054688
2 0.689453 0.460938 0.042969 0.039062
2 0.517578 0.677734 0.089844 0.058594
2 0.593750 0.673828 0.039062 0.042969
2 0.017578 0.404297 0.035156 0.105469
2 0.046875 0.425781 0.039062 0.039062
2 0.910156 0.751953 0.062500 0.066406
2 0.437500 0.878906 0.109375 0.070312
2 0.980469 0.980469 0.039062 0.039062
2 0.994803 0.167930 0.010395 0.018979
