2 0.523438 0.017578 0.062500 0.035156
2 0.824219 0.011719 0.070312 0.023438
2 0.919922 0.093750 0.160156 0.187500
2 0.722656 0.050781 0.054688 0.046875
2 0.328125 0.154297 0.101562 0.121094
2 0.009766 0.201172 0.019531 0.042969
2 0.845703 0.234375 0.105469 0.085938
2 0.505859 0.427734 0.082031 0.066406
2 0.714844 0.580078 0.039062 0.027344
2 0.615234 0.699219 0.074219 0.078125
2 0.066406 0.806641 0.132812 0.167969
2 0.296875 0.798828 0.039062 0.042969
2 0.945312 0.845703 0.109375 0.136719
2 0.726562 0.841797 0.046875 0.050781
2 0.208984 0.873047 0.042969 0.042969
2 0.025391 0.955078 0.042969 0.050781
2 0.322266 0.353516 0.089844 0.121094
2 0.330078 0.468750 0.082031 0.117188
2 0.324433 0.576913 0.084531 0.108683
