2 0.505859 0.011719 0.050781 0.023438
2 0.736328 0.125000 0.066406 0.070312
2 0.363281 0.191406 0.062500 0.039062
2 0.765625 0.269531 0.140625 0.125000
2 0.511719 0.277344 0.039062 0.039062
2 0.359375 0.296875 0.046875 0.046875
2 0.119141 0.462891 0.238281 0.285156
2 0.632812 0.396484 0.078125 0.082031
2 0.585938 0.537109 0.093750 0.082031
2 0.013672 0.583984 0.027344 0.058594
2 0.970703 0.666016 0.050781 0.074219
2 0.134766 0.699219 0.089844 0.109375
2 0.011719 0.685547 0.023438 0.035156
2 0.919922 0.730469 0.042969 0.046875
2 0.081506 0.847535 0.163012 0.093508
2 0.340104 0.897180 0.026248 0.037572
