2 0.716797 0.007812 0.042969 0.015625
2 0.968750 0.017578 0.031250 0.035156
2 0.839844 0.039062 0.046875 0.054688
2 0.343750 0.025391 0.023438 0.019531
2 0.025391 0.078125 0.035156 0.031250
2 0.812500 0.087891 0.015625 0.019531
2 0.378906 0.158203 0.039062 0.035156
2 0.175781 0.195312 0.023438 0.039062
2 0.347656 0.205078 0.023438 0.019531
2 0.251953 0.228516 0.042969 0.027344
2 0.318359 0.248047 0.019531 0.019531
2 0.457031 0.257812 0.015625 0.015625
2 0.748047 0.285156 0.019531 0.023438
2 0.521484 0.294922 0.019531 0.019531
2 0.617188 0.298828 0.015625 0.027344
2 0.769531 0.320312 0.023438 0.015625
2 0.427734 0.402344 0.089844 0.101562
2 0.607422 0.431641 0.035156 0.019531
2 0.683594 0.455078 0.046875 0.035156
2 0.556641 0.451172 0.019531 0.019531
2 0.798828 0.488281 0.019531 0.015625
2 0.923828 0.488281 0.019531 0.015625
2 0.552734 0.501953 0.019531 0.019531
2 0.644531 0.525391 0.062500 0.035156
2 0.798828 0.529297 0.019531 0.019531
2 0.496094 0.566406 0.062500 0.078125
2 0.554688 0.542969 0.023438 0.023438
2 0.595703 0.560547 0.019531 0.019531
2 0.914062 0.570312 0.023438 0.023438
2 0.314453 0.582031 0.019531 0.015625
2 0.414062 0.609375 0.031250 0.031250
2 0.931641 0.615234 0.042969 0.027344
2 0.109375 0.654297 0.015625 0.011719
2 0.923828 0.662109 0.058594 0.019531
2 0.658203 0.687500 0.019531 0.015625
2 0.125000 0.695312 0.039062 0.015625
2 0.673828 0.857422 0.144531 0.285156
2 0.453125 0.759766 0.015625 0.019531
2 0.384766 0.787109 0.042969 0.035156
2 0.078125 0.845703 0.085938 0.089844
2 0.171875 0.832031 0.054688 0.039062
2 0.812500 0.828125 0.031250 0.023438
2 0.796875 0.888672 0.015625 0.019531
2 0.839844 0.931641 0.039062 0.058594
2 0.783203 0.921875 0.019531 0.015625
2 0.783203 0.921875 0.019531 0.015625
2 0.054688 0.964844 0.023438 0.023438
2 0.166016 0.972656 0.027344 0.023438
2 0.105469 0.136719 0.062500 0.078125
2 0.050781 0.169922 0.023438 0.042969
2 0.010501 0.223580 0.021002 0.028883
2 0.117188 0.431641 0.140625 0.136719
2 0.021858 0.389858 0.043715 0.031989
2 0.361685 0.673355 0.023790 0.024951
2 0.399401 0.747627 0.026111 0.029593
2 0.250000 0.927734 0.039062 0.035156
2 0.996656 0.987585 0.006688 0.024830
2 0.022921 0.345939 0.045841 0.048148
2 0.007994 0.314475 0.015989 0.028779
2 0.991979 0.682502 0.016042 0.051028
2 0.488770 0.912109 0.141602 0.175781
2 0.446671 0.912109 0.221467 0.175781
2 0.324089 0.888672 0.182552 0.222656
2 0.972807 0.641503 0.036575 0.024978
2 0.952715 0.101008 0.070312 0.058594
2 0.195365 0.895328 0.012493 0.021529
2 0.166000 0.911817 0.030564 0.018366
