2 0.951172 0.740019 0.097656 0.208020
2 0.755859 0.646484 0.261719 0.316406
2 0.533203 0.600836 0.167969 0.178234
2 0.582031 0.742188 0.054688 0.085938
2 0.662109 0.740234 0.058594 0.050781
2 0.269531 0.716797 0.054688 0.058594
2 0.069563 0.843371 0.139126 0.208214
2 0.181641 0.287109 0.144531 0.121094
2 0.857422 0.990234 0.082031 0.019531
2 0.343925 0.844843 0.062150 0.077423
2 0.843750 0.244141 0.148438 0.152344
2 0.562500 0.011719 0.046875 0.023438
2 0.525391 0.212891 0.066406 0.066406
2 0.228516 0.058594 0.058594 0.054688
2 0.038181 0.588554 0.045413 0.035239
2 0.004398 0.354738 0.008796 0.077754
2 0.003655 0.007760 0.007310 0.015520
2 0.029623 0.013769 0.043185 0.027538
