2 0.105469 0.083984 0.023438 0.011719
2 0.857422 0.298828 0.042969 0.027344
2 0.291016 0.369141 0.074219 0.113281
2 0.835938 0.421875 0.062500 0.062500
2 0.076172 0.417969 0.035156 0.023438
2 0.927734 0.429688 0.035156 0.023438
2 0.986328 0.638672 0.027344 0.027344
2 0.759766 0.710938 0.027344 0.015625
2 0.488281 0.761719 0.031250 0.039062
2 0.992188 0.792969 0.015625 0.039062
2 0.248047 0.785156 0.019531 0.015625
2 0.335938 0.943359 0.078125 0.089844
2 0.583984 0.687500 0.097656 0.101562
2 0.660156 0.715873 0.031250 0.035694
