2 0.908203 0.865234 0.105469 0.144531
2 0.736328 0.742188 0.074219 0.078125
2 0.646484 0.796875 0.027344 0.046875
2 0.482422 0.689453 0.050781 0.042969
2 0.160156 0.542969 0.062500 0.062500
2 0.608138 0.371372 0.474088 0.305245
2 0.089844 0.322266 0.039062 0.035156
2 0.281500 0.020602 0.089335 0.041204
2 0.392578 0.126953 0.050781 0.058594
2 0.780301 0.087919 0.091853 0.066350
2 0.917969 0.262743 0.164062 0.236423
2 0.107377 0.199533 0.105379 0.070942
2 0.010699 0.048134 0.021398 0.037921
2 0.230653 0.816275 0.047977 0.051354
2 0.558619 0.993299 0.040234 0.013402
