2 0.103516 0.093750 0.207031 0.187500
2 0.480469 0.035156 0.054688 0.070312
2 0.544922 0.103516 0.128906 0.113281
2 0.560547 0.318359 0.105469 0.113281
2 0.068359 0.429688 0.136719 0.226562
2 0.847656 0.423828 0.132812 0.144531
2 0.652344 0.511719 0.062500 0.046875
2 0.685547 0.591797 0.042969 0.058594
2 0.925781 0.650391 0.101562 0.128906
2 0.218750 0.750000 0.062500 0.062500
2 0.492188 0.765625 0.054688 0.046875
2 0.912109 0.876953 0.042969 0.035156
2 0.785156 0.957031 0.070312 0.085938
2 0.729272 0.903499 0.064280 0.043061
2 0.132417 0.905606 0.024407 0.039706
2 0.036829 0.259422 0.073657 0.090495
2 0.664595 0.920879 0.033757 0.030716
