2 0.935547 0.009766 0.027344 0.019531
2 0.226562 0.019531 0.031250 0.039062
2 0.986328 0.101562 0.027344 0.023438
2 0.398438 0.230469 0.039062 0.031250
2 0.001953 0.261719 0.003906 0.039062
2 0.398438 0.320312 0.070312 0.054688
2 0.146484 0.503906 0.058594 0.039062
2 0.761719 0.515625 0.031250 0.023438
2 0.996094 0.591797 0.007812 0.019531
2 0.937500 0.650391 0.078125 0.050781
2 0.566406 0.650391 0.031250 0.027344
2 0.835938 0.685547 0.031250 0.019531
2 0.734375 0.738281 0.023438 0.015625
2 0.441406 0.798828 0.054688 0.035156
2 0.837891 0.820312 0.035156 0.054688
2 0.009766 0.921875 0.019531 0.054688
2 0.974609 0.298828 0.035156 0.066406
