2 0.806641 0.035156 0.082031 0.062500
2 0.419922 0.101562 0.121094 0.164062
2 0.193359 0.035156 0.035156 0.023438
2 0.195312 0.205078 0.062500 0.066406
2 0.076172 0.187500 0.027344 0.015625
2 0.656250 0.324219 0.046875 0.054688
2 0.888672 0.400391 0.050781 0.042969
2 0.136719 0.472656 0.156250 0.132812
2 0.933594 0.478516 0.046875 0.050781
2 0.476562 0.537109 0.054688 0.050781
2 0.023438 0.568359 0.046875 0.058594
2 0.773438 0.564453 0.039062 0.035156
2 0.589844 0.583984 0.078125 0.058594
2 0.421875 0.666016 0.078125 0.113281
2 0.423828 0.753906 0.027344 0.023438
2 0.890625 0.839844 0.078125 0.070312
2 0.753906 0.876953 0.046875 0.058594
2 0.949219 0.953125 0.101562 0.070312
2 0.390625 0.976562 0.070312 0.046875
2 0.945312 0.716797 0.078125 0.089844
2 0.873047 0.718750 0.050781 0.062500
2 0.207031 0.615234 0.085938 0.089844
2 0.136719 0.677734 0.085938 0.082031
2 0.726562 0.105469 0.078125 0.093750
2 0.667969 0.156250 0.062500 0.062500
2 0.617188 0.066406 0.062500 0.070312
