2 0.570312 0.009766 0.031250 0.019531
2 0.126953 0.121094 0.097656 0.070312
2 0.914062 0.312500 0.125000 0.125000
2 0.308594 0.324219 0.085938 0.070312
2 0.572266 0.345703 0.058594 0.058594
2 0.992188 0.458984 0.015625 0.066406
2 0.804688 0.460938 0.109375 0.117188
2 0.523438 0.517578 0.046875 0.058594
2 0.001953 0.523438 0.003906 0.031250
2 0.972656 0.583984 0.054688 0.074219
2 0.423828 0.591797 0.066406 0.058594
2 0.033203 0.726562 0.066406 0.117188
2 0.992188 0.683594 0.015625 0.031250
2 0.767578 0.736328 0.066406 0.058594
2 0.095703 0.798828 0.066406 0.113281
2 0.615234 0.801748 0.128906 0.119121
2 0.253906 0.984375 0.093750 0.031250
2 0.589844 0.936437 0.148438 0.127126
2 0.635728 0.176884 0.046079 0.053355
2 0.752543 0.035895 0.062248 0.071791
2 0.432430 0.852420 0.107545 0.110720
2 0.318139 0.797258 0.042463 0.043256
2 0.641744 0.702197 0.028259 0.028259
2 0.066768 0.220296 0.036682 0.043921
