2 0.914062 0.087891 0.039062 0.027344
2 0.458984 0.402344 0.066406 0.046875
2 0.125000 0.412109 0.023438 0.019531
2 0.560547 0.421875 0.011719 0.015625
2 0.373047 0.429688 0.019531 0.015625
2 0.527344 0.541016 0.023438 0.035156
2 0.101562 0.560547 0.023438 0.019531
2 0.576172 0.574219 0.011719 0.015625
2 0.341797 0.595703 0.027344 0.027344
2 0.371094 0.666016 0.015625 0.019531
2 0.136719 0.722656 0.101562 0.070312
2 0.716797 0.847656 0.027344 0.023438
2 0.976562 0.853516 0.023438 0.035156
2 0.841797 0.962891 0.011719 0.019531
2 0.612457 0.805455 0.043578 0.058138
2 0.157541 0.578437 0.021834 0.029144
2 0.669745 0.540897 0.029144 0.024868
2 0.718411 0.548988 0.041052 0.012730
2 0.828663 0.558988 0.024868 0.019030
2 0.767578 0.550781 0.285156 0.203125
2 0.841797 0.919922 0.035156 0.027344
2 0.112583 0.993830 0.023325 0.012340
