2 0.941406 0.064453 0.015625 0.019531
2 0.671875 0.091797 0.023438 0.027344
2 0.031250 0.108739 0.054688 0.053415
2 0.720703 0.134766 0.019531 0.011719
2 0.390625 0.144531 0.031250 0.015625
2 0.832031 0.175781 0.015625 0.023438
2 0.552734 0.195312 0.019531 0.023438
2 0.679184 0.285156 0.032258 0.039062
2 0.109375 0.316406 0.023438 0.031250
2 0.357422 0.322266 0.027344 0.027344
2 0.146484 0.357422 0.019531 0.019531
2 0.085938 0.390625 0.031250 0.031250
2 0.930270 0.406250 0.030086 0.015625
2 0.945312 0.496094 0.062500 0.039062
2 0.905895 0.542969 0.022727 0.015625
2 0.085938 0.630859 0.070312 0.074219
2 0.052721 0.146439 0.050519 0.042655
2 0.211607 0.292559 0.016768 0.019101
