2 0.535569 0.355469 0.022612 0.023438
2 0.485156 0.652344 0.025000 0.023438
2 0.103906 0.614453 0.020313 0.032422
2 0.298437 0.824707 0.031250 0.014648
2 0.819690 0.866016 0.017650 0.035547
2 0.156516 0.032366 0.035676 0.040823
2 0.367188 0.662695 0.039062 0.029687
2 0.138672 0.496094 0.035156 0.039062
2 0.911756 0.384766 0.045884 0.058594
2 0.034180 0.379151 0.068359 0.071476
2 0.244141 0.490234 0.019531 0.019531
2 0.611328 0.626953 0.019531 0.019531
2 0.603516 0.884576 0.019531 0.019911
2 0.060271 0.062839 0.023190 0.024974
2 0.891219 0.986778 0.018205 0.017826
