2 0.088742 0.909532 0.021234 0.024686
2 0.691006 0.791811 0.033595 0.036746
2 0.325676 0.470360 0.029756 0.022886
2 0.385812 0.317674 0.033064 0.022257
2 0.844975 0.405165 0.028801 0.021200
2 0.072345 0.294246 0.019691 0.029014
2 0.739426 0.075786 0.030013 0.026401
2 0.595575 0.862803 0.053343 0.037890
2 0.336190 0.965498 0.050875 0.059013
2 0.087279 0.839383 0.023781 0.016421
2 0.234781 0.815035 0.022083 0.032275
2 0.165701 0.958573 0.027745 0.029444
2 0.226059 0.734383 0.037256 0.032741
2 0.125298 0.680757 0.029918 0.024837
2 0.837591 0.978690 0.033601 0.014400
2 0.956393 0.859088 0.024800 0.023200
2 0.936112 0.526830 0.042807 0.023139
2 0.944789 0.353867 0.030081 0.015040
2 0.972267 0.286764 0.035287 0.023139
2 0.345243 0.560888 0.026352 0.016313
2 0.325584 0.651865 0.023842 0.015895
2 0.850537 0.078170 0.023787 0.017257
2 0.946152 0.182647 0.016324 0.015392
2 0.166576 0.468999 0.015484 0.020979
