2 0.565535 0.639279 0.037319 0.039473
2 0.915965 0.777092 0.030206 0.022324
2 0.214672 0.170007 0.054345 0.034986
2 0.028470 0.339684 0.028874 0.026476
2 0.070998 0.732940 0.027993 0.028803
2 0.309149 0.039258 0.024670 0.035937
2 0.292188 0.277301 0.040625 0.029211
2 0.077930 0.244141 0.039453 0.036328
2 0.196094 0.244629 0.064062 0.051758
2 0.791992 0.528613 0.052734 0.057227
2 0.939062 0.984375 0.066406 0.031250
2 0.448627 0.473633 0.077747 0.092188
2 0.145077 0.745251 0.019655 0.024262
2 0.092100 0.800378 0.017505 0.022112
2 0.174570 0.122571 0.050445 0.034514
2 0.312186 0.312401 0.028320 0.023010
2 0.555751 0.683698 0.026877 0.019709
2 0.484080 0.834655 0.035835 0.027773
2 0.695742 0.740774 0.024700 0.015122
2 0.118450 0.320406 0.027556 0.020922
2 0.395371 0.152575 0.023476 0.016483
2 0.705301 0.483983 0.039959 0.022976
2 0.836666 0.220505 0.018980 0.024475
2 0.593666 0.147330 0.020479 0.022977
2 0.460803 0.085144 0.020479 0.017482
