2 0.531745 0.005859 0.061873 0.011719
2 0.546875 0.130859 0.046875 0.058594
2 0.578125 0.966797 0.054688 0.066406
2 0.365234 0.996094 0.050781 0.007812
2 0.544922 0.824219 0.058594 0.046875
2 0.326172 0.667969 0.058594 0.054688
2 0.162109 0.720703 0.027344 0.035156
2 0.964844 0.511719 0.046875 0.039062
2 0.898438 0.197266 0.039062 0.042969
2 0.070483 0.239158 0.140966 0.170122
2 0.079602 0.024938 0.048036 0.040592
2 0.278768 0.027597 0.036775 0.024641
2 0.975584 0.971289 0.048831 0.057421
2 0.987716 0.934272 0.024568 0.034667
2 0.854402 0.821665 0.061718 0.058107
2 0.850189 0.875193 0.034220 0.029161
2 0.967573 0.759100 0.035722 0.040459
2 0.797240 0.569662 0.026149 0.035581
2 0.114968 0.360263 0.039594 0.036947
2 0.292353 0.508986 0.080529 0.100977
2 0.283270 0.433621 0.110381 0.103213
2 0.463181 0.305061 0.051417 0.058982
