2 0.572682 0.331836 0.018021 0.039062
2 0.911914 0.181641 0.028516 0.035156
2 0.321289 0.501953 0.021484 0.035156
2 0.503906 0.523438 0.023438 0.031250
2 0.410547 0.696191 0.024219 0.040820
2 0.373107 0.926270 0.018630 0.032227
2 0.565625 0.884355 0.032812 0.034336
2 0.648438 0.470801 0.046875 0.058789
2 0.633789 0.917657 0.072266 0.069688
2 0.998047 0.900879 0.003906 0.051758
2 0.747950 0.108499 0.040298 0.033803
2 0.179688 0.089844 0.070312 0.062500
2 0.943359 0.472656 0.035156 0.031250
2 0.610738 0.237134 0.017418 0.039587
2 0.104685 0.512684 0.016850 0.019658
2 0.144465 0.943665 0.017198 0.032177
2 0.811482 0.091796 0.021986 0.032978
