2 0.705078 0.009766 0.019531 0.019531
2 0.242050 0.013672 0.031525 0.019531
2 0.429688 0.025391 0.039062 0.011719
2 0.869141 0.033203 0.027344 0.019531
2 0.044922 0.058594 0.027344 0.015625
2 0.259766 0.074219 0.019531 0.015625
2 0.587891 0.123047 0.027344 0.027344
2 0.216797 0.160156 0.019531 0.015625
2 0.351562 0.171875 0.031250 0.015625
2 0.890625 0.226562 0.023438 0.015625
2 0.273438 0.314453 0.039062 0.035156
2 0.199219 0.359375 0.031250 0.039062
2 0.785156 0.369141 0.031250 0.042969
2 0.312500 0.441925 0.031250 0.022400
2 0.925781 0.492188 0.046875 0.039062
2 0.175781 0.568359 0.031250 0.019531
2 0.763672 0.566406 0.027344 0.015625
2 0.507812 0.632812 0.031250 0.031250
2 0.693359 0.708984 0.042969 0.027344
2 0.781250 0.746094 0.015625 0.023438
2 0.044922 0.884766 0.035156 0.035156
2 0.970703 0.916016 0.035156 0.019531
