2 0.142578 0.048828 0.074219 0.066406
2 0.302734 0.050781 0.019531 0.015625
2 0.642578 0.072266 0.019531 0.035156
2 0.914062 0.070312 0.023438 0.031250
2 0.341797 0.107422 0.035156 0.042969
2 0.066406 0.111328 0.031250 0.042969
2 0.462891 0.101562 0.019531 0.023438
2 0.121094 0.123047 0.046875 0.058594
2 0.304688 0.175781 0.070312 0.062500
2 0.742126 0.210665 0.054810 0.039607
2 0.583984 0.232422 0.027344 0.035156
2 0.871094 0.236328 0.046875 0.042969
2 0.189453 0.257812 0.050781 0.039062
2 0.927734 0.259766 0.027344 0.019531
2 0.812500 0.259766 0.015625 0.011719
2 0.367188 0.330078 0.039062 0.035156
2 0.591797 0.333984 0.035156 0.027344
2 0.962891 0.384766 0.027344 0.035156
2 0.736328 0.441406 0.027344 0.031250
2 0.242188 0.441406 0.015625 0.015625
2 0.421875 0.490234 0.015625 0.027344
2 0.794922 0.511719 0.011719 0.023438
2 0.601562 0.521484 0.023438 0.019531
2 0.515625 0.550781 0.039062 0.039062
2 0.628906 0.564453 0.023438 0.042969
2 0.128906 0.562500 0.023438 0.031250
2 0.289062 0.595703 0.039062 0.035156
2 0.517578 0.617188 0.019531 0.015625
2 0.308594 0.660156 0.023438 0.031250
2 0.498047 0.675781 0.019531 0.023438
2 0.189453 0.681641 0.019531 0.019531
2 0.126953 0.695312 0.019531 0.031250
2 0.785156 0.707031 0.031250 0.031250
2 0.402344 0.710938 0.015625 0.015625
2 0.929688 0.738281 0.031250 0.054688
2 0.271484 0.742188 0.011719 0.015625
2 0.201172 0.761719 0.019531 0.023438
2 0.650391 0.761719 0.019531 0.015625
2 0.478516 0.818359 0.027344 0.027344
2 0.961468 0.813149 0.055748 0.022454
2 0.039062 0.859375 0.039062 0.062500
2 0.742188 0.876953 0.078125 0.089844
2 0.990234 0.845703 0.019531 0.019531
2 0.171875 0.867188 0.023438 0.023438
2 0.597656 0.898438 0.046875 0.078125
2 0.687500 0.937500 0.054688 0.070312
2 0.337891 0.945312 0.011719 0.015625
2 0.880859 0.976562 0.074219 0.046875
2 0.960911 0.166399 0.038946 0.033653
2 0.048828 0.427734 0.066406 0.097656
2 0.080078 0.337891 0.082031 0.074219
2 0.177734 0.544922 0.027344 0.027344
2 0.975154 0.253622 0.040082 0.060122
2 0.462891 0.902344 0.027344 0.039062
2 0.491256 0.915678 0.028650 0.029574
2 0.401394 0.833978 0.029863 0.023314
2 0.020802 0.355673 0.024802 0.026959
2 0.835938 0.611328 0.046875 0.042969
2 0.843750 0.556641 0.031250 0.042969
2 0.824219 0.535156 0.031250 0.031250
2 0.490234 0.166016 0.050781 0.050781
2 0.539062 0.175781 0.039062 0.039062
2 0.969273 0.708150 0.061454 0.146201
2 0.011253 0.474652 0.022506 0.031520
2 0.175474 0.355519 0.011284 0.025454
2 0.271252 0.452872 0.016007 0.025979
2 0.666016 0.017578 0.042969 0.035156
2 0.481966 0.382022 0.014433 0.020730
2 0.502433 0.249769 0.017582 0.017582
2 0.398258 0.178394 0.016007 0.019681
2 0.660140 0.113842 0.022305 0.017582
2 0.895167 0.099751 0.018366 0.019270
