2 0.519531 0.007812 0.023438 0.015625
2 0.023438 0.050781 0.046875 0.062500
2 0.595703 0.056641 0.027344 0.019531
2 0.333984 0.078125 0.027344 0.039062
2 0.183594 0.234375 0.031250 0.039062
2 0.402344 0.287109 0.023438 0.027344
2 0.187500 0.316406 0.015625 0.015625
2 0.009766 0.490234 0.019531 0.058594
2 0.796875 0.525391 0.078125 0.050781
2 0.597656 0.576172 0.015625 0.019531
2 0.480469 0.712891 0.054688 0.042969
2 0.046875 0.867188 0.031250 0.031250
2 0.363281 0.992188 0.039062 0.015625
2 0.554688 0.322266 0.132812 0.042969
2 0.955078 0.501953 0.058594 0.144531
2 0.710819 0.025818 0.145687 0.040762
