2 0.080078 0.005859 0.019531 0.011719
2 0.201172 0.023438 0.027344 0.046875
2 0.287109 0.011719 0.027344 0.023438
2 0.740234 0.019531 0.027344 0.015625
2 0.316406 0.041016 0.023438 0.027344
2 0.960938 0.033203 0.015625 0.011719
2 0.330078 0.103516 0.019531 0.019531
2 0.029297 0.154297 0.058594 0.050781
2 0.449219 0.171875 0.023438 0.031250
2 0.011719 0.222656 0.023438 0.015625
2 0.373047 0.271484 0.027344 0.019531
2 0.443359 0.269531 0.019531 0.015625
2 0.960938 0.326172 0.046875 0.050781
2 0.666016 0.394531 0.082031 0.062500
2 0.994141 0.384766 0.011719 0.019531
2 0.404297 0.392578 0.042969 0.027344
2 0.859375 0.544922 0.015625 0.011719
2 0.150391 0.593750 0.050781 0.101562
2 0.210938 0.609375 0.015625 0.015625
2 0.238281 0.636719 0.023438 0.023438
2 0.281250 0.660156 0.046875 0.039062
2 0.636719 0.648438 0.023438 0.015625
2 0.777344 0.716797 0.039062 0.019531
2 0.369227 0.742477 0.019705 0.016204
2 0.625000 0.785156 0.023438 0.023438
2 0.451172 0.820312 0.019531 0.031250
2 0.726562 0.824219 0.039062 0.039062
2 0.013672 0.824219 0.027344 0.023438
2 0.419922 0.878906 0.019531 0.015625
2 0.941406 0.917969 0.023438 0.023438
2 0.082031 0.937500 0.046875 0.039062
2 0.345703 0.958984 0.027344 0.042969
2 0.062500 0.992188 0.046875 0.015625
2 0.996103 0.345552 0.007794 0.011487
