2 0.201172 0.023438 0.097656 0.046875
2 0.970703 0.066406 0.058594 0.039062
2 0.787109 0.171875 0.042969 0.023438
2 0.085938 0.220703 0.054688 0.027344
2 0.699219 0.507812 0.046875 0.070312
2 0.269531 0.693359 0.039062 0.019531
2 0.400391 0.746094 0.058594 0.093750
2 0.078125 0.800781 0.078125 0.078125
2 0.197266 0.976562 0.027344 0.046875
2 0.531250 0.958757 0.031250 0.034701
2 0.252707 0.910341 0.037486 0.031902
2 0.972656 0.724609 0.054688 0.058594
2 0.621094 0.574219 0.023438 0.046875
2 0.064465 0.587940 0.041089 0.047208
2 0.257812 0.160156 0.039062 0.039062
