2 0.156250 0.037109 0.062500 0.066406
2 0.337891 0.052734 0.019531 0.019531
2 0.992188 0.089844 0.015625 0.046875
2 0.533203 0.109375 0.019531 0.015625
2 0.214844 0.156250 0.015625 0.023438
2 0.322266 0.187500 0.027344 0.015625
2 0.429688 0.199219 0.023438 0.015625
2 0.082031 0.216797 0.031250 0.035156
2 0.164062 0.224609 0.023438 0.042969
2 0.173828 0.386719 0.113281 0.156250
2 0.470703 0.351562 0.027344 0.015625
2 0.533203 0.451172 0.050781 0.074219
2 0.333984 0.599609 0.019531 0.027344
2 0.087891 0.611328 0.042969 0.035156
2 0.259766 0.681641 0.019531 0.019531
2 0.388672 0.691406 0.066406 0.031250
2 0.277344 0.748047 0.031250 0.042969
2 0.529297 0.941406 0.066406 0.054688
2 0.007806 0.874783 0.015613 0.023679
2 0.027425 0.894379 0.022824 0.015552
