2 0.630859 0.031250 0.082031 0.062500
2 0.197266 0.248047 0.042969 0.035156
2 0.568359 0.275391 0.050781 0.066406
2 0.316406 0.410156 0.054688 0.070312
2 0.953125 0.404297 0.070312 0.058594
2 0.652344 0.417969 0.054688 0.078125
2 0.042969 0.404297 0.046875 0.042969
2 0.156250 0.462891 0.085938 0.128906
2 0.996094 0.505859 0.007812 0.027344
2 0.453125 0.558594 0.015625 0.023438
2 0.994141 0.005208 0.011719 0.010417
2 0.806641 0.144531 0.105469 0.125000
2 0.990234 0.629687 0.019531 0.076563
2 0.968750 0.570312 0.062500 0.046875
2 0.923828 0.123047 0.152344 0.246094
2 0.806641 0.632812 0.050781 0.070312
2 0.853516 0.697266 0.121094 0.105469
2 0.849609 0.755859 0.058594 0.058594
2 0.488281 0.667969 0.062500 0.125000
2 0.398438 0.734375 0.054688 0.070312
2 0.650391 0.816406 0.019531 0.015625
2 0.962891 0.833984 0.019531 0.027344
2 0.585938 0.941406 0.062500 0.062500
2 0.027344 0.947266 0.054688 0.066406
2 0.134766 0.972656 0.097656 0.054688
2 0.525391 0.984375 0.050781 0.031250
