3 0.008467 0.022670 0.016934 0.045340
3 0.012434 0.103309 0.024868 0.064598
3 0.005634 0.133941 0.011268 0.032801
3 0.012434 0.252014 0.024868 0.055045
3 0.131964 0.074977 0.094064 0.089530
3 0.113832 0.070443 0.132596 0.105397
3 0.218662 0.192273 0.088397 0.077064
3 0.227162 0.274438 0.060065 0.087264
3 0.105332 0.326003 0.038532 0.058932
3 0.154630 0.404767 0.071398 0.094064
3 0.190329 0.399667 0.022666 0.043065
3 0.329725 0.442166 0.063465 0.039665
3 0.228295 0.476732 0.044199 0.054398
3 0.120065 0.568529 0.054398 0.040799
3 0.067933 0.552663 0.122396 0.079331
3 0.430022 0.103876 0.148462 0.174528
3 0.261345 0.060354 0.383560 0.120708
3 0.496321 0.038711 0.033999 0.048732
3 0.817045 0.007172 0.054398 0.014345
3 0.677734 0.214964 0.285156 0.347512
3 0.496721 0.337191 0.188754 0.359857
3 0.533203 0.555568 0.207031 0.134573
3 0.861328 0.378400 0.074219 0.061487
3 0.771484 0.414062 0.066406 0.062500
3 0.668016 0.594028 0.084998 0.082731
3 0.649883 0.608194 0.039666 0.047599
3 0.641383 0.512997 0.031732 0.024932
3 0.646483 0.365102 0.028332 0.050998
3 0.671982 0.406467 0.038532 0.029466
3 0.708814 0.377568 0.094064 0.053265
3 0.881076 0.029838 0.060065 0.059677
3 0.882776 0.115209 0.090664 0.140529
3 0.855010 0.195106 0.094064 0.046465
3 0.987287 0.268771 0.025427 0.048732
3 0.230237 0.392434 0.033414 0.039602
3 0.887051 0.455134 0.036462 0.048182
3 0.995614 0.469712 0.008773 0.030458
3 0.887051 0.556055 0.049484 0.031253
3 0.829754 0.599679 0.057297 0.050786
3 0.590148 0.070983 0.031253 0.035159
3 0.159117 0.323611 0.054693 0.027346
3 0.153909 0.342493 0.059902 0.031253
3 0.025391 0.794922 0.050781 0.066406
3 0.109375 0.636719 0.039062 0.054688
3 0.136719 0.781250 0.046875 0.054688
3 0.305990 0.730740 0.040682 0.048310
3 0.205556 0.672259 0.147474 0.162730
3 0.305990 0.657004 0.068652 0.081365
3 0.341588 0.660817 0.033055 0.017799
3 0.367014 0.676073 0.035597 0.048311
3 0.531015 0.727562 0.061024 0.041954
3 0.399433 0.874400 0.049582 0.020341
3 0.428038 0.900462 0.045768 0.034326
3 0.409604 0.939238 0.039411 0.022884
3 0.467449 0.977882 0.038140 0.044235
3 0.585046 0.898555 0.034326 0.030512
3 0.544364 0.962627 0.062295 0.074747
3 0.587589 0.971656 0.039411 0.026698
3 0.544364 0.844524 0.054667 0.064837
3 0.682303 0.825454 0.094078 0.080093
3 0.590132 0.794942 0.069923 0.059752
3 0.724892 0.871858 0.039411 0.040682
3 0.696287 0.951951 0.172900 0.081365
3 0.752861 0.730740 0.029241 0.045768
3 0.698194 0.721205 0.062295 0.069923
3 0.813249 0.770151 0.091536 0.088993
3 0.846939 0.851516 0.082636 0.066109
3 0.856474 0.908090 0.048311 0.077551
3 0.759854 0.770151 0.048311 0.048311
3 0.709001 0.665903 0.061024 0.058481
3 0.497961 0.816555 0.111877 0.044496
3 0.407696 0.819733 0.063566 0.020341
3 0.416596 0.772058 0.040682 0.067380
3 0.848211 0.695143 0.062295 0.045768
3 0.816428 0.724384 0.034326 0.020341
3 0.870459 0.773330 0.038140 0.039411
3 0.750319 0.619499 0.075008 0.057210
3 0.932118 0.974704 0.057210 0.050592
3 0.987354 0.943082 0.025292 0.025365
3 0.995617 0.845795 0.008765 0.041954
3 0.980362 0.719934 0.039277 0.024155
3 0.990532 0.647194 0.018936 0.010892
3 0.152344 0.876953 0.304688 0.246094
3 0.756592 0.982778 0.033383 0.034445
