3 0.570312 0.353516 0.390625 0.386719
3 0.257812 0.332031 0.312500 0.203125
3 0.433594 0.468750 0.148438 0.085938
3 0.958203 0.966797 0.075781 0.066406
3 0.373047 0.875000 0.230469 0.148438
3 0.882812 0.636719 0.085938 0.195312
3 0.597656 0.849609 0.132812 0.121094
3 0.257812 0.160156 0.046875 0.085938
3 0.062500 0.263672 0.070312 0.066406
3 0.669922 0.035156 0.113281 0.070312
3 0.433594 0.257812 0.117188 0.117188
3 0.556641 0.085938 0.035156 0.078125
3 0.790053 0.416375 0.092122 0.104009
3 0.152344 0.468750 0.179688 0.171875
3 0.390104 0.968750 0.082292 0.062500
3 0.939453 0.486328 0.113281 0.144531
3 0.933594 0.128906 0.125000 0.101562
3 0.767578 0.972656 0.105469 0.054688
3 0.121094 0.873047 0.101562 0.097656
3 0.054688 0.935547 0.109375 0.097656
3 0.093750 0.906250 0.187500 0.156250
3 0.421875 0.041016 0.164062 0.082031
3 0.285156 0.523438 0.164062 0.164062
3 0.011719 0.486328 0.023438 0.105469
3 0.033203 0.398476 0.066406 0.059819
3 0.341797 0.207031 0.074219 0.117188
3 0.384766 0.144531 0.066406 0.062500
3 0.683594 0.146484 0.093750 0.066406
3 0.752503 0.487352 0.089468 0.064417
3 0.083116 0.784305 0.049248 0.071977
3 0.063227 0.838288 0.035989 0.044828
3 0.024300 0.647190 0.048600 0.074713
3 0.108581 0.573529 0.096812 0.030517
3 0.038077 0.522493 0.031569 0.029464
3 0.082274 0.476192 0.119962 0.069452
3 0.683645 0.547619 0.094850 0.037582
3 0.975597 0.394606 0.048806 0.050110
3 0.989019 0.326257 0.021962 0.060833
3 0.022640 0.993028 0.045280 0.013943
3 0.384030 0.087579 0.034470 0.043462
3 0.610331 0.166634 0.098913 0.063694
3 0.724609 0.708984 0.253906 0.269531
3 0.021484 0.291016 0.042969 0.050781
3 0.017578 0.215895 0.035156 0.052584
3 0.105469 0.062500 0.046875 0.031250
