3 0.650391 0.273438 0.457031 0.546875
3 0.681641 0.275391 0.597656 0.550781
3 0.941406 0.210938 0.117188 0.242188
3 0.943359 0.058594 0.113281 0.117188
3 0.822266 0.650391 0.160156 0.214844
3 0.552734 0.695312 0.386719 0.234375
3 0.941081 0.982422 0.061849 0.035156
3 0.964844 0.931641 0.070312 0.136719
3 0.089844 0.101562 0.179688 0.203125
3 0.089844 0.351562 0.179688 0.703125
3 0.402344 0.257812 0.179688 0.234375
3 0.402344 0.492188 0.093750 0.250000
3 0.474609 0.919922 0.152344 0.066406
3 0.753906 0.771484 0.078125 0.113281
3 0.070406 0.933594 0.140811 0.132812
3 0.282645 0.986328 0.112165 0.027344
3 0.248047 0.919922 0.089844 0.082031
3 0.556641 0.917969 0.316406 0.070312
