3 0.939558 0.981690 0.120883 0.036620
3 0.923620 0.865221 0.057015 0.031475
3 0.131646 0.543070 0.029428 0.040188
3 0.432654 0.993472 0.035932 0.013055
3 0.304941 0.844910 0.039030 0.023381
3 0.833314 0.035963 0.074106 0.045438
3 0.992368 0.397091 0.015265 0.013364
3 0.770228 0.364581 0.057787 0.054901
3 0.534606 0.228783 0.024410 0.021636
3 0.032486 0.490959 0.030047 0.016334
3 0.424470 0.550693 0.080941 0.066595
3 0.745253 0.422763 0.032057 0.024845
3 0.792278 0.238632 0.035908 0.040026
3 0.733479 0.751563 0.103046 0.058515
3 0.563960 0.746904 0.036766 0.024386
3 0.479028 0.717260 0.040538 0.020891
3 0.526058 0.594726 0.041351 0.020117
3 0.624254 0.576633 0.031227 0.032754
3 0.151677 0.753952 0.142308 0.091687
3 0.541088 0.971470 0.023513 0.014137
3 0.477245 0.882571 0.033159 0.034684
3 0.379315 0.795540 0.052303 0.051361
3 0.111710 0.675630 0.040563 0.025009
3 0.707796 0.575810 0.039381 0.033741
3 0.738501 0.555026 0.027090 0.023771
3 0.777978 0.547742 0.040236 0.026263
3 0.327716 0.437608 0.040614 0.037604
3 0.242328 0.304362 0.023807 0.018363
3 0.023963 0.242715 0.047927 0.049857
3 0.094356 0.278050 0.054804 0.049966
3 0.195086 0.032066 0.022749 0.016290
3 0.199308 0.085767 0.027354 0.019760
3 0.123467 0.176379 0.050946 0.057040
3 0.101374 0.121265 0.036475 0.026919
3 0.044102 0.149121 0.036612 0.010581
3 0.289317 0.005191 0.047980 0.010382
3 0.651617 0.333968 0.056113 0.036927
3 0.958874 0.572792 0.082252 0.097416
3 0.430186 0.966947 0.047920 0.040220
3 0.073595 0.881418 0.039016 0.036395
3 0.165797 0.880460 0.036309 0.027837
3 0.211119 0.004255 0.044203 0.008510
3 0.267740 0.137256 0.076333 0.053930
3 0.879030 0.663441 0.116884 0.064622
3 0.605821 0.955103 0.111980 0.089793
3 0.681641 0.175781 0.042969 0.015625
