3 0.087891 0.931641 0.175781 0.136719
3 0.539062 0.685547 0.234375 0.480469
3 0.349609 0.359375 0.324219 0.187500
3 0.068359 0.431641 0.136719 0.199219
3 0.009766 0.672991 0.019531 0.075893
3 0.013672 0.338759 0.027344 0.083767
3 0.142578 0.203125 0.113281 0.125000
3 0.077989 0.162109 0.148166 0.082031
3 0.578125 0.191406 0.195312 0.117188
3 0.761719 0.220703 0.140625 0.128906
3 0.677734 0.070248 0.074219 0.101433
3 0.832031 0.097656 0.132812 0.093750
3 0.400391 0.115234 0.066406 0.105469
3 0.226562 0.083984 0.078125 0.058594
3 0.672786 0.964844 0.183073 0.070312
3 0.701172 0.585938 0.597656 0.828125
