3 0.546875 0.886795 0.289062 0.226410
3 0.666016 0.611335 0.113281 0.168389
3 0.569125 0.023385 0.068427 0.046769
3 0.749886 0.912281 0.109402 0.130059
3 0.949219 0.720703 0.062500 0.113281
3 0.085934 0.441600 0.171868 0.211580
3 0.626926 0.222639 0.074495 0.078671
3 0.211001 0.718390 0.422001 0.210920
3 0.916984 0.269310 0.160234 0.125975
3 0.997767 0.170865 0.004466 0.018436
3 0.806061 0.113615 0.068985 0.102321
3 0.068771 0.889712 0.137543 0.220577
3 0.135149 0.583922 0.199414 0.120968
3 0.283283 0.597656 0.128430 0.101562
3 0.130645 0.513283 0.183164 0.089066
3 0.863720 0.537739 0.148596 0.116473
3 0.724812 0.580041 0.072955 0.083570
3 0.250000 0.037109 0.093750 0.074219
3 0.343750 0.121094 0.054688 0.054688
3 0.181641 0.130859 0.066406 0.042969
3 0.268473 0.228274 0.134928 0.175299
3 0.238281 0.240234 0.062500 0.050781
3 0.464110 0.017578 0.146969 0.035156
3 0.731107 0.028606 0.054688 0.057212
3 0.226972 0.406768 0.141444 0.099743
3 0.535180 0.493967 0.195360 0.136372
3 0.246465 0.855840 0.042969 0.058594
3 0.442630 0.650935 0.066333 0.083120
3 0.990885 0.991797 0.018229 0.016407
3 0.765426 0.827559 0.070710 0.069180
3 0.860035 0.738892 0.102882 0.071534
3 0.794875 0.662000 0.143524 0.117902
3 0.839840 0.591887 0.153663 0.068593
3 0.914574 0.625835 0.082894 0.091897
3 0.768755 0.213138 0.068761 0.082527
3 0.353685 0.278129 0.050150 0.046652
3 0.440789 0.258015 0.051653 0.035211
3 0.738410 0.473327 0.078383 0.041858
3 0.992188 0.319824 0.015625 0.038086
3 0.083984 0.255859 0.035156 0.035156
3 0.011102 0.403643 0.022204 0.062692
3 0.387443 0.162799 0.072857 0.045768
3 0.413173 0.102094 0.053877 0.074219
3 0.620302 0.097714 0.086545 0.059235
3 0.689201 0.127363 0.053567 0.033587
3 0.793898 0.292467 0.091212 0.082785
3 0.758162 0.264070 0.067348 0.044341
3 0.713019 0.288664 0.104544 0.105096
3 0.758782 0.436795 0.087199 0.040818
3 0.729158 0.388564 0.067377 0.053021
3 0.986543 0.413291 0.026914 0.028616
3 0.979117 0.874701 0.041766 0.063941
3 0.821515 0.014496 0.057093 0.028993
3 0.856371 0.086499 0.053516 0.056178
3 0.402934 0.007078 0.053354 0.014156
3 0.139486 0.169248 0.089131 0.044845
3 0.038889 0.196068 0.039891 0.056360
3 0.397445 0.527760 0.050742 0.056711
3 0.515345 0.856836 0.089545 0.126855
3 0.568054 0.347002 0.039748 0.036241
