3 0.945312 0.013672 0.109375 0.027344
3 0.287623 0.878906 0.239309 0.242188
3 0.458984 0.873047 0.269531 0.253906
3 0.603516 0.849609 0.167969 0.144531
3 0.562500 0.707031 0.140625 0.164062
3 0.445312 0.617188 0.140625 0.117188
3 0.341797 0.566406 0.175781 0.304688
3 0.148438 0.289062 0.296875 0.507812
3 0.805122 0.001953 0.030382 0.003906
3 0.830078 0.103516 0.113281 0.105469
3 0.992188 0.103027 0.015625 0.034180
3 0.013672 0.799561 0.027344 0.028809
3 0.861328 0.900391 0.097656 0.128906
3 0.841797 0.919922 0.152344 0.160156
3 0.968750 0.978516 0.062500 0.042969
3 0.441406 0.339844 0.117188 0.101562
3 0.380859 0.261719 0.097656 0.085938
3 0.546875 0.164062 0.062500 0.109375
3 0.121094 0.968750 0.093750 0.062500
3 0.007812 0.947266 0.015625 0.105469
3 0.745207 0.924508 0.053730 0.043211
3 0.753906 0.593750 0.492188 0.437500
3 0.822266 0.248047 0.339844 0.269531
3 0.789062 0.290458 0.421875 0.471540
