3 0.531250 0.898438 0.140625 0.132812
3 0.531250 0.804688 0.195312 0.117188
3 0.517795 0.960938 0.129340 0.078125
3 0.738281 0.623047 0.171875 0.230469
3 0.937500 0.769531 0.078125 0.125000
3 0.601562 0.257812 0.125000 0.132812
3 0.589844 0.193359 0.265625 0.261719
3 0.849609 0.107422 0.128906 0.167969
3 0.019531 0.578369 0.039062 0.062012
3 0.419922 0.910156 0.121094 0.179688
3 0.392578 0.806641 0.058594 0.089844
3 0.167969 0.992188 0.046875 0.015625
3 0.251953 0.869141 0.128906 0.183594
3 0.005859 0.840658 0.011719 0.043294
3 0.027344 0.789062 0.054688 0.031250
3 0.013672 0.654785 0.027344 0.065430
3 0.269531 0.484375 0.062500 0.078125
3 0.537109 0.498047 0.144531 0.113281
3 0.634766 0.574219 0.058594 0.078125
3 0.728516 0.814453 0.199219 0.371094
3 0.933594 0.244141 0.132812 0.167969
3 0.878906 0.347656 0.242188 0.375000
3 0.939453 0.869141 0.121094 0.238281
3 0.830859 0.966797 0.080469 0.066406
3 0.382812 0.265625 0.101562 0.117188
3 0.480469 0.019531 0.062500 0.039062
3 0.216797 0.029297 0.082031 0.058594
3 0.115234 0.634766 0.058594 0.035156
3 0.093750 0.425781 0.046875 0.070312
3 0.152344 0.726562 0.031250 0.031250
3 0.146484 0.193359 0.058594 0.042969
3 0.275391 0.363281 0.050781 0.054688
3 0.382812 0.490234 0.070312 0.105469
3 0.476562 0.316406 0.039062 0.031250
3 0.811649 0.576644 0.376703 0.846712
3 0.075033 0.753521 0.132114 0.070116
3 0.464440 0.629110 0.048286 0.045744
3 0.515585 0.637051 0.042567 0.055274
3 0.606120 0.507126 0.062263 0.066075
3 0.579754 0.400389 0.041297 0.039391
3 0.352304 0.349563 0.050191 0.031767
3 0.444110 0.400390 0.049556 0.040661
3 0.351351 0.415002 0.071157 0.067346
3 0.724927 0.163410 0.048286 0.072428
3 0.710314 0.193588 0.053368 0.041297
3 0.685854 0.218049 0.042567 0.057180
3 0.324985 0.134820 0.061627 0.049556
3 0.183940 0.438827 0.088311 0.043838
3 0.106197 0.246411 0.065234 0.056324
3 0.994141 0.657199 0.011719 0.046540
3 0.826172 0.562500 0.199219 0.179688
