3 0.439281 0.462755 0.308250 0.238101
3 0.972656 0.034993 0.054688 0.069987
3 0.900391 0.578125 0.199219 0.093750
3 0.082031 0.412109 0.164062 0.800781
3 0.337891 0.263672 0.316406 0.214844
3 0.809201 0.197735 0.219965 0.245156
3 0.644531 0.078125 0.085938 0.109375
3 0.064453 0.015625 0.128906 0.031250
3 0.982422 0.988281 0.035156 0.023438
3 0.706641 0.953125 0.094531 0.093750
3 0.433479 0.953125 0.148208 0.093750
3 0.265625 0.906250 0.226562 0.187500
3 0.650391 0.847656 0.066406 0.062500
3 0.581543 0.958984 0.079102 0.082031
3 0.984375 0.879883 0.031250 0.064453
3 0.984375 0.393606 0.031250 0.064350
3 0.966797 0.138672 0.066406 0.128906
3 0.564453 0.175781 0.105469 0.140625
3 0.449829 0.146484 0.134033 0.105469
3 0.811273 0.453125 0.231921 0.125000
3 0.667969 0.662109 0.156250 0.160156
3 0.291016 0.615234 0.050781 0.089844
3 0.213415 0.851905 0.129954 0.125685
3 0.740234 0.791016 0.105469 0.097656
