3 0.290084 0.513662 0.138582 0.121625
3 0.865313 0.662163 0.121325 0.183701
3 0.935547 0.966680 0.128906 0.066639
3 0.812519 0.914062 0.078163 0.171875
3 0.433594 0.816401 0.085938 0.093760
3 0.626988 0.673795 0.082101 0.121027
3 0.274587 0.676593 0.065103 0.200249
3 0.066285 0.790106 0.132570 0.216016
3 0.215247 0.616308 0.062623 0.064031
3 0.427042 0.558962 0.145653 0.181538
3 0.512181 0.617363 0.120321 0.135098
3 0.519589 0.524127 0.080176 0.158309
3 0.570758 0.536689 0.045986 0.059257
3 0.569542 0.469673 0.040891 0.056256
3 0.376010 0.226962 0.088596 0.164925
3 0.509585 0.258993 0.215811 0.144480
3 0.901476 0.253476 0.192308 0.234432
3 0.005607 0.154863 0.011214 0.042354
3 0.282416 0.042970 0.026811 0.016570
3 0.336475 0.029457 0.024924 0.028215
3 0.387184 0.074112 0.023372 0.024352
3 0.347615 0.072297 0.016484 0.019994
3 0.322251 0.079625 0.028119 0.027816
3 0.469983 0.035346 0.124618 0.070173
3 0.415840 0.041396 0.059889 0.043556
3 0.665175 0.103266 0.047067 0.059768
3 0.601607 0.163712 0.093959 0.078521
3 0.027424 0.312643 0.054848 0.078465
3 0.312821 0.177181 0.066521 0.090555
3 0.049510 0.432136 0.070424 0.144716
3 0.110626 0.374556 0.086397 0.078166
3 0.194518 0.349372 0.033265 0.044500
3 0.054295 0.872226 0.108589 0.187409
3 0.142458 0.940820 0.079346 0.093786
3 0.462098 0.944983 0.036436 0.025647
3 0.499424 0.796923 0.049304 0.122746
3 0.529828 0.845740 0.039446 0.060800
3 0.566191 0.822774 0.023530 0.027761
3 0.669968 0.571281 0.098062 0.096204
3 0.731888 0.487930 0.080338 0.088242
3 0.828007 0.533440 0.058921 0.067590
3 0.900436 0.468628 0.072975 0.070579
3 0.971400 0.475474 0.057201 0.048911
3 0.973960 0.335513 0.052080 0.200169
3 0.987484 0.058991 0.025033 0.034501
3 0.953125 0.119924 0.093750 0.192973
3 0.345703 0.775391 0.097656 0.105469
3 0.168491 0.481598 0.085144 0.088196
3 0.118139 0.275459 0.134716 0.105605
3 0.498192 0.437265 0.086111 0.104308
3 0.398438 0.478516 0.093750 0.097656
3 0.330396 0.425285 0.084900 0.089451
3 0.143077 0.668026 0.102969 0.108918
3 0.339528 0.688890 0.071307 0.073900
3 0.302734 0.810547 0.058594 0.089844
3 0.871449 0.880859 0.046159 0.167969
3 0.714745 0.957508 0.093553 0.084984
3 0.071895 0.669081 0.051067 0.089307
3 0.213534 0.790094 0.044256 0.033313
3 0.008923 0.024129 0.017845 0.048257
3 0.398479 0.415987 0.048420 0.043040
3 0.448244 0.378327 0.078010 0.037660
3 0.368890 0.323855 0.075320 0.039005
3 0.570639 0.643292 0.032280 0.043040
3 0.442192 0.713231 0.060525 0.064560
3 0.584761 0.696419 0.049765 0.057835
3 0.906216 0.124796 0.060525 0.055145
3 0.977654 0.050821 0.044692 0.098185
3 0.976309 0.875976 0.047382 0.067250
