3 0.052734 0.050781 0.105469 0.101562
3 0.462526 0.904503 0.136942 0.090255
3 0.809345 0.832054 0.068405 0.094031
3 0.986142 0.881943 0.027716 0.039342
3 0.632851 0.167969 0.078201 0.093750
3 0.203352 0.966797 0.176629 0.066406
3 0.191819 0.546971 0.187436 0.157291
3 0.428026 0.135165 0.169271 0.207711
3 0.962647 0.357239 0.074706 0.152372
3 0.948773 0.661980 0.102455 0.083278
3 0.879638 0.530364 0.218862 0.211788
3 0.051378 0.904913 0.102757 0.190174
3 0.156842 0.750243 0.083626 0.086686
3 0.102657 0.695237 0.037154 0.031353
3 0.267991 0.367996 0.065581 0.076508
3 0.362331 0.318285 0.064400 0.116264
3 0.516940 0.752988 0.073853 0.089372
3 0.550136 0.686643 0.078103 0.080779
3 0.212967 0.835471 0.094126 0.108441
3 0.550781 0.894531 0.093750 0.093750
3 0.064830 0.990117 0.046065 0.019766
3 0.101739 0.958984 0.080227 0.082031
3 0.887879 0.787445 0.086672 0.097103
3 0.984375 0.834821 0.031250 0.060268
3 0.670412 0.648244 0.165489 0.101191
3 0.694392 0.608980 0.152478 0.115586
3 0.580815 0.567854 0.090815 0.096646
3 0.711302 0.406798 0.080496 0.067866
3 0.622807 0.367495 0.073740 0.063115
3 0.968750 0.207219 0.062500 0.064291
3 0.607653 0.067972 0.093830 0.104650
3 0.553192 0.212943 0.058154 0.094788
3 0.167969 0.031250 0.070312 0.062500
3 0.367330 0.057618 0.036602 0.049139
3 0.304157 0.037570 0.080245 0.059270
3 0.954344 0.090211 0.050781 0.050781
3 0.719159 0.110699 0.050346 0.031770
3 0.707494 0.069874 0.054667 0.047755
3 0.761104 0.075112 0.058742 0.066614
3 0.337533 0.269536 0.127052 0.095860
3 0.025060 0.365670 0.050119 0.051678
3 0.078595 0.360500 0.061796 0.037406
3 0.188158 0.440657 0.066062 0.075588
3 0.297721 0.422237 0.099724 0.090833
3 0.223327 0.371291 0.062877 0.047886
3 0.017613 0.504494 0.035225 0.101673
3 0.466876 0.747472 0.088899 0.077462
3 0.843750 0.945312 0.046875 0.062500
3 0.890625 0.890625 0.078125 0.078125
3 0.636529 0.973571 0.071183 0.052857
3 0.394531 0.830078 0.078125 0.089844
3 0.672264 0.710793 0.079346 0.083095
3 0.488974 0.963649 0.056725 0.044257
3 0.315896 0.884810 0.055258 0.046457
3 0.217508 0.222063 0.094781 0.061971
3 0.707472 0.268626 0.055531 0.042371
3 0.614838 0.284441 0.075672 0.067146
3 0.666508 0.240805 0.071564 0.049639
3 0.086818 0.553022 0.072073 0.066981
3 0.022942 0.436205 0.045883 0.024186
3 0.087211 0.654652 0.059020 0.034704
3 0.141777 0.819861 0.070411 0.072163
3 0.207738 0.764080 0.043292 0.044544
3 0.254048 0.750104 0.043292 0.068325
3 0.475473 0.811692 0.049216 0.043304
3 0.540809 0.799866 0.037982 0.038573
3 0.505332 0.835639 0.085285 0.080554
3 0.201221 0.141421 0.052105 0.046895
3 0.138358 0.234160 0.117200 0.117200
3 0.374466 0.431732 0.048324 0.083543
3 0.029236 0.575886 0.045867 0.042591
3 0.008066 0.606608 0.016131 0.018506
3 0.328190 0.543942 0.042591 0.031124
3 0.345160 0.508203 0.064555 0.058308
3 0.409195 0.561305 0.040607 0.043731
3 0.374835 0.601392 0.034361 0.036443
3 0.450843 0.571196 0.021866 0.044772
3 0.442514 0.609721 0.073927 0.063514
3 0.418566 0.677921 0.034360 0.060391
3 0.089498 0.519168 0.046760 0.051843
3 0.536646 0.544687 0.066602 0.047732
3 0.624339 0.441454 0.057722 0.041071
3 0.901848 0.166165 0.055502 0.045511
3 0.691496 0.286049 0.041071 0.027751
3 0.923494 0.127869 0.096573 0.044402
3 0.697059 0.018015 0.034970 0.036030
3 0.088448 0.841011 0.055145 0.047075
3 0.091138 0.727359 0.044385 0.032280
3 0.314407 0.938523 0.036315 0.026900
3 0.389727 0.912296 0.039005 0.049765
3 0.587441 0.787884 0.082045 0.104910
3 0.970765 0.914986 0.055145 0.047075
3 0.480513 0.414084 0.195696 0.188187
