3 0.209109 0.033168 0.200583 0.066337
3 0.099686 0.317539 0.199372 0.228827
3 0.732353 0.343927 0.199421 0.102666
3 0.824219 0.166117 0.117188 0.207233
3 0.470703 0.765625 0.082031 0.125000
3 0.948960 0.996045 0.069786 0.007911
3 0.163447 0.767209 0.125832 0.153843
3 0.101665 0.662567 0.080217 0.090848
3 0.253224 0.600035 0.103407 0.059476
3 0.123565 0.134929 0.154778 0.089442
3 0.090328 0.058492 0.180655 0.087539
3 0.080179 0.205359 0.160357 0.172450
3 0.041104 0.978471 0.082208 0.043058
3 0.214648 0.925781 0.133784 0.148438
3 0.127930 0.976562 0.115234 0.046875
3 0.931788 0.854061 0.106239 0.106560
3 0.910392 0.748187 0.179102 0.113330
3 0.909295 0.609487 0.094044 0.080771
3 0.875970 0.624454 0.112119 0.079076
3 0.021547 0.110799 0.043094 0.027194
3 0.006755 0.756562 0.013511 0.056093
3 0.487576 0.689634 0.109375 0.132812
3 0.662109 0.546875 0.167969 0.109375
3 0.406250 0.583984 0.062500 0.082031
3 0.320489 0.744492 0.072025 0.078428
3 0.746094 0.080078 0.109375 0.082031
3 0.767398 0.024492 0.065963 0.048985
3 0.321869 0.874266 0.105561 0.110897
3 0.252041 0.502888 0.056598 0.044459
3 0.229492 0.225023 0.112234 0.106774
3 0.756567 0.994919 0.052305 0.010162
3 0.787415 0.881918 0.043326 0.048477
3 0.735606 0.837228 0.053400 0.043099
3 0.828364 0.824682 0.067939 0.063557
3 0.348329 0.937108 0.061983 0.071293
3 0.540121 0.618722 0.053386 0.077042
3 0.711795 0.628892 0.061839 0.062546
3 0.968535 0.542493 0.062652 0.103170
3 0.555429 0.089679 0.103084 0.111541
3 0.608419 0.032480 0.054710 0.054710
3 0.375329 0.340957 0.066946 0.088746
3 0.195438 0.384580 0.076282 0.076282
3 0.142946 0.403516 0.035535 0.052792
3 0.314802 0.386737 0.075741 0.058004
3 0.414991 0.256348 0.062859 0.053751
3 0.887113 0.212678 0.063289 0.073793
3 0.793547 0.970322 0.051727 0.056985
3 0.525655 0.272282 0.051311 0.083626
3 0.887030 0.344623 0.061877 0.072830
3 0.361730 0.149915 0.029316 0.027043
3 0.388623 0.134007 0.028558 0.030073
3 0.495800 0.086461 0.025744 0.031155
3 0.695601 0.220114 0.030674 0.088665
3 0.648705 0.471992 0.035883 0.064762
3 0.275003 0.444525 0.118478 0.039464
3 0.334579 0.565668 0.052491 0.089455
3 0.374677 0.413372 0.061867 0.060128
3 0.515967 0.363260 0.035621 0.053215
3 0.114838 0.934647 0.059476 0.040146
3 0.173571 0.880375 0.063937 0.032712
3 0.337131 0.680386 0.019330 0.028251
3 0.333925 0.012974 0.049765 0.025948
3 0.951278 0.070333 0.047075 0.061870
3 0.550469 0.030656 0.055145 0.044385
3 0.951278 0.345385 0.052455 0.098185
3 0.864526 0.426757 0.040350 0.043040
3 0.809381 0.721984 0.029590 0.100875
3 0.902186 0.910956 0.056490 0.075320
3 0.582076 0.806719 0.064560 0.049765
3 0.535002 0.928441 0.061870 0.021520
3 0.127468 0.585467 0.053800 0.040350
3 0.190010 0.674237 0.055145 0.059180
3 0.015641 0.274964 0.031283 0.028933
