3 0.278011 0.826515 0.051589 0.053995
3 0.123658 0.864742 0.079357 0.047357
3 0.428405 0.932633 0.056359 0.052550
3 0.333730 0.863371 0.062172 0.031038
3 0.109418 0.949834 0.059834 0.044355
3 0.065610 0.222290 0.027179 0.016383
3 0.205429 0.631382 0.015693 0.013682
3 0.208908 0.708151 0.031477 0.018536
3 0.005513 0.804303 0.011027 0.019354
3 0.040236 0.334465 0.021689 0.017399
3 0.513146 0.048747 0.024016 0.029575
3 0.002917 0.058793 0.005834 0.032082
3 0.076851 0.070568 0.153701 0.141135
3 0.339193 0.019789 0.196615 0.039577
