3 0.021960 0.151788 0.043919 0.071766
3 0.061220 0.138332 0.047417 0.044854
3 0.072754 0.105653 0.078174 0.094834
3 0.275877 0.046062 0.064077 0.078174
3 0.685091 0.041016 0.153132 0.066406
3 0.598184 0.022710 0.052543 0.045421
3 0.537311 0.031681 0.058951 0.063362
3 0.417910 0.024633 0.055953 0.049265
3 0.473234 0.036450 0.048698 0.066640
3 0.509758 0.068488 0.044854 0.056388
3 0.970703 0.062500 0.058594 0.125000
3 0.933594 0.164062 0.132812 0.148438
3 0.884766 0.589844 0.074219 0.125000
3 0.675781 0.185547 0.101562 0.089844
3 0.580078 0.277344 0.324219 0.296875
3 0.761719 0.365234 0.070312 0.074219
3 0.369141 0.218750 0.144531 0.132812
3 0.396484 0.285156 0.082031 0.062500
3 0.884766 0.845703 0.113281 0.113281
3 0.804688 0.529297 0.039062 0.066406
3 0.898438 0.449219 0.070312 0.062500
3 0.839844 0.236328 0.078125 0.074219
3 0.957031 0.734375 0.070312 0.101562
3 0.408203 0.724609 0.058594 0.058594
3 0.449219 0.769531 0.117188 0.085938
3 0.460938 0.693359 0.078125 0.066406
3 0.451172 0.580078 0.089844 0.097656
3 0.041016 0.486328 0.066406 0.042969
3 0.142578 0.410156 0.042969 0.101562
3 0.037109 0.796875 0.066406 0.070312
3 0.572266 0.896484 0.058594 0.082031
3 0.255859 0.787109 0.097656 0.082031
3 0.273438 0.257812 0.039062 0.046875
3 0.900653 0.274376 0.045593 0.078326
3 0.096817 0.959990 0.034793 0.053965
3 0.034687 0.972416 0.046864 0.043314
3 0.699306 0.797823 0.032605 0.046492
3 0.733722 0.824088 0.041058 0.047096
3 0.124112 0.664468 0.062240 0.032232
3 0.080766 0.670581 0.037789 0.057794
3 0.055203 0.583890 0.037788 0.031120
3 0.209136 0.650020 0.058905 0.047791
3 0.104188 0.363484 0.053320 0.034362
3 0.127293 0.537070 0.052135 0.033177
3 0.149806 0.586243 0.085312 0.027252
3 0.299101 0.226630 0.037916 0.028437
3 0.289622 0.207672 0.061614 0.047395
3 0.206088 0.153760 0.050950 0.034362
3 0.467355 0.380665 0.056874 0.061614
3 0.470909 0.333862 0.047395 0.050950
3 0.518897 0.452943 0.050950 0.026067
3 0.297916 0.523444 0.049765 0.039101
3 0.354198 0.560175 0.055689 0.046210
3 0.315097 0.558398 0.043841 0.028438
3 0.365455 0.528183 0.094791 0.072278
3 0.568070 0.162646 0.054504 0.047395
3 0.358346 0.164424 0.073463 0.081757
3 0.489867 0.101033 0.061614 0.056874
3 0.774239 0.216559 0.052135 0.043841
3 0.981318 0.267876 0.037364 0.046945
3 0.864883 0.194046 0.072278 0.041471
3 0.664980 0.764343 0.053570 0.071937
3 0.710898 0.440626 0.120916 0.061223
3 0.228001 0.964440 0.055101 0.071120
3 0.536715 0.833483 0.050544 0.075816
3 0.208180 0.908456 0.050544 0.070761
3 0.022378 0.886381 0.044755 0.033351
3 0.892333 0.796308 0.030884 0.032814
3 0.724609 0.554688 0.128906 0.171875
3 0.193054 0.300093 0.046211 0.037916
3 0.036864 0.692810 0.041123 0.053349
