3 0.392578 0.109375 0.332031 0.218750
3 0.765625 0.070312 0.101562 0.140625
3 0.722656 0.267578 0.179688 0.261719
3 0.876953 0.091797 0.175781 0.175781
3 0.972656 0.064453 0.054688 0.105469
3 0.033203 0.217969 0.066406 0.228125
3 0.031250 0.058594 0.062500 0.117188
3 0.343750 0.414062 0.140625 0.273438
3 0.513672 0.296875 0.207031 0.210938
3 0.761719 0.597656 0.242188 0.109375
3 0.843750 0.832031 0.289062 0.148438
3 0.816406 0.968750 0.164062 0.062500
3 0.019531 0.941406 0.039062 0.117188
3 0.157812 0.031250 0.098438 0.062500
3 0.355469 0.912109 0.062500 0.066406
3 0.138672 0.826172 0.222656 0.230469
3 0.154297 0.251953 0.167969 0.128906
3 0.476562 0.623047 0.093750 0.121094
3 0.992188 0.681641 0.015625 0.167969
3 0.800851 0.225225 0.372509 0.450449
