3 0.486237 0.136382 0.020762 0.020318
3 0.334129 0.179290 0.052962 0.023946
3 0.478035 0.895472 0.021916 0.017804
3 0.182815 0.702987 0.021529 0.016892
3 0.508023 0.748300 0.024196 0.015079
3 0.753955 0.549882 0.034579 0.023779
3 0.538665 0.552149 0.030642 0.022432
3 0.498852 0.548322 0.035328 0.024694
3 0.473831 0.528088 0.033162 0.020165
3 0.651982 0.525526 0.025561 0.030092
3 0.605366 0.615885 0.012387 0.013649
3 0.681807 0.540334 0.027430 0.026452
3 0.799237 0.355316 0.017306 0.015589
3 0.697073 0.302848 0.024290 0.012941
3 0.549529 0.319937 0.020883 0.019329
3 0.611869 0.373563 0.060287 0.099294
3 0.117129 0.746452 0.032361 0.062419
3 0.798521 0.474491 0.053385 0.085446
3 0.845651 0.500000 0.308697 1.000000
