3 0.009046 0.882663 0.018092 0.040562
3 0.650368 0.560632 0.081722 0.097827
3 0.454854 0.621102 0.113559 0.148422
3 0.574317 0.748559 0.101759 0.119015
3 0.976377 0.781018 0.047246 0.094659
3 0.956718 0.671761 0.086564 0.110222
3 0.151176 0.529448 0.267961 0.269559
3 0.019677 0.361067 0.039355 0.144718
3 0.058357 0.389476 0.049352 0.038051
3 0.436579 0.616499 0.029778 0.037906
3 0.445648 0.536554 0.337130 0.223446
3 0.009789 0.677725 0.019577 0.074471
3 0.975618 0.021698 0.048765 0.043396
3 0.945909 0.107269 0.069709 0.066506
3 0.665182 0.338795 0.166820 0.145549
3 0.894681 0.596708 0.068767 0.103830
3 0.779486 0.638883 0.069461 0.067864
3 0.862077 0.518625 0.045201 0.041724
3 0.223899 0.962977 0.080611 0.074045
3 0.491099 0.990234 0.092476 0.019531
3 0.721529 0.975872 0.043344 0.048256
3 0.599111 0.874888 0.125609 0.070088
3 0.943359 0.949667 0.113281 0.098258
3 0.993230 0.883350 0.013541 0.018185
3 0.303187 0.731487 0.137624 0.103599
3 0.466484 0.708984 0.106095 0.074219
3 0.481350 0.808159 0.086492 0.114759
3 0.112229 0.888409 0.064605 0.092335
3 0.016168 0.837240 0.032336 0.059896
3 0.168405 0.721393 0.123814 0.090072
3 0.009766 0.203501 0.019531 0.071065
3 0.120576 0.137265 0.116153 0.118280
3 0.570312 0.460938 0.085938 0.109375
3 0.634664 0.455250 0.043421 0.076604
3 0.415751 0.414449 0.104939 0.092977
3 0.860238 0.741866 0.082031 0.046875
3 0.428249 0.008473 0.022022 0.016946
3 0.363325 0.062246 0.068566 0.085072
3 0.969257 0.253199 0.061486 0.077475
3 0.260118 0.006666 0.022328 0.013333
3 0.374872 0.021686 0.056609 0.028062
3 0.595543 0.067451 0.047546 0.058875
3 0.824473 0.213011 0.039571 0.051022
3 0.689264 0.144752 0.066168 0.048367
3 0.727563 0.119129 0.054300 0.057537
3 0.712001 0.012892 0.045653 0.025785
3 0.988068 0.961231 0.023864 0.038698
3 0.813917 0.970703 0.057522 0.058594
3 0.685721 0.950907 0.059729 0.046986
3 0.399123 0.975225 0.063037 0.049549
3 0.300470 0.911629 0.049017 0.047881
3 0.609450 0.948800 0.035467 0.051217
3 0.166837 0.413485 0.142647 0.061729
3 0.246431 0.468759 0.083019 0.047202
3 0.121094 0.306641 0.101562 0.050781
3 0.085888 0.247043 0.062598 0.064399
3 0.014751 0.159084 0.029502 0.061894
3 0.986730 0.051056 0.026539 0.016602
3 0.834926 0.019360 0.045730 0.038721
3 0.393095 0.172548 0.033625 0.044385
3 0.144943 0.827561 0.064560 0.044385
3 0.063570 0.664817 0.052455 0.041695
3 0.245817 0.392455 0.034970 0.051110
3 0.209502 0.383712 0.043040 0.039005
3 0.290202 0.424735 0.056490 0.056490
3 0.236402 0.493329 0.096840 0.075320
3 0.588791 0.648004 0.056490 0.048420
3 0.824838 0.340000 0.044385 0.069940
3 0.931093 0.888086 0.103564 0.060525
