3 0.994141 0.882031 0.011719 0.029687
3 0.966797 0.216797 0.066406 0.121094
3 0.898438 0.570312 0.203125 0.187500
3 0.726562 0.382812 0.226562 0.226562
3 0.691406 0.648438 0.273438 0.210938
3 0.615234 0.486328 0.261719 0.167969
3 0.611328 0.388672 0.128906 0.050781
3 0.930664 0.957031 0.138672 0.085938
3 0.173828 0.888672 0.222656 0.222656
3 0.189453 0.755859 0.136719 0.105469
3 0.277344 0.089844 0.054688 0.179688
3 0.353516 0.035156 0.097656 0.070312
3 0.330078 0.105469 0.058594 0.085938
3 0.039062 0.216675 0.078125 0.097412
3 0.089844 0.365397 0.179688 0.394206
3 0.042969 0.843750 0.085938 0.289062
3 0.287109 0.699219 0.089844 0.062500
3 0.351562 0.777344 0.054688 0.109375
3 0.328125 0.888672 0.070312 0.121094
3 0.419922 0.777344 0.097656 0.070312
3 0.433594 0.699219 0.093750 0.078125
3 0.517578 0.714844 0.074219 0.054688
3 0.613281 0.976562 0.054688 0.046875
3 0.583984 0.912109 0.074219 0.082031
3 0.488281 0.968750 0.187500 0.062500
3 0.910156 0.847656 0.085938 0.093750
3 0.982422 0.037109 0.035156 0.042969
3 0.910156 0.019531 0.031250 0.039062
3 0.841797 0.146484 0.035156 0.035156
3 0.767578 0.871094 0.042969 0.031250
3 0.738281 0.882812 0.031250 0.046875
3 0.956005 0.453176 0.066822 0.060055
3 0.875543 0.925159 0.050632 0.032422
3 0.363010 0.968018 0.044414 0.028425
3 0.378777 0.900510 0.031534 0.028425
3 0.441622 0.909836 0.039084 0.029313
3 0.663024 0.825451 0.050187 0.047079
3 0.674127 0.880301 0.042193 0.046634
3 0.828020 0.843216 0.049743 0.028425
3 0.298166 0.815013 0.067509 0.043081
3 0.106331 0.835888 0.056574 0.038597
3 0.095492 0.782750 0.053931 0.059218
3 0.155904 0.583070 0.311809 0.833860
3 0.614797 0.022140 0.042776 0.044280
3 0.615922 0.171483 0.042776 0.081049
3 0.552321 0.114073 0.048404 0.047279
3 0.563015 0.184429 0.072044 0.037148
3 0.383468 0.084242 0.055159 0.068667
3 0.469020 0.385364 0.084427 0.085552
3 0.046875 0.623047 0.093750 0.230469
3 0.423828 0.494141 0.105469 0.144531
3 0.250000 0.425781 0.101562 0.156250
