3 0.958984 0.366122 0.082031 0.247869
3 0.894531 0.441406 0.132812 0.117188
3 0.535156 0.806641 0.234375 0.269531
3 0.367188 0.800781 0.578125 0.343750
3 0.091797 0.990234 0.183594 0.019531
3 0.513672 0.453125 0.152344 0.140625
3 0.099609 0.271484 0.199219 0.261719
3 0.142578 0.365234 0.113281 0.121094
3 0.074219 0.535156 0.085938 0.085938
3 0.651563 0.964844 0.100000 0.070312
3 0.565487 0.972656 0.056526 0.054688
3 0.798828 0.978516 0.214844 0.042969
3 0.324219 0.056641 0.109375 0.113281
3 0.995186 0.541081 0.009628 0.107828
