3 0.103516 0.314453 0.207031 0.246094
3 0.613281 0.111328 0.171875 0.222656
3 0.462891 0.046875 0.175781 0.093750
3 0.763787 0.029297 0.129136 0.058594
3 0.208984 0.005859 0.074219 0.011719
3 0.283203 0.421875 0.207031 0.218750
3 0.742188 0.224609 0.187500 0.175781
3 0.128906 0.949219 0.117188 0.101562
3 0.662109 0.691406 0.082031 0.093750
3 0.373047 0.642578 0.121094 0.066406
3 0.220703 0.632812 0.105469 0.093750
3 0.476562 0.783203 0.359375 0.144531
3 0.386719 0.087891 0.109375 0.089844
3 0.007812 0.771094 0.015625 0.054688
