3 0.815799 0.011151 0.081963 0.022302
3 0.006859 0.021041 0.013718 0.042082
3 0.173828 0.255859 0.136719 0.121094
3 0.160156 0.167969 0.062500 0.062500
3 0.277344 0.212891 0.078125 0.113281
3 0.900391 0.306641 0.191406 0.113281
3 0.723418 0.075091 0.088908 0.077795
3 0.917905 0.121629 0.066681 0.065292
3 0.979723 0.043140 0.034730 0.052789
3 0.750507 0.021570 0.054179 0.043140
3 0.988059 0.170945 0.023616 0.052789
3 0.046363 0.157286 0.092726 0.191242
3 0.009549 0.257944 0.019099 0.051050
3 0.038722 0.433163 0.077445 0.038219
3 0.780375 0.428640 0.027784 0.040287
3 0.771345 0.473789 0.051400 0.086130
3 0.626953 0.507812 0.152344 0.132812
3 0.399737 0.535607 0.061125 0.023616
3 0.931641 0.675781 0.058594 0.078125
3 0.873047 0.691406 0.058594 0.093750
3 0.532075 0.736328 0.056338 0.066406
3 0.669922 0.755859 0.058594 0.035156
3 0.435547 0.703125 0.035156 0.054688
3 0.414323 0.669664 0.043065 0.030562
3 0.688688 0.335564 0.041676 0.029173
3 0.552548 0.087594 0.252832 0.108357
3 0.506704 0.212621 0.155589 0.163925
3 0.744950 0.306391 0.504276 0.376471
3 0.617188 0.864671 0.414062 0.229341
3 0.966797 0.849609 0.058594 0.089844
3 0.097656 0.794405 0.195312 0.305722
3 0.353894 0.811362 0.086130 0.061124
3 0.369175 0.857205 0.091686 0.058346
3 0.626153 0.990421 0.136333 0.019157
3 0.507209 0.997367 0.026954 0.005265
3 0.180245 0.940556 0.047233 0.030562
3 0.267069 0.957921 0.043065 0.068070
3 0.078834 0.951670 0.041676 0.019449
