3 0.968450 0.632869 0.017857 0.011501
3 0.884796 0.737619 0.019479 0.009616
3 0.585462 0.985226 0.023539 0.015265
3 0.287720 0.996921 0.016040 0.006159
3 0.627894 0.680394 0.013335 0.020040
3 0.698100 0.573836 0.018721 0.011840
3 0.753539 0.645782 0.016588 0.020060
3 0.644646 0.821637 0.015877 0.014391
3 0.404721 0.799614 0.016098 0.022048
3 0.438280 0.769177 0.014721 0.017213
3 0.433561 0.650063 0.012362 0.016005
3 0.227404 0.595862 0.023364 0.021401
3 0.249620 0.601013 0.021122 0.009136
3 0.221716 0.823014 0.019806 0.015103
3 0.285216 0.758804 0.015746 0.014201
3 0.258111 0.738101 0.017387 0.012243
3 0.301310 0.707859 0.018708 0.018818
3 0.224175 0.714995 0.021046 0.018627
3 0.169619 0.684052 0.019461 0.012520
3 0.845466 0.271350 0.013125 0.017060
3 0.850739 0.294989 0.021249 0.020539
3 0.448301 0.425566 0.018594 0.012743
3 0.497295 0.355839 0.019961 0.014314
3 0.335435 0.400716 0.022508 0.019280
3 0.449856 0.207065 0.016649 0.018133
3 0.291881 0.209134 0.017051 0.020599
3 0.298328 0.251144 0.021464 0.015472
3 0.191626 0.305371 0.015461 0.017166
3 0.070121 0.267381 0.016045 0.012925
3 0.024665 0.073091 0.021082 0.013029
3 0.044511 0.069270 0.018491 0.021239
3 0.224733 0.045316 0.019783 0.014169
3 0.077827 0.732392 0.020173 0.012824
3 0.087007 0.714850 0.025216 0.011467
3 0.053910 0.639714 0.017830 0.014058
3 0.028908 0.582922 0.021332 0.016789
3 0.008784 0.578401 0.017568 0.018594
3 0.116196 0.016861 0.018352 0.019188
3 0.560815 0.740716 0.019752 0.015213
3 0.937553 0.753798 0.019045 0.016154
3 0.487221 0.394777 0.016883 0.011953
3 0.640552 0.375832 0.022658 0.015514
3 0.355107 0.585783 0.023144 0.018993
3 0.339600 0.543022 0.017439 0.011382
3 0.106226 0.376682 0.019002 0.017168
3 0.901718 0.431339 0.023796 0.042177
3 0.828664 0.373284 0.038941 0.022685
3 0.494927 0.964969 0.024867 0.022431
3 0.283517 0.907523 0.028006 0.031753
3 0.019422 0.430308 0.017865 0.020500
3 0.348890 0.337611 0.042092 0.052787
3 0.326172 0.701030 0.050961 0.054296
3 0.200388 0.217620 0.031877 0.028596
3 0.008671 0.251508 0.017342 0.054841
3 0.030185 0.815102 0.036648 0.042204
3 0.471449 0.004421 0.032074 0.008841
3 0.784357 0.107876 0.284976 0.215752
