3 0.869141 0.046875 0.152344 0.093750
3 0.980469 0.240234 0.039062 0.042969
3 0.326172 0.380859 0.027344 0.042969
3 0.843750 0.875000 0.039062 0.039062
3 0.128906 0.732422 0.023438 0.027344
3 0.113281 0.597656 0.023438 0.023438
3 0.304688 0.056641 0.023438 0.019531
3 0.250000 0.160156 0.023438 0.039062
3 0.153077 0.079783 0.022928 0.031116
3 0.588581 0.151983 0.033834 0.022556
3 0.276675 0.249960 0.033129 0.025375
3 0.246718 0.200972 0.025376 0.027490
3 0.025387 0.303531 0.023966 0.042293
3 0.052636 0.353050 0.023547 0.020693
3 0.225672 0.362326 0.029969 0.022120
3 0.031543 0.544269 0.018059 0.019503
3 0.032266 0.492622 0.015169 0.026004
3 0.100165 0.483954 0.020948 0.018781
3 0.471781 0.633982 0.030468 0.028030
3 0.493108 0.630326 0.019499 0.028030
3 0.515207 0.329193 0.020519 0.029846
3 0.686199 0.207633 0.021763 0.020519
3 0.600589 0.584137 0.020142 0.044691
3 0.805159 0.622848 0.020142 0.026437
3 0.912409 0.831806 0.041828 0.031869
3 0.023245 0.852444 0.025399 0.023905
3 0.468856 0.725447 0.017182 0.031376
3 0.807483 0.740296 0.024955 0.018150
3 0.238506 0.924473 0.018373 0.023732
