3 0.005208 0.008203 0.010417 0.016406
3 0.083147 0.929688 0.080357 0.140625
3 0.704520 0.031250 0.192522 0.062500
3 0.087891 0.113281 0.175781 0.125000
3 0.908203 0.880859 0.121094 0.089844
3 0.847656 0.777344 0.171875 0.117188
3 0.958984 0.931641 0.074219 0.074219
3 0.589844 0.912109 0.109375 0.113281
3 0.029297 0.984375 0.058594 0.031250
3 0.328125 0.160156 0.265625 0.164062
3 0.507812 0.046875 0.164062 0.093750
3 0.392578 0.318359 0.347656 0.246094
3 0.664062 0.226562 0.171875 0.367188
3 0.789062 0.537109 0.148438 0.378906
3 0.705078 0.441406 0.082031 0.125000
3 0.919922 0.484375 0.152344 0.085938
3 0.527344 0.484375 0.132812 0.101562
3 0.677734 0.650391 0.105469 0.105469
3 0.593750 0.562500 0.265625 0.273438
3 0.695312 0.218750 0.242188 0.382812
3 0.945312 0.597656 0.101562 0.132812
3 0.914062 0.251953 0.164062 0.113281
3 0.511719 0.710938 0.085938 0.070312
3 0.859375 0.175781 0.101562 0.093750
3 0.945312 0.677734 0.101562 0.300781
3 0.082617 0.929688 0.079297 0.140625
3 0.722656 0.970703 0.265625 0.058594
3 0.787109 0.859375 0.144531 0.101562
3 0.324375 0.648438 0.523750 0.703125
3 0.003906 0.706499 0.007812 0.077060
3 0.052734 0.364258 0.105469 0.326172
