3 0.085938 0.628906 0.171875 0.289062
3 0.751953 0.234375 0.496094 0.468750
3 0.746094 0.234375 0.507812 0.468750
3 0.519531 0.779297 0.468750 0.441406
3 0.691406 0.503906 0.117188 0.125000
3 0.482422 0.513672 0.160156 0.167969
3 0.525391 0.468750 0.246094 0.257812
3 0.449219 0.296875 0.390625 0.593750
3 0.216797 0.240234 0.121094 0.128906
3 0.207031 0.298828 0.203125 0.246094
3 0.001953 0.714844 0.003906 0.031250
3 0.052734 0.940430 0.105469 0.119141
3 0.927734 0.904297 0.144531 0.191406
3 0.929688 0.904652 0.140625 0.190696
3 0.792969 0.878906 0.101562 0.062500
3 0.394531 0.640625 0.117188 0.117188
3 0.990234 0.494792 0.019531 0.052083
3 0.015625 0.189040 0.031250 0.061373
3 0.162109 0.558594 0.074219 0.054688
3 0.046469 0.328596 0.092937 0.169619
3 0.960938 0.499805 0.078125 0.094141
