3 0.452829 0.028866 0.057209 0.057210
3 0.467532 0.002673 0.032888 0.005346
3 0.543093 0.016022 0.054667 0.032045
3 0.988281 0.089410 0.023438 0.069444
3 0.953125 0.417969 0.093750 0.109375
3 0.960938 0.328125 0.078125 0.070312
3 0.947266 0.564453 0.050781 0.050781
3 0.980469 0.680043 0.039062 0.178977
3 0.994232 0.873511 0.011536 0.063096
3 0.156250 0.089844 0.312500 0.179688
3 0.033203 0.183594 0.066406 0.109375
3 0.132812 0.416016 0.242188 0.097656
3 0.357422 0.554688 0.261719 0.296875
3 0.757812 0.179688 0.085938 0.085938
3 0.669922 0.185547 0.152344 0.269531
3 0.582031 0.222656 0.078125 0.109375
3 0.494141 0.138672 0.050781 0.066406
3 0.501953 0.345703 0.089844 0.066406
3 0.662109 0.367188 0.128906 0.085938
3 0.736328 0.531250 0.113281 0.062500
3 0.623047 0.949219 0.152344 0.101562
3 0.476562 0.773438 0.070312 0.101562
3 0.095703 0.679688 0.089844 0.085938
3 0.111328 0.259766 0.113281 0.113281
3 0.105469 0.804688 0.054688 0.070312
3 0.279297 0.673828 0.050781 0.066406
3 0.305990 0.980469 0.067708 0.039062
3 0.252704 0.980469 0.169471 0.039062
3 0.820964 0.120045 0.074020 0.062409
3 0.935623 0.215110 0.042090 0.049346
3 0.346845 0.205809 0.113780 0.102496
3 0.363771 0.218974 0.036673 0.031031
3 0.266447 0.224146 0.060181 0.063942
3 0.226013 0.198287 0.097794 0.083689
3 0.713573 0.068521 0.049838 0.038553
3 0.751186 0.010047 0.044195 0.020095
3 0.400914 0.334164 0.045136 0.041374
3 0.585038 0.488748 0.049132 0.058821
3 0.637631 0.496706 0.076813 0.067817
3 0.018049 0.265139 0.036098 0.053320
3 0.655200 0.662667 0.081757 0.042656
3 0.646313 0.608163 0.061614 0.033177
3 0.734216 0.918772 0.067243 0.032874
3 0.425152 0.992260 0.056149 0.015480
3 0.182079 0.869461 0.071725 0.041840
3 0.344956 0.836587 0.059771 0.047817
3 0.449555 0.403993 0.065748 0.043334
3 0.740940 0.477960 0.032874 0.032874
3 0.710307 0.451810 0.040345 0.034368
3 0.673698 0.572846 0.041840 0.043334
3 0.814907 0.697619 0.061265 0.038851
3 0.657559 0.732966 0.067345 0.055101
3 0.065226 0.750568 0.070407 0.047448
3 0.094307 0.879902 0.055101 0.036734
3 0.072879 0.984337 0.033673 0.031325
