3 0.025330 0.804110 0.019613 0.010521
3 0.288717 0.886313 0.040000 0.017321
3 0.322921 0.869741 0.018154 0.012477
3 0.382774 0.834695 0.023913 0.020095
3 0.007602 0.994746 0.015204 0.010508
3 0.093793 0.932867 0.048943 0.022401
3 0.006616 0.965354 0.013232 0.011126
3 0.015626 0.932967 0.031252 0.026678
3 0.007719 0.797294 0.015437 0.017466
3 0.005933 0.631784 0.011866 0.025114
3 0.151556 0.734515 0.042305 0.032177
3 0.657505 0.629733 0.023442 0.020161
3 0.501963 0.625661 0.027314 0.018294
3 0.499555 0.681596 0.017286 0.023820
3 0.269232 0.990916 0.017762 0.018168
3 0.139859 0.880898 0.021281 0.015619
3 0.022934 0.852590 0.034055 0.038536
3 0.905193 0.230488 0.067813 0.086553
3 0.285156 0.822266 0.039062 0.050781
