3 0.170232 0.225932 0.012045 0.018445
3 0.118321 0.236791 0.017655 0.024071
3 0.868339 0.744432 0.022583 0.010181
3 0.841198 0.812059 0.023431 0.009728
3 0.761998 0.831679 0.022601 0.010104
3 0.402698 0.833467 0.018801 0.012679
3 0.423264 0.846998 0.023873 0.009609
3 0.320966 0.844587 0.018759 0.018260
3 0.252342 0.940073 0.020262 0.011953
3 0.010088 0.800146 0.019847 0.010790
3 0.012758 0.663454 0.018378 0.011962
3 0.102376 0.768810 0.022836 0.013906
3 0.062507 0.727052 0.024058 0.027015
3 0.549091 0.852551 0.017603 0.017040
3 0.120226 0.832088 0.017577 0.016005
3 0.342924 0.820696 0.042840 0.011172
3 0.505501 0.664347 0.024957 0.010595
3 0.315435 0.712313 0.016235 0.012011
3 0.364329 0.486019 0.022426 0.019375
3 0.078751 0.487300 0.018220 0.010617
3 0.122181 0.514081 0.020598 0.014787
3 0.068826 0.436458 0.022700 0.018250
3 0.519264 0.006243 0.016777 0.012486
3 0.666888 0.491570 0.022393 0.009609
3 0.868695 0.011753 0.019781 0.010489
3 0.978708 0.466023 0.018881 0.021337
3 0.871942 0.310325 0.015477 0.014591
3 0.861593 0.234666 0.013021 0.017434
3 0.273662 0.088205 0.018974 0.028775
3 0.781866 0.369126 0.016658 0.012752
3 0.455304 0.505521 0.021561 0.013129
3 0.428354 0.468030 0.016234 0.013420
3 0.314745 0.555368 0.016268 0.012135
3 0.251821 0.281623 0.024861 0.018153
3 0.143951 0.354749 0.017830 0.021065
3 0.161626 0.331339 0.018993 0.014982
3 0.225365 0.169577 0.027161 0.015422
3 0.369231 0.144789 0.019287 0.010685
3 0.670167 0.423856 0.015868 0.013533
3 0.897811 0.140197 0.020946 0.015841
3 0.818814 0.330789 0.022168 0.013251
3 0.751268 0.452849 0.021763 0.027235
3 0.351344 0.169673 0.032656 0.027977
3 0.482907 0.233517 0.020328 0.016602
3 0.183629 0.717612 0.023928 0.025034
3 0.392961 0.971148 0.015695 0.016786
3 0.763916 0.792450 0.013316 0.015609
3 0.735553 0.810836 0.031884 0.022977
3 0.794445 0.723134 0.032415 0.037552
3 0.849259 0.728301 0.030712 0.046358
3 0.810312 0.806583 0.026574 0.024552
3 0.884848 0.786810 0.028377 0.023680
3 0.776391 0.935873 0.023489 0.014297
3 0.720027 0.966889 0.028866 0.036325
3 0.961561 0.938129 0.038328 0.044839
3 0.882817 0.901512 0.160339 0.196977
3 0.188294 0.491777 0.039526 0.027976
3 0.027315 0.382354 0.054629 0.070738
3 0.568315 0.587138 0.145651 0.123606
3 0.174315 0.281553 0.068587 0.065406
3 0.934527 0.067761 0.020738 0.045759
3 0.683954 0.152845 0.238524 0.305689
