3 0.787109 0.078125 0.058594 0.054688
3 0.244141 0.158203 0.019531 0.019531
3 0.919922 0.349609 0.019531 0.019531
3 0.083984 0.547306 0.121094 0.118050
3 0.800781 0.671875 0.015625 0.015625
3 0.796875 0.703125 0.015625 0.015625
3 0.580078 0.740234 0.011719 0.019531
3 0.689453 0.773438 0.019531 0.023438
3 0.980469 0.796875 0.039062 0.023438
3 0.109375 0.826172 0.015625 0.027344
3 0.367188 0.835938 0.015625 0.015625
3 0.406250 0.851562 0.015625 0.015625
3 0.617188 0.894531 0.046875 0.031250
3 0.996094 0.966797 0.007812 0.011719
