3 0.976562 0.026367 0.046875 0.052734
3 0.919922 0.103516 0.160156 0.207031
3 0.060547 0.132812 0.121094 0.117188
3 0.072266 0.386523 0.144531 0.405859
3 0.363281 0.798828 0.117188 0.199219
3 0.486328 0.781250 0.160156 0.140625
3 0.527344 0.878906 0.148438 0.101562
3 0.304688 0.947266 0.125000 0.097656
3 0.316406 0.691406 0.078125 0.039062
3 0.279297 0.794922 0.074219 0.121094
3 0.429688 0.714844 0.101562 0.070312
3 0.355469 0.646484 0.046875 0.074219
3 0.457031 0.662109 0.156250 0.066406
3 0.513672 0.576172 0.082031 0.105469
3 0.494141 0.576172 0.121094 0.105469
3 0.398438 0.488281 0.062500 0.101562
3 0.365234 0.552734 0.066406 0.074219
3 0.482422 0.408203 0.097656 0.082031
3 0.595703 0.398438 0.074219 0.093750
3 0.578125 0.720703 0.054688 0.097656
3 0.960938 0.886719 0.078125 0.101562
3 0.753906 0.431641 0.046875 0.105469
3 0.683594 0.480469 0.070312 0.039062
3 0.839844 0.367188 0.070312 0.078125
3 0.914062 0.550781 0.085938 0.062500
3 0.947266 0.490234 0.035156 0.042969
3 0.935547 0.326172 0.058594 0.058594
3 0.953125 0.310547 0.093750 0.121094
3 0.781250 0.283203 0.046875 0.042969
3 0.632812 0.472656 0.039062 0.046875
3 0.714844 0.691406 0.078125 0.101562
3 0.861328 0.757812 0.097656 0.078125
3 0.931641 0.798828 0.035156 0.035156
3 0.923828 0.763672 0.019531 0.027344
3 0.962891 0.679688 0.042969 0.062500
3 0.980469 0.631557 0.039062 0.067801
3 0.656250 0.615234 0.046875 0.058594
3 0.013672 0.035156 0.027344 0.070312
3 0.824219 0.095703 0.085938 0.082031
3 0.261719 0.392578 0.031250 0.035156
3 0.119141 0.734375 0.105469 0.039062
3 0.050781 0.578125 0.070312 0.085938
3 0.011719 0.894531 0.023438 0.070312
3 0.056641 0.769531 0.050781 0.046875
3 0.130859 0.783203 0.074219 0.058594
3 0.263672 0.292969 0.042969 0.031250
3 0.294922 0.259766 0.035156 0.027344
3 0.169922 0.304688 0.050781 0.062500
3 0.455078 0.195312 0.042969 0.031250
3 0.433594 0.148438 0.046875 0.039062
3 0.312500 0.078125 0.031250 0.031250
3 0.652344 0.968750 0.070312 0.046875
3 0.976562 0.978516 0.046875 0.042969
3 0.603516 0.166016 0.058594 0.042969
3 0.254474 0.613251 0.075905 0.061892
3 0.171563 0.552527 0.043208 0.059557
3 0.106751 0.665217 0.035033 0.056053
3 0.035275 0.630184 0.070550 0.056053
3 0.427304 0.264671 0.073570 0.049046
