3 0.567814 0.337751 0.166879 0.160005
3 0.634766 0.998047 0.023438 0.003906
3 0.570430 0.955078 0.148672 0.089844
3 0.500039 0.234401 0.164140 0.094047
3 0.076121 0.390625 0.051139 0.024192
3 0.287139 0.227922 0.145460 0.098356
3 0.210896 0.177651 0.164393 0.097311
3 0.034892 0.065873 0.062693 0.085046
3 0.029347 0.148404 0.058695 0.086391
3 0.185540 0.011674 0.050359 0.023348
3 0.987565 0.044488 0.024870 0.059532
3 0.842302 0.138365 0.315396 0.215569
3 0.722346 0.171087 0.146532 0.135114
3 0.801639 0.207244 0.118621 0.081829
3 0.812857 0.305293 0.141154 0.165763
3 0.903002 0.304099 0.117028 0.094049
3 0.924538 0.963470 0.150925 0.073061
3 0.899502 0.843750 0.185370 0.203125
3 0.941363 0.071922 0.117273 0.081756
3 0.346890 0.428625 0.081149 0.070489
3 0.404994 0.458647 0.091626 0.084321
3 0.560466 0.510107 0.222427 0.134250
3 0.291015 0.857294 0.111298 0.061437
3 0.600031 0.729916 0.075063 0.071419
3 0.968830 0.764524 0.062339 0.101250
3 0.626953 0.025391 0.066406 0.050781
3 0.572266 0.074219 0.058594 0.046875
3 0.484566 0.021189 0.103881 0.042378
3 0.430535 0.005907 0.038728 0.011814
3 0.247832 0.002956 0.025381 0.005911
3 0.272748 0.101775 0.045496 0.047301
3 0.023082 0.991894 0.046165 0.016213
3 0.060708 0.548821 0.064554 0.058580
3 0.095548 0.117329 0.074530 0.062784
3 0.725384 0.816608 0.067955 0.078528
3 0.497875 0.913071 0.068827 0.071337
3 0.596283 0.865016 0.074073 0.057017
3 0.636356 0.893753 0.069787 0.065035
3 0.790106 0.958545 0.032623 0.062299
3 0.902384 0.488085 0.140706 0.084134
3 0.898688 0.569566 0.048714 0.056181
3 0.563920 0.641630 0.073458 0.072322
3 0.501422 0.699134 0.057200 0.046705
3 0.265625 0.332031 0.054688 0.046875
3 0.253968 0.534347 0.106144 0.098707
3 0.324447 0.478493 0.102018 0.058548
3 0.024774 0.337776 0.049548 0.070084
3 0.132446 0.414247 0.053955 0.035803
3 0.182520 0.317692 0.032594 0.028099
3 0.095170 0.195531 0.043909 0.039768
3 0.071321 0.425811 0.038398 0.047397
3 0.155825 0.478092 0.043336 0.034020
3 0.071982 0.309940 0.067557 0.043336
3 0.344239 0.326010 0.060570 0.060570
3 0.199023 0.982422 0.109766 0.035156
3 0.294889 0.917674 0.066746 0.086863
3 0.472631 0.947987 0.059164 0.046176
3 0.023266 0.882301 0.046532 0.048742
3 0.087847 0.028532 0.089768 0.036975
3 0.139585 0.012483 0.044228 0.024967
3 0.085622 0.008140 0.037203 0.016279
3 0.159011 0.115396 0.083647 0.097332
3 0.570009 0.362311 0.100168 0.193942
3 0.827580 0.568304 0.061946 0.044798
3 0.746772 0.011629 0.030563 0.023258
3 0.954159 0.263965 0.091682 0.050335
3 0.880289 0.230661 0.045208 0.030741
3 0.243200 0.603924 0.080150 0.057777
