3 0.905128 0.853810 0.024642 0.008697
3 0.900678 0.817432 0.020886 0.015317
3 0.878356 0.718454 0.016850 0.013405
3 0.916550 0.944984 0.020803 0.011109
3 0.818822 0.964412 0.019392 0.010009
3 0.751459 0.755494 0.018089 0.014348
3 0.652565 0.744255 0.018055 0.012626
3 0.488804 0.899376 0.018993 0.016318
3 0.381196 0.911404 0.015996 0.020433
3 0.284734 0.852470 0.025651 0.021876
3 0.704997 0.891845 0.015523 0.019581
3 0.157579 0.885424 0.016155 0.014921
3 0.173666 0.984633 0.016402 0.012025
3 0.412028 0.976280 0.037743 0.016649
3 0.510272 0.726833 0.023881 0.015673
3 0.537029 0.841025 0.014896 0.021270
3 0.615180 0.802439 0.015745 0.012911
3 0.599688 0.793925 0.013879 0.012872
3 0.597425 0.759222 0.021325 0.021610
3 0.650242 0.624425 0.030483 0.016250
3 0.700045 0.652051 0.019609 0.009467
3 0.680244 0.679587 0.018271 0.011507
3 0.792776 0.672748 0.025761 0.025475
3 0.632545 0.500512 0.015110 0.018902
3 0.749644 0.449630 0.018947 0.010624
3 0.826175 0.487944 0.023975 0.011172
3 0.773229 0.491460 0.027054 0.010000
3 0.801028 0.377223 0.029022 0.019783
3 0.771363 0.375641 0.022721 0.011639
3 0.880719 0.242903 0.014104 0.019392
3 0.846310 0.234559 0.017040 0.010308
3 0.417825 0.399473 0.016638 0.011699
3 0.401504 0.604945 0.019058 0.011176
3 0.337270 0.628723 0.013134 0.018373
3 0.115406 0.600100 0.022517 0.007665
3 0.097445 0.574051 0.015754 0.019327
3 0.062670 0.505957 0.021205 0.017998
3 0.146476 0.514952 0.018340 0.012880
3 0.164123 0.507204 0.020547 0.012734
3 0.204796 0.359150 0.020564 0.011149
3 0.200945 0.242070 0.014898 0.019998
3 0.555073 0.494486 0.012948 0.013315
3 0.618041 0.411516 0.022297 0.014456
3 0.698866 0.365796 0.019198 0.033473
3 0.495486 0.261476 0.025642 0.012361
3 0.513507 0.221046 0.014201 0.014277
3 0.634152 0.250700 0.015864 0.014404
3 0.266208 0.141142 0.017830 0.015579
3 0.180368 0.208022 0.026228 0.014692
3 0.152927 0.183211 0.012239 0.024920
3 0.098912 0.229219 0.023809 0.008837
3 0.008106 0.189566 0.016211 0.022255
3 0.270139 0.056798 0.034430 0.020946
3 0.816036 0.078336 0.017009 0.012743
3 0.763486 0.055476 0.016250 0.016259
3 0.912022 0.054539 0.015244 0.011085
3 0.958717 0.284593 0.035877 0.025338
3 0.797467 0.233934 0.023242 0.025131
3 0.467322 0.186139 0.024071 0.013142
3 0.444089 0.371658 0.015087 0.018398
3 0.170560 0.450701 0.036827 0.013896
3 0.898939 0.913984 0.041382 0.018802
3 0.806478 0.097381 0.022516 0.027940
3 0.222260 0.168264 0.025963 0.029149
3 0.180313 0.174718 0.027208 0.041259
3 0.035060 0.446150 0.052057 0.042725
3 0.083116 0.097354 0.019139 0.017629
3 0.437376 0.171529 0.017673 0.033678
3 0.729124 0.371522 0.024816 0.033008
3 0.804572 0.344175 0.018604 0.021380
3 0.990386 0.253089 0.019229 0.055061
3 0.660011 0.769288 0.020165 0.011825
3 0.822714 0.893850 0.029764 0.023882
3 0.609771 0.692723 0.029248 0.021049
3 0.010318 0.934809 0.020636 0.022483
3 0.239586 0.929219 0.016311 0.016831
3 0.734816 0.986658 0.029084 0.018480
3 0.450242 0.995174 0.024992 0.009652
3 0.247653 0.890600 0.054203 0.050569
3 0.122809 0.622884 0.022908 0.015805
3 0.104242 0.633337 0.023323 0.018741
3 0.185737 0.730933 0.021720 0.020164
3 0.132571 0.785503 0.026805 0.025850
3 0.032558 0.724241 0.065117 0.046985
3 0.344084 0.427720 0.035798 0.021223
3 0.222738 0.468420 0.058450 0.032929
3 0.548802 0.422707 0.054337 0.060915
3 0.020285 0.156479 0.035069 0.028046
3 0.605556 0.371818 0.017771 0.014754
3 0.286649 0.271909 0.052466 0.060105
3 0.679458 0.017682 0.047610 0.035364
3 0.628609 0.069910 0.161759 0.139820
3 0.587891 0.646484 0.128906 0.074219
3 0.619141 0.894531 0.128906 0.054688
