3 0.500000 0.781250 1.000000 0.437500
3 0.132812 0.555339 0.265625 0.717448
3 0.017578 0.640625 0.035156 0.226562
3 0.518709 0.052734 0.251645 0.105469
3 0.049609 0.013672 0.099219 0.027344
3 0.355469 0.273438 0.640625 0.437500
3 0.298828 0.468750 0.269531 0.343750
3 0.007812 0.771484 0.015625 0.074219
3 0.029297 0.873047 0.058594 0.128906
3 0.029297 0.870028 0.058594 0.130682
3 0.513672 0.699219 0.457031 0.234375
3 0.849609 0.494141 0.082031 0.113281
3 0.623047 0.232422 0.074219 0.074219
3 0.970703 0.016462 0.058594 0.032924
3 0.971680 0.016113 0.056641 0.032227
3 0.585938 0.406250 0.187500 0.187500
3 0.837891 0.175781 0.097656 0.093750
3 0.826172 0.212891 0.121094 0.167969
3 0.023438 0.081055 0.046875 0.091797
3 0.099609 0.126953 0.175781 0.144531
3 0.644531 0.121094 0.078125 0.093750
