3 0.888672 0.121094 0.097656 0.070312
3 0.745920 0.146771 0.155902 0.074791
3 0.705078 0.244141 0.066406 0.066406
3 0.502335 0.072092 0.244273 0.144183
3 0.201172 0.417969 0.144531 0.125000
3 0.214844 0.216797 0.085938 0.089844
3 0.308594 0.439453 0.093750 0.058594
3 0.878906 0.539062 0.031250 0.054688
3 0.976562 0.363281 0.046875 0.046875
3 0.936046 0.269694 0.046280 0.052252
3 0.800938 0.042773 0.026872 0.046280
3 0.615072 0.041280 0.061209 0.055238
3 0.624776 0.195795 0.134361 0.125404
3 0.785262 0.195795 0.052252 0.041802
3 0.593425 0.175641 0.083602 0.034337
3 0.442642 0.193556 0.137346 0.132868
3 0.487429 0.383154 0.062702 0.058223
3 0.586707 0.390619 0.058223 0.085095
3 0.018287 0.112939 0.036573 0.091067
3 0.224679 0.062927 0.140333 0.077631
3 0.070051 0.028478 0.121150 0.056955
3 0.683594 0.441406 0.078125 0.062500
3 0.386719 0.771484 0.125000 0.121094
3 0.359375 0.876953 0.117188 0.074219
3 0.623283 0.415998 0.080617 0.114953
3 0.574764 0.465264 0.037323 0.067180
3 0.113301 0.399936 0.058171 0.036195
3 0.433240 0.601594 0.139610 0.131854
3 0.504984 0.527265 0.086610 0.081439
3 0.691777 0.485253 0.036195 0.033610
3 0.598057 0.566692 0.050415 0.043951
3 0.637484 0.508521 0.064634 0.080146
3 0.577374 0.536960 0.060756 0.082732
3 0.620679 0.626801 0.046537 0.040073
3 0.806626 0.615220 0.071549 0.050753
3 0.059654 0.599655 0.090488 0.042659
3 0.157252 0.653302 0.045244 0.046537
3 0.258728 0.556996 0.059464 0.045244
3 0.340813 0.577033 0.063341 0.051707
3 0.349862 0.619045 0.055585 0.053000
3 0.398338 0.694021 0.031025 0.058171
3 0.395752 0.646192 0.025854 0.021976
3 0.477191 0.743143 0.054293 0.053000
3 0.705350 0.658472 0.037488 0.046537
3 0.205082 0.659765 0.024561 0.036195
3 0.232874 0.664936 0.093073 0.069805
3 0.095203 0.748314 0.058171 0.040073
3 0.032508 0.536960 0.038780 0.025854
3 0.054484 0.498826 0.067220 0.027146
3 0.370545 0.512399 0.063341 0.049122
3 0.280704 0.249338 0.087902 0.055586
3 0.325947 0.279070 0.038781 0.029732
3 0.268423 0.781277 0.081439 0.074976
3 0.320130 0.790326 0.037488 0.064634
3 0.574143 0.874997 0.028439 0.050415
3 0.060301 0.809716 0.065927 0.077561
3 0.027338 0.858192 0.049122 0.055586
3 0.019554 0.944285 0.038834 0.111430
3 0.057716 0.958504 0.073683 0.082991
3 0.225764 0.926704 0.042659 0.047829
3 0.102631 0.988236 0.054929 0.023527
3 0.139801 0.829753 0.046536 0.063341
3 0.271655 0.924119 0.072391 0.047829
3 0.249679 0.862070 0.093073 0.089195
3 0.283935 0.960314 0.096952 0.055586
3 0.548828 0.996094 0.042969 0.007812
3 0.886719 0.804688 0.226562 0.390625
3 0.502399 0.942216 0.065927 0.063341
3 0.557338 0.937046 0.043952 0.047829
3 0.584484 0.944802 0.015512 0.037488
3 0.558631 0.910546 0.072390 0.033610
3 0.529545 0.986814 0.047829 0.025854
3 0.598704 0.802606 0.038780 0.058171
3 0.748009 0.810492 0.316707 0.379016
