3 0.201110 0.100640 0.020820 0.015567
3 0.250772 0.086552 0.023677 0.011400
3 0.916828 0.948074 0.040934 0.010735
3 0.120328 0.219838 0.022322 0.009658
3 0.061687 0.108884 0.018548 0.012638
3 0.045336 0.179607 0.019689 0.012332
3 0.046842 0.140278 0.016678 0.015820
3 0.245893 0.110431 0.020634 0.019136
3 0.112209 0.093573 0.017490 0.011951
3 0.284667 0.279265 0.020182 0.024423
3 0.619850 0.347041 0.015948 0.011414
3 0.496327 0.221512 0.022659 0.010684
3 0.723910 0.593580 0.014896 0.014734
3 0.131796 0.848288 0.021655 0.013126
3 0.418793 0.290554 0.020165 0.013524
3 0.016554 0.084655 0.028568 0.020451
3 0.595451 0.669630 0.046124 0.046891
3 0.438212 0.385423 0.020326 0.012710
3 0.513459 0.370190 0.018294 0.036892
3 0.028546 0.012413 0.057093 0.024827
