3 0.093750 0.005859 0.015625 0.011719
3 0.212891 0.099609 0.050781 0.074219
3 0.037109 0.244141 0.035156 0.019531
3 0.296875 0.291016 0.031250 0.011719
3 0.474609 0.451172 0.019531 0.050781
3 0.412109 0.480469 0.027344 0.015625
3 0.978516 0.613281 0.035156 0.039062
3 0.019531 0.625000 0.039062 0.039062
3 0.730469 0.652344 0.039062 0.039062
3 0.326172 0.667969 0.035156 0.031250
3 0.160156 0.689453 0.023438 0.011719
3 0.066406 0.791016 0.015625 0.027344
3 0.466797 0.833984 0.035156 0.027344
3 0.466797 0.833984 0.035156 0.027344
3 0.263672 0.902344 0.019531 0.031250
3 0.816406 0.945312 0.023438 0.023438
