3 0.613281 0.580078 0.242188 0.261719
3 0.476562 0.578125 0.515625 0.265625
3 0.459375 0.957031 0.200000 0.085938
3 0.210938 0.773438 0.421875 0.453125
3 0.121094 0.798828 0.125000 0.144531
3 0.076746 0.826172 0.153493 0.347656
3 0.888672 0.196533 0.222656 0.130371
3 0.130859 0.076172 0.199219 0.152344
3 0.382812 0.132812 0.117188 0.109375
3 0.583984 0.423828 0.074219 0.058594
3 0.697266 0.939453 0.175781 0.113281
3 0.140625 0.263672 0.085938 0.074219
3 0.504464 0.023438 0.178571 0.046875
3 0.609375 0.285156 0.156250 0.093750
3 0.664062 0.121094 0.101562 0.062500
3 0.281250 0.193359 0.093750 0.128906
3 0.503906 0.320312 0.093750 0.062500
3 0.326172 0.423828 0.089844 0.074219
3 0.197266 0.521484 0.128906 0.074219
3 0.478516 0.154297 0.066406 0.089844
