3 0.334542 0.062500 0.669085 0.125000
3 0.205078 0.683594 0.410156 0.578125
3 0.535156 0.238281 0.164062 0.250000
3 0.734375 0.238281 0.179688 0.203125
3 0.750000 0.089844 0.171875 0.156250
3 0.265625 0.164062 0.351562 0.093750
3 0.351562 0.296875 0.164062 0.156250
3 0.054688 0.544922 0.109375 0.183594
3 0.902344 0.478516 0.171875 0.152344
3 0.873047 0.507812 0.230469 0.210938
3 0.666016 0.458984 0.246094 0.160156
3 0.613281 0.576172 0.132812 0.074219
3 0.968750 0.728516 0.062500 0.167969
3 0.408203 0.900391 0.332031 0.199219
3 0.897042 0.964844 0.205915 0.070312
3 0.898438 0.965365 0.203125 0.069271
3 0.048828 0.941406 0.097656 0.117188
3 0.744141 0.812500 0.121094 0.164062
3 0.669922 0.914062 0.074219 0.078125
3 0.035156 0.123047 0.070312 0.121094
3 0.294922 0.160156 0.425781 0.109375
3 0.501953 0.595703 0.082031 0.066406
3 0.431641 0.541016 0.058594 0.050781
3 0.531250 0.382812 0.093750 0.078125
3 0.617188 0.343750 0.054688 0.093750
3 0.996094 0.369358 0.007812 0.014757
3 0.175781 0.921875 0.156250 0.117188
3 0.556641 0.978516 0.074219 0.042969
