3 0.013916 0.032552 0.027831 0.065104
3 0.087891 0.351562 0.113281 0.109375
3 0.008605 0.423668 0.017210 0.018709
3 0.020504 0.392301 0.041009 0.050998
3 0.019476 0.444999 0.031732 0.033999
3 0.067382 0.530593 0.065470 0.053264
3 0.041860 0.551677 0.067689 0.024413
3 0.101227 0.464568 0.046606 0.061032
3 0.127304 0.495084 0.083225 0.037729
3 0.007891 0.221655 0.015782 0.039047
3 0.093750 0.134766 0.046875 0.042969
3 0.033447 0.091508 0.058016 0.106046
3 0.269531 0.039062 0.070312 0.078125
3 0.228516 0.251953 0.035156 0.066406
3 0.194439 0.040675 0.035509 0.047716
3 0.185007 0.093384 0.043277 0.037729
3 0.086246 0.071746 0.038838 0.023303
3 0.270451 0.233757 0.032180 0.043277
3 0.161149 0.173280 0.053264 0.051045
3 0.259354 0.314763 0.058813 0.041057
3 0.279883 0.383562 0.051045 0.032180
3 0.354786 0.163848 0.043277 0.058813
3 0.358115 0.067862 0.089883 0.066580
3 0.401392 0.014598 0.067690 0.028852
3 0.522346 0.031797 0.107638 0.061032
3 0.551752 0.058429 0.082115 0.116515
3 0.552306 0.340285 0.069909 0.052154
3 0.613893 0.354711 0.039948 0.038839
3 0.618887 0.383007 0.041057 0.019974
3 0.652177 0.292569 0.052155 0.027742
3 0.592809 0.174945 0.026632 0.027742
3 0.553971 0.258170 0.046606 0.023303
3 0.358243 0.525192 0.138361 0.195088
3 0.325934 0.592734 0.061032 0.106528
3 0.693892 0.082009 0.195755 0.164018
3 0.780343 0.068971 0.039948 0.057703
3 0.962047 0.065563 0.075906 0.124468
3 0.911284 0.030133 0.046606 0.059922
3 0.905736 0.081178 0.035509 0.044387
3 0.730469 0.169922 0.109375 0.105469
3 0.960938 0.287109 0.070312 0.066406
3 0.882812 0.244141 0.031250 0.042969
3 0.905736 0.436271 0.073238 0.075457
3 0.985048 0.513948 0.029904 0.086554
3 0.986187 0.416297 0.025522 0.033290
3 0.780898 0.279808 0.043277 0.093212
3 0.779788 0.343059 0.041058 0.039948
3 0.825839 0.274815 0.051045 0.047716
3 0.921826 0.363033 0.036619 0.026632
3 0.936251 0.390220 0.047716 0.021084
3 0.974535 0.435716 0.037729 0.034400
3 0.919606 0.518387 0.061032 0.059922
3 0.794214 0.442374 0.140928 0.178657
3 0.730963 0.299782 0.105418 0.073238
3 0.679918 0.392994 0.143147 0.213056
3 0.740950 0.520606 0.163121 0.126502
3 0.617222 0.491200 0.155354 0.092103
3 0.507365 0.431833 0.090993 0.135379
3 0.509029 0.511729 0.054374 0.042168
3 0.615557 0.591070 0.067690 0.061032
3 0.451881 0.442374 0.039948 0.078786
3 0.482397 0.399652 0.045496 0.039948
3 0.426359 0.447368 0.066580 0.073238
3 0.449662 0.520051 0.079896 0.067690
3 0.328855 0.328032 0.036869 0.050853
3 0.357460 0.347102 0.040682 0.048310
3 0.309150 0.132248 0.061023 0.030512
3 0.086668 0.027999 0.055938 0.045768
3 0.029458 0.480591 0.045768 0.045768
3 0.225242 0.548607 0.030512 0.039411
3 0.821479 0.171904 0.029951 0.044275
3 0.424957 0.195995 0.041670 0.029950
3 0.218557 0.191437 0.050786 0.041671
3 0.028939 0.751717 0.057877 0.039411
3 0.040714 0.705314 0.031783 0.035597
3 0.023218 0.637035 0.046435 0.059227
3 0.162126 0.647469 0.040682 0.049582
3 0.138606 0.702135 0.120776 0.062295
3 0.280995 0.644290 0.062295 0.066109
3 0.229506 0.702771 0.035597 0.038140
3 0.380794 0.746632 0.040682 0.057210
3 0.424655 0.789857 0.108062 0.052124
3 0.511740 0.768880 0.073737 0.040682
3 0.568950 0.643654 0.040682 0.052125
3 0.535896 0.602337 0.048310 0.027969
3 0.120172 0.869315 0.063566 0.094078
3 0.588020 0.857873 0.040682 0.081365
3 0.663664 0.757438 0.075008 0.048311
3 0.757106 0.716756 0.030512 0.050853
3 0.661757 0.716120 0.096621 0.036868
3 0.943991 0.708492 0.111877 0.069923
3 0.556306 0.888754 0.060023 0.054688
3 0.534964 0.838736 0.065358 0.064024
3 0.512289 0.874749 0.025343 0.048018
3 0.689022 0.879417 0.053354 0.049352
3 0.722369 0.896757 0.074695 0.070693
3 0.937500 0.958984 0.117188 0.082031
3 0.821615 0.992188 0.059896 0.015625
3 0.583984 0.976562 0.066406 0.046875
3 0.052734 0.906250 0.105469 0.187500
3 0.334362 0.978670 0.062400 0.042660
3 0.176412 0.945640 0.066300 0.042900
3 0.106212 0.960145 0.105300 0.079710
3 0.973963 0.905665 0.050700 0.091650
3 0.869671 0.443484 0.038838 0.038838
3 0.814743 0.435162 0.028851 0.033290
