3 0.962891 0.580729 0.074219 0.200521
3 0.990234 0.297559 0.019531 0.097070
3 0.869141 0.712891 0.089844 0.105469
3 0.677734 0.683594 0.113281 0.109375
3 0.896254 0.986328 0.097197 0.027344
3 0.058239 0.978516 0.116477 0.042969
3 0.732422 0.990234 0.035156 0.019531
3 0.450160 0.995882 0.028970 0.008237
3 0.407118 0.140625 0.181424 0.281250
3 0.148438 0.101562 0.296875 0.203125
3 0.591797 0.326172 0.199219 0.363281
3 0.748047 0.175781 0.152344 0.335938
3 0.376953 0.304688 0.097656 0.234375
3 0.558594 0.171875 0.195312 0.195312
3 0.711914 0.035156 0.095703 0.070312
3 0.431641 0.726562 0.230469 0.085938
3 0.416016 0.798828 0.136719 0.066406
3 0.421875 0.757812 0.242188 0.148438
3 0.759766 0.501953 0.136719 0.097656
3 0.701172 0.550781 0.042969 0.125000
3 0.958984 0.558594 0.082031 0.250000
3 0.103516 0.339844 0.066406 0.054688
3 0.830078 0.873047 0.058594 0.050781
3 0.902344 0.775391 0.062500 0.074219
3 0.835938 0.808594 0.125000 0.101562
3 0.978516 0.945312 0.042969 0.109375
3 0.632812 0.892578 0.078125 0.074219
3 0.314453 0.941406 0.066406 0.093750
3 0.117188 0.669922 0.085938 0.074219
3 0.222656 0.718750 0.046875 0.054688
3 0.236328 0.507812 0.144531 0.085938
3 0.234375 0.431641 0.062500 0.074219
3 0.218750 0.305491 0.101562 0.084330
3 0.087891 0.251953 0.097656 0.058594
3 0.439453 0.603516 0.050781 0.105469
3 0.938425 0.970246 0.043966 0.059508
3 0.859413 0.961644 0.114057 0.076712
3 0.338940 0.985997 0.084234 0.028006
3 0.433948 0.899187 0.065298 0.058115
3 0.440805 0.854132 0.050279 0.039832
3 0.309230 0.863273 0.033955 0.037220
3 0.340899 0.804832 0.128637 0.103170
3 0.227934 0.875680 0.084234 0.067257
3 0.028917 0.876986 0.057834 0.076398
3 0.848588 0.639303 0.101864 0.101211
3 0.902133 0.610898 0.036567 0.050932
3 0.860669 0.610245 0.046361 0.040485
3 0.364080 0.569434 0.078357 0.082928
3 0.194306 0.660198 0.039179 0.054197
3 0.030549 0.702968 0.061099 0.070521
3 0.218597 0.281469 0.159357 0.212106
3 0.133392 0.519258 0.064908 0.056209
3 0.375959 0.503533 0.081636 0.052863
3 0.438859 0.360000 0.050855 0.085652
3 0.027718 0.172637 0.055436 0.044164
3 0.812413 0.024790 0.105673 0.049580
3 0.637008 0.429100 0.054828 0.043218
3 0.182902 0.929326 0.047088 0.037412
3 0.095372 0.447921 0.041044 0.039179
3 0.978179 0.828724 0.043642 0.119612
3 0.117188 0.177734 0.117188 0.066406
3 0.490312 0.987009 0.043225 0.025983
3 0.736328 0.669922 0.058594 0.058594
3 0.148438 0.806641 0.046875 0.066406
3 0.105469 0.808594 0.031250 0.039062
3 0.035156 0.958984 0.070312 0.050781
3 0.578125 0.777344 0.031250 0.085938
3 0.216797 0.611328 0.066406 0.058594
3 0.099609 0.767578 0.042969 0.035156
3 0.287109 0.554688 0.042969 0.023438
3 0.691406 0.324219 0.085938 0.046875
3 0.386806 0.906924 0.053759 0.054320
3 0.171769 0.768606 0.043679 0.043120
3 0.587563 0.976923 0.029679 0.039759
3 0.659662 0.750777 0.044905 0.038695
3 0.636740 0.682300 0.057987 0.027994
3 0.073153 0.015625 0.146307 0.031250
3 0.470894 0.670600 0.030554 0.031338
