3 0.620041 0.554688 0.384918 0.226562
3 0.158854 0.027344 0.075521 0.054688
3 0.123047 0.455078 0.113281 0.113281
3 0.009766 0.177734 0.019531 0.128906
3 0.296875 0.521484 0.062500 0.058594
3 0.919922 0.066406 0.128906 0.093750
3 0.013672 0.518643 0.027344 0.037287
3 0.876953 0.652344 0.097656 0.109375
3 0.710938 0.773438 0.078125 0.117188
3 0.617188 0.761719 0.078125 0.062500
3 0.427734 0.875000 0.058594 0.109375
3 0.244141 0.664062 0.230469 0.132812
3 0.097656 0.769531 0.179688 0.085938
3 0.259766 0.923828 0.136719 0.082031
3 0.625000 0.960938 0.062500 0.062500
3 0.646484 0.902344 0.027344 0.039062
3 0.224609 0.361328 0.042969 0.058594
3 0.836588 0.057222 0.058711 0.092260
3 0.756909 0.104400 0.075486 0.115325
3 0.945312 0.951172 0.062500 0.097656
3 0.371094 0.759766 0.078125 0.082031
3 0.927734 0.761719 0.074219 0.085938
3 0.925781 0.863281 0.132812 0.093750
3 0.877089 0.303348 0.057770 0.039430
3 0.886259 0.256124 0.030261 0.034845
3 0.534139 0.149754 0.072441 0.056853
3 0.127460 0.557809 0.036679 0.036679
3 0.081611 0.534427 0.056853 0.037596
3 0.060979 0.478949 0.046766 0.053185
3 0.315898 0.813188 0.048600 0.044932
3 0.007794 0.938541 0.015588 0.030193
3 0.122416 0.953944 0.074275 0.042181
3 0.572636 0.041350 0.080933 0.082700
3 0.226124 0.206641 0.035726 0.034832
3 0.669567 0.172701 0.029473 0.031260
3 0.513268 0.319176 0.033046 0.038405
3 0.593204 0.332126 0.032153 0.026794
3 0.574001 0.383929 0.036618 0.032153
3 0.702515 0.461797 0.040686 0.045207
3 0.765325 0.456541 0.059858 0.042285
3 0.732925 0.342865 0.066448 0.042285
3 0.793881 0.381032 0.045580 0.042834
3 0.861347 0.366373 0.083387 0.041694
3 0.905821 0.444664 0.096359 0.055592
3 0.936859 0.387683 0.073196 0.058371
3 0.949367 0.322826 0.053739 0.065784
3 0.979779 0.190332 0.040441 0.041694
3 0.983486 0.121503 0.033029 0.078551
3 0.333471 0.864199 0.095759 0.061875
3 0.395346 0.989555 0.063348 0.020890
3 0.364408 0.974690 0.033884 0.029464
3 0.800481 0.910605 0.060402 0.045670
3 0.024316 0.681790 0.048633 0.037582
3 0.391077 0.238530 0.051091 0.042108
3 0.134547 0.117680 0.077514 0.046004
3 0.911024 0.557272 0.054893 0.038919
