3 0.943359 0.971454 0.113281 0.057091
3 0.964844 0.341797 0.070312 0.324219
3 0.845703 0.527018 0.308594 0.389974
3 0.326172 0.453125 0.457031 0.390625
3 0.095703 0.072266 0.191406 0.144531
3 0.965625 0.013672 0.068750 0.027344
3 0.833984 0.162109 0.238281 0.175781
3 0.630859 0.166016 0.175781 0.144531
3 0.636440 0.035156 0.140067 0.070312
3 0.576172 0.144531 0.285156 0.187500
3 0.533203 0.029297 0.089844 0.058594
3 0.398438 0.089844 0.164062 0.179688
3 0.259766 0.101562 0.113281 0.140625
3 0.175781 0.181641 0.148438 0.105469
3 0.880859 0.773438 0.238281 0.125000
3 0.958984 0.882812 0.082031 0.109375
3 0.908203 0.888672 0.183594 0.128906
3 0.419922 0.906250 0.207031 0.187500
3 0.576172 0.921875 0.128906 0.156250
3 0.068359 0.933594 0.136719 0.132812
3 0.191406 0.548828 0.125000 0.152344
3 0.669922 0.351562 0.089844 0.101562
3 0.876953 0.687500 0.082031 0.062500
3 0.935547 0.072266 0.128906 0.128906
3 0.666016 0.849609 0.082031 0.074219
3 0.887695 0.996094 0.033203 0.007812
