3 0.851562 0.078125 0.195312 0.156250
3 0.750000 0.701172 0.156250 0.089844
3 0.247746 0.958984 0.097055 0.082031
3 0.316406 0.976562 0.046875 0.046875
3 0.105469 0.884766 0.070312 0.082031
3 0.136719 0.789062 0.062500 0.070312
3 0.267578 0.835938 0.074219 0.062500
3 0.369141 0.533203 0.066406 0.113281
3 0.275391 0.519531 0.144531 0.093750
3 0.833984 0.800781 0.128906 0.070312
3 0.701172 0.507812 0.082031 0.070312
3 0.669922 0.279297 0.097656 0.089844
3 0.958984 0.109375 0.074219 0.109375
3 0.458984 0.687500 0.066406 0.039062
3 0.921875 0.962891 0.070312 0.074219
3 0.707031 0.109375 0.070312 0.078125
3 0.707031 0.031250 0.046875 0.039062
3 0.308594 0.103516 0.046875 0.058594
3 0.517578 0.105469 0.027344 0.031250
3 0.628906 0.074219 0.046875 0.062500
3 0.560547 0.218750 0.058594 0.039062
3 0.521484 0.177734 0.050781 0.050781
3 0.320312 0.244141 0.062500 0.074219
3 0.244141 0.281250 0.035156 0.046875
3 0.910156 0.179688 0.085938 0.070312
3 0.070065 0.022476 0.037633 0.038343
3 0.421192 0.125790 0.039764 0.074557
3 0.617169 0.020469 0.032663 0.040938
3 0.471606 0.196796 0.038343 0.047575
3 0.448529 0.248986 0.054675 0.065326
3 0.293380 0.151707 0.022722 0.028403
3 0.244031 0.098452 0.039054 0.018462
3 0.403208 0.015853 0.050168 0.031707
3 0.858591 0.017628 0.042604 0.035257
3 0.849464 0.339125 0.065814 0.050719
3 0.773688 0.387731 0.030190 0.051323
3 0.717534 0.440865 0.031398 0.036832
3 0.926146 0.328257 0.046492 0.027775
3 0.597983 0.321313 0.031397 0.051323
3 0.992810 0.406723 0.014380 0.033757
3 0.890220 0.544114 0.073663 0.079097
3 0.996146 0.886306 0.007708 0.027833
3 0.981606 0.824267 0.036789 0.061223
3 0.389245 0.668148 0.030612 0.064284
3 0.368582 0.795952 0.056631 0.056631
3 0.334910 0.758452 0.035203 0.048979
3 0.252259 0.770697 0.044387 0.064284
3 0.232361 0.604629 0.062754 0.041325
3 0.282870 0.588558 0.041325 0.052039
3 0.085426 0.785237 0.053570 0.050509
3 0.186444 0.753861 0.038264 0.033673
3 0.307360 0.441623 0.071937 0.039795
3 0.440568 0.350207 0.059233 0.089946
