3 0.634766 0.591797 0.253906 0.308594
3 0.980469 0.535156 0.039062 0.187500
3 0.960938 0.662109 0.078125 0.089844
3 0.892578 0.669922 0.082031 0.082031
3 0.785156 0.630859 0.140625 0.128906
3 0.771484 0.730469 0.089844 0.125000
3 0.851562 0.421875 0.171875 0.085938
3 0.914062 0.359375 0.093750 0.101562
3 0.710938 0.416016 0.117188 0.050781
3 0.664062 0.300781 0.148438 0.187500
3 0.974609 0.020132 0.050781 0.040264
3 0.789062 0.048828 0.070312 0.089844
3 0.751953 0.005859 0.035156 0.011719
3 0.900391 0.076172 0.199219 0.152344
3 0.515625 0.564453 0.101562 0.105469
3 0.474609 0.685547 0.082031 0.136719
3 0.945312 0.953125 0.109375 0.093750
3 0.152344 0.421875 0.210938 0.085938
3 0.275391 0.484375 0.105469 0.109375
3 0.250000 0.550781 0.093750 0.062500
3 0.142578 0.134766 0.191406 0.121094
3 0.060547 0.048828 0.121094 0.097656
3 0.287109 0.013672 0.074219 0.027344
3 0.400391 0.341797 0.097656 0.042969
3 0.191406 0.312500 0.062500 0.070312
3 0.273438 0.736328 0.054688 0.113281
3 0.285156 0.660156 0.125000 0.039062
3 0.031250 0.462891 0.062500 0.066406
3 0.905370 0.014597 0.088179 0.029194
3 0.887443 0.042275 0.038760 0.037791
3 0.827850 0.021864 0.033915 0.043729
3 0.853044 0.022349 0.043605 0.044698
3 0.681046 0.020895 0.058140 0.041791
3 0.632732 0.005876 0.035981 0.011752
3 0.517155 0.005876 0.031269 0.011752
3 0.808470 0.317471 0.043605 0.049419
3 0.752752 0.232684 0.042636 0.052326
3 0.719321 0.175997 0.041667 0.033915
3 0.577363 0.327646 0.036822 0.046512
3 0.616123 0.288401 0.075582 0.084303
3 0.249841 0.191017 0.038760 0.077520
3 0.198000 0.047120 0.041667 0.037791
3 0.251295 0.277258 0.037791 0.042636
3 0.441219 0.551485 0.039729 0.044574
3 0.376296 0.879976 0.066861 0.071706
3 0.362245 0.793250 0.056202 0.061047
3 0.262438 0.918736 0.046512 0.032946
3 0.252263 0.947321 0.059109 0.031977
3 0.023660 0.779200 0.047320 0.069768
3 0.025114 0.711854 0.050227 0.049419
3 0.063309 0.649354 0.047481 0.065892
