3 0.541016 0.917969 0.160156 0.164062
3 0.523438 0.341797 0.085938 0.066406
3 0.318359 0.732422 0.066406 0.058594
3 0.935547 0.314453 0.042969 0.058594
3 0.431350 0.505859 0.052829 0.032379
3 0.577107 0.175962 0.040664 0.050521
3 0.756089 0.173498 0.020332 0.023413
3 0.320802 0.391604 0.013554 0.039432
3 0.328812 0.283167 0.025877 0.018484
3 0.111938 0.269304 0.022180 0.053602
3 0.103929 0.216318 0.072702 0.021564
3 0.754857 0.101412 0.022796 0.024645
3 0.509950 0.283475 0.030806 0.021564
3 0.829456 0.582808 0.037883 0.027781
3 0.894173 0.397498 0.037251 0.033463
3 0.724647 0.586281 0.037883 0.017047
3 0.022161 0.869055 0.044322 0.023108
3 0.414818 0.864048 0.030810 0.026959
3 0.700199 0.734644 0.030040 0.025419
3 0.043848 0.103445 0.024160 0.032213
3 0.211485 0.185038 0.025871 0.035001
3 0.173060 0.266073 0.020544 0.023588
3 0.122841 0.016880 0.022066 0.028914
3 0.098743 0.563130 0.029086 0.025730
3 0.070216 0.395888 0.034679 0.024611
