3 0.023588 0.988281 0.047175 0.023438
3 0.914062 0.103516 0.171875 0.207031
3 0.708984 0.343395 0.582031 0.686790
3 0.521484 0.443359 0.292969 0.238281
3 0.541016 0.404297 0.339844 0.316406
3 0.232422 0.171875 0.144531 0.257812
3 0.938528 0.976562 0.107319 0.046875
3 0.988281 0.914062 0.023438 0.085938
3 0.876953 0.703125 0.175781 0.164062
3 0.867188 0.896484 0.085938 0.113281
3 0.730469 0.966797 0.164062 0.066406
3 0.263672 0.552734 0.222656 0.230469
3 0.494141 0.837891 0.238281 0.183594
3 0.503906 0.792969 0.257812 0.281250
3 0.035156 0.543527 0.070312 0.202009
3 0.681641 0.814453 0.097656 0.113281
3 0.582031 0.619141 0.078125 0.097656
3 0.148438 0.406250 0.171875 0.171875
3 0.019531 0.060937 0.039062 0.121875
