3 0.300781 0.634766 0.210938 0.253906
3 0.025391 0.470052 0.050781 0.083333
3 0.085938 0.423828 0.109375 0.144531
3 0.189453 0.384766 0.074219 0.105469
3 0.203125 0.472656 0.125000 0.062500
3 0.037109 0.742188 0.074219 0.093750
3 0.152344 0.648438 0.117188 0.101562
3 0.019531 0.615234 0.023438 0.019531
3 0.130859 0.189453 0.050781 0.050781
3 0.042969 0.261719 0.062500 0.046875
3 0.130022 0.990234 0.056920 0.019531
3 0.126953 0.945312 0.050781 0.062500
3 0.933594 0.558594 0.125000 0.171875
3 0.914062 0.738281 0.164062 0.187500
3 0.781250 0.722656 0.117188 0.078125
3 0.736328 0.843750 0.097656 0.109375
3 0.271484 0.849609 0.378906 0.300781
3 0.347656 0.281250 0.234375 0.343750
3 0.435547 0.494141 0.160156 0.324219
3 0.544922 0.226562 0.230469 0.171875
3 0.576172 0.316406 0.191406 0.234375
3 0.554688 0.468750 0.085938 0.085938
3 0.650391 0.457031 0.128906 0.109375
3 0.576172 0.617188 0.121094 0.140625
3 0.974609 0.095703 0.042969 0.113281
3 0.612649 0.658083 0.074715 0.053368
3 0.779615 0.519708 0.131133 0.104449
3 0.874374 0.703070 0.169559 0.151199
3 0.046534 0.349591 0.093067 0.173744
3 0.246789 0.266293 0.068701 0.091794
3 0.279985 0.212891 0.034639 0.040412
3 0.261511 0.194994 0.040413 0.038103
3 0.320312 0.035156 0.125000 0.070312
3 0.255859 0.046875 0.152344 0.093750
3 0.541016 0.841797 0.097656 0.082031
3 0.914062 0.255859 0.046875 0.058594
3 0.943359 0.322266 0.105469 0.269531
3 0.736328 0.443359 0.058594 0.042969
3 0.591506 0.826894 0.040944 0.044300
3 0.563651 0.817161 0.053697 0.055710
3 0.811282 0.457054 0.085613 0.105998
3 0.536436 0.540629 0.069986 0.069306
3 0.778257 0.595232 0.045271 0.044920
3 0.961570 0.957899 0.075153 0.076346
3 0.985992 0.975537 0.028016 0.048925
3 0.941717 0.866642 0.116565 0.113326
3 0.789195 0.960387 0.059645 0.052286
3 0.028991 0.980832 0.045201 0.038335
3 0.641810 0.462406 0.023680 0.019734
3 0.469763 0.017149 0.041448 0.033294
3 0.502038 0.028360 0.051640 0.043486
3 0.552538 0.021994 0.057997 0.043987
3 0.187708 0.060206 0.048836 0.046085
3 0.220380 0.141714 0.048148 0.033016
3 0.622391 0.861741 0.039966 0.025741
3 0.963551 0.021847 0.072897 0.043669
3 0.876953 0.478516 0.074219 0.035156
3 0.564453 0.074219 0.214844 0.148438
3 0.781250 0.189453 0.125000 0.128906
3 0.727240 0.119141 0.113281 0.042969
3 0.691406 0.062500 0.031250 0.062500
3 0.824219 0.013672 0.101562 0.027344
3 0.093750 0.121094 0.093750 0.109375
3 0.111180 0.016678 0.042969 0.031854
3 0.015625 0.058747 0.031250 0.047182
3 0.492188 0.695312 0.085938 0.070312
3 0.226788 0.990234 0.059044 0.019531
3 0.013672 0.885091 0.027344 0.026693
3 0.830078 0.093750 0.050781 0.054688
3 0.639509 0.947266 0.160714 0.105469
3 0.012336 0.126509 0.024672 0.043542
3 0.709175 0.284601 0.020477 0.019454
3 0.323213 0.464424 0.063703 0.041986
3 0.418718 0.100334 0.031745 0.024979
3 0.402248 0.209566 0.039507 0.032484
3 0.386445 0.220979 0.034240 0.034239
3 0.159873 0.250814 0.037883 0.070646
3 0.049067 0.578404 0.059176 0.046095
3 0.073329 0.774732 0.058854 0.051871
