3 0.873047 0.996094 0.105469 0.007812
3 0.466797 0.226562 0.042969 0.117188
3 0.662109 0.490234 0.035156 0.042969
3 0.214844 0.591797 0.046875 0.035156
3 0.030336 0.126196 0.022646 0.028987
3 0.022183 0.142048 0.013587 0.019023
3 0.172098 0.244860 0.041668 0.032610
3 0.306160 0.138878 0.034421 0.028987
3 0.431164 0.306003 0.032610 0.026269
3 0.626370 0.411079 0.022646 0.022646
3 0.489590 0.517967 0.037139 0.026269
3 0.399460 0.521590 0.028986 0.031704
3 0.419841 0.489433 0.024457 0.027175
3 0.749627 0.262219 0.030260 0.037596
3 0.832155 0.062318 0.024758 0.017423
3 0.894543 0.403922 0.019734 0.022553
3 0.904880 0.597499 0.015975 0.030070
3 0.608241 0.822002 0.039953 0.030364
3 0.526337 0.742895 0.018379 0.028766
3 0.549510 0.676973 0.015182 0.018378
3 0.033319 0.916291 0.043948 0.041551
3 0.698534 0.820404 0.025570 0.019177
3 0.700132 0.601862 0.020776 0.018379
3 0.987904 0.798829 0.024193 0.022373
3 0.100179 0.750634 0.034667 0.021378
3 0.185402 0.808123 0.030623 0.020800
3 0.138024 0.776634 0.022534 0.020223
3 0.308469 0.817079 0.027156 0.044489
3 0.163722 0.980292 0.026204 0.023747
3 0.188697 0.948766 0.017196 0.029479
3 0.345814 0.947454 0.019065 0.022381
3 0.578210 0.826257 0.020457 0.016034
3 0.530781 0.685964 0.018190 0.014459
3 0.863767 0.860180 0.032789 0.038811
