3 0.094531 0.992188 0.056250 0.015625
3 0.056641 0.960938 0.113281 0.078125
3 0.003906 0.926758 0.007812 0.056641
3 0.175781 0.857422 0.062500 0.066406
3 0.076172 0.783203 0.050781 0.050781
3 0.373047 0.199219 0.105469 0.078125
3 0.669922 0.318359 0.058594 0.121094
3 0.656250 0.646484 0.054688 0.050781
3 0.611328 0.593750 0.027344 0.031250
3 0.617188 0.628906 0.023438 0.023438
3 0.689453 0.765625 0.058594 0.062500
3 0.326172 0.949219 0.035156 0.046875
3 0.824219 0.730469 0.218750 0.281250
3 0.935547 0.496373 0.128906 0.163504
3 0.972656 0.710321 0.054688 0.079359
3 0.964844 0.593750 0.070312 0.101562
3 0.822266 0.935547 0.113281 0.113281
3 0.866862 0.986328 0.059245 0.027344
3 0.933594 0.910156 0.085938 0.078125
3 0.029297 0.468750 0.058594 0.140625
3 0.529297 0.146484 0.136719 0.292969
3 0.242188 0.046875 0.148438 0.093750
3 0.335938 0.025391 0.117188 0.050781
3 0.468750 0.525391 0.140625 0.136719
3 0.401042 0.990234 0.041667 0.019531
3 0.386719 0.833984 0.125000 0.082031
3 0.443359 0.986328 0.050781 0.027344
3 0.606428 0.802105 0.056606 0.018272
3 0.632812 0.869141 0.023438 0.035156
3 0.408203 0.943359 0.050781 0.050781
3 0.547199 0.276591 0.058222 0.076972
3 0.594073 0.251920 0.035526 0.047367
3 0.592341 0.294710 0.038121 0.033805
3 0.673617 0.498620 0.071926 0.058260
3 0.590396 0.765300 0.040411 0.033129
3 0.542340 0.847759 0.039682 0.037862
3 0.575287 0.885074 0.040774 0.053516
3 0.649873 0.031350 0.067899 0.054320
3 0.625325 0.047280 0.044918 0.048574
3 0.122991 0.883682 0.064329 0.079310
3 0.015998 0.188497 0.031996 0.042916
3 0.451196 0.203907 0.068029 0.038873
3 0.426571 0.903783 0.026703 0.036541
3 0.819346 0.222005 0.046491 0.036898
3 0.054666 0.883682 0.109332 0.089884
3 0.642834 0.993596 0.049176 0.012808
3 0.695463 0.995052 0.028156 0.009895
3 0.610419 0.699042 0.071719 0.065894
3 0.740234 0.031250 0.074219 0.062500
3 0.822266 0.138672 0.066406 0.113281
3 0.812500 0.011719 0.085938 0.023438
3 0.826172 0.568359 0.074219 0.089844
3 0.980469 0.781250 0.039062 0.054688
3 0.246094 0.230469 0.031250 0.062500
3 0.031250 0.056641 0.062500 0.042969
3 0.117188 0.816406 0.054688 0.054688
3 0.005859 0.652344 0.011719 0.039062
3 0.695312 0.560547 0.023438 0.019531
3 0.886719 0.816406 0.039062 0.031250
3 0.798828 0.869141 0.066406 0.035156
3 0.337891 0.494141 0.042969 0.027344
3 0.386719 0.701172 0.031250 0.050781
3 0.917969 0.970703 0.046875 0.050781
3 0.500000 0.671875 0.031250 0.023438
3 0.974609 0.208984 0.035156 0.042969
3 0.857422 0.494141 0.042969 0.035156
3 0.031542 0.346424 0.052464 0.047607
3 0.149076 0.409935 0.047302 0.028843
3 0.258559 0.661519 0.022211 0.038442
3 0.250443 0.838353 0.024774 0.028191
3 0.157755 0.523982 0.044422 0.058945
3 0.278398 0.109200 0.045216 0.052173
3 0.408830 0.133547 0.053332 0.040579
3 0.159561 0.243110 0.023188 0.027826
3 0.061012 0.289485 0.020869 0.034782
3 0.016955 0.287167 0.027825 0.034782
3 0.868763 0.243091 0.063011 0.027005
3 0.894531 0.080078 0.046875 0.042969
