3 0.984375 0.614909 0.031250 0.059896
3 0.876953 0.808594 0.246094 0.382812
3 0.005859 0.867383 0.011719 0.055078
3 0.523438 0.601562 0.179688 0.273438
3 0.507812 0.638672 0.203125 0.347656
3 0.501953 0.101562 0.152344 0.195312
3 0.139323 0.013672 0.093750 0.027344
3 0.107422 0.111328 0.175781 0.152344
3 0.021484 0.242188 0.042969 0.117188
3 0.400391 0.361328 0.167969 0.136719
3 0.050781 0.525391 0.101562 0.089844
3 0.077881 0.970703 0.132324 0.058594
3 0.048828 0.839844 0.097656 0.078125
3 0.859375 0.230469 0.101562 0.070312
3 0.669922 0.138672 0.058594 0.074219
3 0.787109 0.500000 0.097656 0.117188
3 0.072266 0.298828 0.113281 0.066406
