3 0.083008 0.046875 0.166016 0.093750
3 0.384766 0.310547 0.277344 0.191406
3 0.759766 0.580078 0.230469 0.214844
3 0.009766 0.588867 0.019531 0.052734
3 0.044922 0.976562 0.089844 0.046875
3 0.199219 0.894531 0.218750 0.210938
3 0.066406 0.791016 0.117188 0.113281
3 0.021484 0.886719 0.042969 0.078125
3 0.814453 0.968750 0.066406 0.062500
3 0.451172 0.796875 0.128906 0.093750
3 0.605469 0.912109 0.085938 0.074219
3 0.193359 0.556641 0.292969 0.144531
3 0.541016 0.462891 0.191406 0.175781
3 0.468750 0.156250 0.242188 0.210938
3 0.169922 0.335938 0.339844 0.265625
3 0.031250 0.132031 0.062500 0.115625
3 0.813664 0.317661 0.372672 0.338447
3 0.904297 0.953125 0.105469 0.062500
3 0.714357 0.962891 0.110594 0.074219
3 0.821178 0.654297 0.289522 0.246094
3 0.322377 0.996094 0.044308 0.007812
3 0.409766 0.992188 0.047656 0.015625
3 0.707031 0.160156 0.375000 0.320312
3 0.888486 0.058594 0.223028 0.117188
