3 0.750000 0.732422 0.359375 0.144531
3 0.869141 0.371094 0.253906 0.125000
3 0.880859 0.183594 0.152344 0.179688
3 0.115234 0.474609 0.136719 0.128906
3 0.017578 0.326916 0.035156 0.156064
3 0.776367 0.968750 0.107422 0.062500
3 0.728516 0.865234 0.175781 0.128906
3 0.515625 0.886719 0.109375 0.109375
3 0.355469 0.195312 0.195312 0.195312
3 0.339844 0.714844 0.117188 0.093750
3 0.599609 0.078391 0.378906 0.156782
3 0.650391 0.394531 0.308594 0.367188
3 0.402344 0.406250 0.164062 0.203125
3 0.205724 0.891077 0.122386 0.125904
3 0.240234 0.617188 0.066406 0.070312
3 0.358174 0.646587 0.040300 0.072037
3 0.435547 0.816406 0.097656 0.093750
3 0.109375 0.697266 0.085938 0.074219
3 0.236328 0.785156 0.089844 0.117188
3 0.108259 0.966797 0.142857 0.066406
3 0.056641 0.843750 0.113281 0.093750
3 0.785156 0.634766 0.195312 0.113281
