3 0.443359 0.138672 0.105469 0.066406
3 0.789893 0.020050 0.078067 0.040100
3 0.822958 0.032955 0.037673 0.042870
3 0.835949 0.260944 0.084440 0.083141
3 0.369579 0.097259 0.081842 0.101328
3 0.515076 0.186896 0.045468 0.054561
3 0.231361 0.018751 0.044437 0.037502
3 0.268251 0.163512 0.053262 0.038973
3 0.294232 0.245354 0.068851 0.046767
3 0.032472 0.057638 0.064945 0.074048
3 0.018832 0.110899 0.037664 0.024682
3 0.085730 0.217424 0.145497 0.092235
3 0.137044 0.160265 0.076646 0.063655
3 0.009738 0.260294 0.019477 0.024682
3 0.025977 0.286274 0.051954 0.037670
3 0.501948 0.074712 0.117950 0.051999
3 0.176636 0.087395 0.078633 0.036780
3 0.018999 0.703070 0.037998 0.060756
3 0.107157 0.628740 0.122805 0.069805
3 0.079364 0.319789 0.087902 0.062049
3 0.513060 0.339826 0.107293 0.065927
3 0.382499 0.334655 0.058171 0.042659
3 0.505950 0.241582 0.031025 0.024561
3 0.251953 0.474609 0.167969 0.183594
3 0.287109 0.683594 0.082031 0.148438
3 0.308594 0.865234 0.078125 0.066406
3 0.292969 0.808594 0.039062 0.039062
3 0.054157 0.751546 0.065927 0.049122
3 0.101986 0.739911 0.042658 0.059463
3 0.092291 0.851082 0.051707 0.043951
3 0.078071 0.906668 0.038780 0.046537
3 0.179547 0.757362 0.071098 0.099537
3 0.155632 0.692082 0.074976 0.051707
3 0.182133 0.670106 0.086610 0.036195
3 0.373450 0.613875 0.071098 0.050415
3 0.498194 0.392179 0.085317 0.062049
3 0.679816 0.323021 0.081439 0.065927
3 0.673352 0.367618 0.045244 0.023268
3 0.022231 0.556350 0.044462 0.051707
3 0.974609 0.664062 0.050781 0.132812
3 0.826997 0.777344 0.208682 0.078125
3 0.775391 0.687500 0.074219 0.085938
3 0.916992 0.882812 0.166016 0.234375
3 0.661603 0.953125 0.129919 0.093750
3 0.800781 0.978516 0.062500 0.042969
3 0.960928 0.785445 0.078145 0.112525
3 0.750859 0.097259 0.046767 0.049365
