3 0.070415 0.035156 0.140831 0.070312
3 0.071615 0.097656 0.143229 0.195312
3 0.994141 0.751116 0.011719 0.064732
3 0.962891 0.796875 0.074219 0.156250
3 0.664062 0.814453 0.148438 0.128906
3 0.835938 0.945312 0.148438 0.109375
3 0.976562 0.378906 0.046875 0.078125
3 0.990234 0.239502 0.019531 0.122559
3 0.970703 0.132812 0.058594 0.093750
3 0.900391 0.072266 0.097656 0.121094
3 0.808594 0.044922 0.078125 0.089844
3 0.806641 0.228516 0.074219 0.089844
3 0.814453 0.167969 0.027344 0.023438
3 0.611328 0.019531 0.058594 0.039062
3 0.541667 0.023438 0.111979 0.046875
3 0.564453 0.054688 0.074219 0.046875
3 0.468750 0.105469 0.117188 0.093750
3 0.517578 0.271484 0.050781 0.058594
3 0.775391 0.576172 0.074219 0.089844
3 0.714844 0.578125 0.054688 0.039062
3 0.685547 0.410156 0.058594 0.070312
3 0.958984 0.482422 0.082031 0.066406
3 0.957031 0.287109 0.085938 0.074219
3 0.001953 0.887207 0.003906 0.086914
3 0.042969 0.876953 0.085938 0.089844
3 0.150391 0.916016 0.121094 0.089844
3 0.224609 0.570312 0.113281 0.109375
3 0.160156 0.367188 0.093750 0.148438
3 0.318359 0.320312 0.121094 0.070312
3 0.003906 0.282227 0.007812 0.060547
3 0.027344 0.630859 0.054688 0.074219
3 0.466797 0.744141 0.105469 0.144531
3 0.302734 0.892578 0.074219 0.058594
3 0.730469 0.886719 0.078125 0.039062
3 0.628906 0.656250 0.046875 0.039062
3 0.685547 0.007812 0.074219 0.015625
3 0.519531 0.496094 0.046875 0.046875
3 0.230469 0.316406 0.093750 0.078125
3 0.812301 0.787656 0.054004 0.045109
3 0.817066 0.828317 0.082593 0.043838
3 0.886000 0.798774 0.047650 0.026684
3 0.696670 0.930606 0.067981 0.038755
3 0.718589 0.992463 0.043313 0.015073
3 0.112798 0.975397 0.113725 0.048286
3 0.130905 0.859449 0.062263 0.032402
3 0.232559 0.493179 0.086405 0.054639
3 0.692223 0.445529 0.060357 0.034308
3 0.880599 0.477295 0.064804 0.050827
3 0.883776 0.613892 0.076240 0.039391
3 0.124604 0.595828 0.071608 0.099073
3 0.086348 0.548743 0.050027 0.040218
3 0.129999 0.509016 0.049046 0.039237
3 0.738128 0.309046 0.060724 0.086415
3 0.582031 0.851562 0.031250 0.054688
