3 0.487626 0.424707 0.016619 0.013264
3 0.883619 0.616189 0.025075 0.018337
3 0.266618 0.736302 0.020477 0.021361
3 0.558846 0.705820 0.031057 0.012541
3 0.569981 0.679121 0.018939 0.017152
3 0.447986 0.297734 0.017567 0.017600
3 0.770430 0.731905 0.037673 0.025368
3 0.841621 0.801866 0.042836 0.025491
3 0.990766 0.772817 0.018469 0.012219
3 0.975402 0.507326 0.027617 0.020141
3 0.773816 0.530041 0.017733 0.022936
3 0.794983 0.585723 0.019343 0.015764
3 0.816155 0.623433 0.031516 0.016462
3 0.615330 0.589862 0.032932 0.020875
3 0.613510 0.407214 0.034633 0.021705
3 0.633188 0.430886 0.034545 0.014521
3 0.141908 0.922387 0.032549 0.025115
3 0.079294 0.389265 0.012086 0.020916
3 0.457921 0.250757 0.018255 0.023538
3 0.238985 0.195362 0.014395 0.011451
3 0.368937 0.282918 0.017620 0.012589
3 0.813566 0.114705 0.026625 0.017748
3 0.741389 0.377518 0.033198 0.021610
3 0.753292 0.346409 0.025001 0.016835
3 0.950188 0.250442 0.023873 0.023220
3 0.927768 0.043149 0.036181 0.040306
3 0.868497 0.233103 0.014311 0.016729
3 0.750215 0.256700 0.016618 0.020854
3 0.759908 0.397532 0.021525 0.011821
3 0.555604 0.368036 0.014679 0.015422
3 0.598820 0.336045 0.025712 0.011344
3 0.989897 0.027575 0.016574 0.016735
3 0.731688 0.059057 0.033481 0.016930
3 0.692622 0.009894 0.034270 0.019789
3 0.986997 0.655191 0.015768 0.014882
3 0.984844 0.600358 0.023604 0.019369
3 0.805276 0.520504 0.019680 0.023775
3 0.737134 0.619433 0.024315 0.022504
3 0.531459 0.786100 0.022892 0.014726
3 0.528347 0.858142 0.019646 0.016754
3 0.686434 0.758005 0.021521 0.009172
3 0.727330 0.834027 0.012688 0.016203
3 0.686665 0.833299 0.017991 0.013334
3 0.667650 0.801329 0.025645 0.017371
3 0.357243 0.717661 0.032951 0.029089
3 0.586888 0.195562 0.020850 0.025359
3 0.372030 0.115131 0.031859 0.021648
3 0.401338 0.235455 0.013126 0.015946
3 0.427211 0.164633 0.022221 0.017205
3 0.705611 0.519461 0.025882 0.048914
3 0.790587 0.426359 0.031393 0.018694
3 0.804012 0.298601 0.025123 0.019882
3 0.637823 0.277905 0.032290 0.031552
3 0.644192 0.183128 0.028014 0.029088
3 0.279847 0.010328 0.031052 0.020657
3 0.174791 0.099698 0.020121 0.013660
3 0.359243 0.010736 0.028336 0.016271
3 0.235667 0.520305 0.022243 0.010464
3 0.217954 0.486545 0.019766 0.014729
3 0.320882 0.451493 0.017173 0.015383
3 0.038337 0.880887 0.030471 0.018764
3 0.033752 0.824614 0.024996 0.034088
3 0.142839 0.772448 0.019195 0.017165
3 0.118296 0.755730 0.025416 0.020098
3 0.157780 0.673226 0.022226 0.022484
3 0.565453 0.062369 0.040308 0.026053
3 0.004910 0.061325 0.009820 0.013830
3 0.222029 0.255635 0.040661 0.021015
3 0.035123 0.443023 0.017540 0.017921
3 0.374479 0.391117 0.061324 0.049205
3 0.525331 0.971229 0.058043 0.057541
3 0.321557 0.863102 0.114563 0.091980
3 0.809636 0.915321 0.275459 0.169357
