3 0.095703 0.074219 0.191406 0.148438
3 0.032227 0.009766 0.064453 0.019531
3 0.417969 0.109375 0.101562 0.078125
3 0.777344 0.064453 0.125000 0.128906
3 0.867188 0.042969 0.070312 0.085938
3 0.945312 0.290543 0.109375 0.123273
3 0.177734 0.228516 0.261719 0.175781
3 0.003906 0.369141 0.007812 0.066406
3 0.044922 0.289062 0.074219 0.101562
3 0.691406 0.941406 0.156250 0.117188
3 0.650391 0.785156 0.144531 0.195312
3 0.824219 0.703125 0.203125 0.125000
3 0.892578 0.978516 0.074219 0.042969
3 0.755859 0.216797 0.121094 0.167969
3 0.662109 0.328125 0.144531 0.070312
3 0.404297 0.203125 0.058594 0.070312
3 0.441406 0.212891 0.132812 0.089844
3 0.475079 0.978635 0.071490 0.042730
3 0.857422 0.814453 0.058594 0.105469
3 0.923828 0.791016 0.058594 0.058594
3 0.968750 0.929688 0.046875 0.062500
3 0.375000 0.550781 0.109375 0.109375
3 0.261393 0.990234 0.074870 0.019531
3 0.771484 0.878906 0.128906 0.242188
3 0.048828 0.857422 0.097656 0.136719
3 0.609375 0.056641 0.054688 0.058594
3 0.412109 0.925781 0.066406 0.101562
3 0.294922 0.935547 0.113281 0.058594
3 0.300781 0.845703 0.070312 0.066406
3 0.148438 0.949219 0.125000 0.101562
3 0.671875 0.677734 0.101562 0.082031
3 0.539062 0.384766 0.070312 0.066406
3 0.398438 0.017578 0.054688 0.035156
3 0.448242 0.003906 0.041016 0.007812
3 0.431641 0.042969 0.035156 0.031250
3 0.498047 0.033203 0.066406 0.058594
3 0.355469 0.343750 0.046875 0.070312
3 0.750368 0.758393 0.111375 0.071598
3 0.830717 0.775895 0.058870 0.058870
3 0.947396 0.740626 0.034473 0.027579
3 0.955617 0.663989 0.060461 0.044020
3 0.531330 0.769000 0.040307 0.040837
3 0.471664 0.867647 0.052506 0.053566
3 0.527352 0.927312 0.047202 0.059400
3 0.347236 0.989253 0.073448 0.021495
3 0.496595 0.283234 0.066757 0.078470
3 0.775918 0.311794 0.085554 0.065371
3 0.815624 0.281960 0.176371 0.218929
3 0.883745 0.557000 0.094512 0.111923
3 0.039249 0.943463 0.078498 0.085692
3 0.145403 0.695855 0.038232 0.032921
3 0.194255 0.692669 0.059471 0.047789
3 0.941862 0.585288 0.032405 0.051849
3 0.590114 0.370365 0.100032 0.082482
3 0.643878 0.017260 0.049214 0.034520
3 0.527596 0.238937 0.096111 0.077544
3 0.692695 0.017806 0.041866 0.035612
3 0.519531 0.976562 0.070312 0.046875
3 0.937500 0.187500 0.062500 0.125000
3 0.978516 0.058594 0.042969 0.085938
3 0.992188 0.203125 0.015625 0.046875
3 0.662109 0.197266 0.042969 0.066406
3 0.710938 0.160156 0.054688 0.070312
3 0.707031 0.103516 0.039062 0.058594
3 0.916016 0.029297 0.042969 0.042969
3 0.027344 0.423828 0.054688 0.113281
3 0.066406 0.486328 0.062500 0.042969
3 0.027344 0.406250 0.054688 0.132812
3 0.521484 0.080078 0.097656 0.097656
3 0.589844 0.253906 0.140625 0.101562
3 0.447266 0.703125 0.042969 0.039062
3 0.476562 0.361328 0.054688 0.035156
3 0.840198 0.351482 0.050492 0.034908
3 0.930896 0.473660 0.041141 0.044882
3 0.275273 0.277846 0.024262 0.028173
3 0.665778 0.443860 0.038126 0.024262
3 0.681375 0.391292 0.041592 0.053146
