3 0.544922 0.029297 0.011719 0.027344
3 0.505859 0.039062 0.027344 0.031250
3 0.146484 0.222656 0.019531 0.015625
3 0.542969 0.275391 0.015625 0.011719
3 0.458984 0.306641 0.027344 0.027344
3 0.500000 0.363281 0.023438 0.015625
3 0.007812 0.466797 0.015625 0.074219
3 0.666016 0.408203 0.019531 0.027344
3 0.160156 0.445312 0.031250 0.015625
3 0.396484 0.447266 0.019531 0.019531
3 0.558594 0.529297 0.039062 0.082031
3 0.882812 0.511719 0.023438 0.015625
3 0.330078 0.537109 0.027344 0.042969
3 0.042969 0.529297 0.015625 0.011719
3 0.082031 0.564453 0.046875 0.035156
3 0.304688 0.615234 0.015625 0.019531
3 0.527344 0.613281 0.039062 0.015625
3 0.486328 0.710938 0.089844 0.039062
3 0.064453 0.724609 0.035156 0.011719
3 0.029297 0.767578 0.058594 0.042969
3 0.433594 0.839844 0.023438 0.031250
3 0.847656 0.914062 0.015625 0.015625
3 0.031250 0.929688 0.046875 0.031250
3 0.023438 0.767578 0.031250 0.019531
