3 0.144531 0.437911 0.289062 0.391447
3 0.460938 0.271484 0.250000 0.285156
3 0.361328 0.333984 0.152344 0.089844
3 0.949219 0.021484 0.093750 0.042969
3 0.476562 0.029297 0.125000 0.058594
3 0.941406 0.410156 0.109375 0.179688
3 0.285156 0.082031 0.062500 0.078125
3 0.419922 0.550781 0.144531 0.132812
3 0.094815 0.951172 0.130682 0.097656
3 0.798828 0.029297 0.074219 0.058594
3 0.628906 0.291016 0.070312 0.058594
3 0.515625 0.462891 0.062500 0.082031
3 0.517578 0.521484 0.050781 0.058594
3 0.615234 0.619141 0.113281 0.042969
3 0.841797 0.427734 0.050781 0.050781
3 0.863281 0.496094 0.046875 0.031250
3 0.710938 0.212891 0.195312 0.175781
3 0.830078 0.287109 0.113281 0.214844
3 0.746094 0.611328 0.140625 0.066406
3 0.847656 0.601562 0.125000 0.171875
3 0.816406 0.810547 0.234375 0.238281
3 0.429688 0.712891 0.335938 0.214844
3 0.234375 0.937500 0.117188 0.125000
3 0.274233 0.931641 0.281105 0.136719
3 0.125000 0.083984 0.117188 0.167969
3 0.115234 0.083984 0.136719 0.167969
3 0.058594 0.724609 0.117188 0.207031
3 0.687500 0.050781 0.148438 0.101562
3 0.624645 0.019531 0.077415 0.039062
3 0.634766 0.144531 0.121094 0.148438
3 0.173828 0.818359 0.058594 0.050781
3 0.142578 0.791016 0.066406 0.066406
3 0.113281 0.669922 0.046875 0.050781
3 0.232422 0.667969 0.097656 0.093750
3 0.251953 0.761719 0.082031 0.078125
3 0.511719 0.814453 0.117188 0.066406
3 0.261719 0.847656 0.109375 0.093750
3 0.354788 0.857145 0.081289 0.101228
3 0.269531 0.628906 0.070312 0.054688
3 0.802734 0.943359 0.152344 0.113281
3 0.722656 0.785156 0.046875 0.054688
3 0.933594 0.759766 0.125000 0.066406
3 0.937500 0.703125 0.117188 0.109375
3 0.755859 0.550781 0.058594 0.054688
3 0.642578 0.527344 0.121094 0.093750
3 0.152344 0.732422 0.078125 0.050781
3 0.617076 0.739590 0.043495 0.047956
3 0.652206 0.589031 0.080298 0.041264
3 0.705181 0.560034 0.054647 0.065800
3 0.680645 0.454085 0.065800 0.054647
3 0.712988 0.488658 0.043495 0.052417
3 0.411870 0.580109 0.070261 0.061339
3 0.148670 0.607990 0.052417 0.054648
3 0.348300 0.565611 0.036803 0.047956
3 0.910387 0.229362 0.047956 0.062454
3 0.511719 0.009766 0.070312 0.019531
3 0.105469 0.324219 0.062500 0.054688
3 0.332031 0.042969 0.046875 0.039062
3 0.955078 0.078125 0.066406 0.078125
3 0.873047 0.017578 0.050781 0.035156
3 0.042969 0.056641 0.054688 0.089844
3 0.919922 0.896484 0.074219 0.058594
3 0.181641 0.194857 0.042969 0.045964
3 0.013479 0.909731 0.026957 0.046025
3 0.003849 0.794527 0.007697 0.162308
3 0.910818 0.307854 0.048892 0.048891
3 0.973970 0.295631 0.044818 0.046854
3 0.216660 0.522263 0.051947 0.045836
3 0.301785 0.249218 0.109782 0.076771
3 0.519434 0.210278 0.059043 0.048307
3 0.064003 0.209966 0.045088 0.042197
3 0.315463 0.175687 0.049617 0.035146
