3 0.187500 0.015625 0.046875 0.031250
3 0.458984 0.080078 0.035156 0.042969
3 0.244141 0.072266 0.011719 0.019531
3 0.468750 0.195312 0.015625 0.031250
3 0.957031 0.255859 0.023438 0.011719
3 0.087891 0.464844 0.058594 0.023438
3 0.496094 0.482422 0.039062 0.035156
3 0.269531 0.519531 0.023438 0.023438
3 0.224609 0.560547 0.019531 0.011719
3 0.406250 0.632812 0.046875 0.046875
3 0.343750 0.654297 0.054688 0.050781
3 0.439453 0.728516 0.011719 0.027344
3 0.595703 0.742188 0.027344 0.031250
3 0.160156 0.744141 0.015625 0.011719
3 0.011719 0.783203 0.023438 0.027344
3 0.607422 0.787109 0.019531 0.019531
3 0.339844 0.939453 0.062500 0.027344
3 0.099609 0.988281 0.027344 0.023438
