3 0.559115 0.242396 0.228117 0.308418
3 0.940892 0.225083 0.118216 0.180455
3 0.291016 0.117482 0.160156 0.141215
3 0.056641 0.287109 0.113281 0.300781
3 0.118941 0.525212 0.204237 0.200375
3 0.169364 0.984375 0.184710 0.031250
3 0.779376 0.286674 0.247677 0.231339
3 0.558594 0.744141 0.882812 0.511719
3 0.757812 0.623047 0.484375 0.496094
3 0.151763 0.366683 0.153277 0.140905
3 0.386074 0.485143 0.046508 0.048185
3 0.486718 0.491294 0.109130 0.069432
3 0.368304 0.009766 0.072545 0.019531
3 0.117271 0.065972 0.130675 0.101118
3 0.317173 0.045043 0.144676 0.090085
3 0.179497 0.235539 0.068449 0.060671
3 0.398068 0.202093 0.066893 0.068449
3 0.309395 0.321878 0.169567 0.164900
3 0.517076 0.076862 0.130675 0.076227
3 0.701421 0.331212 0.079338 0.112007
