3 0.937500 0.062500 0.117188 0.125000
3 0.865234 0.117188 0.066406 0.054688
3 0.917969 0.220604 0.156250 0.238084
3 0.767578 0.156250 0.128906 0.125000
3 0.794922 0.044922 0.113281 0.089844
3 0.713793 0.250000 0.115086 0.164062
3 0.609375 0.318359 0.093750 0.261719
3 0.541016 0.166016 0.066406 0.082031
3 0.437500 0.183594 0.132812 0.109375
3 0.584356 0.009766 0.048921 0.019531
3 0.093750 0.167969 0.132812 0.101562
3 0.312912 0.010845 0.019500 0.021690
3 0.205662 0.039240 0.101400 0.070200
3 0.298287 0.112365 0.056550 0.068250
3 0.111087 0.018765 0.029250 0.033150
3 0.074728 0.019620 0.037606 0.039240
3 0.170562 0.103590 0.097500 0.089700
3 0.801387 0.250815 0.064350 0.056550
3 0.208587 0.281040 0.076050 0.046800
3 0.391887 0.384390 0.087750 0.050700
3 0.517662 0.483840 0.054600 0.031200
3 0.556662 0.531615 0.078000 0.060450
3 0.482562 0.594015 0.109200 0.060450
3 0.475737 0.523815 0.091650 0.064350
3 0.426987 0.538440 0.052650 0.046800
3 0.337287 0.526740 0.130650 0.101400
3 0.231987 0.541365 0.107250 0.052650
3 0.260262 0.627165 0.195000 0.146250
3 0.512787 0.438015 0.060450 0.056550
3 0.550812 0.428265 0.058500 0.060450
3 0.487437 0.396090 0.099450 0.066300
3 0.512787 0.317115 0.060450 0.068250
3 0.553737 0.249840 0.083850 0.066300
3 0.582012 0.288840 0.042900 0.046800
3 0.421137 0.354165 0.130650 0.044850
3 0.309987 0.489690 0.068250 0.031200
3 0.049809 0.715521 0.059016 0.051402
3 0.308594 0.783203 0.101562 0.121094
3 0.144045 0.748837 0.251296 0.186568
3 0.241137 0.935405 0.060920 0.053305
3 0.299201 0.944924 0.059017 0.049498
3 0.239233 0.868774 0.201798 0.125648
3 0.818082 0.669971 0.362726 0.660057
3 0.560438 0.830078 0.245877 0.339844
3 0.018971 0.205032 0.037943 0.059164
3 0.099047 0.349909 0.091765 0.094180
