3 0.979432 0.474776 0.041136 0.141334
3 0.331029 0.731021 0.197872 0.282838
3 0.111245 0.941687 0.222489 0.116627
3 0.500946 0.849924 0.125257 0.208401
3 0.273827 0.839414 0.177177 0.321173
3 0.214844 0.134766 0.406250 0.269531
3 0.662109 0.400391 0.417969 0.636719
3 0.746745 0.075358 0.506510 0.150716
3 0.953125 0.595703 0.078125 0.089844
3 0.564453 0.968750 0.214844 0.062500
3 0.810547 0.162109 0.128906 0.097656
3 0.449219 0.214844 0.101562 0.140625
3 0.335938 0.222656 0.093750 0.078125
3 0.824219 0.562500 0.085938 0.085938
3 0.728516 0.964844 0.058594 0.070312
3 0.795416 0.671404 0.128143 0.056653
