3 0.912109 0.053711 0.175781 0.107422
3 0.740234 0.181641 0.324219 0.277344
3 0.671875 0.443359 0.242188 0.386719
3 0.878906 0.427734 0.171875 0.160156
3 0.796875 0.783203 0.117188 0.355469
3 0.503906 0.980469 0.109375 0.039062
3 0.767299 0.982422 0.090402 0.035156
3 0.039062 0.969531 0.078125 0.060937
3 0.898438 0.410156 0.203125 0.195312
3 0.986328 0.494591 0.027344 0.067308
3 0.253906 0.400391 0.257812 0.355469
3 0.443359 0.238281 0.097656 0.218750
3 0.880859 0.666016 0.136719 0.230469
3 0.029297 0.042969 0.058594 0.085938
3 0.537109 0.623047 0.097656 0.097656
3 0.355469 0.777344 0.132812 0.093750
3 0.081752 0.912109 0.163504 0.175781
3 0.815178 0.775706 0.315200 0.448588
