3 0.507812 0.677734 0.398438 0.363281
3 0.896484 0.070033 0.207031 0.140067
3 0.228984 0.093750 0.192344 0.187500
3 0.076172 0.134766 0.136719 0.167969
3 0.130859 0.548828 0.261719 0.253906
3 0.357422 0.359375 0.214844 0.156250
3 0.427734 0.292969 0.113281 0.109375
3 0.683594 0.328125 0.195312 0.226562
3 0.523438 0.492188 0.085938 0.054688
3 0.726562 0.800781 0.203125 0.117188
3 0.861328 0.773438 0.128906 0.101562
3 0.693359 0.919922 0.105469 0.152344
3 0.562500 0.832031 0.078125 0.125000
3 0.960938 0.354074 0.078125 0.098772
3 0.902344 0.644531 0.117188 0.179688
3 0.974854 0.970703 0.050293 0.058594
3 0.732422 0.953125 0.082031 0.093750
3 0.973090 0.970703 0.053819 0.058594
3 0.044922 0.931641 0.089844 0.136719
3 0.398438 0.943359 0.085938 0.074219
3 0.289690 0.994141 0.043666 0.011719
3 0.154297 0.750000 0.074219 0.046875
3 0.693359 0.714844 0.105469 0.070312
3 0.589844 0.115234 0.085938 0.136719
3 0.820312 0.058594 0.164062 0.117188
3 0.689887 0.005859 0.036024 0.011719
3 0.597005 0.025391 0.084635 0.050781
3 0.660156 0.462891 0.085938 0.089844
3 0.306641 0.474609 0.082031 0.105469
3 0.574219 0.460938 0.062500 0.054688
3 0.484375 0.449219 0.093750 0.085938
3 0.515625 0.214844 0.039062 0.078125
3 0.490234 0.154297 0.019531 0.019531
3 0.041087 0.010265 0.036313 0.020530
3 0.077797 0.034398 0.081875 0.045647
3 0.087578 0.011584 0.049270 0.023167
3 0.823968 0.136678 0.064270 0.050596
3 0.689274 0.202316 0.051963 0.056066
3 0.774740 0.428971 0.069740 0.051279
3 0.786021 0.484011 0.044442 0.038289
3 0.738160 0.453586 0.047177 0.040340
3 0.908823 0.975352 0.081272 0.049295
3 0.826525 0.983104 0.030750 0.033791
3 0.855817 0.984073 0.037524 0.031853
3 0.640348 0.960817 0.058140 0.078365
3 0.658275 0.874154 0.090117 0.089148
3 0.519223 0.971476 0.062016 0.057047
3 0.444610 0.902739 0.065892 0.084303
3 0.875931 0.406408 0.043759 0.055382
