3 0.960428 0.864234 0.016755 0.012721
3 0.985626 0.589257 0.017073 0.024282
3 0.393602 0.547066 0.019848 0.013087
3 0.381736 0.580224 0.017691 0.014948
3 0.801202 0.882832 0.018379 0.017461
3 0.219368 0.788705 0.017272 0.010504
3 0.474832 0.813441 0.013800 0.011723
3 0.643990 0.882449 0.027287 0.019617
3 0.136301 0.898426 0.020146 0.011089
3 0.891216 0.996849 0.027856 0.006303
3 0.973333 0.775020 0.025969 0.022192
3 0.627554 0.659328 0.013154 0.016264
3 0.360162 0.623830 0.030096 0.019636
3 0.953336 0.109855 0.019061 0.010520
3 0.862557 0.035484 0.041851 0.041062
3 0.905030 0.346026 0.095824 0.061617
3 0.265815 0.654851 0.097407 0.077486
3 0.325532 0.004614 0.023006 0.009229
3 0.759110 0.130512 0.063915 0.067031
3 0.648318 0.275696 0.180338 0.330500
