3 0.033203 0.993421 0.066406 0.013158
3 0.128906 0.316406 0.257812 0.179688
3 0.095703 0.035156 0.066406 0.070312
3 0.898438 0.626953 0.195312 0.472656
3 0.878702 0.880859 0.233966 0.238281
3 0.693034 0.994141 0.039714 0.011719
3 0.019531 0.908203 0.039062 0.144531
3 0.033203 0.556641 0.066406 0.089844
3 0.457031 0.992188 0.070312 0.015625
3 0.128906 0.238281 0.257812 0.328125
3 0.028739 0.017578 0.057478 0.035156
3 0.204544 0.935480 0.038655 0.050877
3 0.078125 0.041016 0.101562 0.082031
3 0.720605 0.039062 0.253711 0.078125
3 0.376838 0.162109 0.504136 0.324219
