3 0.826787 0.050781 0.153574 0.101562
3 0.080024 0.488678 0.160049 0.352430
3 0.267153 0.650391 0.364138 0.269531
3 0.181597 0.884636 0.285243 0.230729
3 0.007812 0.009766 0.015625 0.019531
3 0.683501 0.289293 0.087746 0.062961
3 0.800473 0.481768 0.141025 0.114589
3 0.424193 0.345906 0.167128 0.124243
3 0.314779 0.221261 0.162318 0.178750
3 0.323997 0.298928 0.046091 0.075863
3 0.675902 0.115202 0.070297 0.043221
3 0.581806 0.795639 0.281295 0.213314
3 0.722599 0.890868 0.118059 0.202164
3 0.294688 0.817062 0.084383 0.158615
3 0.386031 0.848161 0.060675 0.076397
3 0.948938 0.467288 0.102123 0.187889
3 0.966279 0.304218 0.066479 0.137109
3 0.864868 0.361099 0.254632 0.154168
3 0.119405 0.140359 0.128764 0.214416
3 0.093800 0.152368 0.139829 0.219137
3 0.139731 0.069209 0.096534 0.138418
3 0.633800 0.005133 0.022465 0.010267
3 0.726815 0.047362 0.055621 0.040841
3 0.582521 0.193041 0.098479 0.119102
3 0.278023 0.010827 0.067216 0.021654
3 0.776367 0.979571 0.051544 0.040859
3 0.961953 0.931641 0.068282 0.128906
3 0.121094 0.634766 0.109375 0.152344
3 0.367188 0.529297 0.265625 0.144531
3 0.831931 0.935006 0.070513 0.122175
3 0.859878 0.698794 0.051289 0.065157
3 0.902350 0.863281 0.039075 0.070312
3 0.963493 0.819254 0.073015 0.100804
3 0.068359 0.279297 0.105469 0.097656
3 0.905086 0.278248 0.107264 0.103370
3 0.369856 0.091257 0.058086 0.076205
3 0.556314 0.105469 0.129560 0.140625
3 0.456496 0.167163 0.054627 0.080317
3 0.609973 0.039937 0.063722 0.036828
3 0.011264 0.101065 0.022528 0.066714
3 0.049458 0.886741 0.064560 0.057835
3 0.963383 0.758966 0.071285 0.063215
3 0.842333 0.857823 0.049765 0.056490
3 0.981355 0.567304 0.037289 0.088770
3 0.775756 0.625812 0.045730 0.044385
3 0.662776 0.928436 0.040350 0.044385
3 0.333551 0.984729 0.035392 0.030542
