3 0.859375 0.699219 0.281250 0.179688
3 0.912109 0.853516 0.152344 0.121094
3 0.964844 0.962240 0.070312 0.075521
3 0.961914 0.963542 0.076172 0.072917
3 0.041016 0.760742 0.082031 0.279297
3 0.559326 0.052734 0.162598 0.105469
3 0.642578 0.117188 0.128906 0.078125
3 0.492188 0.455078 0.109375 0.113281
3 0.562500 0.376953 0.140625 0.097656
3 0.718750 0.361328 0.156250 0.152344
3 0.226562 0.439453 0.093750 0.097656
3 0.005642 0.992746 0.011285 0.014509
3 0.062500 0.892578 0.117188 0.082031
3 0.123047 0.826172 0.121094 0.074219
3 0.550781 0.794922 0.148438 0.066406
3 0.771484 0.869141 0.136719 0.089844
3 0.769531 0.812500 0.046875 0.039062
3 0.890625 0.492188 0.054688 0.070312
3 0.642578 0.546875 0.050781 0.093750
3 0.619141 0.664062 0.097656 0.085938
3 0.281250 0.654297 0.109375 0.066406
3 0.357422 0.716797 0.042969 0.058594
3 0.304688 0.857422 0.054688 0.074219
3 0.208984 0.908203 0.074219 0.074219
3 0.373047 0.966797 0.050781 0.042969
3 0.216797 0.083984 0.144531 0.074219
3 0.132812 0.080078 0.117188 0.066406
3 0.431901 0.035156 0.104948 0.070312
3 0.503906 0.150391 0.117188 0.066406
3 0.488281 0.105469 0.164062 0.054688
3 0.396484 0.164062 0.050781 0.062500
3 0.244141 0.214844 0.121094 0.062500
3 0.625000 0.240234 0.101562 0.105469
3 0.037109 0.347656 0.074219 0.070312
3 0.166016 0.007812 0.042969 0.015625
3 0.742025 0.003906 0.068034 0.007812
3 0.814453 0.242188 0.058594 0.109375
3 0.825195 0.144531 0.087891 0.289062
3 0.671875 0.755859 0.085938 0.042969
3 0.173828 0.347656 0.035156 0.070312
3 0.148438 0.511719 0.085938 0.070312
3 0.531250 0.517578 0.078125 0.058594
3 0.677734 0.455078 0.066406 0.058594
3 0.845332 0.147704 0.309336 0.295408
3 0.599083 0.509746 0.059806 0.063741
3 0.782435 0.405086 0.059806 0.090496
3 0.990370 0.391708 0.019260 0.076331
3 0.267804 0.359108 0.051462 0.049556
3 0.539092 0.268573 0.075605 0.061627
3 0.801167 0.078608 0.124525 0.066710
3 0.634887 0.768833 0.059661 0.036022
3 0.368099 0.821177 0.055159 0.084427
3 0.573537 0.742379 0.047279 0.028142
3 0.619690 0.722117 0.040525 0.037148
3 0.758149 0.562269 0.036022 0.041650
3 0.413689 0.434504 0.047279 0.058536
3 0.302809 0.407488 0.046153 0.056284
3 0.345585 0.346137 0.043902 0.046153
3 0.477290 0.190793 0.068667 0.066416
3 0.959684 0.168355 0.060289 0.044921
3 0.919491 0.181949 0.050832 0.053196
