3 0.949318 0.899163 0.031884 0.015477
3 0.927837 0.972600 0.014825 0.011962
3 0.944111 0.791854 0.023886 0.010071
3 0.958739 0.821996 0.043280 0.020825
3 0.961762 0.867276 0.018493 0.041387
3 0.231650 0.970040 0.021727 0.019139
3 0.016178 0.765813 0.032356 0.018212
3 0.105498 0.778889 0.024173 0.013923
3 0.146217 0.687068 0.022377 0.020034
3 0.061135 0.712580 0.014602 0.012830
3 0.332978 0.514997 0.020308 0.010781
3 0.070724 0.383305 0.014139 0.015912
3 0.009482 0.591892 0.018964 0.020652
3 0.503456 0.312915 0.038367 0.018021
3 0.409291 0.352817 0.022693 0.017964
3 0.395537 0.149315 0.017704 0.012174
3 0.090330 0.285734 0.013266 0.021032
3 0.031221 0.309405 0.025252 0.015763
3 0.987638 0.646186 0.020974 0.008950
3 0.864982 0.928623 0.023680 0.016093
3 0.978531 0.913609 0.025235 0.011546
3 0.312288 0.834781 0.018576 0.010312
3 0.099507 0.728937 0.015674 0.013890
3 0.696948 0.968555 0.021932 0.011172
3 0.406232 0.922461 0.025496 0.018437
3 0.385339 0.764626 0.021441 0.013794
3 0.292054 0.740625 0.020497 0.007117
3 0.196922 0.778046 0.015373 0.019384
3 0.166534 0.781384 0.018623 0.010029
3 0.209747 0.890314 0.017975 0.013753
3 0.181441 0.828250 0.020739 0.011699
3 0.406601 0.681991 0.026053 0.016267
3 0.592651 0.776534 0.028505 0.013333
3 0.910272 0.738833 0.019783 0.013923
3 0.757061 0.870305 0.022509 0.014687
3 0.784769 0.500039 0.015786 0.019500
3 0.986078 0.664269 0.027845 0.015799
3 0.957676 0.664245 0.017322 0.011558
3 0.866768 0.650771 0.022832 0.011805
3 0.655141 0.580909 0.025645 0.014305
3 0.434751 0.587695 0.030600 0.015144
3 0.467392 0.497099 0.013769 0.015772
3 0.632660 0.347216 0.016786 0.013461
3 0.497958 0.385948 0.016005 0.013525
3 0.323594 0.330175 0.014300 0.015859
3 0.234218 0.295557 0.018836 0.014705
3 0.239681 0.256001 0.029746 0.022232
3 0.186557 0.350589 0.021781 0.012244
3 0.204385 0.354481 0.017045 0.015918
3 0.124593 0.561235 0.018212 0.014052
3 0.090222 0.475052 0.020684 0.011934
3 0.140239 0.157910 0.014705 0.020138
3 0.191026 0.228980 0.026805 0.014679
3 0.099857 0.113231 0.020389 0.010597
3 0.658896 0.065380 0.021936 0.017834
3 0.601563 0.113182 0.016786 0.008446
3 0.245106 0.023050 0.022908 0.017497
3 0.050905 0.006349 0.020026 0.012699
3 0.098696 0.008446 0.025308 0.013782
3 0.523425 0.937185 0.020849 0.010399
3 0.472921 0.940121 0.015644 0.024256
3 0.676766 0.752567 0.021729 0.013524
3 0.764467 0.762840 0.018993 0.012752
3 0.865926 0.620505 0.021429 0.017275
3 0.826206 0.566192 0.015521 0.014635
3 0.806408 0.388384 0.031252 0.016268
3 0.786361 0.398638 0.021465 0.012216
3 0.395008 0.247836 0.009326 0.017830
3 0.502480 0.115455 0.013194 0.022241
3 0.437045 0.117849 0.012452 0.014468
3 0.303315 0.132841 0.016180 0.017695
3 0.219195 0.307837 0.017836 0.010611
3 0.348546 0.413621 0.032057 0.026587
3 0.446022 0.388122 0.025296 0.015931
3 0.149156 0.644636 0.018874 0.009755
3 0.288426 0.725337 0.017356 0.014591
3 0.332028 0.812284 0.018624 0.013486
3 0.104277 0.812293 0.018486 0.011719
3 0.096850 0.855006 0.017423 0.010293
3 0.072132 0.857633 0.022645 0.017007
3 0.173147 0.967323 0.016698 0.017240
3 0.086862 0.429265 0.019105 0.018675
3 0.471782 0.755706 0.021571 0.013040
3 0.433559 0.718182 0.028812 0.018684
3 0.115909 0.758056 0.042860 0.038457
3 0.944526 0.532286 0.025371 0.019115
3 0.756379 0.517006 0.021855 0.020491
3 0.847704 0.308696 0.073239 0.020089
3 0.612898 0.811012 0.069743 0.066014
3 0.929392 0.582500 0.071651 0.056621
3 0.333600 0.367971 0.021748 0.021748
3 0.613540 0.320354 0.056798 0.048805
3 0.436437 0.443518 0.049200 0.029277
3 0.275066 0.529219 0.069015 0.062020
3 0.162009 0.298693 0.044472 0.036566
3 0.067424 0.333572 0.026566 0.037002
