3 0.269531 0.011719 0.031250 0.023438
3 0.158203 0.050781 0.027344 0.023438
3 0.068359 0.058594 0.019531 0.023438
3 0.621094 0.072266 0.031250 0.019531
3 0.458984 0.117188 0.011719 0.015625
3 0.146484 0.203125 0.019531 0.023438
3 0.673828 0.261719 0.097656 0.078125
3 0.271484 0.263672 0.050781 0.035156
3 0.167969 0.271484 0.023438 0.019531
3 0.873047 0.375000 0.066406 0.062500
3 0.570312 0.394531 0.015625 0.015625
3 0.619141 0.431641 0.011719 0.019531
3 0.677734 0.503906 0.027344 0.023438
3 0.582031 0.529297 0.054688 0.027344
3 0.328125 0.558594 0.023438 0.031250
3 0.035156 0.669922 0.054688 0.066406
3 0.429688 0.685547 0.156250 0.050781
3 0.810547 0.689453 0.035156 0.019531
3 0.619141 0.738281 0.027344 0.023438
3 0.796875 0.746094 0.015625 0.015625
3 0.910156 0.789062 0.078125 0.078125
3 0.617188 0.818359 0.046875 0.027344
3 0.554688 0.855469 0.015625 0.023438
3 0.873047 0.900391 0.019531 0.011719
3 0.785156 0.986328 0.015625 0.019531
