3 0.594727 0.040845 0.103516 0.081690
3 0.292550 0.033203 0.092913 0.066406
3 0.253906 0.033203 0.171875 0.066406
3 0.332031 0.107422 0.062500 0.058594
3 0.375000 0.195312 0.070312 0.062500
3 0.636719 0.197266 0.070312 0.066406
3 0.660156 0.134766 0.039062 0.066406
3 0.814453 0.050781 0.058594 0.054688
3 0.792969 0.203125 0.078125 0.117188
3 0.882812 0.322266 0.070312 0.113281
3 0.666016 0.332031 0.050781 0.093750
3 0.855469 0.433594 0.062500 0.046875
3 0.878906 0.464844 0.117188 0.109375
3 0.943359 0.431641 0.042969 0.035156
3 0.207933 0.708984 0.415865 0.582031
3 0.226562 0.515625 0.093750 0.078125
3 0.054688 0.371094 0.023438 0.031250
3 0.355469 0.582031 0.085938 0.140625
3 0.294922 0.621094 0.074219 0.085938
3 0.277344 0.693359 0.125000 0.160156
3 0.492188 0.365234 0.085938 0.066406
3 0.570312 0.601562 0.078125 0.078125
3 0.986328 0.687500 0.027344 0.109375
3 0.681641 0.753906 0.050781 0.054688
3 0.909180 0.958984 0.111328 0.082031
3 0.980469 0.860677 0.039062 0.049479
3 0.736328 0.763672 0.058594 0.050781
3 0.763672 0.710938 0.082031 0.062500
3 0.240234 0.150391 0.050781 0.042969
3 0.257812 0.199219 0.031250 0.046875
3 0.167969 0.226562 0.046875 0.070312
3 0.660156 0.056641 0.062500 0.066406
3 0.736328 0.441406 0.035156 0.054688
3 0.767578 0.449219 0.035156 0.046875
3 0.683594 0.455078 0.046875 0.050781
3 0.607422 0.451172 0.097656 0.035156
3 0.861328 0.056641 0.035156 0.035156
3 0.085938 0.281250 0.054688 0.046875
3 0.769531 0.580078 0.039062 0.058594
3 0.053808 0.928284 0.035793 0.075313
3 0.996395 0.982560 0.007210 0.034881
3 0.866601 0.752702 0.065683 0.068420
3 0.597986 0.996579 0.020341 0.006841
3 0.699100 0.544875 0.071725 0.059771
3 0.566109 0.415620 0.032874 0.067243
3 0.622892 0.379010 0.062760 0.035862
3 0.726745 0.263204 0.028391 0.046323
3 0.708813 0.183260 0.082186 0.095634
3 0.318806 0.250502 0.061265 0.038851
3 0.439843 0.273663 0.031380 0.040346
3 0.212712 0.325216 0.046323 0.041840
3 0.139493 0.441770 0.043334 0.059771
3 0.316565 0.444011 0.077703 0.073220
3 0.252311 0.422344 0.050805 0.035863
3 0.449556 0.024387 0.113565 0.048774
3 0.603223 0.334483 0.056631 0.064284
3 0.039971 0.047500 0.047448 0.032142
3 0.072879 0.008827 0.033673 0.017654
