3 0.363318 0.945430 0.025951 0.013313
3 0.158742 0.876566 0.017393 0.016294
3 0.214386 0.962469 0.020408 0.013312
3 0.990544 0.868254 0.018912 0.022489
3 0.643521 0.443336 0.023001 0.021676
3 0.258077 0.937840 0.016368 0.019782
3 0.857235 0.764871 0.023728 0.013955
3 0.428597 0.750784 0.018037 0.017258
3 0.450672 0.860230 0.021485 0.023210
3 0.270374 0.802723 0.026254 0.015325
3 0.186725 0.874895 0.014139 0.020288
3 0.153661 0.925904 0.036130 0.026454
3 0.005691 0.727975 0.011382 0.016685
3 0.139245 0.283583 0.030331 0.018465
3 0.107631 0.342827 0.020552 0.009689
3 0.115051 0.527758 0.017273 0.021961
3 0.898522 0.412652 0.026124 0.025255
3 0.108690 0.055662 0.033323 0.013125
3 0.086028 0.137295 0.017677 0.018594
3 0.005320 0.026688 0.010639 0.012072
3 0.074391 0.408021 0.020081 0.015477
3 0.015293 0.512379 0.017821 0.012630
3 0.029459 0.746410 0.020071 0.009855
3 0.030258 0.676410 0.020156 0.020156
3 0.249500 0.180671 0.023867 0.010395
3 0.139487 0.107248 0.018638 0.023569
3 0.737643 0.119288 0.021007 0.015374
3 0.844273 0.033543 0.020953 0.009534
3 0.968693 0.057681 0.021173 0.017934
3 0.081065 0.452324 0.025209 0.017545
3 0.095582 0.321733 0.016395 0.019525
3 0.217502 0.283737 0.032976 0.022200
3 0.019481 0.841666 0.036185 0.029035
3 0.073204 0.749966 0.104290 0.043116
3 0.952759 0.724036 0.094483 0.204915
3 0.387742 0.572873 0.318682 0.288473
