3 0.621241 0.992263 0.045854 0.015475
3 0.702934 0.198578 0.028344 0.047403
3 0.641934 0.077143 0.059653 0.046754
3 0.757371 0.268490 0.049151 0.042946
3 0.979588 0.731437 0.040823 0.086449
3 0.031928 0.983835 0.063855 0.032330
3 0.249702 0.982218 0.041900 0.021427
3 0.135626 0.969327 0.035344 0.025368
3 0.015970 0.915966 0.028168 0.020500
3 0.329780 0.360129 0.029786 0.024891
3 0.057617 0.423642 0.044441 0.015116
3 0.024052 0.369977 0.026852 0.016568
3 0.098966 0.291152 0.033829 0.041306
3 0.144621 0.028825 0.037387 0.023349
3 0.823654 0.763881 0.044819 0.038553
3 0.670901 0.606786 0.051661 0.050412
3 0.825564 0.484616 0.020395 0.021027
3 0.803885 0.481794 0.015498 0.019419
3 0.767123 0.480650 0.060245 0.039107
3 0.709471 0.511844 0.044859 0.028239
3 0.367254 0.242300 0.061496 0.054970
3 0.978333 0.984088 0.043334 0.031823
3 0.353338 0.885826 0.023787 0.033324
3 0.097992 0.871913 0.069153 0.039669
3 0.146306 0.425149 0.070555 0.068851
3 0.067580 0.531973 0.135159 0.111220
3 0.338617 0.692719 0.048602 0.033895
3 0.861328 0.941406 0.144531 0.117188
3 0.953300 0.578534 0.093400 0.285833
