3 0.832031 0.693242 0.335938 0.448984
3 0.160156 0.511719 0.125000 0.164062
3 0.441406 0.039062 0.085938 0.078125
3 0.253906 0.222656 0.085938 0.085938
3 0.378906 0.136719 0.093750 0.109375
3 0.546875 0.283203 0.085938 0.082031
3 0.515625 0.216797 0.054688 0.042969
3 0.951172 0.380859 0.097656 0.113281
3 0.902344 0.505859 0.125000 0.128906
3 0.914062 0.314453 0.085938 0.050781
3 0.863281 0.275391 0.070312 0.121094
3 0.798828 0.123047 0.042969 0.050781
3 0.791016 0.060547 0.050781 0.066406
3 0.994141 0.165527 0.011719 0.051758
3 0.193359 0.164062 0.074219 0.062500
3 0.267578 0.072266 0.050781 0.042969
3 0.513672 0.494141 0.089844 0.097656
3 0.400391 0.455078 0.113281 0.066406
3 0.580078 0.429688 0.105469 0.101562
3 0.568359 0.197266 0.027344 0.027344
3 0.042969 0.353516 0.085938 0.238281
3 0.291016 0.587891 0.160156 0.121094
3 0.259766 0.310547 0.074219 0.074219
3 0.375000 0.226562 0.140625 0.078125
3 0.107422 0.927734 0.121094 0.144531
3 0.236328 0.882812 0.089844 0.078125
3 0.535156 0.617188 0.109375 0.062500
3 0.992188 0.995815 0.015625 0.008371
3 0.953125 0.964844 0.093750 0.070312
3 0.684488 0.116320 0.126543 0.110037
3 0.699618 0.222690 0.079777 0.053185
3 0.803695 0.239195 0.036679 0.029343
3 0.988044 0.307136 0.023913 0.049829
3 0.625802 0.974468 0.062355 0.051064
3 0.036299 0.478675 0.072598 0.048741
3 0.049296 0.869417 0.098593 0.069862
3 0.170080 0.317829 0.139725 0.074736
3 0.210698 0.380381 0.071487 0.060114
3 0.424346 0.280461 0.043867 0.087734
3 0.291933 0.367383 0.045492 0.037368
3 0.324427 0.325141 0.045492 0.030869
3 0.357733 0.312955 0.053615 0.029245
3 0.473088 0.699635 0.073112 0.055240
3 0.318741 0.668766 0.095858 0.077986
3 0.810523 0.979970 0.052168 0.040060
3 0.209897 0.943833 0.064891 0.044925
3 0.962165 0.722736 0.075671 0.091972
3 0.270719 0.748388 0.054531 0.054530
3 0.533111 0.751103 0.059909 0.079166
3 0.384407 0.957392 0.096282 0.085216
3 0.990234 0.482765 0.019531 0.040050
