3 0.738281 0.662318 0.242188 0.550243
3 0.929688 0.468864 0.140625 0.421912
3 0.478617 0.226728 0.097859 0.226894
3 0.937891 0.031259 0.124219 0.062517
3 0.815904 0.017578 0.055981 0.035156
3 0.349609 0.794978 0.097656 0.144643
3 0.011777 0.791304 0.023554 0.074086
3 0.021655 0.694885 0.043310 0.057745
3 0.250362 0.910960 0.173507 0.178080
3 0.295329 0.171343 0.304662 0.121491
3 0.810547 0.176666 0.082031 0.079894
3 0.033022 0.021698 0.066043 0.043396
3 0.032908 0.431137 0.057564 0.057358
3 0.095989 0.507406 0.108009 0.079666
3 0.382491 0.396574 0.060184 0.059783
3 0.682862 0.153535 0.119702 0.080507
3 0.632595 0.992188 0.047309 0.015625
3 0.497680 0.991554 0.089111 0.016892
3 0.459863 0.966683 0.097625 0.066634
3 0.876953 0.944232 0.066406 0.088099
3 0.912160 0.863281 0.066306 0.140625
3 0.033203 0.899563 0.066406 0.055690
3 0.285032 0.958984 0.109623 0.082031
3 0.447164 0.736571 0.046596 0.048477
3 0.242115 0.797077 0.078270 0.047279
3 0.185397 0.857922 0.066705 0.083031
3 0.468956 0.484995 0.076614 0.040303
3 0.929688 0.141905 0.070312 0.072872
3 0.013961 0.264893 0.027923 0.053224
3 0.063839 0.222039 0.085484 0.082416
3 0.165680 0.279596 0.112443 0.050223
3 0.027940 0.959367 0.055880 0.064373
3 0.137299 0.984975 0.064374 0.030051
3 0.081164 0.974616 0.048336 0.050767
3 0.378339 0.966797 0.060366 0.066406
3 0.616720 0.953900 0.083970 0.092200
3 0.053564 0.332590 0.078380 0.045462
3 0.276808 0.352549 0.077472 0.048827
3 0.193359 0.101562 0.097656 0.054688
3 0.355469 0.042389 0.039062 0.037903
3 0.743750 0.005859 0.035938 0.011719
3 0.970426 0.083904 0.059148 0.089027
3 0.421869 0.532129 0.064782 0.056883
3 0.243805 0.254593 0.029590 0.055145
3 0.345352 0.102608 0.055145 0.049765
3 0.656046 0.099918 0.055145 0.047075
3 0.748179 0.147665 0.032280 0.045730
3 0.789201 0.032668 0.076664 0.044385
3 0.106615 0.093865 0.037660 0.067250
3 0.029770 0.067076 0.059540 0.045509
3 0.126790 0.692389 0.107600 0.115670
3 0.550464 0.826216 0.040350 0.057835
3 0.572656 0.629174 0.041695 0.061870
3 0.700431 0.851771 0.065905 0.041695
3 0.436139 0.703149 0.053800 0.059180
3 0.553827 0.732739 0.076665 0.129120
3 0.855778 0.387747 0.045730 0.044385
3 0.864521 0.421372 0.063215 0.044385
3 0.841656 0.668179 0.044385 0.056490
3 0.753559 0.988092 0.048420 0.023817
3 0.734056 0.932471 0.065905 0.044385
3 0.596866 0.878671 0.039005 0.049765
