3 0.870105 0.995887 0.025818 0.008227
3 0.856163 0.889534 0.026641 0.018127
3 0.731699 0.887450 0.025530 0.016481
3 0.704184 0.885588 0.019809 0.019757
3 0.746916 0.821444 0.040985 0.023715
3 0.787446 0.845758 0.023230 0.020547
3 0.807507 0.818251 0.062319 0.030309
3 0.831409 0.766107 0.025538 0.018137
3 0.597504 0.756213 0.031188 0.024207
3 0.934273 0.621913 0.044595 0.031719
3 0.791849 0.587296 0.041826 0.024484
3 0.757837 0.714014 0.024847 0.020139
3 0.905033 0.645919 0.031845 0.012552
3 0.891579 0.516401 0.035767 0.017661
3 0.867432 0.584331 0.026291 0.024196
3 0.732746 0.495508 0.046098 0.024183
3 0.798353 0.435507 0.029184 0.021627
3 0.787700 0.398877 0.016784 0.023947
3 0.779409 0.351307 0.021955 0.018456
3 0.689587 0.410821 0.018585 0.022483
3 0.651137 0.441307 0.033481 0.019398
3 0.928514 0.155469 0.018055 0.015019
3 0.640820 0.005283 0.029328 0.010565
3 0.904991 0.332947 0.029750 0.041849
3 0.988010 0.377902 0.023980 0.059061
3 0.733216 0.286116 0.022402 0.017937
3 0.705662 0.314595 0.053366 0.041774
3 0.702022 0.349320 0.013789 0.020264
3 0.587427 0.157665 0.038434 0.021334
3 0.859367 0.186657 0.046477 0.023554
3 0.550662 0.226975 0.067381 0.033781
3 0.619488 0.298225 0.040998 0.025766
3 0.695625 0.077885 0.023447 0.019327
3 0.671773 0.198493 0.073157 0.078273
3 0.661521 0.882018 0.062147 0.112552
3 0.364691 0.500000 0.729382 1.000000
3 0.035391 0.206761 0.070782 0.096204
3 0.323207 0.426086 0.560091 0.265146
3 0.403128 0.729774 0.415289 0.540452
3 0.144423 0.667877 0.027115 0.034766
