3 0.019085 0.032646 0.038170 0.065292
3 0.091371 0.016321 0.042117 0.032642
3 0.654297 0.041016 0.074219 0.082031
3 0.621094 0.138672 0.046875 0.050781
3 0.359375 0.507812 0.070312 0.054688
3 0.038427 0.546589 0.076854 0.094714
3 0.114915 0.511927 0.054679 0.035380
3 0.156773 0.471626 0.044489 0.084295
3 0.305391 0.332742 0.249629 0.217177
3 0.198051 0.407006 0.159763 0.148529
3 0.041751 0.599772 0.078113 0.039056
3 0.100335 0.356507 0.083692 0.054679
3 0.014738 0.241356 0.029476 0.079656
3 0.203556 0.151182 0.049100 0.072533
3 0.224200 0.109336 0.025666 0.022318
3 0.216388 0.065816 0.036825 0.069186
3 0.147761 0.059121 0.080345 0.042404
3 0.089734 0.053541 0.037941 0.031245
3 0.289480 0.106546 0.051331 0.052447
3 0.325188 0.172942 0.066954 0.058027
3 0.401627 0.189680 0.112705 0.093735
3 0.413902 0.135002 0.092620 0.049099
3 0.616995 0.145045 0.331421 0.147298
3 0.677456 0.309588 0.645088 0.571671
3 0.793729 0.087728 0.098198 0.092619
3 0.834459 0.017362 0.103778 0.034723
3 0.711711 0.015130 0.043520 0.030259
3 0.782012 0.046440 0.074765 0.054679
3 0.749093 0.580954 0.033477 0.070302
3 0.698730 0.984375 0.100586 0.031250
3 0.601740 0.984375 0.038707 0.031250
3 0.675781 0.710938 0.242188 0.281250
3 0.830078 0.642578 0.152344 0.097656
3 0.637709 0.974846 0.031351 0.035830
3 0.395112 0.692688 0.092560 0.068673
3 0.351818 0.794205 0.047773 0.050759
3 0.363015 0.939016 0.073152 0.080616
3 0.367987 0.988916 0.051266 0.022168
3 0.321214 0.986677 0.037323 0.026647
3 0.307031 0.947861 0.086588 0.104278
3 0.273922 0.997873 0.025685 0.004253
3 0.085969 0.982944 0.110250 0.034111
3 0.072646 0.868104 0.047773 0.055237
3 0.060703 0.815852 0.050759 0.070166
3 0.145798 0.829288 0.113461 0.079123
3 0.191331 0.738221 0.052251 0.067180
3 0.252540 0.783008 0.043294 0.064195
3 0.206260 0.834513 0.046280 0.035829
3 0.333157 0.674027 0.040308 0.046280
3 0.004972 0.709856 0.009944 0.037323
3 0.073392 0.615057 0.043294 0.026872
