3 0.747396 0.214844 0.505208 0.429688
3 0.417969 0.289062 0.281250 0.203125
3 0.660937 0.964844 0.095312 0.070312
3 0.986328 0.827846 0.027344 0.116629
3 0.519855 0.808594 0.234375 0.171875
3 0.107422 0.183594 0.105469 0.132812
3 0.161239 0.371094 0.208772 0.171875
3 0.996094 0.546224 0.007812 0.045573
3 0.886719 0.738281 0.226562 0.257812
3 0.896587 0.550781 0.058389 0.070312
3 0.877953 0.939361 0.202428 0.121279
3 0.003030 0.165875 0.006061 0.027625
3 0.615234 0.398438 0.089844 0.085938
3 0.318359 0.656250 0.128906 0.125000
3 0.511719 0.509766 0.132812 0.207031
3 0.957031 0.917969 0.085938 0.093750
3 0.542969 0.953125 0.093750 0.093750
3 0.029412 0.052734 0.058824 0.105469
