3 0.802734 0.009766 0.019531 0.019531
3 0.480469 0.029297 0.031250 0.019531
3 0.060547 0.150391 0.019531 0.027344
3 0.916016 0.199219 0.019531 0.023438
3 0.164062 0.291016 0.031250 0.019531
3 0.554688 0.330078 0.015625 0.019531
3 0.898438 0.335938 0.015625 0.015625
3 0.941406 0.427734 0.117188 0.105469
3 0.007812 0.414062 0.015625 0.007812
3 0.705078 0.435547 0.019531 0.019531
3 0.246094 0.472656 0.023438 0.015625
3 0.873047 0.476562 0.019531 0.023438
3 0.785156 0.482422 0.046875 0.027344
3 0.537109 0.537109 0.035156 0.019531
3 0.181641 0.564453 0.027344 0.011719
3 0.955078 0.591797 0.019531 0.019531
3 0.109375 0.664062 0.023438 0.031250
3 0.916016 0.664062 0.011719 0.023438
3 0.535156 0.687500 0.023438 0.023438
3 0.050781 0.687500 0.015625 0.015625
3 0.683594 0.701172 0.039062 0.019531
3 0.992188 0.763672 0.015625 0.027344
3 0.921875 0.796875 0.007812 0.023438
3 0.037109 0.802734 0.027344 0.027344
3 0.046875 0.853516 0.023438 0.011719
3 0.275391 0.968750 0.019531 0.023438
3 0.263672 0.998047 0.019531 0.003906
