3 0.285156 0.005859 0.015625 0.011719
3 0.652344 0.005859 0.015625 0.011719
3 0.042969 0.082031 0.015625 0.015625
3 0.218750 0.158203 0.023438 0.027344
3 0.416016 0.179688 0.042969 0.039062
3 0.046875 0.265625 0.023438 0.031250
3 0.783203 0.310547 0.019531 0.019531
3 0.009766 0.320312 0.019531 0.031250
3 0.494141 0.335938 0.074219 0.062500
3 0.683594 0.343750 0.023438 0.031250
3 0.185547 0.355469 0.035156 0.015625
3 0.902344 0.380859 0.023438 0.027344
3 0.894531 0.419922 0.015625 0.011719
3 0.761719 0.472656 0.046875 0.039062
3 0.572266 0.496094 0.011719 0.015625
3 0.796875 0.513672 0.015625 0.019531
3 0.593750 0.554688 0.015625 0.015625
3 0.134766 0.617188 0.027344 0.023438
3 0.417969 0.609375 0.023438 0.007812
3 0.021484 0.658203 0.042969 0.042969
3 0.837891 0.699219 0.042969 0.031250
3 0.335938 0.748047 0.101562 0.074219
3 0.382812 0.937500 0.023438 0.015625
3 0.626953 0.958984 0.019531 0.019531
3 0.189453 0.994141 0.042969 0.011719
