3 0.044965 0.896973 0.089930 0.206055
3 0.681735 0.152431 0.285345 0.304861
3 0.578125 0.582146 0.171875 0.125230
3 0.021434 0.328017 0.042867 0.125060
3 0.023321 0.367303 0.046642 0.039616
3 0.052885 0.377183 0.019759 0.027526
3 0.035293 0.087404 0.070585 0.044511
3 0.435208 0.046988 0.074896 0.093977
3 0.518074 0.068432 0.120103 0.136863
3 0.869141 0.057185 0.082031 0.075307
3 0.416632 0.298597 0.179053 0.084773
3 0.476265 0.363227 0.092436 0.050794
3 0.419040 0.349963 0.081192 0.044189
3 0.409848 0.494212 0.104474 0.083140
3 0.384495 0.386014 0.079614 0.138350
3 0.476991 0.486187 0.156285 0.083200
3 0.944214 0.478090 0.059217 0.037630
3 0.167969 0.851562 0.164062 0.125000
3 0.117188 0.799194 0.093750 0.106200
3 0.208462 0.732312 0.036095 0.043607
3 0.493997 0.751787 0.066797 0.059882
3 0.605833 0.718441 0.132610 0.103355
3 0.910633 0.839592 0.109739 0.087404
3 0.771915 0.206229 0.053991 0.056143
3 0.815601 0.161121 0.054222 0.088134
3 0.244368 0.260075 0.028455 0.027164
3 0.231778 0.224576 0.034909 0.036098
3 0.099609 0.283203 0.050781 0.066406
3 0.157585 0.277438 0.037009 0.039252
3 0.172931 0.199281 0.052576 0.062625
3 0.412744 0.244878 0.067675 0.028818
3 0.020162 0.192194 0.040323 0.045805
3 0.802734 0.500000 0.050781 0.078125
3 0.913952 0.541956 0.093529 0.115161
3 0.777422 0.306932 0.042139 0.051342
3 0.806726 0.277144 0.045530 0.037296
3 0.762551 0.529397 0.108692 0.114020
3 0.561641 0.401139 0.067810 0.087669
3 0.236462 0.463545 0.065172 0.099066
3 0.156400 0.986328 0.047175 0.027344
3 0.883676 0.213986 0.025164 0.025490
3 0.393890 0.503190 0.110075 0.079804
3 0.390887 0.746586 0.059387 0.072602
3 0.437742 0.832848 0.046234 0.030245
3 0.541670 0.845506 0.048898 0.034908
3 0.925663 0.748662 0.046356 0.044922
3 0.096099 0.080033 0.043761 0.045682
3 0.114108 0.215547 0.068658 0.092239
3 0.105004 0.449740 0.089859 0.066530
3 0.134147 0.374291 0.062634 0.062633
3 0.349490 0.592357 0.073980 0.077393
3 0.435168 0.595703 0.082789 0.074219
3 0.516732 0.680922 0.037393 0.045255
3 0.550059 0.706382 0.037803 0.032835
3 0.719510 0.760268 0.060979 0.034152
3 0.995163 0.965457 0.009674 0.031783
3 0.979825 0.714197 0.040349 0.052915
3 0.234083 0.763346 0.080108 0.057943
3 0.245273 0.856649 0.055281 0.044274
3 0.298780 0.924465 0.060785 0.020914
3 0.453187 0.909908 0.051613 0.088186
3 0.827488 0.872464 0.072575 0.030588
3 0.182240 0.586755 0.036817 0.030681
3 0.267637 0.689154 0.035796 0.029914
3 0.619127 0.368456 0.070452 0.049414
3 0.877451 0.362341 0.026419 0.019570
3 0.839290 0.261555 0.027398 0.034248
3 0.497059 0.231466 0.024952 0.032780
3 0.159733 0.531657 0.044385 0.032280
3 0.284817 0.481220 0.025555 0.036315
3 0.357447 0.150350 0.049765 0.022865
3 0.937813 0.935156 0.086080 0.051110
3 0.971438 0.930448 0.045730 0.052455
3 0.817436 0.794604 0.076665 0.041695
