3 0.970703 0.082031 0.058594 0.039062
3 0.697266 0.091797 0.027344 0.019531
3 0.716797 0.132812 0.019531 0.023438
3 0.035156 0.152344 0.062500 0.054688
3 0.552734 0.142578 0.035156 0.019531
3 0.941406 0.189453 0.015625 0.011719
3 0.779297 0.203125 0.011719 0.015625
3 0.970703 0.251953 0.011719 0.042969
3 0.203125 0.277344 0.039062 0.015625
3 0.685547 0.312500 0.027344 0.031250
3 0.345703 0.347656 0.042969 0.039062
3 0.431641 0.357422 0.019531 0.011719
3 0.181641 0.367188 0.019531 0.023438
3 0.230469 0.447266 0.031250 0.042969
3 0.843750 0.462891 0.046875 0.042969
3 0.589844 0.710938 0.023438 0.007812
3 0.189453 0.746094 0.042969 0.023438
3 0.017578 0.814453 0.019531 0.011719
3 0.494141 0.876953 0.019531 0.019531
