3 0.691406 0.125000 0.031250 0.031250
3 0.244141 0.226562 0.050781 0.046875
3 0.123047 0.285156 0.011719 0.015625
3 0.960938 0.298828 0.039062 0.042969
3 0.890625 0.371094 0.015625 0.023438
3 0.296875 0.453125 0.085938 0.054688
3 0.037109 0.437500 0.019531 0.015625
3 0.111328 0.515625 0.050781 0.054688
3 0.244141 0.515625 0.027344 0.023438
3 0.720703 0.568359 0.066406 0.082031
3 0.972656 0.552734 0.015625 0.011719
3 0.365234 0.720703 0.011719 0.019531
3 0.066406 0.863348 0.132812 0.179821
3 0.703125 0.775391 0.015625 0.011719
