3 0.664062 0.500000 0.664062 1.000000
3 0.267728 0.966797 0.136418 0.066406
3 0.044922 0.976562 0.089844 0.046875
3 0.310547 0.439453 0.089844 0.136719
3 0.330078 0.148438 0.121094 0.171875
3 0.369141 0.033203 0.128906 0.066406
3 0.343750 0.878906 0.109375 0.109375
3 0.201172 0.886719 0.121094 0.085938
3 0.001953 0.484375 0.003906 0.031250
3 0.332664 0.277469 0.107836 0.169457
3 0.932184 0.026492 0.051351 0.039797
3 0.021266 0.413058 0.042532 0.034966
3 0.197266 0.062500 0.277344 0.125000
3 0.140625 0.112305 0.281250 0.197266
3 0.494900 0.947266 0.177300 0.105469
