3 0.873956 0.014493 0.031943 0.028986
3 0.556261 0.035271 0.025746 0.016203
3 0.690198 0.148278 0.028973 0.019968
3 0.754499 0.082047 0.043292 0.035595
3 0.637880 0.179408 0.028629 0.017507
3 0.560006 0.238875 0.014880 0.028493
3 0.570837 0.186488 0.028912 0.029575
3 0.608468 0.260643 0.026846 0.028780
3 0.467920 0.337561 0.023016 0.019606
3 0.860592 0.303280 0.025935 0.025112
3 0.452906 0.444520 0.027575 0.029180
3 0.399590 0.395687 0.047667 0.029320
3 0.230681 0.429885 0.049880 0.023901
3 0.194263 0.447064 0.024984 0.015422
3 0.227901 0.331698 0.018293 0.011183
3 0.277802 0.335053 0.026963 0.032671
3 0.084680 0.533153 0.033670 0.022264
3 0.046801 0.416420 0.056484 0.023633
3 0.169318 0.185148 0.338637 0.370296
3 0.306516 0.151152 0.330550 0.302304
3 0.933594 0.916016 0.039062 0.042969
