3 0.107422 0.041016 0.035156 0.058594
3 0.015625 0.087891 0.031250 0.027344
3 0.826172 0.085938 0.066406 0.046875
3 0.595703 0.205078 0.144531 0.144531
3 0.861328 0.175781 0.019531 0.015625
3 0.132812 0.259766 0.015625 0.027344
3 0.214844 0.314453 0.039062 0.050781
3 0.072266 0.427734 0.019531 0.035156
3 0.121094 0.478516 0.070312 0.082031
3 0.320312 0.542969 0.023438 0.015625
3 0.138672 0.572266 0.019531 0.011719
3 0.990234 0.623047 0.019531 0.027344
3 0.958984 0.681641 0.019531 0.011719
3 0.609375 0.779297 0.015625 0.019531
3 0.373047 0.925781 0.042969 0.062500
3 0.343750 0.970703 0.015625 0.011719
3 0.705078 0.984375 0.035156 0.023438
