3 0.882812 0.127109 0.234375 0.160469
3 0.871094 0.106220 0.257812 0.212440
3 0.518594 0.912109 0.193437 0.175781
3 0.439631 0.990234 0.105824 0.019531
3 0.876953 0.878906 0.144531 0.140625
3 0.779948 0.972656 0.135417 0.054688
3 0.341797 0.816406 0.269531 0.140625
3 0.537109 0.833984 0.082031 0.082031
3 0.201172 0.941406 0.089844 0.117188
3 0.019531 0.238525 0.039062 0.128418
3 0.021484 0.460379 0.042969 0.084821
3 0.398438 0.640625 0.078125 0.078125
3 0.003906 0.804688 0.007812 0.023438
3 0.671875 0.744141 0.070312 0.082031
3 0.447266 0.892578 0.082031 0.160156
3 0.652344 0.060547 0.281250 0.121094
3 0.919922 0.500000 0.105469 0.117188
