3 0.119141 0.263672 0.089844 0.066406
3 0.105469 0.373047 0.109375 0.160156
3 0.042969 0.458984 0.085938 0.121094
3 0.041016 0.664062 0.082031 0.164062
3 0.193359 0.519531 0.097656 0.109375
3 0.183594 0.925901 0.140625 0.148199
3 0.060547 0.869141 0.089844 0.058594
3 0.097656 0.769531 0.078125 0.054688
3 0.509766 0.439453 0.160156 0.105469
3 0.564453 0.550781 0.128906 0.109375
3 0.695312 0.390625 0.148438 0.125000
3 0.884766 0.216797 0.074219 0.113281
3 0.792969 0.144531 0.117188 0.101562
3 0.847656 0.974609 0.031250 0.050781
3 0.724609 0.992188 0.042969 0.015625
3 0.335938 0.617188 0.078125 0.046875
3 0.341797 0.716797 0.058594 0.042969
3 0.541016 0.798828 0.066406 0.050781
3 0.681641 0.841797 0.042969 0.027344
3 0.802734 0.972656 0.027344 0.023438
3 0.873047 0.695312 0.027344 0.023438
3 0.984375 0.412109 0.031250 0.042969
3 0.877578 0.362443 0.067111 0.044741
3 0.175355 0.826901 0.063804 0.060209
3 0.219837 0.862847 0.043134 0.033250
3 0.231520 0.794101 0.043135 0.044932
3 0.634559 0.671437 0.022466 0.027857
3 0.392376 0.926201 0.039540 0.028757
3 0.990492 0.701541 0.019016 0.043135
3 0.166016 0.144531 0.332031 0.289062
3 0.468750 0.328125 0.109375 0.132812
3 0.734375 0.568359 0.210938 0.167969
3 0.789062 0.486328 0.109375 0.113281
3 0.859375 0.525391 0.054688 0.058594
3 0.990234 0.542969 0.019531 0.132812
3 0.990234 0.543750 0.019531 0.131250
3 0.558594 0.218750 0.078125 0.101562
3 0.968611 0.559904 0.056865 0.082860
3 0.982274 0.283705 0.035451 0.056865
3 0.976734 0.218716 0.037368 0.050366
3 0.891437 0.015628 0.071487 0.027620
3 0.380467 0.518475 0.082860 0.061739
3 0.078437 0.544860 0.089061 0.053171
3 0.939287 0.072581 0.036178 0.043852
3 0.826367 0.024892 0.090993 0.044949
3 0.681641 0.267578 0.050781 0.042969
3 0.626088 0.152631 0.059684 0.051650
3 0.070312 0.175781 0.140625 0.195312
