3 0.708984 0.076172 0.128906 0.152344
3 0.761719 0.134766 0.242188 0.269531
3 0.843750 0.169922 0.078125 0.199219
3 0.972656 0.023438 0.054688 0.046875
3 0.974609 0.021484 0.050781 0.042969
3 0.195312 0.017578 0.078125 0.035156
3 0.062500 0.292969 0.125000 0.132812
3 0.429688 0.431641 0.125000 0.121094
3 0.408203 0.175781 0.160156 0.109375
3 0.869141 0.361328 0.183594 0.160156
3 0.992188 0.605469 0.015625 0.039062
3 0.966797 0.753906 0.066406 0.109375
3 0.679688 0.679688 0.046875 0.062500
3 0.476562 0.691406 0.187500 0.109375
3 0.337891 0.441406 0.058594 0.101562
3 0.662109 0.326172 0.082031 0.082031
3 0.689453 0.195312 0.066406 0.046875
3 0.486328 0.015625 0.058594 0.023438
3 0.613281 0.050781 0.062500 0.031250
3 0.114366 0.992188 0.064670 0.015625
3 0.111328 0.802734 0.121094 0.105469
3 0.236328 0.652344 0.089844 0.125000
3 0.234375 0.267578 0.101562 0.183594
3 0.956055 0.977214 0.087891 0.045573
3 0.218750 0.427734 0.078125 0.058594
3 0.531250 0.990234 0.039062 0.019531
3 0.308594 0.882812 0.023438 0.039062
3 0.308594 0.830078 0.031250 0.050781
3 0.263672 0.734375 0.058594 0.031250
3 0.539062 0.748047 0.046875 0.050781
3 0.587891 0.751953 0.066406 0.089844
3 0.718750 0.941406 0.031250 0.046875
3 0.984375 0.517090 0.031250 0.120117
3 0.646484 0.458984 0.050781 0.175781
3 0.501953 0.238281 0.097656 0.070312
3 0.496178 0.828464 0.043221 0.093527
3 0.511719 0.863281 0.140625 0.156250
3 0.521484 0.867188 0.292969 0.234375
3 0.761719 0.921875 0.070312 0.093750
3 0.890625 0.599609 0.125000 0.058594
3 0.958984 0.503906 0.050781 0.093750
3 0.596927 0.511616 0.089010 0.087839
3 0.527241 0.532697 0.055046 0.045676
3 0.509673 0.283234 0.113605 0.057388
3 0.762024 0.856392 0.075237 0.039173
3 0.859092 0.822625 0.055980 0.085329
3 0.874581 0.723981 0.122830 0.086959
3 0.816971 0.743818 0.138048 0.120113
3 0.556484 0.430103 0.151225 0.173549
3 0.296521 0.566926 0.043207 0.028085
3 0.432624 0.232430 0.036006 0.036006
3 0.902344 0.033203 0.054688 0.058594
3 0.166016 0.246094 0.058594 0.101562
3 0.025391 0.058594 0.050781 0.085938
3 0.033203 0.203125 0.066406 0.046875
3 0.152344 0.496094 0.070312 0.046875
3 0.083984 0.375000 0.128906 0.093750
3 0.208984 0.408203 0.097656 0.097656
3 0.617188 0.253906 0.117188 0.101562
3 0.203125 0.066406 0.070312 0.046875
3 0.509766 0.185547 0.050781 0.050781
3 0.724609 0.330078 0.042969 0.027344
3 0.085938 0.060547 0.039062 0.042969
3 0.638672 0.144531 0.066406 0.101562
3 0.894531 0.193359 0.023438 0.058594
3 0.943359 0.921875 0.066406 0.054688
3 0.892069 0.973490 0.052639 0.053020
3 0.870706 0.951070 0.030996 0.035890
3 0.842101 0.928146 0.024793 0.021456
3 0.757803 0.984779 0.061854 0.030441
3 0.197266 0.181641 0.042969 0.035156
3 0.283203 0.148438 0.097656 0.046875
3 0.142578 0.009766 0.027344 0.019531
3 0.785808 0.674082 0.040624 0.039463
3 0.911761 0.819747 0.025014 0.025558
3 0.915840 0.786848 0.029908 0.039152
3 0.172863 0.987843 0.028014 0.024314
3 0.233493 0.985442 0.039619 0.029116
3 0.060407 0.984409 0.047345 0.031182
3 0.050734 0.872093 0.025963 0.041745
3 0.143288 0.714788 0.038025 0.021952
