3 0.359018 0.801382 0.017561 0.011849
3 0.138670 0.839834 0.018969 0.016073
3 0.017602 0.447724 0.021668 0.027336
3 0.900616 0.296665 0.017561 0.008837
3 0.540197 0.232940 0.018220 0.014173
3 0.946359 0.789932 0.027990 0.012166
3 0.850281 0.780141 0.021719 0.022172
3 0.851513 0.549231 0.019267 0.021242
3 0.841163 0.627346 0.021454 0.024861
3 0.987905 0.697725 0.024190 0.028177
3 0.995649 0.713407 0.008701 0.012064
3 0.128838 0.139193 0.016875 0.024068
3 0.833995 0.737075 0.029840 0.023066
3 0.687955 0.615359 0.025015 0.045711
3 0.079940 0.839065 0.016568 0.022509
3 0.425871 0.862699 0.019588 0.032856
3 0.970504 0.978358 0.022118 0.015864
3 0.980260 0.372218 0.039480 0.074238
3 0.366076 0.887595 0.077542 0.068724
3 0.321954 0.989945 0.030573 0.020111
3 0.080035 0.713687 0.160070 0.227175
3 0.627558 0.335679 0.020139 0.018203
3 0.207901 0.296322 0.032274 0.011953
3 0.267280 0.359247 0.061953 0.074208
3 0.178379 0.371041 0.044171 0.033711
3 0.343996 0.486454 0.041259 0.045008
3 0.286428 0.530055 0.012227 0.014836
3 0.717614 0.463332 0.119464 0.195991
