3 0.833984 0.041016 0.128906 0.082031
3 0.730469 0.896484 0.539062 0.207031
3 0.996094 0.420247 0.007812 0.085286
3 0.849609 0.373047 0.175781 0.222656
3 0.357422 0.433594 0.300781 0.281250
3 0.314453 0.232422 0.121094 0.136719
3 0.748047 0.751953 0.410156 0.199219
3 0.310547 0.917969 0.144531 0.132812
3 0.994141 0.594271 0.011719 0.042708
3 0.984375 0.852322 0.031250 0.086155
3 0.111328 0.488281 0.105469 0.117188
3 0.306641 0.791016 0.136719 0.097656
3 0.382812 0.054688 0.093750 0.109375
3 0.902344 0.830078 0.117188 0.097656
3 0.962891 0.761719 0.074219 0.054688
3 0.201172 0.136719 0.136719 0.132812
3 0.050781 0.759165 0.101562 0.481671
