3 0.652353 0.156106 0.171893 0.179927
3 0.474296 0.185675 0.090471 0.058849
3 0.707074 0.863328 0.171789 0.218843
3 0.349658 0.804623 0.199316 0.164191
3 0.896500 0.577256 0.073882 0.137913
3 0.936373 0.087968 0.127254 0.172028
3 0.409480 0.265699 0.149928 0.086085
3 0.740080 0.294990 0.129544 0.129042
3 0.312245 0.540921 0.200399 0.152678
3 0.231636 0.614454 0.138379 0.084236
3 0.301100 0.656846 0.059544 0.041100
3 0.965360 0.328875 0.069279 0.085890
3 0.275052 0.320476 0.099405 0.134232
3 0.822784 0.407569 0.091770 0.109429
3 0.545190 0.620247 0.178588 0.116360
3 0.532542 0.697399 0.204895 0.127996
3 0.422965 0.605658 0.081824 0.040267
3 0.415480 0.629491 0.105983 0.062655
3 0.020002 0.783929 0.033174 0.036504
3 0.089698 0.704654 0.087058 0.076691
3 0.196350 0.689491 0.079706 0.146272
3 0.978456 0.836443 0.043088 0.116121
3 0.976091 0.991027 0.047818 0.017946
3 0.584375 0.276868 0.083065 0.095802
3 0.646496 0.300025 0.090545 0.063535
3 0.269198 0.106454 0.072880 0.067100
3 0.313955 0.114712 0.045134 0.043318
3 0.388103 0.050888 0.067893 0.069705
3 0.542816 0.140093 0.103931 0.109696
3 0.158304 0.550355 0.058795 0.053836
3 0.171205 0.156054 0.137073 0.079919
3 0.597862 0.843750 0.116776 0.054688
3 0.412872 0.550580 0.054571 0.077723
3 0.820133 0.248160 0.048823 0.058799
3 0.092497 0.831160 0.100154 0.066889
3 0.024105 0.967837 0.048211 0.043315
3 0.024105 0.723016 0.048211 0.032208
3 0.078210 0.773103 0.100791 0.071211
3 0.561865 0.516319 0.061513 0.037937
3 0.550638 0.479551 0.036814 0.031762
3 0.558216 0.412810 0.100246 0.050965
3 0.676400 0.375304 0.055926 0.039686
3 0.982435 0.211336 0.035130 0.079865
3 0.842444 0.155187 0.064982 0.044687
3 0.739279 0.188673 0.058894 0.037246
3 0.783589 0.216410 0.056864 0.044011
3 0.718984 0.084688 0.056188 0.072812
3 0.416675 0.985096 0.046755 0.029809
3 0.467961 0.945820 0.039681 0.044397
3 0.727695 0.494138 0.064550 0.055677
3 0.783978 0.507248 0.048526 0.049856
3 0.763350 0.530870 0.072481 0.057176
3 0.719329 0.662789 0.117994 0.071408
3 0.260867 0.964844 0.049178 0.070312
3 0.888672 0.853516 0.074219 0.050781
3 0.702325 0.982422 0.060900 0.035156
3 0.797910 0.822251 0.111445 0.097627
3 0.663383 0.503858 0.035168 0.025275
3 0.634363 0.544968 0.058939 0.052745
3 0.514817 0.252570 0.056490 0.039005
3 0.396457 0.159093 0.078010 0.053800
3 0.548441 0.032663 0.043040 0.026900
3 0.354762 0.317130 0.059180 0.036315
3 0.946380 0.025423 0.107239 0.049450
3 0.834917 0.992460 0.019707 0.015079
3 0.878638 0.940536 0.073975 0.053800
3 0.261285 0.818141 0.033625 0.048420
