3 0.964844 0.527995 0.070312 0.087240
3 0.099609 0.593750 0.082031 0.132812
3 0.052734 0.482422 0.058594 0.050781
3 0.093750 0.382812 0.062500 0.078125
3 0.078125 0.949219 0.062500 0.054688
3 0.966797 0.184710 0.066406 0.072545
3 0.466797 0.207031 0.121094 0.078125
3 0.521484 0.119141 0.074219 0.050781
3 0.427734 0.292969 0.035156 0.070312
3 0.316406 0.173828 0.031250 0.082031
3 0.488281 0.570312 0.195312 0.101562
3 0.789062 0.720703 0.078125 0.050781
3 0.810547 0.787109 0.050781 0.074219
3 0.996094 0.699219 0.007812 0.062500
3 0.888672 0.863281 0.050781 0.054688
3 0.207031 0.820312 0.054688 0.062500
3 0.847656 0.210938 0.085938 0.070312
3 0.537109 0.919922 0.136719 0.113281
3 0.630859 0.900391 0.183594 0.105469
3 0.478516 0.789062 0.082031 0.156250
3 0.373047 0.671875 0.175781 0.218750
3 0.292969 0.740234 0.187500 0.300781
3 0.639160 0.980469 0.049805 0.039062
3 0.955078 0.955078 0.082031 0.089844
3 0.648438 0.060547 0.171875 0.097656
3 0.169621 0.033203 0.121695 0.066406
3 0.966797 0.005859 0.066406 0.011719
3 0.800781 0.347656 0.117188 0.125000
3 0.798438 0.533633 0.081875 0.070282
3 0.630388 0.007938 0.049635 0.015875
3 0.161352 0.219903 0.033929 0.041264
3 0.092579 0.258416 0.147634 0.070607
3 0.678853 0.980322 0.031268 0.039356
3 0.129431 0.978224 0.043180 0.043553
3 0.171995 0.900313 0.024674 0.018506
3 0.826734 0.018024 0.052956 0.036049
3 0.662222 0.415530 0.119552 0.070282
3 0.005259 0.189177 0.010518 0.039384
3 0.025643 0.110651 0.051286 0.100992
3 0.401212 0.016231 0.062673 0.032462
3 0.345703 0.371094 0.082031 0.062500
3 0.732422 0.152344 0.035156 0.031250
3 0.146484 0.818359 0.035156 0.058594
3 0.017578 0.970703 0.035156 0.058594
3 0.271484 0.935547 0.050781 0.035156
3 0.460938 0.394531 0.070312 0.039062
3 0.576172 0.714844 0.050781 0.039062
3 0.898364 0.752518 0.045632 0.048189
