3 0.884766 0.130426 0.230469 0.260852
3 0.648438 0.089844 0.164062 0.179688
3 0.736328 0.137544 0.152344 0.259463
3 0.801693 0.007812 0.051302 0.015625
3 0.769531 0.330078 0.195312 0.144531
3 0.809331 0.238321 0.075016 0.051400
3 0.987322 0.145203 0.025355 0.168007
3 0.981071 0.252213 0.037858 0.062514
3 0.976729 0.208453 0.023616 0.044454
3 0.935748 0.184143 0.058346 0.109746
3 0.613456 0.214705 0.097243 0.034730
3 0.598869 0.248740 0.043065 0.025005
3 0.659299 0.254991 0.038897 0.056957
3 0.669718 0.466843 0.048621 0.050011
3 0.961622 0.443606 0.076755 0.024246
3 0.819707 0.481163 0.264414 0.196702
3 0.935547 0.814453 0.128906 0.355469
3 0.773438 0.837891 0.226562 0.183594
3 0.673828 0.732422 0.214844 0.253906
3 0.535156 0.900391 0.117188 0.128906
3 0.841283 0.975140 0.122249 0.049720
3 0.169922 0.494141 0.128906 0.183594
3 0.078125 0.472656 0.062500 0.046875
3 0.082031 0.724609 0.078125 0.082031
3 0.007523 0.989478 0.015046 0.021045
3 0.140540 0.995644 0.021783 0.008713
3 0.051270 0.903425 0.057033 0.033912
3 0.197707 0.808626 0.044702 0.057034
3 0.431236 0.968668 0.095570 0.062664
3 0.297901 0.923463 0.041619 0.036995
3 0.328730 0.896488 0.050868 0.041619
3 0.546845 0.777797 0.040078 0.053950
3 0.010606 0.822945 0.021212 0.065031
3 0.070538 0.599760 0.061658 0.033912
3 0.282487 0.549663 0.044702 0.069365
3 0.247804 0.525000 0.120233 0.060116
3 0.455078 0.439453 0.285156 0.253906
3 0.353516 0.328125 0.097656 0.093750
3 0.142578 0.371094 0.042969 0.101562
3 0.062500 0.353516 0.046875 0.066406
3 0.035156 0.287109 0.062500 0.050781
3 0.261719 0.253906 0.109375 0.085938
3 0.390625 0.054688 0.070312 0.078125
3 0.230469 0.054688 0.070312 0.062500
3 0.034498 0.128848 0.068997 0.137189
3 0.082099 0.071044 0.072448 0.101736
3 0.089806 0.215169 0.081697 0.032370
3 0.300984 0.179716 0.053951 0.060116
3 0.469002 0.183570 0.041619 0.067823
3 0.267072 0.433284 0.044702 0.049326
3 0.289424 0.405538 0.046243 0.027746
3 0.305609 0.453322 0.050868 0.070907
