3 0.115724 0.600917 0.107428 0.085820
3 0.844265 0.611629 0.085014 0.147576
3 0.378436 0.276703 0.258587 0.141746
3 0.911028 0.096010 0.177943 0.192019
3 0.585570 0.693893 0.106902 0.108835
3 0.360529 0.414885 0.116802 0.083762
3 0.505495 0.448114 0.158877 0.179957
3 0.677339 0.543761 0.146253 0.151776
3 0.056561 0.059734 0.113123 0.119468
3 0.113971 0.286849 0.193878 0.147192
3 0.962891 0.211914 0.074219 0.130859
3 0.285816 0.548900 0.141944 0.148445
3 0.630859 0.109375 0.230469 0.218750
3 0.029297 0.835938 0.058594 0.195312
3 0.013672 0.736328 0.027344 0.035156
3 0.472656 0.927734 0.093750 0.074219
3 0.597656 0.347656 0.132812 0.070312
3 0.496094 0.716797 0.070312 0.074219
3 0.842688 0.983619 0.055060 0.032761
3 0.292969 0.093750 0.070312 0.171875
3 0.953125 0.515625 0.062500 0.070312
3 0.890625 0.767578 0.085938 0.066406
3 0.519531 0.837891 0.062500 0.074219
3 0.156250 0.439453 0.078125 0.042969
3 0.160156 0.384766 0.062500 0.042969
3 0.216340 0.704962 0.194870 0.046768
3 0.232904 0.834550 0.052615 0.103281
3 0.192956 0.871575 0.070153 0.052615
3 0.248494 0.617271 0.189023 0.144203
3 0.039062 0.181641 0.070312 0.050781
3 0.242188 0.017578 0.078125 0.035156
3 0.636719 0.808594 0.101562 0.062500
3 0.341797 0.910156 0.042969 0.039062
3 0.818359 0.429688 0.066406 0.046875
3 0.742188 0.429688 0.046875 0.070312
3 0.429263 0.128092 0.054500 0.101634
3 0.093751 0.363032 0.048162 0.034876
3 0.091941 0.526111 0.065901 0.079081
3 0.979717 0.675599 0.040566 0.054500
3 0.991501 0.645722 0.016998 0.041880
