3 0.074219 0.839941 0.148438 0.156055
3 0.755859 0.109375 0.363281 0.218750
3 0.921875 0.765625 0.156250 0.304688
3 0.792969 0.533203 0.187500 0.253906
3 0.605469 0.292969 0.195312 0.125000
3 0.888672 0.458984 0.097656 0.144531
3 0.988281 0.077985 0.023438 0.073940
3 0.976562 0.015625 0.046875 0.031250
3 0.720703 0.349609 0.082031 0.097656
3 0.824219 0.261719 0.078125 0.117188
3 0.798828 0.347656 0.050781 0.046875
3 0.599609 0.552734 0.105469 0.128906
3 0.414062 0.603516 0.156250 0.199219
3 0.039062 0.390408 0.078125 0.109809
3 0.113281 0.648438 0.148438 0.171875
3 0.597656 0.962891 0.132812 0.074219
3 0.833984 0.978516 0.121094 0.042969
3 0.734375 0.822266 0.156250 0.136719
3 0.271484 0.937500 0.113281 0.070312
3 0.021484 0.164062 0.042969 0.054688
3 0.283778 0.015744 0.067157 0.031489
3 0.119141 0.501953 0.097656 0.097656
3 0.201172 0.263672 0.285156 0.402344
3 0.955078 0.138672 0.074219 0.097656
3 0.029297 0.994141 0.058594 0.011719
3 0.007533 0.972439 0.015067 0.055122
3 0.069196 0.277708 0.138392 0.135712
3 0.227763 0.490048 0.120228 0.133226
3 0.473553 0.109858 0.062653 0.046626
3 0.507065 0.042834 0.050996 0.043712
3 0.510943 0.477914 0.082774 0.041387
3 0.223934 0.693845 0.052184 0.044986
3 0.388582 0.753226 0.043186 0.059381
3 0.018847 0.740630 0.037693 0.077375
3 0.585534 0.880439 0.086287 0.050102
3 0.762283 0.947242 0.105771 0.100204
3 0.872229 0.944459 0.125255 0.044535
3 0.216797 0.845703 0.058594 0.082031
3 0.031250 0.478516 0.062500 0.058594
3 0.376953 0.957031 0.027344 0.039062
