3 0.886719 0.816411 0.226562 0.367179
3 0.384769 0.697251 0.214850 0.160186
3 0.451074 0.927629 0.113477 0.144743
3 0.140627 0.127490 0.109571 0.154033
3 0.148440 0.361333 0.296880 0.269541
3 0.634839 0.285229 0.074366 0.055058
3 0.064453 0.957061 0.128906 0.085878
3 0.324166 0.031774 0.133805 0.063548
3 0.251900 0.185470 0.082973 0.074290
3 0.062304 0.124704 0.076622 0.093344
3 0.195708 0.095304 0.039748 0.065887
3 0.206077 0.142930 0.041477 0.036305
3 0.127016 0.269448 0.075554 0.046901
3 0.150200 0.218604 0.043960 0.031482
3 0.223702 0.215088 0.029014 0.024477
3 0.302193 0.179842 0.051865 0.071155
3 0.370822 0.201846 0.118316 0.060559
3 0.132965 0.427502 0.056052 0.061214
3 0.290959 0.380783 0.047666 0.044956
3 0.246445 0.432786 0.079746 0.079658
3 0.723225 0.036891 0.038765 0.043159
3 0.138850 0.521108 0.082930 0.136642
3 0.124678 0.712817 0.087361 0.082031
3 0.156312 0.800888 0.093993 0.071288
3 0.068610 0.888375 0.098415 0.090157
3 0.021445 0.898606 0.042889 0.039315
3 0.112798 0.525770 0.054154 0.043952
3 0.029360 0.536828 0.058720 0.067041
3 0.068146 0.521584 0.035750 0.050966
3 0.016209 0.629325 0.031943 0.087585
3 0.691723 0.926749 0.164914 0.146501
3 0.570693 0.918683 0.148848 0.162634
3 0.594723 0.158334 0.047728 0.082501
3 0.619723 0.118220 0.082728 0.100455
3 0.670303 0.128707 0.043622 0.061981
3 0.732343 0.083776 0.035495 0.036054
3 0.798751 0.046968 0.035371 0.046971
3 0.870583 0.027289 0.071034 0.054579
3 0.810741 0.025603 0.082051 0.051029
3 0.607908 0.012459 0.090604 0.023195
3 0.681479 0.027612 0.058470 0.055224
3 0.552625 0.253748 0.059037 0.078859
3 0.470395 0.264221 0.027126 0.051285
3 0.436823 0.252138 0.038574 0.058605
3 0.527231 0.210675 0.031771 0.030859
3 0.543719 0.176205 0.064582 0.030755
3 0.669883 0.193327 0.027604 0.020539
3 0.685511 0.166145 0.018730 0.018790
3 0.730430 0.214673 0.023774 0.015676
3 0.759887 0.205267 0.019464 0.019856
3 0.693344 0.242149 0.050722 0.046786
3 0.560582 0.441623 0.137216 0.086132
3 0.656248 0.462116 0.078490 0.082004
3 0.749038 0.422384 0.040759 0.023759
3 0.931530 0.194967 0.065870 0.101877
3 0.572208 0.345999 0.035595 0.035463
3 0.970580 0.344541 0.058841 0.145503
3 0.943445 0.281197 0.058944 0.062859
3 0.660572 0.534999 0.072483 0.097701
3 0.489501 0.527167 0.053739 0.046304
3 0.544010 0.644135 0.070261 0.055972
3 0.060833 0.334989 0.075523 0.063460
3 0.777344 0.263672 0.023438 0.066406
3 0.764700 0.506352 0.072163 0.106454
3 0.968879 0.529548 0.036629 0.045548
3 0.589640 0.225652 0.059813 0.048657
3 0.633304 0.194213 0.041168 0.056663
3 0.269327 0.316494 0.117679 0.034129
3 0.257964 0.349342 0.052759 0.036971
3 0.424640 0.414898 0.050847 0.069436
3 0.376439 0.623367 0.053975 0.037703
3 0.472414 0.746205 0.049225 0.048424
3 0.086751 0.726359 0.058564 0.055464
3 0.869236 0.438429 0.039665 0.035423
3 0.713372 0.753943 0.068031 0.041178
3 0.058923 0.636856 0.059632 0.062736
3 0.105496 0.600839 0.059632 0.042866
3 0.197797 0.503310 0.036375 0.044901
3 0.419174 0.491659 0.025576 0.028418
3 0.197513 0.449031 0.026713 0.054563
3 0.694830 0.318877 0.053995 0.023871
3 0.698128 0.349765 0.054158 0.031592
3 0.249063 0.624344 0.055367 0.032054
3 0.313171 0.788258 0.049538 0.021855
3 0.533480 0.668777 0.073716 0.053480
3 0.352062 0.405227 0.043040 0.048420
