3 0.273220 0.042969 0.211372 0.085938
3 0.353516 0.111328 0.136719 0.121094
3 0.786719 0.005859 0.051563 0.011719
3 0.693359 0.019531 0.089844 0.039062
3 0.775391 0.574219 0.386719 0.359375
3 0.435547 0.601562 0.230469 0.250000
3 0.712891 0.943359 0.191406 0.113281
3 0.953125 0.728516 0.085938 0.167969
3 0.138672 0.849609 0.230469 0.105469
3 0.046875 0.763997 0.093750 0.089193
3 0.046875 0.793679 0.093750 0.149858
3 0.066406 0.396770 0.132812 0.097085
3 0.066406 0.234375 0.132812 0.132812
3 0.015625 0.123047 0.031250 0.097656
3 0.193359 0.164062 0.089844 0.078125
3 0.017578 0.478190 0.035156 0.057943
3 0.222656 0.742188 0.093750 0.046875
3 0.328125 0.751953 0.039062 0.074219
3 0.494141 0.744141 0.058594 0.066406
3 0.513672 0.953125 0.082031 0.093750
3 0.365234 0.457031 0.097656 0.101562
3 0.923828 0.542969 0.074219 0.054688
3 0.960938 0.228516 0.070312 0.105469
3 0.359375 0.923828 0.101562 0.050781
3 0.312500 0.851562 0.039062 0.039062
3 0.919925 0.161900 0.084357 0.055552
3 0.762013 0.092717 0.040121 0.061210
3 0.802134 0.069570 0.040121 0.028290
3 0.471142 0.015646 0.076875 0.031291
3 0.633787 0.025891 0.040026 0.050191
3 0.925723 0.281930 0.060992 0.038755
3 0.917781 0.376277 0.028590 0.027955
3 0.978138 0.453153 0.037485 0.036849
3 0.915240 0.878509 0.047650 0.059086
3 0.472730 0.830541 0.040661 0.049556
3 0.091588 0.452762 0.113068 0.050268
3 0.086200 0.479707 0.067654 0.038030
3 0.142245 0.486712 0.042034 0.044035
3 0.640108 0.314908 0.330264 0.160795
3 0.521347 0.217497 0.058046 0.112757
3 0.860284 0.149110 0.050040 0.066720
3 0.729847 0.404313 0.126768 0.051374
3 0.798902 0.281215 0.055378 0.066720
3 0.738965 0.871686 0.080064 0.051152
3 0.791229 0.975319 0.042256 0.049362
3 0.194086 0.566443 0.042256 0.065608
3 0.201759 0.285885 0.054043 0.085401
