3 0.566406 0.283203 0.507812 0.472656
3 0.400391 0.625000 0.183594 0.179688
3 0.113281 0.048828 0.148438 0.097656
3 0.025391 0.234375 0.050781 0.085938
3 0.914062 0.138672 0.140625 0.128906
3 0.951172 0.013672 0.097656 0.027344
3 0.242188 0.839844 0.085938 0.093750
3 0.533203 0.011719 0.042969 0.023438
3 0.703125 0.023438 0.117188 0.039062
3 0.013672 0.941685 0.027344 0.055246
3 0.062500 0.677734 0.054688 0.082031
3 0.912109 0.777344 0.058594 0.031250
3 0.880022 0.968750 0.239955 0.062500
3 0.291016 0.316406 0.246094 0.203125
3 0.925781 0.433594 0.140625 0.062500
3 0.890625 0.468750 0.125000 0.070312
3 0.708984 0.605469 0.511719 0.273438
3 0.570192 0.678752 0.150287 0.131959
3 0.987006 0.492537 0.025989 0.074301
3 0.996170 0.429193 0.007661 0.035851
3 0.841797 0.839844 0.082031 0.085938
3 0.828125 0.931641 0.062500 0.066406
3 0.847656 0.906250 0.062500 0.039062
3 0.058594 0.639404 0.117188 0.122559
3 0.244141 0.671875 0.199219 0.078125
3 0.472656 0.373047 0.171875 0.136719
3 0.099696 0.255469 0.107220 0.181628
3 0.707427 0.524762 0.260577 0.100120
3 0.495252 0.558577 0.041772 0.045750
3 0.770715 0.944285 0.082047 0.056249
3 0.785149 0.893274 0.069777 0.044900
3 0.086334 0.982294 0.052230 0.035412
3 0.041096 0.564768 0.055391 0.028325
3 0.818918 0.167598 0.089538 0.080832
3 0.931773 0.055987 0.073993 0.060314
3 0.877055 0.113191 0.040416 0.032955
3 0.848453 0.146768 0.045391 0.041660
3 0.265008 0.500926 0.150559 0.119332
3 0.702625 0.908971 0.063439 0.044830
3 0.088392 0.130359 0.176783 0.153124
3 0.982422 0.748047 0.035156 0.058594
3 0.976562 0.281250 0.039062 0.046875
3 0.547602 0.988167 0.028565 0.023666
3 0.275391 0.740234 0.191406 0.113281
3 0.257812 0.150391 0.234375 0.167969
3 0.885251 0.007343 0.040528 0.014686
3 0.774552 0.002452 0.028628 0.004905
3 0.539307 0.848300 0.047364 0.024725
3 0.173914 0.003651 0.024610 0.007301
3 0.054094 0.003499 0.033879 0.006998
3 0.476644 0.105382 0.064657 0.038315
3 0.812026 0.286059 0.061332 0.075885
3 0.926702 0.314585 0.037846 0.047759
3 0.971607 0.232134 0.026733 0.022227
3 0.361328 0.933594 0.324219 0.132812
3 0.148416 0.953125 0.093792 0.093750
