3 0.103516 0.865234 0.207031 0.269531
3 0.355469 0.744141 0.265625 0.316406
3 0.345703 0.496094 0.238281 0.203125
3 0.587891 0.716797 0.222656 0.167969
3 0.697266 0.843750 0.136719 0.171875
3 0.992188 0.618652 0.015625 0.120117
3 0.796875 0.388672 0.296875 0.222656
3 0.558594 0.492188 0.195312 0.226562
3 0.693359 0.505859 0.136719 0.167969
3 0.917969 0.625000 0.164062 0.234375
3 0.382812 0.302734 0.164062 0.152344
3 0.142578 0.412109 0.128906 0.097656
3 0.214844 0.283203 0.085938 0.113281
3 0.177734 0.623047 0.167969 0.144531
3 0.132812 0.683594 0.265625 0.265625
3 0.916016 0.927734 0.167969 0.144531
3 0.630859 0.953125 0.160156 0.093750
3 0.526042 0.992188 0.072917 0.015625
3 0.407404 0.943359 0.169567 0.113281
3 0.289062 0.896484 0.093750 0.066406
3 0.939453 0.236328 0.121094 0.167969
3 0.109375 0.103516 0.078125 0.066406
3 0.968339 0.409885 0.063321 0.073144
3 0.271382 0.166875 0.046612 0.048476
3 0.058832 0.183655 0.057798 0.078308
3 0.222905 0.055939 0.035425 0.039154
3 0.630292 0.178995 0.059663 0.050341
