3 0.021484 0.472656 0.042969 0.132812
3 0.468750 0.708984 0.101562 0.292969
3 0.269531 0.230469 0.210938 0.109375
3 0.671875 0.990234 0.054688 0.019531
3 0.668899 0.990234 0.053943 0.019531
3 0.972656 0.937500 0.054688 0.125000
3 0.974609 0.937500 0.050781 0.125000
3 0.962891 0.722656 0.074219 0.117188
3 0.917969 0.572266 0.164062 0.207031
3 0.867188 0.718750 0.078125 0.070312
3 0.832031 0.556641 0.093750 0.058594
3 0.951172 0.273438 0.058594 0.062500
3 0.839844 0.154297 0.070312 0.074219
3 0.591797 0.351562 0.066406 0.085938
3 0.333984 0.355469 0.113281 0.140625
3 0.039062 0.695871 0.078125 0.079241
3 0.017578 0.582956 0.035156 0.079975
3 0.148438 0.640625 0.062500 0.062500
3 0.223633 0.951172 0.130859 0.097656
3 0.623047 0.619141 0.105469 0.167969
3 0.548828 0.730469 0.042969 0.046875
3 0.994141 0.814453 0.011719 0.042969
3 0.923828 0.791016 0.058594 0.042969
3 0.738281 0.679688 0.054688 0.046875
3 0.544922 0.623047 0.066406 0.058594
3 0.658203 0.882812 0.042969 0.046875
3 0.572266 0.857422 0.027344 0.042969
3 0.750000 0.867188 0.039062 0.046875
3 0.767578 0.876953 0.074219 0.066406
3 0.832031 0.853516 0.031250 0.035156
3 0.273438 0.085938 0.226562 0.171875
3 0.195312 0.500000 0.148438 0.195312
3 0.095703 0.162109 0.160156 0.167969
3 0.921875 0.089844 0.070312 0.062500
3 0.912109 0.224609 0.105469 0.113281
3 0.958984 0.349609 0.082031 0.089844
3 0.455078 0.195312 0.082031 0.070312
3 0.126953 0.357422 0.082031 0.105469
3 0.095703 0.316406 0.152344 0.148438
3 0.562500 0.228516 0.117188 0.136719
3 0.183594 0.802734 0.085938 0.121094
3 0.341797 0.896484 0.066406 0.050781
3 0.361328 0.855469 0.050781 0.039062
3 0.646484 0.066406 0.089844 0.101562
3 0.740234 0.351562 0.074219 0.070312
3 0.789062 0.300781 0.062500 0.039062
3 0.921875 0.146484 0.070312 0.050781
3 0.990102 0.286785 0.019796 0.037404
3 0.861258 0.082043 0.038736 0.060652
3 0.886997 0.078221 0.035168 0.032620
3 0.708984 0.140625 0.152344 0.203125
3 0.607183 0.172511 0.068807 0.118245
3 0.318451 0.425822 0.102955 0.062181
3 0.132836 0.016133 0.125303 0.032266
3 0.400444 0.888723 0.058707 0.050804
3 0.663496 0.321410 0.088061 0.074513
3 0.931849 0.043053 0.082058 0.071355
3 0.974784 0.717529 0.042945 0.036980
3 0.979831 0.056567 0.040338 0.062500
3 0.960938 0.873047 0.039062 0.035156
3 0.986328 0.404297 0.027344 0.058594
3 0.449219 0.281250 0.085938 0.078125
3 0.324219 0.498047 0.046875 0.058594
3 0.013672 0.780357 0.027344 0.049777
3 0.279297 0.589844 0.089844 0.046875
3 0.085938 0.652344 0.039062 0.062500
3 0.060547 0.542969 0.027344 0.023438
3 0.414062 0.404297 0.039062 0.035156
3 0.488281 0.104119 0.031250 0.066862
3 0.576172 0.562500 0.082031 0.054688
3 0.796875 0.976562 0.039062 0.031250
3 0.171875 0.955078 0.039062 0.027344
3 0.626953 0.939453 0.042969 0.042969
3 0.433594 0.777344 0.039062 0.070312
3 0.042969 0.783203 0.023438 0.019531
3 0.078125 0.800781 0.031250 0.023438
3 0.066406 0.742188 0.031250 0.078125
3 0.144531 0.996094 0.020833 0.007812
3 0.095703 0.980469 0.050781 0.039062
3 0.339844 0.718750 0.156250 0.250000
3 0.894531 0.349609 0.046875 0.042969
3 0.392578 0.509766 0.042969 0.027344
3 0.794922 0.714844 0.035156 0.039062
3 0.732932 0.764276 0.027935 0.029075
3 0.702716 0.770547 0.026795 0.032496
3 0.922237 0.488466 0.122206 0.080355
3 0.515404 0.356479 0.037338 0.040005
3 0.338046 0.556507 0.064009 0.088012
3 0.424049 0.108814 0.057386 0.043514
3 0.478059 0.447877 0.077639 0.058511
