3 0.353459 0.788842 0.018830 0.020837
3 0.735201 0.848747 0.054945 0.065421
3 0.619619 0.966772 0.022702 0.029232
3 0.948262 0.951568 0.064708 0.044126
3 0.331833 0.285801 0.054503 0.038559
3 0.200753 0.347993 0.030237 0.026608
3 0.063351 0.430577 0.126703 0.084718
3 0.295824 0.987911 0.052016 0.024178
3 0.046083 0.912010 0.039821 0.028651
3 0.237271 0.812887 0.032263 0.021587
3 0.660277 0.251661 0.075429 0.077597
3 0.721671 0.432062 0.050753 0.038727
3 0.750099 0.395379 0.047737 0.038268
3 0.978232 0.351797 0.043536 0.021019
3 0.217428 0.983860 0.055777 0.032279
3 0.923510 0.726099 0.022308 0.016279
3 0.686259 0.157288 0.039077 0.032410
3 0.505716 0.131587 0.172409 0.128631
3 0.083984 0.943359 0.042969 0.027344
