3 0.259720 0.126953 0.383048 0.253906
3 0.805339 0.017578 0.108073 0.035156
3 0.474609 0.662109 0.480469 0.378906
3 0.066406 0.369141 0.132812 0.394531
3 0.271484 0.394531 0.167969 0.125000
3 0.488281 0.333984 0.210938 0.261719
3 0.904297 0.384766 0.183594 0.121094
3 0.861328 0.160156 0.269531 0.320312
3 0.906250 0.691406 0.179688 0.210938
3 0.907961 0.792969 0.175297 0.414062
3 0.589844 0.896484 0.156250 0.113281
3 0.035156 0.600911 0.070312 0.108073
3 0.417969 0.861328 0.109375 0.089844
3 0.269531 0.816406 0.101562 0.093750
3 0.101562 0.908203 0.195312 0.121094
3 0.441406 0.968750 0.179688 0.062500
