3 0.809628 0.087891 0.208869 0.175781
3 0.902344 0.179387 0.195312 0.141226
3 0.816406 0.482422 0.367188 0.574219
3 0.064453 0.136719 0.105469 0.132812
3 0.173828 0.222656 0.128906 0.164062
3 0.337891 0.091797 0.097656 0.121094
3 0.544922 0.130859 0.113281 0.089844
3 0.287109 0.189453 0.113281 0.050781
3 0.582031 0.599609 0.148438 0.136719
3 0.640625 0.548828 0.125000 0.058594
3 0.289062 0.523438 0.226562 0.148438
3 0.345703 0.691406 0.261719 0.195312
3 0.464844 0.804688 0.085938 0.085938
3 0.289062 0.880859 0.085938 0.144531
3 0.371094 0.927734 0.132812 0.144531
3 0.033203 0.542969 0.066406 0.210938
3 0.011719 0.021484 0.023438 0.042969
3 0.011719 0.031250 0.023438 0.062500
3 0.482910 0.998047 0.032227 0.003906
3 0.441406 0.962891 0.046875 0.066406
3 0.291016 0.982422 0.082031 0.035156
3 0.218750 0.986328 0.054688 0.027344
3 0.005859 0.974609 0.011719 0.050781
3 0.810547 0.939453 0.089844 0.089844
3 0.826172 0.820312 0.074219 0.140625
3 0.804688 0.826172 0.117188 0.144531
3 0.693359 0.859375 0.074219 0.039062
3 0.968750 0.035156 0.062500 0.070312
3 0.087891 0.312500 0.082031 0.054688
3 0.228516 0.023438 0.050781 0.046875
3 0.500000 0.798828 0.156250 0.097656
3 0.369141 0.818359 0.082031 0.058594
3 0.330078 0.326172 0.042969 0.066406
3 0.412109 0.292969 0.027344 0.031250
3 0.150391 0.119141 0.050781 0.066406
3 0.628906 0.333984 0.031250 0.050781
3 0.699219 0.378906 0.093750 0.054688
3 0.771484 0.226562 0.121094 0.078125
3 0.865234 0.355469 0.105469 0.101562
3 0.984375 0.893229 0.031250 0.067708
3 0.412109 0.779297 0.035156 0.035156
3 0.162109 0.005859 0.027344 0.011719
3 0.994987 0.634131 0.010026 0.034776
3 0.976545 0.661713 0.036201 0.035033
3 0.742991 0.954057 0.087583 0.091887
3 0.798484 0.995513 0.032649 0.008975
3 0.760167 0.994345 0.033779 0.011311
3 0.244352 0.422320 0.073570 0.051382
3 0.559066 0.206283 0.051382 0.058389
3 0.578919 0.037162 0.074738 0.074325
3 0.655408 0.171249 0.045543 0.025691
3 0.525061 0.008552 0.056882 0.017104
