3 0.276783 0.166556 0.217628 0.215925
3 0.430519 0.148843 0.337600 0.282061
3 0.902344 0.059425 0.195312 0.118850
3 0.840417 0.333984 0.188647 0.128906
3 0.788373 0.480851 0.147058 0.164827
3 0.609375 0.490234 0.125000 0.074219
3 0.638672 0.230469 0.082031 0.078125
3 0.736598 0.064453 0.059134 0.042969
3 0.375000 0.654297 0.210938 0.269531
3 0.035156 0.503906 0.070312 0.101562
3 0.642578 0.546875 0.089844 0.054688
3 0.489429 0.378894 0.063082 0.097943
3 0.522630 0.370593 0.036521 0.084663
3 0.561642 0.284270 0.071382 0.084663
3 0.243832 0.551710 0.033412 0.043157
3 0.254969 0.636631 0.030627 0.057078
3 0.220214 0.649161 0.042886 0.022515
3 0.023800 0.719922 0.047600 0.076122
3 0.632988 0.369333 0.040741 0.028948
3 0.665688 0.331272 0.043958 0.045030
3 0.629772 0.155441 0.105070 0.042886
3 0.799706 0.126493 0.067545 0.038597
3 0.871539 0.211192 0.039669 0.036453
3 0.854385 0.177955 0.048246 0.032164
3 0.879580 0.242284 0.090060 0.025731
3 0.895663 0.414362 0.075050 0.067545
3 0.980531 0.533299 0.038937 0.093134
3 0.986841 0.230495 0.026319 0.099483
3 0.118027 0.423634 0.074765 0.037941
3 0.233707 0.361680 0.053563 0.037941
3 0.954576 0.600482 0.044636 0.058027
3 0.528663 0.778264 0.322950 0.443471
3 0.824078 0.803909 0.055237 0.031351
3 0.758390 0.677759 0.034337 0.068673
3 0.913652 0.706124 0.043294 0.023886
3 0.964411 0.697913 0.055237 0.043294
3 0.941271 0.656112 0.068673 0.052251
3 0.983325 0.713462 0.033350 0.042054
3 0.186610 0.818092 0.034337 0.044787
3 0.138837 0.729264 0.079124 0.052252
3 0.140330 0.921102 0.103010 0.053745
3 0.182131 0.944242 0.043294 0.040308
3 0.041260 0.966522 0.078048 0.066955
3 0.282155 0.972607 0.055237 0.046280
3 0.204852 0.532220 0.066823 0.034804
