3 0.248047 0.082031 0.113281 0.101562
3 0.130859 0.460938 0.066406 0.132812
3 0.761719 0.423828 0.242188 0.238281
3 0.974609 0.222005 0.050781 0.212240
3 0.232422 0.441406 0.113281 0.101562
3 0.962891 0.525391 0.074219 0.066406
3 0.078125 0.441406 0.031250 0.046875
3 0.931641 0.710938 0.113281 0.132812
3 0.853516 0.720703 0.082031 0.082031
3 0.904297 0.833984 0.050781 0.074219
3 0.564453 0.958984 0.082031 0.082031
3 0.503906 0.613281 0.046875 0.085938
3 0.587891 0.125000 0.160156 0.046875
3 0.095703 0.042969 0.121094 0.085938
3 0.767578 0.919922 0.113281 0.121094
3 0.199219 0.884766 0.179688 0.136719
3 0.048828 0.832031 0.097656 0.171875
3 0.083984 0.941406 0.097656 0.062500
3 0.150391 0.660156 0.089844 0.093750
3 0.105469 0.595703 0.093750 0.066406
3 0.621094 0.246094 0.125000 0.101562
3 0.679688 0.220703 0.109375 0.089844
3 0.218750 0.222656 0.132812 0.156250
3 0.091797 0.164062 0.058594 0.078125
3 0.062500 0.177734 0.085938 0.074219
3 0.677734 0.710938 0.105469 0.093750
3 0.974783 0.918182 0.050434 0.073358
3 0.944940 0.980640 0.110121 0.038720
3 0.740870 0.996253 0.056032 0.007494
3 0.694334 0.940523 0.046413 0.098396
3 0.408339 0.449070 0.061642 0.030821
3 0.382655 0.472756 0.029679 0.031391
3 0.151499 0.259294 0.131274 0.151250
3 0.046384 0.394753 0.080857 0.122713
3 0.029738 0.316274 0.058978 0.032343
3 0.068263 0.288212 0.065637 0.065637
3 0.023906 0.233039 0.047811 0.075150
3 0.193354 0.155036 0.076101 0.065637
3 0.297041 0.137913 0.138884 0.075149
3 0.629150 0.017487 0.037574 0.034975
3 0.593791 0.069093 0.111130 0.068237
3 0.021508 0.116860 0.043016 0.038993
3 0.919650 0.131859 0.037182 0.034031
3 0.820709 0.031973 0.058609 0.046004
3 0.948324 0.064428 0.020166 0.022687
3 0.769978 0.188892 0.059239 0.028359
3 0.808104 0.160848 0.029619 0.035291
3 0.804116 0.257550 0.043764 0.049123
3 0.209381 0.529636 0.106510 0.109891
3 0.301520 0.483989 0.114962 0.086222
3 0.449450 0.213489 0.076079 0.055791
3 0.577938 0.493288 0.092984 0.043957
3 0.631193 0.527946 0.050719 0.076079
3 0.996130 0.680537 0.007740 0.034048
3 0.518099 0.682416 0.051362 0.048857
3 0.598900 0.631054 0.055121 0.043846
3 0.241242 0.726262 0.036332 0.038835
3 0.247507 0.552758 0.043846 0.050109
