3 0.148438 0.039062 0.093750 0.078125
3 0.126953 0.197266 0.128906 0.074219
3 0.003906 0.208984 0.007812 0.054688
3 0.128906 0.343750 0.210938 0.164062
3 0.015625 0.273438 0.031250 0.101562
3 0.275391 0.476562 0.058594 0.046875
3 0.179688 0.425781 0.101562 0.093750
3 0.087891 0.408203 0.066406 0.042969
3 0.421875 0.472656 0.070312 0.085938
3 0.353516 0.546875 0.105469 0.101562
3 0.275391 0.433594 0.105469 0.046875
3 0.300781 0.750000 0.132812 0.156250
3 0.220703 0.630859 0.074219 0.042969
3 0.470703 0.664062 0.082031 0.093750
3 0.640625 0.466797 0.156250 0.097656
3 0.476562 0.326172 0.046875 0.058594
3 0.341797 0.195312 0.042969 0.046875
3 0.933594 0.828125 0.125000 0.164062
3 0.902344 0.939453 0.187500 0.121094
3 0.402344 0.929688 0.078125 0.093750
3 0.406250 0.806641 0.125000 0.058594
3 0.955078 0.257812 0.082031 0.156250
3 0.937500 0.435547 0.117188 0.105469
3 0.791667 0.996094 0.059896 0.007812
3 0.374023 0.037109 0.205078 0.074219
3 0.160156 0.806641 0.320312 0.371094
3 0.131510 0.998047 0.033854 0.003906
3 0.099609 0.988281 0.105469 0.023438
3 0.072266 0.544922 0.144531 0.199219
3 0.713068 0.984375 0.081676 0.031250
3 0.783203 0.849609 0.160156 0.121094
3 0.631836 0.974609 0.080078 0.050781
3 0.660156 0.917969 0.070312 0.054688
3 0.630859 0.376953 0.191406 0.105469
3 0.769531 0.353516 0.093750 0.121094
3 0.861328 0.410156 0.207031 0.140625
3 0.828125 0.082031 0.078125 0.125000
3 0.795369 0.181679 0.072566 0.073682
3 0.826907 0.135628 0.076473 0.059727
3 0.449970 0.220867 0.107386 0.089643
3 0.499461 0.127955 0.099915 0.141002
3 0.564826 0.117217 0.066299 0.059762
3 0.379002 0.304907 0.042020 0.050424
3 0.347254 0.335255 0.058829 0.036418
3 0.332313 0.314245 0.027080 0.031749
3 0.523272 0.409024 0.067232 0.053226
3 0.377135 0.423965 0.045755 0.030815
3 0.401413 0.402488 0.079372 0.062563
3 0.965421 0.539720 0.065357 0.096702
3 0.978760 0.550057 0.038681 0.069359
3 0.985518 0.015333 0.027617 0.030667
3 0.300814 0.256879 0.085249 0.036941
3 0.249902 0.191047 0.086670 0.082407
3 0.348649 0.245986 0.053991 0.042625
3 0.035907 0.030166 0.046737 0.060332
3 0.815033 0.706309 0.064684 0.040149
3 0.826743 0.759841 0.059109 0.069146
3 0.251831 0.361138 0.069146 0.043495
3 0.700162 0.784376 0.227512 0.171749
3 0.535662 0.799990 0.059109 0.064684
3 0.811130 0.576382 0.092566 0.056878
3 0.492725 0.759283 0.073607 0.061339
3 0.591425 0.744785 0.043495 0.043495
3 0.503906 0.988281 0.085938 0.023438
3 0.429688 0.355469 0.039062 0.070312
3 0.234375 0.023438 0.085938 0.046875
3 0.704412 0.276723 0.240334 0.209055
3 0.671875 0.134766 0.250000 0.269531
3 0.681641 0.609375 0.058594 0.070312
3 0.923828 0.625000 0.042969 0.054688
3 0.867741 0.578539 0.040169 0.039890
3 0.529297 0.554688 0.066406 0.039062
3 0.425781 0.685547 0.062500 0.066406
3 0.320312 0.853516 0.039062 0.058594
3 0.968750 0.728516 0.054688 0.042969
3 0.080311 0.083466 0.042894 0.034913
3 0.185515 0.526521 0.075585 0.050390
3 0.553991 0.592029 0.054169 0.047870
3 0.833655 0.601477 0.031494 0.031494
3 0.421088 0.736899 0.070546 0.032753
3 0.413529 0.852796 0.042831 0.032754
3 0.899473 0.319721 0.075747 0.052404
3 0.969386 0.935055 0.058059 0.036669
