3 0.913435 0.943359 0.080940 0.113281
3 0.268196 0.060860 0.084751 0.074845
3 0.286216 0.010050 0.060347 0.020101
3 0.792904 0.113287 0.062273 0.079283
3 0.015715 0.970669 0.031430 0.058662
3 0.488281 0.400391 0.085938 0.113281
3 0.642001 0.480824 0.089844 0.097656
3 0.687933 0.541016 0.071178 0.128906
3 0.355047 0.766534 0.375843 0.244006
3 0.062736 0.336372 0.125471 0.244001
3 0.079572 0.591095 0.059061 0.155900
3 0.092263 0.578832 0.038981 0.072787
3 0.027855 0.548461 0.053215 0.072322
3 0.058486 0.484769 0.105496 0.058350
3 0.123661 0.471268 0.065059 0.175446
3 0.315041 0.565426 0.087324 0.096875
3 0.443020 0.660781 0.046750 0.061686
3 0.546599 0.558658 0.094607 0.063648
3 0.195192 0.189071 0.390385 0.278848
3 0.646553 0.275729 0.067043 0.044987
3 0.943326 0.050896 0.113349 0.101792
3 0.907224 0.071021 0.042302 0.088776
3 0.666139 0.017936 0.098497 0.035432
3 0.324091 0.490582 0.068909 0.070629
3 0.628558 0.973727 0.048153 0.052546
3 0.007812 0.175720 0.015625 0.082690
3 0.490234 0.220703 0.105469 0.074219
3 0.448848 0.359375 0.108633 0.078125
3 0.876953 0.919922 0.097656 0.082031
3 0.238887 0.955078 0.108163 0.089844
3 0.226600 0.794796 0.082232 0.090204
3 0.106203 0.803456 0.046797 0.052225
3 0.814549 0.685043 0.136910 0.161165
3 0.951012 0.840539 0.097336 0.083477
3 0.752912 0.275301 0.066246 0.071343
3 0.130336 0.052051 0.075266 0.104102
3 0.269531 0.896126 0.070312 0.081314
3 0.766759 0.919875 0.070611 0.080839
3 0.815061 0.903112 0.042198 0.038220
3 0.682190 0.648323 0.062238 0.093520
3 0.478636 0.490355 0.066406 0.082031
3 0.694628 0.292324 0.054688 0.056218
3 0.810156 0.298252 0.038639 0.091792
3 0.139573 0.391777 0.040350 0.107600
3 0.388397 0.237775 0.021520 0.076665
3 0.132175 0.300990 0.039005 0.100875
3 0.193372 0.582094 0.051110 0.052455
3 0.344685 0.358152 0.071285 0.032280
3 0.395795 0.288885 0.052455 0.141225
3 0.676226 0.145643 0.048420 0.026900
3 0.825521 0.020558 0.059180 0.040350
3 0.808708 0.085790 0.299934 0.170814
3 0.986063 0.326876 0.027875 0.063877
3 0.862508 0.865216 0.047075 0.045730
3 0.601579 0.721974 0.063215 0.068595
3 0.485237 0.927758 0.056490 0.041695
3 0.171853 0.832264 0.043040 0.036315
3 0.689004 0.968781 0.055145 0.032280
