0 0.536719 0.103125 0.539844 0.103125 0.540625 0.104167 0.540625 0.126042 0.540625 0.127083 0.538281 0.129167 0.537500 0.130208 0.532031 0.131250 0.531250 0.132292 0.520312 0.133333 0.519531 0.133333 0.518750 0.118750 0.517969 0.117708 0.518750 0.115625 0.518750 0.114583 0.522656 0.112500 0.523438 0.112500 0.525000 0.110417 0.525000 0.109375 0.528125 0.107292 0.528906 0.106250 0.532031 0.106250 0.532813 0.106250 0.536719 0.103125
0 0.357031 0.277083 0.359375 0.278125 0.360156 0.278125 0.363281 0.282292 0.364063 0.282292 0.367969 0.289583 0.368750 0.290625 0.368750 0.309375 0.368750 0.310417 0.367969 0.314583 0.367969 0.315625 0.364844 0.320833 0.364063 0.321875 0.360156 0.321875 0.359375 0.321875 0.352344 0.317708 0.351562 0.317708 0.348438 0.313542 0.347656 0.312500 0.348438 0.293750 0.348438 0.292708 0.357031 0.277083
0 0.528125 0.537500 0.535156 0.543750 0.535937 0.544792 0.539844 0.553125 0.540625 0.554167 0.542969 0.563542 0.542969 0.564583 0.547656 0.570833 0.548438 0.571875 0.552344 0.571875 0.553125 0.571875 0.555469 0.575000 0.556250 0.576042 0.560937 0.587500 0.561719 0.588542 0.564063 0.602083 0.564063 0.603125 0.569531 0.620833 0.570312 0.621875 0.568750 0.635417 0.567969 0.636458 0.564063 0.637500 0.563281 0.637500 0.560156 0.640625 0.559375 0.641667 0.557031 0.641667 0.556250 0.642708 0.553906 0.641667 0.553125 0.640625 0.547656 0.641667 0.546875 0.641667 0.542969 0.638542 0.542188 0.637500 0.532813 0.636458 0.532031 0.636458 0.527344 0.632292 0.526563 0.631250 0.523438 0.622917 0.522656 0.621875 0.522656 0.617708 0.522656 0.616667 0.521094 0.613542 0.521094 0.612500 0.513281 0.603125 0.512500 0.602083 0.512500 0.600000 0.512500 0.598958 0.517969 0.591667 0.517969 0.590625 0.524219 0.587500 0.525000 0.586458 0.525781 0.580208 0.525781 0.579167 0.523438 0.576042 0.522656 0.575000 0.517969 0.575000 0.517188 0.575000 0.510938 0.571875 0.510156 0.570833 0.510938 0.566667 0.511719 0.565625 0.511719 0.558333 0.511719 0.557292 0.514844 0.551042 0.515625 0.550000 0.521094 0.546875 0.521875 0.546875 0.528125 0.537500
0 0.525000 0.587500 0.528125 0.590625 0.528906 0.591667 0.535156 0.592708 0.535937 0.592708 0.537500 0.598958 0.537500 0.600000 0.542188 0.610417 0.542969 0.611458 0.544531 0.619792 0.545312 0.620833 0.543750 0.635417 0.542969 0.636458 0.535937 0.637500 0.535156 0.637500 0.530469 0.635417 0.529687 0.635417 0.523438 0.623958 0.522656 0.622917 0.521875 0.614583 0.521875 0.613542 0.513281 0.603125 0.512500 0.602083 0.513281 0.596875 0.514062 0.595833 0.525000 0.587500
0 0.528125 0.537500 0.535156 0.543750 0.535937 0.544792 0.539844 0.553125 0.540625 0.553125 0.542188 0.561458 0.542188 0.562500 0.547656 0.570833 0.548438 0.571875 0.554688 0.571875 0.555469 0.571875 0.556250 0.576042 0.556250 0.577083 0.560937 0.587500 0.561719 0.588542 0.564844 0.605208 0.564844 0.606250 0.568750 0.616667 0.569531 0.617708 0.570312 0.628125 0.570312 0.629167 0.568750 0.635417 0.567969 0.636458 0.564063 0.637500 0.563281 0.637500 0.557813 0.641667 0.557031 0.642708 0.553906 0.641667 0.553125 0.640625 0.548438 0.641667 0.547656 0.641667 0.545312 0.637500 0.544531 0.636458 0.546094 0.620833 0.546094 0.619792 0.537500 0.593750 0.537500 0.592708 0.535156 0.590625 0.534375 0.589583 0.528906 0.588542 0.528125 0.588542 0.526563 0.585417 0.525781 0.584375 0.525000 0.576042 0.524219 0.575000 0.517188 0.573958 0.516406 0.573958 0.510938 0.570833 0.510156 0.569792 0.511719 0.565625 0.512500 0.564583 0.511719 0.559375 0.511719 0.558333 0.514062 0.552083 0.514062 0.551042 0.521094 0.546875 0.521875 0.546875 0.528125 0.537500
0 0.547656 0.679167 0.549219 0.679167 0.550000 0.679167 0.553125 0.682292 0.553906 0.683333 0.553906 0.688542 0.553125 0.689583 0.549219 0.689583 0.548438 0.689583 0.546094 0.686458 0.545312 0.685417 0.545312 0.683333 0.545312 0.682292 0.547656 0.679167
0 0.232031 0.579167 0.238281 0.580208 0.239063 0.580208 0.242969 0.584375 0.243750 0.585417 0.243750 0.595833 0.242969 0.596875 0.236719 0.596875 0.235937 0.595833 0.232031 0.583333 0.231250 0.582292 0.232031 0.579167
0 0.825000 0.531250 0.826562 0.532292 0.827344 0.533333 0.826562 0.538542 0.826562 0.539583 0.823438 0.540625 0.822656 0.540625 0.820312 0.538542 0.819531 0.538542 0.819531 0.535417 0.819531 0.534375 0.825000 0.531250
0 0.364844 0.190625 0.369531 0.191667 0.370312 0.191667 0.371875 0.193750 0.372656 0.194792 0.372656 0.196875 0.372656 0.197917 0.369531 0.200000 0.368750 0.201042 0.365625 0.200000 0.364844 0.200000 0.363281 0.196875 0.362500 0.195833 0.364844 0.190625
0 0.495312 0.432292 0.496875 0.432292 0.497656 0.432292 0.500000 0.438542 0.499219 0.439583 0.494531 0.438542 0.493750 0.437500 0.493750 0.435417 0.493750 0.434375 0.495312 0.432292
0 0.138281 0.488542 0.139063 0.489583 0.139844 0.489583 0.139844 0.494792 0.139063 0.495833 0.137500 0.495833 0.136719 0.494792 0.136719 0.491667 0.136719 0.490625 0.138281 0.488542
0 0.116120 0.464920 0.115998 0.463460 0.115998 0.459727 0.116363 0.459402 0.116850 0.459240 0.119284 0.459240 0.120015 0.459889 0.120623 0.460863 0.120745 0.461512 0.120745 0.465083 0.119284 0.465894 0.117337 0.465894
0 0.942969 0.381250 0.944531 0.382292 0.945312 0.382292 0.945312 0.386458 0.944531 0.387500 0.941406 0.386458 0.940625 0.385417 0.940625 0.384375 0.940625 0.383333 0.942969 0.381250
