0 0.007812 0.069792 0.010937 0.073958 0.011719 0.075000 0.014063 0.090625 0.014063 0.091667 0.019531 0.106250 0.020313 0.107292 0.016406 0.119792 0.016406 0.120833 0.010937 0.128125 0.010156 0.129167 0.007812 0.129167 0.007031 0.129167 0.000781 0.125000 0.000000 0.125000 0.000000 0.075000 0.000000 0.073958 0.003906 0.073958 0.004687 0.073958 0.007812 0.069792
0 0.050781 0.241667 0.055469 0.242708 0.056250 0.242708 0.060156 0.246875 0.060937 0.247917 0.067187 0.247917 0.067969 0.247917 0.077344 0.272917 0.078125 0.273958 0.078906 0.287500 0.078906 0.288542 0.075000 0.289583 0.074219 0.289583 0.072656 0.286458 0.072656 0.285417 0.070312 0.283333 0.069531 0.282292 0.056250 0.282292 0.055469 0.282292 0.051562 0.279167 0.050781 0.278125 0.049219 0.269792 0.049219 0.268750 0.045312 0.258333 0.045312 0.257292 0.039844 0.254167 0.039062 0.253125 0.043750 0.244792 0.044531 0.243750 0.050781 0.241667
0 0.270313 0.128125 0.275000 0.128125 0.275781 0.128125 0.278125 0.131250 0.278906 0.132292 0.278906 0.138542 0.278906 0.139583 0.277344 0.145833 0.277344 0.146875 0.275000 0.151042 0.275000 0.152083 0.273438 0.152083 0.272656 0.153125 0.264062 0.151042 0.263281 0.151042 0.260937 0.148958 0.260156 0.147917 0.260156 0.145833 0.259375 0.144792 0.260937 0.139583 0.260937 0.138542 0.270313 0.128125
0 0.267188 0.002083 0.275781 0.003125 0.276562 0.003125 0.282031 0.007292 0.282813 0.007292 0.282031 0.011458 0.282031 0.012500 0.287500 0.017708 0.288281 0.018750 0.283594 0.027083 0.283594 0.028125 0.279687 0.031250 0.278906 0.031250 0.277344 0.033333 0.276562 0.034375 0.276562 0.036458 0.276562 0.037500 0.273438 0.035417 0.272656 0.034375 0.264844 0.034375 0.264062 0.034375 0.259375 0.030208 0.258594 0.029167 0.262500 0.018750 0.263281 0.017708 0.262500 0.007292 0.262500 0.006250 0.263281 0.004167 0.264062 0.003125 0.267188 0.002083
0 0.508594 0.652083 0.511719 0.652083 0.512500 0.652083 0.526563 0.662500 0.527344 0.663542 0.527344 0.666667 0.527344 0.667708 0.523438 0.680208 0.522656 0.681250 0.516406 0.682292 0.515625 0.682292 0.507031 0.678125 0.506250 0.678125 0.501563 0.673958 0.500781 0.672917 0.500781 0.667708 0.500781 0.666667 0.508594 0.652083
0 0.420312 0.552083 0.426563 0.557292 0.427344 0.558333 0.438281 0.560417 0.439063 0.560417 0.439844 0.562500 0.440625 0.563542 0.440625 0.567708 0.440625 0.568750 0.434375 0.569792 0.433594 0.569792 0.429688 0.573958 0.428906 0.575000 0.426563 0.575000 0.425781 0.576042 0.413281 0.573958 0.412500 0.573958 0.410938 0.570833 0.410938 0.569792 0.417187 0.562500 0.417969 0.561458 0.420312 0.552083
0 0.414844 0.488542 0.418750 0.489583 0.419531 0.489583 0.421875 0.495833 0.422656 0.496875 0.421875 0.501042 0.421875 0.502083 0.420312 0.504167 0.419531 0.505208 0.417969 0.505208 0.417187 0.506250 0.416406 0.506250 0.415625 0.506250 0.414062 0.502083 0.413281 0.501042 0.412500 0.492708 0.412500 0.491667 0.414844 0.488542
0 0.741406 0.745833 0.743750 0.745833 0.744531 0.745833 0.748437 0.752083 0.749219 0.753125 0.753906 0.755208 0.754687 0.756250 0.760938 0.756250 0.761719 0.756250 0.764844 0.758333 0.765625 0.759375 0.764844 0.767708 0.764844 0.768750 0.766406 0.772917 0.767188 0.773958 0.767188 0.780208 0.767188 0.781250 0.765625 0.784375 0.764844 0.785417 0.753125 0.786458 0.752344 0.785417 0.750781 0.777083 0.750781 0.776042 0.745313 0.768750 0.744531 0.767708 0.742188 0.759375 0.742188 0.758333 0.739062 0.754167 0.738281 0.753125 0.739062 0.748958 0.739062 0.747917 0.741406 0.745833
0 0.874219 0.534375 0.882031 0.534375 0.882812 0.534375 0.885156 0.536458 0.885938 0.536458 0.889062 0.540625 0.889844 0.541667 0.888281 0.547917 0.888281 0.548958 0.886719 0.551042 0.885938 0.552083 0.882812 0.552083 0.882031 0.552083 0.873437 0.546875 0.872656 0.546875 0.871875 0.542708 0.871875 0.541667 0.874219 0.534375
0 0.786719 0.413542 0.792188 0.413542 0.792969 0.413542 0.799219 0.417708 0.800000 0.418750 0.803906 0.419792 0.804688 0.419792 0.807031 0.422917 0.807031 0.423958 0.803906 0.428125 0.803125 0.429167 0.793750 0.429167 0.792969 0.429167 0.786719 0.423958 0.785937 0.422917 0.785156 0.417708 0.785156 0.416667 0.786719 0.413542
0 0.162500 0.744792 0.167187 0.744792 0.167969 0.744792 0.170313 0.746875 0.171094 0.747917 0.171094 0.759375 0.170313 0.760417 0.161719 0.759375 0.160938 0.759375 0.160156 0.755208 0.159375 0.754167 0.159375 0.747917 0.159375 0.746875 0.162500 0.744792
0 0.210938 0.841667 0.214062 0.841667 0.214844 0.841667 0.219531 0.844792 0.220312 0.844792 0.221094 0.852083 0.221094 0.853125 0.220312 0.854167 0.219531 0.855208 0.213281 0.854167 0.212500 0.854167 0.210938 0.848958 0.210156 0.847917 0.210938 0.841667
0 0.464844 0.482292 0.468750 0.482292 0.469531 0.482292 0.470313 0.486458 0.470313 0.487500 0.465625 0.500000 0.465625 0.501042 0.464844 0.502083 0.464062 0.503125 0.461719 0.503125 0.460938 0.503125 0.460156 0.502083 0.459375 0.501042 0.459375 0.487500 0.459375 0.486458 0.464844 0.482292
0 0.532031 0.362500 0.535937 0.363542 0.536719 0.363542 0.537500 0.366667 0.537500 0.367708 0.535156 0.371875 0.534375 0.372917 0.528125 0.373958 0.527344 0.373958 0.526563 0.372917 0.525781 0.371875 0.526563 0.369792 0.526563 0.368750 0.532031 0.362500
0 0.597656 0.464583 0.601562 0.465625 0.602344 0.465625 0.602344 0.468750 0.602344 0.469792 0.600000 0.473958 0.599219 0.475000 0.593750 0.475000 0.592969 0.475000 0.592187 0.469792 0.592187 0.468750 0.593750 0.466667 0.594531 0.465625 0.597656 0.464583
0 0.692969 0.597917 0.696875 0.600000 0.697656 0.601042 0.697656 0.607292 0.697656 0.608333 0.696094 0.611458 0.695312 0.612500 0.689844 0.611458 0.689063 0.610417 0.689063 0.603125 0.689063 0.602083 0.692969 0.597917
0 0.755469 0.733333 0.761719 0.733333 0.762500 0.733333 0.764844 0.735417 0.765625 0.735417 0.763281 0.738542 0.762500 0.739583 0.760156 0.739583 0.759375 0.739583 0.755469 0.736458 0.754687 0.735417 0.755469 0.733333
0 0.767188 0.731250 0.770312 0.731250 0.771094 0.731250 0.767969 0.736458 0.767188 0.737500 0.759375 0.738542 0.758594 0.738542 0.755469 0.736458 0.754687 0.735417 0.754687 0.734375 0.755469 0.733333 0.763281 0.733333 0.764062 0.733333 0.767188 0.731250
0 0.653125 0.452083 0.660937 0.454167 0.661719 0.454167 0.662500 0.455208 0.663281 0.456250 0.663281 0.459375 0.663281 0.460417 0.661719 0.462500 0.660937 0.463542 0.659375 0.463542 0.658594 0.464583 0.654687 0.463542 0.653906 0.463542 0.650000 0.457292 0.649219 0.456250 0.650000 0.454167 0.650781 0.453125 0.653125 0.452083
0 0.657031 0.489583 0.660937 0.490625 0.661719 0.490625 0.664844 0.494792 0.664844 0.495833 0.664062 0.496875 0.663281 0.497917 0.657813 0.497917 0.657031 0.497917 0.656250 0.496875 0.655469 0.495833 0.655469 0.492708 0.655469 0.491667 0.657031 0.489583
0 0.590625 0.588542 0.595313 0.589583 0.596094 0.589583 0.597656 0.592708 0.597656 0.593750 0.596875 0.594792 0.596094 0.595833 0.590625 0.595833 0.589844 0.595833 0.589063 0.592708 0.589063 0.591667 0.590625 0.588542
0 0.508594 0.610417 0.512500 0.610417 0.513281 0.610417 0.514062 0.613542 0.514844 0.614583 0.514062 0.619792 0.513281 0.620833 0.510938 0.620833 0.510156 0.620833 0.508594 0.618750 0.507812 0.617708 0.508594 0.610417
0 0.472656 0.732292 0.478125 0.734375 0.478906 0.734375 0.478906 0.739583 0.478906 0.740625 0.474219 0.740625 0.473438 0.740625 0.471875 0.737500 0.471094 0.736458 0.472656 0.732292
0 0.071094 0.067708 0.076563 0.068750 0.077344 0.069792 0.076563 0.078125 0.076563 0.079167 0.072656 0.080208 0.071875 0.081250 0.067969 0.080208 0.067187 0.079167 0.067187 0.073958 0.067187 0.072917 0.071094 0.067708
0 0.057813 0.034375 0.060156 0.034375 0.060937 0.034375 0.060937 0.041667 0.060156 0.042708 0.057031 0.041667 0.056250 0.040625 0.057813 0.034375
0 0.050781 0.193750 0.054688 0.193750 0.055469 0.193750 0.059375 0.197917 0.059375 0.198958 0.057813 0.200000 0.057031 0.201042 0.053125 0.200000 0.052344 0.200000 0.050781 0.196875 0.050000 0.195833 0.050781 0.193750
0 0.213281 0.143750 0.217969 0.143750 0.218750 0.144792 0.218750 0.148958 0.218750 0.150000 0.216406 0.154167 0.215625 0.155208 0.212500 0.151042 0.211719 0.150000 0.211719 0.146875 0.211719 0.145833 0.213281 0.143750
0 0.390625 0.000000 0.396094 0.000000 0.396875 0.000000 0.396875 0.008333 0.396094 0.009375 0.392188 0.008333 0.391406 0.008333 0.390625 0.000000
0 0.954688 0.361458 0.956250 0.362500 0.957031 0.362500 0.959375 0.367708 0.959375 0.368750 0.957812 0.372917 0.957031 0.373958 0.952344 0.375000 0.951562 0.375000 0.950781 0.372917 0.950000 0.371875 0.950000 0.367708 0.950000 0.366667 0.951562 0.363542 0.952344 0.362500 0.954688 0.361458
0 0.840625 0.354167 0.843750 0.355208 0.844531 0.356250 0.845313 0.359375 0.845313 0.360417 0.843750 0.362500 0.842969 0.363542 0.838281 0.363542 0.837500 0.362500 0.840625 0.354167
0 0.315467 0.846044 0.312461 0.844263 0.312461 0.838919 0.314465 0.836247 0.318807 0.836247 0.318807 0.840255 0.321145 0.841146 0.321479 0.842036 0.322147 0.842482 0.322147 0.844263 0.320143 0.845154 0.318139 0.846935
0 0.424380 0.256744 0.424380 0.264859 0.430129 0.264859 0.430129 0.263957 0.432157 0.263055 0.433510 0.260801 0.434524 0.259449 0.435539 0.258998 0.436553 0.257194 0.436215 0.255391 0.435539 0.254940 0.432834 0.254940 0.432496 0.254489 0.426747 0.254489
0 0.305785 0.368659 0.304607 0.365909 0.303428 0.364338 0.303134 0.362766 0.300482 0.358838 0.300482 0.358052 0.299598 0.356481 0.297535 0.354124 0.297830 0.352945 0.299598 0.352552 0.299892 0.351766 0.301660 0.350981 0.302250 0.350981 0.303428 0.352552 0.303723 0.354124 0.307553 0.358445 0.307848 0.359624 0.309321 0.361588 0.309321 0.366695 0.308437 0.367088 0.308142 0.367874
0 0.713991 0.841022 0.714475 0.844453 0.713273 0.844856 0.712793 0.845175 0.710877 0.846134 0.709439 0.846134 0.708241 0.844536 0.707283 0.841022 0.707283 0.839425 0.706564 0.838147 0.706564 0.836869 0.707043 0.836230 0.710158 0.835911 0.711595 0.836550 0.713033 0.838467
0 0.932993 0.623693 0.934572 0.623693 0.937202 0.625096 0.942113 0.630241 0.944393 0.633748 0.945270 0.634216 0.947725 0.634216 0.952110 0.632813 0.954565 0.628136 0.955091 0.626031 0.954916 0.619951 0.953337 0.618782 0.946498 0.618315 0.945796 0.617847 0.934396 0.617613 0.932642 0.618548 0.932292 0.620887 0.933168 0.621822
0 0.872135 0.698991 0.870030 0.701563 0.869154 0.705071 0.866172 0.708345 0.863191 0.708111 0.862314 0.707175 0.859683 0.705772 0.857227 0.701329 0.855649 0.704603 0.855474 0.705772 0.854772 0.706240 0.853018 0.706240 0.852141 0.705305 0.851089 0.702031 0.851089 0.700160 0.851615 0.698991 0.852492 0.697354 0.854597 0.695483 0.855123 0.694080 0.855474 0.690339 0.856351 0.687299 0.858981 0.683089 0.861963 0.683323 0.866172 0.684960 0.868277 0.688468 0.870732 0.694548 0.872135 0.696652
0 0.139773 0.784899 0.138281 0.784700 0.137834 0.784303 0.137237 0.784104 0.136492 0.783308 0.136044 0.783110 0.135000 0.781718 0.134702 0.781121 0.134404 0.779928 0.134404 0.778138 0.135448 0.777343 0.136641 0.777144 0.140369 0.777144 0.140817 0.777343 0.141711 0.779530 0.142159 0.779928 0.142308 0.780723 0.141562 0.783507 0.140966 0.784502
0 0.065503 0.793847 0.065205 0.795637 0.065205 0.798222 0.064907 0.798620 0.064758 0.799614 0.064161 0.800409 0.064012 0.801602 0.063415 0.801602 0.062968 0.801801 0.061626 0.801801 0.061178 0.801602 0.060284 0.800807 0.059240 0.799216 0.059538 0.797824 0.060880 0.796234 0.061178 0.795637 0.061626 0.795239 0.061626 0.794245 0.062073 0.793251 0.062521 0.792853 0.064012 0.792853
0 0.037317 0.769986 0.037615 0.771576 0.038211 0.772571 0.038361 0.773366 0.038361 0.774559 0.038062 0.774957 0.036273 0.775951 0.035378 0.775951 0.034483 0.775553 0.034036 0.774559 0.032992 0.770582 0.033290 0.769787 0.034334 0.768991 0.035825 0.768991
0 0.070276 0.698798 0.072513 0.700389 0.073407 0.700588 0.073706 0.700986 0.074153 0.700986 0.075794 0.701582 0.077881 0.701582 0.078329 0.699395 0.078329 0.698798 0.078031 0.698401 0.077881 0.697804 0.077285 0.697009 0.075794 0.696014 0.075346 0.695418 0.075346 0.694026 0.074451 0.693628 0.072662 0.693429 0.069232 0.696213 0.069083 0.696810 0.069232 0.698003
0 0.144098 0.704565 0.144098 0.708343 0.143799 0.708741 0.143352 0.708940 0.140369 0.708940 0.139773 0.708741 0.138878 0.707746 0.137983 0.707548 0.136641 0.707548 0.136343 0.707150 0.136343 0.706553 0.137536 0.704764 0.137983 0.704565 0.138878 0.703173 0.139922 0.702378 0.142159 0.702378 0.143650 0.702974
0 0.024342 0.646899 0.024491 0.648490 0.023745 0.650081 0.023149 0.650876 0.022701 0.651075 0.022254 0.651672 0.020315 0.652666 0.017929 0.652666 0.016736 0.651870 0.016736 0.648888 0.017034 0.648291 0.017631 0.648291 0.017929 0.647893 0.018824 0.647496 0.019271 0.647496 0.021359 0.646502 0.022851 0.646303
0 0.095181 0.601761 0.092049 0.603352 0.089365 0.603352 0.089067 0.602954 0.088619 0.602755 0.087724 0.601363 0.087724 0.599772 0.088023 0.597983 0.088619 0.597187 0.088918 0.596392 0.090111 0.595597 0.091155 0.595597 0.092646 0.596193 0.093093 0.596591 0.093541 0.596591 0.094286 0.597386 0.094734 0.597585 0.095330 0.598977 0.095330 0.599772
0 0.109796 0.611902 0.108305 0.611902 0.107858 0.611703 0.107559 0.611107 0.107410 0.609715 0.107410 0.607527 0.107709 0.606931 0.107858 0.605738 0.108156 0.605141 0.108753 0.604744 0.109051 0.604346 0.109946 0.604346 0.110990 0.603948 0.111884 0.604147 0.112183 0.604545 0.112481 0.605937 0.112779 0.606533 0.112928 0.608919 0.112481 0.609118 0.112183 0.609516 0.111735 0.609516 0.110095 0.610311
0 0.139027 0.573127 0.138430 0.574519 0.138132 0.574917 0.137685 0.575314 0.136343 0.575911 0.135299 0.575911 0.134255 0.574718 0.133360 0.574121 0.133211 0.573525 0.133807 0.571934 0.134255 0.571536 0.134553 0.570144 0.135299 0.569349 0.135895 0.569150 0.136790 0.569349 0.137685 0.570343 0.138729 0.571138
0 0.153344 0.551651 0.147826 0.551651 0.146633 0.549663 0.146335 0.548271 0.146484 0.547078 0.147080 0.546283 0.147826 0.546283 0.150510 0.547674 0.152002 0.547873 0.152897 0.548271 0.153941 0.548271 0.154388 0.548072 0.154388 0.550657
0 0.270266 0.541510 0.270266 0.544891 0.270415 0.545487 0.270714 0.545885 0.270863 0.547078 0.270415 0.547277 0.269073 0.547277 0.267134 0.545686 0.266687 0.543698 0.266687 0.542902 0.266538 0.542306 0.266538 0.538726 0.266985 0.538329 0.268327 0.538329 0.268626 0.538726 0.269670 0.539522
0 0.380776 0.511087 0.381820 0.513274 0.382267 0.515262 0.382267 0.516455 0.381820 0.516853 0.380626 0.517251 0.379732 0.517450 0.377942 0.517450 0.377345 0.517251 0.376152 0.516058 0.375854 0.514467 0.375556 0.514069 0.375556 0.511087 0.375854 0.510490 0.377196 0.509893 0.379732 0.509893
0 0.276679 0.471914 0.275486 0.471914 0.274889 0.472112 0.273845 0.472112 0.273249 0.471914 0.272354 0.470522 0.272056 0.469726 0.272056 0.465749 0.272354 0.465352 0.273696 0.465352 0.274889 0.465749 0.275337 0.465948 0.275635 0.466346 0.276232 0.466545 0.277126 0.467539 0.277723 0.467937 0.278618 0.467937 0.279065 0.468136 0.278618 0.468334 0.278021 0.469329 0.277872 0.470721
0 0.448930 0.513672 0.447588 0.514467 0.447141 0.514467 0.446693 0.514268 0.445649 0.513075 0.445202 0.512876 0.444456 0.512081 0.444307 0.510689 0.444307 0.507507 0.444755 0.506911 0.445351 0.506712 0.450273 0.506712 0.451168 0.508303 0.451764 0.509893 0.452211 0.510291 0.451913 0.510888 0.451317 0.511285 0.449527 0.511882
0 0.437298 0.491401 0.434166 0.491401 0.433719 0.491202 0.433420 0.489810 0.433122 0.489213 0.433122 0.488617 0.432824 0.488219 0.432376 0.486032 0.432078 0.485634 0.432376 0.485236 0.435508 0.485236 0.436850 0.485833 0.437298 0.485833 0.437596 0.486231 0.438044 0.486429 0.438342 0.487225 0.438789 0.487821 0.438789 0.490605
0 0.440579 0.489213 0.439535 0.487424 0.438938 0.487424 0.438938 0.485435 0.440131 0.483646 0.441026 0.483646 0.442369 0.485038 0.442965 0.485435 0.443562 0.486429 0.443562 0.487821 0.443263 0.489213 0.442667 0.489810 0.441772 0.489810
0 0.327709 0.629552 0.325747 0.630156 0.325294 0.630558 0.324388 0.630961 0.324237 0.631766 0.324690 0.633175 0.325143 0.633376 0.325445 0.633779 0.326804 0.634383 0.327256 0.634383 0.327860 0.633779 0.328313 0.633779 0.328766 0.633175 0.329219 0.632974 0.329521 0.632571 0.330880 0.632571 0.331333 0.632370 0.332239 0.631565 0.332540 0.630961 0.332540 0.630357 0.332087 0.630156 0.329219 0.630156
0 0.364697 0.658136 0.362433 0.657129 0.362131 0.656726 0.361678 0.656525 0.360923 0.655519 0.360621 0.654110 0.360621 0.652902 0.360923 0.652499 0.363942 0.652499 0.364848 0.653103 0.365452 0.653908 0.366056 0.655317 0.367113 0.656726 0.365754 0.657330
0 0.481096 0.686518 0.480794 0.688128 0.480794 0.689135 0.480341 0.690544 0.480190 0.691752 0.480341 0.692356 0.479435 0.692557 0.478681 0.692356 0.478228 0.691953 0.477775 0.690745 0.477473 0.688934 0.477473 0.688128 0.478077 0.686921 0.478228 0.686116 0.478530 0.685713 0.479134 0.685512 0.480039 0.685512
0 0.525935 0.686116 0.524425 0.686116 0.523821 0.685713 0.523821 0.682492 0.524123 0.681083 0.525482 0.680681 0.526840 0.680681 0.528199 0.681083 0.528501 0.681687 0.528954 0.682090 0.529407 0.683297 0.529407 0.683901 0.529105 0.684304 0.528048 0.685512 0.527142 0.685914
0 0.475812 0.647467 0.474604 0.647668 0.474302 0.647266 0.473850 0.647266 0.473397 0.646863 0.472793 0.644246 0.472793 0.642233 0.472491 0.640019 0.472642 0.639415 0.473850 0.639012 0.474302 0.639012 0.475359 0.639415 0.477322 0.641831 0.477775 0.643038 0.477775 0.645655 0.477473 0.648473 0.477322 0.649077 0.476265 0.649077
0 0.760556 0.583403 0.759574 0.583257 0.758482 0.582675 0.757827 0.581947 0.757063 0.581511 0.756735 0.581074 0.756626 0.580492 0.756299 0.580201 0.755862 0.579036 0.755971 0.578454 0.756845 0.577872 0.758154 0.576562 0.759464 0.575834 0.760993 0.575398 0.761429 0.575398 0.762303 0.575980 0.762630 0.576417 0.762739 0.577144 0.762739 0.580201 0.762958 0.580929 0.762958 0.582239 0.762739 0.582821 0.761866 0.583112
0 0.997720 0.478919 0.991800 0.484182 0.991580 0.485351 0.988511 0.485351 0.987853 0.484182 0.987853 0.481551 0.988291 0.480966 0.988291 0.480089 0.988949 0.479212 0.989826 0.478919 0.990265 0.477458 0.990703 0.477165 0.990703 0.475704 0.991361 0.473657 0.993115 0.473657 0.996843 0.475411 0.997939 0.476581
0 0.969435 0.465471 0.965269 0.461671 0.965269 0.457870 0.965927 0.456116 0.965927 0.454947 0.967023 0.454655 0.968777 0.455239 0.970751 0.457870 0.972066 0.458747 0.972505 0.460501 0.972505 0.463717 0.971189 0.464302
0 0.493645 0.220935 0.491647 0.220935 0.488984 0.222119 0.487652 0.220343 0.487430 0.218567 0.486542 0.217087 0.486542 0.211760 0.491869 0.211464 0.492979 0.215016 0.493423 0.218271
