0 0.606243 0.533216 0.606485 0.533817 0.606923 0.535090 0.607190 0.535725 0.607418 0.536416 0.607663 0.537010 0.607810 0.537696 0.607761 0.538427 0.607639 0.539067 0.607418 0.539707 0.607345 0.540393 0.607173 0.541079 0.606977 0.541719 0.606599 0.542205 0.606284 0.542748 0.605549 0.543708 0.605215 0.544246 0.604826 0.544501 0.603858 0.544624 0.603372 0.544592 0.602944 0.544273 0.602488 0.544148 0.602138 0.543711 0.601810 0.543136 0.601345 0.541902 0.601271 0.540439 0.601296 0.539707 0.601320 0.538244 0.601268 0.537505 0.601350 0.536781 0.602102 0.535837 0.602495 0.535424 0.602862 0.534967 0.603649 0.534095 0.604044 0.533726 0.604896 0.532987 0.605246 0.532536 0.605713 0.532251
0 0.026031 0.191911 0.026797 0.191784 0.027258 0.192202 0.027339 0.192925 0.026962 0.193642 0.026357 0.194217 0.024821 0.196157 0.024263 0.196767 0.023658 0.197342 0.022422 0.198413 0.021812 0.198922 0.020692 0.200111 0.020184 0.200825 0.019736 0.201595 0.019134 0.202167 0.018634 0.202767 0.018027 0.203125 0.015701 0.203125 0.014927 0.203005 0.014480 0.202627 0.014151 0.201913 0.013654 0.201257 0.013421 0.200395 0.013467 0.199533 0.014072 0.198994 0.015468 0.198132 0.016166 0.197629 0.016567 0.196896 0.017143 0.196336 0.018214 0.195079 0.018865 0.194576 0.019472 0.193967 0.020169 0.193464 0.020821 0.192961 0.021476 0.192492 0.022181 0.192020 0.022960 0.191810 0.023704 0.191703 0.024472 0.191728
0 0.055086 0.123975 0.056372 0.123958 0.057017 0.124059 0.057646 0.124050 0.058273 0.124141 0.058900 0.124233 0.059527 0.124301 0.060149 0.124447 0.060753 0.124524 0.060799 0.125076 0.060645 0.125835 0.060389 0.126564 0.060022 0.127174 0.059688 0.127862 0.059413 0.128549 0.059119 0.129235 0.058826 0.129941 0.058485 0.130588 0.057910 0.130763 0.057322 0.130969 0.056739 0.131196 0.056100 0.131195 0.055512 0.131135 0.055196 0.130476 0.055101 0.129691 0.055101 0.128826 0.055081 0.127981 0.055101 0.127141 0.055199 0.126319 0.055197 0.125467 0.055238 0.124614 0.055086 0.123975
0 0.386476 0.204346 0.386880 0.204705 0.387204 0.205244 0.387419 0.205819 0.387662 0.206394 0.387985 0.206897 0.388362 0.207364 0.388847 0.207507 0.389359 0.207615 0.389763 0.207866 0.389817 0.208585 0.389709 0.209950 0.389682 0.210632 0.389547 0.211243 0.389116 0.211638 0.388712 0.211997 0.388308 0.212500 0.387904 0.212859 0.386934 0.213218 0.386476 0.213470 0.385426 0.213542 0.384914 0.213506 0.384402 0.213614 0.383944 0.213614 0.383836 0.212249 0.383809 0.211566 0.383728 0.210848 0.383594 0.210237 0.382678 0.209734 0.382381 0.209375 0.382381 0.208693 0.382489 0.207328 0.382705 0.206034 0.383028 0.204741 0.383459 0.204490 0.383971 0.204418 0.384456 0.204310 0.384968 0.204203 0.385466 0.204095
0 0.951484 0.236022 0.952877 0.235937 0.953553 0.235966 0.954192 0.236049 0.954722 0.236283 0.955170 0.236856 0.955568 0.237467 0.955668 0.238243 0.955726 0.239138 0.955828 0.240034 0.955811 0.240908 0.955653 0.241621 0.955106 0.242059 0.954945 0.242478 0.954391 0.242942 0.953826 0.243295 0.953264 0.243717 0.952781 0.244255 0.952244 0.244371 0.951677 0.244376 0.951350 0.244282 0.951308 0.243571 0.951102 0.242666 0.950960 0.241794 0.950882 0.240912 0.950862 0.240001 0.950764 0.239120 0.950730 0.238231 0.950838 0.237318 0.950797 0.236452 0.950958 0.236011 0.951484 0.236022
0 0.787555 0.005747 0.788815 0.006573 0.789381 0.007184 0.789468 0.008164 0.789468 0.009230 0.789442 0.010229 0.788918 0.010776 0.788318 0.011279 0.788472 0.011494 0.787838 0.011566 0.787221 0.011710 0.787049 0.012644 0.787066 0.013685 0.787135 0.014727 0.787204 0.015733 0.786935 0.016154 0.786284 0.016008 0.785711 0.015528 0.785378 0.014615 0.785024 0.013707 0.785145 0.012730 0.785281 0.011729 0.785404 0.010704 0.785558 0.009698 0.785644 0.008692 0.785044 0.008190 0.784615 0.007543 0.784735 0.006537 0.785232 0.005891 0.785982 0.005729 0.786775 0.005783 0.787555 0.005747
0 0.767812 0.111021 0.768452 0.111119 0.768899 0.111602 0.769122 0.112320 0.769886 0.113685 0.770746 0.114978 0.771064 0.115697 0.771224 0.116487 0.771574 0.117205 0.771828 0.117924 0.771924 0.118786 0.771860 0.119612 0.772019 0.121300 0.771478 0.121552 0.770141 0.121588 0.768804 0.121767 0.768485 0.121444 0.768549 0.120582 0.768454 0.118822 0.768463 0.117931 0.768112 0.117119 0.767511 0.117143 0.766957 0.117708 0.765875 0.118642 0.765302 0.119001 0.764665 0.118822 0.764060 0.118570 0.763391 0.118463 0.762946 0.118068 0.762914 0.117170 0.762958 0.116267 0.762926 0.115412 0.762985 0.114547 0.763353 0.113896 0.764335 0.112718 0.764866 0.112180 0.765332 0.111582 0.765860 0.111148 0.766466 0.111036
0 0.766881 0.150197 0.768403 0.150833 0.769829 0.152235 0.770080 0.153225 0.770080 0.154332 0.770434 0.156528 0.770718 0.157684 0.771257 0.158702 0.772856 0.159856 0.773847 0.159925 0.774826 0.159380 0.776007 0.158229 0.776577 0.158379 0.777236 0.160061 0.777815 0.161175 0.779219 0.162655 0.780084 0.164176 0.780024 0.168338 0.779283 0.168809 0.778151 0.170665 0.776652 0.170902 0.774919 0.170966 0.774003 0.170833 0.772926 0.169201 0.772171 0.168528 0.771335 0.168266 0.770877 0.167384 0.770341 0.167008 0.768710 0.166584 0.767914 0.165980 0.766968 0.164023 0.766431 0.163111 0.765148 0.161519 0.764570 0.160687 0.763243 0.159520 0.763182 0.157192 0.763202 0.152205 0.764044 0.151907 0.765254 0.150470
0 0.640775 0.032743 0.641174 0.033095 0.641524 0.033598 0.641842 0.034120 0.642205 0.034614 0.642611 0.035074 0.642837 0.035542 0.642829 0.036942 0.642875 0.037673 0.642875 0.039136 0.642883 0.039818 0.642619 0.040116 0.641596 0.040119 0.641075 0.040084 0.640716 0.039813 0.640545 0.039257 0.640047 0.038192 0.639831 0.038975 0.639474 0.039388 0.638865 0.040352 0.638438 0.040376 0.637336 0.040376 0.636855 0.040388 0.636639 0.040157 0.636543 0.039572 0.636374 0.038929 0.636325 0.037530 0.636275 0.036846 0.636248 0.035403 0.636171 0.034693 0.635978 0.034165 0.636237 0.033884 0.636663 0.033582 0.637150 0.033349 0.637626 0.033069 0.638121 0.032893 0.638620 0.032817 0.639151 0.032818 0.639698 0.032761
0 0.676357 0.111488 0.676980 0.111563 0.677606 0.111517 0.678230 0.111517 0.678818 0.111635 0.679186 0.112221 0.680214 0.113045 0.681169 0.114015 0.681573 0.114515 0.682453 0.115568 0.682772 0.116136 0.682913 0.116810 0.682808 0.117539 0.682452 0.118075 0.681980 0.118569 0.681515 0.119001 0.680949 0.119217 0.679700 0.119423 0.677863 0.119599 0.677217 0.119588 0.676793 0.120106 0.676515 0.120619 0.675916 0.120686 0.675291 0.120569 0.674814 0.120216 0.673739 0.119504 0.673314 0.119050 0.673025 0.118412 0.672693 0.117822 0.672404 0.117218 0.672298 0.116499 0.672225 0.115742 0.672189 0.114926 0.672222 0.114160 0.672575 0.113600 0.673051 0.113075 0.674006 0.112134 0.674520 0.111664 0.675089 0.111488
0 0.463875 0.655754 0.464534 0.656471 0.464490 0.657190 0.464461 0.657867 0.464328 0.658430 0.463940 0.658871 0.463558 0.659437 0.463181 0.659940 0.463095 0.660649 0.463078 0.661426 0.462804 0.661906 0.462253 0.661898 0.461685 0.661891 0.461118 0.661883 0.460556 0.661853 0.460118 0.661836 0.460123 0.661287 0.460006 0.660593 0.459977 0.659860 0.459834 0.659153 0.459690 0.658421 0.459534 0.657764 0.459493 0.657068 0.459615 0.656547 0.460085 0.656381 0.460626 0.656214 0.461175 0.656123 0.461706 0.656008 0.462255 0.655917 0.462804 0.655826 0.463352 0.655734 0.463875 0.655754
0 0.511524 0.755300 0.512578 0.755597 0.512956 0.755963 0.512956 0.756717 0.512956 0.757494 0.512921 0.758226 0.512904 0.759003 0.512841 0.759732 0.512835 0.760489 0.512818 0.761243 0.512801 0.762020 0.512596 0.762500 0.512013 0.762500 0.511481 0.762363 0.510933 0.762271 0.510384 0.762180 0.509835 0.762111 0.509287 0.761974 0.508875 0.761449 0.508635 0.760809 0.508498 0.760123 0.508413 0.759414 0.508310 0.758706 0.508241 0.757974 0.508224 0.757197 0.508481 0.756648 0.508995 0.756466 0.509493 0.756191 0.509990 0.755940 0.510504 0.755688 0.511001 0.755483 0.511524 0.755300
0 0.505038 0.652879 0.505286 0.653555 0.505715 0.654099 0.505997 0.654759 0.506027 0.655571 0.506000 0.656396 0.506000 0.658009 0.505880 0.658800 0.505387 0.659189 0.504813 0.659310 0.504302 0.659566 0.504027 0.660155 0.503825 0.660861 0.503691 0.661605 0.503421 0.662271 0.503017 0.662820 0.502101 0.663721 0.501563 0.663956 0.500991 0.663937 0.499790 0.663976 0.499251 0.663869 0.498880 0.663363 0.498807 0.662654 0.498780 0.661838 0.498707 0.661057 0.498680 0.660234 0.498707 0.658666 0.498599 0.657099 0.498491 0.656354 0.498303 0.655649 0.498141 0.654905 0.498572 0.654552 0.499138 0.654434 0.500350 0.654434 0.501536 0.654356 0.502074 0.654160 0.502909 0.653024 0.503394 0.652671 0.503975 0.652642
0 0.090625 0.829167 0.081250 0.837500 0.074219 0.837500 0.071875 0.827083 0.077344 0.823958 0.085938 0.823958
0 0.714288 0.836886 0.717631 0.840511 0.719441 0.842305 0.719945 0.844161 0.720606 0.845859 0.720871 0.847812 0.720474 0.849680 0.720303 0.851694 0.719786 0.853515 0.716974 0.856754 0.715741 0.857837 0.712434 0.859821 0.710464 0.860833 0.708978 0.861368 0.706588 0.861369 0.704340 0.860972 0.704472 0.859104 0.707190 0.855669 0.707822 0.855301 0.709132 0.853969 0.710787 0.851843 0.711151 0.849850 0.712010 0.848237 0.712142 0.847388 0.710886 0.846369 0.709493 0.846002 0.708730 0.846082 0.707479 0.847115 0.705915 0.847475 0.703754 0.846704 0.701959 0.846354 0.702951 0.844586 0.703678 0.842888 0.704327 0.842417 0.705815 0.842019 0.707014 0.840823 0.708965 0.839628 0.711526 0.837641 0.712767 0.837044
0 0.005469 0.061458 0.007630 0.062407 0.012144 0.064387 0.010156 0.069792 0.004687 0.070833
0 0.020313 0.136458 0.021094 0.140625 0.031250 0.154167 0.032031 0.162500 0.028125 0.167708 0.025000 0.167708 0.017188 0.151042 0.007812 0.138542 0.007031 0.134375 0.011719 0.130208
0 0.167749 0.434857 0.168302 0.434916 0.170492 0.435597 0.171052 0.435639 0.171603 0.435874 0.172044 0.436315 0.172411 0.436785 0.172852 0.437255 0.173220 0.437755 0.173477 0.438225 0.173660 0.438754 0.173984 0.439304 0.174389 0.439776 0.174721 0.440248 0.175130 0.440694 0.175791 0.441781 0.176048 0.442339 0.176048 0.443103 0.175607 0.443427 0.175056 0.443603 0.174469 0.443662 0.173954 0.443515 0.173550 0.443015 0.173073 0.442633 0.172007 0.442369 0.170942 0.441957 0.170391 0.441663 0.169987 0.441252 0.169619 0.440752 0.169215 0.440282 0.168738 0.439841 0.168040 0.438871 0.167636 0.438401 0.167195 0.437960 0.166387 0.437020 0.166035 0.436517 0.166040 0.435851 0.166138 0.435187 0.166595 0.434874
0 0.254117 0.403876 0.254901 0.404105 0.256390 0.404921 0.257879 0.405541 0.258662 0.405737 0.259368 0.406162 0.260112 0.406521 0.260857 0.406946 0.261601 0.407239 0.261719 0.408219 0.261719 0.409329 0.261523 0.410276 0.260896 0.410766 0.260112 0.411060 0.259368 0.411419 0.258741 0.412040 0.257957 0.413542 0.257173 0.413542 0.255880 0.413411 0.255096 0.413542 0.253725 0.413411 0.254509 0.413150 0.254665 0.412333 0.254274 0.411550 0.254156 0.410635 0.253490 0.409035 0.253137 0.408219 0.253098 0.407403 0.253333 0.406554 0.252510 0.406521 0.250865 0.406521 0.250081 0.406554 0.249258 0.406488 0.249219 0.405443 0.249454 0.404627 0.250198 0.404333 0.250943 0.403941 0.251727 0.403713 0.252530 0.403647
0 0.134188 0.384150 0.133922 0.385549 0.133687 0.386285 0.133608 0.387095 0.133920 0.387747 0.134195 0.388452 0.134471 0.389185 0.134764 0.389864 0.134941 0.390622 0.134588 0.391170 0.134118 0.391667 0.133491 0.391667 0.132844 0.391667 0.132198 0.391667 0.131551 0.391667 0.130924 0.391667 0.130434 0.391249 0.130043 0.390622 0.129690 0.389969 0.129474 0.389342 0.129239 0.388636 0.129122 0.387827 0.129396 0.387121 0.129768 0.386494 0.130278 0.386050 0.130846 0.385841 0.131434 0.385684 0.132041 0.385554 0.132629 0.385371 0.133138 0.384953 0.133628 0.384431 0.134188 0.384150
0 0.084675 0.349526 0.083847 0.350190 0.083310 0.350531 0.082772 0.350841 0.082232 0.351119 0.081746 0.351463 0.081250 0.351848 0.080754 0.352250 0.080214 0.352577 0.079661 0.352844 0.079149 0.353203 0.078637 0.353465 0.078044 0.353579 0.077586 0.353399 0.077101 0.353073 0.076866 0.352504 0.076867 0.351786 0.076942 0.351092 0.077422 0.350811 0.077977 0.350668 0.078544 0.350585 0.079107 0.350552 0.079697 0.350551 0.080301 0.350596 0.080877 0.350513 0.081448 0.350414 0.082015 0.350283 0.082578 0.350186 0.083173 0.350071 0.083736 0.349957 0.084291 0.349861 0.084675 0.349526
0 0.101167 0.379167 0.102030 0.380048 0.102349 0.380754 0.102655 0.381459 0.102875 0.382194 0.103096 0.382958 0.103304 0.383722 0.103536 0.384486 0.103732 0.385250 0.103953 0.386014 0.104198 0.386778 0.104467 0.387337 0.104222 0.387337 0.104320 0.387719 0.104541 0.388218 0.104504 0.388101 0.104271 0.387542 0.104090 0.387219 0.104049 0.387109 0.103479 0.387247 0.103003 0.386998 0.102691 0.386308 0.102349 0.385662 0.102006 0.384986 0.101834 0.384222 0.101675 0.383457 0.101565 0.382635 0.101455 0.381841 0.101332 0.381048 0.101198 0.380283 0.100940 0.379549 0.101167 0.379167
0 0.103466 0.406009 0.104379 0.406084 0.104830 0.406179 0.105264 0.406256 0.105674 0.406412 0.106097 0.406478 0.106223 0.406938 0.106223 0.407559 0.106250 0.408167 0.106250 0.408794 0.105956 0.409127 0.105559 0.409362 0.105236 0.409793 0.104898 0.410224 0.104575 0.410635 0.104261 0.411080 0.103948 0.411424 0.103503 0.411422 0.103060 0.411387 0.102825 0.410903 0.102511 0.410426 0.102137 0.410096 0.101774 0.409768 0.101562 0.409284 0.101562 0.408676 0.101590 0.408054 0.101720 0.407496 0.101949 0.407017 0.102297 0.406708 0.102679 0.406396 0.103051 0.406158 0.103466 0.406009
0 0.004265 0.418231 0.005115 0.418754 0.005464 0.419178 0.005579 0.419899 0.005732 0.420622 0.006113 0.420965 0.006617 0.421084 0.006995 0.421325 0.006988 0.422028 0.007031 0.422763 0.007031 0.423498 0.007031 0.424262 0.007031 0.424997 0.006988 0.425731 0.006995 0.426435 0.006649 0.426559 0.006130 0.426586 0.005583 0.426556 0.005032 0.426614 0.004503 0.426649 0.004300 0.426242 0.004302 0.425526 0.004302 0.424791 0.004259 0.424056 0.004259 0.423322 0.004259 0.422557 0.004259 0.421823 0.004259 0.421088 0.004259 0.420353 0.004259 0.419589 0.004259 0.418854 0.004265 0.418231
0 0.097487 0.486321 0.098875 0.486150 0.099530 0.486445 0.100118 0.486886 0.100583 0.487533 0.100828 0.488385 0.100999 0.489237 0.101140 0.490171 0.101097 0.491148 0.100915 0.492054 0.100620 0.492710 0.100091 0.493061 0.099440 0.493398 0.098843 0.493875 0.098304 0.494189 0.097699 0.494252 0.096983 0.494251 0.096282 0.494163 0.095793 0.494077 0.095397 0.493540 0.094827 0.493095 0.094487 0.492591 0.094319 0.491770 0.094179 0.490867 0.094062 0.489954 0.094333 0.489178 0.094748 0.488517 0.095334 0.488079 0.095983 0.487601 0.096588 0.486998 0.096986 0.486577 0.097487 0.486321
0 0.058729 0.455457 0.060312 0.455507 0.061016 0.455523 0.061237 0.456225 0.061468 0.457123 0.061624 0.458131 0.061890 0.459063 0.062127 0.460043 0.062266 0.461026 0.062725 0.461824 0.062963 0.462683 0.062401 0.463198 0.061663 0.463311 0.060857 0.463320 0.060049 0.463202 0.059267 0.463173 0.058540 0.463496 0.057866 0.463996 0.057085 0.464143 0.056304 0.464201 0.055603 0.463907 0.055226 0.463055 0.054876 0.462173 0.054688 0.461204 0.055131 0.460423 0.055728 0.459742 0.056294 0.459007 0.056826 0.458281 0.057492 0.457700 0.058132 0.457088 0.058515 0.456205 0.058729 0.455457
0 0.019092 0.438536 0.020269 0.439466 0.020831 0.440116 0.021371 0.440802 0.021967 0.441459 0.022559 0.442047 0.023124 0.442666 0.023714 0.443283 0.024211 0.443975 0.024311 0.444883 0.024237 0.445786 0.023749 0.446371 0.023141 0.446872 0.022522 0.447362 0.021821 0.447525 0.021067 0.447557 0.020286 0.447525 0.019612 0.447231 0.019046 0.446611 0.018454 0.445925 0.017861 0.445337 0.017511 0.444553 0.017322 0.443639 0.017053 0.442790 0.016810 0.441908 0.016649 0.440994 0.016487 0.440047 0.016406 0.439100 0.017016 0.438929 0.017769 0.438948 0.018466 0.438720 0.019092 0.438536
0 0.283699 0.243257 0.284240 0.243414 0.285323 0.243884 0.285832 0.244276 0.286278 0.244785 0.287201 0.245686 0.287583 0.246274 0.287902 0.246901 0.288347 0.248273 0.288666 0.248900 0.288889 0.249605 0.288952 0.250349 0.288857 0.251094 0.288634 0.251760 0.288252 0.252387 0.287965 0.253014 0.287711 0.253680 0.287169 0.253837 0.285991 0.253915 0.285386 0.253915 0.284782 0.253994 0.284208 0.253994 0.283635 0.253954 0.283062 0.253876 0.282521 0.253641 0.282044 0.253132 0.281598 0.252583 0.281216 0.252034 0.280452 0.250036 0.280165 0.249409 0.279847 0.248782 0.279687 0.248038 0.279687 0.246431 0.279719 0.245647 0.280101 0.245059 0.281025 0.244080 0.281502 0.243688 0.282012 0.243335 0.282537 0.243061
0 0.230660 0.262536 0.232381 0.262608 0.233219 0.262572 0.234057 0.262608 0.235732 0.262931 0.236290 0.263578 0.237360 0.264978 0.237500 0.265805 0.237500 0.268068 0.237128 0.268858 0.236363 0.269368 0.235592 0.269756 0.234138 0.270870 0.233498 0.271480 0.233164 0.272368 0.232707 0.273132 0.232833 0.273200 0.232584 0.273559 0.231647 0.273586 0.230846 0.273312 0.230148 0.272701 0.229485 0.272018 0.228752 0.271516 0.228007 0.271049 0.227309 0.270402 0.226592 0.269857 0.225850 0.269428 0.225137 0.268742 0.223666 0.267832 0.223007 0.267495 0.223246 0.266640 0.223429 0.265682 0.223679 0.264752 0.224349 0.264379 0.225196 0.264231 0.225727 0.263470 0.226472 0.262931 0.227309 0.262716 0.228123 0.262547
0 0.196336 0.178575 0.196879 0.178570 0.197285 0.178982 0.197710 0.179562 0.198087 0.180149 0.198818 0.181252 0.199300 0.181613 0.199650 0.182200 0.199811 0.182906 0.200000 0.184395 0.200242 0.185061 0.200566 0.185688 0.200827 0.186342 0.200745 0.187119 0.200577 0.187847 0.200211 0.188464 0.199736 0.188871 0.199192 0.189058 0.198653 0.189175 0.198114 0.189332 0.197575 0.189449 0.196983 0.189489 0.196417 0.189449 0.195824 0.189449 0.195232 0.189410 0.194693 0.189410 0.193615 0.189645 0.193130 0.189528 0.192996 0.188823 0.192969 0.188039 0.192969 0.184120 0.193292 0.183611 0.193669 0.183101 0.193912 0.182435 0.194127 0.181730 0.194747 0.180515 0.194893 0.179781 0.194999 0.179086 0.195189 0.178448
0 0.153464 0.143358 0.155011 0.143518 0.155786 0.143454 0.156529 0.143454 0.157254 0.143571 0.157719 0.144215 0.158109 0.144994 0.158324 0.145941 0.158432 0.146921 0.158432 0.147933 0.158136 0.148815 0.157597 0.149500 0.157193 0.150317 0.156708 0.151068 0.156115 0.151721 0.155576 0.152439 0.154876 0.152603 0.154095 0.152571 0.153342 0.152539 0.152572 0.152508 0.151970 0.152063 0.151495 0.151327 0.151205 0.150464 0.151153 0.149467 0.151228 0.148458 0.151228 0.147411 0.151179 0.146368 0.151212 0.145353 0.151616 0.144570 0.152074 0.143819 0.152721 0.143361 0.153464 0.143358
0 0.186504 0.068415 0.187471 0.068779 0.187934 0.069145 0.188372 0.069528 0.188774 0.070007 0.189065 0.070634 0.189374 0.071235 0.189699 0.071862 0.189888 0.072515 0.190111 0.073194 0.190313 0.073843 0.190499 0.074522 0.190351 0.074918 0.189785 0.074892 0.189219 0.074866 0.188636 0.074892 0.188088 0.074944 0.187533 0.074996 0.187001 0.075126 0.186470 0.075230 0.185930 0.075334 0.185611 0.075129 0.185645 0.074464 0.185709 0.073710 0.185732 0.072916 0.185698 0.072179 0.185681 0.071433 0.185623 0.070677 0.185597 0.070017 0.185831 0.069468 0.186175 0.068887 0.186504 0.068415
0 0.136086 0.070833 0.137534 0.070871 0.137682 0.071530 0.137789 0.072428 0.137897 0.073330 0.138032 0.074193 0.138166 0.075071 0.138166 0.075980 0.138039 0.076809 0.137500 0.077083 0.136746 0.077083 0.136018 0.077083 0.135291 0.077083 0.134537 0.077083 0.133810 0.077038 0.133082 0.077005 0.132381 0.076829 0.131659 0.076666 0.130960 0.076509 0.130253 0.076378 0.130092 0.075536 0.130092 0.074595 0.130145 0.073655 0.130711 0.073126 0.131358 0.072636 0.131977 0.072126 0.132597 0.071637 0.133190 0.071147 0.133913 0.070945 0.134615 0.070866 0.135343 0.070807 0.136086 0.070833
0 0.110799 0.058325 0.111974 0.058718 0.112564 0.058928 0.113147 0.059203 0.113442 0.059808 0.113268 0.060584 0.113044 0.061299 0.112746 0.061963 0.112348 0.062599 0.111883 0.063088 0.111466 0.063689 0.111050 0.064263 0.110680 0.064902 0.110169 0.065387 0.109654 0.065831 0.109017 0.065883 0.108405 0.065883 0.107817 0.065700 0.107401 0.065099 0.107058 0.064472 0.106691 0.063871 0.106495 0.063166 0.106593 0.062382 0.106813 0.061651 0.107156 0.061024 0.107501 0.060360 0.107977 0.059827 0.108524 0.059455 0.109091 0.059139 0.109631 0.058877 0.110195 0.058590 0.110799 0.058325
0 0.121875 0.017304 0.122842 0.017228 0.123016 0.017576 0.122958 0.018195 0.122769 0.018763 0.122529 0.019292 0.122233 0.019799 0.121941 0.020289 0.121706 0.020820 0.121363 0.021271 0.120935 0.021545 0.120506 0.021859 0.120077 0.022133 0.119649 0.022407 0.119203 0.022642 0.118751 0.022881 0.118268 0.022882 0.117993 0.022606 0.117996 0.021957 0.117996 0.021271 0.117996 0.020605 0.117996 0.019919 0.118021 0.019257 0.118319 0.018840 0.118694 0.018477 0.119126 0.018290 0.119586 0.018172 0.120055 0.018051 0.120525 0.017892 0.120991 0.017695 0.121421 0.017524 0.121875 0.017304
0 0.119267 0.028104 0.120560 0.028125 0.121222 0.028083 0.121866 0.028106 0.122448 0.028408 0.122940 0.028948 0.123447 0.029451 0.123976 0.029931 0.124219 0.030616 0.124250 0.031462 0.124248 0.032346 0.123823 0.032955 0.123382 0.033526 0.122964 0.034118 0.122588 0.034708 0.122477 0.035417 0.121816 0.035417 0.121177 0.035417 0.120538 0.035417 0.119877 0.035417 0.119546 0.034868 0.119190 0.034254 0.118819 0.033611 0.118422 0.033017 0.118091 0.032377 0.117716 0.031737 0.117540 0.031028 0.117562 0.030182 0.117646 0.029360 0.118179 0.028902 0.118708 0.028445 0.119267 0.028104
0 0.283444 0.058680 0.282750 0.060391 0.282257 0.062203 0.281944 0.063152 0.280493 0.063535 0.279749 0.063480 0.279396 0.061870 0.278965 0.061037 0.278377 0.060649 0.277868 0.061037 0.277907 0.062092 0.278612 0.065811 0.278730 0.067810 0.278691 0.068753 0.278299 0.069641 0.278260 0.070585 0.278025 0.071473 0.276496 0.071584 0.275791 0.071362 0.275399 0.070585 0.275791 0.069753 0.275164 0.069475 0.273714 0.069086 0.273597 0.068143 0.273636 0.066089 0.273736 0.065092 0.273636 0.060982 0.274028 0.059094 0.274166 0.057108 0.274382 0.056268 0.275047 0.056041 0.276575 0.055930 0.278025 0.056041 0.278338 0.057928 0.279004 0.058039 0.280101 0.056929 0.281512 0.056596 0.282923 0.056152 0.284182 0.056031
0 0.287943 0.038147 0.289364 0.038290 0.289912 0.038901 0.290363 0.039655 0.290853 0.040374 0.291382 0.040984 0.291872 0.041631 0.292107 0.042529 0.292283 0.043463 0.292440 0.044397 0.292503 0.045339 0.292660 0.046309 0.292758 0.047241 0.292890 0.048204 0.292792 0.048958 0.292048 0.048958 0.291284 0.048958 0.290833 0.048276 0.290285 0.047701 0.289638 0.047450 0.289050 0.046983 0.288580 0.046228 0.288169 0.045474 0.287757 0.044648 0.287287 0.043930 0.287091 0.042996 0.287052 0.042026 0.286993 0.041020 0.286934 0.040050 0.286836 0.039080 0.287287 0.038398 0.287943 0.038147
0 0.291202 0.063923 0.292334 0.064577 0.292844 0.065165 0.293196 0.065792 0.293569 0.066497 0.293843 0.067359 0.294098 0.068182 0.294294 0.069083 0.294340 0.070001 0.294457 0.070891 0.294417 0.071822 0.294401 0.072697 0.294021 0.073414 0.293574 0.074151 0.293124 0.074719 0.292525 0.074865 0.291884 0.074922 0.291276 0.074647 0.290708 0.074256 0.290392 0.073411 0.289914 0.072774 0.289525 0.072251 0.289665 0.071342 0.289625 0.070389 0.289494 0.069463 0.289505 0.068617 0.289788 0.067862 0.290101 0.067045 0.290473 0.066262 0.290708 0.065400 0.290845 0.064459 0.291202 0.063923
0 0.573868 0.002589 0.574659 0.002715 0.574705 0.003285 0.574706 0.003847 0.574780 0.004369 0.574853 0.004892 0.574902 0.005430 0.574951 0.005986 0.574952 0.006517 0.574833 0.006901 0.574486 0.007079 0.574106 0.007259 0.573702 0.007292 0.573273 0.007292 0.572845 0.007292 0.572416 0.007292 0.571988 0.007292 0.571694 0.007096 0.571620 0.006573 0.571547 0.006051 0.571533 0.005502 0.571459 0.004962 0.571386 0.004439 0.571325 0.003904 0.571274 0.003392 0.571485 0.003086 0.571862 0.002995 0.572257 0.002851 0.572649 0.002769 0.573053 0.002671 0.573457 0.002606 0.573868 0.002589
0 0.512081 0.149583 0.513203 0.150376 0.513686 0.151027 0.514064 0.151711 0.514545 0.152329 0.514810 0.153071 0.514809 0.154000 0.514844 0.154941 0.514440 0.155646 0.513901 0.156221 0.513403 0.156812 0.512689 0.156874 0.511988 0.156900 0.511288 0.156926 0.510587 0.156848 0.509941 0.156508 0.509321 0.156194 0.508648 0.155986 0.507974 0.155881 0.507274 0.155855 0.506850 0.155377 0.507219 0.154711 0.507752 0.154143 0.508343 0.153674 0.508916 0.153170 0.509245 0.152427 0.509456 0.151597 0.509668 0.150815 0.510081 0.150123 0.510722 0.149820 0.511395 0.149611 0.512081 0.149583
0 0.532607 0.122369 0.534137 0.119141 0.534772 0.117599 0.534809 0.117557 0.535091 0.117620 0.536176 0.118121 0.538215 0.119141 0.538302 0.120334 0.537500 0.123958 0.533754 0.125598
0 0.464866 0.081979 0.465411 0.082104 0.465907 0.082354 0.466392 0.082651 0.466863 0.082952 0.467359 0.083255 0.467878 0.083420 0.468368 0.083658 0.468426 0.084396 0.468448 0.085155 0.468426 0.085960 0.468404 0.086760 0.468209 0.087469 0.467956 0.088127 0.467692 0.088849 0.467450 0.089528 0.467185 0.090249 0.466943 0.090929 0.466744 0.091650 0.466546 0.092330 0.466061 0.093773 0.465796 0.094452 0.465290 0.094622 0.464694 0.094622 0.464143 0.094494 0.463614 0.094367 0.463063 0.094240 0.462534 0.094028 0.462143 0.093526 0.461763 0.092924 0.461719 0.092160 0.461719 0.085750 0.461756 0.084986 0.461754 0.084196 0.462033 0.083746 0.462450 0.083239 0.462847 0.082729 0.463239 0.082225 0.463696 0.081911
0 0.712500 0.095833 0.718304 0.097338 0.721909 0.099260 0.723051 0.107769 0.726235 0.114641 0.724197 0.114315 0.721859 0.110946 0.714063 0.108333 0.711095 0.102785 0.710156 0.097917
0 0.829129 0.376623 0.826592 0.374700 0.825931 0.374159 0.825812 0.373614 0.824983 0.372843 0.824465 0.371875 0.824032 0.369876 0.826364 0.367295 0.826498 0.366701 0.827195 0.365358 0.829063 0.363974 0.830931 0.364527 0.832723 0.365350 0.833998 0.365765 0.834066 0.366758 0.833214 0.368477 0.833247 0.371658 0.833147 0.373776 0.833189 0.375819 0.832167 0.376972 0.830603 0.376995
0 0.856736 0.533433 0.856979 0.533850 0.857144 0.534282 0.857224 0.534730 0.857230 0.535148 0.857168 0.535476 0.857064 0.535734 0.856898 0.535954 0.856649 0.536160 0.856381 0.536329 0.856077 0.536488 0.855747 0.536674 0.855429 0.536843 0.855076 0.537017 0.854711 0.537148 0.854349 0.537222 0.853950 0.537247 0.853506 0.537209 0.853005 0.537104 0.852475 0.536943 0.851932 0.536788 0.851376 0.536764 0.850840 0.536870 0.850270 0.537040 0.849733 0.537184 0.849255 0.537256 0.848872 0.537253 0.848558 0.537204 0.848256 0.537092 0.847996 0.536909 0.847784 0.536657 0.847595 0.536330 0.847433 0.535913 0.847298 0.535492 0.847181 0.535067 0.847099 0.534654 0.847047 0.534276 0.847023 0.533890 0.847032 0.533489 0.847085 0.533087 0.847174 0.532694 0.847313 0.532279 0.847457 0.531895 0.847630 0.531495 0.847821 0.531122 0.848044 0.530743 0.848285 0.530391 0.848562 0.530051 0.848839 0.529756 0.849125 0.529473 0.849401 0.529189 0.849688 0.528926 0.850025 0.528661 0.850370 0.528452 0.850717 0.528299 0.851070 0.528219 0.851444 0.528195 0.851845 0.528215 0.852225 0.528292 0.852572 0.528419 0.852853 0.528544 0.853104 0.528696 0.853344 0.528867 0.853536 0.529015 0.853750 0.529197 0.853949 0.529377 0.854162 0.529578 0.854383 0.529787 0.854638 0.530063 0.854874 0.530332 0.855108 0.530641 0.855320 0.530944 0.855491 0.531248 0.855630 0.531555 0.855741 0.531866 0.855840 0.532181 0.855955 0.532458 0.856096 0.532692 0.856262 0.532883 0.856472 0.533121
0 0.815326 0.824651 0.815048 0.825284 0.814777 0.825766 0.814509 0.826116 0.814216 0.826365 0.813894 0.826666 0.813658 0.826953 0.813543 0.827257 0.813492 0.827623 0.813486 0.828070 0.813505 0.828799 0.813492 0.829541 0.813417 0.830344 0.813288 0.831135 0.813115 0.831829 0.812913 0.832500 0.812686 0.833158 0.812467 0.833739 0.812277 0.834221 0.812050 0.834654 0.811865 0.834896 0.811648 0.835020 0.811463 0.835080 0.811295 0.835106 0.811136 0.835045 0.810943 0.834946 0.810787 0.834699 0.810550 0.834087 0.810325 0.833335 0.810070 0.832362 0.809851 0.831487 0.809651 0.830656 0.809450 0.829876 0.809287 0.829225 0.809177 0.828667 0.809096 0.828139 0.809020 0.827697 0.808933 0.827325 0.808789 0.826827 0.808730 0.826355 0.808729 0.825846 0.808779 0.825339 0.808864 0.824807 0.808958 0.824269 0.809057 0.823669 0.809189 0.822914 0.809330 0.822360 0.809604 0.821729 0.809826 0.821204 0.810056 0.820541 0.810333 0.820036 0.810687 0.819754 0.811042 0.819656 0.811404 0.819695 0.811846 0.819884 0.812231 0.820022 0.812529 0.819986 0.812929 0.819811 0.813436 0.819567 0.813909 0.819306 0.814203 0.819074 0.814562 0.818574 0.814983 0.818139 0.815437 0.817886 0.815985 0.817810 0.816536 0.817908 0.817011 0.818103 0.817299 0.818314 0.817438 0.818636 0.817466 0.819006 0.817342 0.819542 0.817161 0.820137 0.816990 0.820648 0.816803 0.821064 0.816589 0.821490 0.816360 0.821989 0.816168 0.822486 0.815979 0.823033 0.815793 0.823544 0.815584 0.824054
0 0.757747 0.820278 0.758211 0.820578 0.758612 0.820939 0.758841 0.821337 0.758913 0.821777 0.758908 0.822282 0.758834 0.822774 0.758601 0.823237 0.758197 0.823586 0.757541 0.823807 0.756879 0.823934 0.756297 0.824007 0.755789 0.824054 0.755342 0.824073 0.754954 0.824070 0.754641 0.824013 0.754305 0.823904 0.753956 0.823709 0.753561 0.823462 0.753168 0.823190 0.752778 0.822931 0.752390 0.822693 0.752029 0.822478 0.751648 0.822264 0.751280 0.822056 0.750934 0.821844 0.750625 0.821635 0.750358 0.821425 0.750135 0.821220 0.749923 0.820981 0.749724 0.820718 0.749534 0.820454 0.749331 0.820147 0.749062 0.819770 0.748789 0.819472 0.748485 0.819256 0.748093 0.819066 0.747504 0.818883 0.746972 0.818701 0.746523 0.818494 0.746214 0.818312 0.746005 0.818110 0.745923 0.817892 0.745934 0.817675 0.746121 0.817493 0.746478 0.817286 0.747078 0.817119 0.747895 0.816993 0.748469 0.816856 0.748886 0.816654 0.749225 0.816349 0.749475 0.815998 0.749659 0.815424 0.749824 0.814782 0.750045 0.814379 0.750342 0.814134 0.750740 0.813977 0.751246 0.813885 0.751804 0.813818 0.752374 0.813780 0.752897 0.813807 0.753316 0.813907 0.753672 0.814129 0.754041 0.814440 0.754447 0.814836 0.754786 0.815182 0.755057 0.815551 0.755210 0.815892 0.755258 0.816208 0.755236 0.816690 0.755260 0.817048 0.755334 0.817404 0.755479 0.817800 0.755680 0.818192 0.755893 0.818529 0.756136 0.818850 0.756422 0.819198 0.756712 0.819498 0.757019 0.819793 0.757378 0.820067
0 0.692187 0.853125 0.693195 0.853541 0.701192 0.856840 0.703541 0.857816 0.704397 0.859892 0.704626 0.863554 0.701879 0.865079 0.695254 0.862349 0.695025 0.862180 0.691132 0.857855 0.690770 0.856904
0 0.451033 0.868047 0.451033 0.868131 0.446288 0.860832 0.446136 0.860463 0.445540 0.853483 0.446094 0.850000 0.452344 0.850000 0.454357 0.856525 0.454924 0.865690 0.453553 0.866648 0.451033 0.866605 0.451033 0.866647 0.451033 0.866703 0.451033 0.866717 0.451033 0.866745 0.451033 0.866829 0.451033 0.867613 0.451033 0.867641 0.451033 0.868033
0 0.998437 0.747917 0.998437 0.782292 0.992188 0.782292 0.986719 0.779167 0.986719 0.758333 0.988281 0.754167 0.991406 0.748958 0.997656 0.747917
0 0.922656 0.483333 0.922656 0.493750 0.919531 0.494792 0.903906 0.495833 0.901563 0.492708 0.903125 0.478125 0.907031 0.477083
0 0.742969 0.718750 0.747656 0.725000 0.755469 0.729167 0.752344 0.739583 0.739062 0.740625 0.736719 0.738542 0.736719 0.723958 0.739844 0.718750
0 0.543750 0.778125 0.545312 0.786458 0.548438 0.790625 0.548438 0.795833 0.539062 0.805208 0.529687 0.787500 0.533594 0.778125 0.535937 0.777083
0 0.204626 0.627321 0.203906 0.622917 0.211719 0.622917 0.212691 0.629937 0.209540 0.633623 0.207097 0.634518 0.202882 0.632262
0 0.211719 0.540625 0.207031 0.542708 0.201563 0.536458 0.203536 0.530250 0.207031 0.527083 0.212500 0.530208 0.213940 0.533255 0.213781 0.536353
0 0.362500 0.459375 0.369531 0.463542 0.370015 0.465252 0.370932 0.468533 0.369531 0.470833 0.366781 0.472487 0.358594 0.468750
0 0.344439 0.469851 0.350781 0.465625 0.356250 0.469792 0.356895 0.474860 0.353906 0.478125 0.349975 0.479078 0.344531 0.476042
0 0.390625 0.523958 0.387500 0.530208 0.377344 0.533333 0.371875 0.526042 0.375000 0.517708 0.379688 0.516667
0 0.307812 0.473958 0.313281 0.486458 0.317188 0.502083 0.313281 0.507292 0.309375 0.508333 0.305469 0.516667 0.301563 0.516667 0.299219 0.508333 0.296094 0.503125 0.296875 0.494792 0.294531 0.484375 0.294531 0.475000 0.296875 0.472917
0 0.435156 0.460417 0.435156 0.469792 0.432812 0.473958 0.427344 0.473958 0.426563 0.479167 0.430469 0.480208 0.428906 0.494792 0.423438 0.500000 0.420312 0.507292 0.412500 0.507292 0.410156 0.500000 0.411719 0.491667 0.411719 0.478125 0.409375 0.468750 0.412500 0.464583 0.421094 0.463542 0.426563 0.454167
0 0.355469 0.184375 0.353906 0.196875 0.346094 0.192708 0.348438 0.181250
0 0.334375 0.071875 0.336719 0.082292 0.332813 0.085417 0.323437 0.083333 0.329688 0.069792
0 0.767188 0.413542 0.767188 0.421875 0.759375 0.437500 0.752344 0.437500 0.742969 0.433333 0.742969 0.426042 0.750781 0.413542 0.758594 0.412500
0 0.598437 0.156250 0.606250 0.160417 0.603906 0.171875 0.597656 0.178125 0.597656 0.181250 0.592969 0.185417 0.580469 0.185417 0.576562 0.181250 0.578125 0.170833 0.588281 0.161458 0.591406 0.155208
0 0.921696 0.399048 0.921383 0.399603 0.921443 0.400454 0.922027 0.402304 0.922176 0.403433 0.921927 0.404539 0.921125 0.404880 0.918594 0.405079 0.917856 0.405593 0.916111 0.407577 0.914371 0.409481 0.912280 0.411179 0.910989 0.411364 0.908910 0.411390 0.908167 0.411736 0.907061 0.412947 0.906447 0.413906 0.905926 0.414266 0.905435 0.414130 0.905032 0.413456 0.904613 0.412177 0.904121 0.410235 0.903686 0.409518 0.902331 0.409192 0.900375 0.409065 0.898909 0.408608 0.897562 0.407531 0.896962 0.406416 0.896595 0.404302 0.896200 0.402373 0.895959 0.400663 0.895685 0.400123 0.894636 0.399732 0.893194 0.399336 0.891842 0.398752 0.890585 0.398036 0.889217 0.397403 0.887974 0.396644 0.886895 0.395822 0.886274 0.395040 0.885587 0.393746 0.885405 0.392699 0.885480 0.391086 0.885860 0.389856 0.886761 0.388501 0.888164 0.386685 0.889455 0.385485 0.890309 0.384254 0.891118 0.383594 0.893218 0.382391 0.894675 0.381356 0.895979 0.380435 0.896933 0.379664 0.897708 0.378885 0.899291 0.378364 0.900511 0.378226 0.901572 0.378414 0.902224 0.379106 0.903063 0.379835 0.903835 0.380455 0.904643 0.381047 0.905581 0.381791 0.906526 0.382587 0.907686 0.383559 0.908858 0.384276 0.909944 0.384426 0.911946 0.384361 0.913561 0.384459 0.914833 0.385072 0.916631 0.386313 0.917479 0.387357 0.918508 0.389187 0.918906 0.389497 0.920761 0.390272 0.921288 0.390837 0.921915 0.392404 0.922106 0.393714 0.922258 0.395588 0.922421 0.397544 0.922420 0.397999
0 0.315625 0.630208 0.327344 0.644792 0.331250 0.647917 0.336719 0.648958 0.353125 0.648958 0.358594 0.652083 0.363281 0.658333 0.364844 0.675000 0.361719 0.677083 0.355469 0.677083 0.353125 0.673958 0.346875 0.673958 0.343750 0.678125 0.339062 0.679167 0.339844 0.686458 0.328906 0.687500 0.325781 0.691667 0.317969 0.690625 0.311719 0.686458 0.300000 0.683333 0.290625 0.683333 0.287500 0.681250 0.288281 0.677083 0.298438 0.668750 0.299219 0.664583 0.303906 0.662500 0.308594 0.651042 0.308594 0.641667 0.307031 0.638542 0.313281 0.630208
