0 0.044531 0.225000 0.047656 0.226042 0.048438 0.226042 0.057031 0.232292 0.057813 0.232292 0.057813 0.236458 0.057813 0.237500 0.052344 0.245833 0.051562 0.246875 0.046094 0.247917 0.045312 0.247917 0.041406 0.245833 0.040625 0.245833 0.039844 0.243750 0.039062 0.242708 0.040625 0.229167 0.040625 0.228125 0.044531 0.225000
0 0.329688 0.172917 0.333594 0.172917 0.334375 0.172917 0.335938 0.175000 0.336719 0.176042 0.339062 0.188542 0.339844 0.189583 0.339844 0.193750 0.339844 0.194792 0.338281 0.195833 0.337500 0.196875 0.334375 0.195833 0.333594 0.195833 0.326562 0.188542 0.325781 0.187500 0.325000 0.181250 0.325000 0.180208 0.329688 0.172917
0 0.514844 0.180208 0.516406 0.180208 0.517188 0.180208 0.520312 0.187500 0.520312 0.188542 0.524219 0.192708 0.525000 0.193750 0.539844 0.201042 0.540625 0.202083 0.541406 0.209375 0.541406 0.210417 0.544531 0.220833 0.543750 0.221875 0.538281 0.222917 0.537500 0.223958 0.530469 0.221875 0.529687 0.221875 0.526563 0.218750 0.525781 0.217708 0.523438 0.211458 0.522656 0.210417 0.515625 0.208333 0.514844 0.207292 0.513281 0.201042 0.512500 0.200000 0.512500 0.187500 0.512500 0.186458 0.514844 0.180208
0 0.813281 0.419792 0.817187 0.420833 0.817969 0.420833 0.821875 0.428125 0.821875 0.429167 0.818750 0.434375 0.817969 0.435417 0.809375 0.440625 0.808594 0.441667 0.805469 0.441667 0.804688 0.441667 0.803906 0.440625 0.803125 0.439583 0.803906 0.432292 0.803906 0.431250 0.813281 0.419792
0 0.906250 0.400000 0.910156 0.400000 0.910937 0.400000 0.913281 0.402083 0.914062 0.403125 0.914844 0.411458 0.914844 0.412500 0.917969 0.417708 0.918750 0.418750 0.917969 0.427083 0.917188 0.428125 0.911719 0.429167 0.910937 0.429167 0.905469 0.427083 0.904687 0.426042 0.900781 0.426042 0.900000 0.426042 0.897656 0.423958 0.896875 0.422917 0.896875 0.417708 0.896875 0.416667 0.898438 0.412500 0.898438 0.411458 0.900781 0.407292 0.900781 0.406250 0.906250 0.400000
0 0.714063 0.685417 0.717187 0.685417 0.717969 0.685417 0.720313 0.689583 0.721094 0.690625 0.727344 0.692708 0.728125 0.692708 0.728906 0.697917 0.728906 0.698958 0.720313 0.704167 0.719531 0.705208 0.712500 0.705208 0.711719 0.705208 0.710938 0.703125 0.710156 0.702083 0.707031 0.700000 0.706250 0.700000 0.703125 0.693750 0.703125 0.692708 0.703906 0.690625 0.704688 0.689583 0.714063 0.685417
0 0.773438 0.771875 0.777344 0.771875 0.778125 0.771875 0.781250 0.776042 0.782031 0.777083 0.782813 0.783333 0.782813 0.784375 0.782031 0.786458 0.782031 0.787500 0.778906 0.790625 0.778125 0.791667 0.772656 0.791667 0.771875 0.791667 0.767188 0.785417 0.766406 0.784375 0.767969 0.777083 0.767969 0.776042 0.773438 0.771875
0 0.849219 0.791667 0.853125 0.791667 0.853906 0.791667 0.860156 0.798958 0.860938 0.800000 0.861719 0.803125 0.862500 0.804167 0.862500 0.809375 0.862500 0.810417 0.860938 0.812500 0.860156 0.813542 0.856250 0.813542 0.855469 0.813542 0.852344 0.808333 0.851562 0.807292 0.844531 0.805208 0.843750 0.804167 0.842969 0.800000 0.842969 0.798958 0.849219 0.791667
0 0.589844 0.840625 0.595313 0.840625 0.596094 0.840625 0.600000 0.843750 0.600781 0.843750 0.602344 0.845833 0.603125 0.846875 0.603906 0.852083 0.603906 0.853125 0.600000 0.856250 0.599219 0.857292 0.591406 0.857292 0.590625 0.857292 0.588281 0.854167 0.587500 0.853125 0.586719 0.848958 0.585938 0.847917 0.585938 0.845833 0.585938 0.844792 0.589844 0.840625
0 0.481250 0.792708 0.489844 0.796875 0.490625 0.796875 0.492188 0.798958 0.492969 0.800000 0.492969 0.802083 0.493750 0.803125 0.491406 0.818750 0.491406 0.819792 0.489063 0.825000 0.488281 0.826042 0.485156 0.825000 0.484375 0.823958 0.482812 0.816667 0.482812 0.815625 0.477344 0.805208 0.476562 0.804167 0.477344 0.796875 0.477344 0.795833 0.481250 0.792708
0 0.515625 0.519792 0.517188 0.519792 0.517969 0.519792 0.521875 0.522917 0.522656 0.522917 0.525781 0.528125 0.526563 0.529167 0.531250 0.532292 0.532031 0.533333 0.533594 0.538542 0.533594 0.539583 0.531250 0.543750 0.530469 0.544792 0.521875 0.545833 0.521094 0.545833 0.512500 0.534375 0.511719 0.533333 0.511719 0.525000 0.511719 0.523958 0.515625 0.519792
0 0.218750 0.655208 0.223438 0.656250 0.224219 0.656250 0.228125 0.659375 0.228906 0.659375 0.231250 0.662500 0.232031 0.663542 0.232031 0.666667 0.232813 0.667708 0.231250 0.669792 0.230469 0.670833 0.224219 0.672917 0.223438 0.673958 0.223438 0.685417 0.223438 0.686458 0.219531 0.686458 0.218750 0.686458 0.214844 0.683333 0.214062 0.683333 0.212500 0.680208 0.211719 0.679167 0.211719 0.668750 0.211719 0.667708 0.218750 0.655208
0 0.266406 0.657292 0.272656 0.663542 0.273438 0.664583 0.272656 0.670833 0.271875 0.671875 0.267969 0.671875 0.267188 0.671875 0.264844 0.669792 0.264062 0.669792 0.262500 0.660417 0.262500 0.659375 0.266406 0.657292
0 0.296094 0.723958 0.298438 0.723958 0.299219 0.723958 0.300000 0.726042 0.300000 0.727083 0.297656 0.731250 0.296875 0.732292 0.293750 0.733333 0.292969 0.733333 0.292187 0.727083 0.292187 0.726042 0.296094 0.723958
0 0.153906 0.681250 0.156250 0.681250 0.157031 0.681250 0.158594 0.684375 0.159375 0.685417 0.159375 0.694792 0.159375 0.695833 0.165625 0.705208 0.166406 0.706250 0.167187 0.710417 0.167969 0.711458 0.166406 0.719792 0.166406 0.720833 0.162500 0.726042 0.161719 0.727083 0.157812 0.726042 0.157031 0.726042 0.150000 0.718750 0.149219 0.718750 0.147656 0.716667 0.146875 0.715625 0.146875 0.711458 0.146875 0.710417 0.144531 0.707292 0.143750 0.706250 0.144531 0.698958 0.144531 0.697917 0.153906 0.681250
0 0.064844 0.520833 0.070312 0.521875 0.071094 0.522917 0.071094 0.532292 0.071094 0.533333 0.068750 0.541667 0.067969 0.542708 0.063281 0.542708 0.062500 0.542708 0.061719 0.539583 0.060937 0.538542 0.060937 0.529167 0.060937 0.528125 0.063281 0.522917 0.063281 0.521875 0.064844 0.520833
0 0.161719 0.157292 0.166406 0.158333 0.167187 0.159375 0.167187 0.161458 0.167969 0.162500 0.166406 0.164583 0.165625 0.165625 0.157812 0.164583 0.157031 0.164583 0.154688 0.166667 0.154688 0.167708 0.153125 0.167708 0.152344 0.167708 0.152344 0.164583 0.153125 0.163542 0.156250 0.162500 0.157031 0.162500 0.161719 0.157292
0 0.148438 0.044792 0.164844 0.046875 0.165625 0.046875 0.166406 0.047917 0.167187 0.048958 0.167187 0.053125 0.167187 0.054167 0.163281 0.059375 0.162500 0.060417 0.144531 0.059375 0.143750 0.059375 0.142187 0.057292 0.141406 0.056250 0.141406 0.051042 0.141406 0.050000 0.148438 0.044792
0 0.768750 0.368750 0.771875 0.368750 0.772656 0.368750 0.775000 0.371875 0.775781 0.372917 0.775000 0.378125 0.775000 0.379167 0.771875 0.382292 0.771094 0.383333 0.767188 0.385417 0.766406 0.386458 0.762500 0.386458 0.761719 0.386458 0.755469 0.379167 0.754687 0.378125 0.755469 0.373958 0.756250 0.372917 0.763281 0.371875 0.764062 0.371875 0.768750 0.368750
0 0.397656 0.281250 0.399219 0.281250 0.400000 0.281250 0.403906 0.286458 0.404687 0.287500 0.406250 0.294792 0.405469 0.295833 0.403906 0.296875 0.403125 0.296875 0.399219 0.293750 0.398438 0.292708 0.396875 0.287500 0.396094 0.286458 0.396094 0.283333 0.396094 0.282292 0.397656 0.281250
