0 0.220834 0.858306 0.222144 0.858438 0.222301 0.859274 0.222500 0.860070 0.222595 0.860920 0.222774 0.861740 0.223011 0.862533 0.223169 0.863350 0.223288 0.864216 0.223405 0.865052 0.223512 0.865969 0.222924 0.866232 0.222250 0.866343 0.221581 0.866338 0.220914 0.866390 0.220248 0.866416 0.219583 0.866468 0.218894 0.866463 0.218229 0.866489 0.217567 0.866592 0.217186 0.866162 0.217341 0.865296 0.217459 0.864461 0.217638 0.863636 0.217713 0.862762 0.217874 0.861937 0.218353 0.861269 0.218834 0.860651 0.219323 0.860025 0.219842 0.859493 0.220332 0.858840 0.220834 0.858306
0 0.382554 0.303837 0.382087 0.309874 0.381327 0.311503 0.378222 0.312880 0.375535 0.309177 0.372656 0.305208 0.375781 0.296875 0.382031 0.298958
0 0.510670 0.369809 0.511719 0.368750 0.517188 0.370833 0.517902 0.375282 0.516021 0.376863 0.513258 0.379164 0.511813 0.378998 0.508587 0.377168 0.505633 0.374892
0 0.520312 0.313542 0.522656 0.322917 0.526563 0.327083 0.527344 0.331250 0.530469 0.331250 0.535156 0.327083 0.539062 0.327083 0.542969 0.331250 0.541406 0.339583 0.523438 0.350000 0.519531 0.350000 0.513281 0.345833 0.514844 0.335417 0.502344 0.326042 0.499219 0.320833 0.500781 0.313542 0.508594 0.313542 0.515625 0.308333
0 0.487500 0.381250 0.493750 0.390625 0.493750 0.396875 0.487500 0.398958 0.478125 0.390625 0.476562 0.385417 0.479687 0.378125
0 0.527344 0.438542 0.521094 0.440625 0.516406 0.435417 0.517969 0.426042 0.524219 0.422917
0 0.560405 0.548421 0.558461 0.550692 0.555647 0.550767 0.552741 0.546338 0.553906 0.539583 0.562498 0.543017 0.561875 0.547446
0 0.624219 0.604167 0.631250 0.609375 0.631250 0.615625 0.625781 0.622917 0.616406 0.620833 0.610156 0.611458 0.610156 0.604167 0.613281 0.603125
0 0.224219 0.820833 0.233594 0.825000 0.236719 0.832292 0.236719 0.840625 0.234375 0.845833 0.227344 0.846875 0.222656 0.843750 0.212500 0.842708 0.202344 0.835417 0.202344 0.832292 0.208594 0.828125 0.208594 0.823958 0.215625 0.817708 0.218750 0.812500
0 0.192188 0.765625 0.196875 0.769792 0.197656 0.773958 0.204687 0.781250 0.204687 0.790625 0.196875 0.803125 0.192969 0.802083 0.191406 0.793750 0.184375 0.791667 0.178125 0.785417 0.181250 0.773958 0.188281 0.765625
