0 0.133671 0.073242 0.132388 0.073269 0.130864 0.073027 0.129666 0.073159 0.129441 0.071071 0.129996 0.069687 0.130716 0.069619 0.131473 0.069998 0.132013 0.071030 0.132994 0.070946 0.133442 0.070565 0.133607 0.070424 0.133910 0.068900 0.133892 0.067426 0.133655 0.066713 0.134756 0.066465 0.134791 0.066433 0.134809 0.066416 0.134976 0.066265 0.135968 0.066198 0.138482 0.067543 0.139133 0.067949 0.139967 0.069146 0.139761 0.071127 0.138009 0.072653 0.137187 0.072716 0.136018 0.072941
0 0.125346 0.060963 0.126656 0.060499 0.127662 0.060793 0.127872 0.062467 0.128451 0.063358 0.128818 0.064366 0.130174 0.066179 0.130234 0.067335 0.130007 0.068725 0.128872 0.070128 0.127990 0.070945 0.127587 0.071158 0.127584 0.072841 0.126115 0.073654 0.125647 0.073756 0.124709 0.075112 0.123472 0.075191 0.120467 0.074317 0.119345 0.073549 0.118579 0.072320 0.118522 0.069002 0.118604 0.068167 0.118426 0.067429 0.118440 0.066510 0.118264 0.064838 0.118344 0.063605 0.119032 0.062480 0.120894 0.061984 0.122535 0.061436 0.123863 0.061463 0.124640 0.061358
0 0.612921 0.717028 0.612985 0.715493 0.613160 0.714955 0.613219 0.713826 0.613737 0.713427 0.614081 0.713477 0.614704 0.711951 0.616514 0.710580 0.618894 0.710122 0.620521 0.710305 0.621053 0.711431 0.621307 0.712466 0.622773 0.713392 0.622474 0.714083 0.621948 0.714368 0.620521 0.716166 0.619833 0.716246 0.619316 0.717773 0.618347 0.719398 0.616855 0.718743 0.614831 0.717912 0.613894 0.717940 0.613454 0.717795
0 0.611096 0.711406 0.611584 0.712130 0.611674 0.713636 0.611732 0.714043 0.611990 0.714660 0.611866 0.715555 0.611904 0.716904 0.611723 0.716786 0.610343 0.716905 0.608993 0.716256 0.608551 0.716318 0.606245 0.715770 0.605802 0.714075 0.605405 0.713392 0.606267 0.711742 0.606500 0.710806 0.606954 0.710201 0.608490 0.710201 0.609334 0.711118 0.609448 0.711479 0.609749 0.711633
0 0.922103 0.486130 0.921523 0.484617 0.922777 0.483662 0.923397 0.483571 0.924151 0.482968 0.925362 0.483114 0.926872 0.483179 0.927482 0.483888 0.927403 0.485623 0.926840 0.486260 0.926125 0.487527 0.925378 0.487896 0.924307 0.489043 0.922695 0.488332 0.922381 0.486787
0 0.935228 0.467521 0.935883 0.466658 0.937418 0.464477 0.938905 0.462609 0.939823 0.462494 0.940410 0.463462 0.941635 0.463789 0.941929 0.465088 0.940918 0.467277 0.939752 0.467351 0.939270 0.468073 0.939924 0.468609 0.942063 0.468696 0.942477 0.470242 0.942182 0.470224 0.941015 0.470545 0.940357 0.470590 0.939486 0.470309 0.939825 0.471414 0.939565 0.472746 0.937594 0.471572 0.935977 0.470909 0.935152 0.468775
0 0.928897 0.472174 0.927890 0.471989 0.927517 0.472393 0.926046 0.472472 0.925513 0.472393 0.925405 0.471534 0.925156 0.471488 0.924736 0.469912 0.925345 0.468080 0.926094 0.467500 0.925974 0.466817 0.926205 0.465344 0.926957 0.464168 0.927000 0.463483 0.927950 0.462007 0.928977 0.462307 0.929523 0.462072 0.931135 0.462583 0.931620 0.465779 0.931605 0.466950 0.932494 0.467907 0.933188 0.468327 0.934713 0.468471 0.934905 0.469217 0.934238 0.469987 0.934143 0.471685 0.932831 0.472183 0.932595 0.472393 0.931658 0.472810 0.930031 0.472917 0.929106 0.472497 0.928928 0.472174
0 0.906754 0.497913 0.906767 0.495315 0.907186 0.495850 0.907730 0.494777 0.908123 0.493234 0.908260 0.492280 0.907809 0.491469 0.907619 0.491271 0.907602 0.491157 0.907232 0.489976 0.906859 0.489945 0.904783 0.489308 0.905133 0.487566 0.905978 0.487438 0.906984 0.486896 0.906777 0.485793 0.906794 0.485420 0.905731 0.485316 0.905731 0.484518 0.906497 0.483185 0.906808 0.483082 0.907385 0.482553 0.907425 0.482513 0.908441 0.481178 0.908527 0.479879 0.909376 0.478414 0.910104 0.478076 0.912080 0.478247 0.913282 0.479684 0.916698 0.481409 0.917329 0.482532 0.918735 0.483814 0.918965 0.484433 0.918904 0.484745 0.919765 0.485286 0.919814 0.486566 0.919098 0.487209 0.918515 0.487486 0.918511 0.487486 0.918280 0.488007 0.917682 0.487209 0.917687 0.487087 0.917139 0.486645 0.916906 0.486002 0.915783 0.486002 0.915286 0.486873 0.915020 0.488171 0.914551 0.491138 0.913584 0.492312 0.911206 0.495432 0.909955 0.495689 0.908959 0.500092 0.908003 0.500092 0.907217 0.499043
0 0.024110 0.085920 0.022607 0.085697 0.022273 0.082580 0.021104 0.080353 0.023275 0.079240 0.027450 0.079685 0.027951 0.075454 0.027116 0.073005 0.027116 0.071669 0.027617 0.071223 0.029454 0.071223 0.030790 0.072114 0.031124 0.074341 0.032126 0.076568 0.032293 0.078572 0.030456 0.081466 0.026615 0.085252 0.025613 0.085475
0 0.023108 0.069887 0.019768 0.069887 0.017263 0.068551 0.017263 0.067883 0.018098 0.066324 0.020603 0.064766 0.021271 0.063875 0.024611 0.063652 0.025947 0.062762 0.027283 0.060758 0.028285 0.060758 0.029454 0.062316 0.030957 0.067215 0.030790 0.068551 0.030122 0.069442 0.029120 0.069665 0.028285 0.066102 0.027450 0.065434 0.025947 0.066102 0.023776 0.068329
0 0.755690 0.383729 0.756930 0.383597 0.757521 0.383200 0.758950 0.383281 0.759431 0.383102 0.763797 0.382754 0.764811 0.382301 0.765646 0.381542 0.765653 0.381543 0.766919 0.380784 0.768480 0.381465 0.768634 0.381436 0.769347 0.381763 0.770278 0.381888 0.771530 0.383490 0.771586 0.383800 0.771593 0.383807 0.772268 0.384707 0.772604 0.385098 0.772980 0.385114 0.774609 0.385564 0.774983 0.387733 0.775892 0.388804 0.776368 0.390021 0.776569 0.391966 0.776409 0.393006 0.775563 0.394466 0.774812 0.395193 0.773919 0.396541 0.772925 0.397742 0.770573 0.398359 0.769658 0.398462 0.769124 0.398282 0.766265 0.398368 0.765244 0.399071 0.764425 0.399260 0.763506 0.399922 0.761929 0.400356 0.760345 0.399909 0.759463 0.399375 0.757523 0.399024 0.756644 0.398495 0.755187 0.397952 0.755011 0.396917 0.755358 0.394639 0.756743 0.394154 0.757206 0.392970 0.757613 0.390770 0.757520 0.389315 0.756777 0.386893 0.756151 0.386077 0.755370 0.384593
