0 0.779119 0.746673 0.780479 0.747143 0.783288 0.747874 0.783766 0.748375 0.784222 0.749950 0.784503 0.751675 0.784403 0.752641 0.783469 0.753935 0.782436 0.754682 0.780453 0.755482 0.777800 0.757174 0.777216 0.757697 0.774589 0.759264 0.773988 0.759743 0.771768 0.759773 0.768880 0.760048 0.767407 0.760337 0.765248 0.760181 0.764523 0.759958 0.759818 0.759891 0.758387 0.759406 0.757893 0.758719 0.757009 0.755554 0.756044 0.753620 0.756166 0.752997 0.757526 0.750552 0.758085 0.750186 0.760893 0.749455 0.761579 0.748926 0.762899 0.748397 0.764349 0.748083 0.767259 0.748045 0.768633 0.747833 0.770807 0.747259 0.771476 0.747267 0.774302 0.746654 0.775063 0.746610 0.777153 0.745981 0.777711 0.745533
0 0.737196 0.658719 0.738406 0.659920 0.739649 0.660837 0.740567 0.662321 0.742068 0.665477 0.744387 0.666228 0.745386 0.667356 0.745200 0.669308 0.744735 0.671111 0.743711 0.672388 0.742966 0.672613 0.740640 0.672388 0.738615 0.671069 0.737848 0.671261 0.737196 0.672838 0.736173 0.674190 0.734870 0.676368 0.732915 0.678021 0.730894 0.679448 0.729466 0.679731 0.727940 0.679466 0.727212 0.679122 0.724491 0.679042 0.723888 0.677420 0.721096 0.675843 0.719850 0.674697 0.718454 0.672628 0.718379 0.671054 0.719236 0.669816 0.721349 0.668557 0.722868 0.668198 0.724365 0.667594 0.725707 0.666837 0.727182 0.666316 0.733987 0.664830 0.734404 0.663976 0.734687 0.661032 0.734963 0.659169 0.735925 0.657931
0 0.590586 0.804526 0.591246 0.804613 0.591907 0.804613 0.593890 0.804808 0.594548 0.804841 0.595199 0.805033 0.595729 0.805473 0.596757 0.806518 0.597345 0.806975 0.598447 0.807889 0.598815 0.808510 0.598774 0.809424 0.598815 0.810306 0.598741 0.811155 0.598557 0.811971 0.598080 0.812526 0.597602 0.813049 0.597198 0.813669 0.596757 0.814224 0.596133 0.814518 0.594810 0.814583 0.594112 0.814637 0.593451 0.814637 0.592790 0.814583 0.592276 0.814094 0.591431 0.813244 0.591725 0.813244 0.591247 0.812657 0.590806 0.812102 0.590355 0.811473 0.589362 0.810394 0.588345 0.809359 0.588163 0.808592 0.588018 0.807782 0.587945 0.806974 0.587978 0.806191 0.588382 0.805571 0.588749 0.804918 0.589245 0.804461
0 0.745419 0.783120 0.747590 0.783597 0.751934 0.788544 0.757222 0.793582 0.760835 0.798042 0.758748 0.807507 0.751641 0.806097 0.751616 0.805149 0.749658 0.804761 0.744549 0.804956 0.739892 0.803897 0.736363 0.798497 0.730080 0.791284 0.730242 0.786485 0.732232 0.783710 0.737089 0.782419
0 0.713239 0.429305 0.715655 0.432571 0.720313 0.439583 0.721946 0.446709 0.719854 0.450532 0.706261 0.449927 0.702110 0.445539 0.702446 0.436413 0.705081 0.431862 0.707480 0.429469 0.708984 0.428316
0 0.558601 0.316527 0.562161 0.321026 0.567187 0.328125 0.563373 0.338611 0.561061 0.341817 0.556011 0.335347 0.552861 0.331940 0.549625 0.326634 0.549943 0.321016 0.555091 0.316936
0 0.187681 0.462947 0.188269 0.463261 0.188609 0.464085 0.188857 0.464985 0.189484 0.466631 0.189993 0.468276 0.190228 0.469139 0.190777 0.470863 0.190973 0.471725 0.191051 0.473606 0.190816 0.475408 0.190738 0.476349 0.190777 0.477289 0.190934 0.478151 0.190973 0.479092 0.190150 0.480502 0.189797 0.481286 0.188974 0.482853 0.188387 0.484421 0.188739 0.483167 0.188151 0.483010 0.187485 0.483088 0.186075 0.483010 0.184860 0.482461 0.183763 0.481599 0.182626 0.480973 0.182039 0.480581 0.181568 0.480032 0.181137 0.479248 0.180432 0.477602 0.180275 0.476740 0.180471 0.474938 0.180785 0.473135 0.181725 0.470628 0.183919 0.465769 0.184742 0.464358 0.185213 0.463731 0.185722 0.463261 0.186329 0.462899
0 0.240120 0.442835 0.241089 0.444192 0.241811 0.445941 0.242009 0.446908 0.242787 0.449618 0.244441 0.452968 0.244904 0.454908 0.244705 0.456936 0.243846 0.458523 0.243250 0.459316 0.242325 0.460815 0.241002 0.463372 0.239085 0.466458 0.239283 0.466899 0.237828 0.467427 0.237101 0.467604 0.235580 0.467516 0.234213 0.466744 0.232159 0.465684 0.230699 0.465241 0.229298 0.464694 0.227843 0.464254 0.226587 0.463196 0.225926 0.461432 0.226322 0.459493 0.227278 0.458055 0.228667 0.457516 0.230083 0.456706 0.230697 0.456068 0.231128 0.455213 0.231731 0.453429 0.231811 0.452439 0.232274 0.450588 0.232604 0.447590 0.233001 0.445651 0.233728 0.444063 0.235183 0.443534 0.237233 0.442388 0.238709 0.442231
0 0.198609 0.754849 0.200100 0.755159 0.201489 0.755966 0.203135 0.758013 0.203083 0.758882 0.201952 0.761364 0.201604 0.762199 0.201293 0.765251 0.201141 0.766168 0.200718 0.768002 0.200152 0.768809 0.198969 0.770050 0.197580 0.770856 0.197015 0.771352 0.196733 0.773325 0.196192 0.773586 0.194700 0.773338 0.193209 0.772904 0.192657 0.772254 0.192331 0.771386 0.191327 0.769907 0.190740 0.769243 0.189711 0.767692 0.188426 0.766637 0.188374 0.764652 0.188477 0.763659 0.189146 0.763411 0.190689 0.763163 0.192198 0.763039 0.192930 0.762786 0.194315 0.761933 0.194376 0.760879 0.193772 0.760263 0.193054 0.759937 0.193723 0.758324 0.194803 0.756897 0.195304 0.756060 0.196399 0.754618 0.197117 0.754414
0 0.962633 0.215130 0.959360 0.215754 0.956086 0.213883 0.955852 0.208272 0.956320 0.204219 0.957957 0.203284 0.958892 0.203284 0.959126 0.203908 0.961464 0.205778 0.962867 0.207649 0.964036 0.211701 0.964036 0.212948
0 0.971050 0.376303 0.968244 0.376927 0.967543 0.374433 0.967777 0.371939 0.968712 0.371004 0.969881 0.368510 0.971751 0.366951 0.973622 0.367263 0.973622 0.369757 0.974557 0.370068 0.974791 0.370692 0.975025 0.374121 0.973622 0.375056
0 0.780261 0.294002 0.775819 0.294314 0.775117 0.293379 0.775351 0.290261 0.775819 0.289950 0.775819 0.284026 0.777222 0.283091 0.779092 0.283091 0.780495 0.284650 0.780963 0.287144 0.780963 0.291197
0 0.318538 0.746364 0.315821 0.747270 0.314802 0.748175 0.313444 0.748175 0.313784 0.744553 0.314463 0.742742 0.315482 0.741837 0.317859 0.737309 0.318538 0.736403 0.322952 0.736403 0.324650 0.736856 0.326008 0.738667 0.326008 0.741384 0.325329 0.745459 0.322952 0.747722 0.321254 0.747722
0 0.441123 0.561637 0.437048 0.565260 0.435011 0.565712 0.433992 0.567071 0.431275 0.567071 0.430257 0.566165 0.428898 0.563448 0.429578 0.562543 0.431954 0.562090 0.433652 0.561185 0.435350 0.558015 0.439085 0.553941 0.441462 0.553488 0.441462 0.554846
0 0.893590 0.117697 0.893466 0.120172 0.893590 0.121492 0.893961 0.123142 0.893961 0.127103 0.893838 0.127763 0.893219 0.129083 0.892971 0.130403 0.892724 0.130897 0.891610 0.130897 0.890744 0.129413 0.890373 0.127927 0.890249 0.126442 0.889630 0.125287 0.889259 0.124132 0.888145 0.122152 0.888021 0.121657 0.888021 0.118852 0.888640 0.117202 0.889011 0.116872 0.889630 0.116872 0.891486 0.117697 0.892229 0.117697
0 0.282113 0.576549 0.289172 0.584211 0.292474 0.596656 0.298758 0.601658 0.299777 0.603697 0.300098 0.614711 0.303235 0.610257 0.309049 0.624741 0.308301 0.634483 0.305155 0.641019 0.301705 0.649070 0.299790 0.651543 0.300052 0.655487 0.301264 0.659232 0.299999 0.668797 0.300042 0.670764 0.302283 0.680232 0.303614 0.684473 0.300108 0.688708 0.296129 0.689420 0.293717 0.691469 0.291272 0.694780 0.287355 0.693339 0.287995 0.688383 0.288159 0.683302 0.287114 0.679787 0.282008 0.670400 0.282240 0.663977 0.281828 0.658471 0.279642 0.655208 0.273438 0.654769 0.268137 0.651705 0.266417 0.645802 0.264554 0.642451 0.262622 0.640478 0.262740 0.638465 0.260029 0.630094 0.261239 0.622409 0.262555 0.620543 0.263154 0.617828 0.260487 0.613454 0.260146 0.611328 0.256559 0.602973 0.256889 0.597093 0.258294 0.595856 0.266775 0.584815 0.270104 0.578984 0.278026 0.579135 0.280936 0.576648
