0 0.342905 0.321695 0.343488 0.322198 0.343934 0.322845 0.344517 0.324569 0.344791 0.326509 0.344826 0.327456 0.345032 0.329329 0.345411 0.331203 0.345888 0.332974 0.346025 0.334919 0.346094 0.336853 0.346094 0.338865 0.346059 0.339799 0.345888 0.340733 0.345374 0.341307 0.344962 0.342098 0.344414 0.342601 0.343008 0.342744 0.342288 0.342672 0.341602 0.342457 0.341259 0.342672 0.339991 0.342170 0.339442 0.341739 0.338276 0.341020 0.337728 0.340517 0.336871 0.338937 0.336048 0.337356 0.335191 0.335920 0.335773 0.334195 0.336493 0.332543 0.336631 0.331537 0.337145 0.328807 0.337453 0.326940 0.337934 0.325144 0.338208 0.324282 0.338962 0.322557 0.339442 0.321983 0.340094 0.321767 0.341482 0.321552
0 0.907408 0.843054 0.908848 0.843544 0.910289 0.844197 0.911660 0.844932 0.913031 0.845830 0.915598 0.849570 0.915843 0.849585 0.916597 0.851300 0.916872 0.852198 0.917214 0.854157 0.917214 0.857422 0.917077 0.858402 0.916457 0.860173 0.915970 0.861001 0.915363 0.861667 0.914472 0.863382 0.913854 0.863953 0.911660 0.864688 0.910220 0.865259 0.907271 0.866239 0.906517 0.866321 0.904871 0.866402 0.900825 0.866402 0.900071 0.866321 0.899385 0.865994 0.898974 0.864116 0.898425 0.862239 0.898082 0.860279 0.897671 0.858402 0.897122 0.854402 0.897322 0.851352 0.897740 0.850402 0.898768 0.848932 0.899797 0.847381 0.901031 0.845993 0.902295 0.844842 0.903637 0.843871 0.904288 0.843124 0.905797 0.842787
0 0.188103 0.557004 0.188727 0.558441 0.189094 0.559088 0.190564 0.560165 0.191629 0.560668 0.192143 0.561027 0.192952 0.562105 0.193686 0.563470 0.193980 0.564188 0.194054 0.564978 0.193944 0.565769 0.193466 0.567277 0.192731 0.568570 0.192327 0.569217 0.191482 0.570295 0.190711 0.571444 0.189939 0.572665 0.189131 0.573886 0.188470 0.575251 0.187992 0.575754 0.187882 0.575323 0.187368 0.573815 0.186670 0.572450 0.186302 0.571803 0.185568 0.570366 0.185200 0.569720 0.184502 0.568355 0.183694 0.567134 0.183437 0.566415 0.183364 0.565553 0.183437 0.563901 0.183584 0.563111 0.183841 0.562392 0.184429 0.560955 0.185164 0.558728 0.185494 0.558010 0.185898 0.557435 0.186376 0.557004 0.186913 0.556821
0 0.465403 0.689675 0.466657 0.690357 0.467343 0.690974 0.469045 0.693878 0.470887 0.696689 0.472335 0.700852 0.472776 0.702465 0.472767 0.705384 0.473070 0.707305 0.473070 0.709257 0.472882 0.711189 0.472683 0.711968 0.470971 0.713274 0.469544 0.713518 0.467428 0.713265 0.465376 0.712757 0.463225 0.712569 0.461829 0.712738 0.459905 0.714166 0.459628 0.714909 0.458692 0.714605 0.458449 0.713757 0.457715 0.712229 0.456833 0.709852 0.455809 0.708381 0.454704 0.707104 0.451763 0.704163 0.450808 0.702975 0.450514 0.700173 0.450882 0.698390 0.451984 0.696098 0.452939 0.694654 0.453967 0.693381 0.454629 0.692872 0.455951 0.692447 0.459478 0.691853 0.460874 0.691513 0.461535 0.691174 0.464012 0.689232
0 0.490319 0.455849 0.494516 0.456995 0.498571 0.458940 0.499938 0.459390 0.502165 0.459538 0.504119 0.460338 0.505376 0.461253 0.509703 0.466967 0.510541 0.468339 0.513333 0.474167 0.515619 0.478490 0.516543 0.479653 0.517939 0.482625 0.517939 0.483653 0.516962 0.484796 0.512774 0.486053 0.508447 0.486739 0.505515 0.486853 0.501886 0.486625 0.500629 0.487311 0.498535 0.487082 0.496441 0.485825 0.494627 0.484339 0.493636 0.482951 0.491312 0.480645 0.487228 0.478282 0.482669 0.475176 0.479969 0.473824 0.478852 0.472567 0.477630 0.469643 0.477485 0.468694 0.478193 0.464162 0.478801 0.463521 0.480891 0.462609 0.481837 0.461387 0.484335 0.456302 0.485064 0.455942 0.487298 0.455732
0 0.537527 0.136096 0.538100 0.136520 0.539628 0.138303 0.540456 0.139747 0.541156 0.141275 0.542048 0.143567 0.543067 0.145775 0.543831 0.148237 0.544213 0.149935 0.543958 0.151633 0.539947 0.151548 0.539246 0.151463 0.538864 0.151972 0.538355 0.154519 0.538418 0.156217 0.538864 0.156981 0.537718 0.160123 0.537336 0.160802 0.536126 0.161481 0.534789 0.161226 0.534343 0.161481 0.532497 0.159613 0.531350 0.158595 0.529313 0.156048 0.528294 0.155029 0.526065 0.152991 0.525301 0.151633 0.524728 0.147218 0.524792 0.144416 0.525683 0.142124 0.526766 0.140001 0.528103 0.139662 0.531605 0.139662 0.532051 0.138983 0.532751 0.137454 0.533579 0.136011 0.534152 0.135671 0.536222 0.135841
0 0.253363 0.126084 0.257291 0.125647 0.258601 0.122156 0.259910 0.122156 0.260892 0.123029 0.261547 0.123029 0.261874 0.123901 0.263838 0.124774 0.267111 0.124774 0.268421 0.122156 0.268748 0.116045 0.267111 0.114736 0.266457 0.114736 0.266129 0.113427 0.265147 0.112118 0.265147 0.109499 0.264493 0.108189 0.264493 0.101643 0.263511 0.099461 0.263511 0.098588 0.262529 0.097278 0.259910 0.097278 0.258928 0.096405 0.257946 0.094223 0.257291 0.094223 0.256309 0.093350 0.252709 0.093350 0.249763 0.096842 0.249435 0.097715 0.249435 0.101206 0.248781 0.101643 0.248453 0.102952 0.248453 0.106444 0.253363 0.106444 0.254673 0.109499 0.259583 0.115173 0.259255 0.116918 0.257946 0.117355 0.254345 0.117355 0.253691 0.117791 0.252054 0.122592
0 0.729540 0.077015 0.734339 0.080608 0.737685 0.088974 0.737712 0.096886 0.723777 0.102149 0.720117 0.097757 0.719803 0.088625 0.720169 0.085279 0.720863 0.081551 0.725424 0.078203 0.726932 0.076176
0 0.960938 0.557292 0.968750 0.557292 0.969531 0.557292 0.971094 0.558333 0.971875 0.558333 0.973437 0.561458 0.974219 0.562500 0.989062 0.561458 0.989844 0.561458 0.998437 0.563542 0.999219 0.563542 0.999219 0.575000 0.999219 0.576042 0.994531 0.577083 0.993750 0.577083 0.987500 0.581250 0.986719 0.582292 0.984375 0.582292 0.983594 0.583333 0.972656 0.581250 0.971875 0.581250 0.960938 0.577083 0.960156 0.577083 0.956250 0.572917 0.955469 0.571875 0.954688 0.566667 0.954688 0.565625 0.956250 0.562500 0.956250 0.561458 0.960938 0.557292
0 0.388766 0.652874 0.389494 0.654372 0.389871 0.655094 0.390275 0.655760 0.390679 0.656371 0.390921 0.657092 0.390948 0.657981 0.390921 0.658869 0.390867 0.659757 0.390679 0.661478 0.390544 0.662311 0.390329 0.663088 0.389817 0.664698 0.389494 0.665475 0.388712 0.666807 0.388281 0.667362 0.387662 0.667473 0.387015 0.667529 0.386422 0.667362 0.385884 0.666974 0.385399 0.666529 0.384968 0.665974 0.384590 0.665308 0.384213 0.664587 0.383836 0.663809 0.383755 0.662977 0.383728 0.662089 0.383728 0.660312 0.383701 0.659479 0.383728 0.658591 0.383728 0.657703 0.383782 0.655927 0.383917 0.655094 0.384995 0.652874 0.385372 0.652152 0.385964 0.651985 0.386584 0.651930 0.387231 0.651819 0.387864 0.651874
0 0.828906 0.121875 0.838281 0.127083 0.839063 0.127083 0.843750 0.132292 0.844531 0.133333 0.846094 0.141667 0.846875 0.142708 0.846875 0.154167 0.846875 0.155208 0.850781 0.162500 0.851562 0.163542 0.861719 0.164583 0.862500 0.164583 0.864844 0.166667 0.865625 0.167708 0.870313 0.176042 0.871094 0.177083 0.873437 0.184375 0.874219 0.185417 0.875000 0.190625 0.875781 0.191667 0.875781 0.201042 0.875000 0.202083 0.868750 0.205208 0.867969 0.206250 0.857812 0.208333 0.857031 0.209375 0.840625 0.208333 0.839844 0.207292 0.830469 0.208333 0.829688 0.208333 0.822656 0.204167 0.821875 0.204167 0.818750 0.200000 0.817969 0.198958 0.816406 0.198958 0.815625 0.197917 0.794531 0.195833 0.793750 0.194792 0.793750 0.181250 0.793750 0.180208 0.782813 0.169792 0.782031 0.168750 0.778906 0.159375 0.778906 0.158333 0.770312 0.141667 0.769531 0.140625 0.768750 0.133333 0.768750 0.132292 0.778906 0.131250 0.779687 0.131250 0.796094 0.125000 0.796875 0.123958 0.823438 0.123958 0.824219 0.123958 0.828906 0.121875
0 0.226562 0.332292 0.239844 0.335417 0.240625 0.335417 0.246875 0.339583 0.247656 0.339583 0.250000 0.342708 0.250781 0.343750 0.252344 0.350000 0.253125 0.351042 0.250781 0.363542 0.250000 0.364583 0.250781 0.372917 0.250781 0.373958 0.246094 0.380208 0.245312 0.381250 0.239844 0.385417 0.239063 0.385417 0.236719 0.389583 0.235937 0.390625 0.232813 0.389583 0.232031 0.388542 0.234375 0.382292 0.234375 0.381250 0.232031 0.368750 0.231250 0.367708 0.231250 0.361458 0.231250 0.360417 0.229687 0.357292 0.228906 0.356250 0.223438 0.352083 0.222656 0.351042 0.221875 0.346875 0.221094 0.345833 0.223438 0.336458 0.223438 0.335417 0.226562 0.332292
