0 0.503906 0.205208 0.505469 0.205208 0.506250 0.205208 0.510156 0.209375 0.510938 0.210417 0.517188 0.226042 0.517188 0.227083 0.524219 0.237500 0.525000 0.238542 0.526563 0.244792 0.527344 0.245833 0.528125 0.258333 0.528125 0.259375 0.531250 0.264583 0.532031 0.264583 0.543750 0.292708 0.543750 0.293750 0.557813 0.311458 0.558594 0.312500 0.562500 0.320833 0.563281 0.321875 0.566406 0.331250 0.567187 0.332292 0.569531 0.343750 0.569531 0.344792 0.573438 0.354167 0.574219 0.355208 0.575000 0.360417 0.575000 0.361458 0.578125 0.368750 0.578906 0.369792 0.579688 0.377083 0.579688 0.378125 0.592187 0.422917 0.592969 0.423958 0.596094 0.438542 0.596875 0.439583 0.597656 0.447917 0.598437 0.448958 0.600000 0.480208 0.600781 0.481250 0.600000 0.505208 0.600000 0.506250 0.598437 0.512500 0.597656 0.513542 0.592969 0.513542 0.592187 0.513542 0.580469 0.506250 0.579688 0.506250 0.567187 0.493750 0.566406 0.492708 0.566406 0.483333 0.567187 0.482292 0.564844 0.470833 0.564844 0.469792 0.560156 0.454167 0.559375 0.453125 0.546094 0.400000 0.545312 0.398958 0.542969 0.382292 0.542969 0.381250 0.519531 0.327083 0.518750 0.326042 0.489844 0.244792 0.489844 0.243750 0.485156 0.234375 0.484375 0.233333 0.478906 0.216667 0.478125 0.215625 0.478906 0.210417 0.479687 0.209375 0.485156 0.209375 0.485938 0.209375 0.496875 0.212500 0.497656 0.212500 0.503906 0.205208
0 0.335938 0.340625 0.344531 0.342708 0.345313 0.342708 0.347656 0.344792 0.348438 0.345833 0.349219 0.351042 0.349219 0.352083 0.346094 0.361458 0.345313 0.362500 0.338281 0.361458 0.337500 0.361458 0.332031 0.356250 0.331250 0.355208 0.332031 0.347917 0.332031 0.346875 0.333594 0.343750 0.333594 0.342708 0.335938 0.340625
0 0.311719 0.664583 0.317969 0.665625 0.318750 0.665625 0.323437 0.680208 0.323437 0.681250 0.321094 0.686458 0.320312 0.687500 0.317969 0.689583 0.317188 0.689583 0.302344 0.710417 0.301563 0.711458 0.300000 0.711458 0.299219 0.711458 0.289844 0.688542 0.289062 0.687500 0.289062 0.680208 0.289062 0.679167 0.290625 0.673958 0.290625 0.672917 0.292187 0.670833 0.292969 0.669792 0.296094 0.668750 0.296875 0.667708 0.302344 0.667708 0.303125 0.667708 0.311719 0.664583
0 0.525000 0.804167 0.527344 0.805208 0.528125 0.805208 0.533594 0.811458 0.534375 0.812500 0.535937 0.817708 0.536719 0.818750 0.536719 0.823958 0.536719 0.825000 0.542188 0.829167 0.542969 0.830208 0.543750 0.840625 0.543750 0.841667 0.547656 0.845833 0.548438 0.846875 0.547656 0.856250 0.547656 0.857292 0.545312 0.861458 0.544531 0.862500 0.542188 0.863542 0.541406 0.864583 0.530469 0.863542 0.529687 0.863542 0.527344 0.864583 0.526563 0.865625 0.521094 0.865625 0.520312 0.865625 0.517188 0.862500 0.516406 0.861458 0.509375 0.862500 0.508594 0.862500 0.507812 0.860417 0.507031 0.859375 0.507031 0.846875 0.507031 0.845833 0.509375 0.836458 0.510156 0.835417 0.511719 0.820833 0.511719 0.819792 0.512500 0.818750 0.513281 0.817708 0.516406 0.817708 0.517188 0.817708 0.525000 0.804167
0 0.330469 0.777083 0.331250 0.777083 0.332031 0.777083 0.333594 0.780208 0.334375 0.781250 0.333594 0.787500 0.333594 0.788542 0.330469 0.790625 0.329688 0.791667 0.326562 0.788542 0.326562 0.787500 0.330469 0.777083
0 0.828906 0.777083 0.835156 0.779167 0.835938 0.779167 0.836719 0.783333 0.836719 0.784375 0.834375 0.788542 0.833594 0.789583 0.827344 0.787500 0.826562 0.786458 0.825781 0.783333 0.825781 0.782292 0.826562 0.780208 0.826562 0.779167 0.828906 0.777083
0 0.731250 0.217708 0.735156 0.217708 0.735938 0.217708 0.737500 0.220833 0.737500 0.221875 0.736719 0.225000 0.735938 0.226042 0.729688 0.228125 0.728906 0.228125 0.728125 0.227083 0.727344 0.226042 0.727344 0.222917 0.727344 0.221875 0.731250 0.217708
0 0.575000 0.290625 0.577344 0.291667 0.578125 0.292708 0.577344 0.296875 0.576562 0.297917 0.574219 0.297917 0.573438 0.296875 0.573438 0.293750 0.573438 0.292708 0.575000 0.290625
0 0.111719 0.295833 0.115625 0.296875 0.116406 0.297917 0.115625 0.302083 0.115625 0.303125 0.110937 0.303125 0.110156 0.302083 0.110156 0.298958 0.110156 0.297917 0.111719 0.295833
0 0.968148 0.494527 0.966578 0.494527 0.965853 0.493883 0.964404 0.493078 0.963921 0.492595 0.963317 0.491468 0.963317 0.490019 0.963800 0.488891 0.963921 0.488247 0.964766 0.486637 0.965129 0.486315 0.966819 0.486315 0.967302 0.486637 0.967785 0.487442 0.967906 0.488086 0.968027 0.489536 0.968027 0.491790 0.967906 0.492595
