0 0.146094 0.487500 0.147656 0.487500 0.148438 0.487500 0.149219 0.489583 0.150000 0.490625 0.149219 0.502083 0.149219 0.503125 0.153906 0.518750 0.153906 0.519792 0.141406 0.521875 0.140625 0.522917 0.132031 0.521875 0.131250 0.521875 0.128125 0.516667 0.127344 0.515625 0.125781 0.504167 0.125781 0.503125 0.128125 0.498958 0.128906 0.497917 0.146094 0.487500
0 0.469531 0.213542 0.471875 0.213542 0.472656 0.213542 0.482812 0.222917 0.483594 0.222917 0.484375 0.225000 0.485156 0.226042 0.484375 0.227083 0.484375 0.228125 0.479687 0.232292 0.478906 0.233333 0.473438 0.233333 0.472656 0.233333 0.466406 0.229167 0.465625 0.229167 0.463281 0.225000 0.463281 0.223958 0.464062 0.221875 0.464062 0.220833 0.469531 0.213542
0 0.450000 0.311458 0.453125 0.311458 0.453906 0.311458 0.460156 0.328125 0.460156 0.329167 0.468750 0.338542 0.469531 0.339583 0.475000 0.357292 0.475781 0.358333 0.488281 0.361458 0.489063 0.361458 0.490625 0.367708 0.491406 0.368750 0.491406 0.372917 0.491406 0.373958 0.489844 0.376042 0.489063 0.377083 0.485156 0.379167 0.484375 0.380208 0.478906 0.380208 0.478125 0.380208 0.475000 0.384375 0.474219 0.385417 0.470313 0.386458 0.469531 0.386458 0.459375 0.380208 0.458594 0.379167 0.455469 0.379167 0.454688 0.379167 0.451562 0.376042 0.450781 0.375000 0.442188 0.373958 0.441406 0.372917 0.440625 0.364583 0.440625 0.363542 0.432812 0.353125 0.432031 0.352083 0.429688 0.346875 0.428906 0.345833 0.428906 0.342708 0.428125 0.341667 0.431250 0.334375 0.431250 0.333333 0.438281 0.322917 0.438281 0.321875 0.442969 0.315625 0.443750 0.314583 0.450000 0.311458
0 0.422656 0.382292 0.432031 0.386458 0.432812 0.386458 0.435937 0.390625 0.436719 0.391667 0.442969 0.392708 0.443750 0.392708 0.446094 0.396875 0.446875 0.397917 0.450000 0.400000 0.450781 0.401042 0.453906 0.397917 0.454688 0.396875 0.457813 0.389583 0.457813 0.388542 0.462500 0.385417 0.463281 0.384375 0.469531 0.386458 0.470313 0.387500 0.478125 0.386458 0.478906 0.386458 0.480469 0.387500 0.481250 0.388542 0.489063 0.388542 0.489844 0.388542 0.489844 0.395833 0.489844 0.396875 0.485156 0.409375 0.485156 0.410417 0.478125 0.411458 0.477344 0.411458 0.474219 0.415625 0.473438 0.416667 0.471875 0.416667 0.471094 0.417708 0.460938 0.416667 0.460156 0.416667 0.451562 0.418750 0.450781 0.418750 0.446875 0.426042 0.446875 0.427083 0.443750 0.429167 0.442969 0.429167 0.439063 0.435417 0.438281 0.436458 0.427344 0.441667 0.426563 0.441667 0.425000 0.439583 0.425000 0.438542 0.427344 0.429167 0.428125 0.428125 0.428125 0.420833 0.428125 0.419792 0.426563 0.416667 0.425781 0.415625 0.421875 0.413542 0.421094 0.412500 0.420312 0.408333 0.419531 0.407292 0.420312 0.391667 0.420312 0.390625 0.421094 0.385417 0.421094 0.384375 0.422656 0.382292
0 0.489063 0.439583 0.491406 0.439583 0.492188 0.440625 0.497656 0.452083 0.498437 0.453125 0.502344 0.453125 0.503125 0.453125 0.504687 0.454167 0.505469 0.455208 0.510938 0.456250 0.511719 0.456250 0.516406 0.465625 0.517188 0.466667 0.517969 0.476042 0.517969 0.477083 0.518750 0.478125 0.519531 0.479167 0.525000 0.479167 0.525781 0.479167 0.532031 0.482292 0.532813 0.482292 0.534375 0.488542 0.535156 0.489583 0.535156 0.493750 0.535156 0.494792 0.528906 0.496875 0.528125 0.496875 0.517969 0.505208 0.517188 0.506250 0.507812 0.506250 0.507031 0.506250 0.494531 0.486458 0.493750 0.485417 0.490625 0.485417 0.489844 0.485417 0.487500 0.488542 0.486719 0.489583 0.485156 0.489583 0.484375 0.489583 0.483594 0.487500 0.482812 0.486458 0.483594 0.481250 0.483594 0.480208 0.485938 0.478125 0.486719 0.477083 0.491406 0.476042 0.492188 0.475000 0.492188 0.460417 0.492188 0.459375 0.483594 0.452083 0.482812 0.451042 0.483594 0.445833 0.483594 0.444792 0.489063 0.439583
0 0.629687 0.589583 0.631250 0.589583 0.632031 0.589583 0.634375 0.592708 0.635156 0.593750 0.639062 0.604167 0.639844 0.605208 0.639844 0.609375 0.639844 0.610417 0.635938 0.620833 0.635156 0.621875 0.631250 0.621875 0.630469 0.621875 0.621875 0.616667 0.621094 0.616667 0.617969 0.611458 0.617188 0.610417 0.617188 0.607292 0.616406 0.606250 0.620313 0.597917 0.621094 0.596875 0.629687 0.589583
0 0.636719 0.676042 0.637500 0.676042 0.638281 0.676042 0.639844 0.680208 0.639844 0.681250 0.638281 0.686458 0.638281 0.687500 0.635156 0.688542 0.634375 0.688542 0.632031 0.686458 0.631250 0.686458 0.629687 0.682292 0.629687 0.681250 0.636719 0.676042
0 0.678906 0.000000 0.695312 0.000000 0.696094 0.000000 0.695312 0.016667 0.695312 0.017708 0.693750 0.020833 0.693750 0.021875 0.687500 0.022917 0.686719 0.022917 0.682031 0.020833 0.681250 0.019792 0.679688 0.014583 0.678906 0.013542 0.678906 0.000000
0 0.589844 0.000000 0.600781 0.000000 0.601562 0.000000 0.601562 0.005208 0.601562 0.006250 0.598437 0.013542 0.597656 0.014583 0.592187 0.013542 0.591406 0.013542 0.590625 0.010417 0.589844 0.009375 0.589844 0.000000
0 0.417969 0.103125 0.421094 0.104167 0.421875 0.105208 0.421875 0.111458 0.421094 0.112500 0.414844 0.111458 0.414062 0.110417 0.414062 0.108333 0.414062 0.107292 0.417969 0.103125
0 0.386719 0.109375 0.389062 0.109375 0.389844 0.109375 0.390625 0.112500 0.390625 0.113542 0.389062 0.115625 0.388281 0.116667 0.385156 0.116667 0.384375 0.116667 0.384375 0.113542 0.384375 0.112500 0.386719 0.109375
0 0.372656 0.230208 0.375781 0.230208 0.376563 0.230208 0.377344 0.234375 0.377344 0.235417 0.374219 0.236458 0.373437 0.236458 0.372656 0.235417 0.371875 0.234375 0.372656 0.230208
0 0.352344 0.200000 0.357812 0.201042 0.358594 0.201042 0.359375 0.204167 0.359375 0.205208 0.358594 0.206250 0.357812 0.207292 0.352344 0.206250 0.351562 0.206250 0.350781 0.204167 0.350781 0.203125 0.352344 0.200000
0 0.278125 0.237500 0.282031 0.238542 0.282813 0.239583 0.282031 0.245833 0.282031 0.246875 0.279687 0.246875 0.278906 0.246875 0.278125 0.243750 0.277344 0.242708 0.278125 0.237500
0 0.248438 0.313542 0.250781 0.313542 0.251563 0.313542 0.251563 0.321875 0.250781 0.322917 0.249219 0.322917 0.248438 0.322917 0.247656 0.320833 0.246875 0.319792 0.248438 0.313542
0 0.057031 0.614583 0.057813 0.614583 0.058594 0.614583 0.061719 0.620833 0.062500 0.621875 0.071094 0.625000 0.071094 0.626042 0.066406 0.630208 0.065625 0.631250 0.056250 0.630208 0.055469 0.630208 0.051562 0.623958 0.050781 0.622917 0.050781 0.620833 0.050781 0.619792 0.057031 0.614583
0 0.525000 0.125000 0.527344 0.126042 0.528125 0.127083 0.527344 0.131250 0.526563 0.132292 0.524219 0.132292 0.523438 0.131250 0.523438 0.128125 0.523438 0.127083 0.525000 0.125000
0 0.642188 0.420833 0.646875 0.420833 0.647656 0.420833 0.649219 0.425000 0.649219 0.426042 0.646875 0.428125 0.646094 0.429167 0.642188 0.428125 0.641406 0.428125 0.640625 0.423958 0.640625 0.422917 0.642188 0.420833
0 0.642188 0.391667 0.645312 0.392708 0.646094 0.392708 0.647656 0.398958 0.646875 0.400000 0.642188 0.398958 0.641406 0.397917 0.642188 0.391667
0 0.556250 0.318750 0.558594 0.319792 0.559375 0.319792 0.559375 0.326042 0.559375 0.327083 0.557813 0.328125 0.557031 0.329167 0.555469 0.327083 0.554688 0.326042 0.554688 0.322917 0.554688 0.321875 0.556250 0.318750
0 0.723437 0.511458 0.725000 0.512500 0.725781 0.513542 0.725781 0.519792 0.725000 0.520833 0.721875 0.519792 0.721094 0.519792 0.721094 0.514583 0.721094 0.513542 0.723437 0.511458
0 0.987500 0.350000 0.991406 0.350000 0.992188 0.350000 0.992969 0.351042 0.993750 0.351042 0.993750 0.354167 0.993750 0.355208 0.992188 0.357292 0.991406 0.358333 0.985938 0.360417 0.985156 0.360417 0.983594 0.359375 0.982812 0.358333 0.982812 0.354167 0.982812 0.353125 0.987500 0.350000
0 0.989062 0.382292 0.992188 0.383333 0.992969 0.383333 0.993750 0.386458 0.993750 0.387500 0.992188 0.390625 0.991406 0.391667 0.986719 0.392708 0.985938 0.392708 0.984375 0.387500 0.984375 0.386458 0.989062 0.382292
0 0.918750 0.111458 0.921875 0.112500 0.922656 0.112500 0.922656 0.119792 0.921875 0.120833 0.916406 0.119792 0.915625 0.118750 0.916406 0.113542 0.916406 0.112500 0.918750 0.111458
0 0.771875 0.060417 0.775781 0.060417 0.776563 0.061458 0.775781 0.066667 0.775781 0.067708 0.772656 0.066667 0.771875 0.065625 0.771875 0.060417
0 0.740625 0.006250 0.742969 0.006250 0.743750 0.006250 0.744531 0.011458 0.743750 0.012500 0.741406 0.012500 0.740625 0.011458 0.740625 0.006250
0 0.680469 0.000000 0.693750 0.000000 0.694531 0.000000 0.694531 0.011458 0.694531 0.012500 0.692969 0.020833 0.692969 0.021875 0.687500 0.021875 0.686719 0.021875 0.681250 0.016667 0.680469 0.015625 0.679688 0.013542 0.678906 0.012500 0.680469 0.000000
0 0.794531 0.353125 0.796875 0.353125 0.797656 0.353125 0.798438 0.355208 0.798438 0.356250 0.795312 0.357292 0.794531 0.357292 0.794531 0.353125
0 0.892188 0.416667 0.894531 0.416667 0.895312 0.416667 0.896094 0.418750 0.896094 0.419792 0.892188 0.420833 0.891406 0.420833 0.892188 0.416667
0 0.860156 0.398958 0.864062 0.398958 0.864844 0.398958 0.865625 0.403125 0.865625 0.404167 0.861719 0.405208 0.860938 0.405208 0.860156 0.398958
0 0.613281 0.357292 0.614844 0.357292 0.615625 0.357292 0.616406 0.361458 0.616406 0.362500 0.612500 0.362500 0.611719 0.361458 0.613281 0.357292
0 0.649219 0.548958 0.650000 0.550000 0.650781 0.550000 0.650781 0.554167 0.650781 0.555208 0.650000 0.556250 0.649219 0.557292 0.646094 0.557292 0.645312 0.557292 0.644531 0.556250 0.643750 0.555208 0.643750 0.552083 0.643750 0.551042 0.649219 0.548958
0 0.970313 0.785417 0.973437 0.785417 0.974219 0.785417 0.974219 0.788542 0.974219 0.789583 0.971094 0.789583 0.970313 0.789583 0.970313 0.785417
0 0.724219 0.810417 0.727344 0.812500 0.728125 0.813542 0.727344 0.815625 0.727344 0.816667 0.725000 0.817708 0.724219 0.818750 0.721094 0.816667 0.720313 0.815625 0.721094 0.813542 0.721094 0.812500 0.724219 0.810417
0 0.602344 0.579167 0.604688 0.580208 0.605469 0.580208 0.606250 0.584375 0.606250 0.585417 0.600781 0.585417 0.600000 0.585417 0.600000 0.581250 0.600000 0.580208 0.602344 0.579167
0 0.446875 0.829167 0.452344 0.829167 0.453125 0.829167 0.454688 0.830208 0.455469 0.831250 0.455469 0.833333 0.455469 0.834375 0.454688 0.835417 0.453906 0.836458 0.451562 0.836458 0.450781 0.837500 0.448437 0.836458 0.447656 0.836458 0.446094 0.832292 0.445312 0.831250 0.446875 0.829167
0 0.502344 0.672917 0.503906 0.676042 0.504687 0.677083 0.503906 0.680208 0.503906 0.681250 0.502344 0.682292 0.501563 0.683333 0.500000 0.679167 0.500000 0.678125 0.502344 0.672917
0 0.325000 0.712500 0.327344 0.712500 0.328125 0.712500 0.328906 0.715625 0.328906 0.716667 0.327344 0.718750 0.326562 0.719792 0.325000 0.718750 0.324219 0.718750 0.325000 0.712500
0 0.427344 0.608333 0.429688 0.608333 0.430469 0.608333 0.431250 0.613542 0.430469 0.614583 0.427344 0.614583 0.426563 0.613542 0.427344 0.608333
0 0.242969 0.502083 0.245312 0.502083 0.246094 0.502083 0.247656 0.505208 0.248438 0.506250 0.247656 0.508333 0.247656 0.509375 0.242969 0.509375 0.242188 0.508333 0.241406 0.506250 0.241406 0.505208 0.242969 0.502083
0 0.206250 0.625000 0.209375 0.626042 0.210156 0.627083 0.209375 0.630208 0.208594 0.631250 0.206250 0.631250 0.205469 0.631250 0.204687 0.627083 0.204687 0.626042 0.206250 0.625000
0 0.264062 0.566667 0.265625 0.566667 0.266406 0.566667 0.267188 0.570833 0.267188 0.571875 0.266406 0.573958 0.265625 0.575000 0.263281 0.576042 0.262500 0.576042 0.261719 0.575000 0.260937 0.573958 0.261719 0.570833 0.261719 0.569792 0.264062 0.566667
0 0.005169 0.574238 0.003838 0.571574 0.002950 0.570686 0.002950 0.568911 0.004726 0.567135 0.005835 0.567135 0.007167 0.567727 0.008499 0.570095 0.008943 0.576014 0.006057 0.576309
0 0.026922 0.561512 0.024258 0.560624 0.023814 0.559144 0.024480 0.555889 0.025812 0.554705 0.026922 0.555001 0.027587 0.558553 0.029363 0.558849 0.029363 0.560624 0.028919 0.561216
0 0.030695 0.653848 0.029807 0.651480 0.030029 0.648225 0.033580 0.647041 0.033580 0.648817 0.034246 0.651184 0.034246 0.653552 0.033802 0.654736 0.032249 0.655031
0 0.113395 0.428295 0.112914 0.426583 0.112914 0.423801 0.113074 0.423159 0.115000 0.421233 0.115963 0.421019 0.116445 0.421661 0.116926 0.426155 0.115642 0.427439 0.114679 0.427653
0 0.009367 0.395622 0.008067 0.395838 0.006605 0.394539 0.006442 0.393239 0.005143 0.389989 0.005143 0.387390 0.007905 0.384790 0.010017 0.386957 0.011154 0.391506 0.010179 0.393889
0 0.173996 0.216131 0.169320 0.215241 0.168652 0.214350 0.167984 0.214350 0.167650 0.213014 0.167650 0.202771 0.169320 0.199653 0.170322 0.198317 0.171324 0.198317 0.172326 0.196536 0.173328 0.196536 0.174664 0.197427 0.174664 0.204998 0.175666 0.205443 0.176000 0.210787 0.176668 0.213014 0.176334 0.214350
0 0.839588 0.070422 0.837172 0.068490 0.836931 0.066880 0.836448 0.066558 0.836689 0.063016 0.837414 0.062049 0.839104 0.062049 0.840795 0.060761 0.843935 0.060761 0.845142 0.059795 0.845625 0.059795 0.845867 0.060761 0.845867 0.068490 0.845384 0.069778 0.841520 0.070100
