0 0.548132 0.114528 0.548595 0.115753 0.548551 0.117384 0.548288 0.118048 0.547451 0.118979 0.547404 0.120644 0.547199 0.123090 0.547213 0.123921 0.545454 0.124132 0.544845 0.124073 0.544472 0.123436 0.542658 0.123485 0.542053 0.123730 0.542159 0.124330 0.543123 0.125199 0.544845 0.125885 0.544147 0.127109 0.543076 0.127942 0.541867 0.128187 0.540005 0.128089 0.539354 0.127942 0.537260 0.126277 0.535120 0.124709 0.534701 0.124171 0.534608 0.123387 0.534626 0.121781 0.534751 0.121043 0.536510 0.120674 0.537675 0.120281 0.539414 0.119281 0.539787 0.118719 0.539680 0.117852 0.538989 0.116578 0.538814 0.115955 0.539658 0.114994 0.540890 0.114717 0.544659 0.115050 0.545929 0.115047 0.546964 0.114357
0 0.277243 0.262973 0.278646 0.263119 0.279297 0.263246 0.280566 0.263846 0.281173 0.264036 0.281458 0.264578 0.281534 0.265406 0.281469 0.266203 0.281034 0.266525 0.280394 0.266583 0.279726 0.266797 0.279048 0.267162 0.278457 0.267625 0.277949 0.268190 0.277189 0.269549 0.276811 0.271126 0.276613 0.271853 0.276058 0.272350 0.275410 0.272296 0.274000 0.272068 0.273307 0.271987 0.272780 0.271822 0.271966 0.270830 0.271404 0.270276 0.270197 0.269418 0.269626 0.268974 0.269349 0.268287 0.269208 0.267431 0.269208 0.266582 0.269541 0.265863 0.270124 0.265439 0.270790 0.265145 0.272122 0.264786 0.272789 0.264655 0.273413 0.264394 0.274037 0.263904 0.274579 0.263382 0.275162 0.262990 0.275849 0.262892
0 0.186562 0.110964 0.188178 0.110920 0.188950 0.111027 0.189545 0.111602 0.190118 0.112284 0.190625 0.112931 0.190625 0.114009 0.190625 0.115086 0.190581 0.116164 0.190537 0.117205 0.190471 0.118247 0.190383 0.119289 0.190140 0.120223 0.189501 0.120690 0.188884 0.121193 0.188108 0.121210 0.187319 0.121336 0.186525 0.121300 0.185710 0.121264 0.184916 0.121300 0.184409 0.120869 0.184321 0.119864 0.184233 0.118822 0.184145 0.117780 0.184189 0.116723 0.184535 0.115847 0.184915 0.114933 0.184916 0.113865 0.184960 0.112787 0.185291 0.111889 0.185854 0.111214 0.186562 0.110964
0 0.248858 0.082116 0.249503 0.082543 0.250127 0.082817 0.250794 0.083053 0.251460 0.083209 0.251668 0.083836 0.251335 0.084581 0.251127 0.085364 0.250960 0.086187 0.250710 0.086971 0.250336 0.087676 0.249794 0.088264 0.249211 0.088774 0.248670 0.089322 0.248205 0.089936 0.246946 0.090845 0.246318 0.091200 0.245688 0.091437 0.245006 0.091556 0.244340 0.091791 0.243716 0.092222 0.243133 0.092418 0.241759 0.092614 0.241051 0.092574 0.240551 0.092104 0.240427 0.091242 0.240427 0.089361 0.240385 0.088421 0.240385 0.084698 0.240468 0.083836 0.240760 0.083053 0.241343 0.082661 0.242009 0.082386 0.242633 0.082190 0.243341 0.082034 0.244715 0.081916 0.246130 0.081877 0.246838 0.081838 0.247532 0.081760
0 0.052327 0.381511 0.052980 0.381619 0.053552 0.382030 0.054630 0.383176 0.055668 0.384373 0.056078 0.385043 0.056325 0.385817 0.056781 0.387430 0.056948 0.389191 0.057075 0.391961 0.057075 0.394782 0.057031 0.395722 0.056918 0.396516 0.056276 0.396442 0.055578 0.396610 0.054625 0.397757 0.053949 0.397859 0.047628 0.397859 0.047112 0.397615 0.046833 0.395958 0.046666 0.395088 0.046625 0.394202 0.046541 0.393307 0.046163 0.391623 0.045779 0.390874 0.044726 0.389996 0.044370 0.389247 0.044254 0.388484 0.044299 0.387572 0.044299 0.386624 0.044257 0.385704 0.044373 0.385045 0.044922 0.384921 0.046148 0.384232 0.047299 0.383394 0.047915 0.383033 0.048514 0.382773 0.049705 0.382103 0.050939 0.381633
0 0.185938 0.019792 0.183594 0.029167 0.178125 0.034375 0.168750 0.032292 0.168750 0.023958 0.179688 0.014583
0 0.832812 0.519792 0.832812 0.531250 0.820312 0.546875 0.817969 0.547917 0.818750 0.554167 0.814063 0.559375 0.813281 0.564583 0.808594 0.571875 0.801562 0.571875 0.798438 0.578125 0.788281 0.577083 0.779687 0.571875 0.773438 0.562500 0.779687 0.554167 0.779687 0.545833 0.783594 0.542708 0.787500 0.536458 0.789062 0.528125 0.795312 0.525000 0.800781 0.519792 0.810937 0.519792 0.815625 0.521875 0.821875 0.517708
0 0.486719 0.293750 0.494531 0.306250 0.493750 0.309375 0.498437 0.313542 0.504687 0.323958 0.507812 0.325000 0.511719 0.330208 0.511719 0.336458 0.518750 0.348958 0.517969 0.356250 0.520312 0.361458 0.526563 0.366667 0.527344 0.373958 0.521875 0.384375 0.522656 0.394792 0.519531 0.396875 0.517188 0.406250 0.514844 0.410417 0.514844 0.423958 0.511719 0.429167 0.510938 0.437500 0.513281 0.443750 0.511719 0.469792 0.513281 0.472917 0.509375 0.479167 0.504687 0.497917 0.504687 0.506250 0.503125 0.511458 0.491406 0.528125 0.491406 0.533333 0.488281 0.542708 0.481250 0.545833 0.475781 0.539583 0.471094 0.538542 0.467969 0.533333 0.459375 0.528125 0.454688 0.521875 0.450000 0.507292 0.443750 0.501042 0.437500 0.497917 0.435156 0.494792 0.425781 0.490625 0.422656 0.486458 0.419531 0.486458 0.414844 0.493750 0.388281 0.496875 0.385156 0.494792 0.378125 0.482292 0.377344 0.472917 0.373437 0.462500 0.373437 0.457292 0.377344 0.450000 0.377344 0.439583 0.375781 0.434375 0.371875 0.430208 0.372656 0.418750 0.371094 0.408333 0.368750 0.406250 0.367188 0.397917 0.368750 0.395833 0.368750 0.387500 0.360938 0.376042 0.362500 0.365625 0.368750 0.352083 0.375781 0.347917 0.379688 0.340625 0.382031 0.331250 0.389844 0.329167 0.393750 0.325000 0.399219 0.325000 0.406250 0.331250 0.410938 0.331250 0.416406 0.325000 0.417187 0.316667 0.425000 0.314583 0.432031 0.308333 0.441406 0.309375 0.447656 0.303125 0.451562 0.304167 0.454688 0.308333 0.467187 0.306250 0.478906 0.297917 0.483594 0.292708
0 0.832003 0.425812 0.832961 0.430923 0.834159 0.432840 0.833919 0.434757 0.832003 0.436035 0.830805 0.436035 0.830565 0.436674 0.826252 0.436354 0.826013 0.435716 0.825054 0.435396 0.824096 0.430284 0.824096 0.426770 0.823377 0.425812 0.823617 0.423256 0.829846 0.422937 0.830325 0.423576
0 0.944855 0.312081 0.941500 0.311123 0.940542 0.309525 0.940542 0.305053 0.941261 0.303456 0.943178 0.302178 0.945574 0.302178 0.947490 0.303456 0.948209 0.304733 0.949407 0.305692 0.950126 0.307928 0.950126 0.310484 0.948928 0.311762 0.947251 0.312081
0 0.877287 0.327416 0.875370 0.328694 0.874652 0.328694 0.873693 0.329652 0.869620 0.329652 0.871058 0.329013 0.871058 0.327735 0.870578 0.327416 0.870339 0.326138 0.870339 0.321985 0.871297 0.320707 0.873214 0.320707 0.877048 0.323901
0 0.864588 0.829940 0.861713 0.830259 0.860276 0.829301 0.860276 0.826745 0.861953 0.825467 0.862672 0.822911 0.865307 0.821634 0.865307 0.820356 0.866026 0.819078 0.867943 0.819078 0.868662 0.820356 0.868662 0.825787 0.870339 0.827384 0.870578 0.831537 0.866266 0.831857
0 0.434674 0.565033 0.434674 0.570531 0.433946 0.571825 0.430793 0.572795 0.428125 0.572795 0.426912 0.571501 0.426912 0.566003 0.428610 0.564063 0.430551 0.560829 0.432976 0.560506 0.434431 0.562123
0 0.245727 0.632301 0.243301 0.632301 0.241361 0.632947 0.239906 0.631654 0.239906 0.628420 0.241846 0.625833 0.243544 0.624862 0.245484 0.624862 0.245969 0.625509 0.246212 0.627773
0 0.128575 0.670785 0.126877 0.673373 0.124451 0.673373 0.124209 0.672079 0.123481 0.671109 0.123481 0.669815 0.122268 0.667551 0.122511 0.665288 0.123481 0.663671 0.126877 0.663024 0.128090 0.663994 0.128575 0.667875
0 0.128575 0.508761 0.128817 0.513289 0.126392 0.516523 0.123481 0.516200 0.122268 0.514583 0.121783 0.514583 0.121056 0.512642 0.121298 0.507468 0.123239 0.507791 0.126149 0.505851 0.127605 0.505851
0 0.125422 0.393307 0.124209 0.395894 0.118145 0.396218 0.116690 0.391043 0.116690 0.387809 0.116932 0.387163 0.118873 0.386192 0.122996 0.386192 0.124451 0.387163 0.124936 0.389426 0.125664 0.390720
0 0.031087 0.161068 0.028406 0.158318 0.026962 0.153918 0.027994 0.153918 0.029231 0.151443 0.030469 0.151443 0.031500 0.150343 0.033356 0.150343 0.035006 0.153093 0.035625 0.155843 0.034388 0.156943 0.032531 0.159968
0 0.266007 0.150068 0.261882 0.150068 0.260026 0.147593 0.258788 0.144568 0.262295 0.141818 0.264357 0.141818 0.265595 0.142918 0.266213 0.147593
0 0.295913 0.153918 0.292201 0.153918 0.290551 0.152818 0.289726 0.150618 0.289726 0.148143 0.292407 0.145668 0.294057 0.145393 0.295707 0.147043 0.296738 0.150068 0.296738 0.151993
0 0.056651 0.266294 0.055160 0.265698 0.054563 0.265698 0.054116 0.265499 0.053817 0.265101 0.052475 0.264505 0.052177 0.264107 0.051431 0.263709 0.050984 0.263709 0.048150 0.261124 0.048747 0.260329 0.048896 0.259732 0.049492 0.258738 0.049791 0.257545 0.050089 0.256949 0.050835 0.255954 0.050835 0.249392 0.051729 0.248199 0.052773 0.247404 0.053072 0.246807 0.053668 0.246609 0.054116 0.246609 0.055905 0.247603 0.056502 0.248398 0.056353 0.249194 0.055309 0.251182 0.054861 0.251779 0.054712 0.252375 0.054712 0.253171 0.055010 0.253966 0.055458 0.254165 0.055458 0.254960 0.055756 0.255557 0.055756 0.257943 0.055160 0.258738 0.054712 0.260727 0.054861 0.261323 0.055309 0.261323 0.055756 0.261721 0.056502 0.261920 0.057397 0.261920 0.057844 0.262119 0.058142 0.262516 0.058590 0.262516 0.058888 0.263113 0.059335 0.263312 0.059783 0.264505 0.059783 0.265101 0.059485 0.265698 0.057844 0.266294
0 0.119328 0.173285 0.118271 0.174090 0.117818 0.174090 0.117516 0.174492 0.115403 0.174492 0.114950 0.174291 0.113893 0.172882 0.113742 0.172077 0.113440 0.171674 0.112836 0.171473 0.112685 0.170869 0.112987 0.170467 0.113138 0.169863 0.114799 0.167648 0.115252 0.167648 0.115705 0.167246 0.118875 0.167246 0.119479 0.167447 0.120536 0.168454 0.120687 0.169661 0.120687 0.171674 0.120385 0.172077
0 0.144691 0.138058 0.142276 0.138058 0.141068 0.137655 0.140464 0.137253 0.139256 0.137052 0.138954 0.136649 0.138954 0.135039 0.138652 0.134435 0.138652 0.133630 0.140464 0.131415 0.140917 0.131214 0.141219 0.130811 0.142125 0.131415 0.142879 0.132422 0.143785 0.132824 0.145295 0.132824 0.145899 0.132422 0.146352 0.132422 0.147258 0.132824 0.147409 0.133428 0.147409 0.135039 0.147258 0.136246 0.145899 0.138259
0 0.241766 0.009632 0.238746 0.009632 0.238142 0.008827 0.237538 0.006612 0.237236 0.006009 0.237085 0.005203 0.236784 0.004801 0.236784 0.003593 0.236935 0.002989 0.237991 0.001379 0.238897 0.000775 0.239501 0.000775 0.240709 0.000000 0.241766 0.000000 0.242369 0.000000 0.243275 0.000171 0.244332 0.002989 0.244483 0.004197 0.244483 0.006612 0.244332 0.007418 0.242973 0.008827
0 0.823853 0.031529 0.821560 0.032548 0.818758 0.032548 0.817740 0.031869 0.816466 0.026095 0.816466 0.022699 0.817485 0.022699 0.819523 0.021680 0.822579 0.021680 0.824107 0.022360 0.824617 0.023718 0.824617 0.028473
0 0.958448 0.178925 0.957056 0.178100 0.956746 0.177687 0.955664 0.177275 0.955354 0.176862 0.955045 0.176243 0.955045 0.173562 0.955354 0.173149 0.956282 0.173149 0.956746 0.172737 0.957056 0.172324 0.957056 0.171705 0.957829 0.170674 0.957984 0.170055 0.958448 0.169642 0.959377 0.168198 0.959995 0.167992 0.960924 0.168198 0.961388 0.169230 0.961388 0.169849 0.961852 0.171912 0.961852 0.173562 0.961697 0.174181 0.960460 0.176862 0.960150 0.177275 0.959531 0.177481
0 0.673667 0.369483 0.671036 0.369483 0.670159 0.369191 0.669282 0.368021 0.667966 0.367729 0.666212 0.365683 0.666212 0.362759 0.666431 0.361297 0.672790 0.361005 0.673667 0.361590 0.673886 0.366560
0 0.488723 0.771997 0.485816 0.770235 0.483438 0.764950 0.482909 0.764598 0.481588 0.761075 0.480531 0.760018 0.478682 0.759313 0.476303 0.756142 0.474718 0.755085 0.474454 0.748744 0.475246 0.747334 0.476303 0.746630 0.479739 0.746630 0.481324 0.747687 0.482645 0.749800 0.485023 0.750857 0.485287 0.751562 0.485816 0.751562 0.486344 0.752267 0.487401 0.754381 0.487930 0.757199 0.490308 0.760722 0.490572 0.763893 0.491365 0.763189 0.493215 0.762836 0.494800 0.764246 0.495857 0.766712 0.495593 0.772349 0.495064 0.773053 0.487666 0.774463
