0 0.677812 0.309587 0.678759 0.310410 0.679421 0.310880 0.680038 0.311468 0.680589 0.312213 0.680787 0.312644 0.680853 0.313153 0.680985 0.314799 0.680941 0.315348 0.680699 0.315739 0.680126 0.316445 0.679663 0.317150 0.679531 0.317581 0.679465 0.318130 0.679487 0.318521 0.679068 0.318874 0.679024 0.319423 0.678914 0.318992 0.678583 0.318874 0.678605 0.318678 0.678385 0.318247 0.678164 0.318521 0.678054 0.318443 0.678451 0.317542 0.678186 0.316641 0.677790 0.315661 0.677238 0.314956 0.676621 0.314407 0.676004 0.313819 0.675012 0.313075 0.674682 0.312879 0.674549 0.312409 0.674527 0.311860 0.674549 0.310763 0.674682 0.310253 0.675299 0.309705 0.676004 0.309352 0.676754 0.309117 0.677161 0.309078
0 0.739523 0.297306 0.740738 0.298168 0.741286 0.298743 0.741799 0.299395 0.742141 0.300161 0.742188 0.301185 0.742140 0.302227 0.742188 0.303269 0.742129 0.304274 0.741580 0.304885 0.740992 0.305388 0.740385 0.305819 0.739758 0.306178 0.739131 0.306573 0.738485 0.306932 0.737838 0.307328 0.737172 0.307579 0.737093 0.307112 0.737446 0.306250 0.737622 0.305280 0.737387 0.304346 0.737172 0.303412 0.736956 0.302443 0.736721 0.301509 0.736506 0.300575 0.736408 0.299569 0.736251 0.298599 0.736721 0.298096 0.737270 0.297486 0.737995 0.297378 0.738759 0.297342 0.739523 0.297306
0 0.827670 0.233337 0.828126 0.233805 0.828897 0.235155 0.829739 0.236203 0.830557 0.237344 0.830858 0.238112 0.831159 0.239727 0.831343 0.240553 0.831750 0.242066 0.831563 0.243708 0.831086 0.245285 0.830044 0.248341 0.828899 0.250228 0.828048 0.251438 0.827622 0.251865 0.827591 0.252673 0.827229 0.253321 0.826420 0.253772 0.825878 0.253558 0.825313 0.253173 0.824547 0.251894 0.824216 0.251218 0.823775 0.250692 0.822820 0.249866 0.822416 0.249340 0.822111 0.248692 0.821897 0.247888 0.821790 0.247090 0.822255 0.245656 0.822728 0.244092 0.823380 0.242646 0.823760 0.241013 0.824023 0.239404 0.824387 0.237840 0.824797 0.236234 0.824951 0.235446 0.825208 0.234695 0.825576 0.234019 0.826495 0.233042
0 0.749763 0.399757 0.749414 0.403333 0.751119 0.401979 0.752829 0.399706 0.753402 0.399763 0.754822 0.402096 0.755516 0.402114 0.757556 0.399226 0.759348 0.399353 0.760399 0.402945 0.760560 0.407190 0.761692 0.409933 0.763389 0.412284 0.763093 0.415426 0.761074 0.417469 0.759752 0.417248 0.758222 0.415764 0.756762 0.412480 0.754182 0.412002 0.753582 0.411461 0.752355 0.412260 0.753206 0.413329 0.752963 0.414440 0.750458 0.415289 0.749811 0.417248 0.747135 0.417996 0.746000 0.417023 0.745124 0.414113 0.743750 0.411501 0.742053 0.410521 0.740032 0.410521 0.739709 0.409411 0.740032 0.406080 0.742037 0.405844 0.743304 0.405228 0.744331 0.403826 0.745043 0.400725 0.746740 0.399288 0.748006 0.398898
0 0.350639 0.364694 0.353551 0.365008 0.354830 0.365844 0.355574 0.368418 0.356291 0.370211 0.357173 0.371695 0.358381 0.372636 0.360467 0.373004 0.361837 0.373536 0.363072 0.374603 0.364144 0.375865 0.365725 0.378193 0.365838 0.379114 0.365085 0.382727 0.364986 0.383712 0.364347 0.385384 0.362926 0.388728 0.361861 0.389982 0.359551 0.392119 0.358103 0.392334 0.356605 0.392385 0.355682 0.393848 0.353343 0.394528 0.351994 0.393875 0.350728 0.393072 0.349559 0.391786 0.348095 0.389627 0.347487 0.387875 0.346001 0.385692 0.345341 0.383969 0.345099 0.380055 0.345283 0.378118 0.346682 0.375873 0.347489 0.374227 0.346777 0.371447 0.346425 0.368669 0.346722 0.367891 0.347743 0.366812 0.349249 0.364705
0 0.372930 0.373438 0.374140 0.373438 0.374765 0.373553 0.376014 0.373553 0.376602 0.373438 0.377205 0.373540 0.377679 0.373994 0.378054 0.374582 0.378345 0.375219 0.378762 0.376639 0.379303 0.377913 0.379594 0.380460 0.379470 0.381243 0.379594 0.383595 0.379594 0.385211 0.379376 0.386743 0.378887 0.387219 0.377756 0.387237 0.377133 0.387188 0.375972 0.386827 0.375473 0.386484 0.374349 0.386142 0.373183 0.385946 0.371967 0.385914 0.370213 0.385619 0.369611 0.385465 0.369130 0.385005 0.368703 0.384404 0.368029 0.383165 0.367769 0.382443 0.367809 0.381619 0.367935 0.380880 0.368187 0.378566 0.368740 0.377210 0.369785 0.375391 0.370165 0.374795 0.370634 0.374243 0.371148 0.373840 0.371733 0.373586
0 0.432837 0.372198 0.434226 0.374079 0.434725 0.374565 0.435378 0.374407 0.436482 0.373862 0.436957 0.374232 0.437826 0.375490 0.439009 0.377527 0.439523 0.377919 0.440654 0.378468 0.441323 0.379565 0.440603 0.380976 0.439626 0.381994 0.439317 0.382700 0.438957 0.384267 0.438512 0.387588 0.437889 0.389094 0.437517 0.389832 0.437054 0.392183 0.436797 0.392888 0.436797 0.392339 0.435614 0.392810 0.434946 0.392810 0.433814 0.392261 0.432786 0.391477 0.431757 0.390380 0.430625 0.389910 0.429597 0.389048 0.428208 0.387324 0.427913 0.386496 0.427334 0.384189 0.427231 0.382465 0.427231 0.380662 0.427813 0.378345 0.428565 0.377008 0.429867 0.374106 0.430762 0.372807 0.431154 0.372103 0.431484 0.370796
0 0.463222 0.389110 0.464344 0.389488 0.464898 0.389936 0.466925 0.391830 0.467611 0.392996 0.468023 0.394328 0.467748 0.395050 0.466651 0.396659 0.465591 0.398434 0.464594 0.399269 0.464045 0.399602 0.462262 0.400379 0.461714 0.400712 0.460866 0.401700 0.460617 0.402322 0.459588 0.402766 0.458422 0.402322 0.457874 0.401989 0.455542 0.401100 0.454376 0.400434 0.453279 0.399713 0.451016 0.398491 0.449851 0.397992 0.449302 0.397659 0.448616 0.396493 0.448616 0.395771 0.448822 0.395105 0.448822 0.393551 0.448959 0.392829 0.450811 0.390831 0.451291 0.390387 0.452388 0.389554 0.453554 0.388999 0.454788 0.388777 0.456639 0.388610 0.459040 0.388111 0.460275 0.388129 0.460891 0.388055 0.462060 0.388335
0 0.483075 0.426503 0.485514 0.431577 0.487003 0.430032 0.489371 0.425914 0.491712 0.425488 0.496084 0.430280 0.497910 0.435000 0.498435 0.439237 0.497314 0.444291 0.496720 0.452073 0.495957 0.457253 0.494926 0.460424 0.493980 0.461457 0.492621 0.461454 0.489628 0.462552 0.488343 0.464051 0.487571 0.471878 0.486800 0.473044 0.485600 0.472878 0.484801 0.470485 0.482553 0.467631 0.478914 0.464717 0.478742 0.462885 0.477028 0.459222 0.474456 0.455391 0.473256 0.452394 0.473325 0.447936 0.475245 0.445873 0.479326 0.442770 0.477199 0.440070 0.477285 0.436573 0.479725 0.435824 0.482257 0.433408 0.481453 0.432332 0.479645 0.431934 0.478531 0.430851 0.478642 0.428275 0.479428 0.425914 0.480675 0.425582
0 0.461921 0.467922 0.464123 0.469506 0.465460 0.470656 0.470474 0.474425 0.473469 0.476311 0.475023 0.476910 0.477313 0.478130 0.478732 0.479269 0.479883 0.480547 0.480407 0.482328 0.480216 0.483118 0.481172 0.482902 0.480407 0.485273 0.479834 0.485273 0.476677 0.486861 0.475418 0.487883 0.472964 0.488095 0.471521 0.487357 0.470234 0.486172 0.468929 0.485726 0.468277 0.486494 0.466176 0.488003 0.462165 0.489009 0.459681 0.489368 0.458917 0.489296 0.457343 0.488398 0.454752 0.486016 0.454332 0.485273 0.453950 0.483333 0.452613 0.482399 0.452040 0.480603 0.452216 0.476427 0.453519 0.475466 0.454141 0.474713 0.455574 0.473563 0.457453 0.471785 0.458726 0.469397 0.458838 0.468326 0.460325 0.467337
0 0.673423 0.715323 0.674570 0.715728 0.677451 0.717258 0.680537 0.717764 0.684417 0.717865 0.686268 0.717561 0.686885 0.717258 0.689795 0.718472 0.690412 0.719687 0.691558 0.723433 0.691558 0.725963 0.691382 0.727684 0.690853 0.730721 0.690324 0.732239 0.689582 0.733450 0.688412 0.734275 0.687157 0.734382 0.685386 0.734973 0.684388 0.735972 0.680857 0.741646 0.680300 0.741969 0.677203 0.742681 0.674718 0.742666 0.674165 0.742381 0.674189 0.741113 0.673833 0.737831 0.673117 0.735582 0.672058 0.733588 0.671179 0.731568 0.670383 0.730247 0.669319 0.727466 0.666770 0.722051 0.665637 0.720193 0.665373 0.718675 0.665549 0.716144 0.665725 0.715436 0.666833 0.713506 0.668095 0.713073 0.669401 0.713295
0 0.774985 0.404095 0.777851 0.404183 0.780584 0.404680 0.783390 0.404888 0.784600 0.405682 0.784728 0.406475 0.783926 0.409025 0.783533 0.409749 0.782308 0.410619 0.781862 0.411236 0.780652 0.414410 0.780417 0.417225 0.780074 0.419043 0.780009 0.421023 0.780104 0.422738 0.779888 0.423580 0.778870 0.424990 0.777214 0.427900 0.776068 0.429046 0.774158 0.429663 0.773521 0.430016 0.772184 0.429751 0.770974 0.428958 0.769446 0.427194 0.768618 0.425696 0.768872 0.423139 0.769318 0.419612 0.768236 0.417320 0.766899 0.413352 0.766134 0.411765 0.766007 0.410884 0.766198 0.407181 0.766453 0.406299 0.767599 0.405417 0.768236 0.405417 0.769509 0.405946 0.770846 0.405858 0.771721 0.404439 0.772914 0.403846
0 0.503125 0.475000 0.506250 0.493750 0.507017 0.501947 0.502971 0.506849 0.500458 0.510002 0.497465 0.508684 0.496153 0.504151 0.491202 0.504915 0.489289 0.500752 0.490832 0.490332 0.493345 0.477658 0.495562 0.475585 0.498563 0.474619 0.500359 0.474247
0 0.338565 0.018765 0.340529 0.021931 0.342893 0.020514 0.347090 0.022284 0.347991 0.023661 0.348781 0.031493 0.348187 0.034245 0.347065 0.035559 0.343961 0.042162 0.342840 0.045643 0.338675 0.052542 0.338170 0.054505 0.335732 0.058149 0.333657 0.058813 0.332689 0.056195 0.332242 0.053271 0.329842 0.051308 0.329212 0.048445 0.326499 0.052852 0.324793 0.054780 0.323293 0.054699 0.321040 0.052054 0.319767 0.051402 0.316759 0.048674 0.316308 0.046764 0.317322 0.043090 0.322471 0.042217 0.323202 0.040500 0.322780 0.037587 0.320139 0.036184 0.318449 0.033245 0.320815 0.025163 0.321153 0.023253 0.322392 0.022812 0.326227 0.023347 0.327667 0.022660 0.329602 0.019433 0.334108 0.016641 0.335513 0.016247
0 0.329941 0.076877 0.333581 0.079027 0.336497 0.081423 0.335850 0.084362 0.337787 0.089627 0.340028 0.092081 0.340120 0.096161 0.338891 0.097920 0.335789 0.096764 0.334161 0.098958 0.332230 0.100878 0.328414 0.100526 0.325715 0.101819 0.324794 0.103070 0.324208 0.103729 0.323577 0.104267 0.322987 0.104554 0.322620 0.106565 0.321031 0.108911 0.319304 0.109640 0.316997 0.108987 0.315517 0.110158 0.313803 0.109930 0.312882 0.106467 0.313245 0.104170 0.316484 0.100947 0.316781 0.098645 0.316036 0.095824 0.315218 0.094720 0.313989 0.090534 0.314361 0.089123 0.316353 0.086088 0.317991 0.085361 0.321527 0.082893 0.323794 0.079349 0.325059 0.075986 0.326924 0.076070 0.328942 0.074905 0.329333 0.075624
0 0.757812 0.435417 0.760938 0.435417 0.761719 0.436458 0.760938 0.440625 0.760156 0.441667 0.757031 0.440625 0.756250 0.439583 0.757812 0.435417
