0 0.352505 0.237751 0.352875 0.236750 0.353883 0.236389 0.354265 0.237896 0.355207 0.239821 0.356897 0.241554 0.356897 0.242572 0.356042 0.243191 0.354480 0.244025 0.353345 0.245165 0.351820 0.244441 0.350706 0.244050 0.350347 0.242998 0.352237 0.239856
0 0.867008 0.263586 0.867559 0.263189 0.868611 0.263651 0.868881 0.264734 0.868913 0.266667 0.869686 0.267591 0.868935 0.267991 0.868952 0.269048 0.869334 0.269557 0.869696 0.271806 0.867464 0.272238 0.867032 0.272144 0.865652 0.270786 0.864410 0.269975 0.864130 0.269362 0.864005 0.268733 0.864567 0.266475 0.864806 0.266085 0.865120 0.266103
0 0.570060 0.310278 0.572097 0.309887 0.573683 0.309362 0.574240 0.310570 0.573718 0.312403 0.572845 0.314406 0.572546 0.314248 0.570733 0.313699 0.569424 0.312834 0.569771 0.310871
0 0.698860 0.328888 0.697801 0.329860 0.697541 0.330500 0.697095 0.331007 0.696292 0.331508 0.695844 0.331745 0.694560 0.332588 0.693674 0.329501 0.693585 0.328953 0.693303 0.327798 0.693791 0.326672 0.694788 0.326779 0.695317 0.326914 0.695691 0.326749 0.696394 0.326777 0.697879 0.326541 0.698475 0.327044 0.698424 0.327285 0.699258 0.327859 0.698959 0.328550 0.698656 0.328656 0.698626 0.328754
0 0.436716 0.548593 0.436593 0.547114 0.436224 0.545814 0.436105 0.544082 0.435575 0.541916 0.435608 0.538726 0.435699 0.537811 0.435710 0.537185 0.435981 0.535924 0.436117 0.535864 0.436618 0.535543 0.437141 0.535201 0.437628 0.534761 0.438362 0.534281 0.440229 0.534194 0.440230 0.534198 0.441690 0.534119 0.442294 0.535758 0.442708 0.536706 0.441868 0.537854 0.441862 0.538022 0.441647 0.537953 0.441411 0.537998 0.441079 0.538515 0.441144 0.538848 0.440776 0.539339 0.440330 0.540367 0.440170 0.541230 0.439742 0.541800 0.439164 0.545273 0.439131 0.545564 0.439051 0.548268 0.439114 0.550872 0.438438 0.551879 0.437761 0.550872 0.437042 0.548562
0 0.433337 0.554715 0.433545 0.554290 0.433439 0.554280 0.431671 0.553909 0.432280 0.552506 0.432653 0.552426 0.433126 0.552087 0.433685 0.551987 0.434418 0.551426 0.433843 0.549173 0.434618 0.549305 0.435966 0.549910 0.436436 0.549290 0.437926 0.552009 0.438815 0.552284 0.439280 0.553198 0.439923 0.553024 0.440441 0.554221 0.440423 0.554261 0.440550 0.554364 0.441189 0.556477 0.442918 0.558117 0.443751 0.559662 0.444241 0.559914 0.445859 0.562318 0.447010 0.563160 0.448275 0.564781 0.449168 0.565343 0.449271 0.565973 0.449363 0.566048 0.450100 0.568249 0.449754 0.569409 0.449209 0.569450 0.449207 0.569513 0.448205 0.568662 0.448153 0.568253 0.447944 0.567984 0.447566 0.567794 0.445413 0.567628 0.445440 0.567692 0.445379 0.568992 0.444703 0.568908 0.444593 0.569189 0.443495 0.568790 0.441708 0.568821 0.441277 0.567335 0.439489 0.564829 0.438948 0.562627 0.436314 0.562471 0.435633 0.562837 0.434611 0.562622 0.435024 0.562232 0.436035 0.560570 0.436253 0.559419 0.436392 0.556812 0.435025 0.555859 0.434880 0.555624 0.434171 0.555263 0.434140 0.555095 0.433721 0.555083
0 0.440705 0.473581 0.443169 0.473852 0.443252 0.475292 0.443271 0.477372 0.443282 0.478664 0.442440 0.479786 0.441654 0.478732 0.441346 0.478319 0.440920 0.478170 0.440611 0.477759 0.440389 0.476758 0.440402 0.475735 0.440418 0.474559 0.440456 0.474101
0 0.438267 0.486479 0.440231 0.486464 0.441807 0.487628 0.441119 0.489863 0.438554 0.490804 0.437879 0.490300 0.437799 0.487193
0 0.876032 0.293547 0.876080 0.293216 0.875562 0.292343 0.876330 0.291443 0.878265 0.291363 0.879363 0.291128 0.880194 0.291527 0.879506 0.293763 0.879181 0.294153 0.879168 0.294273 0.878295 0.296478 0.876746 0.296109 0.876555 0.296135 0.875848 0.296474 0.875828 0.295288
0 0.879229 0.299500 0.879298 0.297901 0.880626 0.296860 0.882090 0.296432 0.884207 0.297711 0.886381 0.297693 0.886661 0.299316 0.887028 0.299525 0.887701 0.301198 0.886959 0.303168 0.883644 0.302449 0.883589 0.300832 0.883809 0.300089 0.879980 0.299979
0 0.887226 0.322621 0.888386 0.323852 0.889365 0.325150 0.890849 0.325039 0.892319 0.325395 0.893129 0.325797 0.894056 0.325752 0.894943 0.327799 0.892867 0.328785 0.890204 0.329724 0.888837 0.327723 0.888043 0.327590 0.886222 0.326552 0.886311 0.325068 0.886201 0.324916 0.885711 0.324512 0.884713 0.324223 0.885481 0.322734 0.886533 0.323359
0 0.799896 0.831770 0.800638 0.832626 0.802155 0.834180 0.802049 0.834149 0.801461 0.834315 0.800225 0.834876 0.799740 0.835667 0.799068 0.836114 0.798124 0.836531 0.794269 0.837270 0.793509 0.836257 0.794228 0.832599 0.795216 0.832036 0.799000 0.831539
0 0.818267 0.810532 0.818989 0.810590 0.819167 0.810339 0.820039 0.810239 0.821134 0.809404 0.821967 0.809300 0.822258 0.809974 0.822948 0.811866 0.822670 0.812870 0.822488 0.812983 0.822498 0.813307 0.821394 0.813723 0.821410 0.815265 0.821721 0.817151 0.821615 0.817459 0.820502 0.819059 0.819393 0.817909 0.818499 0.816854 0.818223 0.815011 0.817796 0.813502 0.817917 0.811319
0 0.866367 0.812616 0.865790 0.813766 0.864527 0.813116 0.863508 0.812554 0.863185 0.811291 0.862757 0.811308 0.861753 0.811059 0.861383 0.811220 0.860836 0.810679 0.860084 0.809571 0.859977 0.808804 0.860211 0.806604 0.860685 0.806942 0.861383 0.806916 0.862441 0.807423 0.863649 0.807645 0.864513 0.808088 0.864977 0.808194 0.866214 0.808273 0.866591 0.809068 0.866570 0.811047 0.866511 0.811759 0.866294 0.812093
0 0.925885 0.836890 0.925780 0.838378 0.925180 0.839747 0.924601 0.841068 0.924021 0.842399 0.923517 0.842128 0.923078 0.841891 0.922149 0.841391 0.921735 0.841379 0.920622 0.840891 0.920646 0.839790 0.921142 0.838587 0.922277 0.837337 0.923407 0.837206 0.923814 0.836662 0.924997 0.837030
0 0.928887 0.778220 0.929276 0.780419 0.928951 0.782001 0.928380 0.783107 0.927531 0.785538 0.925896 0.785538 0.925184 0.784359 0.923588 0.782231 0.923350 0.778920 0.923415 0.777906 0.924260 0.777009 0.925365 0.776922 0.927731 0.777312 0.928196 0.777531
0 0.822999 0.847980 0.824013 0.844172 0.824843 0.844841 0.825150 0.845648 0.825677 0.845998 0.826910 0.846909 0.826824 0.848592 0.825517 0.849645 0.825193 0.849874 0.823919 0.850948 0.823626 0.850879 0.822666 0.850545 0.822944 0.849294 0.822935 0.848876
0 0.313363 0.219135 0.315296 0.218475 0.317141 0.218561 0.317464 0.219308 0.317441 0.220096 0.317549 0.221561 0.317443 0.222017 0.317377 0.222780 0.316710 0.223190 0.316296 0.223772 0.315724 0.223859 0.313452 0.224110 0.313044 0.223250 0.313078 0.220378 0.313065 0.219850
0 0.915973 0.355677 0.916851 0.355126 0.917461 0.356043 0.917696 0.357085 0.917757 0.357808 0.919430 0.357313 0.919966 0.358152 0.921240 0.358144 0.924365 0.358248 0.925274 0.359653 0.924089 0.360609 0.921511 0.362242 0.920693 0.362761 0.920298 0.362526 0.919769 0.362445 0.918753 0.361925 0.917954 0.361588 0.916313 0.360963 0.915771 0.360990 0.914940 0.360382 0.915253 0.358751 0.915477 0.358457 0.915653 0.356569
0 0.901503 0.349412 0.905255 0.349588 0.906185 0.352343 0.904786 0.353040 0.902982 0.352531 0.901294 0.352114 0.901294 0.349935
0 0.991192 0.340424 0.992883 0.341345 0.994927 0.341538 0.995376 0.342646 0.996328 0.344879 0.996342 0.344889 0.996561 0.345181 0.996561 0.347124 0.994956 0.348639 0.994545 0.349187 0.994105 0.349469 0.992897 0.350742 0.991581 0.351436 0.991271 0.350746 0.990587 0.350646 0.990147 0.349406 0.989899 0.349104 0.989855 0.348524 0.989350 0.346726 0.989379 0.344678 0.989137 0.343705 0.989174 0.343124 0.989509 0.341118 0.990863 0.340804
0 0.990133 0.478385 0.992137 0.477646 0.994200 0.479615 0.994558 0.483862 0.992728 0.485909 0.991924 0.486496 0.992672 0.487493 0.992159 0.489319 0.990589 0.489630 0.987868 0.489630 0.986190 0.489182 0.985444 0.489188 0.984519 0.488408 0.985025 0.486658 0.986293 0.486066 0.987309 0.485875 0.987551 0.484744 0.986102 0.483629 0.985411 0.482706 0.985420 0.479761 0.986248 0.479182 0.986287 0.479118 0.986267 0.478914 0.986866 0.478116 0.986908 0.478119 0.987195 0.477935 0.987221 0.477592 0.987388 0.476417 0.988109 0.476003 0.989313 0.475782 0.989709 0.476617 0.989750 0.478248
0 0.896640 0.533660 0.898050 0.533011 0.898833 0.532582 0.899826 0.531875 0.900839 0.530590 0.901514 0.529469 0.902438 0.528546 0.903173 0.528182 0.905861 0.527776 0.906948 0.528709 0.908414 0.528735 0.909132 0.527776 0.912229 0.527619 0.913364 0.528392 0.913557 0.528649 0.914653 0.528080 0.915686 0.528119 0.917905 0.526238 0.918749 0.525946 0.919290 0.524698 0.921464 0.526121 0.922540 0.526077 0.923794 0.524923 0.924426 0.523805 0.925144 0.523709 0.926890 0.523940 0.927678 0.524618 0.928485 0.524698 0.928927 0.526027 0.929076 0.526923 0.930127 0.526864 0.931854 0.525780 0.932851 0.527258 0.932136 0.528490 0.931255 0.529511 0.930660 0.529979 0.928400 0.532855 0.928023 0.533512 0.926331 0.533666 0.925878 0.533321 0.921932 0.533323 0.921559 0.533666 0.918935 0.535010 0.918327 0.535974 0.917539 0.536286 0.915115 0.535979 0.914019 0.535609 0.910735 0.535632 0.908997 0.536286 0.908004 0.536803 0.907916 0.538929 0.905881 0.539672 0.904974 0.539029 0.901614 0.539065 0.901032 0.538489 0.900127 0.537819 0.899036 0.537666 0.897619 0.537618 0.896912 0.537788 0.895371 0.537633 0.894265 0.537082 0.894031 0.535569 0.894949 0.534260
0 0.871740 0.538440 0.872462 0.536790 0.873708 0.535856 0.874449 0.535941 0.875590 0.535676 0.877142 0.534700 0.877512 0.533945 0.879145 0.532452 0.880602 0.534071 0.881503 0.533398 0.881568 0.533323 0.884432 0.533010 0.884659 0.534876 0.885227 0.535210 0.887374 0.538726 0.888043 0.539556 0.888080 0.539715 0.888869 0.540177 0.889012 0.540576 0.889064 0.540769 0.889963 0.541219 0.890121 0.542972 0.889945 0.543603 0.889885 0.544100 0.889718 0.544317 0.889729 0.544545 0.889209 0.545239 0.888222 0.547344 0.888155 0.548012 0.886896 0.550426 0.885584 0.550229 0.883512 0.550413 0.882440 0.550627 0.880367 0.550735 0.879289 0.551270 0.878612 0.550275 0.877051 0.549803 0.876418 0.549464 0.875100 0.549065 0.873164 0.547596 0.872801 0.546157 0.872936 0.545345 0.871909 0.544886 0.870801 0.543917 0.870825 0.541900 0.871560 0.541163 0.871508 0.539697
0 0.973626 0.645518 0.973456 0.643468 0.974530 0.644047 0.975432 0.644594 0.975601 0.644568 0.976249 0.644917 0.977051 0.645111 0.977527 0.646802 0.976693 0.647696 0.976395 0.648094 0.975904 0.648201 0.974522 0.649299 0.973141 0.649187 0.973322 0.646621 0.973432 0.646352
0 0.869360 0.626737 0.871460 0.627745 0.871868 0.629421 0.873039 0.631596 0.872575 0.632668 0.871626 0.632834 0.871122 0.632827 0.869202 0.634127 0.868440 0.633607 0.867792 0.633023 0.867990 0.630552 0.868155 0.629846 0.868546 0.629325 0.868516 0.628526 0.868896 0.627304
0 0.800115 0.663122 0.801395 0.663077 0.802887 0.663201 0.804150 0.663027 0.805234 0.663045 0.806479 0.663766 0.808440 0.665274 0.808880 0.665762 0.808966 0.666482 0.808938 0.669655 0.809052 0.671459 0.809756 0.671604 0.811453 0.671782 0.812077 0.672536 0.812533 0.673679 0.814084 0.674679 0.814317 0.677000 0.814438 0.679234 0.814182 0.680685 0.813861 0.680756 0.812293 0.681781 0.809976 0.681666 0.809698 0.681727 0.807090 0.681575 0.805008 0.681688 0.804237 0.681096 0.803959 0.680476 0.803242 0.680233 0.801636 0.679339 0.800806 0.679124 0.798743 0.679097 0.797763 0.678986 0.797790 0.676409 0.798220 0.675191 0.797566 0.674714 0.795955 0.673273 0.794805 0.671871 0.793330 0.671141 0.793317 0.670920 0.793976 0.668993 0.793108 0.668111 0.793231 0.667635 0.793105 0.667441 0.792947 0.666834 0.793025 0.665812 0.793025 0.665793 0.793041 0.665611 0.793105 0.664769 0.794288 0.664411 0.795188 0.664531 0.795277 0.664476 0.796556 0.663813 0.796918 0.663435 0.798365 0.663587 0.799060 0.663487
0 0.829367 0.755038 0.830258 0.753616 0.831508 0.753825 0.833613 0.753851 0.834193 0.752661 0.835493 0.751637 0.836495 0.751848 0.837276 0.752161 0.837730 0.752869 0.838594 0.752088 0.839412 0.750182 0.841907 0.750939 0.843120 0.751411 0.842865 0.752758 0.841573 0.755522 0.840659 0.755956 0.838925 0.756317 0.837445 0.756375 0.835853 0.757652 0.834940 0.757831 0.832459 0.757605 0.831082 0.756393 0.829925 0.755997
0 0.787770 0.655104 0.787121 0.656493 0.787151 0.657167 0.786249 0.659153 0.785431 0.659096 0.783956 0.659064 0.783184 0.659119 0.782300 0.658711 0.782259 0.658273 0.782029 0.656183 0.782723 0.655526 0.782774 0.655139 0.783757 0.653978 0.784346 0.653671 0.784807 0.653359 0.786669 0.653570 0.787205 0.654859
0 0.748695 0.667616 0.748467 0.668548 0.747728 0.671856 0.747410 0.671755 0.747403 0.672057 0.747123 0.672846 0.746056 0.672846 0.745500 0.671598 0.745041 0.671492 0.744311 0.670469 0.743882 0.669655 0.744292 0.668608 0.744273 0.668301 0.744650 0.666985 0.744859 0.666856 0.745188 0.666185 0.745664 0.666122 0.745900 0.665839 0.746434 0.665760 0.748061 0.665839 0.748358 0.666236 0.748417 0.667155 0.748413 0.667315
0 0.693425 0.658897 0.693651 0.659175 0.694041 0.659592 0.694679 0.660177 0.694510 0.661467 0.693444 0.662695 0.692561 0.663624 0.691463 0.663967 0.691151 0.663550 0.691151 0.662092 0.691921 0.661064 0.692010 0.660946 0.691439 0.660715 0.690999 0.660706 0.691307 0.660425 0.689759 0.660413 0.689724 0.660409 0.689803 0.659904 0.689819 0.659859 0.689833 0.659782 0.690016 0.659612 0.690026 0.658242 0.690086 0.657630 0.691778 0.657378 0.692398 0.657632 0.692423 0.657661 0.692799 0.658125 0.693400 0.658866
0 0.622716 0.579656 0.623139 0.579424 0.624736 0.580531 0.625532 0.581013 0.626069 0.581860 0.625551 0.585546 0.625290 0.585551 0.622465 0.585162 0.622334 0.584510 0.622448 0.580589
0 0.630500 0.704873 0.630539 0.703327 0.632488 0.702729 0.633364 0.702082 0.634901 0.702080 0.635397 0.703103 0.636008 0.703223 0.637153 0.704750 0.636776 0.705545 0.634294 0.705834 0.633573 0.706587 0.632559 0.706690 0.631008 0.707423 0.630253 0.706625 0.630664 0.705682
0 0.605198 0.695216 0.605318 0.693747 0.605751 0.693665 0.606251 0.693011 0.606289 0.692096 0.606823 0.690511 0.608455 0.690695 0.609149 0.691238 0.610376 0.691215 0.611310 0.691938 0.612151 0.692164 0.612234 0.692416 0.612580 0.692475 0.613445 0.694380 0.614188 0.694607 0.614847 0.695330 0.614067 0.697009 0.613548 0.697537 0.614296 0.700270 0.613839 0.701504 0.612184 0.701537 0.611384 0.701818 0.610738 0.701518 0.610248 0.699947 0.608213 0.697663 0.607493 0.698880 0.607227 0.699828 0.606046 0.701426 0.605522 0.703590 0.604891 0.703646 0.603055 0.702315 0.603458 0.701494 0.603443 0.701483 0.603039 0.700736 0.602755 0.698310 0.602977 0.698230 0.602990 0.698205 0.603756 0.697288 0.604142 0.697054 0.605017 0.695955
0 0.607946 0.722673 0.609262 0.721472 0.610010 0.720456 0.611132 0.719412 0.612107 0.718810 0.612892 0.717989 0.613851 0.716707 0.615003 0.714538 0.615768 0.714214 0.617253 0.714470 0.617585 0.715607 0.618374 0.716194 0.619577 0.718228 0.621247 0.718408 0.623864 0.718256 0.624978 0.718329 0.626944 0.716671 0.627388 0.716474 0.627455 0.716413 0.627932 0.716233 0.629882 0.715369 0.632701 0.715402 0.633735 0.713503 0.635014 0.713177 0.636358 0.713177 0.637163 0.713495 0.637716 0.715121 0.638984 0.714367 0.640153 0.713211 0.642130 0.711522 0.643439 0.710058 0.644261 0.709423 0.646266 0.710691 0.645784 0.711712 0.645043 0.712925 0.644193 0.715107 0.643397 0.716048 0.643002 0.716213 0.641227 0.717857 0.638719 0.719392 0.638423 0.719786 0.636163 0.721448 0.634610 0.721300 0.633408 0.722000 0.632747 0.722074 0.632007 0.722679 0.630913 0.723125 0.630460 0.723621 0.628570 0.724173 0.627536 0.723731 0.626927 0.722823 0.626053 0.723381 0.624684 0.724434 0.622904 0.724225 0.621740 0.722945 0.620893 0.722322 0.619853 0.722273 0.617841 0.722419 0.616741 0.722314 0.615599 0.722814 0.614715 0.723480 0.613607 0.723658 0.612462 0.724257 0.611611 0.724065 0.609581 0.724374 0.608039 0.724301
0 0.683289 0.709302 0.682676 0.709074 0.682616 0.706710 0.684425 0.704799 0.685322 0.704644 0.686560 0.705482 0.688981 0.706522 0.689549 0.707175 0.691153 0.708168 0.691223 0.712574 0.691871 0.712668 0.693295 0.713525 0.694721 0.714008 0.695249 0.715114 0.693522 0.715726 0.692862 0.716501 0.691338 0.717386 0.690034 0.716700 0.688423 0.717117 0.687034 0.717912 0.685622 0.717579 0.686687 0.716326 0.686677 0.714713 0.683994 0.712366 0.683866 0.710877 0.684385 0.710478 0.685791 0.711519 0.686541 0.711484 0.686465 0.710348 0.685648 0.709883 0.685031 0.709032
0 0.703306 0.704056 0.703502 0.702940 0.703868 0.702095 0.705022 0.701598 0.705743 0.701262 0.707357 0.701262 0.708188 0.702578 0.708941 0.703269 0.709373 0.703637 0.709589 0.706119 0.709529 0.706831 0.708243 0.707331 0.707692 0.706316 0.705413 0.704599 0.703794 0.704462
0 0.722334 0.758943 0.722745 0.757806 0.725484 0.757182 0.726486 0.757157 0.726955 0.757678 0.727203 0.758092 0.728765 0.759779 0.728893 0.761060 0.727736 0.762914 0.727125 0.762993 0.726651 0.762817 0.724950 0.762185 0.724184 0.761164 0.723651 0.760036 0.722745 0.759349
0 0.714761 0.771994 0.716029 0.770732 0.718640 0.771561 0.718696 0.772507 0.718382 0.775173 0.716336 0.774458 0.716042 0.773043
0 0.487687 0.624174 0.489316 0.625772 0.489870 0.624699 0.490886 0.624608 0.492191 0.623491 0.493333 0.624614 0.492615 0.627107 0.490637 0.628833 0.490059 0.629816 0.488520 0.630484 0.487363 0.631367 0.485709 0.629752 0.485782 0.626793 0.486734 0.626158 0.486952 0.624706
0 0.735760 0.730726 0.737488 0.730501 0.738550 0.731080 0.740210 0.731479 0.742161 0.734080 0.743770 0.735108 0.744146 0.736790 0.743385 0.737341 0.741464 0.737305 0.739894 0.737343 0.738845 0.737053 0.737909 0.736085 0.736631 0.735497 0.735704 0.735238 0.734872 0.732169
0 0.730548 0.778606 0.732980 0.778806 0.733892 0.778941 0.734454 0.780249 0.734417 0.780969 0.734321 0.781665 0.734231 0.783347 0.733759 0.784333 0.732245 0.784397 0.730864 0.784333 0.730089 0.783299 0.730070 0.783147 0.729564 0.782619 0.729482 0.781312 0.728886 0.779084 0.729775 0.778767
0 0.640011 0.865315 0.640616 0.865086 0.641418 0.864329 0.643280 0.863389 0.644056 0.863311 0.644681 0.863103 0.645467 0.862556 0.646991 0.862285 0.647824 0.861829 0.648748 0.861722 0.649751 0.861933 0.649986 0.862143 0.650845 0.862454 0.651691 0.864187 0.651610 0.864586 0.650740 0.865438 0.650152 0.866269 0.649015 0.866185 0.642554 0.866222 0.640461 0.866227 0.639989 0.866197
0 0.635445 0.860881 0.634451 0.858775 0.634167 0.858173 0.633819 0.857625 0.633516 0.856975 0.633649 0.855821 0.635418 0.854068 0.637279 0.854175 0.637610 0.854511 0.638295 0.854800 0.639410 0.855765 0.640796 0.856885 0.641108 0.856988 0.641597 0.857536 0.642967 0.858738 0.643094 0.859501 0.643125 0.861741 0.642748 0.862536 0.642281 0.862639 0.640509 0.862432 0.638699 0.861914 0.637132 0.861367 0.636118 0.861246
0 0.605311 0.785105 0.606023 0.786206 0.606487 0.786371 0.607118 0.787593 0.607408 0.788606 0.608173 0.790760 0.607042 0.793327 0.606168 0.795172 0.604862 0.795391 0.604010 0.794881 0.603195 0.794705 0.602564 0.794330 0.600961 0.793688 0.598336 0.792241 0.597453 0.791360 0.597290 0.789839 0.597298 0.789810 0.597252 0.789131 0.597294 0.787882 0.596999 0.786753 0.597247 0.786422 0.597793 0.785277 0.599254 0.784279 0.599773 0.783555 0.600689 0.783428 0.601904 0.783025 0.602595 0.782708 0.603002 0.782996 0.604490 0.782191 0.604793 0.783696
0 0.467228 0.759439 0.468146 0.759100 0.470045 0.757663 0.471505 0.756956 0.474040 0.755515 0.474719 0.755050 0.475974 0.754566 0.476192 0.754642 0.477471 0.754286 0.478078 0.753997 0.479432 0.753569 0.480214 0.753542 0.481344 0.754652 0.482477 0.756052 0.483191 0.758756 0.481798 0.761009 0.480952 0.761721 0.480847 0.762818 0.480235 0.763926 0.479379 0.763911 0.478673 0.764148 0.476859 0.764459 0.476334 0.764745 0.475043 0.766569 0.474027 0.765613 0.473374 0.764429 0.472449 0.763509 0.471980 0.762358 0.470667 0.761524 0.468651 0.759881 0.467654 0.759366
0 0.493772 0.750016 0.492623 0.751601 0.492075 0.751627 0.491585 0.751608 0.490429 0.751663 0.489741 0.752050 0.488452 0.752008 0.487796 0.751913 0.487336 0.750615 0.487538 0.749557 0.487940 0.748876 0.490123 0.748170 0.490835 0.748583 0.491928 0.748555 0.493497 0.749510
0 0.560510 0.797625 0.561809 0.798228 0.562765 0.798591 0.564927 0.800139 0.565510 0.800344 0.565573 0.800566 0.566678 0.801821 0.565407 0.802109 0.563751 0.802530 0.563176 0.802717 0.562243 0.802662 0.560047 0.802268 0.558823 0.802116 0.558797 0.802031 0.558659 0.802012 0.558048 0.801696 0.557670 0.800380 0.557842 0.799860 0.557670 0.799339 0.558048 0.797606 0.558802 0.797606 0.558972 0.797832 0.559141 0.797606 0.559441 0.797499 0.559989 0.797904
0 0.466416 0.772972 0.468485 0.771257 0.468813 0.771498 0.469665 0.771849 0.470252 0.772043 0.470721 0.773913 0.471072 0.775310 0.470953 0.775826 0.470547 0.777595 0.469927 0.777496 0.467090 0.777044 0.467090 0.775540 0.467495 0.775000 0.467047 0.774817 0.466484 0.773705
0 0.347943 0.697877 0.348992 0.700078 0.348526 0.700101 0.347346 0.700876 0.346079 0.701390 0.345237 0.702022 0.344234 0.701915 0.342531 0.700269 0.342560 0.700061 0.342126 0.697477 0.342643 0.696421 0.343345 0.695280 0.345468 0.695201 0.346688 0.695408 0.347440 0.697466
0 0.355759 0.697313 0.356423 0.696970 0.358069 0.695558 0.358556 0.695732 0.359235 0.697716 0.359108 0.699051 0.358267 0.700968 0.358730 0.702188 0.358371 0.704225 0.356542 0.704390 0.355570 0.703786 0.355456 0.702376 0.354505 0.702400 0.352894 0.700421 0.354446 0.698216
0 0.215136 0.752187 0.217063 0.751921 0.217862 0.750960 0.219763 0.750867 0.221153 0.753158 0.221847 0.753559 0.222976 0.754689 0.222725 0.756685 0.223914 0.758404 0.222704 0.759204 0.221896 0.759198 0.221038 0.760354 0.219170 0.760945 0.215669 0.760871 0.214696 0.760357 0.214138 0.759834 0.211865 0.759920 0.210770 0.758892 0.210846 0.757251 0.212082 0.756655 0.212800 0.755625 0.213735 0.753503 0.214263 0.752855
0 0.177418 0.750641 0.177438 0.750666 0.177588 0.750486 0.179500 0.751091 0.179500 0.752931 0.178848 0.753537 0.178829 0.753562 0.178503 0.753735 0.178504 0.754741 0.179096 0.757132 0.178323 0.757566 0.177231 0.757617 0.176519 0.757440 0.175823 0.757361 0.175804 0.757247 0.174528 0.755705 0.174479 0.754216 0.175213 0.753269 0.175272 0.752870 0.176048 0.751836 0.176906 0.750842
0 0.169382 0.824414 0.170029 0.823472 0.170653 0.823161 0.173531 0.823080 0.174781 0.823080 0.175471 0.823159 0.175875 0.824010 0.175985 0.825198 0.176081 0.827478 0.173766 0.828162 0.171656 0.828162 0.170810 0.828083 0.170181 0.827276 0.169560 0.826833 0.169240 0.825476
0 0.151735 0.806882 0.152448 0.806889 0.153478 0.806782 0.154649 0.806043 0.155625 0.806116 0.156204 0.806226 0.156440 0.806835 0.155660 0.808131 0.155447 0.808325 0.154689 0.809958 0.153804 0.809967 0.151812 0.810065 0.150668 0.809458 0.150512 0.807930 0.151126 0.807296
0 0.092349 0.802394 0.092997 0.802641 0.094278 0.803130 0.095147 0.803844 0.094673 0.806011 0.094318 0.807634 0.093977 0.808176 0.093556 0.808846 0.091838 0.808846 0.091425 0.808295 0.091314 0.807346 0.091274 0.804793 0.091606 0.803799 0.091941 0.802853
0 0.157264 0.557816 0.157173 0.557886 0.157168 0.558032 0.157119 0.558795 0.156744 0.559296 0.156012 0.559646 0.154726 0.560028 0.154442 0.559855 0.153594 0.560632 0.153652 0.560344 0.153333 0.560233 0.152987 0.559177 0.152877 0.558709 0.153567 0.556976 0.154973 0.555934 0.156431 0.555934 0.157119 0.556851 0.157183 0.557761
0 0.133540 0.568006 0.132955 0.566859 0.132736 0.565845 0.131706 0.565043 0.130787 0.563970 0.131429 0.562677 0.131821 0.561717 0.131810 0.559846 0.132048 0.558508 0.132877 0.557069 0.134099 0.557780 0.134237 0.558798 0.134496 0.559343 0.135047 0.559901 0.135504 0.561161 0.135520 0.561192 0.136147 0.561367 0.137006 0.562867 0.136865 0.563211 0.136911 0.563301 0.136734 0.564960 0.136645 0.565451 0.136911 0.565697 0.136971 0.566617 0.136286 0.567156 0.136052 0.568161 0.133616 0.567976
0 0.298925 0.572134 0.298336 0.573129 0.298287 0.573212 0.298177 0.573397 0.298007 0.574246 0.297492 0.575193 0.294056 0.573055 0.293373 0.572539 0.292792 0.571970 0.293135 0.571179 0.293703 0.569867 0.293869 0.569482 0.294326 0.569629 0.295973 0.569608 0.296824 0.569433 0.297456 0.569588 0.297686 0.569588 0.298988 0.570490 0.298750 0.571099 0.298673 0.571514 0.298631 0.571652
0 0.058932 0.569669 0.059646 0.568021 0.063642 0.568939 0.062799 0.573339 0.062613 0.574127 0.061849 0.573978 0.060051 0.573558 0.059015 0.570527
0 0.112386 0.521075 0.114857 0.520616 0.115527 0.521093 0.115449 0.523349 0.114420 0.524408 0.112600 0.525308 0.112176 0.522169
0 0.097002 0.538923 0.098877 0.541543 0.097889 0.542303 0.097488 0.542234 0.096931 0.543244 0.096605 0.543678 0.096353 0.543921 0.095574 0.544755 0.095412 0.545071 0.095215 0.545334 0.094514 0.546170 0.093986 0.546551 0.093224 0.547002 0.092657 0.547315 0.092201 0.548060 0.090046 0.547503 0.090464 0.545424 0.090997 0.544996 0.090489 0.543166 0.091805 0.540656 0.092902 0.540186 0.095058 0.538465 0.096296 0.538608
0 0.196582 0.631124 0.197563 0.630705 0.199060 0.630564 0.199942 0.632415 0.201240 0.633186 0.199847 0.635336 0.198099 0.636311 0.197526 0.637172 0.197243 0.637700 0.196395 0.637238 0.195273 0.636379 0.194222 0.636586 0.193327 0.635670 0.193174 0.634039 0.193155 0.634039 0.191695 0.632998 0.191958 0.631363 0.192374 0.630543 0.193758 0.630440 0.194535 0.630678 0.194932 0.630809 0.195111 0.631030
0 0.194832 0.605280 0.196683 0.606057 0.197346 0.606275 0.198178 0.606940 0.199309 0.608227 0.198510 0.611878 0.197374 0.612046 0.197073 0.611896 0.196956 0.612107 0.195136 0.611207 0.194744 0.610665 0.194484 0.610512 0.194168 0.609277 0.194294 0.608641 0.193625 0.608271 0.192499 0.606595 0.192677 0.605802 0.193968 0.605348
0 0.166840 0.480552 0.167724 0.480515 0.168487 0.480443 0.170992 0.480443 0.171836 0.480540 0.172574 0.480580 0.173076 0.483078 0.172037 0.484225 0.171076 0.484551 0.170246 0.485658 0.167800 0.485658 0.167215 0.484877 0.165887 0.483760 0.165906 0.483603 0.165925 0.483511 0.165877 0.483514 0.165593 0.481379 0.166474 0.481184
0 0.294642 0.509339 0.295514 0.510502 0.295728 0.511829 0.295905 0.513279 0.295308 0.513783 0.293592 0.514180 0.293275 0.514254 0.293211 0.514269 0.291876 0.514578 0.291558 0.514651 0.290506 0.514620 0.290298 0.514605 0.289481 0.513719 0.289493 0.513657 0.289825 0.512548 0.289736 0.512074 0.291603 0.510211 0.292406 0.509322 0.292781 0.509188 0.293443 0.509238 0.293681 0.508960
0 0.298730 0.513675 0.299541 0.513072 0.301030 0.511851 0.303023 0.513385 0.303306 0.515046 0.304386 0.516390 0.305362 0.517605 0.305678 0.518116 0.306876 0.519256 0.307184 0.520790 0.305914 0.523323 0.305208 0.524731 0.304419 0.525049 0.302186 0.524906 0.300770 0.524816 0.299175 0.523425 0.298592 0.520239 0.298647 0.518316 0.298547 0.515583 0.298517 0.514759
0 0.982549 0.137917 0.985211 0.137997 0.987550 0.138488 0.989453 0.139077 0.990497 0.139802 0.990974 0.141941 0.989658 0.142294 0.988995 0.142806 0.987343 0.143108 0.986571 0.142188 0.985366 0.141102 0.983898 0.140923 0.982914 0.140327 0.981415 0.138959 0.981500 0.138575
0 0.992316 0.116297 0.994473 0.113519 0.995828 0.113221 0.996075 0.112843 0.996077 0.111172 0.996980 0.111461 0.997297 0.110976 0.998104 0.111240 0.998152 0.111217 0.998641 0.110856 0.999763 0.110969 0.999780 0.113368 0.998570 0.113809 0.998325 0.114812 0.997105 0.115873 0.996586 0.116668 0.996584 0.116759 0.996112 0.117992 0.996035 0.118407 0.995503 0.119533 0.995427 0.119585 0.995408 0.119670 0.994181 0.120875 0.992401 0.117482
0 0.942231 0.067475 0.943667 0.067612 0.945195 0.068276 0.945767 0.068596 0.946151 0.069474 0.945288 0.070312 0.944385 0.071830 0.943391 0.072035 0.943038 0.073071 0.941978 0.073651 0.941881 0.072977 0.941494 0.071468 0.941595 0.070169 0.941985 0.069030 0.942023 0.067995
0 0.920326 0.036044 0.920380 0.036076 0.920543 0.035926 0.922386 0.036670 0.922156 0.038361 0.921786 0.038423 0.921521 0.038903 0.921160 0.039163 0.920978 0.040078 0.921239 0.040845 0.921106 0.041567 0.921784 0.042558 0.921135 0.043475 0.920529 0.044012 0.920176 0.043855 0.919132 0.043800 0.917643 0.041608 0.916874 0.040852 0.915498 0.039178 0.915618 0.039095 0.915637 0.038311 0.917735 0.037919 0.918656 0.037020 0.919212 0.036935 0.919799 0.036654
0 0.787622 0.067665 0.788101 0.067567 0.788185 0.067124 0.789796 0.065996 0.790734 0.067162 0.791252 0.067853 0.791317 0.068537 0.793286 0.069502 0.792908 0.070297 0.792441 0.070400 0.791189 0.071026 0.790964 0.071053 0.790178 0.072261 0.788827 0.072640 0.788547 0.071850 0.788421 0.071607 0.788373 0.071618 0.787996 0.070282 0.786733 0.068112 0.787625 0.067678
0 0.789510 0.074423 0.790699 0.075917 0.791398 0.076206 0.791854 0.076310 0.791985 0.076824 0.792408 0.077902 0.791164 0.078528 0.789328 0.078306 0.788121 0.078293 0.787804 0.078424 0.787286 0.078025 0.787520 0.075977 0.788039 0.075390 0.788599 0.074226 0.788923 0.074226
0 0.792819 0.081995 0.794628 0.081258 0.795015 0.081774 0.795470 0.082123 0.796988 0.083285 0.797066 0.083337 0.798820 0.084397 0.799367 0.084917 0.799882 0.086366 0.798255 0.087625 0.797698 0.088368 0.794172 0.087228 0.791821 0.085912 0.792040 0.084692 0.792349 0.082980
0 0.896170 0.182249 0.897216 0.181951 0.899494 0.182319 0.900091 0.182450 0.900469 0.183353 0.900670 0.185703 0.899909 0.186345 0.899191 0.186679 0.898894 0.187139 0.898097 0.187937 0.895558 0.187032 0.895222 0.186186 0.894100 0.184196 0.894162 0.183488 0.894801 0.183027
0 0.795131 0.182599 0.796206 0.185650 0.795909 0.187782 0.794672 0.187889 0.793367 0.186048 0.792992 0.186223 0.792415 0.185113 0.793318 0.182339 0.793862 0.182303 0.793904 0.182129
0 0.795567 0.155005 0.795990 0.155594 0.796691 0.156367 0.795659 0.156836 0.795587 0.157088 0.795770 0.158148 0.794016 0.157867 0.793937 0.157919 0.793656 0.157139 0.792865 0.156045 0.792692 0.155839 0.792674 0.155839 0.792375 0.155732 0.792107 0.153947 0.792156 0.153392 0.792453 0.152996 0.793638 0.153285 0.794259 0.152569 0.794672 0.152739 0.795366 0.153160
0 0.835042 0.154599 0.835439 0.154869 0.835568 0.154659 0.837401 0.155263 0.837556 0.155887 0.837789 0.156354 0.838504 0.156803 0.837747 0.158419 0.837233 0.159322 0.835339 0.159539 0.834483 0.158614 0.833227 0.158456 0.832605 0.157019 0.834473 0.154894
0 0.731704 0.170927 0.732427 0.171111 0.734413 0.171261 0.736852 0.171757 0.737492 0.174565 0.736135 0.175585 0.734522 0.174505 0.733696 0.174233 0.731244 0.171847 0.731328 0.171427
0 0.832065 0.253180 0.831777 0.253280 0.831208 0.254050 0.831062 0.254247 0.830809 0.254589 0.830754 0.254388 0.830132 0.253583 0.830357 0.252628 0.830283 0.251290 0.831645 0.248795 0.832776 0.247787 0.832813 0.247796 0.833749 0.247246 0.833763 0.248272 0.833943 0.248535 0.834380 0.248500 0.834891 0.248683 0.835428 0.249398 0.836335 0.250073 0.835757 0.251690 0.835159 0.253362 0.833311 0.253545 0.832532 0.253362
0 0.771677 0.301519 0.771848 0.300745 0.772290 0.298583 0.774561 0.297039 0.775296 0.297993 0.775957 0.300150 0.775531 0.300823 0.774595 0.302304 0.773780 0.302191 0.772036 0.301859
0 0.652807 0.263999 0.654172 0.265159 0.654172 0.268659 0.653368 0.269278 0.652316 0.268634 0.651473 0.267528 0.651231 0.264189
0 0.615988 0.196753 0.616861 0.196244 0.617614 0.195989 0.618544 0.195309 0.619718 0.194679 0.621467 0.193059 0.623267 0.194186 0.623919 0.194869 0.625652 0.194560 0.626046 0.195085 0.626190 0.195801 0.625482 0.197456 0.625488 0.198233 0.624951 0.199848 0.622473 0.199848 0.621888 0.199255 0.619924 0.200414 0.618949 0.199806 0.618356 0.200223 0.616346 0.200339 0.615598 0.200223 0.615554 0.199155 0.615490 0.197588
0 0.675600 0.196370 0.676777 0.196855 0.676949 0.196699 0.677605 0.196099 0.677611 0.196100 0.677700 0.196018 0.677741 0.196113 0.678675 0.197636 0.678773 0.197676 0.677930 0.199192 0.677339 0.199979 0.676891 0.199979 0.676181 0.200698 0.675567 0.200361 0.674679 0.199202 0.674523 0.199114 0.674523 0.198610 0.674504 0.197449 0.675234 0.196469 0.675326 0.196398 0.675565 0.196464
0 0.667615 0.380819 0.669083 0.381027 0.669858 0.381074 0.670851 0.381183 0.671907 0.383573 0.672443 0.384483 0.672240 0.385178 0.671861 0.386710 0.671119 0.386524 0.670279 0.386253 0.668961 0.385672 0.667815 0.385324 0.667277 0.384017 0.667342 0.381456
0 0.568010 0.329840 0.568588 0.328457 0.569325 0.328101 0.569334 0.327099 0.570229 0.325124 0.571895 0.325402 0.572950 0.324184 0.574656 0.324916 0.576437 0.326249 0.575931 0.328616 0.576003 0.328738 0.576045 0.329506 0.576217 0.331096 0.575619 0.331894 0.575264 0.331739 0.575202 0.332027 0.573653 0.332314 0.569005 0.332300 0.567898 0.331440
0 0.561959 0.258388 0.562725 0.260035 0.562734 0.260253 0.563607 0.262141 0.562410 0.262210 0.561449 0.261862 0.560090 0.261743 0.559417 0.260260 0.560112 0.258901
0 0.543397 0.238007 0.546246 0.237073 0.546272 0.237146 0.547031 0.237374 0.547090 0.238086 0.547120 0.239445 0.547323 0.239994 0.545758 0.240766 0.544207 0.239783 0.542890 0.238948
0 0.413109 0.251873 0.415778 0.250809 0.417027 0.251132 0.417759 0.251830 0.418576 0.252919 0.418761 0.254431 0.418761 0.257223 0.418681 0.258734 0.418526 0.259072 0.418626 0.259209 0.418608 0.260441 0.418470 0.263028 0.417855 0.263668 0.417844 0.263899 0.416102 0.265830 0.415369 0.265793 0.413293 0.265408 0.412440 0.264437 0.412340 0.264362 0.411538 0.263605 0.410309 0.262695 0.410244 0.261630 0.410239 0.261615 0.409402 0.260079 0.409018 0.259177 0.410708 0.257290 0.410801 0.255711 0.411652 0.254685 0.412730 0.254119 0.412718 0.253010
0 0.316850 0.272087 0.317925 0.271656 0.318825 0.273410 0.318185 0.274480 0.318213 0.275957 0.316724 0.278256 0.316567 0.277893 0.315975 0.277085 0.315614 0.276704 0.315510 0.276022 0.314773 0.273883 0.315268 0.273418 0.315554 0.272934 0.316027 0.272303 0.316237 0.272331
0 0.283406 0.257493 0.284372 0.256020 0.285204 0.254964 0.286416 0.254924 0.288598 0.255732 0.290496 0.257616 0.289910 0.258850 0.289730 0.258828 0.288597 0.259074 0.287461 0.259622 0.285987 0.260040 0.285547 0.260628 0.283770 0.260951 0.283185 0.259717 0.283337 0.258433
0 0.298850 0.319426 0.298848 0.320543 0.298930 0.321826 0.298821 0.321933 0.298301 0.322561 0.297850 0.322722 0.295772 0.324760 0.294301 0.324893 0.292985 0.324089 0.292871 0.322346 0.292985 0.320311 0.293968 0.319440 0.295522 0.319190 0.297324 0.318901 0.298294 0.318998
0 0.423994 0.326336 0.426442 0.328530 0.426736 0.329126 0.427979 0.330701 0.427892 0.330905 0.428147 0.331362 0.428066 0.331969 0.427783 0.332348 0.426693 0.333717 0.426565 0.334016 0.425480 0.334498 0.423885 0.333071 0.423868 0.332798 0.423511 0.332369 0.423377 0.328341 0.422889 0.326692 0.423879 0.326493
0 0.368410 0.347186 0.368541 0.347498 0.368567 0.347542 0.368624 0.347694 0.369584 0.349981 0.369152 0.351489 0.368344 0.352177 0.366046 0.351005 0.366145 0.348929 0.366560 0.348247 0.366812 0.347042 0.368253 0.347261
0 0.375319 0.357339 0.375585 0.359279 0.375805 0.361337 0.375742 0.362046 0.374828 0.363132 0.374646 0.363774 0.373602 0.364147 0.373220 0.362733 0.373224 0.362181 0.372948 0.359543 0.373024 0.358635 0.373785 0.357992 0.374124 0.357916 0.374220 0.357438 0.374855 0.357211
0 0.364728 0.381271 0.363429 0.379573 0.363924 0.378457 0.364085 0.377701 0.364540 0.377503 0.365875 0.377086 0.366483 0.377433 0.367903 0.378383 0.368771 0.379011 0.369767 0.381044 0.369668 0.381795 0.368512 0.383376 0.366362 0.382360 0.365384 0.381828
0 0.163382 0.382047 0.163382 0.381249 0.163978 0.380746 0.164877 0.380788 0.166556 0.380746 0.167221 0.381122 0.167624 0.381228 0.168559 0.381679 0.168639 0.382703 0.168526 0.383389 0.169030 0.384162 0.168616 0.385005 0.168148 0.386359 0.167559 0.388811 0.166791 0.388994 0.165228 0.388994 0.164539 0.388811 0.163302 0.385933 0.163775 0.385179 0.163939 0.384184 0.163851 0.384026 0.163715 0.382908 0.163614 0.382481 0.163635 0.382272
0 0.161983 0.363120 0.162481 0.363367 0.163061 0.364952 0.163090 0.365013 0.163144 0.365179 0.163306 0.365620 0.163247 0.366540 0.163156 0.366543 0.163150 0.366766 0.163090 0.367269 0.161708 0.367642 0.160739 0.367078 0.159929 0.366832 0.159319 0.366123 0.159241 0.363867 0.160059 0.363575 0.160168 0.363684
0 0.068652 0.395557 0.069468 0.395277 0.071076 0.393779 0.073172 0.394043 0.073943 0.394264 0.074526 0.395040 0.074498 0.397913 0.074768 0.398272 0.074978 0.399522 0.075253 0.402257 0.073256 0.402708 0.072530 0.402549 0.071561 0.402064 0.069021 0.400110 0.068580 0.399418 0.068394 0.399458 0.068346 0.399212 0.067797 0.398643 0.067738 0.397931 0.067898 0.396921 0.067875 0.396803 0.067967 0.396681 0.068329 0.395782 0.068628 0.395675 0.068644 0.395675
0 0.082925 0.339400 0.083615 0.339479 0.084362 0.342045 0.084303 0.342965 0.083854 0.343352 0.083603 0.343686 0.080812 0.343546 0.080337 0.342494 0.080370 0.341120 0.080627 0.340680 0.081909 0.339060 0.082760 0.339502
0 0.085604 0.301330 0.087026 0.300398 0.088969 0.303654 0.088467 0.304813 0.087640 0.304970 0.087157 0.306036 0.085785 0.305546
0 0.041239 0.186487 0.041503 0.185171 0.042069 0.185331 0.043064 0.185611 0.043888 0.185633 0.044722 0.186745 0.045044 0.186775 0.045321 0.186917 0.045966 0.187172 0.046059 0.190321 0.044620 0.190753 0.044176 0.189990 0.043257 0.188782 0.043102 0.188429 0.041564 0.187111
0 0.403191 0.032386 0.401980 0.030754 0.401921 0.029626 0.401980 0.028914 0.402746 0.027789 0.403329 0.027219 0.404167 0.025685 0.404607 0.025202 0.405324 0.024039 0.406131 0.024109 0.407029 0.023619 0.410282 0.025789 0.410419 0.026813 0.410419 0.029001 0.410360 0.029920 0.409812 0.030964 0.409737 0.031709 0.409125 0.033129 0.407126 0.033438 0.406482 0.034382 0.405714 0.034275 0.405428 0.033819 0.403683 0.033650
0 0.413947 0.024029 0.413032 0.022907 0.413582 0.020840 0.413957 0.020028 0.415896 0.019921 0.416326 0.020051 0.418631 0.020026 0.420354 0.021094 0.420740 0.021067 0.421807 0.021969 0.419605 0.023323 0.418694 0.024300 0.418768 0.025068 0.418112 0.026966 0.415910 0.026410
0 0.318673 0.077638 0.319128 0.077422 0.320805 0.077675 0.322115 0.080056 0.322115 0.083052 0.321451 0.084444 0.319760 0.086319 0.317798 0.085939 0.317386 0.085202 0.316944 0.085053 0.316352 0.084391 0.315633 0.083938 0.315820 0.080794 0.316202 0.078790 0.317290 0.077880
0 0.441004 0.059545 0.441536 0.057917 0.443285 0.058441 0.443391 0.059345 0.443032 0.062269 0.441143 0.061558 0.441130 0.061456
0 0.415558 0.141267 0.415986 0.140267 0.418101 0.137364 0.419161 0.137236 0.419561 0.136270 0.423219 0.136225 0.423684 0.136558 0.424092 0.135957 0.425115 0.135794 0.426423 0.135934 0.427126 0.135850 0.428318 0.136315 0.429321 0.137608 0.427815 0.139735 0.427010 0.140036 0.426785 0.141005 0.426599 0.143310 0.426287 0.144925 0.425240 0.144525 0.424372 0.144359 0.422829 0.144217 0.422347 0.144527 0.422253 0.145208 0.422956 0.146249 0.422896 0.149356 0.422800 0.150693 0.422368 0.151061 0.420222 0.151562 0.420615 0.152898 0.419235 0.154113 0.417318 0.152806 0.416714 0.151913 0.416135 0.151383 0.416033 0.149945 0.417581 0.148435 0.417561 0.145400 0.416920 0.143835 0.415935 0.143147 0.415435 0.142398
0 0.175844 0.116242 0.175905 0.116208 0.176516 0.114671 0.177376 0.114699 0.179550 0.115090 0.179925 0.117534 0.179733 0.117802 0.179495 0.118585 0.177120 0.118585 0.176716 0.117323
0 0.210474 0.080453 0.209745 0.081130 0.209368 0.081385 0.208863 0.081594 0.208319 0.081316 0.207595 0.080288 0.206188 0.078726 0.206434 0.077358 0.207595 0.077892 0.208218 0.078175 0.209470 0.078101 0.209761 0.077250 0.210563 0.078934
0 0.170600 0.027875 0.172351 0.028629 0.172626 0.031094 0.171351 0.032349 0.168632 0.030746 0.169838 0.028507
0 0.123558 0.101325 0.122714 0.102831 0.122411 0.102937 0.121542 0.104394 0.121075 0.104601 0.120683 0.105123 0.120110 0.105216 0.118665 0.105230 0.118603 0.105201 0.118350 0.104820 0.118150 0.104867 0.117551 0.104069 0.118150 0.103187 0.118554 0.102440 0.119009 0.102041 0.119335 0.101399 0.121509 0.101215 0.122130 0.101214 0.122791 0.101051
0 0.083640 0.151100 0.084378 0.149230 0.085700 0.149142 0.086904 0.149061 0.087633 0.149126 0.088323 0.151380 0.087916 0.152160 0.087292 0.153359 0.086819 0.153990 0.086240 0.154886 0.085638 0.154357 0.084534 0.153841 0.084307 0.153435 0.083612 0.152195 0.083590 0.151955
0 0.040308 0.102763 0.042468 0.102691 0.042765 0.104093 0.042296 0.105135 0.040848 0.106337 0.039916 0.106469 0.039539 0.105674 0.039553 0.105620 0.039461 0.105460 0.039402 0.104957 0.039461 0.103100 0.040286 0.102845
0 0.067113 0.079111 0.067729 0.077611 0.068950 0.076587 0.070684 0.075283 0.071385 0.074506 0.072921 0.074610 0.073612 0.076168 0.074718 0.077527 0.075017 0.078218 0.074828 0.078833 0.073623 0.081569 0.073077 0.082346 0.071910 0.083310 0.071656 0.083929 0.071279 0.084278 0.070655 0.085055 0.070146 0.085123 0.068941 0.085720 0.068621 0.085566 0.067976 0.084865 0.067230 0.082449 0.067155 0.081421 0.066903 0.080178
