0 0.561719 0.000000 0.591406 0.000000 0.592187 0.000000 0.591406 0.000000 0.589844 0.002083 0.589063 0.003125 0.589063 0.004167 0.589063 0.005208 0.588281 0.006250 0.587500 0.006250 0.585156 0.009375 0.584375 0.010417 0.583594 0.010417 0.582812 0.009375 0.575000 0.009375 0.574219 0.009375 0.574219 0.008333 0.573438 0.007292 0.572656 0.007292 0.571875 0.007292 0.569531 0.004167 0.568750 0.004167 0.568750 0.003125 0.567969 0.002083 0.564063 0.002083 0.563281 0.002083 0.563281 0.001042 0.562500 0.000000 0.561719 0.000000
0 0.945312 0.021875 0.946094 0.022917 0.946875 0.022917 0.947656 0.023958 0.953125 0.023958 0.953906 0.023958 0.954688 0.025000 0.956250 0.025000 0.957031 0.026042 0.959375 0.026042 0.960156 0.026042 0.960938 0.025000 0.960938 0.023958 0.960938 0.022917 0.961719 0.023958 0.962500 0.023958 0.963281 0.025000 0.964063 0.026042 0.964063 0.027083 0.964844 0.028125 0.965625 0.028125 0.965625 0.029167 0.966406 0.030208 0.967187 0.030208 0.966406 0.030208 0.965625 0.030208 0.964844 0.031250 0.964844 0.032292 0.964063 0.033333 0.963281 0.033333 0.962500 0.034375 0.961719 0.034375 0.960938 0.035417 0.960156 0.035417 0.959375 0.036458 0.955469 0.036458 0.954688 0.036458 0.953906 0.037500 0.953125 0.037500 0.952344 0.037500 0.951562 0.038542 0.950781 0.038542 0.950000 0.037500 0.949219 0.037500 0.948438 0.036458 0.948438 0.035417 0.947656 0.034375 0.947656 0.033333 0.947656 0.032292 0.946094 0.030208 0.945312 0.029167 0.945312 0.028125 0.945312 0.027083 0.944531 0.026042 0.944531 0.025000 0.943750 0.023958 0.942969 0.023958 0.943750 0.023958 0.944531 0.023958 0.945312 0.022917 0.945312 0.021875
0 0.300781 0.081250 0.301563 0.082292 0.304688 0.082292 0.305469 0.082292 0.306250 0.083333 0.307031 0.084375 0.307812 0.084375 0.308594 0.084375 0.309375 0.085417 0.310156 0.086458 0.310937 0.086458 0.311719 0.086458 0.312500 0.087500 0.314063 0.087500 0.314844 0.087500 0.315625 0.088542 0.316406 0.088542 0.317188 0.088542 0.317188 0.089583 0.317188 0.090625 0.317969 0.091667 0.317969 0.092708 0.317188 0.093750 0.316406 0.093750 0.315625 0.093750 0.314063 0.095833 0.313281 0.096875 0.310156 0.096875 0.309375 0.096875 0.308594 0.095833 0.307031 0.095833 0.306250 0.095833 0.305469 0.094792 0.306250 0.093750 0.306250 0.090625 0.306250 0.089583 0.305469 0.088542 0.303906 0.088542 0.303125 0.088542 0.302344 0.087500 0.301563 0.087500 0.300781 0.087500 0.300000 0.086458 0.299219 0.085417 0.299219 0.083333 0.299219 0.082292 0.300000 0.082292 0.300781 0.081250
0 0.771094 0.082292 0.778125 0.082292 0.778906 0.082292 0.779687 0.083333 0.782031 0.083333 0.782813 0.083333 0.782813 0.084375 0.783594 0.085417 0.785156 0.085417 0.785937 0.085417 0.785937 0.086458 0.785937 0.087500 0.785156 0.088542 0.784375 0.089583 0.783594 0.089583 0.782813 0.090625 0.782031 0.090625 0.781250 0.090625 0.780469 0.091667 0.779687 0.092708 0.779687 0.093750 0.778906 0.094792 0.778125 0.095833 0.778125 0.096875 0.778125 0.097917 0.777344 0.098958 0.777344 0.100000 0.776563 0.101042 0.776563 0.102083 0.775781 0.103125 0.775781 0.104167 0.775000 0.103125 0.773438 0.103125 0.772656 0.102083 0.770312 0.102083 0.769531 0.102083 0.768750 0.103125 0.767969 0.103125 0.767188 0.103125 0.766406 0.104167 0.765625 0.104167 0.764844 0.104167 0.764062 0.105208 0.763281 0.105208 0.762500 0.104167 0.762500 0.103125 0.761719 0.102083 0.760938 0.102083 0.760156 0.102083 0.759375 0.101042 0.757812 0.101042 0.757031 0.101042 0.756250 0.102083 0.756250 0.103125 0.755469 0.104167 0.754687 0.104167 0.753906 0.105208 0.753125 0.105208 0.752344 0.106250 0.751563 0.106250 0.750781 0.106250 0.750000 0.107292 0.749219 0.107292 0.748437 0.107292 0.747656 0.108333 0.746875 0.108333 0.746875 0.107292 0.746094 0.106250 0.745313 0.106250 0.744531 0.105208 0.743750 0.104167 0.743750 0.103125 0.742969 0.102083 0.742188 0.102083 0.741406 0.101042 0.739062 0.101042 0.738281 0.101042 0.735938 0.097917 0.735156 0.096875 0.735156 0.095833 0.734375 0.094792 0.735156 0.093750 0.739062 0.093750 0.739844 0.093750 0.740625 0.092708 0.740625 0.089583 0.741406 0.088542 0.742188 0.088542 0.742969 0.088542 0.743750 0.089583 0.745313 0.089583 0.746094 0.090625 0.750781 0.090625 0.751563 0.091667 0.754687 0.091667 0.755469 0.091667 0.756250 0.090625 0.757812 0.090625 0.758594 0.090625 0.759375 0.089583 0.760156 0.089583 0.760938 0.088542 0.761719 0.087500 0.761719 0.086458 0.761719 0.085417 0.762500 0.085417 0.763281 0.085417 0.764062 0.084375 0.764062 0.083333 0.766406 0.083333 0.767188 0.083333 0.767969 0.084375 0.769531 0.084375 0.770312 0.084375 0.771094 0.083333 0.771094 0.082292
0 0.451562 0.126042 0.459375 0.126042 0.460156 0.126042 0.460938 0.127083 0.460938 0.128125 0.461719 0.129167 0.462500 0.129167 0.462500 0.130208 0.462500 0.131250 0.460156 0.134375 0.459375 0.135417 0.459375 0.138542 0.459375 0.139583 0.460156 0.140625 0.460156 0.141667 0.462500 0.144792 0.463281 0.144792 0.463281 0.146875 0.463281 0.147917 0.464062 0.148958 0.464062 0.150000 0.464844 0.151042 0.465625 0.151042 0.465625 0.152083 0.465625 0.153125 0.466406 0.154167 0.466406 0.155208 0.467187 0.156250 0.467969 0.156250 0.467969 0.157292 0.468750 0.158333 0.469531 0.158333 0.469531 0.160417 0.469531 0.161458 0.470313 0.162500 0.471094 0.162500 0.471094 0.163542 0.471875 0.164583 0.471875 0.165625 0.471875 0.166667 0.472656 0.167708 0.472656 0.168750 0.473438 0.169792 0.473438 0.170833 0.473438 0.171875 0.474219 0.172917 0.475000 0.172917 0.475000 0.173958 0.476562 0.176042 0.477344 0.177083 0.477344 0.180208 0.477344 0.181250 0.478125 0.182292 0.478906 0.182292 0.478906 0.183333 0.478906 0.184375 0.480469 0.186458 0.481250 0.186458 0.481250 0.192708 0.481250 0.193750 0.480469 0.194792 0.480469 0.197917 0.480469 0.198958 0.479687 0.200000 0.479687 0.201042 0.478906 0.202083 0.478906 0.203125 0.478906 0.204167 0.476562 0.207292 0.475781 0.208333 0.475781 0.209375 0.475781 0.210417 0.475000 0.211458 0.474219 0.212500 0.474219 0.216667 0.474219 0.217708 0.475000 0.218750 0.475000 0.219792 0.475000 0.220833 0.475781 0.221875 0.475781 0.222917 0.475000 0.223958 0.475000 0.227083 0.475000 0.228125 0.474219 0.229167 0.473438 0.230208 0.473438 0.231250 0.473438 0.232292 0.472656 0.233333 0.472656 0.234375 0.472656 0.235417 0.471875 0.236458 0.471094 0.237500 0.471094 0.242708 0.471094 0.243750 0.471875 0.244792 0.472656 0.244792 0.471875 0.244792 0.470313 0.246875 0.469531 0.247917 0.469531 0.255208 0.470313 0.256250 0.469531 0.256250 0.468750 0.257292 0.468750 0.258333 0.467969 0.259375 0.467187 0.259375 0.466406 0.260417 0.464844 0.260417 0.464062 0.260417 0.463281 0.261458 0.462500 0.261458 0.461719 0.261458 0.460938 0.262500 0.460156 0.262500 0.458594 0.264583 0.457813 0.265625 0.457031 0.265625 0.455469 0.267708 0.454688 0.268750 0.453906 0.268750 0.453125 0.268750 0.452344 0.269792 0.452344 0.270833 0.451562 0.271875 0.450000 0.271875 0.449219 0.271875 0.448437 0.270833 0.447656 0.270833 0.447656 0.269792 0.446875 0.268750 0.446094 0.268750 0.446094 0.267708 0.444531 0.265625 0.443750 0.265625 0.443750 0.264583 0.443750 0.263542 0.442969 0.262500 0.442969 0.261458 0.442188 0.260417 0.437500 0.260417 0.436719 0.260417 0.435937 0.259375 0.435156 0.258333 0.435156 0.257292 0.435156 0.256250 0.433594 0.254167 0.432812 0.253125 0.432812 0.252083 0.432031 0.251042 0.432031 0.250000 0.431250 0.248958 0.431250 0.245833 0.431250 0.244792 0.430469 0.243750 0.430469 0.240625 0.430469 0.239583 0.429688 0.238542 0.429688 0.237500 0.428906 0.236458 0.428906 0.235417 0.428906 0.234375 0.428125 0.233333 0.428125 0.231250 0.428125 0.230208 0.427344 0.229167 0.427344 0.227083 0.426563 0.226042 0.426563 0.217708 0.427344 0.216667 0.427344 0.211458 0.427344 0.210417 0.426563 0.209375 0.426563 0.206250 0.426563 0.205208 0.425781 0.204167 0.425781 0.203125 0.425000 0.202083 0.424219 0.202083 0.423438 0.201042 0.423438 0.198958 0.422656 0.197917 0.422656 0.194792 0.421875 0.193750 0.422656 0.193750 0.423438 0.192708 0.423438 0.189583 0.423438 0.188542 0.424219 0.187500 0.424219 0.185417 0.424219 0.184375 0.425000 0.183333 0.425000 0.182292 0.425781 0.181250 0.425781 0.176042 0.425000 0.175000 0.425781 0.173958 0.425781 0.169792 0.425781 0.168750 0.426563 0.167708 0.426563 0.166667 0.426563 0.165625 0.427344 0.165625 0.428125 0.164583 0.428125 0.162500 0.428906 0.161458 0.428906 0.156250 0.428906 0.155208 0.428125 0.154167 0.427344 0.154167 0.428125 0.154167 0.428906 0.154167 0.429688 0.153125 0.429688 0.152083 0.430469 0.152083 0.431250 0.152083 0.432031 0.151042 0.432812 0.150000 0.432812 0.147917 0.432812 0.146875 0.433594 0.146875 0.434375 0.145833 0.435156 0.144792 0.435156 0.143750 0.435937 0.142708 0.436719 0.141667 0.436719 0.139583 0.436719 0.138542 0.437500 0.138542 0.438281 0.137500 0.438281 0.136458 0.439844 0.136458 0.440625 0.136458 0.441406 0.135417 0.441406 0.134375 0.443750 0.134375 0.444531 0.133333 0.444531 0.129167 0.443750 0.128125 0.448437 0.128125 0.449219 0.128125 0.450000 0.127083 0.450781 0.127083 0.451562 0.126042
0 0.368750 0.211458 0.371094 0.211458 0.371875 0.211458 0.372656 0.212500 0.373437 0.212500 0.374219 0.213542 0.375000 0.214583 0.375781 0.214583 0.376563 0.214583 0.376563 0.215625 0.377344 0.216667 0.380469 0.216667 0.381250 0.216667 0.381250 0.218750 0.382031 0.219792 0.382812 0.219792 0.383594 0.219792 0.384375 0.220833 0.385937 0.220833 0.386719 0.220833 0.385937 0.221875 0.385937 0.226042 0.385937 0.227083 0.387500 0.229167 0.388281 0.229167 0.387500 0.230208 0.386719 0.231250 0.385156 0.231250 0.384375 0.231250 0.384375 0.230208 0.383594 0.229167 0.382812 0.229167 0.382031 0.228125 0.370312 0.228125 0.369531 0.228125 0.369531 0.227083 0.368750 0.226042 0.364844 0.226042 0.364063 0.227083 0.363281 0.226042 0.361719 0.226042 0.360938 0.226042 0.360938 0.223958 0.360938 0.222917 0.360156 0.221875 0.359375 0.221875 0.360938 0.221875 0.361719 0.221875 0.362500 0.220833 0.363281 0.220833 0.364063 0.220833 0.364844 0.219792 0.364844 0.216667 0.364844 0.215625 0.365625 0.214583 0.366406 0.213542 0.367188 0.213542 0.367969 0.213542 0.368750 0.212500 0.368750 0.211458
0 0.013281 0.241667 0.014844 0.241667 0.015625 0.241667 0.016406 0.242708 0.017188 0.243750 0.018750 0.243750 0.019531 0.243750 0.019531 0.244792 0.019531 0.245833 0.020313 0.246875 0.021094 0.246875 0.021094 0.247917 0.021875 0.248958 0.021875 0.250000 0.021094 0.251042 0.021094 0.253125 0.021094 0.254167 0.020313 0.255208 0.020313 0.256250 0.019531 0.257292 0.018750 0.258333 0.017188 0.258333 0.016406 0.259375 0.011719 0.259375 0.010937 0.259375 0.009375 0.257292 0.008594 0.256250 0.007812 0.256250 0.007031 0.256250 0.007031 0.255208 0.007031 0.254167 0.006250 0.253125 0.006250 0.252083 0.006250 0.251042 0.005469 0.250000 0.004687 0.248958 0.005469 0.247917 0.006250 0.247917 0.007031 0.246875 0.007031 0.244792 0.007812 0.243750 0.008594 0.243750 0.009375 0.243750 0.010156 0.242708 0.011719 0.242708 0.012500 0.242708 0.013281 0.241667
0 0.035937 0.279167 0.037500 0.279167 0.038281 0.279167 0.039062 0.280208 0.039844 0.280208 0.040625 0.281250 0.040625 0.286458 0.040625 0.287500 0.042188 0.289583 0.042969 0.290625 0.043750 0.290625 0.044531 0.291667 0.043750 0.291667 0.042969 0.292708 0.042188 0.292708 0.041406 0.293750 0.041406 0.294792 0.040625 0.295833 0.039062 0.295833 0.038281 0.295833 0.037500 0.296875 0.037500 0.302083 0.037500 0.303125 0.036719 0.304167 0.035937 0.304167 0.035156 0.305208 0.034375 0.306250 0.033594 0.306250 0.032813 0.306250 0.032813 0.305208 0.032031 0.304167 0.032031 0.303125 0.031250 0.302083 0.030469 0.302083 0.029687 0.301042 0.030469 0.300000 0.030469 0.297917 0.030469 0.296875 0.029687 0.295833 0.029687 0.294792 0.028906 0.293750 0.028125 0.292708 0.025781 0.292708 0.025000 0.291667 0.025781 0.290625 0.026562 0.290625 0.027344 0.289583 0.027344 0.287500 0.027344 0.286458 0.029687 0.286458 0.030469 0.285417 0.030469 0.283333 0.030469 0.282292 0.031250 0.282292 0.032031 0.281250 0.033594 0.281250 0.034375 0.281250 0.035937 0.279167
0 0.626563 0.285417 0.632812 0.285417 0.633594 0.285417 0.634375 0.286458 0.636719 0.286458 0.637500 0.286458 0.636719 0.287500 0.636719 0.293750 0.636719 0.294792 0.635938 0.295833 0.632031 0.295833 0.631250 0.295833 0.631250 0.294792 0.630469 0.293750 0.628906 0.293750 0.628125 0.293750 0.628125 0.291667 0.627344 0.290625 0.623437 0.290625 0.622656 0.290625 0.622656 0.289583 0.621875 0.288542 0.621875 0.287500 0.621094 0.286458 0.625000 0.286458 0.625781 0.286458 0.626563 0.285417
0 0.518750 0.286458 0.518750 0.287500 0.519531 0.288542 0.520312 0.288542 0.521094 0.289583 0.521875 0.289583 0.522656 0.290625 0.523438 0.290625 0.524219 0.291667 0.529687 0.291667 0.530469 0.290625 0.535156 0.290625 0.535937 0.290625 0.536719 0.291667 0.538281 0.291667 0.539062 0.291667 0.539844 0.290625 0.540625 0.289583 0.541406 0.289583 0.542188 0.288542 0.542969 0.287500 0.544531 0.287500 0.545312 0.288542 0.547656 0.288542 0.548438 0.288542 0.549219 0.287500 0.552344 0.287500 0.553125 0.286458 0.553906 0.286458 0.554688 0.286458 0.555469 0.287500 0.556250 0.287500 0.557031 0.287500 0.557031 0.294792 0.557031 0.295833 0.556250 0.296875 0.556250 0.298958 0.556250 0.300000 0.555469 0.301042 0.554688 0.302083 0.554688 0.305208 0.554688 0.306250 0.555469 0.307292 0.555469 0.308333 0.557031 0.310417 0.557813 0.310417 0.557813 0.320833 0.557813 0.321875 0.556250 0.323958 0.555469 0.325000 0.553125 0.325000 0.552344 0.325000 0.550781 0.327083 0.550000 0.328125 0.550000 0.329167 0.549219 0.330208 0.549219 0.331250 0.547656 0.333333 0.546875 0.333333 0.546094 0.334375 0.546094 0.335417 0.543750 0.338542 0.542969 0.339583 0.542188 0.339583 0.541406 0.338542 0.540625 0.337500 0.539844 0.337500 0.539062 0.336458 0.538281 0.335417 0.537500 0.335417 0.536719 0.335417 0.535937 0.334375 0.535156 0.333333 0.532813 0.333333 0.532031 0.333333 0.530469 0.335417 0.529687 0.335417 0.528906 0.334375 0.528125 0.333333 0.525000 0.333333 0.524219 0.333333 0.523438 0.332292 0.522656 0.332292 0.522656 0.329167 0.522656 0.328125 0.523438 0.328125 0.524219 0.327083 0.524219 0.318750 0.524219 0.317708 0.523438 0.316667 0.523438 0.314583 0.522656 0.313542 0.522656 0.309375 0.521875 0.308333 0.521875 0.303125 0.521875 0.302083 0.521094 0.301042 0.520312 0.301042 0.519531 0.301042 0.519531 0.295833 0.518750 0.294792 0.518750 0.286458
0 0.946875 0.289583 0.947656 0.290625 0.949219 0.290625 0.950000 0.290625 0.950000 0.291667 0.950000 0.292708 0.950781 0.293750 0.952344 0.293750 0.953125 0.293750 0.953125 0.294792 0.953906 0.295833 0.953125 0.295833 0.952344 0.296875 0.950781 0.296875 0.950000 0.297917 0.950000 0.300000 0.949219 0.301042 0.949219 0.307292 0.948438 0.308333 0.948438 0.313542 0.949219 0.314583 0.948438 0.314583 0.947656 0.315625 0.946875 0.316667 0.946875 0.318750 0.946875 0.319792 0.945312 0.321875 0.944531 0.322917 0.943750 0.322917 0.942969 0.323958 0.939844 0.323958 0.939063 0.325000 0.939063 0.326042 0.939063 0.327083 0.938281 0.328125 0.938281 0.330208 0.938281 0.331250 0.937500 0.332292 0.936719 0.333333 0.936719 0.332292 0.935937 0.331250 0.935937 0.330208 0.935156 0.329167 0.934375 0.328125 0.935156 0.327083 0.935156 0.326042 0.935937 0.325000 0.935937 0.318750 0.935937 0.317708 0.935156 0.316667 0.935156 0.311458 0.935156 0.310417 0.934375 0.309375 0.933594 0.309375 0.932813 0.308333 0.932813 0.307292 0.932813 0.306250 0.932031 0.305208 0.932031 0.302083 0.932031 0.301042 0.931250 0.300000 0.931250 0.297917 0.931250 0.296875 0.932031 0.296875 0.932813 0.295833 0.934375 0.295833 0.935156 0.295833 0.935156 0.297917 0.935156 0.298958 0.935937 0.300000 0.937500 0.300000 0.938281 0.300000 0.939063 0.298958 0.939063 0.296875 0.939063 0.295833 0.939844 0.295833 0.940625 0.294792 0.944531 0.294792 0.945312 0.294792 0.946094 0.293750 0.946875 0.292708 0.946875 0.289583
0 0.803125 0.309375 0.807031 0.309375 0.807813 0.310417 0.812500 0.310417 0.813281 0.310417 0.814063 0.309375 0.817187 0.309375 0.817969 0.309375 0.817969 0.310417 0.817969 0.311458 0.821094 0.315625 0.821875 0.316667 0.821875 0.317708 0.821875 0.318750 0.822656 0.319792 0.822656 0.321875 0.823438 0.322917 0.822656 0.322917 0.821875 0.323958 0.821094 0.325000 0.821094 0.326042 0.820312 0.327083 0.820312 0.328125 0.819531 0.329167 0.818750 0.330208 0.817969 0.330208 0.817187 0.331250 0.815625 0.331250 0.814844 0.331250 0.814063 0.332292 0.813281 0.332292 0.812500 0.332292 0.812500 0.331250 0.811719 0.330208 0.810937 0.330208 0.810156 0.330208 0.808594 0.328125 0.807813 0.328125 0.807813 0.327083 0.807031 0.326042 0.806250 0.326042 0.805469 0.325000 0.804688 0.323958 0.804688 0.322917 0.803125 0.320833 0.802344 0.319792 0.802344 0.318750 0.801562 0.317708 0.800781 0.317708 0.800781 0.312500 0.800781 0.311458 0.801562 0.311458 0.802344 0.311458 0.803125 0.310417 0.803125 0.309375
0 0.479687 0.331250 0.480469 0.332292 0.482812 0.332292 0.483594 0.332292 0.484375 0.331250 0.485938 0.331250 0.486719 0.331250 0.486719 0.332292 0.486719 0.333333 0.487500 0.334375 0.488281 0.334375 0.488281 0.347917 0.487500 0.348958 0.479687 0.348958 0.478906 0.348958 0.478125 0.347917 0.478125 0.346875 0.477344 0.345833 0.476562 0.344792 0.475781 0.344792 0.475000 0.343750 0.474219 0.343750 0.474219 0.338542 0.474219 0.337500 0.475000 0.337500 0.475781 0.336458 0.475781 0.335417 0.475781 0.334375 0.477344 0.334375 0.478125 0.334375 0.478906 0.333333 0.478906 0.332292 0.479687 0.331250
0 0.601562 0.341667 0.603125 0.341667 0.603906 0.341667 0.604688 0.342708 0.605469 0.342708 0.606250 0.343750 0.608594 0.343750 0.609375 0.342708 0.610156 0.343750 0.610938 0.344792 0.611719 0.344792 0.612500 0.345833 0.611719 0.346875 0.610938 0.347917 0.609375 0.347917 0.608594 0.347917 0.607812 0.348958 0.607812 0.351042 0.607812 0.352083 0.607031 0.353125 0.606250 0.354167 0.606250 0.357292 0.607031 0.358333 0.609375 0.358333 0.610156 0.357292 0.610938 0.358333 0.611719 0.358333 0.612500 0.359375 0.612500 0.361458 0.612500 0.362500 0.611719 0.363542 0.608594 0.363542 0.607812 0.363542 0.607031 0.364583 0.607031 0.365625 0.607031 0.366667 0.605469 0.368750 0.604688 0.369792 0.603906 0.369792 0.603125 0.369792 0.602344 0.370833 0.601562 0.371875 0.601562 0.379167 0.601562 0.380208 0.602344 0.381250 0.603125 0.381250 0.603906 0.382292 0.605469 0.382292 0.606250 0.383333 0.609375 0.383333 0.610156 0.383333 0.610938 0.382292 0.611719 0.382292 0.612500 0.382292 0.613281 0.381250 0.613281 0.380208 0.619531 0.380208 0.620313 0.380208 0.621094 0.379167 0.624219 0.379167 0.625000 0.378125 0.630469 0.378125 0.631250 0.378125 0.629687 0.378125 0.628906 0.378125 0.628125 0.379167 0.628125 0.382292 0.628125 0.383333 0.628906 0.384375 0.628906 0.385417 0.631250 0.388542 0.632031 0.389583 0.632812 0.389583 0.633594 0.389583 0.633594 0.396875 0.633594 0.397917 0.634375 0.398958 0.635156 0.398958 0.635156 0.400000 0.635938 0.401042 0.635938 0.402083 0.635156 0.403125 0.634375 0.404167 0.633594 0.404167 0.632812 0.403125 0.632031 0.402083 0.625781 0.402083 0.625000 0.403125 0.617969 0.403125 0.617188 0.403125 0.616406 0.404167 0.615625 0.404167 0.614844 0.405208 0.613281 0.405208 0.612500 0.405208 0.611719 0.406250 0.611719 0.407292 0.611719 0.408333 0.610938 0.409375 0.610156 0.409375 0.609375 0.410417 0.608594 0.411458 0.607812 0.411458 0.607031 0.412500 0.606250 0.412500 0.605469 0.411458 0.605469 0.410417 0.604688 0.409375 0.604688 0.408333 0.603906 0.407292 0.603125 0.406250 0.603125 0.401042 0.603125 0.400000 0.602344 0.398958 0.601562 0.398958 0.600781 0.397917 0.600000 0.397917 0.599219 0.397917 0.599219 0.395833 0.598437 0.394792 0.598437 0.386458 0.597656 0.385417 0.589844 0.385417 0.589063 0.385417 0.588281 0.384375 0.587500 0.384375 0.586719 0.383333 0.585938 0.383333 0.585156 0.382292 0.584375 0.382292 0.583594 0.381250 0.583594 0.380208 0.582812 0.379167 0.578906 0.379167 0.578125 0.380208 0.578125 0.377083 0.578125 0.376042 0.578906 0.376042 0.579688 0.375000 0.580469 0.373958 0.580469 0.370833 0.580469 0.369792 0.579688 0.368750 0.578906 0.368750 0.578125 0.368750 0.577344 0.367708 0.576562 0.367708 0.575781 0.367708 0.575000 0.366667 0.574219 0.366667 0.575000 0.366667 0.575781 0.365625 0.575781 0.364583 0.577344 0.364583 0.578125 0.364583 0.578906 0.363542 0.579688 0.363542 0.580469 0.362500 0.581250 0.363542 0.582031 0.363542 0.582812 0.363542 0.583594 0.364583 0.585156 0.364583 0.585938 0.364583 0.586719 0.363542 0.586719 0.362500 0.586719 0.361458 0.588281 0.361458 0.589063 0.361458 0.589844 0.360417 0.589844 0.359375 0.589844 0.358333 0.591406 0.358333 0.592187 0.358333 0.592969 0.357292 0.593750 0.357292 0.594531 0.357292 0.595313 0.356250 0.596875 0.356250 0.597656 0.356250 0.598437 0.355208 0.599219 0.354167 0.599219 0.350000 0.599219 0.348958 0.600000 0.348958 0.600781 0.347917 0.600781 0.346875 0.601562 0.345833 0.601562 0.341667
0 0.319531 0.386458 0.320312 0.387500 0.321094 0.387500 0.321875 0.388542 0.321875 0.393750 0.321875 0.394792 0.322656 0.395833 0.323437 0.395833 0.324219 0.396875 0.325000 0.397917 0.324219 0.397917 0.323437 0.398958 0.321875 0.398958 0.321094 0.398958 0.320312 0.397917 0.318750 0.397917 0.317969 0.397917 0.317188 0.396875 0.316406 0.396875 0.315625 0.395833 0.314844 0.395833 0.314844 0.393750 0.314844 0.392708 0.315625 0.391667 0.316406 0.391667 0.317188 0.390625 0.317969 0.390625 0.318750 0.389583 0.318750 0.388542 0.318750 0.387500 0.319531 0.386458
0 0.113281 0.503125 0.114062 0.504167 0.115625 0.504167 0.116406 0.504167 0.117188 0.505208 0.117969 0.506250 0.119531 0.506250 0.120313 0.506250 0.121094 0.507292 0.121875 0.508333 0.123438 0.508333 0.124219 0.508333 0.125000 0.509375 0.125000 0.510417 0.124219 0.511458 0.124219 0.512500 0.123438 0.513542 0.122656 0.513542 0.121875 0.513542 0.121094 0.514583 0.120313 0.514583 0.119531 0.515625 0.118750 0.515625 0.117969 0.516667 0.117969 0.523958 0.118750 0.525000 0.117969 0.526042 0.117969 0.528125 0.117969 0.529167 0.117188 0.530208 0.117188 0.531250 0.116406 0.532292 0.115625 0.533333 0.115625 0.534375 0.114844 0.535417 0.114844 0.536458 0.114844 0.537500 0.114062 0.538542 0.113281 0.538542 0.112500 0.539583 0.112500 0.540625 0.111719 0.541667 0.110937 0.541667 0.109375 0.543750 0.108594 0.544792 0.108594 0.545833 0.107031 0.547917 0.106250 0.548958 0.106250 0.550000 0.106250 0.551042 0.104688 0.553125 0.103906 0.553125 0.101562 0.556250 0.100781 0.557292 0.098437 0.557292 0.097656 0.558333 0.092969 0.558333 0.092188 0.558333 0.090625 0.560417 0.089844 0.561458 0.087500 0.561458 0.086719 0.561458 0.085938 0.562500 0.085938 0.563542 0.085156 0.564583 0.084375 0.565625 0.084375 0.567708 0.083594 0.568750 0.080469 0.568750 0.079687 0.568750 0.078906 0.569792 0.077344 0.569792 0.076563 0.569792 0.075000 0.571875 0.074219 0.572917 0.071094 0.572917 0.070312 0.572917 0.069531 0.571875 0.068750 0.571875 0.067969 0.571875 0.067969 0.568750 0.067187 0.567708 0.059375 0.567708 0.058594 0.567708 0.057813 0.566667 0.057031 0.565625 0.054688 0.565625 0.053906 0.565625 0.053906 0.564583 0.053125 0.563542 0.052344 0.563542 0.052344 0.561458 0.052344 0.560417 0.053906 0.560417 0.054688 0.559375 0.055469 0.560417 0.057031 0.560417 0.057813 0.561458 0.060156 0.561458 0.060937 0.561458 0.061719 0.560417 0.062500 0.560417 0.063281 0.559375 0.064062 0.558333 0.064844 0.558333 0.065625 0.557292 0.065625 0.555208 0.065625 0.554167 0.067187 0.554167 0.067969 0.554167 0.069531 0.552083 0.070312 0.551042 0.071094 0.551042 0.071875 0.550000 0.072656 0.550000 0.073438 0.548958 0.073438 0.547917 0.074219 0.546875 0.076563 0.546875 0.077344 0.546875 0.078125 0.545833 0.078125 0.544792 0.080469 0.544792 0.081250 0.544792 0.082031 0.543750 0.082031 0.542708 0.082812 0.542708 0.083594 0.542708 0.084375 0.541667 0.084375 0.540625 0.084375 0.539583 0.085938 0.539583 0.086719 0.538542 0.086719 0.534375 0.086719 0.533333 0.087500 0.533333 0.088281 0.533333 0.089063 0.532292 0.089063 0.531250 0.089063 0.530208 0.089844 0.529167 0.089844 0.528125 0.091406 0.528125 0.092188 0.528125 0.092969 0.527083 0.092969 0.526042 0.095312 0.526042 0.096094 0.526042 0.096875 0.525000 0.096875 0.521875 0.096875 0.520833 0.097656 0.520833 0.098437 0.519792 0.099219 0.519792 0.100000 0.518750 0.100000 0.517708 0.101562 0.517708 0.102344 0.517708 0.103125 0.516667 0.103125 0.515625 0.103906 0.514583 0.103906 0.513542 0.104688 0.513542 0.105469 0.512500 0.107813 0.512500 0.108594 0.512500 0.109375 0.511458 0.110156 0.511458 0.110937 0.510417 0.110937 0.509375 0.111719 0.509375 0.112500 0.508333 0.112500 0.505208 0.112500 0.504167 0.113281 0.503125
0 0.703906 0.525000 0.705469 0.525000 0.706250 0.525000 0.707031 0.526042 0.707812 0.526042 0.708594 0.527083 0.709375 0.527083 0.710156 0.527083 0.710938 0.528125 0.710938 0.529167 0.711719 0.530208 0.712500 0.530208 0.713281 0.530208 0.713281 0.531250 0.714063 0.532292 0.714844 0.532292 0.715625 0.532292 0.716406 0.533333 0.716406 0.534375 0.717187 0.535417 0.717187 0.536458 0.717969 0.537500 0.717969 0.538542 0.717969 0.539583 0.718750 0.540625 0.718750 0.541667 0.720313 0.543750 0.721094 0.544792 0.721875 0.544792 0.722656 0.544792 0.722656 0.545833 0.723437 0.546875 0.725000 0.546875 0.725781 0.546875 0.725781 0.551042 0.725781 0.552083 0.726562 0.553125 0.727344 0.553125 0.727344 0.562500 0.727344 0.563542 0.728125 0.564583 0.728125 0.565625 0.728906 0.566667 0.729688 0.566667 0.730469 0.567708 0.731250 0.568750 0.732031 0.568750 0.732812 0.569792 0.733594 0.570833 0.733594 0.572917 0.734375 0.573958 0.734375 0.575000 0.733594 0.576042 0.733594 0.581250 0.733594 0.582292 0.732812 0.583333 0.732031 0.584375 0.732031 0.586458 0.732031 0.587500 0.731250 0.588542 0.731250 0.591667 0.730469 0.592708 0.725000 0.592708 0.724219 0.592708 0.724219 0.580208 0.724219 0.579167 0.723437 0.578125 0.722656 0.578125 0.723437 0.578125 0.724219 0.577083 0.724219 0.575000 0.724219 0.573958 0.721094 0.569792 0.720313 0.568750 0.717969 0.568750 0.717187 0.568750 0.717187 0.567708 0.716406 0.566667 0.715625 0.565625 0.713281 0.565625 0.712500 0.565625 0.712500 0.555208 0.712500 0.554167 0.711719 0.553125 0.710938 0.553125 0.710156 0.552083 0.710156 0.546875 0.710156 0.545833 0.709375 0.544792 0.708594 0.544792 0.708594 0.543750 0.707812 0.542708 0.707031 0.542708 0.706250 0.542708 0.705469 0.541667 0.704688 0.541667 0.703906 0.541667 0.703906 0.540625 0.703906 0.539583 0.703125 0.538542 0.702344 0.537500 0.702344 0.536458 0.701562 0.535417 0.701562 0.534375 0.700781 0.533333 0.700000 0.532292 0.700000 0.531250 0.700000 0.530208 0.700781 0.529167 0.700781 0.528125 0.701562 0.528125 0.702344 0.527083 0.703125 0.527083 0.703906 0.526042 0.703906 0.525000
0 0.621875 0.616667 0.624219 0.616667 0.625000 0.616667 0.625000 0.618750 0.625000 0.619792 0.625781 0.620833 0.626563 0.620833 0.627344 0.620833 0.627344 0.621875 0.628125 0.622917 0.628906 0.622917 0.628906 0.625000 0.628906 0.626042 0.629687 0.627083 0.629687 0.628125 0.630469 0.629167 0.630469 0.634375 0.630469 0.635417 0.631250 0.636458 0.632031 0.636458 0.632031 0.641667 0.632031 0.642708 0.632812 0.643750 0.633594 0.643750 0.634375 0.644792 0.635156 0.644792 0.635156 0.645833 0.635156 0.646875 0.635938 0.647917 0.636719 0.647917 0.635938 0.647917 0.635156 0.647917 0.634375 0.648958 0.632812 0.648958 0.632031 0.648958 0.631250 0.650000 0.630469 0.650000 0.629687 0.650000 0.628906 0.648958 0.628125 0.648958 0.627344 0.648958 0.626563 0.647917 0.626563 0.646875 0.625781 0.645833 0.625000 0.645833 0.624219 0.644792 0.621875 0.644792 0.621094 0.644792 0.620313 0.643750 0.619531 0.642708 0.618750 0.642708 0.617969 0.641667 0.617188 0.641667 0.617188 0.640625 0.616406 0.639583 0.616406 0.638542 0.615625 0.637500 0.614844 0.636458 0.614844 0.635417 0.614062 0.634375 0.614844 0.633333 0.614844 0.630208 0.614844 0.629167 0.615625 0.629167 0.616406 0.628125 0.617188 0.628125 0.617969 0.627083 0.618750 0.626042 0.618750 0.623958 0.618750 0.622917 0.619531 0.621875 0.619531 0.620833 0.621094 0.620833 0.621875 0.619792 0.621875 0.616667
0 0.709375 0.645833 0.710156 0.645833 0.710938 0.645833 0.711719 0.646875 0.712500 0.646875 0.713281 0.647917 0.714063 0.647917 0.714844 0.647917 0.715625 0.648958 0.716406 0.650000 0.719531 0.650000 0.720313 0.650000 0.719531 0.651042 0.719531 0.653125 0.719531 0.654167 0.718750 0.655208 0.717969 0.656250 0.717969 0.658333 0.717969 0.659375 0.718750 0.660417 0.718750 0.661458 0.719531 0.662500 0.720313 0.662500 0.721094 0.662500 0.721875 0.663542 0.722656 0.663542 0.723437 0.664583 0.724219 0.664583 0.725781 0.666667 0.726562 0.667708 0.725781 0.668750 0.725781 0.669792 0.725781 0.670833 0.725000 0.671875 0.725000 0.672917 0.725000 0.673958 0.724219 0.675000 0.723437 0.675000 0.722656 0.675000 0.721094 0.677083 0.720313 0.678125 0.720313 0.680208 0.720313 0.681250 0.719531 0.682292 0.718750 0.682292 0.717969 0.682292 0.716406 0.684375 0.715625 0.685417 0.715625 0.692708 0.715625 0.693750 0.716406 0.694792 0.716406 0.695833 0.717187 0.696875 0.716406 0.696875 0.715625 0.697917 0.715625 0.698958 0.714844 0.700000 0.714063 0.700000 0.713281 0.701042 0.712500 0.702083 0.712500 0.703125 0.711719 0.704167 0.710938 0.705208 0.710938 0.709375 0.710938 0.710417 0.710156 0.711458 0.704688 0.711458 0.703906 0.712500 0.703125 0.711458 0.699219 0.711458 0.698438 0.711458 0.698438 0.710417 0.697656 0.709375 0.696875 0.709375 0.696094 0.708333 0.695312 0.708333 0.694531 0.708333 0.693750 0.707292 0.692969 0.707292 0.691406 0.705208 0.690625 0.704167 0.689844 0.704167 0.689063 0.704167 0.688281 0.703125 0.687500 0.702083 0.685937 0.702083 0.685156 0.702083 0.685156 0.701042 0.684375 0.700000 0.684375 0.698958 0.683594 0.697917 0.682813 0.697917 0.682813 0.695833 0.682031 0.694792 0.682031 0.691667 0.681250 0.690625 0.682031 0.690625 0.682813 0.689583 0.682813 0.688542 0.682813 0.687500 0.684375 0.687500 0.685156 0.686458 0.685156 0.684375 0.685156 0.683333 0.685937 0.683333 0.686719 0.682292 0.688281 0.682292 0.689063 0.681250 0.690625 0.681250 0.691406 0.680208 0.691406 0.679167 0.692187 0.678125 0.692969 0.677083 0.692969 0.672917 0.692969 0.671875 0.693750 0.671875 0.694531 0.670833 0.698438 0.670833 0.699219 0.670833 0.700000 0.669792 0.700000 0.668750 0.700781 0.668750 0.701562 0.667708 0.705469 0.667708 0.706250 0.666667 0.706250 0.663542 0.706250 0.662500 0.705469 0.661458 0.704688 0.661458 0.703906 0.661458 0.703125 0.660417 0.702344 0.660417 0.701562 0.659375 0.702344 0.658333 0.703125 0.658333 0.703906 0.657292 0.703906 0.656250 0.703906 0.655208 0.704688 0.654167 0.704688 0.653125 0.705469 0.652083 0.705469 0.651042 0.707812 0.647917 0.707812 0.646875 0.708594 0.646875 0.709375 0.645833
0 0.103125 0.655208 0.104688 0.655208 0.105469 0.655208 0.106250 0.656250 0.109375 0.656250 0.110156 0.656250 0.110937 0.657292 0.112500 0.657292 0.113281 0.658333 0.117188 0.658333 0.117969 0.658333 0.117969 0.659375 0.118750 0.660417 0.118750 0.661458 0.119531 0.662500 0.120313 0.662500 0.119531 0.663542 0.119531 0.667708 0.119531 0.668750 0.118750 0.669792 0.118750 0.671875 0.118750 0.672917 0.117969 0.673958 0.117188 0.673958 0.116406 0.675000 0.116406 0.676042 0.116406 0.677083 0.115625 0.678125 0.114844 0.679167 0.113281 0.679167 0.112500 0.680208 0.109375 0.680208 0.108594 0.679167 0.103125 0.679167 0.102344 0.679167 0.098437 0.673958 0.097656 0.672917 0.097656 0.671875 0.096875 0.670833 0.096094 0.670833 0.095312 0.669792 0.091406 0.669792 0.090625 0.668750 0.091406 0.667708 0.091406 0.665625 0.091406 0.664583 0.092188 0.664583 0.092969 0.664583 0.093750 0.663542 0.094531 0.662500 0.094531 0.660417 0.094531 0.659375 0.095312 0.658333 0.096094 0.657292 0.096875 0.657292 0.097656 0.656250 0.101562 0.656250 0.102344 0.656250 0.103125 0.655208
0 0.360156 0.175000 0.359375 0.173958 0.359375 0.172917 0.357812 0.170833 0.357812 0.168750 0.355469 0.168750 0.354687 0.167708 0.353906 0.167708 0.353125 0.166667 0.351562 0.166667 0.351562 0.167708 0.350781 0.168750 0.350000 0.168750 0.350000 0.170833 0.349219 0.171875 0.349219 0.174815 0.349075 0.174815 0.349075 0.179398 0.349614 0.180088 0.350001 0.182243 0.352344 0.182329 0.352344 0.183333 0.353125 0.183333 0.353878 0.182329 0.354581 0.182329 0.354581 0.180350 0.354687 0.180208 0.355469 0.180208 0.357812 0.177083 0.358594 0.177083
0 0.760938 0.710417 0.766406 0.710417 0.767188 0.710417 0.767969 0.711458 0.767969 0.714583 0.767969 0.715625 0.768750 0.716667 0.769531 0.716667 0.770312 0.717708 0.770312 0.719792 0.771094 0.720833 0.772656 0.720833 0.773438 0.720833 0.771875 0.720833 0.771094 0.721875 0.771094 0.726042 0.771875 0.727083 0.771094 0.728125 0.771094 0.731250 0.771094 0.732292 0.770312 0.733333 0.770312 0.734375 0.769531 0.735417 0.768750 0.735417 0.767969 0.735417 0.767188 0.736458 0.767188 0.737500 0.766406 0.738542 0.764062 0.738542 0.763281 0.738542 0.762500 0.737500 0.761719 0.736458 0.760938 0.736458 0.760156 0.736458 0.758594 0.734375 0.758594 0.733333 0.757812 0.732292 0.757031 0.731250 0.756250 0.731250 0.755469 0.730208 0.754687 0.730208 0.754687 0.728125 0.753906 0.727083 0.753125 0.727083 0.752344 0.727083 0.751563 0.726042 0.750781 0.725000 0.749219 0.725000 0.748437 0.725000 0.748437 0.722917 0.748437 0.721875 0.749219 0.721875 0.750000 0.720833 0.750000 0.718750 0.750000 0.717708 0.750781 0.716667 0.751563 0.716667 0.752344 0.715625 0.752344 0.714583 0.755469 0.714583 0.756250 0.714583 0.757031 0.713542 0.757031 0.712500 0.757812 0.712500 0.758594 0.711458 0.759375 0.711458 0.760156 0.711458 0.760938 0.710417
0 0.000000 0.713542 0.000781 0.714583 0.001563 0.714583 0.002344 0.714583 0.004687 0.717708 0.004687 0.718750 0.005469 0.719792 0.006250 0.719792 0.007031 0.720833 0.007031 0.721875 0.007031 0.722917 0.006250 0.723958 0.006250 0.726042 0.005469 0.727083 0.005469 0.731250 0.005469 0.732292 0.004687 0.733333 0.003906 0.733333 0.003125 0.734375 0.003125 0.736458 0.002344 0.737500 0.000781 0.737500 0.000000 0.738542 0.000000 0.713542
0 0.788281 0.720833 0.789062 0.720833 0.789844 0.720833 0.789844 0.722917 0.790625 0.723958 0.792969 0.723958 0.793750 0.723958 0.794531 0.725000 0.795312 0.726042 0.794531 0.726042 0.793750 0.727083 0.792969 0.727083 0.792188 0.728125 0.791406 0.729167 0.790625 0.729167 0.789844 0.729167 0.789062 0.730208 0.788281 0.731250 0.787500 0.731250 0.786719 0.731250 0.786719 0.730208 0.785937 0.729167 0.785937 0.727083 0.785156 0.726042 0.785156 0.723958 0.785156 0.722917 0.785937 0.722917 0.786719 0.721875 0.787500 0.721875 0.788281 0.720833
0 0.181250 0.244792 0.182812 0.244792 0.183594 0.244792 0.183594 0.247917 0.183594 0.248958 0.184375 0.250000 0.184375 0.251042 0.185156 0.252083 0.185938 0.253125 0.191406 0.253125 0.192188 0.253125 0.192188 0.254167 0.192969 0.255208 0.192969 0.256250 0.193750 0.257292 0.194531 0.258333 0.193750 0.258333 0.192969 0.259375 0.188281 0.259375 0.187500 0.259375 0.187500 0.258333 0.186719 0.257292 0.184375 0.257292 0.183594 0.257292 0.182812 0.258333 0.182031 0.259375 0.181250 0.259375 0.180469 0.260417 0.180469 0.263542 0.180469 0.264583 0.181250 0.265625 0.182031 0.265625 0.182031 0.268750 0.182812 0.269792 0.182031 0.270833 0.182031 0.273958 0.182031 0.275000 0.182812 0.276042 0.183594 0.276042 0.184375 0.277083 0.185156 0.277083 0.185938 0.277083 0.185938 0.279167 0.186719 0.280208 0.186719 0.283333 0.186719 0.284375 0.185156 0.286458 0.184375 0.287500 0.183594 0.287500 0.183594 0.286458 0.182812 0.285417 0.179688 0.285417 0.178906 0.285417 0.175781 0.289583 0.175000 0.290625 0.175000 0.293750 0.175000 0.294792 0.174219 0.295833 0.173437 0.296875 0.173437 0.300000 0.173437 0.301042 0.172656 0.302083 0.171875 0.303125 0.171875 0.304167 0.171875 0.305208 0.171094 0.306250 0.170313 0.306250 0.169531 0.305208 0.168750 0.304167 0.167187 0.304167 0.166406 0.303125 0.166406 0.300000 0.166406 0.298958 0.165625 0.297917 0.164844 0.297917 0.164844 0.295833 0.164844 0.294792 0.164062 0.293750 0.163281 0.293750 0.162500 0.293750 0.162500 0.287500 0.162500 0.286458 0.163281 0.286458 0.164062 0.285417 0.164062 0.284375 0.164844 0.284375 0.165625 0.283333 0.165625 0.281250 0.165625 0.280208 0.164844 0.279167 0.164062 0.279167 0.163281 0.279167 0.163281 0.277083 0.162500 0.276042 0.157812 0.276042 0.157031 0.276042 0.156250 0.275000 0.155469 0.275000 0.154688 0.275000 0.154688 0.273958 0.153906 0.272917 0.154688 0.272917 0.155469 0.272917 0.156250 0.271875 0.156250 0.270833 0.157031 0.270833 0.157812 0.269792 0.157812 0.267708 0.157812 0.266667 0.157031 0.265625 0.157031 0.263542 0.157031 0.262500 0.156250 0.261458 0.156250 0.260417 0.155469 0.259375 0.154688 0.259375 0.154688 0.258333 0.154688 0.257292 0.153906 0.256250 0.153125 0.256250 0.153125 0.255208 0.152344 0.254167 0.153125 0.254167 0.153906 0.253125 0.156250 0.253125 0.157031 0.253125 0.157812 0.252083 0.157812 0.251042 0.157812 0.250000 0.163281 0.250000 0.164062 0.250000 0.164844 0.248958 0.166406 0.248958 0.167187 0.248958 0.167969 0.247917 0.167969 0.246875 0.172656 0.246875 0.173437 0.245833 0.175781 0.245833 0.176563 0.245833 0.177344 0.246875 0.179688 0.246875 0.180469 0.246875 0.181250 0.245833 0.181250 0.244792
0 0.025000 0.608333 0.025781 0.608333 0.026562 0.608333 0.028125 0.610417 0.028906 0.611458 0.028906 0.612500 0.028906 0.613542 0.028125 0.614583 0.027344 0.615625 0.027344 0.618750 0.027344 0.619792 0.028125 0.620833 0.028906 0.620833 0.028125 0.621875 0.028125 0.622917 0.027344 0.623958 0.024219 0.623958 0.023438 0.623958 0.022656 0.625000 0.021094 0.625000 0.020313 0.625000 0.019531 0.626042 0.018750 0.626042 0.017969 0.626042 0.017969 0.625000 0.017969 0.623958 0.017188 0.622917 0.016406 0.622917 0.015625 0.621875 0.014844 0.621875 0.015625 0.621875 0.016406 0.620833 0.016406 0.619792 0.016406 0.618750 0.018750 0.618750 0.019531 0.617708 0.019531 0.611458 0.019531 0.610417 0.020313 0.610417 0.021094 0.609375 0.023438 0.609375 0.024219 0.609375 0.025000 0.608333
0 0.068750 0.659375 0.071875 0.659375 0.072656 0.659375 0.073438 0.660417 0.073438 0.661458 0.075000 0.663542 0.075781 0.663542 0.078906 0.667708 0.079687 0.667708 0.078906 0.667708 0.078125 0.668750 0.078125 0.670833 0.077344 0.671875 0.076563 0.671875 0.075781 0.672917 0.075000 0.673958 0.074219 0.673958 0.073438 0.675000 0.072656 0.675000 0.071875 0.676042 0.071094 0.676042 0.071094 0.673958 0.071094 0.672917 0.070312 0.671875 0.070312 0.670833 0.069531 0.669792 0.069531 0.666667 0.069531 0.665625 0.068750 0.664583 0.067969 0.664583 0.067969 0.662500 0.067187 0.661458 0.068750 0.659375
0 0.761719 0.773958 0.762500 0.775000 0.771875 0.775000 0.772656 0.775000 0.772656 0.776042 0.772656 0.777083 0.773438 0.778125 0.774219 0.778125 0.775000 0.779167 0.775781 0.779167 0.775000 0.780208 0.775000 0.783333 0.775000 0.784375 0.775781 0.785417 0.776563 0.785417 0.777344 0.786458 0.778125 0.786458 0.778906 0.786458 0.778906 0.787500 0.779687 0.788542 0.779687 0.789583 0.779687 0.790625 0.780469 0.791667 0.780469 0.792708 0.781250 0.793750 0.782031 0.793750 0.782031 0.794792 0.782813 0.795833 0.782813 0.796875 0.783594 0.797917 0.784375 0.797917 0.784375 0.798958 0.785156 0.800000 0.785937 0.801042 0.785937 0.804167 0.786719 0.805208 0.785937 0.806250 0.785937 0.807292 0.785937 0.808333 0.785156 0.809375 0.784375 0.809375 0.783594 0.809375 0.782813 0.810417 0.782031 0.811458 0.782031 0.814583 0.781250 0.815625 0.779687 0.815625 0.778906 0.816667 0.778906 0.820833 0.778906 0.821875 0.779687 0.822917 0.780469 0.822917 0.778906 0.822917 0.778125 0.823958 0.775781 0.823958 0.775000 0.825000 0.772656 0.825000 0.771875 0.825000 0.771094 0.823958 0.770312 0.823958 0.769531 0.823958 0.768750 0.822917 0.767969 0.821875 0.767188 0.821875 0.766406 0.820833 0.767188 0.819792 0.767188 0.818750 0.767188 0.817708 0.767969 0.816667 0.767969 0.814583 0.767969 0.813542 0.767188 0.812500 0.766406 0.812500 0.765625 0.811458 0.764844 0.810417 0.764062 0.810417 0.763281 0.809375 0.764062 0.808333 0.764062 0.804167 0.764062 0.803125 0.762500 0.801042 0.762500 0.800000 0.761719 0.798958 0.760938 0.797917 0.760156 0.797917 0.759375 0.797917 0.759375 0.788542 0.759375 0.787500 0.758594 0.786458 0.758594 0.782292 0.757812 0.781250 0.758594 0.780208 0.758594 0.779167 0.758594 0.778125 0.761719 0.773958
0 0.804688 0.816667 0.806250 0.816667 0.807031 0.816667 0.807031 0.818750 0.807031 0.819792 0.807813 0.820833 0.808594 0.821875 0.807813 0.822917 0.807813 0.823958 0.807813 0.825000 0.807031 0.826042 0.807031 0.827083 0.807031 0.828125 0.805469 0.830208 0.804688 0.831250 0.803125 0.831250 0.802344 0.831250 0.801562 0.832292 0.800781 0.832292 0.800781 0.831250 0.800781 0.830208 0.801562 0.830208 0.802344 0.829167 0.802344 0.823958 0.802344 0.822917 0.803125 0.821875 0.803125 0.819792 0.803125 0.818750 0.804688 0.816667
