0 0.014063 0.000000 0.032031 0.000000 0.032813 0.000000 0.033594 0.007292 0.033594 0.008333 0.032031 0.010417 0.031250 0.011458 0.021875 0.014583 0.021094 0.015625 0.014844 0.015625 0.014063 0.015625 0.010937 0.013542 0.010156 0.013542 0.010156 0.007292 0.010156 0.006250 0.014063 0.000000
0 0.007031 0.067708 0.012500 0.068750 0.013281 0.068750 0.018750 0.075000 0.019531 0.076042 0.020313 0.079167 0.021094 0.080208 0.021875 0.092708 0.021094 0.093750 0.015625 0.094792 0.014844 0.094792 0.008594 0.086458 0.007812 0.085417 0.004687 0.077083 0.003906 0.076042 0.003906 0.072917 0.003906 0.071875 0.007031 0.067708
0 0.026562 0.131250 0.030469 0.132292 0.031250 0.133333 0.032031 0.137500 0.032813 0.138542 0.032031 0.144792 0.032031 0.145833 0.030469 0.147917 0.029687 0.148958 0.018750 0.147917 0.017969 0.147917 0.017188 0.144792 0.016406 0.143750 0.017188 0.141667 0.017188 0.140625 0.026562 0.131250
0 0.139063 0.151042 0.145313 0.152083 0.146094 0.153125 0.147656 0.158333 0.148438 0.159375 0.147656 0.167708 0.147656 0.168750 0.146094 0.172917 0.145313 0.173958 0.134375 0.180208 0.133594 0.180208 0.131250 0.177083 0.130469 0.176042 0.128906 0.169792 0.128906 0.168750 0.130469 0.164583 0.130469 0.163542 0.135937 0.154167 0.135937 0.153125 0.139063 0.151042
0 0.121283 0.025096 0.118431 0.026522 0.117005 0.026522 0.114866 0.030324 0.113441 0.030800 0.112371 0.034127 0.112015 0.036978 0.111302 0.037929 0.111302 0.040305 0.110945 0.041256 0.110233 0.041731 0.109876 0.046959 0.110589 0.047434 0.110589 0.048860 0.111302 0.048860 0.112015 0.050761 0.115579 0.050761 0.118431 0.047434 0.118788 0.045058 0.119500 0.043632 0.120926 0.043632 0.121283 0.044108 0.124491 0.044108 0.125204 0.043632 0.125560 0.042206 0.125560 0.038879 0.122709 0.036028 0.123421 0.028423
0 0.299155 0.165303 0.290957 0.165303 0.289887 0.167680 0.290600 0.171482 0.291313 0.171482 0.292739 0.173383 0.294165 0.174334 0.294521 0.175284 0.297017 0.174809 0.297017 0.173858 0.298086 0.171957 0.298799 0.169106
0 0.281689 0.174334 0.284541 0.172908 0.284541 0.171007 0.286323 0.169106 0.287392 0.167204 0.287392 0.166254 0.288462 0.165779 0.289175 0.164353 0.295591 0.164353 0.295591 0.163402 0.298086 0.162452 0.299155 0.160551 0.299868 0.160551 0.300225 0.159600 0.301294 0.158649 0.302007 0.155798 0.302007 0.151996 0.300225 0.147718 0.299512 0.147718 0.295591 0.144866 0.293452 0.143916 0.295234 0.141064 0.295591 0.135836 0.295234 0.133935 0.292739 0.134886 0.292383 0.136787 0.290600 0.137262 0.288818 0.134410 0.288105 0.134410 0.286679 0.130133 0.282045 0.128232 0.278837 0.132034 0.274560 0.133935 0.272777 0.138688 0.272421 0.156273 0.273134 0.156273 0.274560 0.164353 0.277768 0.165303 0.278124 0.168155 0.278837 0.168630 0.277055 0.171957 0.277768 0.176710
0 0.373655 0.163877 0.370447 0.165303 0.370090 0.166254 0.367239 0.169106 0.367239 0.171007 0.366882 0.171482 0.367239 0.173858 0.368308 0.173858 0.368665 0.174809 0.369378 0.174809 0.372586 0.176710 0.375437 0.176710 0.375437 0.175759 0.376150 0.175759 0.376507 0.170531 0.377220 0.170056 0.377220 0.168155 0.376507 0.165779
0 0.106668 0.242298 0.103816 0.244199 0.102034 0.244199 0.101321 0.244675 0.100608 0.246576 0.099895 0.246576 0.099895 0.247526 0.099182 0.247526 0.099182 0.250378 0.100965 0.252279 0.100965 0.253230 0.102034 0.253705 0.107737 0.253705 0.107737 0.252754 0.110233 0.252279 0.110589 0.251804 0.110589 0.247526 0.109876 0.246100 0.109876 0.245150 0.109163 0.244199
0 0.263153 0.269864 0.259945 0.269864 0.258876 0.269389 0.258876 0.267963 0.258519 0.267013 0.257806 0.266537 0.253529 0.266537 0.253529 0.267488 0.252816 0.268438 0.252816 0.272241 0.252103 0.272716 0.252103 0.281271 0.252459 0.282697 0.255311 0.282697 0.256737 0.281271 0.257450 0.281271 0.257450 0.280320 0.258163 0.280320 0.258519 0.279370 0.263866 0.279845 0.264935 0.276993 0.264935 0.273191
0 0.189010 0.297906 0.184019 0.297906 0.182950 0.296480 0.181524 0.296480 0.181168 0.296005 0.179385 0.296005 0.178316 0.296955 0.178316 0.298381 0.177603 0.298381 0.177603 0.299332 0.176534 0.299807 0.176177 0.303134 0.176890 0.303134 0.181168 0.308362 0.182594 0.308837 0.186515 0.308837 0.186515 0.307886 0.188297 0.307411 0.190436 0.305035 0.190436 0.302658 0.191149 0.302658 0.191505 0.301708 0.191505 0.299807
0 0.239063 0.312500 0.249219 0.314583 0.250000 0.314583 0.257812 0.319792 0.258594 0.319792 0.260937 0.323958 0.261719 0.325000 0.260937 0.332292 0.260937 0.333333 0.254688 0.340625 0.253906 0.341667 0.248438 0.341667 0.247656 0.341667 0.242188 0.332292 0.241406 0.331250 0.238281 0.321875 0.237500 0.320833 0.237500 0.315625 0.237500 0.314583 0.239063 0.312500
0 0.372656 0.347917 0.375781 0.347917 0.376563 0.347917 0.378906 0.350000 0.379688 0.351042 0.380469 0.359375 0.381250 0.360417 0.379688 0.366667 0.378906 0.367708 0.375000 0.368750 0.374219 0.368750 0.371094 0.366667 0.370312 0.365625 0.370312 0.362500 0.369531 0.361458 0.372656 0.347917
0 0.380469 0.420833 0.383594 0.421875 0.384375 0.421875 0.387500 0.426042 0.388281 0.426042 0.390625 0.429167 0.391406 0.430208 0.393750 0.437500 0.394531 0.438542 0.395313 0.448958 0.395313 0.450000 0.389844 0.461458 0.389062 0.462500 0.383594 0.461458 0.382812 0.461458 0.377344 0.454167 0.376563 0.453125 0.371875 0.450000 0.371094 0.450000 0.366406 0.442708 0.365625 0.441667 0.365625 0.436458 0.365625 0.435417 0.368750 0.432292 0.369531 0.431250 0.376563 0.429167 0.377344 0.429167 0.380469 0.420833
0 0.117969 0.397917 0.126562 0.398958 0.127344 0.398958 0.128906 0.403125 0.128906 0.404167 0.133594 0.411458 0.134375 0.412500 0.134375 0.416667 0.134375 0.417708 0.132812 0.419792 0.132031 0.420833 0.127344 0.422917 0.126562 0.423958 0.116406 0.423958 0.115625 0.423958 0.110156 0.419792 0.109375 0.418750 0.108594 0.414583 0.107813 0.413542 0.109375 0.405208 0.109375 0.404167 0.117969 0.397917
0 0.094531 0.434375 0.096875 0.436458 0.097656 0.437500 0.099219 0.448958 0.099219 0.450000 0.096094 0.456250 0.095312 0.457292 0.092188 0.458333 0.091406 0.458333 0.087500 0.455208 0.086719 0.454167 0.085938 0.448958 0.085938 0.447917 0.090625 0.437500 0.090625 0.436458 0.094531 0.434375
0 0.000000 0.333333 0.004687 0.334375 0.005469 0.335417 0.014844 0.333333 0.015625 0.333333 0.017188 0.334375 0.017969 0.335417 0.019531 0.340625 0.019531 0.341667 0.024219 0.345833 0.028565 0.348301 0.022012 0.354329 0.022012 0.358698 0.023945 0.362005 0.021094 0.368750 0.014844 0.377083 0.014063 0.378125 0.010156 0.378125 0.009375 0.378125 0.007031 0.376042 0.006250 0.375000 0.000781 0.373958 -0.000000 0.356848 0.007842 0.347335 0.000000 0.346859 0.000000 0.333333
0 0.287392 0.348760 0.284184 0.348760 0.282758 0.351137 0.282758 0.353988 0.283471 0.354939 0.283471 0.355889 0.284541 0.356365 0.284541 0.358266 0.285966 0.358741 0.285966 0.359692 0.288105 0.359692 0.289531 0.358266 0.290244 0.358266 0.290244 0.356840 0.291670 0.356365 0.292026 0.354939 0.292026 0.350661 0.290244 0.350186
0 0.360466 0.323571 0.356545 0.324521 0.355476 0.326422 0.355476 0.329274 0.355832 0.330225 0.357258 0.331650 0.357614 0.336878 0.358684 0.337354 0.358684 0.338304 0.361179 0.339730 0.365457 0.339730 0.366882 0.338780 0.366882 0.337829 0.367595 0.336403 0.367595 0.334502 0.367239 0.333551 0.365813 0.332126 0.363318 0.331650 0.362961 0.329749 0.362961 0.325947
0 0.182594 0.392486 0.180455 0.395338 0.180098 0.397239 0.180455 0.405318 0.183306 0.407695 0.186158 0.407695 0.187940 0.407219 0.188297 0.405794 0.189010 0.405794 0.189366 0.404368 0.190079 0.403893 0.190436 0.402942 0.190436 0.400566 0.189723 0.400090 0.188653 0.398189 0.187584 0.398189 0.186871 0.397714 0.186871 0.396763 0.184732 0.395813
0 0.057031 0.540625 0.062500 0.541667 0.063281 0.541667 0.064844 0.548958 0.065625 0.550000 0.064844 0.558333 0.064844 0.559375 0.063281 0.563542 0.063281 0.564583 0.061719 0.566667 0.060937 0.567708 0.057031 0.568750 0.056250 0.568750 0.052344 0.565625 0.051562 0.565625 0.049219 0.560417 0.049219 0.559375 0.050781 0.554167 0.050781 0.553125 0.057031 0.540625
0 0.232813 0.613542 0.238281 0.615625 0.239063 0.615625 0.250000 0.626042 0.250781 0.626042 0.254688 0.632292 0.255469 0.633333 0.271094 0.633333 0.271875 0.633333 0.273438 0.637500 0.273438 0.638542 0.268750 0.653125 0.268750 0.654167 0.264062 0.660417 0.263281 0.661458 0.257031 0.662500 0.256250 0.662500 0.244531 0.657292 0.243750 0.656250 0.239844 0.656250 0.239063 0.656250 0.232813 0.647917 0.232031 0.646875 0.228125 0.644792 0.227344 0.644792 0.225781 0.642708 0.225781 0.641667 0.227344 0.637500 0.228125 0.636458 0.228125 0.633333 0.228125 0.632292 0.224219 0.623958 0.223438 0.622917 0.223438 0.618750 0.223438 0.617708 0.224219 0.616667 0.225000 0.615625 0.232813 0.613542
0 0.223943 0.500849 0.220735 0.498948 0.218239 0.498948 0.217526 0.499899 0.216814 0.499899 0.216101 0.501324 0.216101 0.502275 0.215388 0.503701 0.215388 0.505127 0.214675 0.506552 0.214675 0.508929 0.215744 0.510830 0.216457 0.510830 0.217526 0.512731 0.218239 0.512731 0.218239 0.513682 0.220022 0.514157 0.223586 0.514157 0.223943 0.513206 0.223943 0.504651
0 0.112371 0.584973 0.123778 0.589251 0.126986 0.585449 0.127343 0.579745 0.125204 0.578795 0.124847 0.579745 0.121996 0.580221 0.118788 0.578795 0.117362 0.575943 0.117005 0.573091 0.112015 0.574517 0.111302 0.579745
0 0.085938 0.685417 0.095312 0.688542 0.096094 0.688542 0.096875 0.692708 0.097656 0.693750 0.096875 0.698958 0.096875 0.700000 0.101562 0.711458 0.101562 0.712500 0.103906 0.716667 0.104688 0.717708 0.107813 0.719792 0.108594 0.720833 0.107813 0.730208 0.107031 0.731250 0.107813 0.743750 0.107813 0.744792 0.105469 0.756250 0.105469 0.757292 0.103125 0.761458 0.103125 0.762500 0.096094 0.769792 0.095312 0.770833 0.089063 0.769792 0.088281 0.769792 0.076563 0.756250 0.075781 0.756250 0.071094 0.750000 0.070312 0.748958 0.067969 0.742708 0.067187 0.741667 0.066406 0.735417 0.065625 0.734375 0.066406 0.730208 0.066406 0.729167 0.077344 0.717708 0.078125 0.716667 0.078125 0.715625 0.078125 0.714583 0.075781 0.712500 0.075000 0.711458 0.075000 0.706250 0.075000 0.705208 0.077344 0.701042 0.078125 0.700000 0.079687 0.692708 0.079687 0.691667 0.085938 0.685417
0 0.070312 0.754167 0.073438 0.754167 0.074219 0.754167 0.075781 0.756250 0.076563 0.756250 0.088281 0.771875 0.089063 0.772917 0.092188 0.775000 0.092969 0.776042 0.094531 0.784375 0.094531 0.785417 0.092188 0.792708 0.091406 0.793750 0.089063 0.794792 0.088281 0.795833 0.081250 0.795833 0.080469 0.795833 0.072656 0.800000 0.071875 0.800000 0.069531 0.797917 0.068750 0.796875 0.065625 0.789583 0.065625 0.788542 0.058594 0.782292 0.057813 0.781250 0.058594 0.769792 0.058594 0.768750 0.070312 0.754167
0 0.089063 0.812500 0.090625 0.812500 0.091406 0.812500 0.094531 0.816667 0.095312 0.817708 0.096875 0.822917 0.097656 0.823958 0.098437 0.834375 0.098437 0.835417 0.096094 0.838542 0.095312 0.839583 0.093750 0.839583 0.092969 0.840625 0.087500 0.839583 0.086719 0.839583 0.081250 0.832292 0.080469 0.831250 0.079687 0.827083 0.078906 0.826042 0.078906 0.818750 0.078906 0.817708 0.081250 0.815625 0.082031 0.814583 0.089063 0.812500
0 0.098437 0.858333 0.105469 0.858333 0.106250 0.858333 0.108594 0.860417 0.109375 0.861458 0.109375 0.864583 0.109375 0.865625 0.093750 0.865625 0.092969 0.865625 0.093750 0.862500 0.093750 0.861458 0.098437 0.858333
0 0.183594 0.712500 0.189062 0.715625 0.189844 0.715625 0.192188 0.720833 0.192188 0.721875 0.189844 0.728125 0.189844 0.729167 0.181250 0.741667 0.180469 0.742708 0.175781 0.742708 0.175000 0.742708 0.166406 0.739583 0.165625 0.739583 0.164062 0.737500 0.163281 0.737500 0.163281 0.733333 0.163281 0.732292 0.171094 0.720833 0.171875 0.719792 0.175000 0.718750 0.175781 0.718750 0.183594 0.712500
0 0.189062 0.732292 0.191406 0.732292 0.192188 0.732292 0.195312 0.735417 0.196094 0.735417 0.200781 0.745833 0.201563 0.746875 0.201563 0.751042 0.201563 0.752083 0.198437 0.758333 0.197656 0.759375 0.194531 0.759375 0.193750 0.759375 0.185938 0.747917 0.185156 0.746875 0.185156 0.743750 0.184375 0.742708 0.185938 0.737500 0.185938 0.736458 0.189062 0.732292
0 0.410156 0.675000 0.414844 0.675000 0.415625 0.675000 0.417187 0.677083 0.417969 0.678125 0.417969 0.683333 0.417969 0.684375 0.414062 0.697917 0.414062 0.698958 0.413281 0.700000 0.412500 0.701042 0.407813 0.701042 0.407031 0.701042 0.396875 0.691667 0.396094 0.691667 0.394531 0.689583 0.393750 0.688542 0.393750 0.685417 0.393750 0.684375 0.400000 0.677083 0.400781 0.676042 0.410156 0.675000
0 0.277344 0.691667 0.279687 0.692708 0.280469 0.692708 0.283594 0.698958 0.283594 0.700000 0.285938 0.703125 0.286719 0.704167 0.289844 0.705208 0.290625 0.705208 0.292187 0.708333 0.292969 0.709375 0.292187 0.714583 0.292187 0.715625 0.288281 0.720833 0.287500 0.721875 0.283594 0.723958 0.282813 0.725000 0.278906 0.725000 0.278125 0.725000 0.275000 0.721875 0.274219 0.720833 0.274219 0.715625 0.274219 0.714583 0.276562 0.710417 0.276562 0.709375 0.274219 0.703125 0.273438 0.702083 0.273438 0.698958 0.273438 0.697917 0.275000 0.694792 0.275000 0.693750 0.277344 0.691667
0 0.251563 0.755208 0.254688 0.755208 0.255469 0.755208 0.257812 0.757292 0.258594 0.757292 0.260156 0.761458 0.260937 0.762500 0.260156 0.768750 0.260156 0.769792 0.258594 0.772917 0.258594 0.773958 0.257031 0.776042 0.256250 0.777083 0.253906 0.777083 0.253125 0.778125 0.250781 0.778125 0.250000 0.778125 0.248438 0.776042 0.247656 0.775000 0.246875 0.770833 0.246094 0.769792 0.246094 0.765625 0.246094 0.764583 0.251563 0.755208
0 0.232498 0.724230 0.229290 0.724230 0.226438 0.725180 0.225725 0.725655 0.225725 0.726606 0.224299 0.728032 0.223586 0.728032 0.222517 0.729458 0.221804 0.730883 0.221804 0.739438 0.223230 0.742290 0.228220 0.742290 0.230003 0.739914 0.231072 0.737537 0.231785 0.737062 0.231428 0.732785 0.231785 0.731359 0.232498 0.730883 0.233211 0.728032
0 0.359753 0.694762 0.356189 0.693812 0.355119 0.695238 0.354406 0.695238 0.354406 0.696188 0.353337 0.697139 0.352624 0.698565 0.348347 0.700466 0.347634 0.701891 0.347634 0.702842 0.345851 0.706169 0.345851 0.711872 0.346208 0.713298 0.346564 0.713773 0.348703 0.713773 0.349059 0.714724 0.352268 0.714724 0.352981 0.714249 0.354406 0.711397 0.354763 0.708070 0.355119 0.707595 0.357971 0.707595 0.357971 0.706644 0.358684 0.706169 0.360466 0.703317 0.360823 0.701416 0.361536 0.701416 0.361536 0.698565
0 0.169048 0.675751 0.166196 0.678128 0.166196 0.680504 0.165484 0.683356 0.164771 0.683356 0.164771 0.684306 0.166196 0.684782 0.172969 0.684782 0.174039 0.682880 0.174039 0.681455 0.173326 0.680029 0.171543 0.678128
0 0.408594 0.000000 0.423438 0.000000 0.424219 0.000000 0.424219 0.007292 0.424219 0.008333 0.420312 0.014583 0.419531 0.015625 0.411719 0.015625 0.410938 0.015625 0.410156 0.012500 0.409375 0.011458 0.408594 0.000000
0 0.548438 0.000000 0.554688 0.005208 0.555469 0.006250 0.557031 0.015625 0.557031 0.016667 0.554688 0.020833 0.553906 0.021875 0.549219 0.026042 0.548438 0.027083 0.544531 0.027083 0.543750 0.027083 0.541406 0.025000 0.540625 0.023958 0.540625 0.016667 0.540625 0.015625 0.548438 0.000000
0 0.403125 0.070833 0.422656 0.076042 0.423438 0.076042 0.432812 0.083333 0.433594 0.083333 0.436719 0.088542 0.436719 0.089583 0.442188 0.095833 0.442969 0.096875 0.442969 0.102083 0.442969 0.103125 0.438281 0.108333 0.437500 0.109375 0.433594 0.110417 0.432812 0.111458 0.429688 0.111458 0.428906 0.111458 0.421094 0.105208 0.420312 0.104167 0.417187 0.104167 0.416406 0.103125 0.411719 0.104167 0.410938 0.105208 0.403125 0.104167 0.402344 0.104167 0.400781 0.093750 0.400781 0.092708 0.396875 0.087500 0.396094 0.086458 0.396094 0.082292 0.396094 0.081250 0.403125 0.070833
0 0.532031 0.089583 0.539062 0.090625 0.539844 0.091667 0.540625 0.093750 0.541406 0.094792 0.541406 0.103125 0.541406 0.104167 0.539062 0.111458 0.539062 0.112500 0.525000 0.126042 0.524219 0.126042 0.521875 0.123958 0.521094 0.122917 0.520312 0.118750 0.519531 0.117708 0.520312 0.113542 0.521094 0.112500 0.521094 0.102083 0.521094 0.101042 0.523438 0.096875 0.524219 0.095833 0.532031 0.089583
0 0.571094 0.065625 0.577344 0.066667 0.578125 0.066667 0.585156 0.073958 0.585938 0.073958 0.587500 0.079167 0.587500 0.080208 0.584375 0.085417 0.583594 0.086458 0.580469 0.088542 0.579688 0.089583 0.569531 0.095833 0.568750 0.096875 0.564844 0.096875 0.564063 0.096875 0.554688 0.087500 0.553906 0.086458 0.553906 0.081250 0.553906 0.080208 0.562500 0.070833 0.563281 0.069792 0.571094 0.065625
0 0.588281 0.031250 0.592969 0.032292 0.593750 0.033333 0.593750 0.042708 0.593750 0.043750 0.592187 0.048958 0.592187 0.050000 0.588281 0.054167 0.587500 0.055208 0.584375 0.061458 0.583594 0.062500 0.576562 0.061458 0.575781 0.061458 0.575000 0.058333 0.574219 0.057292 0.574219 0.051042 0.574219 0.050000 0.577344 0.039583 0.577344 0.038542 0.579688 0.035417 0.580469 0.034375 0.588281 0.031250
0 0.753906 0.008333 0.755469 0.008333 0.756250 0.008333 0.760156 0.013542 0.760938 0.014583 0.761719 0.017708 0.761719 0.018750 0.760156 0.026042 0.759375 0.027083 0.763281 0.031250 0.764062 0.031250 0.764062 0.036458 0.764062 0.037500 0.752344 0.040625 0.751563 0.040625 0.743750 0.044792 0.742969 0.045833 0.739844 0.044792 0.739062 0.044792 0.732031 0.035417 0.731250 0.034375 0.730469 0.027083 0.730469 0.026042 0.738281 0.013542 0.739062 0.012500 0.747656 0.011458 0.748437 0.011458 0.753906 0.008333
0 0.701562 0.055208 0.705469 0.055208 0.706250 0.055208 0.707812 0.059375 0.708594 0.060417 0.707812 0.081250 0.707812 0.082292 0.701562 0.103125 0.701562 0.104167 0.700000 0.106250 0.699219 0.107292 0.693750 0.110417 0.692969 0.110417 0.688281 0.103125 0.687500 0.102083 0.685937 0.096875 0.685156 0.095833 0.684375 0.087500 0.684375 0.086458 0.685937 0.081250 0.685937 0.080208 0.689063 0.077083 0.689844 0.076042 0.692969 0.064583 0.692969 0.063542 0.701562 0.055208
0 0.698438 0.106250 0.708594 0.107292 0.709375 0.108333 0.710938 0.114583 0.711719 0.115625 0.710938 0.123958 0.710156 0.125000 0.705469 0.126042 0.704688 0.126042 0.692969 0.118750 0.692187 0.117708 0.692187 0.110417 0.692187 0.109375 0.698438 0.106250
0 0.700000 0.132292 0.704688 0.132292 0.705469 0.132292 0.711719 0.138542 0.712500 0.139583 0.712500 0.145833 0.712500 0.146875 0.709375 0.153125 0.709375 0.154167 0.706250 0.157292 0.705469 0.158333 0.702344 0.158333 0.701562 0.159375 0.696094 0.155208 0.695312 0.154167 0.694531 0.143750 0.693750 0.142708 0.694531 0.139583 0.694531 0.138542 0.700000 0.132292
0 0.649219 0.127083 0.653906 0.128125 0.654687 0.128125 0.657031 0.137500 0.657031 0.138542 0.655469 0.143750 0.655469 0.144792 0.650781 0.151042 0.650000 0.152083 0.647656 0.152083 0.646875 0.153125 0.640625 0.148958 0.639844 0.147917 0.639062 0.140625 0.639062 0.139583 0.642188 0.132292 0.642969 0.131250 0.649219 0.127083
0 0.899219 0.019792 0.907031 0.020833 0.907813 0.020833 0.910156 0.022917 0.910937 0.023958 0.911719 0.027083 0.912500 0.028125 0.912500 0.033333 0.912500 0.034375 0.910937 0.037500 0.910156 0.038542 0.910156 0.046875 0.910156 0.047917 0.906250 0.054167 0.905469 0.055208 0.900781 0.054167 0.900000 0.053125 0.897656 0.045833 0.897656 0.044792 0.891406 0.035417 0.890625 0.034375 0.890625 0.031250 0.890625 0.030208 0.892188 0.027083 0.892188 0.026042 0.899219 0.019792
0 0.888281 0.082292 0.894531 0.085417 0.895312 0.085417 0.896094 0.086458 0.896875 0.087500 0.898438 0.095833 0.898438 0.096875 0.893750 0.107292 0.893750 0.108333 0.892188 0.110417 0.891406 0.111458 0.886719 0.112500 0.885938 0.112500 0.879687 0.109375 0.878906 0.109375 0.877344 0.106250 0.876563 0.105208 0.876563 0.100000 0.876563 0.098958 0.888281 0.082292
0 0.997656 0.031250 0.998437 0.031250 0.999219 0.031250 0.999219 0.053125 0.999219 0.054167 0.991406 0.054167 0.990625 0.054167 0.988281 0.052083 0.987500 0.051042 0.987500 0.045833 0.987500 0.044792 0.997656 0.031250
0 0.985156 0.125000 0.987500 0.125000 0.988281 0.125000 0.992188 0.128125 0.992969 0.129167 0.998437 0.130208 0.999219 0.130208 0.999219 0.152083 0.999219 0.153125 0.991406 0.156250 0.990625 0.157292 0.977344 0.160417 0.976562 0.161458 0.970313 0.161458 0.969531 0.161458 0.966406 0.159375 0.965625 0.159375 0.964844 0.156250 0.964063 0.155208 0.965625 0.145833 0.965625 0.144792 0.969531 0.141667 0.970313 0.140625 0.973437 0.141667 0.974219 0.141667 0.976562 0.135417 0.976562 0.134375 0.985156 0.125000
0 0.955469 0.327083 0.961719 0.328125 0.962500 0.328125 0.967187 0.336458 0.967969 0.337500 0.968750 0.343750 0.969531 0.344792 0.964063 0.358333 0.964063 0.359375 0.954688 0.369792 0.953906 0.370833 0.949219 0.373958 0.948438 0.375000 0.947656 0.378125 0.946875 0.379167 0.947656 0.387500 0.947656 0.388542 0.946094 0.394792 0.946094 0.395833 0.944531 0.396875 0.943750 0.396875 0.939844 0.392708 0.939063 0.391667 0.932031 0.388542 0.931250 0.388542 0.922656 0.380208 0.921875 0.379167 0.916406 0.377083 0.915625 0.377083 0.913281 0.373958 0.912500 0.372917 0.913281 0.358333 0.913281 0.357292 0.914844 0.353125 0.915625 0.352083 0.916406 0.345833 0.916406 0.344792 0.917969 0.342708 0.918750 0.341667 0.922656 0.340625 0.923438 0.340625 0.928125 0.342708 0.928906 0.342708 0.936719 0.336458 0.937500 0.335417 0.943750 0.336458 0.944531 0.336458 0.949219 0.339583 0.950000 0.339583 0.951562 0.332292 0.951562 0.331250 0.955469 0.327083
0 0.809375 0.343750 0.815625 0.344792 0.816406 0.344792 0.826562 0.360417 0.827344 0.361458 0.828125 0.375000 0.828906 0.376042 0.828125 0.380208 0.828125 0.381250 0.826562 0.385417 0.826562 0.386458 0.825000 0.388542 0.824219 0.389583 0.821094 0.390625 0.820312 0.391667 0.812500 0.390625 0.811719 0.390625 0.803906 0.380208 0.803125 0.379167 0.803125 0.372917 0.803125 0.371875 0.800000 0.357292 0.800000 0.356250 0.809375 0.343750
0 0.765625 0.383333 0.767969 0.383333 0.768750 0.383333 0.772656 0.387500 0.773438 0.388542 0.774219 0.400000 0.774219 0.401042 0.772656 0.403125 0.771875 0.404167 0.767969 0.404167 0.767188 0.404167 0.762500 0.398958 0.761719 0.397917 0.761719 0.389583 0.761719 0.388542 0.765625 0.383333
0 0.703906 0.434375 0.708594 0.435417 0.709375 0.435417 0.714844 0.442708 0.715625 0.443750 0.718750 0.452083 0.719531 0.453125 0.719531 0.456250 0.719531 0.457292 0.716406 0.462500 0.715625 0.463542 0.706250 0.468750 0.705469 0.469792 0.700000 0.467708 0.699219 0.466667 0.693750 0.452083 0.692969 0.451042 0.694531 0.444792 0.694531 0.443750 0.703906 0.434375
0 0.634375 0.431250 0.638281 0.431250 0.639062 0.431250 0.640625 0.433333 0.641406 0.434375 0.642969 0.440625 0.642969 0.441667 0.647656 0.447917 0.648438 0.448958 0.648438 0.456250 0.648438 0.457292 0.642969 0.462500 0.642188 0.463542 0.635938 0.462500 0.635156 0.462500 0.630469 0.446875 0.629687 0.445833 0.629687 0.437500 0.629687 0.436458 0.631250 0.434375 0.631250 0.433333 0.634375 0.431250
0 0.530469 0.257292 0.534375 0.257292 0.535156 0.257292 0.547656 0.261458 0.548438 0.261458 0.549219 0.263542 0.549219 0.264583 0.546875 0.271875 0.546094 0.272917 0.547656 0.286458 0.548438 0.287500 0.546875 0.289583 0.546094 0.290625 0.540625 0.290625 0.539844 0.290625 0.529687 0.285417 0.528906 0.284375 0.526563 0.273958 0.526563 0.272917 0.524219 0.269792 0.523438 0.268750 0.523438 0.265625 0.523438 0.264583 0.525000 0.261458 0.525781 0.260417 0.530469 0.257292
0 0.496875 0.232292 0.512500 0.235417 0.513281 0.235417 0.516406 0.241667 0.517188 0.242708 0.510938 0.258333 0.510938 0.259375 0.503125 0.266667 0.502344 0.267708 0.498437 0.267708 0.497656 0.267708 0.487500 0.258333 0.486719 0.257292 0.492188 0.237500 0.492188 0.236458 0.496875 0.232292
0 0.419531 0.410417 0.424219 0.411458 0.425000 0.411458 0.428906 0.417708 0.429688 0.418750 0.430469 0.423958 0.430469 0.425000 0.428125 0.431250 0.428125 0.432292 0.424219 0.433333 0.423438 0.433333 0.417969 0.429167 0.417187 0.428125 0.416406 0.417708 0.416406 0.416667 0.419531 0.410417
0 0.620870 0.000188 0.620870 0.007440 0.622079 0.007440 0.622079 0.009052 0.623892 0.009858 0.631145 0.009858 0.634771 0.004217 0.636584 0.004217 0.636584 0.005023 0.638397 0.005023 0.638397 0.005828 0.640815 0.005828 0.640815 0.000000
0 0.818505 0.000993 0.813066 0.005828 0.813066 0.011469 0.813670 0.013887 0.816088 0.013887 0.817296 0.016304 0.822131 0.015499 0.822736 0.013081 0.822736 0.006634 0.824549 0.005828 0.825758 0.004217 0.826966 0.004217 0.826966 0.001799
0 0.965976 0.063850 0.970811 0.060626 0.971415 0.059015 0.976250 0.059015 0.977459 0.057403 0.977459 0.054179 0.975646 0.052568 0.974437 0.052568 0.974437 0.051762 0.972020 0.051762 0.971415 0.047733 0.967789 0.047733 0.965976 0.049344 0.965976 0.052568 0.964767 0.052568 0.964767 0.057403
0 0.936361 0.210515 0.930921 0.210515 0.929108 0.212126 0.929108 0.213738 0.928504 0.213738 0.928504 0.215350 0.926691 0.220185 0.927295 0.221796 0.930921 0.221796 0.931526 0.220185 0.933339 0.219379 0.933339 0.218573 0.934548 0.218573 0.934548 0.216961 0.935152 0.216961
0 0.561036 0.239525 0.565871 0.237108 0.565871 0.236302 0.567080 0.236302 0.567080 0.235496 0.568288 0.234690 0.568288 0.229855 0.564662 0.228243 0.564662 0.226632 0.561036 0.226632 0.559827 0.227437 0.559827 0.228243 0.558014 0.228243 0.558014 0.229855 0.554992 0.230661 0.554992 0.232272 0.554387 0.232272 0.557409 0.234690
0 0.639606 0.031616 0.645650 0.034033 0.649276 0.034033 0.649276 0.033227 0.650485 0.033227 0.650485 0.030810 0.651694 0.030810 0.652298 0.021140 0.647463 0.021140 0.647463 0.022751 0.644441 0.023557 0.643837 0.026781 0.643232 0.026781
0 0.889823 0.317693 0.884383 0.316887 0.884383 0.316081 0.881966 0.316081 0.880757 0.316887 0.880153 0.323334 0.878944 0.326557 0.878944 0.333004 0.881361 0.337033 0.886801 0.337033 0.888010 0.332198 0.891032 0.328975 0.891032 0.326557 0.891636 0.326557 0.892240 0.324140 0.893449 0.323334 0.893449 0.322528 0.894658 0.322528 0.894658 0.320916 0.904328 0.320916 0.904328 0.320110 0.906141 0.320110 0.906141 0.318499 0.906746 0.318499 0.906746 0.310440 0.904933 0.308828 0.903724 0.308828 0.903119 0.307217 0.900097 0.307217 0.899493 0.305605 0.898284 0.303993 0.897076 0.303993 0.897076 0.303187 0.895262 0.302382 0.891636 0.302382 0.890427 0.303993 0.890427 0.311246
0 0.979877 0.370879 0.975042 0.373296 0.972020 0.373296 0.972020 0.374908 0.967185 0.374908 0.967185 0.376520 0.965371 0.377326 0.965371 0.385384 0.965976 0.386190 0.976855 0.386190 0.976855 0.384578 0.979272 0.384578 0.979272 0.381355 0.980481 0.381355 0.981085 0.377326
0 0.647868 0.194831 0.642472 0.195630 0.642472 0.196430 0.640673 0.197229 0.640073 0.198828 0.638874 0.198828 0.638874 0.200427 0.638275 0.200427 0.638275 0.205224 0.640073 0.205224 0.640073 0.206822 0.641272 0.207622 0.647268 0.207622 0.647868 0.206023 0.649666 0.206023 0.649666 0.204424 0.651465 0.202825 0.651465 0.199628
0 0.482031 0.503125 0.485156 0.503125 0.485938 0.503125 0.489844 0.506250 0.490625 0.507292 0.492188 0.511458 0.492969 0.512500 0.492969 0.521875 0.492969 0.522917 0.490625 0.529167 0.490625 0.530208 0.487500 0.534375 0.486719 0.535417 0.484375 0.536458 0.483594 0.537500 0.474219 0.537500 0.473438 0.537500 0.470313 0.534375 0.469531 0.533333 0.469531 0.522917 0.469531 0.521875 0.471094 0.517708 0.471094 0.516667 0.475781 0.509375 0.475781 0.508333 0.482031 0.503125
0 0.567969 0.458333 0.573438 0.459375 0.574219 0.459375 0.577344 0.465625 0.578125 0.466667 0.579688 0.479167 0.579688 0.480208 0.577344 0.484375 0.576562 0.485417 0.571094 0.485417 0.570312 0.485417 0.567969 0.483333 0.567187 0.483333 0.562500 0.476042 0.561719 0.475000 0.561719 0.468750 0.561719 0.467708 0.563281 0.464583 0.563281 0.463542 0.567969 0.458333
0 0.519531 0.531250 0.524219 0.531250 0.525000 0.531250 0.529687 0.535417 0.530469 0.536458 0.530469 0.559375 0.529687 0.560417 0.525781 0.559375 0.525000 0.559375 0.509375 0.543750 0.508594 0.542708 0.509375 0.536458 0.509375 0.535417 0.519531 0.531250
0 0.587500 0.583333 0.590625 0.583333 0.591406 0.583333 0.592187 0.584375 0.592969 0.585417 0.593750 0.590625 0.594531 0.591667 0.593750 0.601042 0.593750 0.602083 0.592187 0.605208 0.592187 0.606250 0.589844 0.608333 0.589063 0.609375 0.587500 0.609375 0.586719 0.609375 0.584375 0.606250 0.583594 0.605208 0.582031 0.602083 0.581250 0.601042 0.581250 0.597917 0.580469 0.596875 0.581250 0.591667 0.581250 0.590625 0.587500 0.583333
0 0.674219 0.568750 0.677344 0.568750 0.678125 0.568750 0.687500 0.573958 0.688281 0.575000 0.686719 0.584375 0.685937 0.585417 0.686719 0.594792 0.686719 0.595833 0.685156 0.598958 0.685156 0.600000 0.681250 0.601042 0.680469 0.601042 0.671094 0.591667 0.670312 0.590625 0.670312 0.576042 0.670312 0.575000 0.674219 0.568750
0 0.633594 0.652083 0.638281 0.656250 0.639062 0.657292 0.642188 0.666667 0.642969 0.667708 0.642969 0.673958 0.642969 0.675000 0.642188 0.677083 0.641406 0.678125 0.639062 0.679167 0.638281 0.680208 0.635156 0.680208 0.634375 0.680208 0.632031 0.678125 0.631250 0.678125 0.629687 0.676042 0.628906 0.675000 0.628125 0.670833 0.627344 0.669792 0.627344 0.664583 0.627344 0.663542 0.629687 0.657292 0.629687 0.656250 0.633594 0.652083
0 0.703906 0.434375 0.708594 0.435417 0.709375 0.435417 0.716406 0.444792 0.717187 0.445833 0.718750 0.452083 0.719531 0.453125 0.719531 0.456250 0.719531 0.457292 0.717187 0.462500 0.716406 0.463542 0.706250 0.468750 0.705469 0.469792 0.703906 0.469792 0.703125 0.469792 0.699219 0.466667 0.698438 0.465625 0.693750 0.453125 0.692969 0.452083 0.693750 0.445833 0.693750 0.444792 0.703906 0.434375
0 0.900000 0.464583 0.902344 0.465625 0.903125 0.465625 0.904687 0.470833 0.904687 0.471875 0.896875 0.480208 0.896094 0.481250 0.891406 0.483333 0.890625 0.483333 0.889844 0.482292 0.889062 0.481250 0.889062 0.477083 0.889062 0.476042 0.892969 0.469792 0.893750 0.468750 0.900000 0.464583
0 0.983594 0.501042 0.989062 0.501042 0.989844 0.501042 0.998437 0.506250 0.999219 0.506250 0.999219 0.509375 0.999219 0.510417 0.991406 0.518750 0.990625 0.519792 0.983594 0.521875 0.982812 0.522917 0.975781 0.522917 0.975000 0.522917 0.971875 0.520833 0.971094 0.520833 0.971094 0.514583 0.971094 0.513542 0.978125 0.504167 0.978906 0.503125 0.983594 0.501042
0 0.431250 0.702083 0.435937 0.703125 0.436719 0.703125 0.441406 0.710417 0.442188 0.711458 0.442188 0.717708 0.442188 0.718750 0.439844 0.722917 0.439844 0.723958 0.437500 0.726042 0.436719 0.727083 0.432812 0.728125 0.432031 0.729167 0.427344 0.726042 0.426563 0.725000 0.425781 0.719792 0.425000 0.718750 0.425000 0.713542 0.425000 0.712500 0.431250 0.702083
0 0.462500 0.731250 0.467969 0.732292 0.468750 0.732292 0.474219 0.744792 0.475000 0.745833 0.475000 0.746875 0.475000 0.747917 0.469531 0.753125 0.468750 0.754167 0.466406 0.754167 0.465625 0.754167 0.458594 0.748958 0.457813 0.748958 0.456250 0.745833 0.455469 0.744792 0.456250 0.738542 0.456250 0.737500 0.462500 0.731250
0 0.436719 0.770833 0.440625 0.771875 0.441406 0.771875 0.444531 0.776042 0.445312 0.777083 0.446875 0.783333 0.446875 0.784375 0.444531 0.787500 0.443750 0.788542 0.442188 0.788542 0.441406 0.789583 0.432031 0.789583 0.431250 0.789583 0.430469 0.788542 0.429688 0.787500 0.430469 0.777083 0.430469 0.776042 0.436719 0.770833
0 0.463281 0.678125 0.464844 0.678125 0.465625 0.678125 0.467969 0.683333 0.468750 0.684375 0.467969 0.692708 0.467187 0.693750 0.463281 0.693750 0.462500 0.693750 0.460938 0.691667 0.460156 0.690625 0.460156 0.684375 0.460156 0.683333 0.463281 0.678125
0 0.615625 0.784375 0.621094 0.784375 0.621875 0.784375 0.631250 0.789583 0.632031 0.790625 0.633594 0.802083 0.633594 0.803125 0.631250 0.807292 0.630469 0.808333 0.628125 0.809375 0.627344 0.810417 0.623437 0.810417 0.622656 0.810417 0.619531 0.807292 0.618750 0.806250 0.609375 0.809375 0.608594 0.810417 0.602344 0.808333 0.601562 0.807292 0.602344 0.797917 0.602344 0.796875 0.610156 0.788542 0.610938 0.787500 0.615625 0.784375
0 0.608594 0.843750 0.618750 0.843750 0.619531 0.843750 0.625000 0.846875 0.625781 0.846875 0.632031 0.859375 0.632812 0.860417 0.632812 0.863542 0.632812 0.864583 0.603906 0.865625 0.603125 0.865625 0.602344 0.864583 0.601562 0.863542 0.601562 0.857292 0.601562 0.856250 0.603125 0.852083 0.603125 0.851042 0.608594 0.843750
0 0.755469 0.842708 0.761719 0.843750 0.762500 0.844792 0.773438 0.843750 0.774219 0.843750 0.778906 0.846875 0.779687 0.846875 0.782031 0.851042 0.782813 0.852083 0.782031 0.862500 0.782031 0.863542 0.780469 0.864583 0.779687 0.865625 0.753125 0.865625 0.752344 0.865625 0.750781 0.862500 0.750000 0.861458 0.749219 0.852083 0.749219 0.851042 0.750000 0.848958 0.750000 0.847917 0.755469 0.842708
0 0.859375 0.790625 0.863281 0.792708 0.864062 0.792708 0.864844 0.798958 0.864844 0.800000 0.863281 0.803125 0.863281 0.804167 0.860156 0.809375 0.859375 0.810417 0.855469 0.813542 0.854688 0.814583 0.849219 0.814583 0.848437 0.814583 0.846875 0.812500 0.846094 0.811458 0.846094 0.805208 0.846094 0.804167 0.847656 0.797917 0.847656 0.796875 0.849219 0.794792 0.849219 0.793750 0.851562 0.792708 0.852344 0.791667 0.859375 0.790625
0 0.887500 0.743750 0.892969 0.744792 0.893750 0.744792 0.894531 0.745833 0.895312 0.746875 0.896875 0.756250 0.897656 0.757292 0.896094 0.762500 0.896094 0.763542 0.891406 0.769792 0.890625 0.770833 0.885938 0.769792 0.885156 0.768750 0.883594 0.759375 0.882812 0.758333 0.882812 0.752083 0.882812 0.751042 0.887500 0.743750
0 0.778906 0.711458 0.784375 0.712500 0.785156 0.713542 0.786719 0.723958 0.786719 0.725000 0.785937 0.727083 0.785937 0.728125 0.783594 0.730208 0.782813 0.731250 0.778125 0.731250 0.777344 0.731250 0.772656 0.728125 0.771875 0.727083 0.772656 0.720833 0.772656 0.719792 0.774219 0.716667 0.774219 0.715625 0.778906 0.711458
0 0.672656 0.727083 0.676562 0.728125 0.677344 0.728125 0.678125 0.730208 0.678906 0.731250 0.677344 0.743750 0.677344 0.744792 0.670312 0.754167 0.669531 0.755208 0.662500 0.753125 0.661719 0.753125 0.659375 0.751042 0.658594 0.751042 0.657813 0.748958 0.657031 0.747917 0.657813 0.742708 0.657813 0.741667 0.662500 0.735417 0.663281 0.734375 0.667188 0.732292 0.667969 0.732292 0.672656 0.727083
0 0.602900 0.707265 0.598103 0.710463 0.598103 0.712062 0.595705 0.712861 0.595105 0.715260 0.593307 0.715260 0.593307 0.716859 0.592108 0.716859 0.592108 0.720056 0.591508 0.720056 0.591508 0.726452 0.592707 0.726452 0.593307 0.728051 0.610095 0.728051 0.610694 0.726452 0.610694 0.719257 0.609495 0.718457 0.607696 0.715260 0.607696 0.713661 0.605898 0.712861
0 0.601101 0.750435 0.607696 0.750435 0.607696 0.748036 0.608896 0.748036 0.608896 0.747237 0.610095 0.746438 0.610095 0.740842 0.610694 0.740842 0.610694 0.739243 0.611893 0.737644 0.611893 0.734446 0.610095 0.732847 0.610095 0.731248 0.604699 0.731248 0.604699 0.730449 0.603499 0.730449 0.602900 0.728850 0.590908 0.728051 0.590908 0.727251 0.589709 0.727251 0.589709 0.729649 0.588510 0.729649 0.588510 0.732048 0.587311 0.732048 0.587311 0.740842 0.587910 0.740842 0.588510 0.744039 0.590908 0.748036 0.595105 0.751234 0.595105 0.752034 0.596305 0.752034
0 0.727344 0.720833 0.732031 0.721875 0.732812 0.722917 0.733594 0.730208 0.734375 0.731250 0.740625 0.732292 0.741406 0.732292 0.742969 0.734375 0.743750 0.734375 0.747656 0.739583 0.748437 0.740625 0.750781 0.746875 0.751563 0.747917 0.749219 0.754167 0.748437 0.755208 0.741406 0.762500 0.740625 0.763542 0.735938 0.765625 0.735156 0.765625 0.732812 0.768750 0.732031 0.769792 0.728906 0.778125 0.728125 0.779167 0.725000 0.780208 0.724219 0.781250 0.717969 0.781250 0.717187 0.781250 0.714844 0.778125 0.714063 0.777083 0.708594 0.764583 0.707812 0.763542 0.708594 0.754167 0.709375 0.753125 0.707812 0.738542 0.707812 0.737500 0.710156 0.730208 0.710156 0.729167 0.712500 0.726042 0.713281 0.725000 0.721875 0.725000 0.722656 0.725000 0.727344 0.720833
0 0.548339 0.753632 0.543542 0.755231 0.540544 0.755231 0.540544 0.756830 0.538146 0.756830 0.537546 0.758429 0.536347 0.759228 0.536347 0.761627 0.537546 0.761627 0.537546 0.763226 0.539345 0.764025 0.539345 0.765624 0.546540 0.765624 0.547739 0.763226 0.548339 0.763226 0.548339 0.760028
0 0.569923 0.741641 0.563928 0.744039 0.563928 0.745638 0.561529 0.745638 0.561529 0.746438 0.559731 0.746438 0.559731 0.747237 0.557332 0.747237 0.557332 0.748036 0.554934 0.750435 0.554334 0.753632 0.553735 0.755231 0.553135 0.755231 0.553735 0.759228 0.554934 0.759228 0.554934 0.760028 0.556733 0.760827 0.560930 0.760827 0.560930 0.760028 0.564527 0.759228 0.564527 0.756830 0.566326 0.755231 0.566925 0.750435 0.567525 0.748836 0.568125 0.748836
0 0.554334 0.526594 0.557932 0.522597 0.559731 0.519399 0.556733 0.517001 0.554934 0.517001 0.554934 0.510606 0.552536 0.510606 0.548938 0.512205 0.545341 0.517001 0.545341 0.518600
0 0.674669 0.777502 0.679205 0.775234 0.679205 0.772966 0.680905 0.771454 0.680905 0.769943 0.681472 0.769943 0.681472 0.764651 0.679205 0.764651 0.679205 0.763140 0.678071 0.763140 0.676937 0.760872 0.676937 0.759360 0.674669 0.758604 0.674669 0.757093 0.670701 0.757093 0.670701 0.757848 0.669567 0.758604 0.669000 0.760872 0.669000 0.770699 0.670134 0.770699 0.670134 0.772966
0 0.656528 0.828146 0.651992 0.830414 0.651992 0.832682 0.649725 0.832682 0.649725 0.836461 0.649158 0.837217 0.649158 0.840241 0.649725 0.840997 0.656528 0.840997 0.656528 0.839485 0.658795 0.837973 0.659362 0.835705 0.660496 0.835705 0.660496 0.831170
0 0.730529 0.374870 0.724238 0.375709 0.724238 0.378225 0.721722 0.378225 0.721722 0.379902 0.726755 0.379902 0.727384 0.380741
0 0.636171 0.363128 0.628622 0.360611 0.628622 0.364805 0.627993 0.364805 0.628622 0.374031 0.633655 0.374031 0.634284 0.369838
0 0.872656 0.048958 0.877344 0.048958 0.878125 0.048958 0.886719 0.052083 0.887500 0.053125 0.887500 0.061458 0.887500 0.062500 0.885938 0.068750 0.885938 0.069792 0.870313 0.080208 0.869531 0.081250 0.862500 0.084375 0.861719 0.084375 0.849219 0.092708 0.848437 0.093750 0.844531 0.092708 0.843750 0.092708 0.842969 0.089583 0.842969 0.088542 0.846094 0.076042 0.846094 0.075000 0.853906 0.067708 0.854688 0.067708 0.857812 0.061458 0.857812 0.060417 0.862500 0.054167 0.863281 0.053125 0.872656 0.048958
0 0.391406 0.266667 0.396094 0.269792 0.396875 0.270833 0.398438 0.278125 0.398438 0.279167 0.400781 0.283333 0.401562 0.284375 0.407813 0.286458 0.408594 0.286458 0.410156 0.296875 0.410156 0.297917 0.410938 0.298958 0.411719 0.300000 0.414844 0.300000 0.415625 0.301042 0.416406 0.305208 0.416406 0.306250 0.420312 0.313542 0.420312 0.314583 0.437500 0.335417 0.438281 0.335417 0.441406 0.340625 0.441406 0.341667 0.445312 0.345833 0.446094 0.346875 0.446875 0.350000 0.447656 0.351042 0.446875 0.355208 0.446094 0.356250 0.439844 0.358333 0.439063 0.358333 0.435937 0.355208 0.435156 0.354167 0.424219 0.355208 0.423438 0.355208 0.419531 0.352083 0.418750 0.352083 0.415625 0.357292 0.414844 0.358333 0.412500 0.356250 0.411719 0.355208 0.399219 0.353125 0.398438 0.353125 0.389844 0.348958 0.389062 0.347917 0.385156 0.340625 0.384375 0.339583 0.383594 0.335417 0.382812 0.334375 0.384375 0.319792 0.384375 0.318750 0.382031 0.314583 0.381250 0.313542 0.378906 0.303125 0.378125 0.302083 0.378125 0.297917 0.378125 0.296875 0.382031 0.288542 0.382812 0.287500 0.382812 0.281250 0.382812 0.280208 0.385937 0.270833 0.385937 0.269792 0.386719 0.268750 0.387500 0.267708 0.391406 0.266667
0 0.867969 0.561458 0.872656 0.561458 0.873437 0.562500 0.874219 0.565625 0.874219 0.566667 0.882031 0.576042 0.882812 0.577083 0.887500 0.590625 0.887500 0.591667 0.884375 0.600000 0.884375 0.601042 0.878906 0.610417 0.878906 0.611458 0.868750 0.627083 0.867969 0.628125 0.860156 0.652083 0.860156 0.653125 0.855469 0.661458 0.854688 0.662500 0.850000 0.664583 0.849219 0.664583 0.846094 0.662500 0.845313 0.662500 0.842187 0.658333 0.841406 0.657292 0.839844 0.650000 0.839063 0.648958 0.839844 0.635417 0.839844 0.634375 0.844531 0.621875 0.845313 0.620833 0.848437 0.608333 0.848437 0.607292 0.856250 0.600000 0.857031 0.598958 0.860156 0.582292 0.860938 0.581250 0.860938 0.576042 0.860938 0.575000 0.864844 0.565625 0.864844 0.564583 0.867969 0.561458
0 0.607864 0.405065 0.604089 0.410097 0.603460 0.416807 0.605347 0.417646 0.605347 0.419323 0.606605 0.419323 0.606605 0.421001 0.609751 0.420162 0.611009 0.416807 0.611009 0.413452 0.610380 0.412613 0.609122 0.412613
0 0.485334 0.218552 0.480232 0.217040 0.478531 0.217796 0.477964 0.222331 0.478531 0.223843 0.479665 0.223843 0.479665 0.224599 0.481932 0.225355 0.481932 0.226111 0.484767 0.226111 0.484767 0.226867 0.487035 0.226867 0.487035 0.224599
0 0.588513 0.172442 0.583978 0.174710 0.583978 0.176222 0.582844 0.176222 0.582277 0.182269 0.583411 0.183781 0.586812 0.185292 0.589080 0.185292 0.589080 0.186048 0.593048 0.186048 0.593048 0.176978
0 0.688275 0.851579 0.682606 0.850823 0.682606 0.856870 0.683740 0.856870 0.683740 0.859138 0.688275 0.859894 0.688275 0.857626
0 0.050704 0.084981 0.048565 0.082130 0.045714 0.080704 0.041793 0.080704 0.040723 0.081654 0.037872 0.084031 0.036089 0.084981 0.035020 0.087358 0.035020 0.089259 0.034307 0.089259 0.034307 0.091635 0.034663 0.093061 0.041436 0.093061 0.043218 0.092111 0.047139 0.092111 0.047139 0.101141 0.047496 0.103042 0.050348 0.106369 0.051061 0.106369 0.051417 0.107319 0.052486 0.107795 0.053912 0.107795 0.053912 0.106844 0.054625 0.106369 0.054625 0.105418 0.055338 0.103993 0.055694 0.100190 0.056764 0.100190 0.057477 0.099715 0.057833 0.098764 0.061398 0.098764 0.061754 0.097814 0.065319 0.093536 0.065319 0.091160 0.066388 0.091160 0.066745 0.093061 0.066745 0.100190 0.067101 0.101141 0.068171 0.101141 0.068527 0.102091 0.070666 0.102091 0.072804 0.101141 0.078508 0.101141 0.078151 0.102091 0.077082 0.102567 0.076369 0.104943 0.076013 0.106369 0.076369 0.109696 0.077795 0.110171 0.083498 0.110171 0.084924 0.106844 0.084924 0.104468 0.085637 0.104468 0.085637 0.102567 0.084924 0.101616 0.083142 0.101616 0.082429 0.100666 0.082429 0.098764 0.084211 0.098764 0.084568 0.097814 0.086350 0.097339 0.087419 0.094012 0.087419 0.092111 0.087063 0.091160 0.085993 0.091160 0.085637 0.090209 0.084211 0.090209 0.082785 0.091160 0.081359 0.091160 0.078151 0.089259 0.076013 0.089259 0.075300 0.088308 0.074587 0.088308 0.074230 0.087358 0.073517 0.087358 0.072804 0.085932 0.070666 0.084506 0.070309 0.083556 0.059972 0.083556 0.057120 0.084506 0.054269 0.084506 0.053556 0.085457
