0 0.714844 0.000000 0.734375 0.000000 0.735156 0.000000 0.735938 0.001042 0.735938 0.002083 0.736719 0.003125 0.736719 0.005208 0.736719 0.006250 0.735938 0.007292 0.735938 0.008333 0.734375 0.010417 0.734375 0.011458 0.733594 0.010417 0.730469 0.010417 0.729688 0.010417 0.728906 0.011458 0.728906 0.015625 0.729688 0.016667 0.728906 0.016667 0.728125 0.017708 0.726562 0.017708 0.725781 0.017708 0.724219 0.019792 0.723437 0.020833 0.722656 0.020833 0.721875 0.020833 0.721094 0.019792 0.720313 0.019792 0.719531 0.018750 0.718750 0.018750 0.717969 0.018750 0.717969 0.016667 0.717969 0.015625 0.717187 0.014583 0.716406 0.013542 0.715625 0.013542 0.714844 0.013542 0.714063 0.012500 0.713281 0.012500 0.712500 0.011458 0.713281 0.010417 0.713281 0.008333 0.714063 0.007292 0.714063 0.005208 0.714063 0.004167 0.714844 0.003125 0.714844 0.000000
0 0.073438 0.017708 0.074219 0.017708 0.075000 0.017708 0.075000 0.021875 0.075000 0.022917 0.074219 0.023958 0.074219 0.026042 0.074219 0.027083 0.073438 0.028125 0.073438 0.029167 0.073438 0.030208 0.072656 0.031250 0.071875 0.032292 0.071094 0.032292 0.070312 0.033333 0.069531 0.034375 0.068750 0.034375 0.067969 0.035417 0.067187 0.035417 0.066406 0.034375 0.065625 0.034375 0.064844 0.034375 0.064844 0.030208 0.064062 0.029167 0.064062 0.027083 0.064844 0.026042 0.064844 0.022917 0.064844 0.021875 0.065625 0.020833 0.067187 0.020833 0.067969 0.019792 0.071094 0.019792 0.071875 0.019792 0.073438 0.017708
0 0.510156 0.018750 0.511719 0.018750 0.512500 0.018750 0.512500 0.020833 0.513281 0.021875 0.515625 0.021875 0.516406 0.021875 0.517188 0.020833 0.517969 0.020833 0.518750 0.020833 0.519531 0.021875 0.519531 0.023958 0.519531 0.025000 0.518750 0.026042 0.516406 0.026042 0.515625 0.026042 0.514844 0.027083 0.511719 0.027083 0.510938 0.027083 0.510156 0.026042 0.509375 0.026042 0.508594 0.025000 0.507812 0.025000 0.507812 0.023958 0.507812 0.022917 0.508594 0.022917 0.509375 0.021875 0.510156 0.020833 0.510156 0.018750
0 0.353906 0.020833 0.355469 0.020833 0.356250 0.020833 0.357031 0.021875 0.357812 0.021875 0.357812 0.022917 0.358594 0.023958 0.358594 0.026042 0.358594 0.027083 0.359375 0.028125 0.360156 0.029167 0.360156 0.030208 0.359375 0.031250 0.358594 0.031250 0.357812 0.031250 0.357031 0.030208 0.356250 0.030208 0.355469 0.030208 0.354687 0.029167 0.353906 0.028125 0.354687 0.027083 0.354687 0.025000 0.354687 0.023958 0.353906 0.022917 0.353906 0.020833
0 0.017188 0.040625 0.017969 0.041667 0.018750 0.041667 0.019531 0.041667 0.020313 0.042708 0.021094 0.042708 0.021875 0.043750 0.022656 0.043750 0.023438 0.043750 0.023438 0.044792 0.024219 0.045833 0.025000 0.046875 0.025000 0.048958 0.025000 0.050000 0.024219 0.051042 0.023438 0.052083 0.023438 0.053125 0.022656 0.054167 0.021875 0.055208 0.021875 0.056250 0.021094 0.057292 0.019531 0.057292 0.018750 0.057292 0.017969 0.058333 0.015625 0.058333 0.014844 0.058333 0.014063 0.057292 0.014063 0.056250 0.013281 0.055208 0.012500 0.055208 0.012500 0.054167 0.010156 0.051042 0.009375 0.050000 0.009375 0.046875 0.009375 0.045833 0.010156 0.044792 0.010156 0.043750 0.010937 0.043750 0.011719 0.042708 0.011719 0.041667 0.015625 0.041667 0.016406 0.041667 0.017188 0.040625
0 0.986719 0.042708 0.987500 0.042708 0.988281 0.042708 0.989062 0.043750 0.989844 0.043750 0.989844 0.045833 0.989844 0.046875 0.989062 0.047917 0.988281 0.047917 0.986719 0.050000 0.985938 0.050000 0.985938 0.048958 0.985156 0.047917 0.984375 0.047917 0.984375 0.044792 0.983594 0.043750 0.985156 0.043750 0.985938 0.043750 0.986719 0.042708
0 0.371094 0.058333 0.371875 0.058333 0.372656 0.058333 0.373437 0.059375 0.374219 0.060417 0.373437 0.061458 0.373437 0.062500 0.372656 0.063542 0.371875 0.063542 0.370312 0.065625 0.369531 0.065625 0.368750 0.064583 0.368750 0.061458 0.368750 0.060417 0.369531 0.059375 0.370312 0.059375 0.371094 0.058333
0 0.941406 0.062500 0.942187 0.063542 0.942187 0.064583 0.942969 0.065625 0.943750 0.066667 0.944531 0.066667 0.945312 0.066667 0.946094 0.067708 0.947656 0.067708 0.948438 0.067708 0.949219 0.068750 0.950000 0.069792 0.950000 0.070833 0.950000 0.071875 0.949219 0.072917 0.949219 0.075000 0.948438 0.076042 0.946875 0.076042 0.946094 0.076042 0.945312 0.077083 0.944531 0.077083 0.943750 0.077083 0.942969 0.078125 0.942187 0.079167 0.940625 0.079167 0.939844 0.079167 0.938281 0.081250 0.937500 0.082292 0.936719 0.081250 0.935937 0.081250 0.935937 0.080208 0.935156 0.079167 0.931250 0.079167 0.930469 0.078125 0.928906 0.073958 0.928906 0.072917 0.929688 0.071875 0.929688 0.068750 0.930469 0.067708 0.931250 0.067708 0.932031 0.067708 0.932813 0.066667 0.933594 0.065625 0.934375 0.065625 0.935156 0.064583 0.936719 0.064583 0.937500 0.063542 0.939844 0.063542 0.940625 0.063542 0.941406 0.062500
0 0.020313 0.066667 0.021875 0.066667 0.022656 0.067708 0.022656 0.072917 0.022656 0.073958 0.023438 0.075000 0.024219 0.075000 0.025000 0.076042 0.025781 0.076042 0.025000 0.077083 0.024219 0.078125 0.024219 0.079167 0.023438 0.080208 0.022656 0.081250 0.022656 0.085417 0.021875 0.086458 0.019531 0.086458 0.018750 0.086458 0.017969 0.087500 0.017188 0.088542 0.016406 0.088542 0.015625 0.087500 0.013281 0.087500 0.012500 0.087500 0.011719 0.088542 0.010937 0.088542 0.010156 0.088542 0.009375 0.087500 0.008594 0.087500 0.007812 0.087500 0.007812 0.085417 0.007031 0.084375 0.005469 0.084375 0.004687 0.084375 0.004687 0.081250 0.003906 0.080208 0.004687 0.080208 0.005469 0.079167 0.007031 0.079167 0.007812 0.079167 0.008594 0.078125 0.009375 0.078125 0.010156 0.078125 0.010937 0.077083 0.010937 0.076042 0.010937 0.075000 0.011719 0.073958 0.011719 0.072917 0.011719 0.071875 0.016406 0.071875 0.017188 0.071875 0.017969 0.070833 0.017969 0.069792 0.018750 0.068750 0.018750 0.067708 0.019531 0.067708 0.020313 0.066667
0 0.832812 0.083333 0.833594 0.083333 0.834375 0.083333 0.835156 0.084375 0.835938 0.084375 0.836719 0.085417 0.835938 0.086458 0.835156 0.087500 0.835156 0.090625 0.834375 0.091667 0.833594 0.091667 0.832812 0.092708 0.832031 0.092708 0.831250 0.091667 0.830469 0.090625 0.828906 0.090625 0.828125 0.090625 0.828125 0.089583 0.827344 0.088542 0.826562 0.088542 0.826562 0.087500 0.825781 0.086458 0.826562 0.085417 0.828125 0.085417 0.828906 0.084375 0.831250 0.084375 0.832031 0.084375 0.832812 0.083333
0 0.638281 0.085417 0.639062 0.086458 0.639844 0.086458 0.640625 0.087500 0.640625 0.088542 0.641406 0.089583 0.640625 0.089583 0.639844 0.090625 0.639062 0.090625 0.638281 0.091667 0.637500 0.091667 0.637500 0.087500 0.636719 0.086458 0.637500 0.086458 0.638281 0.085417
0 0.873437 0.087500 0.874219 0.087500 0.875000 0.087500 0.875781 0.088542 0.876563 0.089583 0.877344 0.089583 0.878125 0.089583 0.878125 0.090625 0.878906 0.091667 0.878125 0.092708 0.878125 0.093750 0.877344 0.094792 0.875781 0.094792 0.875000 0.094792 0.874219 0.093750 0.873437 0.093750 0.872656 0.093750 0.872656 0.091667 0.871875 0.090625 0.872656 0.090625 0.873437 0.089583 0.873437 0.087500
0 0.155469 0.096875 0.157031 0.096875 0.157812 0.096875 0.157812 0.097917 0.158594 0.098958 0.158594 0.100000 0.158594 0.101042 0.157812 0.102083 0.157031 0.102083 0.156250 0.103125 0.155469 0.104167 0.155469 0.106250 0.155469 0.107292 0.154688 0.108333 0.153906 0.108333 0.153125 0.109375 0.153125 0.110417 0.152344 0.111458 0.151562 0.112500 0.150781 0.112500 0.150000 0.113542 0.150000 0.112500 0.149219 0.111458 0.148438 0.111458 0.148438 0.107292 0.148438 0.106250 0.147656 0.105208 0.146875 0.105208 0.147656 0.105208 0.148438 0.105208 0.150000 0.103125 0.150000 0.102083 0.150781 0.102083 0.151562 0.101042 0.151562 0.100000 0.152344 0.100000 0.153125 0.098958 0.153906 0.097917 0.154688 0.097917 0.155469 0.096875
0 0.170313 0.097917 0.172656 0.097917 0.173437 0.098958 0.175000 0.098958 0.175781 0.098958 0.176563 0.097917 0.177344 0.097917 0.178125 0.097917 0.178125 0.102083 0.178906 0.103125 0.178125 0.103125 0.177344 0.104167 0.176563 0.104167 0.175781 0.105208 0.175000 0.106250 0.173437 0.106250 0.172656 0.105208 0.167969 0.105208 0.167187 0.105208 0.167187 0.103125 0.167187 0.102083 0.168750 0.102083 0.169531 0.102083 0.170313 0.101042 0.170313 0.097917
0 0.250781 0.105208 0.251563 0.106250 0.251563 0.107292 0.252344 0.108333 0.253125 0.109375 0.253125 0.110417 0.253906 0.111458 0.253125 0.111458 0.250781 0.114583 0.250000 0.115625 0.248438 0.115625 0.247656 0.115625 0.246875 0.114583 0.244531 0.114583 0.243750 0.114583 0.243750 0.112500 0.243750 0.111458 0.245312 0.111458 0.246094 0.111458 0.246875 0.110417 0.246875 0.107292 0.246875 0.106250 0.249219 0.106250 0.250000 0.106250 0.250781 0.105208
0 0.629687 0.126042 0.630469 0.126042 0.631250 0.126042 0.631250 0.131250 0.632031 0.132292 0.631250 0.132292 0.629687 0.134375 0.628906 0.135417 0.627344 0.135417 0.626563 0.134375 0.624219 0.134375 0.623437 0.134375 0.623437 0.133333 0.622656 0.132292 0.625000 0.129167 0.625000 0.128125 0.625781 0.127083 0.628125 0.127083 0.628906 0.127083 0.629687 0.126042
0 0.754687 0.127083 0.756250 0.127083 0.757031 0.128125 0.760156 0.128125 0.760938 0.128125 0.761719 0.129167 0.762500 0.129167 0.763281 0.129167 0.763281 0.130208 0.764062 0.131250 0.764844 0.132292 0.768750 0.132292 0.769531 0.132292 0.770312 0.133333 0.773438 0.133333 0.774219 0.133333 0.775000 0.134375 0.778125 0.134375 0.778906 0.134375 0.779687 0.135417 0.782813 0.135417 0.783594 0.134375 0.784375 0.135417 0.784375 0.136458 0.783594 0.137500 0.782031 0.137500 0.781250 0.137500 0.780469 0.138542 0.778906 0.138542 0.778125 0.138542 0.777344 0.139583 0.776563 0.139583 0.775781 0.139583 0.775000 0.140625 0.775000 0.145833 0.775000 0.146875 0.774219 0.147917 0.772656 0.147917 0.771875 0.147917 0.771094 0.146875 0.770312 0.146875 0.769531 0.145833 0.768750 0.144792 0.767969 0.144792 0.767188 0.143750 0.765625 0.143750 0.764844 0.143750 0.764062 0.142708 0.763281 0.142708 0.762500 0.142708 0.760938 0.140625 0.760156 0.139583 0.755469 0.139583 0.754687 0.139583 0.753906 0.138542 0.753125 0.137500 0.752344 0.137500 0.750781 0.135417 0.750000 0.135417 0.750000 0.133333 0.749219 0.132292 0.750000 0.132292 0.751563 0.130208 0.752344 0.130208 0.753125 0.129167 0.753125 0.128125 0.753906 0.128125 0.754687 0.127083
0 0.923438 0.127083 0.925781 0.127083 0.926562 0.127083 0.927344 0.128125 0.928125 0.128125 0.928906 0.128125 0.930469 0.130208 0.931250 0.131250 0.932031 0.131250 0.932813 0.132292 0.933594 0.132292 0.934375 0.132292 0.935156 0.133333 0.935937 0.133333 0.935937 0.134375 0.936719 0.135417 0.937500 0.135417 0.937500 0.136458 0.938281 0.137500 0.937500 0.138542 0.937500 0.141667 0.937500 0.142708 0.936719 0.143750 0.936719 0.145833 0.936719 0.146875 0.934375 0.150000 0.933594 0.151042 0.932031 0.151042 0.931250 0.152083 0.928125 0.152083 0.927344 0.152083 0.927344 0.151042 0.926562 0.150000 0.927344 0.148958 0.927344 0.147917 0.928125 0.146875 0.928125 0.144792 0.928125 0.143750 0.927344 0.142708 0.926562 0.141667 0.925781 0.141667 0.925000 0.140625 0.924219 0.140625 0.923438 0.139583 0.922656 0.139583 0.922656 0.138542 0.922656 0.137500 0.921094 0.135417 0.920312 0.134375 0.920312 0.132292 0.920312 0.131250 0.923438 0.127083
0 0.606250 0.139583 0.607812 0.139583 0.608594 0.139583 0.609375 0.140625 0.610156 0.141667 0.610156 0.142708 0.610156 0.143750 0.609375 0.144792 0.608594 0.145833 0.607812 0.145833 0.607031 0.145833 0.607031 0.144792 0.606250 0.143750 0.605469 0.142708 0.606250 0.141667 0.606250 0.139583
0 0.174219 0.167708 0.175000 0.168750 0.175781 0.168750 0.176563 0.169792 0.178906 0.169792 0.179688 0.169792 0.182812 0.173958 0.183594 0.175000 0.186719 0.175000 0.187500 0.175000 0.186719 0.176042 0.185938 0.177083 0.185938 0.181250 0.185938 0.182292 0.185156 0.183333 0.185156 0.184375 0.184375 0.185417 0.183594 0.185417 0.182812 0.184375 0.182031 0.184375 0.181250 0.184375 0.180469 0.183333 0.179688 0.183333 0.179688 0.182292 0.178906 0.181250 0.178906 0.179167 0.178906 0.178125 0.178125 0.177083 0.177344 0.177083 0.176563 0.177083 0.176563 0.176042 0.176563 0.175000 0.175781 0.173958 0.175000 0.173958 0.174219 0.172917 0.173437 0.172917 0.172656 0.172917 0.172656 0.171875 0.172656 0.170833 0.171875 0.169792 0.171094 0.169792 0.170313 0.169792 0.171094 0.169792 0.171875 0.169792 0.172656 0.168750 0.173437 0.168750 0.174219 0.167708
0 0.057813 0.172917 0.058594 0.172917 0.059375 0.172917 0.059375 0.175000 0.059375 0.176042 0.060156 0.177083 0.060937 0.177083 0.061719 0.177083 0.061719 0.179167 0.061719 0.180208 0.060937 0.181250 0.060937 0.182292 0.058594 0.185417 0.058594 0.186458 0.057813 0.187500 0.057031 0.187500 0.054688 0.190625 0.053906 0.191667 0.053125 0.190625 0.053125 0.189583 0.052344 0.188542 0.051562 0.188542 0.050781 0.187500 0.050000 0.187500 0.050000 0.182292 0.050000 0.181250 0.052344 0.178125 0.052344 0.177083 0.055469 0.177083 0.056250 0.177083 0.057031 0.176042 0.057813 0.175000 0.057813 0.172917
0 0.675781 0.179167 0.676562 0.179167 0.677344 0.179167 0.677344 0.180208 0.678125 0.181250 0.678906 0.181250 0.679688 0.182292 0.680469 0.182292 0.680469 0.185417 0.680469 0.186458 0.678125 0.189583 0.677344 0.190625 0.672656 0.190625 0.671875 0.190625 0.671875 0.189583 0.671094 0.188542 0.670312 0.187500 0.670312 0.186458 0.669531 0.185417 0.670312 0.184375 0.670312 0.183333 0.670312 0.182292 0.674219 0.182292 0.675000 0.182292 0.675781 0.181250 0.675781 0.179167
0 0.685156 0.185417 0.685937 0.185417 0.686719 0.185417 0.686719 0.186458 0.687500 0.187500 0.689063 0.187500 0.689844 0.187500 0.690625 0.188542 0.692187 0.188542 0.692969 0.188542 0.693750 0.189583 0.694531 0.189583 0.695312 0.190625 0.696875 0.190625 0.697656 0.191667 0.696094 0.193750 0.695312 0.194792 0.695312 0.195833 0.694531 0.196875 0.692187 0.196875 0.691406 0.196875 0.690625 0.195833 0.689063 0.195833 0.688281 0.195833 0.688281 0.194792 0.688281 0.193750 0.687500 0.192708 0.687500 0.191667 0.687500 0.190625 0.686719 0.189583 0.685937 0.188542 0.685156 0.188542 0.684375 0.188542 0.683594 0.187500 0.682813 0.187500 0.683594 0.187500 0.685156 0.185417
0 0.000000 0.191667 0.001563 0.191667 0.002344 0.191667 0.003125 0.192708 0.003906 0.192708 0.004687 0.192708 0.004687 0.193750 0.004687 0.194792 0.003906 0.195833 0.003125 0.195833 0.002344 0.196875 0.001563 0.197917 0.001563 0.201042 0.000781 0.202083 0.000000 0.202083 0.000000 0.191667
0 0.699219 0.200000 0.700000 0.200000 0.700781 0.200000 0.701562 0.201042 0.702344 0.202083 0.702344 0.204167 0.701562 0.205208 0.701562 0.210417 0.702344 0.211458 0.701562 0.211458 0.700781 0.212500 0.700781 0.213542 0.700781 0.214583 0.700000 0.215625 0.699219 0.216667 0.697656 0.216667 0.696875 0.217708 0.696875 0.216667 0.696094 0.215625 0.696875 0.215625 0.697656 0.214583 0.697656 0.212500 0.697656 0.211458 0.696875 0.210417 0.696094 0.209375 0.696094 0.208333 0.695312 0.207292 0.696094 0.206250 0.696094 0.205208 0.696094 0.204167 0.696875 0.204167 0.697656 0.204167 0.698438 0.203125 0.698438 0.202083 0.699219 0.201042 0.699219 0.200000
0 0.038281 0.210417 0.039062 0.210417 0.039844 0.210417 0.039844 0.215625 0.040625 0.216667 0.039844 0.217708 0.039844 0.218750 0.039062 0.219792 0.038281 0.220833 0.037500 0.220833 0.036719 0.221875 0.034375 0.221875 0.033594 0.221875 0.033594 0.220833 0.032813 0.219792 0.032813 0.218750 0.032031 0.217708 0.032031 0.216667 0.031250 0.215625 0.031250 0.212500 0.030469 0.211458 0.036719 0.211458 0.037500 0.211458 0.038281 0.210417
0 0.177344 0.212500 0.179688 0.212500 0.180469 0.212500 0.181250 0.213542 0.181250 0.214583 0.181250 0.215625 0.182031 0.216667 0.182031 0.218750 0.182812 0.219792 0.182031 0.220833 0.182031 0.221875 0.181250 0.222917 0.180469 0.222917 0.178906 0.225000 0.178125 0.226042 0.177344 0.226042 0.176563 0.227083 0.175781 0.227083 0.175781 0.226042 0.175000 0.225000 0.175000 0.214583 0.175000 0.213542 0.175781 0.213542 0.176563 0.213542 0.177344 0.212500
0 0.720313 0.243750 0.721094 0.243750 0.721875 0.243750 0.721875 0.244792 0.722656 0.245833 0.722656 0.246875 0.723437 0.247917 0.728125 0.247917 0.728906 0.247917 0.728906 0.254167 0.728906 0.255208 0.728125 0.256250 0.728125 0.257292 0.727344 0.258333 0.726562 0.258333 0.725781 0.258333 0.725000 0.259375 0.724219 0.259375 0.723437 0.259375 0.722656 0.260417 0.722656 0.261458 0.721875 0.260417 0.721094 0.259375 0.720313 0.259375 0.719531 0.258333 0.716406 0.258333 0.715625 0.258333 0.715625 0.257292 0.715625 0.256250 0.714844 0.255208 0.714063 0.255208 0.713281 0.254167 0.713281 0.253125 0.713281 0.252083 0.714063 0.252083 0.714844 0.251042 0.714844 0.250000 0.715625 0.248958 0.715625 0.247917 0.716406 0.247917 0.717187 0.246875 0.717969 0.245833 0.718750 0.245833 0.720313 0.243750
0 0.659375 0.247917 0.660156 0.248958 0.660937 0.250000 0.664844 0.250000 0.665625 0.250000 0.666406 0.251042 0.667969 0.251042 0.668750 0.252083 0.671875 0.252083 0.672656 0.252083 0.673438 0.253125 0.675000 0.253125 0.675781 0.253125 0.675781 0.257292 0.676562 0.258333 0.680469 0.258333 0.681250 0.258333 0.680469 0.259375 0.680469 0.261458 0.680469 0.262500 0.679688 0.263542 0.678906 0.263542 0.678125 0.264583 0.677344 0.265625 0.676562 0.265625 0.675781 0.266667 0.672656 0.266667 0.671875 0.266667 0.671094 0.265625 0.668750 0.265625 0.667969 0.265625 0.666406 0.267708 0.665625 0.267708 0.664844 0.266667 0.664062 0.266667 0.664062 0.265625 0.663281 0.264583 0.662500 0.264583 0.661719 0.263542 0.661719 0.262500 0.660937 0.261458 0.660156 0.260417 0.660156 0.259375 0.659375 0.258333 0.658594 0.257292 0.653125 0.257292 0.652344 0.256250 0.649219 0.256250 0.648438 0.256250 0.647656 0.257292 0.646875 0.258333 0.646094 0.257292 0.645312 0.256250 0.643750 0.256250 0.642969 0.256250 0.642188 0.257292 0.641406 0.258333 0.638281 0.258333 0.637500 0.258333 0.637500 0.256250 0.637500 0.255208 0.636719 0.254167 0.635938 0.254167 0.635156 0.254167 0.637500 0.254167 0.638281 0.253125 0.639844 0.253125 0.640625 0.254167 0.642969 0.254167 0.643750 0.254167 0.644531 0.253125 0.644531 0.252083 0.648438 0.252083 0.649219 0.252083 0.650000 0.251042 0.653125 0.251042 0.653906 0.251042 0.654687 0.250000 0.655469 0.250000 0.656250 0.248958 0.657813 0.248958 0.658594 0.248958 0.659375 0.247917
0 0.773438 0.252083 0.776563 0.252083 0.777344 0.253125 0.776563 0.254167 0.776563 0.255208 0.775781 0.256250 0.775000 0.256250 0.774219 0.257292 0.773438 0.258333 0.772656 0.258333 0.771875 0.258333 0.771875 0.257292 0.771875 0.256250 0.771094 0.255208 0.771094 0.254167 0.770312 0.253125 0.771875 0.253125 0.772656 0.253125 0.773438 0.252083
0 0.376563 0.255208 0.377344 0.256250 0.378906 0.256250 0.379688 0.256250 0.379688 0.257292 0.379688 0.258333 0.380469 0.259375 0.381250 0.259375 0.381250 0.267708 0.380469 0.268750 0.380469 0.271875 0.380469 0.272917 0.381250 0.273958 0.382031 0.275000 0.381250 0.276042 0.381250 0.279167 0.380469 0.280208 0.380469 0.284375 0.381250 0.285417 0.380469 0.286458 0.380469 0.287500 0.379688 0.288542 0.378906 0.288542 0.378125 0.289583 0.377344 0.289583 0.376563 0.288542 0.375781 0.288542 0.375781 0.287500 0.375000 0.286458 0.371094 0.286458 0.370312 0.286458 0.369531 0.285417 0.369531 0.284375 0.367969 0.282292 0.367188 0.281250 0.367969 0.280208 0.367969 0.277083 0.367969 0.276042 0.369531 0.273958 0.370312 0.272917 0.370312 0.269792 0.370312 0.268750 0.369531 0.267708 0.368750 0.266667 0.367188 0.266667 0.366406 0.266667 0.366406 0.265625 0.365625 0.264583 0.366406 0.264583 0.367188 0.263542 0.368750 0.263542 0.369531 0.262500 0.373437 0.262500 0.374219 0.262500 0.375000 0.261458 0.375000 0.257292 0.375000 0.256250 0.375781 0.256250 0.376563 0.255208
0 0.996664 0.256630 0.999008 0.256630 0.999789 0.256630 0.999789 0.268089 0.999008 0.269130 0.998227 0.268089 0.997445 0.268089 0.996664 0.267047 0.995883 0.267047 0.995102 0.266005 0.994320 0.264964 0.994320 0.262880 0.994320 0.261839 0.995102 0.260797 0.995883 0.259755 0.995883 0.258714 0.995883 0.257672 0.996664 0.256630
0 0.281250 0.270833 0.284375 0.270833 0.285156 0.270833 0.285156 0.273958 0.285156 0.275000 0.284375 0.276042 0.283594 0.276042 0.282813 0.276042 0.280469 0.279167 0.279687 0.280208 0.279687 0.287500 0.279687 0.288542 0.281250 0.290625 0.282031 0.291667 0.281250 0.292708 0.281250 0.293750 0.280469 0.294792 0.278906 0.294792 0.278125 0.294792 0.277344 0.295833 0.276562 0.296875 0.276562 0.295833 0.275781 0.294792 0.275781 0.293750 0.274219 0.291667 0.273438 0.290625 0.273438 0.289583 0.272656 0.288542 0.273438 0.287500 0.274219 0.286458 0.274219 0.285417 0.275000 0.284375 0.275000 0.278125 0.275000 0.277083 0.275781 0.277083 0.276562 0.277083 0.277344 0.276042 0.278125 0.275000 0.278125 0.273958 0.278125 0.272917 0.278906 0.272917 0.279687 0.271875 0.280469 0.271875 0.281250 0.270833
0 0.155469 0.287500 0.158594 0.287500 0.159375 0.287500 0.160156 0.288542 0.160938 0.288542 0.162500 0.290625 0.163281 0.291667 0.164062 0.291667 0.165625 0.293750 0.166406 0.293750 0.166406 0.294792 0.167187 0.295833 0.167969 0.295833 0.168750 0.296875 0.168750 0.300000 0.168750 0.301042 0.167969 0.302083 0.167187 0.302083 0.165625 0.304167 0.164844 0.304167 0.163281 0.306250 0.162500 0.307292 0.161719 0.307292 0.160938 0.308333 0.160156 0.308333 0.159375 0.309375 0.158594 0.310417 0.157031 0.310417 0.156250 0.310417 0.154688 0.312500 0.153906 0.312500 0.150781 0.308333 0.150000 0.307292 0.150000 0.306250 0.149219 0.305208 0.148438 0.305208 0.148438 0.304167 0.146875 0.302083 0.146094 0.301042 0.144531 0.301042 0.143750 0.301042 0.142969 0.300000 0.142969 0.298958 0.144531 0.298958 0.146094 0.298958 0.146875 0.298958 0.149219 0.295833 0.149219 0.294792 0.150000 0.294792 0.150781 0.293750 0.151562 0.293750 0.152344 0.292708 0.152344 0.291667 0.152344 0.290625 0.153906 0.290625 0.154688 0.290625 0.155469 0.289583 0.155469 0.287500
0 0.820312 0.290625 0.824219 0.290625 0.825000 0.290625 0.825781 0.291667 0.825781 0.292708 0.825781 0.293750 0.826562 0.294792 0.827344 0.294792 0.828125 0.295833 0.828906 0.295833 0.829688 0.295833 0.829688 0.300000 0.829688 0.301042 0.828906 0.302083 0.825000 0.302083 0.824219 0.303125 0.821875 0.303125 0.821094 0.302083 0.817969 0.302083 0.817187 0.302083 0.816406 0.301042 0.815625 0.301042 0.814063 0.298958 0.813281 0.297917 0.813281 0.296875 0.813281 0.295833 0.812500 0.294792 0.812500 0.292708 0.811719 0.291667 0.814063 0.291667 0.814844 0.291667 0.815625 0.292708 0.817969 0.292708 0.818750 0.292708 0.820312 0.290625
0 0.401562 0.291667 0.403125 0.291667 0.403906 0.291667 0.404687 0.292708 0.407031 0.292708 0.407813 0.292708 0.408594 0.293750 0.408594 0.294792 0.408594 0.295833 0.407813 0.296875 0.407813 0.297917 0.407031 0.298958 0.406250 0.298958 0.405469 0.300000 0.404687 0.300000 0.403906 0.301042 0.403125 0.301042 0.402344 0.301042 0.401562 0.300000 0.400781 0.300000 0.400781 0.298958 0.400000 0.297917 0.400000 0.296875 0.399219 0.295833 0.398438 0.295833 0.399219 0.295833 0.400000 0.294792 0.400000 0.293750 0.401562 0.291667
0 0.721875 0.293750 0.722656 0.293750 0.723437 0.293750 0.724219 0.294792 0.725000 0.295833 0.728125 0.295833 0.728906 0.296875 0.728906 0.297917 0.728125 0.298958 0.727344 0.300000 0.727344 0.302083 0.727344 0.303125 0.726562 0.304167 0.726562 0.305208 0.725781 0.306250 0.725000 0.306250 0.724219 0.307292 0.723437 0.308333 0.722656 0.308333 0.722656 0.307292 0.722656 0.306250 0.721875 0.305208 0.721094 0.305208 0.722656 0.305208 0.723437 0.304167 0.723437 0.301042 0.722656 0.300000 0.722656 0.295833 0.722656 0.294792 0.721875 0.293750
0 0.171875 0.315625 0.173437 0.315625 0.174219 0.315625 0.174219 0.318750 0.175000 0.319792 0.183594 0.319792 0.184375 0.320833 0.186719 0.320833 0.187500 0.320833 0.188281 0.319792 0.188281 0.318750 0.192969 0.318750 0.193750 0.318750 0.194531 0.317708 0.195312 0.317708 0.196094 0.317708 0.196875 0.316667 0.197656 0.316667 0.198437 0.316667 0.198437 0.317708 0.199219 0.318750 0.199219 0.319792 0.198437 0.320833 0.198437 0.321875 0.197656 0.322917 0.196875 0.323958 0.196875 0.325000 0.196875 0.326042 0.196094 0.327083 0.195312 0.328125 0.194531 0.328125 0.193750 0.329167 0.193750 0.332292 0.193750 0.333333 0.194531 0.334375 0.194531 0.335417 0.194531 0.336458 0.192969 0.338542 0.192188 0.339583 0.191406 0.338542 0.190625 0.338542 0.189844 0.337500 0.189062 0.337500 0.187500 0.335417 0.186719 0.334375 0.181250 0.334375 0.180469 0.334375 0.179688 0.335417 0.178906 0.335417 0.178125 0.335417 0.177344 0.334375 0.176563 0.333333 0.176563 0.332292 0.176563 0.331250 0.175781 0.330208 0.175000 0.330208 0.173437 0.328125 0.172656 0.328125 0.172656 0.326042 0.172656 0.325000 0.171875 0.323958 0.170313 0.323958 0.169531 0.323958 0.169531 0.317708 0.169531 0.316667 0.170313 0.316667 0.171094 0.316667 0.171875 0.315625
0 0.271094 0.315625 0.271875 0.316667 0.273438 0.316667 0.274219 0.317708 0.276562 0.317708 0.277344 0.318750 0.276562 0.318750 0.275781 0.319792 0.275000 0.319792 0.274219 0.320833 0.274219 0.323958 0.274219 0.325000 0.273438 0.326042 0.272656 0.326042 0.271875 0.326042 0.271094 0.327083 0.271094 0.328125 0.270313 0.329167 0.268750 0.329167 0.267969 0.328125 0.264844 0.328125 0.264062 0.329167 0.262500 0.329167 0.261719 0.328125 0.257812 0.328125 0.257031 0.328125 0.257031 0.326042 0.256250 0.325000 0.256250 0.321875 0.256250 0.320833 0.257031 0.320833 0.257812 0.319792 0.257812 0.318750 0.257812 0.317708 0.258594 0.317708 0.259375 0.317708 0.259375 0.318750 0.260156 0.319792 0.264062 0.319792 0.264844 0.319792 0.265625 0.318750 0.266406 0.318750 0.267188 0.317708 0.268750 0.317708 0.269531 0.317708 0.271094 0.315625
0 0.003125 0.316667 0.005469 0.316667 0.006250 0.317708 0.004687 0.319792 0.003906 0.320833 0.003906 0.329167 0.003906 0.330208 0.004687 0.331250 0.005469 0.332292 0.005469 0.333333 0.006250 0.334375 0.006250 0.336458 0.006250 0.337500 0.007031 0.338542 0.007031 0.339583 0.007031 0.340625 0.007812 0.341667 0.007812 0.342708 0.007812 0.343750 0.008594 0.344792 0.009375 0.345833 0.008594 0.346875 0.008594 0.348958 0.007812 0.350000 0.007031 0.350000 0.006250 0.350000 0.005469 0.348958 0.004687 0.347917 0.004687 0.346875 0.004687 0.345833 0.003906 0.344792 0.003125 0.343750 0.000781 0.343750 0.000000 0.342708 0.000000 0.320833 0.000000 0.319792 0.000781 0.319792 0.001563 0.319792 0.002344 0.318750 0.002344 0.317708 0.003125 0.316667
0 0.863281 0.319792 0.864062 0.320833 0.864844 0.320833 0.865625 0.320833 0.866406 0.321875 0.867188 0.321875 0.867188 0.322917 0.865625 0.325000 0.864844 0.326042 0.864844 0.327083 0.864062 0.328125 0.863281 0.329167 0.860938 0.329167 0.860156 0.329167 0.859375 0.328125 0.859375 0.323958 0.859375 0.322917 0.860156 0.322917 0.860938 0.321875 0.860938 0.320833 0.861719 0.320833 0.862500 0.320833 0.863281 0.319792
0 0.312500 0.325000 0.313281 0.325000 0.314063 0.325000 0.314063 0.327083 0.314063 0.328125 0.314844 0.329167 0.315625 0.329167 0.314844 0.330208 0.314844 0.331250 0.314063 0.332292 0.313281 0.333333 0.311719 0.333333 0.310937 0.334375 0.310156 0.333333 0.309375 0.332292 0.309375 0.330208 0.308594 0.329167 0.309375 0.328125 0.310937 0.328125 0.311719 0.328125 0.312500 0.327083 0.312500 0.325000
0 0.514844 0.327083 0.514844 0.328125 0.515625 0.329167 0.516406 0.329167 0.517188 0.329167 0.517969 0.330208 0.518750 0.330208 0.519531 0.331250 0.519531 0.332292 0.520312 0.333333 0.521094 0.333333 0.521094 0.334375 0.521094 0.335417 0.521875 0.336458 0.522656 0.336458 0.523438 0.336458 0.522656 0.337500 0.522656 0.338542 0.521875 0.339583 0.521875 0.340625 0.521094 0.341667 0.520312 0.341667 0.519531 0.342708 0.518750 0.342708 0.518750 0.341667 0.517969 0.340625 0.517188 0.340625 0.517188 0.338542 0.516406 0.337500 0.514844 0.337500 0.514062 0.337500 0.512500 0.339583 0.512500 0.340625 0.511719 0.339583 0.510938 0.338542 0.512500 0.336458 0.513281 0.335417 0.514062 0.335417 0.514844 0.334375 0.514844 0.327083
0 0.968750 0.328125 0.971094 0.328125 0.971875 0.328125 0.971875 0.331250 0.972656 0.332292 0.971875 0.332292 0.971094 0.333333 0.968750 0.333333 0.967969 0.333333 0.967969 0.330208 0.967969 0.329167 0.968750 0.328125
0 0.848437 0.341667 0.853906 0.341667 0.854688 0.341667 0.854688 0.342708 0.855469 0.343750 0.856250 0.343750 0.856250 0.345833 0.857031 0.346875 0.857812 0.346875 0.858594 0.346875 0.859375 0.347917 0.860156 0.347917 0.860938 0.347917 0.858594 0.347917 0.857812 0.348958 0.857812 0.359375 0.857812 0.360417 0.858594 0.361458 0.860156 0.361458 0.860938 0.361458 0.861719 0.360417 0.863281 0.360417 0.864062 0.360417 0.864844 0.361458 0.865625 0.361458 0.865625 0.363542 0.866406 0.364583 0.869531 0.364583 0.870313 0.364583 0.870313 0.366667 0.870313 0.367708 0.871094 0.368750 0.871094 0.369792 0.871875 0.370833 0.871875 0.378125 0.871875 0.379167 0.872656 0.380208 0.872656 0.382292 0.872656 0.383333 0.873437 0.384375 0.874219 0.385417 0.875000 0.385417 0.876563 0.387500 0.877344 0.388542 0.880469 0.388542 0.881250 0.388542 0.882031 0.389583 0.882812 0.389583 0.883594 0.390625 0.884375 0.390625 0.885938 0.392708 0.886719 0.392708 0.888281 0.394792 0.888281 0.395833 0.887500 0.396875 0.886719 0.396875 0.885938 0.397917 0.885156 0.398958 0.885156 0.402083 0.885156 0.403125 0.885938 0.404167 0.886719 0.404167 0.887500 0.405208 0.888281 0.405208 0.889062 0.406250 0.889062 0.407292 0.889844 0.408333 0.892188 0.408333 0.892969 0.408333 0.893750 0.409375 0.894531 0.409375 0.895312 0.410417 0.896875 0.410417 0.897656 0.410417 0.897656 0.411458 0.896094 0.413542 0.895312 0.414583 0.890625 0.414583 0.889844 0.414583 0.889062 0.415625 0.886719 0.415625 0.885938 0.415625 0.885156 0.416667 0.885156 0.417708 0.883594 0.419792 0.882812 0.420833 0.882812 0.426042 0.883594 0.427083 0.882812 0.428125 0.882812 0.429167 0.882031 0.430208 0.882031 0.431250 0.879687 0.434375 0.878906 0.434375 0.878125 0.435417 0.878125 0.436458 0.876563 0.438542 0.875781 0.439583 0.873437 0.439583 0.872656 0.439583 0.871875 0.440625 0.871094 0.440625 0.870313 0.441667 0.869531 0.440625 0.869531 0.437500 0.869531 0.436458 0.868750 0.435417 0.868750 0.433333 0.867969 0.432292 0.867188 0.432292 0.866406 0.432292 0.865625 0.431250 0.864062 0.431250 0.863281 0.431250 0.862500 0.430208 0.862500 0.429167 0.861719 0.428125 0.861719 0.427083 0.860938 0.426042 0.857031 0.426042 0.856250 0.426042 0.856250 0.425000 0.855469 0.423958 0.852344 0.423958 0.851562 0.425000 0.851562 0.426042 0.850781 0.427083 0.850781 0.430208 0.850781 0.431250 0.850000 0.432292 0.850000 0.433333 0.849219 0.434375 0.848437 0.434375 0.847656 0.435417 0.846875 0.436458 0.846094 0.436458 0.845313 0.437500 0.840625 0.437500 0.839844 0.437500 0.839063 0.436458 0.839063 0.435417 0.839063 0.434375 0.839844 0.434375 0.840625 0.433333 0.841406 0.432292 0.841406 0.430208 0.841406 0.429167 0.840625 0.428125 0.839844 0.428125 0.839844 0.426042 0.839844 0.425000 0.839063 0.423958 0.835938 0.423958 0.835156 0.423958 0.834375 0.425000 0.833594 0.425000 0.832812 0.426042 0.832031 0.427083 0.830469 0.427083 0.829688 0.427083 0.828906 0.426042 0.828125 0.425000 0.828125 0.422917 0.828125 0.421875 0.827344 0.420833 0.826562 0.420833 0.825781 0.420833 0.825000 0.419792 0.824219 0.419792 0.823438 0.419792 0.823438 0.417708 0.823438 0.416667 0.822656 0.415625 0.821875 0.414583 0.822656 0.413542 0.822656 0.411458 0.822656 0.410417 0.821875 0.409375 0.821094 0.409375 0.820312 0.408333 0.819531 0.408333 0.818750 0.407292 0.817969 0.407292 0.817969 0.400000 0.817187 0.398958 0.817187 0.390625 0.817187 0.389583 0.818750 0.389583 0.819531 0.389583 0.820312 0.388542 0.821094 0.388542 0.821875 0.387500 0.822656 0.387500 0.823438 0.386458 0.824219 0.386458 0.825000 0.385417 0.825000 0.384375 0.825000 0.383333 0.825781 0.383333 0.826562 0.382292 0.827344 0.381250 0.827344 0.378125 0.827344 0.377083 0.828125 0.376042 0.828906 0.375000 0.828906 0.373958 0.828906 0.372917 0.829688 0.371875 0.830469 0.370833 0.830469 0.368750 0.831250 0.367708 0.831250 0.364583 0.831250 0.363542 0.832031 0.362500 0.832031 0.361458 0.835156 0.357292 0.835938 0.356250 0.835938 0.355208 0.836719 0.354167 0.836719 0.353125 0.836719 0.352083 0.837500 0.352083 0.838281 0.351042 0.839063 0.350000 0.839844 0.350000 0.840625 0.348958 0.841406 0.348958 0.842187 0.348958 0.842969 0.347917 0.842969 0.346875 0.843750 0.346875 0.844531 0.346875 0.845313 0.345833 0.846094 0.344792 0.846875 0.344792 0.847656 0.344792 0.848437 0.343750 0.848437 0.341667
0 0.639062 0.343750 0.641406 0.343750 0.642188 0.343750 0.643750 0.345833 0.644531 0.345833 0.643750 0.346875 0.642969 0.347917 0.642969 0.348958 0.642188 0.350000 0.641406 0.351042 0.641406 0.352083 0.640625 0.353125 0.639844 0.353125 0.639062 0.354167 0.638281 0.355208 0.637500 0.355208 0.636719 0.355208 0.635938 0.356250 0.635156 0.357292 0.633594 0.357292 0.632812 0.357292 0.632031 0.358333 0.631250 0.358333 0.630469 0.359375 0.629687 0.359375 0.628125 0.361458 0.627344 0.362500 0.626563 0.362500 0.625781 0.361458 0.625000 0.361458 0.624219 0.360417 0.624219 0.359375 0.624219 0.358333 0.625000 0.358333 0.625781 0.357292 0.625781 0.356250 0.626563 0.356250 0.628125 0.354167 0.628125 0.353125 0.632031 0.353125 0.632812 0.353125 0.633594 0.352083 0.634375 0.351042 0.635938 0.351042 0.636719 0.351042 0.637500 0.350000 0.638281 0.348958 0.638281 0.345833 0.638281 0.344792 0.639062 0.343750
0 0.747656 0.351042 0.750000 0.351042 0.750781 0.351042 0.750000 0.351042 0.749219 0.352083 0.749219 0.358333 0.749219 0.359375 0.748437 0.360417 0.746094 0.360417 0.745313 0.361458 0.744531 0.360417 0.744531 0.358333 0.744531 0.357292 0.743750 0.356250 0.742188 0.356250 0.741406 0.355208 0.742188 0.354167 0.742969 0.354167 0.743750 0.353125 0.744531 0.353125 0.745313 0.353125 0.746094 0.352083 0.746875 0.352083 0.747656 0.351042
0 0.073438 0.357292 0.074219 0.357292 0.075000 0.357292 0.075000 0.358333 0.076563 0.360417 0.077344 0.360417 0.077344 0.364583 0.077344 0.365625 0.078125 0.366667 0.078906 0.367708 0.082031 0.367708 0.082812 0.367708 0.083594 0.368750 0.084375 0.368750 0.085156 0.369792 0.085938 0.369792 0.085938 0.372917 0.085938 0.373958 0.086719 0.375000 0.086719 0.376042 0.087500 0.377083 0.087500 0.381250 0.087500 0.382292 0.088281 0.383333 0.089063 0.384375 0.088281 0.385417 0.087500 0.386458 0.084375 0.386458 0.083594 0.386458 0.081250 0.383333 0.080469 0.383333 0.080469 0.381250 0.080469 0.380208 0.079687 0.379167 0.078906 0.379167 0.078906 0.378125 0.078125 0.377083 0.074219 0.377083 0.073438 0.377083 0.073438 0.376042 0.073438 0.375000 0.072656 0.373958 0.071875 0.372917 0.071094 0.372917 0.070312 0.371875 0.070312 0.367708 0.070312 0.366667 0.071094 0.365625 0.071875 0.364583 0.071875 0.360417 0.071875 0.359375 0.072656 0.359375 0.073438 0.358333 0.073438 0.357292
0 0.017188 0.371875 0.017969 0.371875 0.018750 0.371875 0.018750 0.372917 0.019531 0.373958 0.020313 0.373958 0.021094 0.375000 0.021875 0.375000 0.022656 0.376042 0.022656 0.383333 0.021875 0.384375 0.020313 0.384375 0.019531 0.385417 0.016406 0.385417 0.015625 0.385417 0.014063 0.383333 0.013281 0.383333 0.013281 0.382292 0.012500 0.381250 0.011719 0.380208 0.011719 0.377083 0.011719 0.376042 0.012500 0.375000 0.013281 0.375000 0.014063 0.373958 0.014844 0.373958 0.015625 0.372917 0.016406 0.372917 0.017188 0.371875
0 0.539844 0.381250 0.540625 0.382292 0.541406 0.382292 0.542188 0.383333 0.542969 0.384375 0.542188 0.385417 0.541406 0.386458 0.538281 0.386458 0.537500 0.386458 0.536719 0.387500 0.535937 0.388542 0.535156 0.388542 0.534375 0.387500 0.533594 0.387500 0.533594 0.383333 0.533594 0.382292 0.538281 0.382292 0.539062 0.382292 0.539844 0.381250
0 0.114844 0.387500 0.116406 0.387500 0.117188 0.387500 0.117969 0.388542 0.118750 0.389583 0.118750 0.390625 0.119531 0.391667 0.120313 0.392708 0.120313 0.401042 0.120313 0.402083 0.121094 0.403125 0.121875 0.404167 0.121875 0.405208 0.121094 0.406250 0.120313 0.406250 0.119531 0.406250 0.118750 0.405208 0.117969 0.405208 0.117969 0.404167 0.117188 0.403125 0.116406 0.403125 0.116406 0.402083 0.116406 0.401042 0.115625 0.400000 0.114844 0.400000 0.114844 0.391667 0.114062 0.390625 0.114062 0.389583 0.114062 0.388542 0.114844 0.387500
0 0.133594 0.389583 0.134375 0.389583 0.135156 0.389583 0.135156 0.390625 0.135937 0.391667 0.137500 0.391667 0.138281 0.391667 0.136719 0.391667 0.135937 0.391667 0.135156 0.392708 0.134375 0.393750 0.133594 0.393750 0.132031 0.395833 0.131250 0.395833 0.128906 0.398958 0.128906 0.400000 0.128125 0.398958 0.128125 0.397917 0.128125 0.396875 0.129688 0.394792 0.130469 0.393750 0.130469 0.392708 0.130469 0.391667 0.132031 0.391667 0.132812 0.391667 0.133594 0.390625 0.133594 0.389583
0 0.206250 0.405208 0.207031 0.405208 0.207813 0.405208 0.208594 0.406250 0.209375 0.406250 0.210156 0.406250 0.210156 0.407292 0.210938 0.408333 0.208594 0.411458 0.207813 0.412500 0.207031 0.412500 0.206250 0.412500 0.205469 0.413542 0.203906 0.413542 0.203125 0.413542 0.202344 0.414583 0.201563 0.414583 0.200781 0.413542 0.202344 0.411458 0.203125 0.410417 0.203125 0.409375 0.203125 0.408333 0.203906 0.408333 0.204687 0.408333 0.205469 0.407292 0.205469 0.406250 0.206250 0.405208
0 0.603906 0.411458 0.604688 0.412500 0.605469 0.412500 0.605469 0.421875 0.605469 0.422917 0.606250 0.423958 0.607031 0.423958 0.604688 0.427083 0.603906 0.428125 0.601562 0.425000 0.600781 0.423958 0.598437 0.423958 0.597656 0.423958 0.596875 0.422917 0.594531 0.422917 0.593750 0.422917 0.592969 0.421875 0.592187 0.421875 0.592969 0.421875 0.593750 0.420833 0.594531 0.419792 0.598437 0.419792 0.599219 0.419792 0.600000 0.418750 0.600000 0.416667 0.600000 0.415625 0.600781 0.415625 0.601562 0.415625 0.602344 0.414583 0.602344 0.413542 0.602344 0.412500 0.603125 0.412500 0.603906 0.411458
0 0.283594 0.412500 0.285938 0.412500 0.286719 0.412500 0.287500 0.413542 0.288281 0.414583 0.288281 0.415625 0.289062 0.416667 0.289062 0.417708 0.287500 0.419792 0.286719 0.420833 0.285156 0.418750 0.284375 0.417708 0.284375 0.416667 0.283594 0.415625 0.283594 0.412500
0 0.926562 0.417708 0.927344 0.418750 0.928125 0.418750 0.928125 0.428125 0.928125 0.429167 0.928906 0.430208 0.928906 0.433333 0.928906 0.434375 0.928125 0.435417 0.928125 0.436458 0.926562 0.438542 0.925781 0.439583 0.923438 0.439583 0.922656 0.439583 0.921875 0.438542 0.921875 0.437500 0.921875 0.436458 0.922656 0.436458 0.923438 0.435417 0.923438 0.431250 0.923438 0.430208 0.920312 0.426042 0.919531 0.426042 0.919531 0.422917 0.919531 0.421875 0.920312 0.421875 0.921094 0.420833 0.921875 0.420833 0.922656 0.419792 0.922656 0.418750 0.925000 0.418750 0.925781 0.418750 0.926562 0.417708
0 0.586719 0.422917 0.588281 0.422917 0.589063 0.423958 0.591406 0.423958 0.592187 0.423958 0.592187 0.425000 0.591406 0.426042 0.591406 0.430208 0.591406 0.431250 0.592187 0.432292 0.592969 0.432292 0.592187 0.432292 0.591406 0.432292 0.590625 0.433333 0.590625 0.434375 0.589063 0.436458 0.588281 0.436458 0.587500 0.437500 0.587500 0.438542 0.586719 0.439583 0.585938 0.439583 0.585156 0.438542 0.584375 0.438542 0.583594 0.437500 0.583594 0.436458 0.582812 0.435417 0.582812 0.433333 0.582031 0.432292 0.582031 0.428125 0.582031 0.427083 0.582812 0.427083 0.583594 0.427083 0.584375 0.426042 0.584375 0.425000 0.585156 0.423958 0.585938 0.423958 0.586719 0.422917
0 0.618750 0.429167 0.620313 0.429167 0.621094 0.429167 0.621875 0.430208 0.622656 0.430208 0.623437 0.431250 0.624219 0.431250 0.625000 0.431250 0.626563 0.433333 0.627344 0.434375 0.626563 0.434375 0.625781 0.435417 0.625000 0.434375 0.622656 0.434375 0.621875 0.433333 0.617969 0.433333 0.617188 0.434375 0.617188 0.433333 0.616406 0.432292 0.616406 0.431250 0.616406 0.430208 0.617188 0.430208 0.617969 0.430208 0.618750 0.429167
0 0.419531 0.432292 0.420312 0.433333 0.421094 0.433333 0.421875 0.434375 0.422656 0.434375 0.422656 0.437500 0.423438 0.438542 0.422656 0.439583 0.422656 0.440625 0.421875 0.441667 0.421094 0.441667 0.420312 0.442708 0.418750 0.442708 0.417969 0.442708 0.417187 0.441667 0.417187 0.439583 0.417187 0.438542 0.417969 0.437500 0.418750 0.436458 0.418750 0.434375 0.418750 0.433333 0.419531 0.432292
0 0.458594 0.434375 0.460938 0.434375 0.461719 0.434375 0.462500 0.435417 0.463281 0.435417 0.464062 0.436458 0.467969 0.436458 0.468750 0.437500 0.468750 0.440625 0.467969 0.441667 0.467969 0.445833 0.468750 0.446875 0.466406 0.450000 0.465625 0.450000 0.464844 0.451042 0.464844 0.452083 0.463281 0.454167 0.462500 0.455208 0.461719 0.455208 0.460156 0.453125 0.459375 0.452083 0.458594 0.452083 0.457813 0.452083 0.457031 0.451042 0.456250 0.450000 0.452344 0.450000 0.451562 0.450000 0.451562 0.444792 0.451562 0.443750 0.450781 0.442708 0.450000 0.442708 0.450000 0.441667 0.450000 0.440625 0.450781 0.440625 0.451562 0.440625 0.452344 0.439583 0.452344 0.438542 0.456250 0.438542 0.457031 0.438542 0.457813 0.437500 0.457813 0.436458 0.457813 0.435417 0.458594 0.434375
0 0.711719 0.439583 0.713281 0.439583 0.714063 0.439583 0.714844 0.440625 0.715625 0.440625 0.716406 0.441667 0.717969 0.441667 0.718750 0.441667 0.719531 0.440625 0.720313 0.440625 0.721094 0.440625 0.720313 0.441667 0.720313 0.445833 0.719531 0.446875 0.719531 0.452083 0.718750 0.453125 0.717969 0.453125 0.717187 0.453125 0.716406 0.454167 0.715625 0.454167 0.715625 0.452083 0.715625 0.451042 0.714844 0.450000 0.714063 0.450000 0.713281 0.450000 0.713281 0.448958 0.712500 0.447917 0.711719 0.446875 0.710938 0.446875 0.710156 0.445833 0.709375 0.445833 0.710156 0.445833 0.710938 0.444792 0.711719 0.443750 0.711719 0.439583
0 0.613281 0.440625 0.615625 0.440625 0.616406 0.440625 0.617969 0.442708 0.618750 0.443750 0.619531 0.443750 0.620313 0.444792 0.623437 0.444792 0.624219 0.443750 0.625000 0.444792 0.626563 0.444792 0.627344 0.444792 0.626563 0.444792 0.625781 0.445833 0.625781 0.446875 0.625781 0.447917 0.625000 0.448958 0.625000 0.451042 0.625000 0.452083 0.623437 0.454167 0.622656 0.455208 0.621875 0.455208 0.621094 0.454167 0.619531 0.454167 0.618750 0.454167 0.618750 0.447917 0.618750 0.446875 0.617969 0.445833 0.617188 0.445833 0.617188 0.444792 0.616406 0.443750 0.615625 0.442708 0.615625 0.441667 0.614844 0.440625 0.613281 0.440625
0 0.634375 0.440625 0.641406 0.440625 0.642188 0.440625 0.642969 0.441667 0.643750 0.441667 0.642969 0.441667 0.642188 0.441667 0.641406 0.442708 0.640625 0.443750 0.639844 0.442708 0.637500 0.442708 0.636719 0.442708 0.635938 0.443750 0.635156 0.443750 0.634375 0.444792 0.634375 0.445833 0.633594 0.444792 0.631250 0.444792 0.630469 0.444792 0.630469 0.442708 0.630469 0.441667 0.632812 0.441667 0.633594 0.441667 0.634375 0.440625
0 0.760938 0.446875 0.763281 0.446875 0.764062 0.446875 0.764844 0.447917 0.764844 0.448958 0.764844 0.450000 0.765625 0.451042 0.766406 0.451042 0.767188 0.452083 0.767188 0.453125 0.767969 0.454167 0.767969 0.455208 0.768750 0.456250 0.769531 0.456250 0.769531 0.459375 0.770312 0.460417 0.770312 0.461458 0.769531 0.462500 0.768750 0.463542 0.767188 0.463542 0.766406 0.463542 0.764844 0.461458 0.764062 0.461458 0.764062 0.460417 0.763281 0.459375 0.762500 0.459375 0.762500 0.456250 0.762500 0.455208 0.761719 0.454167 0.760156 0.454167 0.759375 0.454167 0.759375 0.453125 0.758594 0.452083 0.760156 0.452083 0.760938 0.451042 0.760938 0.446875
0 0.186719 0.447917 0.189062 0.447917 0.189844 0.448958 0.189844 0.452083 0.189844 0.453125 0.189062 0.454167 0.189062 0.455208 0.188281 0.456250 0.187500 0.457292 0.186719 0.457292 0.185938 0.457292 0.185156 0.456250 0.184375 0.456250 0.183594 0.456250 0.183594 0.455208 0.182812 0.454167 0.182031 0.454167 0.182031 0.453125 0.182031 0.452083 0.183594 0.450000 0.183594 0.448958 0.185156 0.448958 0.185938 0.448958 0.186719 0.447917
0 0.902344 0.448958 0.904687 0.448958 0.905469 0.448958 0.906250 0.450000 0.907031 0.450000 0.907031 0.451042 0.907813 0.452083 0.907813 0.453125 0.908594 0.454167 0.909375 0.454167 0.909375 0.455208 0.908594 0.456250 0.907813 0.457292 0.906250 0.457292 0.905469 0.457292 0.904687 0.458333 0.902344 0.458333 0.901563 0.458333 0.900781 0.459375 0.900000 0.460417 0.897656 0.460417 0.896875 0.461458 0.896875 0.460417 0.895312 0.458333 0.894531 0.458333 0.894531 0.455208 0.894531 0.454167 0.896875 0.454167 0.897656 0.454167 0.898438 0.453125 0.898438 0.452083 0.899219 0.452083 0.900000 0.452083 0.902344 0.448958
0 0.545312 0.452083 0.546094 0.453125 0.546094 0.454167 0.546875 0.455208 0.547656 0.456250 0.550000 0.456250 0.550781 0.456250 0.551562 0.457292 0.552344 0.457292 0.553125 0.457292 0.553125 0.458333 0.554688 0.460417 0.555469 0.461458 0.555469 0.465625 0.555469 0.466667 0.558594 0.470833 0.559375 0.471875 0.559375 0.472917 0.559375 0.473958 0.560156 0.475000 0.560156 0.476042 0.560937 0.477083 0.560937 0.480208 0.560937 0.481250 0.563281 0.484375 0.564063 0.485417 0.564844 0.485417 0.565625 0.486458 0.571094 0.486458 0.571875 0.486458 0.572656 0.485417 0.573438 0.485417 0.574219 0.485417 0.574219 0.486458 0.575000 0.487500 0.575781 0.487500 0.575781 0.488542 0.576562 0.489583 0.576562 0.490625 0.577344 0.491667 0.579688 0.491667 0.580469 0.491667 0.581250 0.492708 0.582031 0.492708 0.582031 0.493750 0.581250 0.494792 0.581250 0.495833 0.580469 0.496875 0.573438 0.496875 0.572656 0.496875 0.571875 0.497917 0.571875 0.500000 0.571875 0.501042 0.571094 0.502083 0.571094 0.503125 0.570312 0.504167 0.569531 0.505208 0.568750 0.505208 0.567969 0.506250 0.567187 0.507292 0.564844 0.507292 0.564063 0.507292 0.563281 0.506250 0.562500 0.506250 0.561719 0.505208 0.560937 0.505208 0.560156 0.504167 0.560156 0.503125 0.560156 0.502083 0.559375 0.501042 0.559375 0.500000 0.557813 0.497917 0.557031 0.497917 0.557031 0.496875 0.557031 0.495833 0.556250 0.494792 0.556250 0.493750 0.556250 0.492708 0.555469 0.491667 0.554688 0.491667 0.553906 0.490625 0.553906 0.489583 0.552344 0.487500 0.551562 0.486458 0.550781 0.486458 0.550000 0.486458 0.550000 0.485417 0.549219 0.484375 0.549219 0.480208 0.549219 0.479167 0.548438 0.478125 0.547656 0.477083 0.547656 0.476042 0.546875 0.475000 0.546875 0.473958 0.546094 0.472917 0.546094 0.471875 0.543750 0.468750 0.542969 0.468750 0.542969 0.463542 0.542969 0.462500 0.542188 0.461458 0.542188 0.458333 0.541406 0.457292 0.542188 0.456250 0.542188 0.455208 0.542188 0.454167 0.542969 0.454167 0.543750 0.454167 0.545312 0.452083
0 0.119531 0.453125 0.121094 0.453125 0.121875 0.453125 0.121875 0.454167 0.122656 0.455208 0.123438 0.455208 0.124219 0.456250 0.125000 0.456250 0.125000 0.457292 0.125000 0.458333 0.123438 0.460417 0.122656 0.461458 0.122656 0.463542 0.122656 0.464583 0.121875 0.465625 0.121875 0.466667 0.121094 0.467708 0.121094 0.468750 0.119531 0.470833 0.118750 0.470833 0.118750 0.468750 0.118750 0.467708 0.117969 0.466667 0.117188 0.466667 0.117188 0.464583 0.117188 0.463542 0.117969 0.462500 0.117969 0.456250 0.117969 0.455208 0.118750 0.455208 0.119531 0.454167 0.119531 0.453125
0 0.271094 0.455208 0.271094 0.456250 0.271875 0.457292 0.278906 0.457292 0.279687 0.457292 0.279687 0.461458 0.279687 0.462500 0.281250 0.464583 0.282031 0.464583 0.282031 0.465625 0.282031 0.466667 0.281250 0.467708 0.281250 0.468750 0.280469 0.469792 0.279687 0.469792 0.278906 0.470833 0.278125 0.470833 0.277344 0.470833 0.276562 0.471875 0.275781 0.472917 0.275000 0.472917 0.274219 0.472917 0.273438 0.471875 0.272656 0.471875 0.271875 0.471875 0.271875 0.469792 0.271094 0.468750 0.267969 0.468750 0.267188 0.468750 0.266406 0.467708 0.265625 0.467708 0.265625 0.466667 0.265625 0.465625 0.266406 0.464583 0.266406 0.463542 0.267188 0.463542 0.267969 0.462500 0.267969 0.459375 0.267969 0.458333 0.269531 0.458333 0.270313 0.458333 0.271094 0.457292 0.271094 0.455208
0 0.727344 0.456250 0.728125 0.456250 0.728906 0.456250 0.728906 0.457292 0.728906 0.458333 0.727344 0.460417 0.726562 0.461458 0.723437 0.461458 0.722656 0.460417 0.722656 0.459375 0.722656 0.458333 0.725000 0.458333 0.725781 0.458333 0.727344 0.456250
0 0.927344 0.457292 0.933594 0.457292 0.934375 0.457292 0.935156 0.458333 0.935156 0.459375 0.935937 0.460417 0.935937 0.461458 0.935937 0.462500 0.934375 0.464583 0.933594 0.465625 0.931250 0.465625 0.930469 0.465625 0.928906 0.463542 0.928125 0.462500 0.928125 0.461458 0.928125 0.460417 0.927344 0.459375 0.927344 0.457292
0 0.933594 0.470833 0.934375 0.470833 0.935156 0.470833 0.935937 0.471875 0.936719 0.471875 0.937500 0.472917 0.937500 0.473958 0.938281 0.475000 0.938281 0.476042 0.937500 0.477083 0.936719 0.478125 0.935937 0.478125 0.935156 0.479167 0.934375 0.479167 0.933594 0.479167 0.932813 0.478125 0.932031 0.477083 0.932031 0.476042 0.932031 0.475000 0.932813 0.473958 0.932813 0.472917 0.932813 0.471875 0.933594 0.470833
0 0.614844 0.475000 0.615625 0.475000 0.616406 0.475000 0.615625 0.476042 0.615625 0.477083 0.614844 0.478125 0.614844 0.479167 0.614062 0.480208 0.614062 0.481250 0.614062 0.482292 0.613281 0.483333 0.612500 0.483333 0.611719 0.484375 0.610938 0.483333 0.610938 0.482292 0.610156 0.481250 0.610156 0.479167 0.610156 0.478125 0.610938 0.477083 0.611719 0.477083 0.612500 0.476042 0.613281 0.476042 0.614062 0.476042 0.614844 0.475000
0 0.199219 0.477083 0.200781 0.477083 0.201563 0.477083 0.201563 0.478125 0.202344 0.479167 0.202344 0.480208 0.203125 0.481250 0.203125 0.482292 0.202344 0.483333 0.201563 0.483333 0.200781 0.482292 0.200000 0.482292 0.199219 0.481250 0.199219 0.479167 0.198437 0.478125 0.199219 0.477083
0 0.876563 0.486458 0.878906 0.486458 0.879687 0.486458 0.880469 0.487500 0.881250 0.487500 0.880469 0.488542 0.880469 0.489583 0.880469 0.490625 0.879687 0.491667 0.878906 0.491667 0.878125 0.490625 0.877344 0.490625 0.876563 0.490625 0.876563 0.489583 0.876563 0.488542 0.875781 0.487500 0.875000 0.487500 0.875781 0.487500 0.876563 0.486458
0 0.219531 0.491667 0.220312 0.492708 0.223438 0.492708 0.224219 0.492708 0.223438 0.493750 0.223438 0.500000 0.224219 0.501042 0.223438 0.502083 0.222656 0.503125 0.221875 0.503125 0.221875 0.502083 0.221094 0.501042 0.220312 0.501042 0.219531 0.501042 0.218750 0.500000 0.217188 0.500000 0.216406 0.500000 0.215625 0.498958 0.214844 0.498958 0.214062 0.498958 0.213281 0.497917 0.213281 0.495833 0.213281 0.494792 0.212500 0.493750 0.211719 0.493750 0.214062 0.493750 0.214844 0.493750 0.215625 0.492708 0.217969 0.492708 0.218750 0.492708 0.219531 0.491667
0 0.383594 0.497917 0.384375 0.497917 0.385156 0.497917 0.385937 0.498958 0.386719 0.498958 0.387500 0.500000 0.389062 0.500000 0.389844 0.500000 0.389062 0.500000 0.388281 0.501042 0.388281 0.506250 0.388281 0.507292 0.389062 0.508333 0.389844 0.508333 0.390625 0.509375 0.390625 0.510417 0.389844 0.511458 0.389844 0.512500 0.389062 0.513542 0.388281 0.513542 0.387500 0.514583 0.386719 0.514583 0.385937 0.513542 0.385156 0.513542 0.384375 0.513542 0.384375 0.512500 0.383594 0.511458 0.382812 0.511458 0.382812 0.510417 0.382031 0.509375 0.381250 0.509375 0.382812 0.509375 0.383594 0.508333 0.383594 0.497917
0 0.969531 0.497917 0.971875 0.497917 0.972656 0.497917 0.972656 0.500000 0.973437 0.501042 0.972656 0.502083 0.972656 0.503125 0.971875 0.504167 0.969531 0.504167 0.968750 0.504167 0.968750 0.503125 0.967969 0.502083 0.966406 0.502083 0.965625 0.502083 0.965625 0.500000 0.965625 0.498958 0.967969 0.498958 0.968750 0.498958 0.969531 0.497917
0 0.489844 0.508333 0.494531 0.508333 0.495312 0.508333 0.495312 0.509375 0.496094 0.510417 0.496875 0.510417 0.497656 0.511458 0.499219 0.511458 0.500000 0.511458 0.500000 0.512500 0.500781 0.513542 0.500781 0.514583 0.501563 0.515625 0.500781 0.515625 0.500000 0.516667 0.499219 0.517708 0.498437 0.517708 0.497656 0.518750 0.496875 0.519792 0.495312 0.519792 0.494531 0.519792 0.493750 0.518750 0.492188 0.518750 0.491406 0.518750 0.491406 0.517708 0.489844 0.515625 0.489063 0.515625 0.489063 0.514583 0.488281 0.513542 0.488281 0.512500 0.488281 0.511458 0.489063 0.510417 0.489063 0.509375 0.489844 0.508333
0 0.267188 0.511458 0.270313 0.511458 0.271094 0.511458 0.271875 0.512500 0.272656 0.512500 0.271875 0.513542 0.271094 0.514583 0.271094 0.515625 0.270313 0.516667 0.269531 0.517708 0.269531 0.519792 0.268750 0.520833 0.268750 0.526042 0.267969 0.527083 0.267188 0.527083 0.266406 0.526042 0.266406 0.525000 0.265625 0.523958 0.265625 0.522917 0.264844 0.521875 0.264844 0.519792 0.264844 0.518750 0.265625 0.518750 0.266406 0.517708 0.266406 0.515625 0.267188 0.514583 0.267188 0.511458
0 0.276562 0.525000 0.278125 0.525000 0.278906 0.525000 0.278906 0.531250 0.278906 0.532292 0.278125 0.533333 0.278125 0.534375 0.278125 0.535417 0.277344 0.536458 0.276562 0.536458 0.275781 0.537500 0.275000 0.536458 0.270313 0.536458 0.269531 0.536458 0.268750 0.535417 0.268750 0.534375 0.268750 0.533333 0.269531 0.533333 0.271094 0.531250 0.271094 0.530208 0.271875 0.530208 0.272656 0.529167 0.273438 0.528125 0.274219 0.528125 0.275000 0.528125 0.275781 0.527083 0.276562 0.526042 0.276562 0.525000
0 0.828125 0.527083 0.828906 0.527083 0.829688 0.527083 0.830469 0.528125 0.830469 0.529167 0.831250 0.530208 0.832031 0.530208 0.832812 0.531250 0.835156 0.531250 0.835938 0.531250 0.836719 0.532292 0.837500 0.532292 0.838281 0.533333 0.837500 0.533333 0.836719 0.534375 0.835938 0.534375 0.835156 0.535417 0.834375 0.535417 0.832812 0.537500 0.832031 0.538542 0.828906 0.538542 0.828125 0.538542 0.826562 0.536458 0.825781 0.536458 0.825781 0.534375 0.825781 0.533333 0.826562 0.532292 0.827344 0.532292 0.828125 0.531250 0.828125 0.527083
0 0.510156 0.529167 0.510938 0.529167 0.511719 0.529167 0.512500 0.530208 0.513281 0.530208 0.513281 0.531250 0.514062 0.532292 0.514844 0.533333 0.516406 0.533333 0.517188 0.533333 0.516406 0.534375 0.515625 0.535417 0.514844 0.535417 0.514062 0.536458 0.509375 0.536458 0.508594 0.536458 0.508594 0.533333 0.508594 0.532292 0.509375 0.532292 0.510156 0.531250 0.510156 0.529167
0 0.700781 0.532292 0.701562 0.532292 0.702344 0.532292 0.703125 0.533333 0.703125 0.534375 0.704688 0.536458 0.705469 0.536458 0.705469 0.537500 0.705469 0.538542 0.706250 0.539583 0.707031 0.539583 0.707031 0.540625 0.706250 0.541667 0.705469 0.542708 0.704688 0.542708 0.703906 0.543750 0.701562 0.543750 0.700781 0.543750 0.700000 0.542708 0.699219 0.541667 0.698438 0.541667 0.697656 0.540625 0.697656 0.535417 0.697656 0.534375 0.698438 0.533333 0.699219 0.533333 0.700000 0.533333 0.700781 0.532292
0 0.376563 0.536458 0.381250 0.536458 0.382031 0.536458 0.382031 0.537500 0.382031 0.538542 0.381250 0.539583 0.381250 0.540625 0.380469 0.541667 0.379688 0.541667 0.378906 0.542708 0.378125 0.542708 0.377344 0.541667 0.376563 0.540625 0.376563 0.539583 0.375781 0.538542 0.376563 0.537500 0.376563 0.536458
0 0.659375 0.543750 0.663281 0.543750 0.664062 0.543750 0.664062 0.545833 0.664844 0.546875 0.664062 0.546875 0.663281 0.547917 0.662500 0.547917 0.661719 0.548958 0.659375 0.548958 0.658594 0.548958 0.657813 0.547917 0.657031 0.547917 0.656250 0.547917 0.656250 0.546875 0.656250 0.545833 0.657031 0.545833 0.657813 0.544792 0.658594 0.544792 0.659375 0.543750
0 0.960938 0.565625 0.961719 0.565625 0.962500 0.565625 0.963281 0.566667 0.964063 0.566667 0.964063 0.567708 0.964844 0.568750 0.965625 0.568750 0.966406 0.568750 0.966406 0.569792 0.965625 0.570833 0.964844 0.570833 0.964063 0.571875 0.964063 0.575000 0.963281 0.576042 0.961719 0.576042 0.960938 0.576042 0.960156 0.575000 0.959375 0.575000 0.958594 0.575000 0.958594 0.568750 0.957812 0.567708 0.959375 0.567708 0.960156 0.567708 0.960938 0.566667 0.960938 0.565625
0 0.389844 0.570833 0.390625 0.571875 0.390625 0.572917 0.391406 0.573958 0.391406 0.576042 0.390625 0.577083 0.390625 0.580208 0.390625 0.581250 0.391406 0.582292 0.391406 0.583333 0.391406 0.584375 0.392188 0.585417 0.392969 0.585417 0.393750 0.586458 0.396094 0.586458 0.396875 0.586458 0.397656 0.587500 0.398438 0.587500 0.397656 0.587500 0.396875 0.587500 0.396094 0.588542 0.396094 0.590625 0.396094 0.591667 0.394531 0.593750 0.393750 0.593750 0.392969 0.594792 0.392969 0.595833 0.392188 0.596875 0.387500 0.596875 0.386719 0.596875 0.385937 0.597917 0.385937 0.598958 0.385156 0.600000 0.385156 0.601042 0.384375 0.602083 0.383594 0.602083 0.382812 0.603125 0.379688 0.603125 0.378906 0.604167 0.373437 0.604167 0.372656 0.604167 0.371875 0.603125 0.371094 0.603125 0.370312 0.603125 0.370312 0.601042 0.371094 0.600000 0.371094 0.596875 0.371094 0.595833 0.370312 0.594792 0.369531 0.593750 0.369531 0.592708 0.369531 0.591667 0.371094 0.589583 0.371094 0.588542 0.371875 0.588542 0.372656 0.587500 0.372656 0.586458 0.373437 0.586458 0.374219 0.585417 0.375000 0.585417 0.375781 0.584375 0.376563 0.583333 0.382031 0.583333 0.382812 0.583333 0.383594 0.582292 0.384375 0.582292 0.385156 0.582292 0.385937 0.581250 0.385937 0.576042 0.385937 0.575000 0.386719 0.575000 0.387500 0.573958 0.387500 0.572917 0.388281 0.571875 0.389062 0.571875 0.389844 0.570833
0 0.055469 0.586458 0.056250 0.586458 0.057031 0.586458 0.058594 0.588542 0.058594 0.589583 0.057813 0.590625 0.057031 0.590625 0.056250 0.590625 0.055469 0.589583 0.054688 0.588542 0.055469 0.587500 0.055469 0.586458
0 0.027344 0.594792 0.029687 0.594792 0.030469 0.594792 0.030469 0.595833 0.031250 0.596875 0.032031 0.597917 0.032031 0.598958 0.032031 0.600000 0.031250 0.601042 0.031250 0.602083 0.030469 0.603125 0.029687 0.604167 0.028906 0.603125 0.024219 0.603125 0.023438 0.603125 0.022656 0.602083 0.021875 0.602083 0.021094 0.601042 0.020313 0.601042 0.020313 0.597917 0.020313 0.596875 0.021094 0.596875 0.021875 0.595833 0.025781 0.595833 0.026562 0.595833 0.027344 0.594792
0 0.201563 0.612500 0.202344 0.613542 0.203906 0.613542 0.204687 0.613542 0.206250 0.615625 0.207031 0.615625 0.206250 0.616667 0.205469 0.617708 0.203906 0.617708 0.203125 0.617708 0.202344 0.618750 0.201563 0.618750 0.200781 0.617708 0.200781 0.614583 0.200781 0.613542 0.201563 0.612500
0 0.662500 0.620833 0.665625 0.620833 0.666406 0.620833 0.666406 0.622917 0.667188 0.623958 0.666406 0.623958 0.665625 0.625000 0.664062 0.625000 0.663281 0.625000 0.662500 0.626042 0.662500 0.627083 0.662500 0.628125 0.661719 0.629167 0.660937 0.629167 0.660937 0.628125 0.660156 0.627083 0.660156 0.622917 0.659375 0.621875 0.660937 0.621875 0.661719 0.621875 0.662500 0.620833
0 0.362500 0.623958 0.364063 0.623958 0.364844 0.623958 0.365625 0.625000 0.366406 0.626042 0.367969 0.626042 0.368750 0.626042 0.369531 0.627083 0.369531 0.628125 0.369531 0.629167 0.370312 0.630208 0.371094 0.630208 0.372656 0.632292 0.373437 0.632292 0.372656 0.632292 0.371875 0.633333 0.371875 0.636458 0.371875 0.637500 0.371094 0.638542 0.370312 0.639583 0.370312 0.640625 0.369531 0.641667 0.369531 0.645833 0.370312 0.646875 0.369531 0.646875 0.368750 0.647917 0.367969 0.648958 0.367188 0.648958 0.366406 0.648958 0.365625 0.647917 0.365625 0.646875 0.364844 0.645833 0.364063 0.644792 0.363281 0.644792 0.362500 0.644792 0.362500 0.643750 0.361719 0.642708 0.360938 0.642708 0.360156 0.641667 0.359375 0.640625 0.359375 0.638542 0.360156 0.637500 0.360156 0.634375 0.359375 0.633333 0.359375 0.627083 0.359375 0.626042 0.360156 0.626042 0.360938 0.626042 0.362500 0.623958
0 0.145313 0.628125 0.146094 0.628125 0.146875 0.628125 0.147656 0.629167 0.148438 0.629167 0.149219 0.630208 0.150781 0.630208 0.151562 0.630208 0.152344 0.631250 0.153125 0.631250 0.153125 0.633333 0.153125 0.634375 0.153906 0.635417 0.154688 0.636458 0.155469 0.636458 0.156250 0.636458 0.154688 0.636458 0.153906 0.637500 0.153906 0.638542 0.153906 0.639583 0.153125 0.640625 0.153125 0.641667 0.151562 0.643750 0.150781 0.644792 0.150000 0.644792 0.149219 0.644792 0.148438 0.645833 0.148438 0.647917 0.147656 0.648958 0.146875 0.648958 0.146094 0.648958 0.145313 0.647917 0.144531 0.647917 0.144531 0.646875 0.143750 0.645833 0.143750 0.644792 0.142969 0.643750 0.142969 0.642708 0.142187 0.641667 0.142187 0.636458 0.142187 0.635417 0.142969 0.635417 0.143750 0.634375 0.143750 0.630208 0.143750 0.629167 0.144531 0.629167 0.145313 0.628125
0 0.191406 0.629167 0.192969 0.629167 0.193750 0.629167 0.194531 0.630208 0.195312 0.630208 0.196094 0.631250 0.196875 0.632292 0.196875 0.635417 0.196094 0.636458 0.194531 0.636458 0.193750 0.636458 0.193750 0.635417 0.192188 0.633333 0.191406 0.632292 0.191406 0.629167
0 0.467969 0.195833 0.468750 0.195833 0.469531 0.195833 0.470313 0.196875 0.471875 0.196875 0.472656 0.196875 0.472656 0.198958 0.472656 0.200000 0.473438 0.201042 0.473438 0.202083 0.474219 0.203125 0.475000 0.204167 0.474219 0.204167 0.473438 0.205208 0.472656 0.206250 0.472656 0.209375 0.471875 0.210417 0.469531 0.210417 0.468750 0.211458 0.467969 0.211458 0.467187 0.210417 0.465625 0.210417 0.464844 0.210417 0.464062 0.211458 0.464062 0.212500 0.463281 0.213542 0.462500 0.213542 0.462500 0.204167 0.462500 0.203125 0.463281 0.203125 0.464062 0.202083 0.464844 0.202083 0.465625 0.202083 0.466406 0.201042 0.467187 0.201042 0.467969 0.200000 0.467969 0.195833
0 0.549219 0.654167 0.550000 0.654167 0.550781 0.654167 0.551562 0.655208 0.552344 0.655208 0.553125 0.656250 0.553906 0.657292 0.553125 0.658333 0.553125 0.659375 0.553125 0.660417 0.552344 0.661458 0.551562 0.661458 0.550781 0.662500 0.550000 0.662500 0.549219 0.663542 0.543750 0.663542 0.542969 0.663542 0.542969 0.662500 0.542969 0.661458 0.542188 0.660417 0.542969 0.658333 0.543750 0.657292 0.544531 0.657292 0.545312 0.656250 0.547656 0.656250 0.548438 0.656250 0.549219 0.655208 0.549219 0.654167
0 0.467187 0.259375 0.469531 0.260417 0.470313 0.260417 0.471094 0.262500 0.471094 0.263542 0.475781 0.268750 0.476562 0.269792 0.477344 0.271875 0.478125 0.272917 0.478125 0.277083 0.477344 0.278125 0.474219 0.279167 0.473438 0.280208 0.468750 0.278125 0.467969 0.277083 0.467187 0.266667 0.466406 0.265625 0.467187 0.259375
0 0.490625 0.247917 0.493750 0.247917 0.494531 0.247917 0.496875 0.250000 0.497656 0.250000 0.498437 0.251042 0.499219 0.252083 0.499219 0.256250 0.499219 0.257292 0.490625 0.267708 0.489844 0.268750 0.486719 0.270833 0.485938 0.271875 0.481250 0.272917 0.480469 0.272917 0.479687 0.271875 0.478906 0.270833 0.479687 0.267708 0.479687 0.266667 0.485938 0.258333 0.486719 0.257292 0.490625 0.247917
0 0.085938 0.662500 0.086719 0.662500 0.087500 0.662500 0.088281 0.663542 0.089063 0.663542 0.089063 0.668750 0.088281 0.669792 0.085938 0.669792 0.085156 0.669792 0.084375 0.668750 0.084375 0.667708 0.083594 0.666667 0.082812 0.666667 0.083594 0.666667 0.085156 0.664583 0.085938 0.663542 0.085938 0.662500
0 0.800781 0.690625 0.801562 0.691667 0.802344 0.691667 0.803125 0.691667 0.803906 0.692708 0.804688 0.693750 0.805469 0.693750 0.806250 0.694792 0.807031 0.694792 0.807813 0.694792 0.808594 0.695833 0.809375 0.696875 0.809375 0.697917 0.810156 0.698958 0.809375 0.700000 0.809375 0.701042 0.808594 0.702083 0.803906 0.702083 0.803125 0.702083 0.802344 0.701042 0.801562 0.701042 0.800781 0.701042 0.800000 0.700000 0.799219 0.700000 0.799219 0.698958 0.798438 0.697917 0.797656 0.697917 0.797656 0.695833 0.797656 0.694792 0.800781 0.690625
0 0.168750 0.692708 0.169531 0.692708 0.170313 0.692708 0.171094 0.693750 0.171875 0.693750 0.171875 0.695833 0.171875 0.696875 0.171094 0.697917 0.171094 0.698958 0.170313 0.697917 0.169531 0.697917 0.168750 0.697917 0.168750 0.696875 0.167969 0.695833 0.167187 0.695833 0.167969 0.695833 0.168750 0.694792 0.168750 0.692708
0 0.940625 0.693750 0.945312 0.693750 0.946094 0.693750 0.946875 0.694792 0.946875 0.695833 0.945312 0.697917 0.944531 0.698958 0.942969 0.698958 0.942187 0.700000 0.939844 0.700000 0.939063 0.701042 0.939063 0.700000 0.938281 0.698958 0.937500 0.698958 0.937500 0.696875 0.937500 0.695833 0.938281 0.694792 0.939063 0.694792 0.939844 0.694792 0.940625 0.693750
0 0.415625 0.679167 0.421875 0.680208 0.422656 0.681250 0.426563 0.680208 0.427344 0.679167 0.428906 0.680208 0.429688 0.680208 0.429688 0.686458 0.429688 0.687500 0.427344 0.694792 0.427344 0.695833 0.421094 0.703125 0.420312 0.704167 0.416406 0.704167 0.415625 0.704167 0.405469 0.695833 0.404687 0.695833 0.403125 0.692708 0.402344 0.691667 0.403125 0.683333 0.403906 0.682292 0.411719 0.682292 0.412500 0.682292 0.415625 0.679167
0 0.348438 0.668750 0.350000 0.668750 0.350781 0.668750 0.351562 0.669792 0.352344 0.669792 0.352344 0.670833 0.350781 0.672917 0.350000 0.673958 0.347656 0.673958 0.346875 0.672917 0.346875 0.671875 0.346875 0.670833 0.348438 0.668750
0 0.407031 0.701042 0.412500 0.702083 0.413281 0.703125 0.410938 0.712500 0.410938 0.713542 0.416406 0.726042 0.415625 0.727083 0.412500 0.727083 0.411719 0.727083 0.409375 0.725000 0.408594 0.723958 0.401562 0.723958 0.400781 0.723958 0.397656 0.718750 0.396875 0.717708 0.397656 0.711458 0.397656 0.710417 0.403125 0.706250 0.403906 0.706250 0.407031 0.701042
0 0.401153 0.695758 0.400477 0.695859 0.399575 0.695658 0.397921 0.694856 0.397395 0.694456 0.395967 0.692752 0.395591 0.692551 0.393111 0.692451 0.391758 0.692852 0.390781 0.692652 0.389653 0.691549 0.388526 0.690146 0.387849 0.689044 0.387473 0.687240 0.387549 0.686538 0.388601 0.685837 0.389052 0.684534 0.388826 0.683832 0.388526 0.683231 0.385745 0.680926 0.384392 0.679523 0.382738 0.678421 0.382813 0.677819 0.383189 0.677318 0.383565 0.676316 0.383415 0.675815 0.383415 0.675214 0.383790 0.674913 0.384617 0.674612 0.384993 0.674312 0.385444 0.674312 0.387549 0.675314 0.388375 0.676116 0.388902 0.677218 0.389277 0.677619 0.391081 0.678821 0.394313 0.681628 0.394764 0.681728 0.396343 0.682930 0.397921 0.684634 0.400627 0.686839 0.401078 0.687240 0.401379 0.687741 0.402581 0.688643 0.403709 0.689745 0.404010 0.691249 0.404461 0.691549 0.404235 0.692050 0.403483 0.692551 0.403183 0.692952 0.403032 0.693654 0.403032 0.695458 0.402732 0.695959 0.401905 0.696360
0 0.757031 0.697917 0.758594 0.697917 0.759375 0.697917 0.759375 0.700000 0.759375 0.701042 0.760156 0.702083 0.760156 0.705208 0.760938 0.706250 0.760156 0.706250 0.759375 0.707292 0.758594 0.708333 0.757031 0.708333 0.756250 0.707292 0.756250 0.706250 0.755469 0.705208 0.755469 0.703125 0.754687 0.702083 0.755469 0.701042 0.755469 0.700000 0.755469 0.698958 0.756250 0.698958 0.757031 0.697917
0 0.668750 0.816667 0.673438 0.816667 0.674219 0.816667 0.675000 0.817708 0.675781 0.818750 0.675781 0.822917 0.675781 0.823958 0.671094 0.828125 0.670312 0.829167 0.664062 0.829167 0.663281 0.829167 0.662500 0.828125 0.661719 0.827083 0.662500 0.823958 0.662500 0.822917 0.668750 0.816667
0 0.669531 0.797917 0.671875 0.804167 0.671875 0.805208 0.668750 0.807292 0.667969 0.807292 0.665625 0.803125 0.665625 0.802083 0.666406 0.800000 0.667188 0.798958 0.669531 0.797917
0 0.791406 0.711458 0.795312 0.711458 0.796094 0.711458 0.799219 0.715625 0.800000 0.715625 0.800000 0.719792 0.800000 0.720833 0.799219 0.721875 0.799219 0.722917 0.798438 0.723958 0.797656 0.725000 0.796875 0.725000 0.796094 0.726042 0.795312 0.727083 0.792969 0.727083 0.792188 0.727083 0.791406 0.728125 0.790625 0.728125 0.789844 0.729167 0.789062 0.729167 0.789062 0.722917 0.789062 0.721875 0.789844 0.720833 0.790625 0.719792 0.790625 0.716667 0.790625 0.715625 0.791406 0.714583 0.791406 0.711458
0 0.034375 0.714583 0.035937 0.714583 0.036719 0.715625 0.039062 0.715625 0.039844 0.715625 0.040625 0.716667 0.041406 0.716667 0.042188 0.716667 0.042188 0.722917 0.042188 0.723958 0.041406 0.725000 0.040625 0.726042 0.039844 0.726042 0.038281 0.728125 0.037500 0.729167 0.036719 0.729167 0.035937 0.729167 0.035156 0.728125 0.034375 0.728125 0.034375 0.727083 0.034375 0.726042 0.033594 0.725000 0.033594 0.723958 0.032813 0.722917 0.032031 0.721875 0.031250 0.721875 0.030469 0.721875 0.029687 0.720833 0.028906 0.720833 0.028906 0.719792 0.028906 0.718750 0.032031 0.718750 0.032813 0.718750 0.033594 0.717708 0.033594 0.716667 0.033594 0.715625 0.034375 0.714583
0 0.716406 0.714583 0.718750 0.714583 0.719531 0.714583 0.720313 0.715625 0.721875 0.715625 0.722656 0.715625 0.722656 0.720833 0.723437 0.721875 0.721875 0.723958 0.721094 0.725000 0.717969 0.725000 0.717187 0.725000 0.717187 0.723958 0.717187 0.722917 0.716406 0.721875 0.716406 0.720833 0.715625 0.719792 0.715625 0.717708 0.714844 0.716667 0.715625 0.716667 0.716406 0.715625 0.716406 0.714583
0 0.489063 0.716667 0.491406 0.716667 0.492188 0.716667 0.492969 0.717708 0.493750 0.717708 0.494531 0.718750 0.494531 0.719792 0.493750 0.720833 0.492969 0.721875 0.492969 0.722917 0.492969 0.723958 0.491406 0.726042 0.490625 0.727083 0.489844 0.726042 0.489063 0.726042 0.489063 0.725000 0.488281 0.723958 0.488281 0.719792 0.488281 0.718750 0.489063 0.716667
0 0.450000 0.725000 0.450781 0.726042 0.454688 0.726042 0.455469 0.726042 0.456250 0.727083 0.457031 0.727083 0.454688 0.730208 0.453906 0.731250 0.452344 0.731250 0.451562 0.731250 0.450781 0.732292 0.450781 0.733333 0.450000 0.734375 0.449219 0.734375 0.448437 0.734375 0.446875 0.736458 0.446094 0.736458 0.445312 0.735417 0.445312 0.734375 0.444531 0.733333 0.443750 0.733333 0.442969 0.733333 0.442188 0.732292 0.440625 0.732292 0.439844 0.732292 0.439844 0.730208 0.439844 0.729167 0.446094 0.729167 0.446875 0.729167 0.448437 0.727083 0.448437 0.726042 0.449219 0.726042 0.450000 0.725000
0 0.744531 0.590625 0.750000 0.591667 0.750781 0.591667 0.753125 0.594792 0.753906 0.595833 0.753125 0.598958 0.753125 0.600000 0.749219 0.603125 0.748437 0.604167 0.745313 0.604167 0.744531 0.604167 0.744531 0.590625
0 0.262500 0.731250 0.264062 0.731250 0.264844 0.732292 0.264844 0.734375 0.264062 0.735417 0.264062 0.738542 0.263281 0.739583 0.262500 0.739583 0.260937 0.737500 0.260156 0.737500 0.259375 0.736458 0.259375 0.735417 0.258594 0.734375 0.258594 0.733333 0.258594 0.732292 0.260937 0.732292 0.261719 0.732292 0.262500 0.731250
0 0.284375 0.731250 0.288281 0.731250 0.289062 0.731250 0.289062 0.732292 0.289062 0.733333 0.289844 0.734375 0.289844 0.735417 0.290625 0.736458 0.289844 0.737500 0.289062 0.738542 0.288281 0.738542 0.287500 0.738542 0.286719 0.739583 0.285938 0.739583 0.285156 0.739583 0.285156 0.738542 0.285156 0.737500 0.284375 0.736458 0.284375 0.735417 0.283594 0.734375 0.282813 0.733333 0.284375 0.731250
0 0.507812 0.746875 0.510156 0.746875 0.510938 0.746875 0.510938 0.747917 0.511719 0.748958 0.512500 0.748958 0.513281 0.748958 0.514062 0.750000 0.514844 0.750000 0.514844 0.752083 0.514844 0.753125 0.515625 0.754167 0.516406 0.755208 0.516406 0.756250 0.517188 0.757292 0.516406 0.758333 0.516406 0.759375 0.515625 0.760417 0.514844 0.760417 0.514062 0.761458 0.513281 0.761458 0.512500 0.760417 0.511719 0.759375 0.509375 0.759375 0.508594 0.759375 0.507031 0.761458 0.506250 0.761458 0.504687 0.759375 0.503906 0.759375 0.503906 0.752083 0.503906 0.751042 0.505469 0.751042 0.506250 0.751042 0.507031 0.750000 0.507031 0.748958 0.507031 0.747917 0.507812 0.746875
0 0.875884 0.288322 0.873032 0.286801 0.873032 0.285660 0.872176 0.282998 0.872176 0.281096 0.873032 0.279575 0.874743 0.278814 0.876455 0.278814 0.877025 0.279575 0.878166 0.281857 0.878166 0.285660 0.877881 0.286421
0 0.417969 0.753125 0.419531 0.753125 0.420312 0.753125 0.420312 0.754167 0.421094 0.755208 0.421094 0.756250 0.421875 0.757292 0.421875 0.758333 0.422656 0.759375 0.421875 0.760417 0.421875 0.761458 0.421875 0.762500 0.421094 0.763542 0.421094 0.764583 0.420312 0.765625 0.419531 0.765625 0.418750 0.766667 0.418750 0.767708 0.417969 0.768750 0.417187 0.768750 0.416406 0.769792 0.414844 0.769792 0.414062 0.770833 0.413281 0.769792 0.412500 0.768750 0.412500 0.767708 0.412500 0.766667 0.411719 0.765625 0.411719 0.763542 0.411719 0.762500 0.410156 0.760417 0.409375 0.760417 0.410156 0.760417 0.410938 0.759375 0.410938 0.758333 0.411719 0.758333 0.412500 0.757292 0.412500 0.755208 0.412500 0.754167 0.416406 0.754167 0.417187 0.754167 0.417969 0.753125
0 0.257031 0.764583 0.257812 0.765625 0.259375 0.765625 0.260156 0.765625 0.260937 0.766667 0.260937 0.767708 0.260937 0.768750 0.261719 0.769792 0.262500 0.769792 0.263281 0.769792 0.262500 0.769792 0.261719 0.770833 0.260937 0.771875 0.256250 0.771875 0.255469 0.771875 0.253906 0.769792 0.253125 0.769792 0.253906 0.769792 0.254688 0.768750 0.255469 0.767708 0.255469 0.766667 0.257031 0.764583
0 0.906690 0.064314 0.904123 0.062793 0.902697 0.060891 0.903552 0.059370 0.903552 0.058609 0.904123 0.058229 0.903838 0.054806 0.904408 0.054045 0.908972 0.054045 0.909828 0.054806 0.909828 0.057849 0.908972 0.062793
0 0.896875 0.765625 0.897656 0.765625 0.898438 0.765625 0.899219 0.766667 0.900000 0.766667 0.900781 0.766667 0.901563 0.767708 0.902344 0.768750 0.903906 0.768750 0.903906 0.769792 0.903125 0.770833 0.902344 0.770833 0.901563 0.771875 0.900781 0.772917 0.896875 0.772917 0.896094 0.772917 0.893750 0.776042 0.892969 0.777083 0.891406 0.777083 0.890625 0.777083 0.888281 0.780208 0.887500 0.780208 0.886719 0.779167 0.886719 0.777083 0.886719 0.776042 0.887500 0.775000 0.887500 0.773958 0.887500 0.772917 0.888281 0.772917 0.889062 0.771875 0.889062 0.770833 0.889844 0.770833 0.890625 0.770833 0.891406 0.769792 0.891406 0.768750 0.891406 0.767708 0.893750 0.767708 0.894531 0.767708 0.895312 0.766667 0.896094 0.766667 0.896875 0.765625
0 0.525781 0.771875 0.526563 0.772917 0.527344 0.772917 0.528125 0.772917 0.528906 0.773958 0.529687 0.773958 0.530469 0.775000 0.531250 0.775000 0.532031 0.775000 0.532031 0.779167 0.532031 0.780208 0.531250 0.781250 0.531250 0.782292 0.530469 0.783333 0.529687 0.784375 0.525781 0.784375 0.525000 0.784375 0.524219 0.783333 0.524219 0.782292 0.523438 0.781250 0.523438 0.779167 0.523438 0.778125 0.524219 0.777083 0.525000 0.776042 0.525000 0.775000 0.525000 0.773958 0.525781 0.772917 0.525781 0.771875
0 0.670312 0.778125 0.673438 0.778125 0.674219 0.778125 0.675000 0.779167 0.675781 0.780208 0.676562 0.780208 0.677344 0.780208 0.677344 0.781250 0.678125 0.782292 0.678906 0.782292 0.679688 0.783333 0.680469 0.783333 0.681250 0.784375 0.684375 0.784375 0.685156 0.784375 0.684375 0.784375 0.683594 0.785417 0.683594 0.786458 0.682813 0.787500 0.682813 0.788542 0.682031 0.789583 0.682031 0.790625 0.681250 0.791667 0.681250 0.792708 0.680469 0.793750 0.679688 0.793750 0.678906 0.794792 0.678906 0.795833 0.678125 0.794792 0.677344 0.794792 0.675000 0.791667 0.674219 0.790625 0.674219 0.786458 0.674219 0.785417 0.673438 0.784375 0.673438 0.783333 0.673438 0.782292 0.672656 0.781250 0.671875 0.781250 0.671094 0.781250 0.671094 0.780208 0.671094 0.779167 0.670312 0.778125
0 0.706250 0.779167 0.710156 0.779167 0.710938 0.779167 0.711719 0.780208 0.712500 0.781250 0.715625 0.781250 0.716406 0.781250 0.717187 0.782292 0.717969 0.782292 0.717187 0.782292 0.716406 0.782292 0.715625 0.783333 0.714844 0.784375 0.714844 0.786458 0.714063 0.787500 0.713281 0.787500 0.712500 0.787500 0.711719 0.788542 0.710938 0.788542 0.710156 0.788542 0.709375 0.787500 0.708594 0.787500 0.707812 0.786458 0.707812 0.784375 0.707812 0.783333 0.707031 0.782292 0.706250 0.782292 0.706250 0.779167
0 0.556250 0.072917 0.558594 0.073958 0.559375 0.073958 0.560937 0.076042 0.561719 0.077083 0.561719 0.080208 0.561719 0.081250 0.557031 0.092708 0.556250 0.093750 0.555469 0.101042 0.555469 0.102083 0.547656 0.103125 0.546875 0.103125 0.543750 0.100000 0.542969 0.098958 0.538281 0.096875 0.537500 0.096875 0.534375 0.092708 0.533594 0.091667 0.533594 0.088542 0.533594 0.087500 0.536719 0.082292 0.536719 0.081250 0.544531 0.079167 0.545312 0.079167 0.556250 0.072917
0 0.555469 0.103125 0.559375 0.103125 0.560156 0.103125 0.566406 0.108333 0.567187 0.108333 0.573438 0.116667 0.574219 0.117708 0.574219 0.119792 0.574219 0.120833 0.570312 0.120833 0.569531 0.120833 0.561719 0.115625 0.560937 0.115625 0.555469 0.108333 0.554688 0.107292 0.555469 0.103125
0 0.996875 0.782292 0.998437 0.782292 0.999219 0.782292 0.999219 0.791667 0.999219 0.792708 0.998437 0.793750 0.997656 0.793750 0.996875 0.794792 0.996094 0.795833 0.995313 0.795833 0.994531 0.794792 0.990625 0.794792 0.989844 0.794792 0.989062 0.793750 0.988281 0.792708 0.989062 0.791667 0.989062 0.788542 0.989062 0.787500 0.990625 0.785417 0.990625 0.784375 0.991406 0.784375 0.992188 0.783333 0.995313 0.783333 0.996094 0.783333 0.996875 0.782292
0 0.794531 0.792708 0.795312 0.793750 0.800000 0.793750 0.800781 0.793750 0.801562 0.794792 0.802344 0.795833 0.803125 0.795833 0.803906 0.796875 0.804688 0.796875 0.804688 0.797917 0.805469 0.798958 0.804688 0.798958 0.803906 0.800000 0.803906 0.801042 0.803125 0.802083 0.801562 0.802083 0.800781 0.803125 0.797656 0.803125 0.796875 0.803125 0.795312 0.805208 0.794531 0.806250 0.793750 0.806250 0.792969 0.807292 0.792969 0.815625 0.792969 0.816667 0.793750 0.817708 0.794531 0.817708 0.794531 0.818750 0.795312 0.819792 0.792969 0.822917 0.792188 0.823958 0.792188 0.825000 0.791406 0.826042 0.791406 0.827083 0.791406 0.828125 0.785937 0.835417 0.785156 0.836458 0.784375 0.836458 0.783594 0.837500 0.782031 0.837500 0.781250 0.837500 0.779687 0.835417 0.778906 0.835417 0.778906 0.833333 0.778125 0.832292 0.778125 0.828125 0.777344 0.827083 0.777344 0.825000 0.777344 0.823958 0.778125 0.823958 0.778906 0.822917 0.779687 0.821875 0.779687 0.820833 0.780469 0.819792 0.781250 0.818750 0.781250 0.813542 0.780469 0.812500 0.780469 0.802083 0.780469 0.801042 0.779687 0.800000 0.778906 0.800000 0.778125 0.800000 0.778125 0.797917 0.777344 0.796875 0.778125 0.796875 0.778906 0.795833 0.779687 0.794792 0.792188 0.794792 0.792969 0.794792 0.794531 0.792708
0 0.706250 0.796875 0.707031 0.797917 0.709375 0.797917 0.710156 0.798958 0.710156 0.800000 0.708594 0.802083 0.707812 0.803125 0.707031 0.803125 0.707031 0.802083 0.706250 0.801042 0.706250 0.800000 0.705469 0.798958 0.703906 0.798958 0.703125 0.798958 0.704688 0.798958 0.705469 0.798958 0.706250 0.797917 0.706250 0.796875
0 0.301563 0.804167 0.303906 0.804167 0.304688 0.804167 0.305469 0.805208 0.306250 0.805208 0.307031 0.805208 0.307812 0.806250 0.308594 0.806250 0.309375 0.807292 0.310156 0.808333 0.309375 0.809375 0.309375 0.815625 0.310156 0.816667 0.309375 0.817708 0.309375 0.818750 0.308594 0.819792 0.307812 0.820833 0.306250 0.820833 0.305469 0.821875 0.305469 0.820833 0.303125 0.817708 0.302344 0.817708 0.302344 0.816667 0.301563 0.815625 0.301563 0.813542 0.301563 0.812500 0.300781 0.811458 0.300000 0.810417 0.300781 0.809375 0.301563 0.808333 0.301563 0.804167
0 0.568750 0.647917 0.580469 0.648958 0.581250 0.648958 0.584375 0.653125 0.584375 0.654167 0.582812 0.657292 0.582812 0.658333 0.579688 0.660417 0.578906 0.661458 0.571094 0.661458 0.570312 0.661458 0.567187 0.659375 0.566406 0.658333 0.566406 0.651042 0.566406 0.650000 0.568750 0.647917
0 0.617188 0.839583 0.617969 0.840625 0.618750 0.840625 0.617969 0.841667 0.617969 0.842708 0.617969 0.843750 0.615625 0.846875 0.614844 0.847917 0.614062 0.847917 0.613281 0.847917 0.612500 0.846875 0.611719 0.846875 0.612500 0.846875 0.613281 0.845833 0.613281 0.844792 0.613281 0.843750 0.614062 0.842708 0.614844 0.842708 0.617188 0.839583
0 0.588281 0.841667 0.589063 0.842708 0.589844 0.842708 0.590625 0.843750 0.591406 0.843750 0.590625 0.844792 0.590625 0.845833 0.588281 0.848958 0.587500 0.850000 0.586719 0.848958 0.585938 0.848958 0.585156 0.847917 0.585156 0.846875 0.584375 0.845833 0.585938 0.843750 0.586719 0.842708 0.587500 0.842708 0.588281 0.841667
0 0.642188 0.841667 0.642969 0.842708 0.643750 0.842708 0.644531 0.843750 0.645312 0.843750 0.646094 0.844792 0.647656 0.844792 0.648438 0.844792 0.647656 0.845833 0.646875 0.846875 0.646875 0.847917 0.646094 0.848958 0.645312 0.848958 0.644531 0.847917 0.639844 0.847917 0.639062 0.847917 0.638281 0.848958 0.635938 0.848958 0.635156 0.848958 0.634375 0.850000 0.633594 0.850000 0.632812 0.850000 0.632031 0.851042 0.631250 0.851042 0.630469 0.852083 0.629687 0.852083 0.628906 0.853125 0.628125 0.853125 0.627344 0.854167 0.626563 0.854167 0.625781 0.854167 0.625000 0.855208 0.625000 0.856250 0.624219 0.857292 0.623437 0.858333 0.622656 0.858333 0.621875 0.858333 0.621094 0.859375 0.620313 0.859375 0.619531 0.858333 0.621094 0.856250 0.621875 0.855208 0.621875 0.853125 0.621875 0.852083 0.621094 0.851042 0.621094 0.848958 0.620313 0.847917 0.623437 0.847917 0.624219 0.847917 0.625000 0.848958 0.626563 0.848958 0.627344 0.848958 0.628125 0.847917 0.628125 0.846875 0.628125 0.845833 0.630469 0.845833 0.631250 0.845833 0.632031 0.844792 0.632812 0.844792 0.633594 0.843750 0.639844 0.843750 0.640625 0.843750 0.642188 0.841667
0 0.967969 0.841667 0.969531 0.841667 0.970313 0.841667 0.971094 0.842708 0.971875 0.843750 0.974219 0.843750 0.975000 0.843750 0.975000 0.845833 0.975000 0.846875 0.974219 0.847917 0.974219 0.852083 0.974219 0.853125 0.973437 0.854167 0.972656 0.855208 0.971875 0.855208 0.971094 0.856250 0.971094 0.858333 0.971094 0.859375 0.967969 0.863542 0.967969 0.864583 0.967187 0.865625 0.965625 0.865625 0.964844 0.865625 0.964844 0.864583 0.964063 0.863542 0.963281 0.862500 0.962500 0.862500 0.961719 0.862500 0.963281 0.862500 0.964063 0.861458 0.964063 0.859375 0.964063 0.858333 0.964844 0.857292 0.964844 0.855208 0.964844 0.854167 0.966406 0.854167 0.967187 0.853125 0.967187 0.848958 0.967187 0.847917 0.968750 0.847917 0.969531 0.846875 0.969531 0.843750 0.969531 0.842708 0.968750 0.841667 0.967969 0.841667
0 0.924219 0.845833 0.925781 0.845833 0.926562 0.845833 0.927344 0.846875 0.928125 0.846875 0.928906 0.847917 0.931250 0.847917 0.932031 0.847917 0.932813 0.848958 0.933594 0.848958 0.934375 0.848958 0.934375 0.850000 0.935937 0.852083 0.936719 0.852083 0.936719 0.853125 0.937500 0.854167 0.938281 0.854167 0.939063 0.854167 0.939844 0.855208 0.939844 0.856250 0.940625 0.857292 0.941406 0.858333 0.942187 0.858333 0.942969 0.858333 0.943750 0.859375 0.944531 0.860417 0.943750 0.860417 0.942969 0.861458 0.942187 0.861458 0.941406 0.862500 0.939844 0.862500 0.939063 0.862500 0.937500 0.864583 0.936719 0.865625 0.932813 0.865625 0.932031 0.865625 0.932031 0.863542 0.932031 0.862500 0.931250 0.861458 0.930469 0.860417 0.929688 0.860417 0.928125 0.858333 0.927344 0.858333 0.927344 0.854167 0.927344 0.853125 0.926562 0.852083 0.925781 0.851042 0.923438 0.851042 0.922656 0.851042 0.922656 0.850000 0.922656 0.848958 0.923438 0.847917 0.924219 0.846875 0.924219 0.845833
0 0.987500 0.853125 0.988281 0.853125 0.989062 0.853125 0.989844 0.854167 0.991406 0.854167 0.992188 0.854167 0.992188 0.855208 0.992188 0.856250 0.992969 0.857292 0.994531 0.857292 0.995313 0.857292 0.995313 0.859375 0.995313 0.860417 0.994531 0.861458 0.992969 0.861458 0.992188 0.861458 0.991406 0.862500 0.991406 0.863542 0.990625 0.862500 0.989844 0.862500 0.989062 0.861458 0.988281 0.861458 0.987500 0.861458 0.987500 0.860417 0.986719 0.859375 0.985938 0.858333 0.985938 0.856250 0.985156 0.855208 0.985938 0.855208 0.987500 0.853125
0 0.666406 0.304167 0.670312 0.304167 0.671094 0.304167 0.671875 0.305208 0.672656 0.305208 0.673438 0.306250 0.674219 0.306250 0.675000 0.307292 0.677344 0.307292 0.678125 0.308333 0.679688 0.308333 0.680469 0.308333 0.681250 0.307292 0.682031 0.306250 0.685937 0.306250 0.686719 0.306250 0.687500 0.305208 0.689844 0.305208 0.690625 0.305208 0.691406 0.306250 0.692187 0.307292 0.692187 0.308333 0.692187 0.309375 0.694531 0.312500 0.694531 0.313542 0.693750 0.314583 0.693750 0.315625 0.693750 0.316667 0.692969 0.317708 0.692187 0.317708 0.689844 0.320833 0.689063 0.321875 0.689063 0.322917 0.689063 0.323958 0.688281 0.325000 0.687500 0.325000 0.685156 0.328125 0.684375 0.329167 0.683594 0.329167 0.682813 0.329167 0.682031 0.330208 0.681250 0.330208 0.680469 0.331250 0.679688 0.331250 0.678906 0.331250 0.678125 0.330208 0.677344 0.329167 0.671875 0.329167 0.671094 0.329167 0.670312 0.328125 0.668750 0.328125 0.667969 0.328125 0.665625 0.325000 0.664844 0.325000 0.664844 0.321875 0.665625 0.320833 0.665625 0.314583 0.666406 0.313542 0.666406 0.304167
0 0.153906 0.243750 0.157031 0.243750 0.157812 0.243750 0.158594 0.244792 0.159375 0.244792 0.158594 0.244792 0.157812 0.244792 0.157031 0.245833 0.157031 0.247917 0.157031 0.248958 0.156250 0.250000 0.152344 0.250000 0.151562 0.251042 0.150781 0.250000 0.150000 0.250000 0.149219 0.250000 0.150000 0.250000 0.150781 0.250000 0.151562 0.248958 0.151562 0.247917 0.152344 0.247917 0.153125 0.246875 0.153906 0.245833 0.153906 0.243750
0 0.607031 0.855208 0.607812 0.855208 0.608594 0.855208 0.609375 0.856250 0.610156 0.856250 0.610938 0.856250 0.613281 0.859375 0.614062 0.860417 0.614844 0.860417 0.615625 0.860417 0.614062 0.860417 0.613281 0.860417 0.612500 0.861458 0.612500 0.862500 0.611719 0.863542 0.611719 0.864583 0.610938 0.865625 0.596094 0.865625 0.595313 0.865625 0.595313 0.864583 0.594531 0.863542 0.593750 0.863542 0.593750 0.861458 0.593750 0.860417 0.595313 0.860417 0.596094 0.861458 0.598437 0.861458 0.599219 0.861458 0.600000 0.860417 0.601562 0.860417 0.602344 0.860417 0.603125 0.859375 0.603906 0.859375 0.604688 0.858333 0.604688 0.857292 0.604688 0.856250 0.605469 0.856250 0.606250 0.856250 0.607031 0.855208
