0 0.590625 0.267708 0.589844 0.266667 0.587500 0.259375 0.583594 0.254167 0.582812 0.254167 0.571875 0.245833 0.571094 0.245833 0.567984 0.244797 0.566989 0.242946 0.566868 0.242347 0.566071 0.240991 0.564126 0.236351 0.563289 0.235235 0.562701 0.234157 0.558968 0.229180 0.556336 0.226256 0.553554 0.224886 0.551949 0.223331 0.548789 0.222194 0.544841 0.222194 0.542887 0.222892 0.542229 0.223331 0.540585 0.225378 0.535847 0.225704 0.532780 0.225265 0.531659 0.223916 0.529705 0.223218 0.529047 0.223218 0.527094 0.223916 0.526546 0.224354 0.524791 0.226256 0.523954 0.227372 0.523256 0.227864 0.522897 0.228342 0.522378 0.228595 0.521391 0.229619 0.519632 0.231964 0.519084 0.233280 0.516452 0.236790 0.513929 0.241030 0.512942 0.242347 0.511187 0.246149 0.510778 0.247572 0.510200 0.248781 0.509677 0.251385 0.510200 0.253989 0.510938 0.254972 0.510938 0.263824 0.510274 0.267684 0.509891 0.268947 0.509367 0.271551 0.509367 0.274069 0.510340 0.278351 0.510937 0.279146 0.510938 0.281250 0.509742 0.282982 0.508888 0.283287 0.507458 0.285193 0.507129 0.286217 0.506496 0.289698 0.506496 0.296718 0.507239 0.300346 0.507678 0.301369 0.509217 0.303422 0.510862 0.305176 0.511959 0.306639 0.513056 0.307662 0.514153 0.309125 0.515947 0.310787 0.516346 0.311318 0.516975 0.311718 0.517333 0.312196 0.518909 0.313565 0.520075 0.314828 0.521716 0.317016 0.523910 0.320964 0.525339 0.322871 0.526326 0.323748 0.527419 0.325059 0.528695 0.327638 0.528955 0.328569 0.531325 0.333044 0.531502 0.344975 0.532026 0.347579 0.533455 0.349485 0.533696 0.349571 0.533858 0.351799 0.534382 0.354403 0.534533 0.355010 0.534837 0.355414 0.535292 0.356628 0.536905 0.358778 0.537264 0.359661 0.539300 0.362377 0.539507 0.362451 0.541424 0.365208 0.541631 0.365282 0.542334 0.366219 0.542748 0.366367 0.543244 0.367028 0.543658 0.367176 0.544912 0.368242 0.545327 0.368390 0.547243 0.369731 0.547946 0.370668 0.548401 0.370871 0.548856 0.371477 0.550428 0.372563 0.551131 0.373298 0.553007 0.374383 0.553558 0.374915 0.554427 0.375266 0.554620 0.375522 0.557046 0.376533 0.559000 0.377231 0.561882 0.377231 0.565958 0.375927 0.567020 0.375118 0.568753 0.372807 0.569360 0.371594 0.569622 0.370434 0.569815 0.370178 0.570078 0.369221 0.570573 0.368560 0.570684 0.368007 0.571331 0.366740 0.572697 0.364515 0.573543 0.361855 0.574062 0.360875 0.574237 0.360003 0.574517 0.359257 0.574820 0.358853 0.575027 0.357969 0.576034 0.355212 0.578377 0.344316 0.579136 0.339758 0.580501 0.333395 0.581453 0.328166 0.582005 0.326218 0.582556 0.325281 0.584528 0.319820 0.585134 0.318607 0.585438 0.317596 0.585741 0.317191 0.585852 0.316639 0.586348 0.315978 0.586954 0.314158 0.587478 0.311554 0.587781 0.309329 0.587781 0.307913 0.587352 0.305776 0.589844 0.287500 0.589844 0.286458
0 0.355687 0.490039 0.355687 0.486044 0.355164 0.483440 0.353480 0.481004 0.353166 0.479445 0.352310 0.477733 0.351559 0.476731 0.351311 0.475640 0.350988 0.475209 0.350598 0.473928 0.350222 0.473427 0.349599 0.472026 0.347599 0.469358 0.346819 0.469080 0.346457 0.468597 0.345302 0.468008 0.344230 0.466578 0.343802 0.465817 0.343560 0.464979 0.343560 0.453894 0.343379 0.452997 0.344463 0.451362 0.345557 0.445484 0.346317 0.444895 0.347161 0.440764 0.347161 0.437482 0.346877 0.435562 0.346888 0.434739 0.346382 0.433820 0.345852 0.431981 0.343937 0.429428 0.342303 0.428706 0.341779 0.428168 0.341122 0.427934 0.339270 0.426596 0.338575 0.426316 0.336876 0.425022 0.336193 0.424272 0.335056 0.423566 0.330535 0.418346 0.327655 0.416772 0.325472 0.415316 0.324015 0.413274 0.322705 0.412604 0.319660 0.411583 0.318689 0.411421 0.316562 0.411421 0.315656 0.411097 0.314807 0.411097 0.310924 0.410127 0.308951 0.409803 0.307527 0.409318 0.306823 0.409318 0.303160 0.408186 0.299035 0.407700 0.297821 0.407377 0.296300 0.407215 0.293939 0.406568 0.291027 0.406406 0.286659 0.405436 0.283505 0.405436 0.283020 0.405597 0.279744 0.405759 0.276456 0.406942 0.274151 0.408075 0.273666 0.408398 0.271872 0.410790 0.271265 0.412731 0.270899 0.414553 0.267064 0.420803 0.265880 0.420803 0.264336 0.420480 0.261788 0.420480 0.259835 0.421178 0.259471 0.421340 0.258500 0.422472 0.256342 0.425349 0.255819 0.427953 0.255819 0.429732 0.256239 0.431824 0.256250 0.434375 0.255469 0.435417 0.253906 0.440625 0.253125 0.441667 0.246875 0.453125 0.246094 0.453125 0.236923 0.457201 0.234732 0.457201 0.232779 0.457899 0.230864 0.460290 0.230341 0.462895 0.230341 0.465645 0.230583 0.468189 0.230583 0.472115 0.230705 0.472719 0.230705 0.474057 0.231228 0.476661 0.231956 0.478440 0.232761 0.479675 0.234504 0.483940 0.236158 0.486955 0.237052 0.489764 0.238481 0.491670 0.240920 0.492530 0.242772 0.492691 0.243743 0.493023 0.245563 0.494156 0.247581 0.496199 0.249777 0.497059 0.252446 0.496897 0.256702 0.495395 0.257031 0.495833 0.257909 0.500385 0.255792 0.503736 0.255045 0.503459 0.254303 0.503730 0.254071 0.504038 0.253589 0.504300 0.252329 0.505981 0.251914 0.506898 0.251021 0.507534 0.250474 0.508264 0.250271 0.509253 0.250271 0.510585 0.250617 0.512145 0.250902 0.512716 0.251877 0.513825 0.257014 0.516869 0.259636 0.518082 0.259867 0.518391 0.260349 0.518653 0.260723 0.519152 0.261313 0.519367 0.261722 0.519723 0.262293 0.520484 0.262721 0.520674 0.264148 0.522006 0.264915 0.522458 0.265289 0.522957 0.265717 0.523147 0.266145 0.523718 0.267198 0.524550 0.268571 0.526001 0.270740 0.527033 0.271502 0.527032 0.272594 0.527413 0.274449 0.527413 0.275191 0.527142 0.275886 0.526596 0.276476 0.526381 0.276986 0.525891 0.277760 0.525620 0.279900 0.524098 0.280875 0.522798 0.281028 0.522404 0.282813 0.521875 0.285941 0.526046 0.286144 0.527554 0.286691 0.528284 0.289573 0.529315 0.290336 0.529315 0.292141 0.529886 0.293047 0.529886 0.295502 0.530532 0.296708 0.530076 0.298134 0.530076 0.299226 0.529696 0.300559 0.529506 0.302222 0.528935 0.303270 0.528935 0.303792 0.528744 0.305839 0.528745 0.308864 0.527903 0.309862 0.527142 0.310237 0.526643 0.311289 0.526191 0.311663 0.525692 0.313857 0.524098 0.314178 0.523671 0.314856 0.523337 0.315177 0.522910 0.315855 0.522576 0.316175 0.522149 0.316996 0.521625 0.317852 0.520674 0.319422 0.518391 0.320652 0.517131 0.320961 0.516909 0.323099 0.516338 0.325781 0.513542 0.326730 0.512783 0.330807 0.511813 0.338655 0.510672 0.339802 0.510367 0.340577 0.510367 0.342530 0.509669 0.343561 0.509119 0.344511 0.507853 0.344511 0.505827 0.343281 0.504186 0.342757 0.501582 0.343281 0.498978 0.343630 0.498512 0.343508 0.498239 0.343981 0.497608 0.344239 0.497700 0.344710 0.497072 0.346663 0.496374 0.348596 0.497028 0.349655 0.496649 0.350803 0.497022 0.351309 0.496832 0.351489 0.496591 0.352307 0.496262 0.353021 0.495691 0.355164 0.492643
0 0.537491 0.803553 0.537491 0.802464 0.537355 0.801908 0.536123 0.799485 0.535682 0.797893 0.533841 0.795019 0.531641 0.793594 0.531012 0.792923 0.527956 0.790441 0.525827 0.789758 0.524090 0.789758 0.524056 0.789928 0.523341 0.790063 0.522234 0.791766 0.521815 0.792929 0.521391 0.793608 0.518810 0.794495 0.517096 0.796049 0.516779 0.797629 0.516527 0.801681 0.516136 0.803843 0.515318 0.806022 0.514904 0.806659 0.515051 0.807377 0.515002 0.807986 0.514375 0.809239 0.514046 0.810732 0.514046 0.811654 0.514312 0.812978 0.515255 0.815828 0.515864 0.816641 0.517334 0.817594 0.518146 0.819012 0.519196 0.820412 0.521195 0.821186 0.523583 0.821102 0.524125 0.820872 0.524526 0.821018 0.527857 0.820934 0.528977 0.820412 0.530423 0.818401 0.531554 0.817814 0.533754 0.815887 0.534149 0.815359 0.535011 0.815132 0.535514 0.814629 0.536580 0.813066 0.536566 0.812133 0.536815 0.811638 0.537269 0.809726 0.537458 0.807128 0.537312 0.805915 0.537428 0.803859
0 0.683594 0.064583 0.682813 0.065625 0.680556 0.066410 0.680163 0.066828 0.679276 0.067215 0.678906 0.067708 0.677933 0.067708 0.675480 0.068489 0.674035 0.068703 0.671386 0.068703 0.670503 0.068917 0.661110 0.069024 0.658836 0.068219 0.657822 0.067295 0.656588 0.066507 0.655158 0.064600 0.654635 0.061889 0.655158 0.059285 0.656225 0.057863 0.658594 0.053125 0.659375 0.052083 0.664655 0.050675 0.665281 0.050899 0.667069 0.050899 0.669753 0.049984 0.670285 0.049601 0.671798 0.049044 0.672785 0.049163 0.673206 0.048815 0.674047 0.048515 0.674789 0.048515 0.676172 0.048021 0.677407 0.047903 0.679601 0.048708 0.680324 0.049351 0.680805 0.049565 0.683439 0.053184 0.684203 0.056537 0.684203 0.057063 0.684375 0.057292
0 0.479471 0.617139 0.479471 0.610889 0.477127 0.607764 0.473221 0.607764 0.471890 0.609095 0.471386 0.609275 0.469531 0.611653 0.469008 0.614257 0.469008 0.615013 0.469366 0.616794 0.469314 0.617139 0.469531 0.617617 0.471740 0.620467 0.473835 0.621259 0.476000 0.620562 0.477127 0.619222
0 0.114062 0.827083 0.113281 0.828125 0.112701 0.828280 0.112316 0.828566 0.108552 0.831767 0.107071 0.832492 0.106329 0.832221 0.105157 0.830583 0.104077 0.828689 0.103703 0.827169 0.103647 0.826391 0.099219 0.814583 0.098437 0.813542 0.099188 0.807540 0.100519 0.804522 0.101347 0.801285 0.103189 0.797249 0.105540 0.794114 0.106822 0.792708 0.109375 0.792708 0.114844 0.801042 0.114062 0.810417 0.113281 0.811458 0.114844 0.823958 0.114844 0.825000
0 0.215625 0.527083 0.215625 0.520833 0.214844 0.519792 0.211719 0.514583 0.210938 0.514583 0.203906 0.512500 0.200000 0.513542 0.196875 0.517708 0.196875 0.518750 0.200781 0.526042 0.201563 0.526042 0.204243 0.527829 0.205284 0.527443 0.206687 0.527176 0.207890 0.527176 0.211339 0.528315 0.212278 0.529167 0.213281 0.529167 0.214062 0.528125
0 0.064794 0.632556 0.064718 0.627096 0.064129 0.626529 0.062848 0.624743 0.061877 0.624101 0.061454 0.624082 0.059846 0.624512 0.058757 0.625034 0.055656 0.627227 0.053888 0.628809 0.052382 0.630661 0.051625 0.631981 0.050642 0.634166 0.051058 0.637922 0.051900 0.639530 0.055380 0.640289 0.057955 0.641477 0.058594 0.640625 0.060937 0.640625 0.061719 0.639583 0.064062 0.637500 0.064062 0.636458
0 0.355538 0.556644 0.352336 0.558584 0.349425 0.557808 0.349134 0.557032 0.349134 0.551987 0.350881 0.549270 0.351172 0.544613 0.352627 0.543837 0.355829 0.543837 0.358448 0.546554 0.360195 0.549658 0.360486 0.553927 0.357866 0.554703
0 0.604660 0.071342 0.603136 0.074005 0.600419 0.075938 0.599332 0.075938 0.598607 0.075455 0.597158 0.072314 0.596614 0.069657 0.594259 0.067483 0.593353 0.062652 0.596614 0.059512 0.600237 0.058063 0.601325 0.058063 0.601868 0.060237
0 0.705007 0.045432 0.705007 0.041357 0.704352 0.040483 0.703490 0.037322 0.702793 0.033884 0.700986 0.031348 0.700703 0.031096 0.698749 0.030398 0.698277 0.030398 0.696324 0.031096 0.694423 0.033506 0.694139 0.034136 0.693616 0.036740 0.693616 0.039509 0.694309 0.043103 0.696055 0.050090 0.697584 0.052419 0.702605 0.052419 0.704352 0.048052
0 0.660931 0.171875 0.660806 0.169761 0.660561 0.168549 0.660186 0.167881 0.659597 0.167097 0.658930 0.166652 0.658188 0.166381 0.657112 0.166652 0.655980 0.167514 0.654528 0.169283 0.654298 0.170042 0.654381 0.172153 0.654095 0.173699 0.653465 0.174539 0.652597 0.174866 0.652344 0.174788 0.651892 0.175502 0.651689 0.176492 0.651689 0.177270 0.652142 0.179261 0.652815 0.180102 0.655735 0.181158 0.656986 0.183161 0.657770 0.183432 0.658513 0.183161 0.659059 0.182432 0.659263 0.181442 0.659170 0.174088 0.660140 0.173649 0.660728 0.172864
0 0.215532 0.834127 0.215329 0.832703 0.214649 0.831925 0.214468 0.831501 0.214225 0.830258 0.214359 0.829606 0.214359 0.828650 0.214156 0.827660 0.213087 0.826236 0.212345 0.825965 0.211367 0.825965 0.210364 0.826323 0.208538 0.827974 0.207991 0.828704 0.207470 0.829921 0.207266 0.830910 0.207266 0.832562 0.207730 0.835030 0.208342 0.835933 0.208980 0.836236 0.210159 0.837225 0.210525 0.838571 0.210266 0.839778 0.210201 0.840919 0.208563 0.840832 0.207821 0.841102 0.207209 0.841919 0.207006 0.842908 0.207006 0.843691 0.207209 0.844680 0.207756 0.845409 0.208498 0.845680 0.209240 0.845409 0.209624 0.844898 0.211236 0.844898 0.212239 0.844453 0.212786 0.843724 0.212982 0.843376 0.213185 0.842386 0.213185 0.840792 0.213511 0.838909 0.213511 0.838039 0.213324 0.837128 0.214261 0.836715 0.214522 0.836454 0.215134 0.835638 0.215329 0.835117
0 0.662549 0.728401 0.662549 0.727852 0.662294 0.726656 0.661747 0.725927 0.660543 0.725420 0.658862 0.724415 0.657759 0.724076 0.656986 0.724145 0.655729 0.724622 0.655130 0.725419 0.654927 0.726409 0.654927 0.727233 0.655236 0.728811 0.655185 0.730578 0.654515 0.734790 0.654309 0.737812 0.654512 0.738871 0.655059 0.739600 0.655801 0.739871 0.656543 0.739600 0.657090 0.738871 0.658584 0.735024 0.658797 0.734672 0.659326 0.734448 0.659995 0.733829 0.660697 0.732894 0.661315 0.731452 0.662088 0.730146 0.662346 0.729391
