0 0.639011 0.628613 0.638468 0.631825 0.636719 0.634025 0.636719 0.652743 0.638222 0.654154 0.638946 0.655986 0.638458 0.657198 0.637349 0.657291 0.636767 0.663673 0.635543 0.664630 0.633471 0.663066 0.629298 0.668414 0.628774 0.671416 0.627493 0.673693 0.624507 0.674688 0.624450 0.676640 0.625836 0.678169 0.625513 0.679898 0.626255 0.681957 0.626072 0.683979 0.621909 0.690938 0.619370 0.696832 0.617188 0.698958 0.617491 0.705312 0.621401 0.706677 0.624390 0.710813 0.625171 0.716219 0.624772 0.719731 0.625559 0.721574 0.625587 0.723678 0.623135 0.728469 0.610854 0.744903 0.610175 0.748487 0.607769 0.749010 0.606681 0.750151 0.601885 0.748881 0.601228 0.748043 0.600875 0.746176 0.601857 0.743953 0.600377 0.742878 0.600112 0.741772 0.601288 0.740543 0.601712 0.738738 0.601264 0.734405 0.599918 0.732610 0.596537 0.730328 0.590625 0.721875 0.589556 0.721875 0.586738 0.724106 0.585091 0.723699 0.581251 0.720808 0.579868 0.716287 0.576562 0.711458 0.563445 0.712575 0.560862 0.711465 0.558949 0.708570 0.556987 0.707263 0.549391 0.703716 0.547742 0.701517 0.548421 0.699568 0.547656 0.678125 0.549219 0.675000 0.549219 0.670833 0.550000 0.669792 0.548438 0.661458 0.551562 0.647917 0.557874 0.638460 0.558151 0.636349 0.559093 0.635295 0.563047 0.633947 0.564141 0.635002 0.563795 0.637500 0.564844 0.637500 0.576562 0.628125 0.582031 0.628125 0.593750 0.614583 0.595140 0.611919 0.595140 0.609846 0.596109 0.607154 0.603125 0.598958 0.609375 0.588542 0.610156 0.580208 0.613232 0.573030 0.613187 0.571655 0.614244 0.570867 0.616199 0.571034 0.616725 0.572269 0.618885 0.572589 0.619724 0.571863 0.624511 0.572038 0.626190 0.570873 0.633372 0.570803 0.634566 0.571559 0.634568 0.572852 0.635865 0.573573 0.635759 0.577064 0.634520 0.578061 0.632372 0.582080 0.631844 0.585378 0.632944 0.587056 0.632544 0.589677 0.631452 0.590542 0.629889 0.590408 0.629444 0.588715 0.628523 0.588715 0.625781 0.592708 0.625180 0.595112 0.625430 0.600386 0.624219 0.603125 0.625146 0.604362 0.628267 0.604712 0.628823 0.606792 0.626641 0.607444 0.624638 0.609843 0.622864 0.610504 0.622403 0.611786 0.623194 0.613325 0.625479 0.613340 0.630192 0.615672 0.631792 0.618686 0.632812 0.623958 0.635300 0.626445 0.635978 0.624502 0.637417 0.624529 0.639011 0.628613
0 0.869341 0.355766 0.869164 0.351299 0.868475 0.348098 0.868052 0.346923 0.866406 0.344792 0.862500 0.340625 0.861719 0.340625 0.853912 0.336840 0.853840 0.336484 0.853257 0.335613 0.852796 0.335446 0.851559 0.335660 0.851153 0.336155 0.851091 0.336458 0.846875 0.336458 0.846838 0.336285 0.847154 0.335773 0.847973 0.333497 0.848167 0.332369 0.848593 0.332215 0.848929 0.331767 0.849055 0.331153 0.848929 0.330356 0.847842 0.328816 0.846903 0.328375 0.846169 0.328543 0.845487 0.329362 0.844769 0.329772 0.843370 0.330272 0.842966 0.330811 0.842772 0.331699 0.842840 0.335024 0.841406 0.336458 0.837500 0.336458 0.836719 0.335417 0.829688 0.331250 0.824219 0.331250 0.817969 0.333333 0.817769 0.333600 0.817270 0.333382 0.816605 0.333550 0.816269 0.333998 0.816143 0.335249 0.816384 0.336517 0.815625 0.338542 0.815625 0.339954 0.815313 0.340461 0.814914 0.341804 0.814914 0.344626 0.815313 0.346151 0.816468 0.347965 0.817151 0.348420 0.817955 0.348587 0.818750 0.350000 0.818750 0.351042 0.818210 0.353922 0.817902 0.354033 0.817361 0.354754 0.816815 0.356484 0.816212 0.359648 0.816143 0.362561 0.817156 0.367636 0.818255 0.369920 0.818815 0.372723 0.818983 0.377480 0.819150 0.378374 0.819610 0.379488 0.822369 0.383446 0.824443 0.385989 0.825169 0.387292 0.826216 0.388353 0.827429 0.388520 0.828016 0.388297 0.829103 0.387405 0.830023 0.386346 0.832070 0.386513 0.835112 0.386400 0.850924 0.392708 0.853055 0.394290 0.854527 0.394778 0.855780 0.394778 0.856434 0.394547 0.857416 0.393686 0.857992 0.393536 0.858452 0.391456 0.859195 0.390299 0.858997 0.389801 0.862460 0.384343 0.862814 0.384436 0.863275 0.384269 0.865732 0.383113 0.867755 0.381121 0.868284 0.380224 0.868458 0.378838 0.868284 0.377838 0.868070 0.377425 0.868506 0.375755 0.868506 0.374791 0.868284 0.373727 0.867804 0.373022 0.867150 0.372791 0.866406 0.372791 0.866406 0.369792 0.867188 0.368750 0.867766 0.364896 0.868263 0.364280 0.868792 0.362728 0.869235 0.360045 0.869340 0.355766
0 0.545536 0.475596 0.545438 0.474163 0.545166 0.472962 0.544586 0.472188 0.543750 0.472021 0.544531 0.470869 0.545109 0.469459 0.545255 0.464807 0.544342 0.463459 0.543609 0.462807 0.543025 0.462575 0.541406 0.460417 0.540625 0.460417 0.534375 0.455208 0.525754 0.454350 0.524805 0.454053 0.524224 0.453019 0.523904 0.451492 0.524001 0.449366 0.523577 0.448931 0.521897 0.448255 0.521128 0.446838 0.520498 0.445999 0.520038 0.445832 0.519283 0.445999 0.518850 0.446513 0.518593 0.447917 0.514844 0.447917 0.510156 0.453125 0.510156 0.454167 0.508334 0.457406 0.507922 0.459575 0.507156 0.461873 0.506652 0.462672 0.506581 0.463022 0.505719 0.464299 0.504809 0.465258 0.503401 0.466176 0.503125 0.466667 0.502303 0.466703 0.497656 0.470833 0.497656 0.471875 0.492188 0.483333 0.492188 0.487500 0.492879 0.488423 0.492878 0.489602 0.493052 0.490412 0.494531 0.492708 0.496124 0.494704 0.499141 0.496381 0.500668 0.497440 0.503062 0.500372 0.503718 0.500604 0.504517 0.500598 0.506250 0.502083 0.508828 0.502083 0.509386 0.502298 0.510852 0.502298 0.511997 0.502000 0.512510 0.501251 0.513805 0.500828 0.514510 0.500213 0.515564 0.499916 0.517234 0.498958 0.520178 0.498958 0.521091 0.500046 0.521796 0.500278 0.523800 0.500278 0.524456 0.500046 0.525003 0.499260 0.526508 0.498873 0.527192 0.498417 0.527675 0.497774 0.527898 0.496760 0.528376 0.496565 0.530381 0.496500 0.530912 0.497114 0.531471 0.497347 0.532811 0.497049 0.533349 0.496724 0.534662 0.494972 0.536427 0.494248 0.537550 0.493597 0.539456 0.492163 0.540427 0.491064 0.540601 0.489798 0.540476 0.489183 0.540310 0.488962 0.541406 0.487500 0.541406 0.486458 0.543402 0.478475 0.544586 0.477571 0.545118 0.476862 0.545362 0.476406 0.545536 0.475596
0 0.908923 0.000406 0.908828 0.000000 0.896094 0.000000 0.895942 0.000809 0.896034 0.001656 0.896034 0.009897 0.895931 0.010404 0.896056 0.011019 0.896392 0.011467 0.896853 0.011634 0.897392 0.011407 0.898901 0.011420 0.899605 0.012983 0.900074 0.013565 0.900535 0.013732 0.902510 0.013509 0.903340 0.013163 0.904948 0.011019 0.905718 0.009635 0.905919 0.008966 0.906144 0.007503 0.906144 0.006684 0.907813 0.003125 0.907813 0.002379 0.908798 0.001020
0 0.076253 0.696659 0.076091 0.697334 0.074713 0.699160 0.074192 0.700187 0.073254 0.701559 0.072862 0.701961 0.071856 0.702136 0.071540 0.703080 0.071084 0.703689 0.069848 0.704452 0.068794 0.706099 0.067729 0.706588 0.067197 0.707104 0.066615 0.707311 0.065909 0.707320 0.064632 0.708153 0.064229 0.709011 0.063886 0.710714 0.063675 0.711156 0.062767 0.712247 0.061824 0.712574 0.061040 0.712615 0.060218 0.712126 0.059777 0.711458 0.056244 0.711458 0.056142 0.711959 0.055806 0.712407 0.055224 0.712615 0.052964 0.712494 0.052202 0.712166 0.050792 0.710431 0.050153 0.710318 0.049604 0.709581 0.049258 0.709641 0.048797 0.709474 0.048461 0.709026 0.048336 0.708412 0.048461 0.707797 0.048639 0.707560 0.048438 0.707292 0.050864 0.696938 0.051561 0.695566 0.051874 0.694426 0.052827 0.691990 0.053495 0.688965 0.053374 0.686715 0.053098 0.685618 0.052720 0.684994 0.051562 0.671875 0.050781 0.670833 0.051562 0.664583 0.051562 0.663542 0.056250 0.657292 0.062500 0.657292 0.066406 0.659375 0.067187 0.660417 0.067249 0.660947 0.066871 0.660606 0.066230 0.660489 0.067736 0.661356 0.068461 0.662495 0.068629 0.663340 0.068586 0.664263 0.068374 0.665223 0.067849 0.666153 0.068750 0.674389 0.069422 0.674556 0.070060 0.675350 0.070229 0.676656 0.069736 0.678193 0.071258 0.683121 0.072491 0.684067 0.073087 0.684919 0.073342 0.686225 0.073270 0.691990 0.073568 0.693872 0.073904 0.694320 0.074365 0.694487 0.074826 0.694320 0.075162 0.693872 0.075523 0.692470 0.076253 0.692700 0.076296 0.696428
0 0.144061 0.866682 0.143653 0.859037 0.141848 0.858175 0.140021 0.854758 0.136787 0.853360 0.136045 0.849910 0.136719 0.844792 0.134375 0.841667 0.130601 0.841667 0.129721 0.844190 0.125470 0.847621 0.123339 0.847621 0.122032 0.846288 0.119839 0.846535 0.118248 0.847508 0.116730 0.851505 0.111764 0.852639 0.109693 0.859963 0.107959 0.862891 0.107885 0.865322 0.109838 0.866677 0.143734 0.866800
0 0.067133 0.495752 0.066992 0.494383 0.066488 0.493754 0.065523 0.493567 0.064812 0.485375 0.064821 0.483176 0.064516 0.481686 0.061719 0.478125 0.059893 0.478125 0.057645 0.478956 0.054988 0.479387 0.053125 0.481250 0.053125 0.482844 0.053710 0.483030 0.054085 0.483530 0.054280 0.484179 0.054420 0.484856 0.054280 0.486009 0.053905 0.486509 0.053299 0.486739 0.052960 0.487119 0.052702 0.489310 0.052139 0.491284 0.051602 0.491914 0.049494 0.492761 0.048550 0.494009 0.048287 0.498606 0.048428 0.499716 0.048965 0.500432 0.050306 0.501178 0.052407 0.503763 0.052406 0.504616 0.052547 0.505293 0.053051 0.506010 0.053689 0.506284 0.055499 0.506226 0.056007 0.506413 0.056382 0.506913 0.056925 0.510266 0.057281 0.511261 0.057883 0.512106 0.058456 0.512337 0.059450 0.512106 0.060284 0.511168 0.060937 0.511458 0.061688 0.511155 0.062097 0.510492 0.062628 0.510247 0.063036 0.509704 0.063209 0.508940 0.063274 0.507340 0.063133 0.506663 0.062758 0.506163 0.062500 0.506068 0.062500 0.504936 0.062265 0.503622 0.062265 0.502844 0.062567 0.501691 0.063202 0.500845 0.063456 0.500751 0.065171 0.497891 0.066012 0.497938 0.066520 0.497751 0.066895 0.497251 0.067100 0.495912
0 0.175922 0.514106 0.175922 0.511554 0.175141 0.509455 0.174210 0.509369 0.167187 0.504167 0.164136 0.504167 0.162912 0.505232 0.159151 0.505733 0.157405 0.507093 0.155829 0.509356 0.154619 0.511293 0.153740 0.513832 0.154121 0.516732 0.154857 0.517990 0.154688 0.527083 0.159375 0.533333 0.167187 0.532292 0.169531 0.530208 0.170140 0.524011 0.170757 0.523350 0.172512 0.522922 0.175197 0.517618 0.175895 0.514238
0 0.387551 0.675315 0.387248 0.676502 0.386160 0.677808 0.385592 0.678071 0.385060 0.677904 0.384724 0.677456 0.384616 0.676926 0.382731 0.676926 0.382270 0.676759 0.381934 0.676311 0.381809 0.675697 0.382026 0.674939 0.381511 0.674205 0.380979 0.673990 0.380335 0.673990 0.379302 0.674348 0.378551 0.675016 0.378068 0.675707 0.376308 0.676098 0.375682 0.676902 0.375221 0.677069 0.373361 0.677165 0.372367 0.676974 0.371094 0.677083 0.370396 0.676807 0.370060 0.676359 0.369580 0.674891 0.369029 0.674253 0.366755 0.673727 0.364491 0.673970 0.362345 0.673970 0.361885 0.673803 0.361549 0.673355 0.361424 0.672740 0.361549 0.672126 0.362206 0.671249 0.362540 0.671119 0.364312 0.671204 0.364773 0.671037 0.365753 0.669826 0.366898 0.668252 0.367568 0.666643 0.369544 0.663102 0.370450 0.660893 0.370597 0.660252 0.371004 0.659709 0.371465 0.659541 0.372427 0.659709 0.373335 0.660729 0.373644 0.661748 0.374326 0.661544 0.375130 0.661641 0.375392 0.660580 0.375731 0.657906 0.377601 0.655412 0.379567 0.653927 0.381595 0.653033 0.383620 0.652622 0.383927 0.652826 0.384412 0.652627 0.385088 0.652794 0.385781 0.653624 0.386496 0.654816 0.386801 0.655955 0.386801 0.656765 0.386259 0.658981 0.386783 0.660490 0.387015 0.661677 0.386979 0.662392 0.386175 0.664914 0.385382 0.665431 0.384652 0.666451 0.384455 0.667352 0.384455 0.668067 0.384974 0.670541 0.385937 0.671778 0.385937 0.672039 0.387283 0.673461 0.387552 0.674695 0.387552 0.675315
0 0.948710 0.688187 0.948710 0.686884 0.948407 0.685262 0.947716 0.684280 0.946875 0.683695 0.946932 0.681254 0.946629 0.679632 0.946363 0.678862 0.945385 0.677322 0.944852 0.676196 0.943367 0.673980 0.942969 0.672917 0.940205 0.669408 0.938561 0.667926 0.937433 0.667345 0.936706 0.667512 0.936558 0.667708 0.929030 0.667708 0.928828 0.667978 0.928368 0.668144 0.926638 0.667708 0.925969 0.667171 0.924797 0.666639 0.923814 0.666603 0.923098 0.666771 0.922256 0.665721 0.922944 0.664184 0.923260 0.662732 0.923206 0.661566 0.922834 0.660259 0.921878 0.658328 0.919531 0.655208 0.919004 0.655208 0.918927 0.654831 0.918591 0.654383 0.918021 0.654179 0.916931 0.654346 0.916568 0.654831 0.916491 0.655208 0.916321 0.655208 0.915255 0.657456 0.914652 0.658141 0.913319 0.659149 0.912394 0.659316 0.911986 0.659623 0.911665 0.660168 0.911299 0.661841 0.911033 0.662375 0.909852 0.663889 0.909324 0.664156 0.908801 0.670427 0.909319 0.670652 0.909833 0.671337 0.909958 0.672426 0.909788 0.673159 0.909522 0.673574 0.908964 0.674258 0.908455 0.674583 0.907813 0.682292 0.907031 0.683333 0.904124 0.684626 0.902370 0.684410 0.901687 0.684695 0.901381 0.685103 0.901603 0.688246 0.901514 0.690264 0.901776 0.690613 0.902237 0.690780 0.903626 0.690661 0.904531 0.691442 0.905686 0.692923 0.907508 0.694523 0.909330 0.695531 0.910591 0.695994 0.911719 0.695833 0.914595 0.696153 0.914655 0.696445 0.914990 0.696893 0.915451 0.697060 0.918172 0.697060 0.918991 0.697782 0.920229 0.698171 0.922067 0.697981 0.927552 0.699809 0.927926 0.700949 0.928573 0.701811 0.929345 0.702156 0.929745 0.702156 0.930695 0.701693 0.931457 0.700440 0.933896 0.700000 0.935925 0.700000 0.936972 0.701515 0.937328 0.701752 0.937922 0.701979 0.939166 0.701979 0.939627 0.701811 0.940916 0.700863 0.941894 0.699501 0.942783 0.698789 0.943894 0.697486 0.945538 0.696953 0.946363 0.696031 0.946585 0.695497 0.946995 0.693290 0.948451 0.689691 0.948710 0.688187
0 1.000000 0.841951 0.999907 0.806308 0.998437 0.806250 0.996804 0.809639 0.996954 0.811469 0.997932 0.812774 0.998057 0.813388 0.997932 0.814349 0.997466 0.814854 0.996832 0.815079 0.996263 0.815079 0.994127 0.818442 0.992278 0.820849 0.991406 0.821603 0.992357 0.835228 0.994479 0.835289 0.998391 0.839703 0.998956 0.841490
0 0.896094 0.853125 0.896094 0.852083 0.895312 0.848958 0.894531 0.848958 0.893329 0.848424 0.890930 0.849399 0.889733 0.850276 0.885156 0.852725 0.885156 0.856250 0.886719 0.858333 0.890625 0.858333 0.891406 0.857292
0 0.904737 0.398323 0.904127 0.400498 0.901963 0.403840 0.897849 0.404597 0.897476 0.405094 0.897195 0.405198 0.894531 0.405208 0.889917 0.408284 0.889796 0.408494 0.889718 0.409950 0.889474 0.410275 0.887625 0.410517 0.879687 0.407292 0.875000 0.401042 0.869726 0.398698 0.866090 0.398966 0.865390 0.397019 0.862845 0.397020 0.862353 0.396634 0.862275 0.396259 0.862353 0.395884 0.862665 0.395566 0.862711 0.395289 0.864165 0.394871 0.864682 0.394369 0.864973 0.393491 0.864996 0.392799 0.864635 0.391669 0.863297 0.390154 0.863131 0.389610 0.862491 0.389396 0.861925 0.389396 0.861470 0.389606 0.861213 0.388992 0.861291 0.388554 0.861762 0.387990 0.862986 0.387572 0.863157 0.386994 0.863611 0.386357 0.865112 0.384999 0.865341 0.383234 0.873415 0.375800 0.892969 0.373958 0.896162 0.375175 0.896520 0.375000 0.897704 0.375000 0.898880 0.375556 0.899236 0.376063 0.899363 0.376567 0.899260 0.377425 0.899019 0.378038 0.897792 0.380060 0.895447 0.381994 0.894658 0.382259 0.894018 0.382259 0.891858 0.383477 0.889216 0.383253 0.884892 0.385165 0.883749 0.386414 0.882088 0.386300 0.880988 0.386541 0.880675 0.386913 0.880675 0.387709 0.881141 0.388263 0.882830 0.388991 0.884794 0.390441 0.888843 0.390844 0.889170 0.390187 0.889817 0.389943 0.890653 0.389943 0.891875 0.390396 0.893161 0.391274 0.893788 0.391336 0.897134 0.392851 0.899308 0.392532 0.899969 0.390760 0.901735 0.390521 0.903584 0.392530 0.904738 0.398323
0 0.767969 0.389583 0.767969 0.388542 0.766502 0.383849 0.765718 0.382826 0.765405 0.382636 0.762884 0.382461 0.762392 0.382076 0.762314 0.381701 0.762393 0.381325 0.763476 0.381159 0.764469 0.380457 0.765238 0.380238 0.765449 0.379957 0.765613 0.379329 0.765483 0.378447 0.764754 0.377452 0.764471 0.377349 0.764062 0.376042 0.760156 0.376042 0.758274 0.379007 0.757817 0.381381 0.757249 0.382708 0.756374 0.383810 0.754538 0.384895 0.753837 0.386814 0.752452 0.389546 0.751563 0.392027 0.751563 0.394904 0.752110 0.395134 0.752510 0.395668 0.752683 0.396296 0.752605 0.397239 0.752289 0.397669 0.752659 0.399238 0.752995 0.399516 0.754245 0.399642 0.755095 0.399936 0.755845 0.401000 0.757862 0.400776 0.758086 0.401122 0.758415 0.401226 0.761353 0.401163 0.763198 0.400806 0.763487 0.400151 0.764844 0.400000 0.765648 0.398866 0.766206 0.398813 0.766557 0.398345 0.766705 0.397269 0.766627 0.396894 0.766280 0.396339
0 0.968561 0.066374 0.968436 0.065759 0.968100 0.065312 0.967436 0.064603 0.966975 0.064436 0.965842 0.065754 0.965115 0.066098 0.962927 0.065754 0.962396 0.065400 0.961794 0.064597 0.961470 0.063274 0.961470 0.062389 0.961719 0.061609 0.961719 0.054167 0.960938 0.053125 0.956250 0.047917 0.956250 0.046875 0.954959 0.040852 0.955210 0.039893 0.955085 0.039278 0.954683 0.038742 0.954222 0.038575 0.953026 0.038575 0.952565 0.038742 0.952229 0.039190 0.952149 0.039583 0.948438 0.039583 0.942187 0.042708 0.942187 0.043750 0.940625 0.045833 0.940531 0.049012 0.940277 0.049104 0.939941 0.049552 0.939816 0.050167 0.939816 0.053444 0.939941 0.054058 0.940288 0.054510 0.940092 0.058959 0.940605 0.059471 0.940730 0.060086 0.940664 0.062566 0.940464 0.064426 0.940140 0.066014 0.939675 0.067874 0.938612 0.070266 0.937612 0.071688 0.934287 0.075412 0.934420 0.079836 0.934088 0.081612 0.934088 0.082311 0.934132 0.082503 0.934623 0.082670 0.934959 0.083118 0.935416 0.084796 0.935482 0.085947 0.935482 0.087187 0.935091 0.088953 0.934361 0.090458 0.933594 0.091296 0.933594 0.095833 0.934375 0.096875 0.937500 0.100000 0.946476 0.100000 0.946786 0.099763 0.948443 0.099242 0.950369 0.099242 0.951029 0.099586 0.951365 0.100034 0.951449 0.100443 0.953163 0.101446 0.954155 0.101613 0.954952 0.101436 0.956476 0.100737 0.957140 0.100117 0.958738 0.097455 0.958997 0.096486 0.958997 0.095603 0.959934 0.094090 0.960391 0.092058 0.960458 0.090021 0.960200 0.088964 0.959456 0.088110 0.960156 0.084375 0.963931 0.080008 0.964288 0.081141 0.964740 0.081666 0.965287 0.081833 0.965805 0.081628 0.966141 0.081180 0.966405 0.078866 0.966786 0.077707 0.967102 0.077555 0.967438 0.077107 0.967564 0.076492 0.967438 0.075839 0.967102 0.075391 0.966535 0.075263 0.967187 0.073958 0.967187 0.068790 0.967503 0.068676 0.967905 0.068140 0.968436 0.066989
0 0.697656 0.125000 0.700781 0.126042 0.701562 0.126042 0.707031 0.133333 0.707812 0.134375 0.708594 0.140625 0.709375 0.141667 0.708594 0.151042 0.708594 0.152083 0.700781 0.159375 0.700000 0.160417 0.697656 0.160417 0.696875 0.160417 0.693750 0.156250 0.692969 0.155208 0.690625 0.146875 0.689844 0.145833 0.689844 0.138542 0.689844 0.137500 0.692187 0.132292 0.692187 0.131250 0.697656 0.125000
0 0.683594 0.111458 0.689844 0.112500 0.690625 0.113542 0.692969 0.126042 0.693750 0.127083 0.700781 0.126042 0.701562 0.126042 0.707812 0.135417 0.708594 0.136458 0.709375 0.145833 0.710156 0.146875 0.709375 0.150000 0.709375 0.151042 0.700781 0.159375 0.700000 0.160417 0.697656 0.160417 0.696875 0.160417 0.693750 0.156250 0.692969 0.155208 0.690625 0.147917 0.689844 0.146875 0.689844 0.139583 0.689844 0.138542 0.688281 0.136458 0.687500 0.135417 0.681250 0.132292 0.680469 0.132292 0.678125 0.128125 0.677344 0.127083 0.678906 0.116667 0.678906 0.115625 0.683594 0.111458
0 0.825029 0.310965 0.824804 0.306772 0.824315 0.306228 0.824219 0.305374 0.824086 0.305665 0.823537 0.305093 0.819021 0.305307 0.818644 0.305444 0.818095 0.306184 0.818015 0.307436 0.817616 0.308774 0.816328 0.310170 0.815338 0.310444 0.814896 0.310739 0.814144 0.311769 0.814026 0.312349 0.813592 0.312477 0.813201 0.312946 0.812832 0.314508 0.811967 0.314644 0.811736 0.314979 0.811658 0.316558 0.811957 0.318029 0.812023 0.318180 0.812931 0.318416 0.813202 0.318751 0.813280 0.319126 0.813202 0.319634 0.812931 0.319969 0.811876 0.320037 0.811798 0.320410 0.812057 0.321614 0.812850 0.322778 0.813813 0.323069 0.816453 0.322279 0.816682 0.321947 0.816963 0.321843 0.817969 0.321875 0.821425 0.316758 0.822088 0.314390 0.823383 0.312986 0.824265 0.311621 0.825008 0.310979
0 0.753906 0.257292 0.753906 0.248958 0.753125 0.247917 0.746875 0.243750 0.746381 0.244032 0.744358 0.246729 0.742499 0.248568 0.741978 0.248752 0.740096 0.248912 0.737436 0.249844 0.736456 0.250309 0.735156 0.251473 0.735156 0.257292 0.740523 0.264447 0.742484 0.264222 0.743226 0.264493 0.743773 0.265222 0.744104 0.266726 0.744169 0.269309 0.745576 0.271185 0.745821 0.271885 0.746454 0.272728 0.747196 0.272999 0.747795 0.272999 0.748538 0.272728 0.749170 0.271828 0.749811 0.270049 0.749559 0.268896 0.749559 0.267483 0.749258 0.265573 0.750000 0.264583
0 0.604688 0.296875 0.607031 0.296875 0.607812 0.296875 0.608594 0.300000 0.609375 0.301042 0.609375 0.317708 0.609375 0.318750 0.607812 0.322917 0.607031 0.323958 0.603125 0.325000 0.602344 0.325000 0.600781 0.322917 0.600000 0.321875 0.598437 0.309375 0.598437 0.308333 0.601562 0.301042 0.601562 0.300000 0.604688 0.296875
0 0.985191 0.214611 0.985066 0.211398 0.982812 0.208333 0.979210 0.207079 0.976331 0.206912 0.974826 0.205208 0.969531 0.205208 0.967975 0.209357 0.967667 0.212073 0.967974 0.213474 0.970485 0.217245 0.974345 0.219769 0.981097 0.219829 0.983915 0.218393 0.984511 0.217149 0.984375 0.216087 0.985191 0.214611
0 0.324219 0.244792 0.324219 0.245833 0.321898 0.248427 0.321731 0.249647 0.321577 0.249853 0.320748 0.250183 0.320335 0.250070 0.319754 0.250704 0.318100 0.250735 0.317592 0.250922 0.317217 0.251422 0.317077 0.252099 0.317051 0.253653 0.314782 0.256250 0.314704 0.256628 0.314329 0.257128 0.313580 0.257315 0.312377 0.256985 0.311953 0.256250 0.311719 0.256250 0.310964 0.255579 0.309830 0.254018 0.309006 0.253319 0.307958 0.251771 0.306947 0.250872 0.305209 0.247821 0.304674 0.247107 0.303984 0.246736 0.303843 0.246058 0.303977 0.244087 0.304439 0.243461 0.304567 0.242329 0.304969 0.241793 0.305456 0.241591 0.305537 0.241152 0.305370 0.239619 0.304767 0.238601 0.304636 0.237490 0.305248 0.231374 0.306600 0.228492 0.307162 0.226959 0.307498 0.225419 0.310937 0.220833 0.314063 0.221875 0.314844 0.221875 0.320312 0.229167 0.321015 0.231227 0.321337 0.231346 0.321712 0.231846 0.321909 0.233848 0.321638 0.235008 0.321417 0.235089 0.321042 0.235589 0.320901 0.236302 0.321042 0.236979 0.321470 0.237550 0.323315 0.237973 0.324219 0.240625 0.325000 0.241667
0 0.465105 0.256426 0.465020 0.254976 0.464663 0.254337 0.464024 0.254059 0.462830 0.254006 0.462500 0.253125 0.462509 0.251312 0.462388 0.250841 0.462388 0.249731 0.462492 0.249583 0.462430 0.247677 0.462542 0.247169 0.462708 0.246948 0.463123 0.246856 0.463360 0.246429 0.463446 0.245735 0.463256 0.245041 0.462855 0.244589 0.461742 0.243995 0.461719 0.243750 0.460938 0.243750 0.455469 0.240625 0.449365 0.240625 0.448946 0.240989 0.447988 0.242371 0.446656 0.245535 0.445327 0.247530 0.444582 0.248023 0.443953 0.248668 0.442413 0.250749 0.441393 0.251059 0.440625 0.252083 0.440625 0.253125 0.441406 0.256250 0.442823 0.258139 0.443506 0.258303 0.445854 0.258302 0.446225 0.258470 0.446460 0.258783 0.446546 0.259308 0.446296 0.260214 0.445858 0.260745 0.445218 0.260829 0.445367 0.262153 0.445849 0.262218 0.446280 0.262491 0.446839 0.262506 0.446953 0.262645 0.447038 0.263478 0.447844 0.264389 0.448727 0.264666 0.449298 0.264666 0.449813 0.264459 0.450000 0.264583 0.451625 0.264583 0.451689 0.265273 0.451923 0.265585 0.452235 0.265700 0.456396 0.265754 0.456709 0.265639 0.456943 0.265327 0.457312 0.264065 0.458422 0.263573 0.459044 0.262798 0.460487 0.261690 0.460985 0.261415 0.462188 0.261621 0.462868 0.261506 0.463102 0.261194 0.463188 0.260777 0.463106 0.260216 0.463310 0.258933 0.464010 0.258569 0.465020 0.256843
0 0.501563 0.202083 0.503906 0.203125 0.504687 0.203125 0.510156 0.209375 0.510938 0.210417 0.510938 0.218750 0.510938 0.219792 0.508594 0.229167 0.508594 0.230208 0.507031 0.232292 0.506250 0.233333 0.502344 0.231250 0.501563 0.230208 0.499219 0.223958 0.499219 0.222917 0.496094 0.218750 0.495312 0.217708 0.496094 0.208333 0.496094 0.207292 0.497656 0.205208 0.497656 0.204167 0.501563 0.202083
0 0.246094 0.254167 0.246094 0.253125 0.245349 0.247163 0.244352 0.246450 0.241676 0.242778 0.240300 0.242662 0.239617 0.242445 0.238991 0.241903 0.237819 0.241539 0.237380 0.240928 0.236842 0.240819 0.233666 0.240485 0.228366 0.240731 0.228323 0.244425 0.228029 0.245862 0.226845 0.248200 0.224894 0.250656 0.224438 0.251495 0.223732 0.253316 0.223438 0.253709 0.223438 0.255208 0.224916 0.257077 0.227152 0.261169 0.228632 0.263376 0.231209 0.263526 0.232413 0.262382 0.232884 0.261286 0.233347 0.260698 0.234302 0.260395 0.235845 0.259175 0.236282 0.257486 0.236974 0.256044 0.237641 0.253598 0.237944 0.253137 0.238036 0.252692 0.238411 0.252192 0.238985 0.252005 0.240391 0.252309 0.240624 0.252619 0.240648 0.254351 0.240557 0.254472 0.240760 0.255309 0.245325 0.255192
0 0.286762 0.039039 0.285927 0.040090 0.284667 0.041086 0.282876 0.042105 0.281167 0.043326 0.279265 0.043877 0.277529 0.043875 0.276092 0.044064 0.275077 0.043637 0.273839 0.042287 0.270663 0.042086 0.270013 0.042953 0.269360 0.043513 0.268531 0.043815 0.266421 0.043813 0.265405 0.044064 0.264576 0.043761 0.263975 0.042959 0.263467 0.040873 0.263281 0.040625 0.259640 0.041164 0.259279 0.041646 0.257808 0.042238 0.257412 0.042704 0.256397 0.043068 0.255977 0.043068 0.253142 0.042206 0.252162 0.041459 0.250856 0.040090 0.249554 0.038355 0.247874 0.035555 0.247014 0.033714 0.245867 0.031697 0.244140 0.029083 0.243295 0.028267 0.242320 0.026843 0.241860 0.025179 0.242188 0.023941 0.242188 0.018954 0.244392 0.017689 0.245040 0.016825 0.245640 0.014227 0.245685 0.012864 0.246304 0.010314 0.247473 0.006985 0.248867 0.004442 0.250972 0.001697 0.251969 0.001001 0.252244 0.001066 0.253072 0.000764 0.253645 -0.000000 0.266406 0.000000 0.266406 0.001042 0.267188 0.002083 0.272656 0.004167 0.273438 0.004167 0.275000 0.007292 0.275781 0.008333 0.276562 0.014583 0.276562 0.015625 0.278906 0.018750 0.279055 0.019742 0.279620 0.019948 0.280222 0.020750 0.280448 0.021854 0.280447 0.024646 0.281055 0.025461 0.281247 0.026247 0.281136 0.028654 0.281271 0.030202 0.281098 0.031047 0.281363 0.032248 0.281964 0.033050 0.282825 0.033350 0.283286 0.033965 0.284399 0.034047 0.285507 0.034598 0.286669 0.036209 0.286989 0.037935
0 0.075768 0.118792 0.075627 0.118085 0.075252 0.117585 0.074744 0.117397 0.074460 0.117502 0.074230 0.116222 0.073419 0.114509 0.073044 0.114009 0.072392 0.113875 0.071015 0.108826 0.071081 0.107681 0.070940 0.107004 0.070312 0.106250 0.068546 0.106168 0.068041 0.105482 0.067290 0.105269 0.064990 0.105170 0.061677 0.105420 0.060907 0.105348 0.060492 0.105497 0.057031 0.105208 0.054380 0.101673 0.054133 0.100050 0.053823 0.099299 0.052603 0.097973 0.051813 0.097597 0.051150 0.097917 0.046875 0.097917 0.043750 0.100000 0.038281 0.100000 0.037500 0.101042 0.036473 0.101727 0.035959 0.104936 0.035385 0.105914 0.035525 0.106609 0.035996 0.107237 0.036175 0.108038 0.036430 0.108379 0.036604 0.110238 0.036846 0.110560 0.036986 0.111237 0.036846 0.111914 0.036471 0.112414 0.036057 0.112566 0.035330 0.113536 0.034787 0.114007 0.034169 0.114252 0.033538 0.114949 0.032541 0.115426 0.031761 0.115238 0.031386 0.114738 0.031253 0.114097 0.023404 0.115492 0.020713 0.120671 0.019531 0.122491 0.019531 0.127083 0.020313 0.128125 0.021259 0.128222 0.021785 0.128922 0.023340 0.129499 0.025513 0.129496 0.027189 0.130232 0.027592 0.130232 0.028928 0.129753 0.029950 0.129113 0.035802 0.129060 0.037138 0.128580 0.037697 0.127932 0.039943 0.127936 0.042288 0.127053 0.043461 0.127056 0.045280 0.126343 0.047656 0.126042 0.048438 0.127083 0.049573 0.129355 0.049863 0.129573 0.050426 0.130474 0.050679 0.131551 0.050754 0.132603 0.050744 0.136207 0.051177 0.136834 0.051440 0.137585 0.051580 0.138262 0.051692 0.140678 0.052322 0.141029 0.052830 0.140841 0.053205 0.140341 0.053543 0.137937 0.057302 0.130586 0.057158 0.129899 0.057233 0.128246 0.057449 0.127319 0.058049 0.126418 0.058970 0.126030 0.059778 0.126218 0.060153 0.126718 0.060406 0.127698 0.060693 0.128081 0.061201 0.128269 0.061776 0.128081 0.063895 0.126970 0.065923 0.125137 0.067086 0.123405 0.067982 0.120815 0.068750 0.119792 0.069531 0.119792 0.072581 0.118775 0.073306 0.119497 0.073469 0.120865 0.073356 0.121649 0.073933 0.121899 0.074335 0.121720 0.074988 0.120338 0.075627 0.119469
0 0.114904 0.058295 0.114782 0.057497 0.114548 0.057185 0.114128 0.057022 0.112299 0.057023 0.110156 0.054167 0.106227 0.054036 0.103756 0.054323 0.103444 0.054208 0.103210 0.053896 0.103133 0.053526 0.102086 0.053419 0.102243 0.052907 0.102157 0.052490 0.101923 0.052178 0.100037 0.052063 0.099617 0.052225 0.099276 0.052633 0.099190 0.053050 0.099276 0.053705 0.099581 0.054113 0.100078 0.054160 0.100276 0.054423 0.100417 0.055148 0.100270 0.055833 0.099849 0.056163 0.098963 0.056390 0.098363 0.057477 0.098380 0.060981 0.099098 0.061143 0.099800 0.061563 0.100004 0.062009 0.099894 0.062579 0.099998 0.063239 0.100251 0.063576 0.100570 0.063689 0.100673 0.064407 0.100926 0.064744 0.101299 0.064857 0.101729 0.065571 0.102254 0.065720 0.110156 0.065625 0.112500 0.062500 0.112500 0.060884 0.112760 0.060789 0.113426 0.059662 0.114333 0.059311 0.114818 0.058712
0 0.107031 0.035417 0.107031 0.028125 0.106250 0.027083 0.105576 0.027083 0.103922 0.027142 0.102375 0.028180 0.101615 0.030319 0.099935 0.031568 0.099321 0.032650 0.096875 0.035648 0.096875 0.039366 0.098115 0.039922 0.100069 0.041642 0.101561 0.043718 0.102363 0.043713 0.102429 0.042471 0.102355 0.041039 0.102800 0.040920 0.103048 0.040595 0.103496 0.040430 0.103871 0.039930 0.104063 0.039236 0.104735 0.038498 0.105563 0.038028
0 0.243793 0.013824 0.242188 0.005208 0.238281 0.000000 0.212907 0.000000 0.212711 0.000000 0.212516 0.000443 0.212856 0.001085 0.213500 0.001749 0.213760 0.003827 0.213215 0.004554 0.212988 0.005658 0.213215 0.006763 0.213816 0.007565 0.214187 0.007700 0.214407 0.008537 0.214791 0.009082 0.216407 0.009507 0.216412 0.010278 0.217091 0.010245 0.218081 0.011503 0.219135 0.011490 0.219574 0.012075 0.220402 0.012377 0.221230 0.012075 0.221691 0.011459 0.222543 0.011449 0.224374 0.008370 0.228802 0.008376 0.228906 0.010417 0.230469 0.012560 0.231306 0.012527 0.231860 0.012770 0.232095 0.013083 0.232205 0.014015 0.231950 0.015335 0.231715 0.015647 0.231140 0.015740 0.231117 0.017755 0.230983 0.018397 0.230469 0.019373 0.230297 0.020340 0.230469 0.021675 0.230469 0.022973 0.230127 0.023746 0.229901 0.025042 0.230127 0.026146 0.230716 0.026931 0.231027 0.028305 0.232240 0.030067 0.233068 0.030369 0.233536 0.030369 0.235804 0.029827 0.236371 0.029167 0.238124 0.029167 0.239023 0.025663 0.239294 0.023214 0.239570 0.021878 0.240041 0.020887 0.241410 0.019094 0.242392 0.018517 0.242590 0.018201 0.242931 0.016964 0.243371 0.016111 0.243709 0.015072 0.243791 0.013832
0 0.126562 0.005208 0.125781 0.004167 0.125683 0.003752 0.124245 0.002138 0.123350 0.000357 0.122592 0.000042 0.117538 0.000173 0.117232 0.001298 0.117201 0.002931 0.117060 0.003608 0.116653 0.004152 0.115969 0.004381 0.115684 0.004762 0.115543 0.005439 0.115684 0.006289 0.116411 0.007071 0.116378 0.010803 0.117093 0.011637 0.117265 0.012603 0.118750 0.014583 0.121185 0.014410 0.122293 0.013570 0.124889 0.013440 0.126527 0.011411
0 0.520685 0.002033 0.520544 0.000749 0.520169 0.000249 0.518851 0.000000 0.516089 0.000265 0.512396 0.000129 0.504681 0.000026 0.503334 0.000027 0.501816 0.000027 0.496949 0.000057 0.464865 0.000049 0.464828 0.001020 0.466167 0.002105 0.466246 0.002484 0.466621 0.002984 0.467488 0.003493 0.467177 0.005219 0.467177 0.006003 0.467318 0.006680 0.467733 0.007602 0.468315 0.008333 0.468961 0.008566 0.470313 0.008333 0.471065 0.009182 0.471417 0.009065 0.471924 0.009252 0.473619 0.010774 0.475313 0.012711 0.476497 0.013585 0.478586 0.013677 0.481281 0.013517 0.481773 0.012526 0.482850 0.012613 0.483089 0.013672 0.483402 0.014856 0.483262 0.015533 0.483063 0.015798 0.482102 0.015566 0.480684 0.015705 0.480233 0.015713 0.479694 0.015732 0.479079 0.017172 0.479148 0.018302 0.479712 0.019194 0.479856 0.019699 0.481637 0.019786 0.481832 0.019859 0.482028 0.020307 0.481832 0.020755 0.480998 0.020864 0.480086 0.021367 0.479731 0.021815 0.479871 0.022542 0.480151 0.022915 0.481484 0.022791 0.482889 0.021059 0.483753 0.020447 0.485100 0.019122 0.485890 0.018161 0.485941 0.017915 0.489063 0.016667 0.489844 0.015625 0.491993 0.013332 0.491993 0.012428 0.492123 0.011934 0.492814 0.011146 0.494039 0.010413 0.495186 0.010071 0.497152 0.009084 0.498627 0.008634 0.500611 0.007763 0.503236 0.007396 0.504169 0.007750 0.504732 0.008333 0.508640 0.008395 0.509340 0.008114 0.509539 0.006819 0.509914 0.006319 0.510766 0.006180 0.511273 0.006367 0.511648 0.006867 0.511789 0.007544 0.511788 0.009894 0.512066 0.010264 0.512993 0.010514 0.513912 0.010447 0.514186 0.010548 0.514258 0.010897 0.514633 0.011397 0.515649 0.011397 0.516291 0.010473 0.517136 0.008367 0.518397 0.007699 0.518797 0.007165 0.519785 0.004600 0.520139 0.004060 0.520544 0.002710
0 0.925891 0.135462 0.925015 0.139140 0.921426 0.142368 0.919904 0.142870 0.918643 0.142600 0.916669 0.139911 0.916293 0.138172 0.917065 0.136172 0.924334 0.128459 0.925699 0.129007 0.925934 0.135251
0 0.243023 0.054227 0.242961 0.052864 0.242642 0.051512 0.240938 0.049117 0.239947 0.047176 0.238943 0.045795 0.238540 0.045547 0.238106 0.045011 0.237278 0.044708 0.236450 0.045011 0.235818 0.045854 0.235405 0.048445 0.235405 0.049395 0.235663 0.050582 0.236264 0.051384 0.236708 0.051564 0.236551 0.056953 0.236995 0.059255 0.237596 0.060057 0.238424 0.060359 0.239934 0.059809 0.241496 0.058016 0.242797 0.055331
0 0.379000 0.229622 0.378974 0.226465 0.378715 0.224705 0.378682 0.223227 0.377799 0.222049 0.376946 0.221749 0.376571 0.221249 0.376431 0.220572 0.376508 0.220198 0.376331 0.219961 0.375725 0.219773 0.374989 0.220048 0.374268 0.220574 0.373031 0.221005 0.372591 0.221549 0.372450 0.222226 0.372568 0.223050 0.373361 0.223180 0.373784 0.223907 0.374405 0.224094 0.374780 0.224594 0.374954 0.225358 0.374780 0.226731 0.374208 0.227323 0.374044 0.227735 0.373439 0.228466 0.373298 0.229186 0.373439 0.229863 0.373814 0.230363 0.374210 0.230586 0.374277 0.231970 0.374450 0.232822 0.375250 0.234192 0.375757 0.234379 0.376324 0.234114 0.376540 0.232119 0.376326 0.231745 0.376323 0.231440 0.376638 0.231508 0.377932 0.231063 0.378072 0.230293 0.378675 0.230112 0.378955 0.229605
0 0.492171 0.059300 0.490637 0.059484 0.490630 0.060477 0.489141 0.060467 0.489040 0.061359 0.486733 0.061444 0.485167 0.061317 0.482728 0.058445 0.479851 0.058310 0.481121 0.056321 0.482717 0.055701 0.483318 0.054899 0.484478 0.054449 0.484926 0.054428 0.484998 0.052233 0.485224 0.051129 0.485973 0.050179 0.486838 0.049877 0.487666 0.050179 0.488379 0.051079 0.489301 0.052948 0.489547 0.054135 0.490589 0.055304 0.491206 0.055636 0.491882 0.056537 0.492108 0.057739
0 0.738268 0.179178 0.738315 0.180195 0.735170 0.180195 0.734407 0.177112 0.732789 0.177051 0.731193 0.173875 0.731239 0.168819 0.731937 0.166850 0.732489 0.166655 0.732786 0.166214 0.732906 0.165757 0.733471 0.165163 0.733667 0.164719 0.735124 0.164565 0.736026 0.166599 0.737390 0.166569 0.739008 0.168850 0.739031 0.171748 0.739748 0.172981 0.739910 0.178869
0 0.797469 0.080994 0.797281 0.079935 0.796140 0.078731 0.796184 0.077397 0.796058 0.076782 0.795722 0.076334 0.795230 0.076146 0.793832 0.076524 0.793434 0.077035 0.791595 0.077098 0.789119 0.077879 0.788434 0.078729 0.788229 0.079894 0.788386 0.081164 0.789373 0.082141 0.789897 0.082351 0.792640 0.082499 0.793563 0.083559 0.794881 0.084065 0.795484 0.083834 0.796321 0.082538 0.796976 0.082226 0.797328 0.081757 0.797469 0.080994
0 0.854123 0.745170 0.853953 0.743957 0.853124 0.742971 0.851868 0.742074 0.851093 0.741787 0.850375 0.741787 0.849286 0.742313 0.848771 0.743060 0.848412 0.744077 0.848242 0.744931 0.848242 0.746904 0.848457 0.747877 0.848928 0.748564 0.849792 0.748911 0.851945 0.748791 0.852540 0.748564 0.852921 0.748057 0.853046 0.747442 0.852930 0.746870 0.853617 0.746412 0.853953 0.745964 0.854123 0.745170
0 0.798576 0.866778 0.796504 0.863427 0.794294 0.861913 0.793891 0.861408 0.793121 0.861427 0.792208 0.860434 0.788988 0.860434 0.788230 0.861429 0.788103 0.862939 0.787743 0.863419 0.787282 0.863586 0.786365 0.863387 0.786029 0.862939 0.785911 0.862363 0.785744 0.862357 0.785191 0.861491 0.784092 0.861500 0.784018 0.861133 0.783610 0.860557 0.783149 0.860390 0.782544 0.860557 0.781907 0.861517 0.781130 0.861524 0.781226 0.864119 0.779664 0.866682
0 0.666332 0.772758 0.666206 0.772015 0.665774 0.771439 0.664555 0.770433 0.661746 0.768657 0.658108 0.767057 0.657675 0.767078 0.656652 0.767523 0.655337 0.768636 0.654776 0.769576 0.654635 0.770297 0.654651 0.771175 0.654952 0.772517 0.655739 0.774079 0.656701 0.775276 0.659332 0.777650 0.660579 0.778053 0.661350 0.778074 0.661875 0.777886 0.662227 0.777416 0.662295 0.777083 0.663464 0.776388 0.665726 0.774099 0.666174 0.773480 0.666331 0.772758
0 0.466998 0.759238 0.466662 0.759686 0.464936 0.760265 0.464818 0.760911 0.464482 0.761359 0.463569 0.761518 0.463085 0.762163 0.458340 0.763560 0.456328 0.763560 0.455829 0.763736 0.454255 0.763176 0.453339 0.761955 0.453019 0.760341 0.453339 0.758726 0.454222 0.757549 0.455433 0.757122 0.456898 0.757122 0.457014 0.756115 0.457383 0.755623 0.459430 0.754971 0.460454 0.754971 0.461707 0.755358 0.463758 0.756997 0.465739 0.757217 0.466662 0.757561 0.466998 0.758008 0.467123 0.758623
0 0.397716 0.826341 0.397608 0.826874 0.397699 0.831581 0.397255 0.832201 0.396490 0.832830 0.396082 0.833348 0.396049 0.834886 0.395713 0.835334 0.395252 0.835501 0.393325 0.835211 0.392388 0.833996 0.391419 0.832176 0.391444 0.830176 0.391423 0.827049 0.392078 0.823394 0.392332 0.820826 0.392266 0.818890 0.392825 0.819013 0.393161 0.819461 0.393623 0.821376 0.394375 0.822541 0.394840 0.822966 0.395726 0.823329 0.396349 0.823843 0.397493 0.825172 0.397716 0.826341
0 0.403224 0.817715 0.403099 0.818330 0.402703 0.818818 0.400855 0.819105 0.399982 0.820631 0.399468 0.820779 0.399351 0.821433 0.399015 0.821881 0.398554 0.822048 0.398063 0.821881 0.397425 0.821070 0.397183 0.820425 0.396937 0.819126 0.397118 0.813927 0.396930 0.812793 0.396431 0.812450 0.396095 0.812002 0.395970 0.811388 0.396095 0.810773 0.396491 0.810244 0.396935 0.810035 0.397381 0.809027 0.397921 0.807504 0.398301 0.805896 0.398849 0.805287 0.400096 0.804878 0.400738 0.805045 0.401104 0.805534 0.401230 0.806430 0.401014 0.807367 0.399947 0.810401 0.399900 0.812028 0.400953 0.813715 0.401356 0.815497 0.402129 0.815846 0.402733 0.816491 0.403099 0.816979 0.403225 0.817715
0 0.330804 0.848022 0.329685 0.850138 0.328644 0.851561 0.326939 0.852422 0.326197 0.852151 0.325650 0.851422 0.325447 0.850432 0.325785 0.849124 0.325468 0.847536 0.324662 0.846253 0.323257 0.845559 0.322502 0.844483 0.322142 0.842731 0.322345 0.841186 0.323100 0.840110 0.324077 0.839769 0.324761 0.839770 0.325130 0.839277 0.325572 0.839000 0.326419 0.838694 0.327525 0.838965 0.328410 0.839693 0.329737 0.841706 0.329997 0.842747 0.330622 0.843996 0.331007 0.847032
0 0.448601 0.845704 0.448217 0.847096 0.446836 0.849629 0.446917 0.851988 0.446792 0.852603 0.446261 0.853137 0.446177 0.853553 0.445825 0.854023 0.445169 0.854211 0.443922 0.854233 0.442878 0.853807 0.442445 0.853251 0.442024 0.852171 0.441680 0.851950 0.440837 0.850624 0.439736 0.849769 0.439174 0.849040 0.439048 0.848296 0.439174 0.847681 0.439542 0.847190 0.440278 0.846893 0.443080 0.846893 0.444027 0.847169 0.444624 0.847771 0.445105 0.847800 0.445941 0.847146 0.446126 0.846620 0.446429 0.844593 0.446846 0.844059 0.447469 0.843806 0.448140 0.843951 0.448476 0.844399 0.448602 0.845704
0 0.015720 0.865505 0.015556 0.864681 0.013909 0.862700 0.013075 0.862505 0.011825 0.862727 0.011348 0.863402 0.010741 0.864698 0.010616 0.865910 0.010407 0.866189 0.010613 0.866463 0.011074 0.866629 0.013204 0.866578 0.014798 0.866734 0.015259 0.866567 0.015595 0.866119 0.015720 0.865505
0 0.793763 0.537278 0.793763 0.537011 0.793238 0.536516 0.792601 0.535461 0.792152 0.535129 0.790443 0.534363 0.789794 0.534429 0.789333 0.534596 0.787799 0.537041 0.787424 0.538787 0.787424 0.539585 0.787749 0.541664 0.788098 0.542396 0.788934 0.543510 0.789594 0.543810 0.790143 0.543810 0.792102 0.543244 0.792760 0.542499 0.793350 0.542378 0.793685 0.541930 0.793614 0.538654 0.793714 0.537522
0 0.776618 0.530909 0.776114 0.530237 0.775223 0.529866 0.775057 0.529099 0.774408 0.528268 0.773589 0.527963 0.770915 0.528031 0.770463 0.527897 0.769926 0.527351 0.769183 0.527080 0.767299 0.527352 0.766327 0.527758 0.764893 0.529451 0.764797 0.529973 0.764893 0.530864 0.765607 0.531812 0.765685 0.532853 0.766080 0.533306 0.766479 0.533367 0.766983 0.534043 0.767300 0.535277 0.767293 0.536168 0.767793 0.536572 0.767871 0.536947 0.767793 0.537420 0.767545 0.537750 0.766900 0.538094 0.766402 0.538844 0.766706 0.539542 0.767190 0.539783 0.767250 0.540268 0.767461 0.540549 0.767779 0.540678 0.768410 0.540574 0.769063 0.539654 0.769928 0.539600 0.770186 0.539438 0.770555 0.538721 0.771347 0.538491 0.772077 0.537427 0.772494 0.537579 0.773360 0.537545 0.774255 0.537206 0.774740 0.536560 0.775732 0.536289 0.776355 0.535492 0.776588 0.534165 0.776582 0.531078
0 0.773209 0.464656 0.772609 0.461693 0.771402 0.460295 0.768865 0.456878 0.767436 0.456184 0.766040 0.455874 0.765234 0.456435 0.764889 0.457513 0.764810 0.460333 0.764942 0.460781 0.764915 0.463086 0.765347 0.463662 0.766389 0.463968 0.766823 0.464582 0.767880 0.466907 0.768215 0.468425 0.768151 0.468739 0.768491 0.469192 0.768887 0.469545 0.769629 0.469816 0.770636 0.469369 0.772424 0.467266 0.773005 0.465645
0 0.546278 0.425145 0.546218 0.422320 0.546055 0.421527 0.546157 0.421029 0.545954 0.420039 0.545407 0.419310 0.544560 0.418745 0.543592 0.418423 0.542321 0.417212 0.540247 0.416699 0.538552 0.416699 0.537181 0.417103 0.535829 0.417264 0.534360 0.418019 0.533390 0.419313 0.533186 0.420303 0.533186 0.422320 0.533450 0.423552 0.534239 0.424523 0.535586 0.425036 0.540671 0.425117 0.541150 0.424942 0.542289 0.426621 0.543455 0.427134 0.544786 0.427134 0.545528 0.426863 0.546075 0.426134
