0 0.064017 0.034759 0.065652 0.033372 0.067969 0.033333 0.069507 0.034455 0.070346 0.036358 0.073399 0.041550 0.074327 0.042736 0.075781 0.043750 0.075765 0.046922 0.074246 0.046869 0.074235 0.047896 0.073416 0.048991 0.072625 0.050045 0.071878 0.051031 0.064721 0.051046 0.060869 0.048915 0.060006 0.047977 0.058594 0.047917 0.057813 0.045833 0.057031 0.044792 0.057055 0.043725 0.057792 0.042648 0.058591 0.042656 0.058594 0.037482 0.059375 0.034375 0.060156 0.033333 0.062419 0.033329
0 0.071875 0.128125 0.074250 0.128138 0.074235 0.133343 0.072666 0.133353 0.072656 0.137500 0.072656 0.138542 0.072668 0.141671 0.075000 0.141667 0.078094 0.141670 0.078127 0.142752 0.081283 0.142680 0.081315 0.143797 0.084396 0.143750 0.084403 0.153096 0.085938 0.153125 0.086719 0.153125 0.087511 0.153135 0.087516 0.155224 0.088278 0.155178 0.088296 0.158347 0.087524 0.158347 0.087529 0.160400 0.085159 0.160440 0.084375 0.160417 0.083594 0.161458 0.083637 0.162480 0.081219 0.162570 0.081235 0.161521 0.078894 0.161499 0.078899 0.162481 0.077372 0.162518 0.077381 0.164549 0.078906 0.164565 0.078917 0.168763 0.078177 0.168756 0.078125 0.169780 0.076555 0.169846 0.076580 0.170812 0.073433 0.170860 0.073445 0.169827 0.072664 0.169839 0.072629 0.163591 0.073455 0.163568 0.073464 0.161518 0.071875 0.161458 0.071125 0.159486 0.070112 0.159453 0.069046 0.160275 0.067969 0.161458 0.062522 0.167797 0.062563 0.168770 0.061735 0.168825 0.061723 0.170829 0.059371 0.170829 0.059375 0.165625 0.059375 0.164583 0.053906 0.160417 0.051557 0.159339 0.049385 0.155169 0.046875 0.152083 0.046094 0.151042 0.045357 0.148997 0.045312 0.147917 0.045312 0.146875 0.046131 0.145944 0.046875 0.143750 0.051023 0.142128 0.052306 0.138632 0.055454 0.138617 0.058591 0.137414 0.058605 0.136428 0.060147 0.136455 0.060166 0.135410 0.064027 0.135462 0.064062 0.134375 0.067953 0.134301 0.067924 0.132297 0.071875 0.128125
0 0.968750 0.090625 0.975000 0.090625 0.975781 0.090625 0.981250 0.093750 0.982031 0.094792 0.992188 0.097917 0.992969 0.097917 0.995313 0.113542 0.995313 0.114583 0.990625 0.115625 0.989844 0.115625 0.985938 0.113542 0.985156 0.112500 0.975781 0.110417 0.975000 0.110417 0.970313 0.106250 0.969531 0.106250 0.966406 0.100000 0.965625 0.098958 0.965625 0.094792 0.965625 0.093750 0.968750 0.090625
0 0.970313 0.129167 0.974219 0.129167 0.975000 0.129167 0.975781 0.130208 0.976562 0.131250 0.976562 0.135417 0.976562 0.136458 0.971875 0.140625 0.971094 0.141667 0.965625 0.141667 0.964844 0.141667 0.963281 0.138542 0.962500 0.137500 0.963281 0.134375 0.963281 0.133333 0.970313 0.129167
0 0.982031 0.190625 0.985938 0.190625 0.986719 0.190625 0.988281 0.193750 0.989062 0.194792 0.988281 0.198958 0.988281 0.200000 0.985156 0.203125 0.984375 0.204167 0.981250 0.203125 0.980469 0.203125 0.978906 0.200000 0.978125 0.198958 0.978906 0.194792 0.978906 0.193750 0.982031 0.190625
0 0.951562 0.258333 0.959375 0.258333 0.960156 0.258333 0.965625 0.260417 0.966406 0.260417 0.969531 0.265625 0.970313 0.266667 0.970313 0.271875 0.970313 0.272917 0.968339 0.274137 0.963072 0.269493 0.958161 0.273014 0.954688 0.272917 0.953906 0.272917 0.950000 0.266667 0.949219 0.265625 0.949219 0.261458 0.949219 0.260417 0.951562 0.258333
0 0.879687 0.239583 0.882812 0.240625 0.883594 0.240625 0.887500 0.246875 0.888281 0.247917 0.889062 0.256250 0.888281 0.257292 0.884375 0.258333 0.883594 0.258333 0.881250 0.256250 0.880469 0.255208 0.879687 0.251042 0.878906 0.250000 0.879687 0.239583
0 0.926562 0.353125 0.935937 0.354167 0.936719 0.354167 0.939063 0.359375 0.939844 0.360417 0.939844 0.367708 0.939844 0.368750 0.938281 0.369792 0.937500 0.370833 0.934375 0.370833 0.933594 0.370833 0.928125 0.363542 0.927344 0.362500 0.923438 0.361458 0.922656 0.361458 0.921875 0.357292 0.921875 0.356250 0.926562 0.353125
0 0.950000 0.371875 0.954688 0.371875 0.955469 0.371875 0.960156 0.375000 0.960938 0.375000 0.964063 0.380208 0.964844 0.381250 0.964844 0.387500 0.964844 0.388542 0.959375 0.390625 0.958594 0.390625 0.954688 0.389583 0.953906 0.389583 0.950000 0.386458 0.949219 0.386458 0.947656 0.384375 0.946875 0.383333 0.946094 0.377083 0.946094 0.376042 0.946875 0.373958 0.947656 0.372917 0.950000 0.371875
0 0.840625 0.335417 0.842187 0.335417 0.842969 0.336458 0.843750 0.340625 0.843750 0.341667 0.837500 0.358333 0.837500 0.359375 0.832812 0.360417 0.832031 0.360417 0.831250 0.357292 0.831250 0.356250 0.838281 0.338542 0.838281 0.337500 0.840625 0.335417
0 0.896094 0.327083 0.897656 0.327083 0.898438 0.327083 0.903125 0.332292 0.903906 0.332292 0.904687 0.335417 0.904687 0.336458 0.900781 0.337500 0.900000 0.338542 0.892188 0.336458 0.891406 0.336458 0.890625 0.333333 0.890625 0.332292 0.896094 0.327083
0 0.850000 0.326042 0.852344 0.327083 0.853125 0.328125 0.853125 0.334375 0.853125 0.335417 0.850781 0.335417 0.850000 0.335417 0.848437 0.331250 0.847656 0.330208 0.850000 0.326042
0 0.895312 0.606250 0.902344 0.607292 0.903125 0.607292 0.905469 0.616667 0.905469 0.617708 0.908594 0.621875 0.909375 0.622917 0.909375 0.628125 0.909375 0.629167 0.907813 0.631250 0.907031 0.632292 0.900000 0.632292 0.899219 0.632292 0.890625 0.620833 0.889844 0.619792 0.889844 0.614583 0.889844 0.613542 0.895312 0.606250
0 0.977344 0.782292 0.979688 0.783333 0.980469 0.783333 0.984375 0.790625 0.985156 0.791667 0.986719 0.804167 0.987500 0.805208 0.986719 0.809375 0.986719 0.810417 0.983594 0.812500 0.982812 0.813542 0.979688 0.812500 0.978906 0.812500 0.975781 0.808333 0.975000 0.807292 0.972656 0.797917 0.971875 0.796875 0.971875 0.790625 0.971875 0.789583 0.977344 0.782292
0 0.969531 0.845833 0.975781 0.845833 0.976562 0.845833 0.982031 0.848958 0.982812 0.848958 0.983594 0.853125 0.983594 0.854167 0.982031 0.857292 0.982031 0.858333 0.971875 0.858333 0.971094 0.858333 0.965693 0.866396 0.966406 0.864583 0.960156 0.865625 0.959375 0.865625 0.959375 0.863542 0.958594 0.862500 0.963281 0.853125 0.963281 0.852083 0.969531 0.845833
0 0.757812 0.829167 0.765625 0.830208 0.766406 0.831250 0.765625 0.834375 0.764844 0.835417 0.758594 0.836458 0.757812 0.836458 0.757812 0.829167
0 0.632812 0.252083 0.638281 0.255208 0.639062 0.256250 0.635938 0.272917 0.635156 0.273958 0.631250 0.275000 0.630469 0.275000 0.628125 0.279167 0.627344 0.280208 0.624219 0.281250 0.623437 0.281250 0.617188 0.272917 0.616406 0.271875 0.614062 0.270833 0.613281 0.270833 0.612500 0.266667 0.612500 0.265625 0.614844 0.259375 0.615625 0.258333 0.621875 0.258333 0.622656 0.258333 0.632812 0.252083
0 0.683594 0.170833 0.689063 0.171875 0.689844 0.171875 0.699219 0.179167 0.700000 0.179167 0.701562 0.182292 0.702344 0.183333 0.701562 0.185417 0.701562 0.186458 0.699219 0.187500 0.698438 0.188542 0.689844 0.189583 0.689063 0.190625 0.685156 0.190625 0.684375 0.190625 0.681250 0.188542 0.680469 0.188542 0.678125 0.185417 0.677344 0.184375 0.676562 0.178125 0.676562 0.177083 0.678125 0.173958 0.678906 0.172917 0.683594 0.170833
0 0.280469 0.083333 0.282031 0.083333 0.282813 0.083333 0.289062 0.089583 0.289844 0.090625 0.289062 0.096875 0.289062 0.097917 0.286719 0.102083 0.286719 0.103125 0.283594 0.106250 0.282813 0.107292 0.278906 0.107292 0.278125 0.107292 0.274219 0.103125 0.273438 0.102083 0.273438 0.100000 0.273438 0.098958 0.275000 0.096875 0.275781 0.095833 0.280469 0.083333
0 0.153906 0.632292 0.155469 0.633333 0.156250 0.633333 0.159375 0.637500 0.160156 0.638542 0.160156 0.640625 0.160938 0.641667 0.160156 0.646875 0.160156 0.647917 0.157812 0.653125 0.157812 0.654167 0.156250 0.655208 0.155469 0.656250 0.152344 0.655208 0.151562 0.654167 0.149219 0.645833 0.148438 0.644792 0.148438 0.641667 0.148438 0.640625 0.150000 0.637500 0.150000 0.636458 0.153906 0.632292
0 0.425000 0.296875 0.428125 0.296875 0.428906 0.296875 0.431250 0.298958 0.432031 0.298958 0.431250 0.304167 0.431250 0.305208 0.424219 0.317708 0.423438 0.318750 0.420312 0.318750 0.419531 0.318750 0.417969 0.316667 0.417187 0.315625 0.417187 0.311458 0.417187 0.310417 0.419531 0.304167 0.419531 0.303125 0.425000 0.296875
0 0.451562 0.330208 0.457813 0.332292 0.458594 0.332292 0.460156 0.336458 0.460938 0.337500 0.460156 0.343750 0.460156 0.344792 0.455469 0.347917 0.454688 0.348958 0.445312 0.346875 0.444531 0.345833 0.444531 0.340625 0.444531 0.339583 0.446094 0.336458 0.446094 0.335417 0.451562 0.330208
0 0.330469 0.188542 0.342969 0.191667 0.343750 0.191667 0.344531 0.196875 0.344531 0.197917 0.342187 0.204167 0.341406 0.205208 0.338281 0.206250 0.337500 0.206250 0.329688 0.197917 0.328906 0.196875 0.328906 0.191667 0.328906 0.190625 0.330469 0.188542
0 0.331250 0.188542 0.343750 0.191667 0.344531 0.192708 0.344531 0.193750 0.345313 0.194792 0.342969 0.202083 0.342187 0.203125 0.342187 0.216667 0.341406 0.217708 0.339062 0.216667 0.338281 0.216667 0.336719 0.207292 0.336719 0.206250 0.329688 0.197917 0.328906 0.196875 0.328906 0.191667 0.328906 0.190625 0.331250 0.188542
0 0.322656 0.240625 0.324219 0.240625 0.325000 0.240625 0.326562 0.244792 0.327344 0.245833 0.327344 0.254167 0.327344 0.255208 0.325781 0.259375 0.325000 0.260417 0.323437 0.260417 0.322656 0.260417 0.319531 0.255208 0.318750 0.254167 0.318750 0.250000 0.318750 0.248958 0.322656 0.240625
0 0.689844 0.518750 0.696875 0.518750 0.697656 0.518750 0.700000 0.521875 0.700781 0.522917 0.699219 0.530208 0.699219 0.531250 0.697656 0.534375 0.696875 0.535417 0.694531 0.536458 0.693750 0.537500 0.689844 0.536458 0.689063 0.536458 0.686719 0.533333 0.685937 0.532292 0.685937 0.523958 0.685937 0.522917 0.689844 0.518750
0 0.665625 0.489583 0.669531 0.489583 0.670312 0.489583 0.672656 0.491667 0.673438 0.492708 0.673438 0.501042 0.672656 0.502083 0.670312 0.503125 0.669531 0.503125 0.666406 0.498958 0.665625 0.497917 0.665625 0.489583
0 0.637500 0.437500 0.641406 0.437500 0.642188 0.437500 0.644531 0.443750 0.644531 0.444792 0.643750 0.445833 0.642969 0.446875 0.638281 0.446875 0.637500 0.446875 0.635156 0.444792 0.634375 0.444792 0.634375 0.440625 0.634375 0.439583 0.637500 0.437500
0 0.535937 0.476042 0.535937 0.477083 0.534375 0.479167 0.525781 0.481250 0.525000 0.482292 0.517969 0.481250 0.517188 0.480208 0.517969 0.475000 0.522656 0.471875 0.532031 0.459375 0.537500 0.455208 0.541406 0.455208 0.542188 0.460417
0 0.555469 0.600000 0.558594 0.600000 0.559375 0.600000 0.561719 0.602083 0.562500 0.603125 0.563281 0.609375 0.563281 0.610417 0.561719 0.615625 0.560937 0.616667 0.553125 0.616667 0.552344 0.616667 0.549219 0.614583 0.548438 0.614583 0.547656 0.612500 0.546875 0.611458 0.548438 0.608333 0.548438 0.607292 0.555469 0.600000
0 0.600000 0.617708 0.607031 0.617708 0.607812 0.617708 0.609375 0.618750 0.610156 0.619792 0.610156 0.623958 0.610156 0.625000 0.605469 0.628125 0.604688 0.629167 0.597656 0.627083 0.596875 0.627083 0.596094 0.626042 0.595313 0.625000 0.595313 0.621875 0.595313 0.620833 0.600000 0.617708
0 0.450781 0.690625 0.451562 0.690625 0.455644 0.692275 0.452788 0.696658 0.454188 0.699075 0.460938 0.698958 0.461719 0.698958 0.463237 0.704442 0.460719 0.708233 0.471094 0.707292 0.471875 0.707292 0.472656 0.708333 0.473438 0.709375 0.472656 0.713542 0.472656 0.714583 0.463281 0.716667 0.462500 0.716667 0.453125 0.713542 0.452344 0.713542 0.449219 0.710417 0.448437 0.710417 0.447656 0.708333 0.446875 0.707292 0.446875 0.701042 0.446875 0.700000 0.450781 0.690625
0 0.536719 0.733333 0.540625 0.733333 0.541406 0.733333 0.545312 0.735417 0.546094 0.735417 0.546875 0.748958 0.546875 0.750000 0.544531 0.751042 0.543750 0.751042 0.541406 0.748958 0.540625 0.748958 0.539844 0.743750 0.539844 0.742708 0.535156 0.739583 0.534375 0.738542 0.534375 0.736458 0.534375 0.735417 0.536719 0.733333
0 0.550000 0.702083 0.553125 0.702083 0.553906 0.702083 0.557031 0.704167 0.557813 0.705208 0.557813 0.708333 0.558594 0.709375 0.557031 0.712500 0.556250 0.713542 0.553125 0.713542 0.552344 0.713542 0.550000 0.711458 0.549219 0.710417 0.547656 0.706250 0.547656 0.705208 0.550000 0.702083
0 0.494531 0.696875 0.497656 0.697917 0.498437 0.697917 0.500000 0.701042 0.500000 0.702083 0.498437 0.706250 0.497656 0.707292 0.493750 0.708333 0.492969 0.708333 0.490625 0.702083 0.490625 0.701042 0.494531 0.696875
0 0.210156 0.447917 0.217188 0.447917 0.217969 0.447917 0.221094 0.454167 0.221875 0.455208 0.221875 0.459375 0.221875 0.460417 0.209375 0.461458 0.208594 0.461458 0.205469 0.459375 0.204687 0.459375 0.204687 0.452083 0.204687 0.451042 0.210156 0.447917
0 0.189844 0.409375 0.192969 0.409375 0.193750 0.409375 0.194531 0.416667 0.194531 0.417708 0.192969 0.420833 0.192188 0.421875 0.187500 0.421875 0.186719 0.421875 0.185938 0.414583 0.185938 0.413542 0.189844 0.409375
0 0.094531 0.259375 0.097656 0.259375 0.098437 0.260417 0.098437 0.263542 0.098437 0.264583 0.096094 0.268750 0.095312 0.269792 0.090625 0.271875 0.089844 0.272917 0.081250 0.270833 0.080469 0.269792 0.081250 0.265625 0.082031 0.264583 0.094531 0.259375
0 0.164844 0.268750 0.167187 0.268750 0.167969 0.269792 0.167969 0.271875 0.167969 0.272917 0.165625 0.276042 0.164844 0.277083 0.160938 0.278125 0.160156 0.279167 0.156250 0.278125 0.155469 0.278125 0.155469 0.273958 0.155469 0.272917 0.164844 0.268750
0 0.146875 0.230208 0.149219 0.231250 0.150000 0.231250 0.153125 0.236458 0.153125 0.237500 0.151562 0.239583 0.150781 0.240625 0.144531 0.241667 0.143750 0.241667 0.142969 0.238542 0.142969 0.237500 0.145313 0.232292 0.145313 0.231250 0.146875 0.230208
0 0.095312 0.164583 0.101562 0.165625 0.102344 0.165625 0.103125 0.167708 0.103906 0.168750 0.103906 0.172917 0.103906 0.173958 0.101562 0.175000 0.100781 0.176042 0.096094 0.176042 0.095312 0.176042 0.094531 0.175000 0.093750 0.173958 0.095312 0.164583
0 0.525781 0.157292 0.528125 0.157292 0.528906 0.157292 0.529687 0.160417 0.530469 0.161458 0.530469 0.164583 0.530469 0.165625 0.528906 0.167708 0.528125 0.168750 0.524219 0.166667 0.523438 0.165625 0.524219 0.160417 0.524219 0.159375 0.525781 0.157292
0 0.469531 0.130208 0.474219 0.130208 0.475000 0.130208 0.476562 0.132292 0.477344 0.133333 0.477344 0.137500 0.477344 0.138542 0.475781 0.139583 0.475000 0.140625 0.470313 0.140625 0.469531 0.140625 0.468750 0.139583 0.467969 0.138542 0.467969 0.133333 0.467969 0.132292 0.469531 0.130208
0 0.564844 0.054167 0.568750 0.054167 0.569531 0.055208 0.570312 0.062500 0.570312 0.063542 0.563281 0.064583 0.562500 0.063542 0.564844 0.054167
0 0.696875 0.098958 0.701562 0.101042 0.702344 0.101042 0.703125 0.103125 0.703906 0.104167 0.703906 0.110417 0.703125 0.111458 0.700781 0.111458 0.700000 0.111458 0.696094 0.106250 0.695312 0.105208 0.694531 0.102083 0.694531 0.101042 0.696875 0.098958
0 0.820312 0.066667 0.825000 0.067708 0.825781 0.067708 0.828125 0.073958 0.828125 0.075000 0.825781 0.077083 0.825000 0.078125 0.818750 0.078125 0.817969 0.078125 0.817187 0.072917 0.817187 0.071875 0.817969 0.069792 0.817969 0.068750 0.820312 0.066667
0 0.625781 0.340625 0.626563 0.340625 0.627344 0.341667 0.627344 0.343750 0.628125 0.344792 0.627344 0.350000 0.627344 0.351042 0.625000 0.354167 0.624219 0.355208 0.620313 0.355208 0.619531 0.355208 0.618750 0.352083 0.618750 0.351042 0.620313 0.346875 0.620313 0.345833 0.625781 0.340625
0 0.638281 0.315625 0.639844 0.317708 0.640625 0.318750 0.639844 0.323958 0.639844 0.325000 0.638281 0.328125 0.637500 0.329167 0.634375 0.330208 0.633594 0.330208 0.632812 0.323958 0.632812 0.322917 0.634375 0.319792 0.634375 0.318750 0.638281 0.315625
0 0.607031 0.302083 0.610156 0.302083 0.610938 0.302083 0.612500 0.304167 0.613281 0.305208 0.613281 0.313542 0.612500 0.314583 0.608594 0.313542 0.607812 0.312500 0.607031 0.302083
0 0.385156 0.286458 0.391406 0.287500 0.392188 0.288542 0.392969 0.291667 0.393750 0.292708 0.392969 0.297917 0.392188 0.298958 0.385156 0.295833 0.384375 0.294792 0.383594 0.289583 0.383594 0.288542 0.385156 0.286458
0 0.350000 0.282292 0.354687 0.282292 0.355469 0.282292 0.356250 0.283333 0.357031 0.284375 0.356250 0.290625 0.355469 0.291667 0.347656 0.291667 0.346875 0.290625 0.346875 0.289583 0.346094 0.288542 0.347656 0.285417 0.347656 0.284375 0.350000 0.282292
0 0.325000 0.285417 0.328906 0.286458 0.329688 0.287500 0.328906 0.293750 0.328906 0.294792 0.327344 0.295833 0.326562 0.296875 0.323437 0.295833 0.322656 0.294792 0.322656 0.290625 0.322656 0.289583 0.325000 0.285417
0 0.334375 0.279167 0.337500 0.279167 0.338281 0.279167 0.339062 0.281250 0.339844 0.282292 0.339062 0.285417 0.339062 0.286458 0.332813 0.285417 0.332031 0.284375 0.334375 0.279167
0 0.107813 0.731250 0.109375 0.732292 0.110156 0.732292 0.110156 0.735417 0.110156 0.736458 0.112500 0.743750 0.113281 0.744792 0.114062 0.752083 0.113281 0.753125 0.111719 0.753125 0.110937 0.753125 0.108594 0.750000 0.107813 0.748958 0.103125 0.746875 0.102344 0.745833 0.102344 0.743750 0.101562 0.742708 0.105469 0.738542 0.106250 0.737500 0.107813 0.731250
0 0.106250 0.761458 0.107813 0.762500 0.108594 0.763542 0.107813 0.776042 0.107813 0.777083 0.104688 0.776042 0.103906 0.775000 0.103906 0.765625 0.103906 0.764583 0.106250 0.761458
0 0.396094 0.647917 0.397656 0.647917 0.398438 0.647917 0.399219 0.648958 0.400000 0.650000 0.400000 0.653125 0.400000 0.654167 0.397656 0.661458 0.397656 0.662500 0.393750 0.664583 0.392969 0.664583 0.391406 0.661458 0.390625 0.660417 0.390625 0.656250 0.390625 0.655208 0.396094 0.647917
0 0.016406 0.130208 0.021094 0.130208 0.021875 0.130208 0.023438 0.131250 0.024219 0.132292 0.024219 0.134375 0.024219 0.135417 0.023438 0.136458 0.022656 0.137500 0.018750 0.137500 0.017969 0.137500 0.015625 0.134375 0.014844 0.133333 0.016406 0.130208
0 0.062848 0.111923 0.064411 0.111923 0.065192 0.111923 0.065973 0.116089 0.065973 0.117131 0.063629 0.120256 0.062848 0.121298 0.058942 0.121298 0.058161 0.121298 0.057379 0.117131 0.057379 0.116089 0.062848 0.111923
0 0.055036 0.085304 0.058161 0.087387 0.058942 0.088429 0.057379 0.092595 0.056598 0.093637 0.053473 0.092595 0.052692 0.091554 0.052692 0.088429 0.052692 0.087387 0.055036 0.085304
0 0.250781 0.091667 0.253906 0.093750 0.254688 0.094792 0.254688 0.103125 0.254688 0.104167 0.253125 0.107292 0.252344 0.108333 0.250000 0.107292 0.249219 0.107292 0.247656 0.103125 0.246875 0.102083 0.246875 0.095833 0.246875 0.094792 0.250781 0.091667
0 0.250781 0.279167 0.253125 0.279167 0.253906 0.279167 0.254688 0.283333 0.254688 0.284375 0.253125 0.286458 0.252344 0.287500 0.249219 0.287500 0.248438 0.287500 0.247656 0.284375 0.247656 0.283333 0.250781 0.279167
0 0.414062 0.314583 0.417187 0.315625 0.417969 0.315625 0.417187 0.321875 0.416406 0.322917 0.413281 0.322917 0.412500 0.321875 0.412500 0.316667 0.412500 0.315625 0.414062 0.314583
0 0.438578 0.338094 0.438031 0.338823 0.436087 0.339093 0.433807 0.340486 0.428584 0.340486 0.424219 0.339583 0.422374 0.338165 0.420530 0.337430 0.419780 0.335711 0.420530 0.333992 0.422717 0.334001 0.426563 0.332292 0.435156 0.334375 0.435477 0.334803 0.435009 0.335114 0.438031 0.335385 0.438781 0.337104
0 0.473004 0.036696 0.477692 0.036696 0.478473 0.036696 0.482379 0.038780 0.483161 0.038780 0.484723 0.040863 0.485504 0.041905 0.485504 0.048155 0.485504 0.049196 0.473004 0.048155 0.472223 0.048155 0.471442 0.040863 0.471442 0.039821 0.473004 0.036696
0 0.756250 0.018750 0.757812 0.019792 0.758594 0.020833 0.758594 0.027083 0.758594 0.028125 0.755469 0.031250 0.754687 0.032292 0.750000 0.032292 0.749219 0.032292 0.750000 0.028125 0.750000 0.027083 0.756250 0.018750
0 0.787500 0.462500 0.790625 0.464583 0.791406 0.465625 0.789844 0.469792 0.789844 0.470833 0.788281 0.472917 0.787500 0.473958 0.785156 0.473958 0.784375 0.473958 0.784375 0.465625 0.784375 0.464583 0.787500 0.462500
0 0.775781 0.430208 0.780469 0.431250 0.781250 0.432292 0.782031 0.439583 0.782031 0.440625 0.779687 0.441667 0.778906 0.441667 0.775000 0.439583 0.774219 0.438542 0.773438 0.434375 0.773438 0.433333 0.775781 0.430208
0 0.700781 0.260417 0.704688 0.260417 0.705469 0.260417 0.705469 0.266667 0.704688 0.267708 0.700000 0.266667 0.699219 0.265625 0.699219 0.263542 0.699219 0.262500 0.700781 0.260417
0 0.740625 0.325000 0.743750 0.326042 0.744531 0.326042 0.745313 0.331250 0.745313 0.332292 0.742188 0.337500 0.741406 0.338542 0.737500 0.339583 0.736719 0.339583 0.736719 0.331250 0.736719 0.330208 0.740625 0.325000
0 0.671875 0.371875 0.672656 0.371875 0.673438 0.372917 0.673438 0.376042 0.674219 0.377083 0.673438 0.384375 0.672656 0.385417 0.670312 0.384375 0.669531 0.383333 0.669531 0.377083 0.669531 0.376042 0.671875 0.371875
0 0.789062 0.338542 0.791406 0.339583 0.792188 0.340625 0.792969 0.351042 0.792969 0.352083 0.791406 0.354167 0.790625 0.355208 0.786719 0.355208 0.785937 0.355208 0.785156 0.350000 0.785156 0.348958 0.789062 0.338542
0 0.208594 0.253125 0.212500 0.254167 0.213281 0.254167 0.218750 0.258333 0.219531 0.258333 0.221875 0.262500 0.222656 0.263542 0.222656 0.267708 0.222656 0.268750 0.218750 0.270833 0.217969 0.271875 0.213281 0.270833 0.212500 0.270833 0.207813 0.258333 0.207031 0.257292 0.208594 0.253125
0 0.097656 0.457292 0.099219 0.458333 0.100000 0.459375 0.100781 0.463542 0.100781 0.464583 0.110156 0.486458 0.110156 0.487500 0.109375 0.488542 0.109375 0.489583 0.096094 0.501042 0.095312 0.502083 0.090625 0.503125 0.089844 0.503125 0.089063 0.502083 0.088281 0.502083 0.085156 0.493750 0.084375 0.492708 0.084375 0.485417 0.084375 0.484375 0.088281 0.471875 0.088281 0.470833 0.092969 0.462500 0.092969 0.461458 0.097656 0.457292
0 0.062500 0.739583 0.067969 0.743750 0.068750 0.744792 0.070312 0.754167 0.071094 0.755208 0.070312 0.759375 0.069531 0.760417 0.065625 0.760417 0.064844 0.760417 0.058594 0.757292 0.057813 0.756250 0.057813 0.742708 0.057813 0.741667 0.062500 0.739583
0 0.036719 0.737500 0.039062 0.738542 0.039844 0.739583 0.039062 0.743750 0.039062 0.744792 0.037500 0.745833 0.036719 0.745833 0.035156 0.748958 0.034375 0.750000 0.030469 0.751042 0.029687 0.751042 0.028125 0.746875 0.028125 0.745833 0.036719 0.737500
0 0.153906 0.826042 0.155469 0.829167 0.155469 0.830208 0.147656 0.835417 0.146875 0.836458 0.142187 0.836458 0.141406 0.836458 0.142187 0.832292 0.142969 0.831250 0.144531 0.831250 0.145313 0.831250 0.153906 0.826042
0 0.040976 0.833926 0.040976 0.837226 0.040358 0.838876 0.040358 0.840801 0.038089 0.841901 0.036233 0.841901 0.035820 0.841076 0.035614 0.838051 0.035201 0.836951 0.035201 0.833926 0.039120 0.829526 0.041389 0.829526 0.041389 0.831451
0 0.720376 0.737236 0.719034 0.737634 0.718587 0.737634 0.717990 0.737236 0.717543 0.734850 0.717543 0.731668 0.718139 0.729083 0.718139 0.723913 0.717990 0.723317 0.718139 0.722720 0.718587 0.722323 0.722315 0.722323 0.722763 0.722720 0.723061 0.723516 0.723210 0.724709 0.723508 0.725305 0.723508 0.728686 0.723210 0.730078 0.722912 0.730674 0.722912 0.731271 0.722614 0.732861 0.722315 0.733856 0.721719 0.734850 0.721719 0.736242 0.721570 0.736838
0 0.717394 0.738628 0.718587 0.739224 0.718885 0.739622 0.719034 0.740418 0.719034 0.741611 0.718139 0.743997 0.717394 0.745389 0.716201 0.748371 0.715902 0.748769 0.715753 0.749366 0.715455 0.749763 0.715008 0.749962 0.714113 0.749962 0.712771 0.748968 0.712621 0.748371 0.712621 0.747178 0.712323 0.746582 0.712174 0.744593 0.712323 0.743997 0.712771 0.743798 0.713964 0.742406 0.715008 0.741611 0.715753 0.739622 0.715753 0.739026 0.716052 0.738628
0 0.803147 0.689910 0.803147 0.693490 0.803296 0.694086 0.803296 0.696075 0.802998 0.696870 0.802998 0.698660 0.802848 0.699455 0.802848 0.700847 0.802699 0.701444 0.802252 0.701642 0.801208 0.702835 0.799866 0.702835 0.799418 0.702637 0.799120 0.702239 0.799120 0.694882 0.798971 0.694285 0.798971 0.688518 0.799120 0.687922 0.799120 0.687126 0.799418 0.686530 0.799866 0.685933 0.800313 0.685933 0.801357 0.687126 0.801804 0.687325 0.802103 0.687723 0.802401 0.688518 0.802998 0.691501
0 0.959043 0.778861 0.956557 0.778861 0.954817 0.776210 0.952580 0.775547 0.952083 0.773890 0.952332 0.767593 0.953823 0.765936 0.956806 0.765936 0.959043 0.770907 0.961529 0.771902 0.961777 0.773227 0.963766 0.774222 0.963268 0.776541 0.961777 0.778199 0.961280 0.778199
0 0.997818 0.741412 0.995830 0.741080 0.994835 0.740418 0.995084 0.735778 0.995581 0.735446 0.995830 0.733789 0.996327 0.733458 0.996575 0.730807 0.997072 0.729481 0.997818 0.729150 0.999558 0.729150 1.000000 0.730475 1.000000 0.741080
0 0.997321 0.724841 0.995581 0.723516 0.995084 0.722521 0.994835 0.719870 0.994338 0.718544 0.994338 0.714567 0.992598 0.711585 0.991356 0.710259 0.990858 0.708933 0.990858 0.706282 0.991853 0.703962 0.993344 0.702968 0.995332 0.704294 0.996575 0.707939 0.996824 0.709928 0.998067 0.711916 0.999309 0.712579 0.999309 0.713242 1.000000 0.715230 1.000000 0.724178 0.999309 0.725504
0 0.867893 0.336546 0.865990 0.335700 0.863454 0.333728 0.863877 0.325837 0.864300 0.324710 0.865568 0.324428 0.866836 0.325837 0.867681 0.330909 0.869161 0.331473 0.869372 0.332037 0.868950 0.334291
0 0.858813 0.092844 0.857175 0.093572 0.855356 0.093329 0.850262 0.090661 0.850626 0.089448 0.852991 0.087992 0.854082 0.086779 0.856084 0.085809 0.857903 0.085809 0.858267 0.087022 0.858267 0.090661
0 0.851535 0.059124 0.849352 0.058397 0.848624 0.056941 0.848260 0.053060 0.848442 0.050877 0.851353 0.047966 0.852081 0.049178 0.852081 0.054030 0.851535 0.056699
0 0.769861 0.411393 0.768203 0.411393 0.767282 0.410411 0.765809 0.409920 0.764704 0.408447 0.763783 0.407955 0.763046 0.405991 0.763046 0.404517 0.763415 0.404026 0.765993 0.403781 0.767835 0.404272 0.770966 0.407219 0.772071 0.407219 0.773176 0.408201 0.771334 0.410411
0 0.731565 0.481390 0.730521 0.477562 0.728433 0.475821 0.726084 0.471297 0.726606 0.469905 0.728433 0.469557 0.728694 0.468861 0.730260 0.469557 0.731043 0.475125 0.731565 0.475821 0.731565 0.477910
0 0.479143 0.520842 0.479143 0.522352 0.479030 0.522956 0.478690 0.523409 0.478124 0.525372 0.477445 0.526127 0.476086 0.527033 0.475519 0.527184 0.475180 0.527486 0.474727 0.527486 0.474161 0.527184 0.472915 0.525825 0.472009 0.525674 0.470990 0.524768 0.469064 0.524768 0.467706 0.523862 0.467592 0.523107 0.467366 0.522654 0.467479 0.520389 0.467819 0.520087 0.468725 0.520087 0.472802 0.520540 0.474953 0.521446 0.476312 0.522654 0.476425 0.521446 0.478011 0.520540
0 0.459439 0.518426 0.460458 0.520993 0.461364 0.521446 0.461364 0.524013 0.461137 0.524466 0.460684 0.524617 0.460231 0.525523 0.459099 0.526580 0.458646 0.527486 0.458193 0.527637 0.457740 0.527637 0.457060 0.526882 0.456494 0.525674 0.456155 0.524617 0.456041 0.522050 0.454682 0.521899 0.454343 0.521597 0.454116 0.521144 0.454116 0.519030 0.454343 0.518275 0.455249 0.517822 0.456268 0.516161 0.457853 0.514651 0.458419 0.514349 0.459439 0.514047 0.459665 0.514500 0.459665 0.516614 0.459778 0.517218
0 0.305596 0.794050 0.303121 0.794875 0.302296 0.794875 0.302090 0.794325 0.302090 0.786350 0.304152 0.784700 0.305390 0.784425 0.306215 0.790750 0.307246 0.793225
0 0.025095 0.843551 0.022826 0.844651 0.020557 0.850426 0.018908 0.850426 0.018701 0.847951 0.019114 0.838876 0.021176 0.838601 0.023239 0.837226 0.023445 0.836676 0.024682 0.836676 0.026332 0.839701 0.026539 0.841076 0.026126 0.841351
0 0.365625 0.421875 0.372656 0.425000 0.373437 0.425000 0.375781 0.429167 0.375781 0.430208 0.372656 0.431250 0.371875 0.432292 0.360156 0.431250 0.359375 0.431250 0.359375 0.428125 0.359375 0.427083 0.365625 0.421875
0 0.370312 0.463542 0.373437 0.463542 0.374219 0.463542 0.375781 0.466667 0.376563 0.467708 0.376563 0.471875 0.375781 0.472917 0.373437 0.472917 0.372656 0.472917 0.368750 0.467708 0.367969 0.466667 0.370312 0.463542
0 0.144531 0.414583 0.149219 0.415625 0.150000 0.416667 0.149219 0.421875 0.149219 0.422917 0.143750 0.421875 0.142969 0.420833 0.142969 0.417708 0.142969 0.416667 0.144531 0.414583
0 0.133594 0.440625 0.136719 0.441667 0.137500 0.441667 0.137500 0.443750 0.138281 0.444792 0.135937 0.448958 0.135156 0.450000 0.132031 0.448958 0.131250 0.447917 0.131250 0.443750 0.131250 0.442708 0.133594 0.440625
0 0.096094 0.373958 0.097656 0.375000 0.098437 0.375000 0.099219 0.378125 0.100000 0.379167 0.099219 0.386458 0.098437 0.387500 0.096875 0.386458 0.096094 0.385417 0.095312 0.379167 0.094531 0.378125 0.096094 0.373958
0 0.017969 0.451042 0.019531 0.451042 0.020313 0.451042 0.021875 0.454167 0.022656 0.455208 0.021875 0.458333 0.021875 0.459375 0.019531 0.461458 0.018750 0.462500 0.017188 0.460417 0.016406 0.459375 0.016406 0.455208 0.016406 0.454167 0.017969 0.451042
0 0.021094 0.294792 0.024219 0.296875 0.025000 0.296875 0.025781 0.297917 0.026562 0.298958 0.026562 0.302083 0.025781 0.303125 0.023438 0.303125 0.022656 0.303125 0.021094 0.301042 0.020313 0.300000 0.021094 0.294792
0 0.189844 0.566667 0.196094 0.567708 0.196875 0.567708 0.198437 0.569792 0.198437 0.570833 0.197656 0.571875 0.196875 0.572917 0.188281 0.573958 0.187500 0.573958 0.186719 0.572917 0.185938 0.572917 0.185938 0.569792 0.185938 0.568750 0.189844 0.566667
0 0.553125 0.847917 0.556250 0.847917 0.557031 0.847917 0.557813 0.851042 0.558594 0.852083 0.557813 0.861458 0.557031 0.862500 0.553125 0.861458 0.552344 0.860417 0.551562 0.855208 0.551562 0.854167 0.553125 0.847917
0 0.438281 0.854167 0.442969 0.857292 0.443750 0.858333 0.443750 0.863542 0.442969 0.864583 0.435937 0.863542 0.435156 0.862500 0.435156 0.858333 0.435156 0.857292 0.438281 0.854167
0 0.469531 0.794792 0.474219 0.802083 0.475000 0.803125 0.475000 0.808333 0.475000 0.809375 0.473438 0.809375 0.472656 0.809375 0.468750 0.805208 0.467969 0.804167 0.467187 0.797917 0.467187 0.796875 0.469531 0.794792
0 0.400000 0.810417 0.403906 0.810417 0.404687 0.810417 0.405469 0.814583 0.405469 0.815625 0.404687 0.816667 0.403906 0.817708 0.400781 0.817708 0.400000 0.817708 0.399219 0.816667 0.398438 0.815625 0.398438 0.813542 0.398438 0.812500 0.400000 0.810417
0 0.392188 0.780208 0.395313 0.783333 0.395313 0.784375 0.394531 0.786458 0.394531 0.787500 0.391406 0.789583 0.390625 0.789583 0.389844 0.784375 0.389844 0.783333 0.392188 0.780208
0 0.758594 0.622917 0.761719 0.623958 0.762500 0.625000 0.760938 0.632292 0.760156 0.633333 0.757031 0.632292 0.756250 0.631250 0.756250 0.627083 0.756250 0.626042 0.758594 0.622917
0 0.759255 0.642200 0.757041 0.641127 0.757041 0.636297 0.759054 0.634686 0.760060 0.634686 0.761067 0.635491 0.760463 0.636565 0.760463 0.640590
0 0.739844 0.670833 0.743750 0.670833 0.744531 0.670833 0.744531 0.676042 0.744531 0.677083 0.741406 0.678125 0.740625 0.678125 0.739844 0.677083 0.739062 0.676042 0.739844 0.670833
0 0.865794 0.798786 0.862244 0.798470 0.859403 0.794683 0.858693 0.793421 0.858457 0.786794 0.858693 0.785531 0.859403 0.785531 0.860350 0.784584 0.861770 0.784584 0.863900 0.782691 0.867214 0.783007 0.868871 0.791527 0.868871 0.793736 0.866267 0.795946
0 0.869344 0.809200 0.868634 0.805097 0.868634 0.799417 0.869818 0.798470 0.870054 0.796892 0.872895 0.791843 0.874078 0.791843 0.875025 0.792790 0.877155 0.796892 0.877392 0.800995 0.877865 0.801626 0.877865 0.802888 0.878812 0.806360 0.878812 0.808884 0.877865 0.810462 0.872421 0.812040 0.869818 0.812040
0 0.540443 0.037219 0.539307 0.037976 0.538881 0.038734 0.538455 0.038923 0.538171 0.039302 0.538029 0.039870 0.538029 0.041006 0.537460 0.043278 0.536608 0.043467 0.533910 0.043467 0.533484 0.043278 0.532774 0.041952 0.531780 0.041384 0.530928 0.039491 0.530502 0.038166 0.529792 0.037219 0.529508 0.036083 0.529366 0.033811 0.530218 0.033811 0.531780 0.034568 0.534336 0.034568 0.535330 0.034189 0.535614 0.033621 0.536892 0.033621 0.537318 0.033432 0.538171 0.032674 0.538739 0.032485 0.539591 0.031917 0.540017 0.032106 0.540159 0.032674 0.540159 0.035704
0 0.384375 0.367708 0.386719 0.367708 0.387500 0.367708 0.389844 0.370833 0.390625 0.371875 0.390625 0.381250 0.390625 0.382292 0.389062 0.385417 0.389062 0.386458 0.384375 0.390625 0.383594 0.390625 0.380469 0.388542 0.379688 0.388542 0.378125 0.385417 0.377344 0.384375 0.377344 0.376042 0.377344 0.375000 0.384375 0.367708
0 0.743750 0.106250 0.746094 0.107292 0.746875 0.107292 0.746875 0.112500 0.746875 0.113542 0.745313 0.115625 0.744531 0.116667 0.742969 0.116667 0.742188 0.116667 0.738281 0.111458 0.738281 0.110417 0.743750 0.106250
