0 0.702346 0.416101 0.702346 0.415073 0.701950 0.413056 0.700794 0.410101 0.699572 0.408601 0.698445 0.408330 0.697703 0.408601 0.697109 0.409560 0.696564 0.410062 0.696565 0.411476 0.695976 0.413622 0.695687 0.414264 0.694658 0.415636 0.693213 0.416792 0.691122 0.417449 0.690213 0.417580 0.689637 0.418836 0.689340 0.420029 0.689145 0.423509 0.689255 0.424799 0.690283 0.426299 0.690958 0.426813 0.691989 0.427212 0.693338 0.427212 0.694947 0.426556 0.696007 0.425785 0.698320 0.423216 0.699283 0.422445 0.700890 0.420174 0.700986 0.419789 0.701854 0.418247 0.702143 0.417091
0 0.578471 0.381621 0.578268 0.380088 0.577978 0.379646 0.577672 0.377870 0.577135 0.376974 0.576835 0.376574 0.575021 0.376036 0.574602 0.375478 0.573901 0.375462 0.574180 0.373225 0.574836 0.372262 0.575240 0.370646 0.575000 0.366667 0.574879 0.366613 0.574769 0.366074 0.573953 0.365166 0.571666 0.364447 0.569517 0.364537 0.567834 0.365255 0.567153 0.366164 0.566616 0.367775 0.566279 0.369392 0.566321 0.370134 0.566065 0.371157 0.565551 0.371344 0.565004 0.372074 0.564870 0.372521 0.564600 0.373869 0.564600 0.375571 0.564803 0.376560 0.565887 0.378006 0.567952 0.378790 0.569393 0.379582 0.570412 0.380457 0.571081 0.381438 0.572566 0.382633 0.573463 0.383231 0.575878 0.384264 0.576449 0.384318 0.577395 0.383938 0.578024 0.383100 0.578350 0.382530 0.578325 0.382334
0 0.455964 0.458243 0.455964 0.457482 0.455562 0.455541 0.455235 0.454889 0.453749 0.452907 0.453125 0.443750 0.448437 0.439583 0.446017 0.443887 0.446017 0.445959 0.445772 0.447456 0.445772 0.449897 0.446017 0.451503 0.446017 0.454722 0.446482 0.457031 0.446727 0.457683 0.447298 0.458770 0.448588 0.460491 0.450463 0.461687 0.451674 0.462114 0.452897 0.462114 0.454597 0.461360 0.455562 0.460075 0.455963 0.458243
0 0.456222 0.536512 0.455976 0.536378 0.455051 0.534989 0.453840 0.534562 0.452629 0.534989 0.451747 0.536167 0.451426 0.537908 0.450604 0.538891 0.450503 0.539396 0.448465 0.542485 0.448136 0.543666 0.447819 0.544090 0.447501 0.545070 0.447064 0.546982 0.447064 0.551748 0.447440 0.552877 0.448039 0.555791 0.448039 0.557289 0.448591 0.558026 0.449802 0.558453 0.451292 0.558026 0.452731 0.555920 0.454124 0.552764 0.454542 0.552207 0.454731 0.551397 0.455047 0.550817 0.455325 0.548963 0.455325 0.548179 0.455785 0.545821 0.456161 0.544548 0.456161 0.540524 0.455882 0.538153 0.456203 0.536538
0 0.549354 0.606847 0.549354 0.602922 0.549148 0.601886 0.549219 0.601042 0.548893 0.600933 0.547758 0.599345 0.546547 0.598918 0.545336 0.599345 0.545095 0.599667 0.542969 0.598958 0.542673 0.600242 0.541542 0.600828 0.540398 0.602528 0.540071 0.603400 0.539685 0.605277 0.539358 0.607806 0.539358 0.609638 0.539744 0.611514 0.539994 0.611848 0.539844 0.612500 0.540385 0.612369 0.540888 0.612953 0.542557 0.613554 0.545828 0.613816 0.547039 0.613389 0.548183 0.611950 0.548706 0.610903 0.549354 0.606847
0 0.605469 0.097917 0.602344 0.107292 0.592187 0.104167 0.597656 0.095833
0 0.571193 0.163490 0.570980 0.162318 0.570699 0.161569 0.570497 0.161234 0.568785 0.159636 0.568671 0.159077 0.568335 0.158629 0.567260 0.157777 0.567171 0.156756 0.565856 0.155473 0.565113 0.154528 0.563609 0.154354 0.562898 0.154400 0.560508 0.155244 0.559391 0.156056 0.558479 0.157497 0.557769 0.159347 0.556584 0.161017 0.556120 0.162444 0.556086 0.163437 0.556347 0.164503 0.557326 0.165628 0.558159 0.165930 0.560246 0.165795 0.561725 0.166021 0.567197 0.167736 0.569736 0.167826 0.570264 0.167614 0.570624 0.167289 0.570939 0.166579 0.571064 0.165964 0.571023 0.164624
0 0.170313 0.631250 0.171094 0.646875 0.164844 0.646875 0.162500 0.632292 0.165625 0.629167
0 0.140578 0.753710 0.140578 0.752412 0.139958 0.749501 0.139135 0.747904 0.137878 0.746228 0.136517 0.745701 0.136068 0.745701 0.134857 0.746128 0.134440 0.746685 0.134040 0.746599 0.133768 0.746133 0.133640 0.746599 0.132238 0.747026 0.131280 0.748303 0.131056 0.748902 0.130660 0.750816 0.130607 0.752893 0.129185 0.754789 0.128640 0.757402 0.128640 0.759597 0.128850 0.760655 0.128448 0.761191 0.128244 0.761263 0.128511 0.762608 0.129768 0.764185 0.130979 0.764612 0.133599 0.764612 0.135558 0.763985 0.136665 0.762509 0.136965 0.761611 0.138087 0.759914 0.139189 0.757448 0.140033 0.755923 0.140578 0.753710
0 0.240768 0.756019 0.240407 0.756501 0.239166 0.756935 0.233086 0.760409 0.232808 0.761810 0.231925 0.762987 0.231551 0.763320 0.228843 0.764412 0.227471 0.764412 0.226260 0.763985 0.225377 0.762808 0.225057 0.761193 0.225133 0.759646 0.224489 0.759455 0.224588 0.758959 0.224942 0.758250 0.226562 0.756169 0.228592 0.754625 0.229680 0.754173 0.230179 0.753674 0.231426 0.753175 0.233172 0.752177 0.235078 0.750135 0.235418 0.750015 0.236166 0.749184 0.236665 0.748851 0.237323 0.747973 0.237663 0.747853 0.239206 0.745961 0.241406 0.747917 0.242188 0.755208
0 0.370536 0.010721 0.370536 0.008527 0.370032 0.005616 0.368553 0.005969 0.367768 0.006486 0.366229 0.008362 0.365701 0.008714 0.362771 0.009494 0.361459 0.009494 0.361295 0.010181 0.360560 0.011690 0.359577 0.015998 0.359180 0.016879 0.358070 0.018536 0.358110 0.019234 0.358366 0.019783 0.357689 0.022492 0.358640 0.024675 0.359037 0.026261 0.359301 0.026790 0.359636 0.028484 0.359636 0.030274 0.359923 0.030793 0.360241 0.031033 0.361196 0.030143 0.361962 0.029981 0.362244 0.029713 0.362528 0.028280 0.363411 0.027103 0.363591 0.027040 0.364369 0.025826 0.365040 0.022111 0.365701 0.019996 0.366579 0.018825 0.367155 0.017704 0.367419 0.016647 0.368477 0.014884 0.370196 0.012593 0.370404 0.011387
0 0.192666 0.038313 0.192350 0.036743 0.192350 0.034434 0.192453 0.033924 0.192350 0.032253 0.192056 0.031031 0.191520 0.029768 0.190437 0.025351 0.188397 0.021937 0.186905 0.017626 0.186096 0.016714 0.184355 0.015387 0.183609 0.014393 0.182987 0.014061 0.182529 0.013589 0.181475 0.013135 0.180116 0.013284 0.175545 0.015011 0.173280 0.016471 0.168112 0.021410 0.166099 0.025070 0.166172 0.026063 0.167560 0.025922 0.168065 0.025600 0.172293 0.023942 0.177728 0.022083 0.178847 0.022083 0.181422 0.022947 0.182504 0.024389 0.182153 0.026297 0.182677 0.028901 0.182926 0.029564 0.183581 0.030603 0.184915 0.036031 0.185164 0.036528 0.186594 0.038434 0.188547 0.039132 0.189487 0.038796 0.192320 0.038449
0 0.273878 0.840935 0.273870 0.839812 0.273467 0.838910 0.272672 0.838522 0.269835 0.838351 0.268679 0.837921 0.267796 0.837286 0.266554 0.835796 0.265819 0.833738 0.265767 0.832002 0.264497 0.829607 0.263581 0.829673 0.261830 0.830990 0.260133 0.833139 0.257503 0.836080 0.257113 0.836713 0.256925 0.837398 0.256925 0.838065 0.257164 0.839320 0.258197 0.843695 0.258452 0.845895 0.259131 0.849804 0.259215 0.855233 0.259046 0.857043 0.258490 0.859397 0.259006 0.861226 0.259507 0.862041 0.260169 0.862633 0.261728 0.863226 0.262674 0.863219 0.263592 0.862984 0.264359 0.862522 0.265163 0.861670 0.265871 0.860545 0.266454 0.859116 0.268034 0.853459 0.269034 0.850668 0.271763 0.846236 0.272755 0.844414 0.273658 0.842184
0 0.287752 0.687535 0.287705 0.686716 0.286856 0.683729 0.286274 0.680840 0.286187 0.680028 0.286378 0.679068 0.285999 0.677236 0.284531 0.670918 0.283553 0.667944 0.282855 0.666954 0.282327 0.666644 0.280931 0.666421 0.279064 0.666889 0.278247 0.667368 0.277591 0.668165 0.277129 0.669245 0.276386 0.672099 0.275976 0.673022 0.275442 0.673768 0.272811 0.675876 0.272319 0.676972 0.272555 0.678392 0.272893 0.679256 0.277739 0.689596 0.278818 0.691499 0.279901 0.692916 0.281005 0.693557 0.282508 0.693600 0.283486 0.693023 0.284696 0.691958 0.287585 0.688026 0.287725 0.687571
0 0.670412 0.756475 0.669888 0.753871 0.668822 0.752449 0.668821 0.752266 0.668458 0.751965 0.666505 0.751267 0.665493 0.751628 0.663375 0.750875 0.661226 0.751704 0.659715 0.753719 0.659277 0.753727 0.659470 0.754876 0.659175 0.756345 0.659680 0.758854 0.659159 0.764970 0.660731 0.767101 0.661891 0.766909 0.665639 0.764992 0.668196 0.763319 0.669115 0.762540 0.669052 0.761629 0.669692 0.760775 0.670216 0.758171 0.670216 0.757448
0 0.671048 0.778093 0.669826 0.776464 0.667408 0.774454 0.659954 0.770584 0.659323 0.769447 0.657897 0.768983 0.652692 0.769257 0.651589 0.769500 0.650969 0.770584 0.649089 0.771158 0.644848 0.771158 0.640440 0.772069 0.639275 0.771893 0.637408 0.772775 0.635426 0.777503 0.635727 0.778884 0.638565 0.781604 0.642532 0.783626 0.646881 0.783626 0.652226 0.782092 0.662818 0.782245 0.664019 0.781172 0.665248 0.781173 0.669859 0.779384
0 0.698098 0.596537 0.698098 0.595444 0.697630 0.593612 0.697630 0.590898 0.694857 0.590436 0.694147 0.590177 0.691380 0.589856 0.691190 0.590041 0.690255 0.590040 0.689308 0.590448 0.687429 0.592816 0.687244 0.593721 0.687010 0.594095 0.682786 0.598190 0.683378 0.607657 0.682924 0.610195 0.682924 0.613746 0.683127 0.614735 0.683674 0.615465 0.684519 0.615735 0.685671 0.615191 0.686320 0.614326 0.688090 0.611282 0.690268 0.608834 0.692279 0.606018 0.695143 0.602977 0.695949 0.601214 0.696461 0.600531 0.697280 0.598756 0.697588 0.598346 0.697895 0.597527
0 0.757230 0.536350 0.750980 0.533225 0.745511 0.538433 0.745511 0.553016 0.744702 0.557329 0.744484 0.557889 0.743877 0.560767 0.743775 0.562075 0.743472 0.563601 0.743573 0.566434 0.743776 0.567423 0.744323 0.568152 0.745166 0.568423 0.746111 0.568018 0.747973 0.565535 0.749188 0.563241 0.749365 0.562600 0.749896 0.561622 0.750541 0.559682 0.751110 0.558654 0.752425 0.554336 0.752730 0.552697 0.753389 0.551548 0.754970 0.549575 0.755273 0.549035 0.755413 0.548445 0.755779 0.547957
0 0.837200 0.738975 0.835236 0.740649 0.830066 0.742336 0.816722 0.742572 0.813950 0.743517 0.812953 0.743347 0.809766 0.746875 0.807031 0.746875 0.805355 0.744081 0.807826 0.740250 0.811836 0.735959 0.817432 0.732157 0.820015 0.729617 0.829567 0.730603 0.831583 0.732439 0.835461 0.734795 0.837200 0.736996 0.837403 0.737986
0 0.920216 0.155054 0.920128 0.153232 0.919807 0.151617 0.918925 0.149619 0.917998 0.148383 0.917792 0.148282 0.917685 0.147666 0.916271 0.145833 0.914627 0.146164 0.910375 0.146164 0.908960 0.147853 0.907911 0.148831 0.907651 0.149908 0.907783 0.152968 0.909375 0.161458 0.910239 0.161192 0.911520 0.162549 0.913437 0.163329 0.914804 0.163329 0.916191 0.162843 0.917558 0.161726 0.918837 0.159961 0.919313 0.158401 0.919531 0.158333 0.919458 0.157899 0.919763 0.157198 0.920215 0.155054
0 0.815718 0.451020 0.808761 0.440039 0.806509 0.440039 0.804335 0.439501 0.802423 0.439412 0.801601 0.440150 0.799987 0.441136 0.797287 0.444799 0.796967 0.446414 0.797299 0.447882 0.797804 0.448215 0.798910 0.448395 0.800121 0.448822 0.801139 0.450268 0.801526 0.452331 0.801233 0.454258 0.801701 0.455859 0.802756 0.457369 0.803457 0.457719 0.804961 0.459695 0.805860 0.460175 0.806777 0.460950 0.808795 0.461646 0.809602 0.461646 0.811418 0.461040 0.812628 0.459874 0.813847 0.458249 0.815057 0.455828 0.815647 0.453407 0.815647 0.452152 0.815509 0.451457
0 0.371055 0.584195 0.371055 0.580766 0.369618 0.578477 0.368957 0.577811 0.365882 0.577781 0.364461 0.580683 0.362973 0.582025 0.358090 0.588749 0.356805 0.591533 0.355799 0.596591 0.355799 0.600445 0.356214 0.602801 0.355629 0.604439 0.358754 0.604439 0.370473 0.595064
0 0.417817 0.510609 0.417497 0.512223 0.416614 0.513401 0.416339 0.513584 0.415552 0.513899 0.415101 0.514318 0.413890 0.514745 0.413065 0.514745 0.411854 0.514318 0.410146 0.512040 0.409959 0.511424 0.409045 0.510023 0.408584 0.508676 0.407813 0.508333 0.406250 0.502083 0.400781 0.496875 0.406250 0.489583 0.410938 0.489583 0.416406 0.505208 0.416484 0.505937 0.417497 0.507160 0.417818 0.508775 0.417818 0.510609
0 0.134375 0.434375 0.134375 0.423958 0.131250 0.418750 0.127344 0.418750 0.121875 0.413542 0.121160 0.413436 0.119434 0.411379 0.114738 0.408506 0.112610 0.408934 0.111361 0.410600 0.111040 0.412214 0.111361 0.414807 0.112794 0.416718 0.118112 0.420874 0.119781 0.421434 0.125781 0.432292 0.128906 0.434375
0 0.210938 0.454167 0.213281 0.459375 0.212500 0.479167 0.210938 0.483333 0.206250 0.483333 0.201563 0.477083 0.202344 0.457292 0.207813 0.453125
0 0.246094 0.606250 0.239844 0.617708 0.237500 0.619792 0.235156 0.628125 0.232031 0.633333 0.228125 0.631250 0.225000 0.620833 0.231250 0.610417 0.239063 0.600000
0 0.092188 0.527083 0.092037 0.525268 0.091659 0.523913 0.090625 0.517708 0.083594 0.509375 0.079687 0.497917 0.082812 0.492708 0.082812 0.488542 0.076563 0.485417 0.074240 0.487628 0.073545 0.490015 0.072906 0.491586 0.072549 0.493510 0.072449 0.496220 0.072049 0.499906 0.072049 0.503909 0.074219 0.510417 0.078906 0.519792 0.085171 0.528144 0.085558 0.529589 0.086604 0.530985 0.088446 0.531655 0.089045 0.531655 0.090487 0.531118 0.091834 0.529456 0.092037 0.528466 0.092037 0.527134
0 0.806772 0.172330 0.806159 0.169889 0.806250 0.169792 0.803906 0.160417 0.803280 0.159511 0.801159 0.158763 0.800496 0.158120 0.799252 0.156461 0.798770 0.155337 0.798450 0.153723 0.798389 0.152448 0.794531 0.146875 0.794085 0.145805 0.794485 0.144086 0.794485 0.143122 0.794164 0.141507 0.792980 0.139929 0.792287 0.139487 0.791535 0.138483 0.790949 0.138277 0.790625 0.137500 0.783594 0.137500 0.782996 0.137978 0.782178 0.140239 0.781636 0.141042 0.780913 0.142568 0.780612 0.143692 0.779687 0.144925 0.779687 0.145833 0.780037 0.146066 0.780340 0.147226 0.781945 0.149206 0.784662 0.150276 0.786833 0.150597 0.788704 0.151332 0.790731 0.153794 0.791716 0.156875 0.792478 0.158131 0.792658 0.158934 0.793682 0.161022 0.794003 0.162637 0.793921 0.163046 0.796094 0.166667 0.802004 0.173561 0.802315 0.174552 0.802664 0.176480 0.803546 0.177657 0.804757 0.178084 0.805968 0.177657 0.806367 0.177125 0.806306 0.174784 0.806672 0.172833
0 0.205469 0.148958 0.210938 0.156250 0.210938 0.172917 0.204687 0.178125 0.196094 0.177083 0.196094 0.157292 0.200000 0.148958 0.201563 0.148958
0 0.178125 0.162500 0.171149 0.162500 0.169526 0.160674 0.169253 0.159905 0.169126 0.159056 0.169126 0.156233 0.169478 0.154510 0.169684 0.154235 0.170065 0.153051 0.170268 0.152061 0.170268 0.151257 0.170775 0.149185 0.170775 0.148720 0.171537 0.145801 0.171537 0.143771 0.170902 0.141529 0.170699 0.140244 0.169430 0.136691 0.168249 0.134777 0.166509 0.133052 0.164844 0.129167 0.165109 0.125624 0.166491 0.124485 0.167399 0.125356 0.169144 0.126330 0.171967 0.130094 0.172474 0.130601 0.173197 0.130865 0.173628 0.131555 0.174212 0.134102 0.174465 0.134440 0.174719 0.135286 0.175100 0.135963 0.177892 0.139516 0.178576 0.140834 0.178704 0.141513 0.178704 0.142925 0.179541 0.146283 0.180849 0.148197 0.181320 0.148568 0.182031 0.155208
0 0.607031 0.864583 0.604688 0.865625 0.558594 0.865625 0.553906 0.864583 0.556250 0.861458 0.560937 0.859375 0.568750 0.854167 0.570701 0.851896 0.574026 0.849574 0.579093 0.847251 0.588435 0.841973 0.596984 0.834375 0.603125 0.834375 0.610156 0.839583 0.612500 0.845833 0.612500 0.855208
0 0.550200 0.513421 0.546294 0.508213 0.540825 0.507171 0.538285 0.507455 0.537074 0.507882 0.535361 0.509024 0.534676 0.509709 0.533451 0.511342 0.532959 0.513414 0.533227 0.515104 0.533013 0.515504 0.533584 0.516473 0.534107 0.516473 0.535374 0.516975 0.535685 0.516865 0.536413 0.517129 0.537783 0.518156 0.539265 0.520247 0.539522 0.520818 0.539843 0.522432 0.539843 0.525134 0.540185 0.527524 0.540518 0.528241 0.541604 0.528688 0.542651 0.528802 0.544779 0.529555 0.546355 0.529046 0.548070 0.526965 0.548421 0.526087 0.548638 0.525921 0.549007 0.523829 0.548966 0.523293
0 0.502344 0.363542 0.514844 0.380208 0.522656 0.383333 0.527344 0.389583 0.527344 0.397917 0.520312 0.398958 0.517188 0.395833 0.511719 0.395833 0.508594 0.388542 0.500781 0.378125 0.493750 0.370833 0.493750 0.364583 0.497656 0.360417
0 0.496094 0.283333 0.496094 0.289583 0.492969 0.294792 0.482812 0.302083 0.474219 0.302083 0.471875 0.298958 0.471875 0.291667 0.476562 0.280208 0.488281 0.277083
0 0.260260 0.009679 0.260150 0.007778 0.259947 0.006788 0.258850 0.004887 0.258083 0.003865 0.257227 0.003487 0.256237 0.000000 0.243232 0.000000 0.242713 0.002586 0.242818 0.003683 0.242615 0.004672 0.241958 0.005548 0.241216 0.005818 0.239461 0.005818 0.238621 0.005526 0.235913 0.005526 0.235029 0.005672 0.233580 0.013395 0.234347 0.014710 0.234129 0.015822 0.234129 0.016700 0.234661 0.019006 0.237402 0.022660 0.238389 0.023392 0.238842 0.023557 0.239267 0.023977 0.240667 0.024540 0.241655 0.024540 0.244262 0.023245 0.245028 0.022224 0.246130 0.020152 0.248127 0.020152 0.249088 0.019735 0.253706 0.013642 0.254561 0.013278 0.257341 0.013278 0.258742 0.012861 0.259727 0.011546 0.260056 0.010669
0 0.578125 0.105208 0.582031 0.110417 0.582031 0.118750 0.575781 0.128125 0.571875 0.128125 0.561719 0.114583 0.561719 0.110417 0.569531 0.105208
0 0.669139 0.283813 0.668552 0.285970 0.667301 0.287406 0.666760 0.288976 0.666308 0.289578 0.665972 0.289699 0.665671 0.290502 0.665844 0.294991 0.665257 0.297532 0.664621 0.299228 0.664158 0.300076 0.663186 0.301295 0.662319 0.301834 0.660644 0.302310 0.659546 0.302310 0.658449 0.301680 0.657535 0.300461 0.657072 0.299459 0.656658 0.297534 0.656658 0.295068 0.656957 0.293604 0.656700 0.292603 0.656306 0.292078 0.654458 0.291526 0.652203 0.291526 0.651365 0.291851 0.649219 0.290625 0.645312 0.284375 0.648628 0.278187 0.650686 0.276989 0.654034 0.275947 0.655846 0.275793 0.657347 0.275240 0.659602 0.273699 0.661167 0.271917 0.661109 0.271557 0.661235 0.270943 0.661571 0.270495 0.661881 0.270312 0.663189 0.268799 0.663882 0.268478 0.664691 0.268478 0.665383 0.268799 0.667338 0.271251 0.667974 0.272793 0.668330 0.274409 0.668330 0.275334 0.668089 0.276180 0.667199 0.277190 0.667414 0.279195 0.668505 0.279359 0.668957 0.280038 0.669140 0.281578 0.669140 0.283813
0 0.798445 0.393296 0.797753 0.396151 0.796782 0.398491 0.795986 0.401110 0.795428 0.402474 0.792499 0.406503 0.792187 0.406672 0.790453 0.408611 0.788592 0.409410 0.787102 0.408859 0.785754 0.407186 0.785061 0.403959 0.785156 0.398653 0.786129 0.396771 0.786966 0.394291 0.787472 0.391808 0.787565 0.387716 0.786966 0.385234 0.786222 0.383746 0.785184 0.382363 0.785426 0.381145 0.785426 0.380348 0.785545 0.379943 0.786222 0.378916 0.786627 0.377879 0.787385 0.376869 0.788014 0.376403 0.789965 0.375933 0.790699 0.375933 0.793055 0.376676 0.794006 0.376676 0.794504 0.376954 0.794706 0.377337 0.798438 0.386458 0.798050 0.390590 0.798445 0.392304 0.798445 0.393296
0 0.333008 0.609029 0.332918 0.605645 0.332352 0.603205 0.332171 0.602722 0.331171 0.601389 0.330469 0.601042 0.323437 0.603125 0.317188 0.598958 0.314063 0.602083 0.314063 0.610812 0.314383 0.610929 0.314930 0.611658 0.315133 0.612648 0.315133 0.613441 0.314895 0.614869 0.314097 0.618556 0.313026 0.622523 0.312744 0.623008 0.311955 0.626330 0.311385 0.627692 0.311122 0.628869 0.309829 0.631546 0.309337 0.633312 0.308624 0.635216 0.308282 0.635671 0.308148 0.636326 0.306839 0.638706 0.303906 0.643092 0.303906 0.645833 0.308443 0.652891 0.308655 0.653645 0.309837 0.655220 0.310579 0.655491 0.312573 0.655491 0.314131 0.655099 0.314946 0.654616 0.315584 0.653766 0.317034 0.650624 0.319028 0.647361 0.323379 0.641802 0.323832 0.640835 0.324104 0.639868 0.324307 0.638879 0.324216 0.635616 0.323651 0.633297 0.323107 0.631847 0.322105 0.630020 0.321981 0.627884 0.322416 0.626771 0.323557 0.625008 0.326729 0.622108 0.329633 0.618478 0.330630 0.616544 0.331989 0.613281 0.332918 0.609471
0 0.025676 0.496277 0.024077 0.499075 0.023278 0.501341 0.022978 0.501740 0.021978 0.503872 0.020033 0.506334 0.018833 0.507133 0.016392 0.507937 0.014859 0.508203 0.011825 0.509416 0.009464 0.510965 0.007840 0.512463 0.007241 0.513263 0.005742 0.514728 0.004642 0.515395 0.003500 0.515799 0.002201 0.515932 0.000802 0.515932 0.000000 0.515625 0.000000 0.514932 0.000000 0.513942 0.000000 0.512953 0.000000 0.512304 0.000000 0.469792 0.003906 0.468750 0.008594 0.468750 0.013281 0.470833 0.020313 0.480208 0.022656 0.484375 0.022656 0.486458 0.023765 0.489414 0.024154 0.489871 0.024430 0.489971 0.024976 0.490700 0.025476 0.491900 0.025879 0.494088 0.025879 0.495288
0 0.104865 0.581402 0.104318 0.579917 0.102779 0.577866 0.101046 0.577608 0.099029 0.576960 0.096763 0.575827 0.095938 0.575104 0.095312 0.575000 0.092703 0.573454 0.092123 0.573265 0.089999 0.573265 0.087498 0.572698 0.084475 0.572698 0.083908 0.572887 0.082868 0.572887 0.081917 0.573265 0.080950 0.573774 0.077779 0.577813 0.075850 0.584729 0.075227 0.586200 0.074150 0.589827 0.073637 0.590512 0.073300 0.591527 0.072646 0.592589 0.072167 0.593793 0.069921 0.596788 0.069213 0.597355 0.067938 0.599054 0.067460 0.599314 0.066695 0.600228 0.067187 0.604167 0.074219 0.614583 0.082031 0.614583 0.086719 0.612500 0.086782 0.612134 0.087464 0.611355 0.088738 0.607956 0.088941 0.606967 0.088941 0.602812 0.088800 0.602122 0.088793 0.600514 0.089063 0.598958 0.093369 0.596870 0.095381 0.596870 0.097256 0.596222 0.102270 0.589914 0.102589 0.589170 0.103864 0.583694 0.104094 0.583387 0.104431 0.582183 0.104856 0.581427
0 0.798804 0.845220 0.797374 0.847126 0.795421 0.847824 0.794949 0.847824 0.794602 0.848288 0.792649 0.848986 0.791619 0.848986 0.791006 0.848775 0.790351 0.848880 0.788398 0.848182 0.788026 0.847685 0.787052 0.847337 0.786497 0.846915 0.785068 0.845009 0.784544 0.842299 0.785147 0.839378 0.786577 0.837472 0.789480 0.836351 0.790827 0.836246 0.794248 0.837302 0.795421 0.837407 0.797374 0.838105 0.798804 0.840012 0.799327 0.842616
0 0.754182 0.837562 0.753659 0.834958 0.752229 0.833052 0.750586 0.832464 0.750304 0.832089 0.748111 0.831391 0.747469 0.831498 0.739823 0.834228 0.737738 0.835190 0.736456 0.836045 0.734785 0.838272 0.734545 0.838807 0.734021 0.841411 0.734545 0.844336 0.736215 0.846563 0.739050 0.847474 0.741557 0.847581 0.742257 0.847795 0.745224 0.847795 0.747899 0.846883 0.748941 0.846242 0.750224 0.845066 0.753659 0.840166
0 0.577917 0.725981 0.577917 0.725106 0.577613 0.723846 0.576510 0.722309 0.574843 0.720692 0.573040 0.720085 0.570160 0.720017 0.569115 0.720355 0.567700 0.721231 0.566799 0.722499 0.566596 0.723489 0.566596 0.724701 0.566850 0.725893 0.567473 0.726994 0.567405 0.727396 0.567608 0.728385 0.568660 0.729788 0.569721 0.730664 0.570867 0.731070 0.571878 0.731070 0.574388 0.730327 0.576055 0.729317 0.576712 0.728710 0.577259 0.727981 0.577714 0.726971
0 0.125475 0.024253 0.125205 0.025810 0.124735 0.026885 0.123517 0.028509 0.121905 0.030031 0.120236 0.032525 0.119859 0.033476 0.119815 0.034531 0.119522 0.036004 0.119295 0.036487 0.118340 0.037760 0.117138 0.038447 0.116148 0.038756 0.115270 0.038486 0.114723 0.037756 0.114520 0.036767 0.114723 0.035777 0.115270 0.035048 0.116459 0.034522 0.116876 0.033965 0.117079 0.032877 0.117541 0.032261 0.117840 0.030774 0.117840 0.029116 0.117317 0.026511 0.117014 0.025941 0.115945 0.020432 0.116114 0.019534 0.116449 0.018638 0.117198 0.017641 0.119283 0.016743 0.120559 0.016833 0.122778 0.017730 0.123248 0.018088 0.125138 0.020697 0.125543 0.022493 0.125543 0.023925
0 0.115949 0.111372 0.115811 0.109354 0.114783 0.104327 0.113544 0.101300 0.111621 0.098369 0.111070 0.097818 0.110122 0.097456 0.109078 0.097731 0.108126 0.097364 0.107384 0.097635 0.106837 0.098364 0.106218 0.099648 0.106080 0.100291 0.105740 0.102014 0.105602 0.103574 0.105602 0.104583 0.105943 0.106398 0.106080 0.106765 0.106971 0.107953 0.108305 0.109089 0.108807 0.109850 0.109383 0.113188 0.109521 0.113646 0.110068 0.114376 0.111788 0.115477 0.112530 0.115747 0.113012 0.115656 0.113892 0.115293 0.114442 0.114651 0.115402 0.113279 0.115746 0.112362
0 0.748195 0.720049 0.748118 0.718819 0.747838 0.717420 0.747291 0.716691 0.746242 0.716105 0.745994 0.714962 0.745447 0.714233 0.744705 0.713962 0.742631 0.713962 0.741653 0.714343 0.740173 0.713962 0.739405 0.713962 0.738048 0.714540 0.737568 0.715077 0.737203 0.715257 0.736425 0.716294 0.736222 0.717795 0.736502 0.718990 0.737194 0.720116 0.739584 0.723406 0.740871 0.724200 0.741812 0.725148 0.742811 0.725864 0.744091 0.726340 0.744705 0.726340 0.745831 0.725762 0.746609 0.724726 0.747147 0.723701 0.747531 0.722779 0.747992 0.721038
0 0.353684 0.030247 0.353684 0.029013 0.353364 0.027399 0.352481 0.026222 0.351270 0.025795 0.351064 0.025867 0.350736 0.025558 0.350309 0.025534 0.348250 0.027575 0.347177 0.028332 0.345488 0.031258 0.345620 0.036769 0.345441 0.037667 0.345765 0.037937 0.347991 0.038743 0.349266 0.040266 0.350477 0.040693 0.351688 0.040266 0.352570 0.039089 0.352835 0.038384 0.353287 0.035888 0.353287 0.032499 0.353684 0.030247
0 0.641507 0.023508 0.641050 0.025850 0.640528 0.026819 0.639889 0.028946 0.638890 0.030643 0.638524 0.031768 0.638250 0.032223 0.636548 0.034584 0.636070 0.034948 0.633904 0.035739 0.632538 0.035739 0.631327 0.035312 0.630444 0.034135 0.630124 0.032520 0.630444 0.030906 0.631327 0.029729 0.632419 0.029091 0.635019 0.026263 0.636180 0.022075 0.637131 0.020807 0.639093 0.020107 0.640304 0.020534 0.641186 0.021711 0.641507 0.023508
0 0.771040 0.010017 0.770719 0.008069 0.769836 0.006892 0.769531 0.006761 0.769531 0.006250 0.768750 0.005208 0.764062 0.003125 0.761719 0.004167 0.761719 0.005208 0.760938 0.008333 0.761325 0.008850 0.762256 0.009224 0.763506 0.010224 0.764388 0.011401 0.764805 0.012845 0.765375 0.015903 0.765459 0.018346 0.765267 0.019314 0.765625 0.019792 0.768750 0.020833 0.769044 0.020441 0.769586 0.020250 0.770469 0.019073 0.770790 0.017458 0.770790 0.014237 0.770360 0.012110 0.770719 0.011631 0.771039 0.010017
0 0.857284 0.463328 0.856964 0.464943 0.855741 0.466483 0.851453 0.468752 0.847723 0.469633 0.845341 0.469633 0.840794 0.468389 0.839775 0.466939 0.839455 0.465325 0.839775 0.463710 0.840658 0.462533 0.841869 0.462106 0.843168 0.462560 0.848923 0.462287 0.851209 0.460990 0.854870 0.460018 0.856081 0.460446 0.856964 0.461623 0.857284 0.463328
0 0.791421 0.345567 0.791421 0.342447 0.790887 0.340123 0.790004 0.338946 0.789715 0.338844 0.789366 0.338378 0.788155 0.337951 0.786838 0.338378 0.786200 0.338804 0.784678 0.340690 0.784146 0.341683 0.783720 0.344432 0.783720 0.347837 0.784040 0.349452 0.785029 0.350770 0.786240 0.351198 0.787770 0.350770 0.789047 0.350203 0.789579 0.349778 0.790887 0.347891 0.791420 0.345567
0 0.314279 0.684127 0.312722 0.682282 0.311039 0.681197 0.309165 0.679338 0.303990 0.679244 0.300011 0.680403 0.297991 0.680751 0.294694 0.681989 0.294420 0.682172 0.294291 0.682821 0.292916 0.684572 0.292982 0.686193 0.293761 0.689319 0.294422 0.689552 0.295604 0.689552 0.297350 0.689291 0.298400 0.689662 0.299898 0.689080 0.300419 0.688616 0.301518 0.687151 0.302927 0.686493 0.306057 0.685913 0.309835 0.685913 0.310169 0.686182 0.311989 0.686725 0.313200 0.686298 0.314082 0.685121
0 0.484581 0.440849 0.484581 0.440415 0.484006 0.438026 0.483445 0.434887 0.482711 0.433365 0.481176 0.431318 0.478567 0.428709 0.476623 0.427956 0.476215 0.427956 0.475004 0.428383 0.474655 0.428848 0.474433 0.428926 0.473550 0.430104 0.473230 0.431718 0.473230 0.433675 0.473876 0.437138 0.475344 0.441160 0.477124 0.443641 0.478020 0.444402 0.479231 0.444829 0.481351 0.444829 0.483051 0.444076 0.484260 0.442464 0.484581 0.440849
0 0.789457 0.430784 0.789457 0.429670 0.789137 0.428055 0.788045 0.426600 0.786834 0.426172 0.785789 0.426172 0.784161 0.426739 0.783446 0.427692 0.782274 0.428040 0.780191 0.430956 0.779565 0.432209 0.779325 0.433198 0.779325 0.434741 0.779622 0.435602 0.780505 0.436779 0.781716 0.437206 0.782542 0.436975 0.783534 0.435792 0.783989 0.435602 0.785101 0.434399 0.785636 0.434181 0.785936 0.433842 0.789002 0.432579 0.789137 0.432399 0.789457 0.430784
0 0.510299 0.104072 0.509979 0.102457 0.509096 0.101280 0.507885 0.100853 0.506948 0.101139 0.506236 0.101022 0.504644 0.101618 0.503258 0.102958 0.502741 0.103141 0.501858 0.104318 0.501685 0.104886 0.501223 0.105672 0.500903 0.107286 0.500868 0.108175 0.499828 0.110409 0.499533 0.112155 0.498178 0.113962 0.497076 0.115769 0.496188 0.116615 0.494620 0.117522 0.493610 0.118868 0.493289 0.120483 0.493289 0.121160 0.493610 0.122774 0.494493 0.123951 0.495704 0.124378 0.497168 0.123782 0.497930 0.122767 0.499326 0.121752 0.499742 0.121197 0.500975 0.120398 0.502371 0.119045 0.505919 0.114315 0.506010 0.113855 0.506472 0.113070 0.507568 0.111608 0.508583 0.109916 0.509091 0.108393 0.509558 0.106300 0.509979 0.105686
0 0.880634 0.176820 0.880509 0.177435 0.879273 0.179082 0.876275 0.181214 0.875214 0.181648 0.873615 0.181648 0.871616 0.181248 0.869755 0.180415 0.869219 0.179567 0.868794 0.177486 0.868919 0.176872 0.869845 0.175772 0.870719 0.173807 0.871255 0.173092 0.871554 0.172826 0.872415 0.172525 0.874714 0.172525 0.876781 0.173458 0.878180 0.173858 0.879112 0.173858 0.879573 0.174025 0.880173 0.174425 0.880509 0.174873 0.880634 0.175487 0.880634 0.176820
0 0.930145 0.182450 0.930145 0.180146 0.929941 0.179156 0.929448 0.178333 0.928160 0.176781 0.927171 0.176346 0.925319 0.176346 0.924332 0.176510 0.922725 0.177110 0.921861 0.177769 0.921538 0.178200 0.919516 0.179085 0.918775 0.179579 0.918228 0.180308 0.918025 0.181298 0.918025 0.181956 0.918228 0.182946 0.919516 0.184498 0.920583 0.184769 0.920997 0.185321 0.924702 0.186415 0.927048 0.186415 0.927790 0.186144 0.928777 0.185486 0.929571 0.184427 0.929941 0.183440
0 0.241737 0.852459 0.240373 0.853421 0.239979 0.852869 0.238296 0.852770 0.235868 0.849534 0.232577 0.843474 0.231892 0.840679 0.230142 0.836272 0.230227 0.834809 0.232832 0.829037 0.233204 0.827287 0.234493 0.826287 0.235782 0.827287 0.235685 0.835305 0.239073 0.840450 0.241094 0.849699 0.241940 0.851469
0 0.220312 0.572917 0.225781 0.573958 0.226562 0.573958 0.228125 0.578125 0.228906 0.579167 0.228125 0.584375 0.228125 0.585417 0.217188 0.585417 0.216406 0.584375 0.215625 0.579167 0.215625 0.578125 0.216406 0.576042 0.217188 0.575000 0.220312 0.572917
0 0.150781 0.483333 0.157812 0.484375 0.158594 0.484375 0.162500 0.490625 0.163281 0.491667 0.162500 0.493750 0.162500 0.494792 0.157812 0.498958 0.157031 0.500000 0.151999 0.493686 0.146875 0.492349 0.141686 0.492550 0.142187 0.487500 0.142969 0.486458 0.142969 0.485417 0.150781 0.483333
0 0.858170 0.658925 0.857196 0.659069 0.856655 0.658780 0.856006 0.657771 0.855790 0.657050 0.855682 0.656473 0.855682 0.654598 0.855790 0.653732 0.856439 0.651280 0.857412 0.650992 0.859360 0.651136 0.860117 0.651569 0.861090 0.651713 0.861631 0.652001 0.862064 0.652578 0.862280 0.653444 0.862280 0.655896 0.860333 0.657771 0.859035 0.658636
0 0.791022 0.583871 0.789849 0.584045 0.789066 0.584393 0.786198 0.584219 0.784634 0.583524 0.784243 0.583176 0.784243 0.582655 0.784634 0.582655 0.785156 0.582133 0.785547 0.579526 0.785938 0.578483 0.787632 0.577788 0.788284 0.577266 0.789197 0.577092 0.790240 0.576223 0.791413 0.575702 0.792977 0.575702 0.793238 0.576571 0.793108 0.577614 0.793108 0.579352 0.792847 0.580221 0.792847 0.583002 0.792717 0.583524 0.792326 0.583697
0 0.931981 0.398706 0.927582 0.401345 0.926922 0.402519 0.925823 0.403105 0.924723 0.404571 0.922963 0.404865 0.922304 0.399293 0.922963 0.398413 0.923183 0.397240 0.924723 0.394600 0.926702 0.393134 0.928462 0.392547 0.929122 0.391374 0.930881 0.391374 0.931981 0.391961 0.935500 0.395773 0.936160 0.396946 0.936160 0.398119 0.933741 0.398999
0 0.842022 0.318938 0.838943 0.318938 0.837623 0.319525 0.836524 0.319525 0.835644 0.318938 0.834324 0.317179 0.833884 0.315419 0.834104 0.312486 0.836524 0.311020 0.840483 0.311313 0.842682 0.312780 0.841583 0.313953 0.842902 0.315712 0.842902 0.316885
0 0.948601 0.179867 0.946544 0.182361 0.944861 0.185603 0.940746 0.186102 0.938876 0.184605 0.938502 0.184107 0.941681 0.178371 0.943552 0.177124 0.945235 0.177124 0.947479 0.178371
0 0.774355 0.237291 0.773598 0.239311 0.771705 0.242340 0.770569 0.243098 0.768296 0.243855 0.766593 0.243855 0.764889 0.242593 0.766025 0.239058 0.765456 0.237291 0.765456 0.235272 0.766403 0.233000 0.769811 0.233252 0.773976 0.235019
0 0.546552 0.023683 0.543869 0.022661 0.542527 0.022661 0.536202 0.020106 0.534094 0.017039 0.533710 0.015506 0.533902 0.013461 0.536777 0.013461 0.537352 0.012950 0.538502 0.012950 0.542719 0.016017 0.550002 0.019083 0.550769 0.019594 0.550577 0.020106 0.548469 0.021383 0.548085 0.022406
0 0.189661 0.258467 0.185974 0.264158 0.184422 0.265193 0.181124 0.265193 0.178989 0.263382 0.178019 0.260795 0.177825 0.257691 0.179377 0.256656 0.180541 0.256656 0.181124 0.255880 0.184422 0.255880 0.187720 0.257950
0 0.039103 0.146503 0.038907 0.149121 0.037335 0.153835 0.033800 0.158811 0.032425 0.159597 0.029086 0.160382 0.027122 0.159859 0.026140 0.158287 0.026140 0.152788 0.027711 0.151478 0.028104 0.147550 0.029675 0.143360 0.030854 0.141527 0.032425 0.140479 0.037335 0.140741 0.039496 0.144408
0 0.206206 0.514546 0.206206 0.525013 0.203200 0.526794 0.200027 0.531471 0.198022 0.531248 0.196686 0.529912 0.195183 0.527685 0.195517 0.525681 0.198691 0.521672 0.200361 0.517887 0.201363 0.513433 0.202031 0.512319 0.203868 0.512319 0.204870 0.512987
0 0.064520 0.732858 0.063336 0.737276 0.062153 0.738854 0.061206 0.739170 0.060969 0.739801 0.059075 0.741063 0.055998 0.741063 0.055525 0.741695 0.050791 0.741379 0.049371 0.739485 0.049371 0.738223 0.051974 0.736961 0.052921 0.736961 0.055288 0.734120 0.057892 0.732858 0.058839 0.731911 0.062863 0.731595
0 0.065940 0.749900 0.060732 0.750216 0.058839 0.748638 0.058839 0.747375 0.060259 0.744851 0.060732 0.742641 0.062389 0.742010 0.065587 0.742706 0.066413 0.739485 0.068780 0.738223 0.071147 0.738223 0.071147 0.740432 0.070674 0.742326 0.069017 0.745166 0.067833 0.748638
0 0.525096 0.745671 0.526636 0.747953 0.527663 0.751376 0.529204 0.754571 0.528690 0.755027 0.527835 0.760961 0.526123 0.761189 0.524754 0.760276 0.523727 0.758679 0.523213 0.755940 0.519619 0.752289 0.519448 0.751604 0.519448 0.748181 0.520133 0.746128 0.521160 0.745443 0.523727 0.745443
0 0.975590 0.704818 0.977240 0.704543 0.978065 0.704818 0.978271 0.705643 0.978478 0.714993 0.976415 0.716644 0.973940 0.717469 0.969402 0.717194 0.969196 0.716644 0.966721 0.715268 0.965483 0.712793 0.966721 0.707293 0.968164 0.706193 0.971258 0.706193 0.973940 0.705368
0 0.759996 0.848393 0.756846 0.849320 0.755087 0.848393 0.754105 0.848174 0.752918 0.847629 0.752591 0.846702 0.752509 0.845884 0.752714 0.844465 0.754309 0.843647 0.756805 0.843211 0.757378 0.842938 0.757869 0.842284 0.757664 0.840865 0.758032 0.839065 0.758400 0.838684 0.759873 0.838465 0.760241 0.838138 0.761591 0.837538 0.764537 0.837374 0.763759 0.838902 0.763391 0.840374 0.763637 0.844247 0.763432 0.845284 0.762328 0.846593 0.761100 0.847520 0.760487 0.847738
0 0.904630 0.834233 0.903201 0.836139 0.902994 0.836213 0.902595 0.836745 0.901782 0.837223 0.901383 0.837755 0.900666 0.838334 0.901215 0.841122 0.900692 0.843726 0.899262 0.845633 0.897309 0.846330 0.895356 0.845633 0.893926 0.843726 0.892507 0.838603 0.891624 0.837425 0.890205 0.836341 0.889503 0.835405 0.887933 0.834119 0.886503 0.832213 0.886447 0.831937 0.885291 0.830193 0.884767 0.827589 0.885291 0.824984 0.886721 0.823078 0.889583 0.822178 0.891098 0.822582 0.893554 0.823526 0.893554 0.822627 0.892948 0.819913 0.893471 0.817309 0.894901 0.815402 0.897006 0.814705 0.898250 0.815149 0.898553 0.817893 0.899077 0.820497 0.899986 0.823123 0.902627 0.826645 0.902834 0.826719 0.903233 0.827251 0.903854 0.827473 0.904593 0.828458 0.905154 0.831629
0 0.803709 0.820675 0.803578 0.818589 0.802664 0.814072 0.799800 0.810253 0.797846 0.809555 0.797194 0.809555 0.795241 0.810253 0.794981 0.810427 0.792116 0.814246 0.791856 0.814941 0.791332 0.817546 0.791332 0.818937 0.791856 0.821541 0.793676 0.823969 0.794720 0.825012 0.796024 0.825707 0.797977 0.826405 0.798890 0.826405 0.801625 0.825360 0.803185 0.823279
0 0.834919 0.865894 0.829244 0.862827 0.836912 0.847082 0.839826 0.847287 0.840746 0.848923 0.840133 0.863441 0.837066 0.866712
0 0.408594 0.185417 0.396875 0.186458 0.390625 0.183333 0.382812 0.182292 0.371875 0.175000 0.364063 0.164583 0.361719 0.157292 0.361719 0.144792 0.366406 0.139583 0.371875 0.139583 0.372656 0.142708 0.377034 0.147572 0.377664 0.148040 0.379303 0.150225 0.379506 0.151215 0.379506 0.152234 0.379303 0.153224 0.378537 0.154390 0.377140 0.154806 0.376266 0.154806 0.375524 0.154536 0.374759 0.154099 0.374029 0.153125 0.371094 0.153125 0.371094 0.160417 0.379688 0.168750 0.385937 0.171875 0.391406 0.171875 0.397656 0.175000 0.411719 0.175000 0.411719 0.181250
