0 0.040037 0.572423 0.040037 0.569634 0.037244 0.569489 0.037244 0.568860 0.035407 0.568860 0.035008 0.569005 0.034790 0.569295 0.034355 0.570891 0.033956 0.571181 0.033774 0.571617 0.030837 0.571665 0.030474 0.571810 0.030329 0.572584 0.029640 0.572922 0.029640 0.576098 0.031163 0.576340 0.031163 0.578758 0.033037 0.578709 0.033944 0.577984 0.034778 0.576243 0.035975 0.576001 0.036301 0.575373 0.036519 0.575373 0.036881 0.575034 0.039021 0.575034 0.039021 0.573051 0.039856 0.573051 0.040001 0.572423
0 0.803906 0.771875 0.822656 0.773958 0.823438 0.773958 0.830469 0.777083 0.831250 0.778125 0.832812 0.784375 0.833594 0.785417 0.833594 0.793750 0.833594 0.794792 0.832812 0.798958 0.832031 0.800000 0.832031 0.810417 0.832031 0.811458 0.829688 0.814583 0.830469 0.815625 0.833594 0.814583 0.834375 0.813542 0.835156 0.803125 0.835156 0.802083 0.838281 0.795833 0.839063 0.794792 0.841406 0.780208 0.841406 0.779167 0.842969 0.777083 0.843750 0.776042 0.848437 0.777083 0.849219 0.777083 0.856250 0.783333 0.857031 0.784375 0.864844 0.785417 0.865625 0.785417 0.873437 0.789583 0.874219 0.790625 0.882812 0.790625 0.883594 0.789583 0.888281 0.791667 0.889062 0.791667 0.907813 0.810417 0.908594 0.811458 0.914062 0.813542 0.914844 0.814583 0.918750 0.815625 0.919531 0.815625 0.927344 0.813542 0.928125 0.813542 0.935156 0.815625 0.935937 0.815625 0.941406 0.821875 0.942187 0.822917 0.944531 0.828125 0.945312 0.829167 0.945312 0.834375 0.945312 0.835417 0.943750 0.839583 0.942969 0.840625 0.942969 0.844792 0.942969 0.845833 0.945312 0.850000 0.946094 0.851042 0.946094 0.855208 0.946094 0.856250 0.943750 0.860417 0.943750 0.861458 0.942187 0.863542 0.941406 0.864583 0.939844 0.864583 0.939063 0.865625 0.835156 0.865625 0.834375 0.865625 0.832031 0.864583 0.831250 0.864583 0.829688 0.861458 0.829688 0.860417 0.814844 0.840625 0.814063 0.839583 0.811719 0.838542 0.810937 0.837500 0.804688 0.857292 0.804688 0.858333 0.800000 0.862500 0.799219 0.863542 0.794531 0.862500 0.793750 0.862500 0.789844 0.858333 0.789062 0.857292 0.784375 0.843750 0.783594 0.842708 0.781250 0.826042 0.780469 0.825000 0.781250 0.806250 0.781250 0.805208 0.782813 0.800000 0.782813 0.798958 0.793750 0.786458 0.794531 0.786458 0.800000 0.777083 0.800000 0.776042 0.803906 0.771875
0 0.463281 0.341667 0.463281 0.340625 0.461719 0.327083 0.461040 0.326178 0.461040 0.323076 0.460921 0.321970 0.460176 0.321970 0.460125 0.320818 0.459313 0.320818 0.459313 0.319757 0.458581 0.319757 0.457813 0.317708 0.457031 0.317708 0.448437 0.314583 0.440625 0.314583 0.428906 0.318750 0.421875 0.328125 0.421875 0.329167 0.415625 0.340625 0.415625 0.341667 0.416406 0.344792 0.417187 0.344792 0.432031 0.364583 0.440625 0.364583 0.441406 0.363542 0.445312 0.361458 0.446094 0.360417 0.457813 0.350000 0.458594 0.348958
0 0.300781 0.319792 0.303906 0.320833 0.304688 0.320833 0.309375 0.327083 0.310156 0.328125 0.312500 0.329167 0.313281 0.330208 0.318750 0.331250 0.319531 0.332292 0.322656 0.332292 0.323437 0.332292 0.328906 0.329167 0.329688 0.328125 0.332813 0.328125 0.333594 0.328125 0.339062 0.331250 0.339844 0.331250 0.340625 0.335417 0.340625 0.336458 0.334375 0.350000 0.333594 0.351042 0.332031 0.357292 0.331250 0.358333 0.331250 0.365625 0.331250 0.366667 0.335156 0.368750 0.335938 0.368750 0.337500 0.371875 0.337500 0.372917 0.335156 0.378125 0.334375 0.379167 0.325000 0.386458 0.324219 0.386458 0.312500 0.401042 0.311719 0.402083 0.296875 0.412500 0.296094 0.413542 0.290625 0.413542 0.289844 0.413542 0.275000 0.402083 0.274219 0.402083 0.262500 0.388542 0.261719 0.387500 0.260156 0.380208 0.259375 0.379167 0.259375 0.370833 0.259375 0.369792 0.262500 0.361458 0.262500 0.360417 0.268750 0.353125 0.269531 0.352083 0.275781 0.341667 0.276562 0.340625 0.285156 0.333333 0.285938 0.333333 0.292969 0.325000 0.293750 0.323958 0.300781 0.319792
0 0.526535 0.352083 0.517160 0.351042 0.511692 0.343750 0.508567 0.335417 0.507785 0.334375 0.508521 0.322660 0.509201 0.321209 0.509718 0.320701 0.510806 0.318923 0.511704 0.318017 0.514424 0.316312 0.515458 0.315949 0.516822 0.315913 0.517937 0.316167 0.517937 0.316312 0.518400 0.316312 0.518400 0.316493 0.519624 0.316856 0.520005 0.317182 0.521474 0.317871 0.523079 0.318307 0.523079 0.318452 0.523433 0.318452 0.523433 0.318597 0.523678 0.318706 0.524086 0.318706 0.524086 0.318851 0.524358 0.319032 0.524685 0.319069 0.524685 0.319214 0.524929 0.319214 0.524929 0.319359 0.525555 0.319576 0.525555 0.319721 0.526072 0.319975 0.526344 0.320411 0.526535 0.320411 0.526535 0.320592 0.526752 0.320592 0.526752 0.320810 0.526970 0.320810 0.527317 0.321875 0.528098 0.322917 0.530442 0.345833 0.530442 0.346875
0 0.929688 0.075000 0.929688 0.072608 0.929187 0.071989 0.929059 0.071404 0.929059 0.068542 0.929162 0.068049 0.928906 0.067708 0.926839 0.063115 0.924312 0.061980 0.922532 0.060501 0.921268 0.059882 0.918637 0.057921 0.916728 0.055857 0.916031 0.054791 0.915696 0.053897 0.915541 0.053897 0.915515 0.053450 0.915128 0.053381 0.914638 0.052624 0.913658 0.051833 0.911362 0.050973 0.908401 0.051008 0.908401 0.051145 0.908091 0.051145 0.907369 0.051524 0.905099 0.056855 0.904506 0.058024 0.903629 0.059297 0.903500 0.059710 0.903319 0.059778 0.903319 0.060019 0.903138 0.060019 0.903061 0.060803 0.903757 0.066547 0.904119 0.067785 0.904738 0.069058 0.905151 0.069574 0.905151 0.069884 0.905357 0.069884 0.905357 0.070090 0.905512 0.070090 0.906337 0.071191 0.906905 0.071672 0.908401 0.072601 0.908994 0.073186 0.910490 0.074217 0.912012 0.075180 0.915469 0.076763 0.917739 0.077107 0.918307 0.077347 0.918977 0.077961 0.919531 0.078125 0.927344 0.078125
0 0.731313 0.289445 0.731313 0.285825 0.731111 0.284481 0.728994 0.284279 0.723305 0.284481 0.723305 0.286262 0.722524 0.286464 0.722272 0.287069 0.722272 0.289445 0.722549 0.289714 0.723482 0.290117 0.723482 0.291528 0.724439 0.291797 0.724717 0.292066 0.724843 0.292503 0.725574 0.292637 0.725826 0.292873 0.730632 0.292738 0.730683 0.290453 0.731262 0.290453 0.731288 0.289445
0 0.724241 0.731684 0.724241 0.728538 0.724041 0.728538 0.723940 0.727734 0.723739 0.727601 0.723538 0.726931 0.722835 0.726931 0.722835 0.723851 0.722434 0.723851 0.722434 0.722779 0.722032 0.722779 0.722032 0.722512 0.719170 0.722646 0.719170 0.724854 0.719773 0.725256 0.719773 0.725726 0.719672 0.725726 0.719672 0.726127 0.719271 0.726663 0.719070 0.726663 0.719070 0.728871 0.719873 0.728871 0.719873 0.729809 0.720376 0.730478 0.720275 0.730547 0.720275 0.732889 0.720376 0.732889 0.720376 0.733425 0.722233 0.733425 0.722333 0.733291 0.722333 0.731684
0 0.750742 0.638473 0.750742 0.635343 0.750570 0.635343 0.750397 0.634882 0.748754 0.634651 0.748754 0.634536 0.748322 0.634536 0.748322 0.634420 0.746320 0.634420 0.745801 0.635112 0.745801 0.635573 0.745628 0.635688 0.745628 0.638819 0.745974 0.639280 0.745974 0.639626 0.746320 0.639741 0.746579 0.640087 0.746925 0.640087 0.746925 0.640202 0.749705 0.640202 0.749791 0.639741 0.750051 0.639741 0.750224 0.639626 0.750224 0.639395 0.750483 0.639280 0.750483 0.638934 0.750656 0.638934 0.750656 0.638473
0 0.768622 0.127867 0.768622 0.124567 0.768548 0.124269 0.768325 0.124269 0.768325 0.124071 0.768101 0.124071 0.768101 0.123872 0.767953 0.123872 0.767878 0.123178 0.767729 0.123178 0.767729 0.122781 0.767432 0.122781 0.767432 0.122384 0.767134 0.122384 0.767134 0.122086 0.766613 0.121987 0.766613 0.121788 0.766390 0.121788 0.766241 0.121392 0.766018 0.121392 0.766018 0.121094 0.765720 0.121094 0.765720 0.120895 0.765496 0.120895 0.765348 0.120697 0.763413 0.120796 0.762817 0.120399 0.760566 0.120399 0.760119 0.120697 0.759672 0.122582 0.759672 0.125684 0.759821 0.126478 0.759970 0.126478 0.759970 0.126775 0.760119 0.126775 0.760119 0.127271 0.760268 0.127569 0.760417 0.127569 0.760417 0.127768 0.761682 0.128165 0.761682 0.129058 0.761980 0.129752 0.761980 0.130050 0.762352 0.131042 0.762798 0.131241 0.762947 0.132829 0.764603 0.132829 0.764827 0.132233 0.764827 0.131737 0.765943 0.131737 0.766538 0.131539 0.766613 0.131340 0.766985 0.131340 0.766985 0.130248 0.767432 0.130248 0.767432 0.129951 0.767729 0.129951 0.767729 0.129554 0.768027 0.129554 0.768027 0.129157 0.768250 0.129157 0.768250 0.128760 0.768474 0.128760 0.768548 0.127867
