0 0.917188 0.000000 0.930469 0.000000 0.931250 0.000000 0.932031 0.001042 0.932031 0.002083 0.931250 0.003125 0.931250 0.006250 0.931250 0.007292 0.929688 0.009375 0.928906 0.010417 0.928125 0.010417 0.927344 0.011458 0.925781 0.011458 0.925000 0.010417 0.922656 0.010417 0.921875 0.010417 0.921094 0.011458 0.920312 0.012500 0.919531 0.012500 0.918750 0.012500 0.917188 0.010417 0.916406 0.009375 0.915625 0.009375 0.914844 0.008333 0.913281 0.008333 0.912500 0.008333 0.911719 0.007292 0.911719 0.005208 0.910937 0.004167 0.912500 0.004167 0.913281 0.003125 0.915625 0.003125 0.916406 0.003125 0.917188 0.002083 0.917188 0.000000
0 0.292187 0.008333 0.294531 0.008333 0.295312 0.008333 0.295312 0.009375 0.297656 0.012500 0.297656 0.013542 0.296875 0.014583 0.296094 0.014583 0.295312 0.015625 0.294531 0.016667 0.292969 0.016667 0.292187 0.016667 0.291406 0.015625 0.290625 0.015625 0.289844 0.015625 0.289844 0.012500 0.289844 0.011458 0.289062 0.010417 0.288281 0.010417 0.289062 0.010417 0.289844 0.009375 0.290625 0.009375 0.291406 0.009375 0.292187 0.008333
0 0.607031 0.011458 0.614844 0.011458 0.615625 0.012500 0.614844 0.012500 0.614062 0.013542 0.613281 0.014583 0.607812 0.014583 0.607031 0.014583 0.607031 0.013542 0.606250 0.012500 0.607031 0.011458
0 0.688281 0.012500 0.691406 0.012500 0.692187 0.012500 0.692969 0.013542 0.693750 0.014583 0.693750 0.017708 0.693750 0.018750 0.694531 0.019792 0.694531 0.022917 0.693750 0.023958 0.688281 0.023958 0.687500 0.023958 0.686719 0.022917 0.685937 0.022917 0.685156 0.021875 0.684375 0.020833 0.681250 0.020833 0.680469 0.020833 0.680469 0.019792 0.680469 0.018750 0.679688 0.017708 0.680469 0.016667 0.681250 0.016667 0.682031 0.015625 0.683594 0.015625 0.684375 0.015625 0.685156 0.014583 0.685937 0.014583 0.686719 0.014583 0.688281 0.012500
0 0.654687 0.019792 0.657813 0.019792 0.658594 0.019792 0.658594 0.020833 0.658594 0.021875 0.657813 0.022917 0.657813 0.023958 0.657031 0.025000 0.656250 0.025000 0.655469 0.025000 0.654687 0.026042 0.653906 0.026042 0.653125 0.025000 0.652344 0.025000 0.652344 0.021875 0.652344 0.020833 0.653125 0.020833 0.653906 0.020833 0.654687 0.019792
0 0.627344 0.027083 0.630469 0.027083 0.631250 0.028125 0.631250 0.030208 0.631250 0.031250 0.630469 0.032292 0.630469 0.033333 0.629687 0.034375 0.629687 0.035417 0.628906 0.036458 0.628125 0.036458 0.627344 0.037500 0.626563 0.036458 0.626563 0.033333 0.627344 0.032292 0.627344 0.027083
0 0.226562 0.032292 0.234375 0.032292 0.235156 0.032292 0.235937 0.033333 0.235937 0.034375 0.236719 0.035417 0.236719 0.036458 0.235937 0.037500 0.235156 0.038542 0.234375 0.038542 0.233594 0.039583 0.232813 0.039583 0.232031 0.039583 0.231250 0.038542 0.229687 0.038542 0.228906 0.038542 0.227344 0.036458 0.226562 0.035417 0.226562 0.032292
0 0.650000 0.036458 0.655469 0.036458 0.656250 0.036458 0.656250 0.037500 0.657031 0.038542 0.657813 0.039583 0.657813 0.041667 0.657813 0.042708 0.657031 0.043750 0.656250 0.043750 0.655469 0.043750 0.654687 0.042708 0.653906 0.042708 0.653906 0.041667 0.653906 0.040625 0.653125 0.039583 0.652344 0.038542 0.650781 0.038542 0.650000 0.038542 0.650000 0.036458
0 0.009375 0.054167 0.014844 0.054167 0.015625 0.054167 0.015625 0.057292 0.015625 0.058333 0.014844 0.059375 0.014844 0.061458 0.014844 0.062500 0.014063 0.063542 0.014063 0.065625 0.013281 0.066667 0.013281 0.069792 0.012500 0.070833 0.008594 0.070833 0.007812 0.070833 0.007812 0.062500 0.007812 0.061458 0.008594 0.060417 0.008594 0.056250 0.007812 0.055208 0.008594 0.055208 0.009375 0.054167
0 0.722656 0.054167 0.725781 0.054167 0.726562 0.054167 0.726562 0.055208 0.727344 0.056250 0.726562 0.057292 0.725781 0.058333 0.721094 0.058333 0.720313 0.058333 0.720313 0.057292 0.720313 0.056250 0.721094 0.055208 0.721875 0.055208 0.722656 0.054167
0 0.780469 0.054167 0.782031 0.054167 0.782813 0.055208 0.785937 0.055208 0.786719 0.055208 0.786719 0.056250 0.786719 0.057292 0.787500 0.058333 0.787500 0.059375 0.786719 0.060417 0.783594 0.060417 0.782813 0.060417 0.782031 0.061458 0.779687 0.061458 0.778906 0.061458 0.778906 0.056250 0.778906 0.055208 0.779687 0.055208 0.780469 0.054167
0 0.470313 0.057292 0.471875 0.057292 0.472656 0.057292 0.473438 0.058333 0.474219 0.058333 0.473438 0.059375 0.473438 0.060417 0.472656 0.061458 0.471094 0.061458 0.470313 0.061458 0.470313 0.059375 0.469531 0.058333 0.470313 0.057292
0 0.411719 0.065625 0.415625 0.065625 0.416406 0.065625 0.417187 0.066667 0.417187 0.067708 0.416406 0.068750 0.415625 0.068750 0.414062 0.070833 0.413281 0.071875 0.411719 0.071875 0.410938 0.071875 0.410938 0.070833 0.410938 0.069792 0.410156 0.068750 0.410156 0.067708 0.410156 0.066667 0.410938 0.066667 0.411719 0.065625
0 0.528906 0.068750 0.538281 0.068750 0.539062 0.068750 0.539062 0.069792 0.539844 0.070833 0.539844 0.073958 0.539844 0.075000 0.540625 0.076042 0.540625 0.079167 0.541406 0.080208 0.541406 0.084375 0.541406 0.085417 0.542188 0.086458 0.542188 0.087500 0.542969 0.088542 0.542969 0.095833 0.543750 0.096875 0.542969 0.097917 0.542969 0.102083 0.543750 0.103125 0.542969 0.103125 0.542188 0.104167 0.541406 0.104167 0.540625 0.103125 0.539844 0.103125 0.539844 0.101042 0.539844 0.100000 0.539062 0.098958 0.538281 0.098958 0.538281 0.088542 0.538281 0.087500 0.537500 0.086458 0.536719 0.086458 0.536719 0.085417 0.536719 0.084375 0.535937 0.083333 0.535937 0.082292 0.535937 0.081250 0.534375 0.079167 0.533594 0.078125 0.533594 0.076042 0.533594 0.075000 0.532813 0.073958 0.532031 0.073958 0.532031 0.071875 0.531250 0.070833 0.529687 0.070833 0.528906 0.070833 0.528906 0.068750
0 0.186719 0.076042 0.187500 0.076042 0.188281 0.076042 0.189062 0.077083 0.189844 0.078125 0.190625 0.078125 0.191406 0.078125 0.191406 0.079167 0.189844 0.081250 0.189062 0.082292 0.188281 0.082292 0.187500 0.081250 0.185156 0.081250 0.184375 0.081250 0.184375 0.080208 0.183594 0.079167 0.183594 0.078125 0.183594 0.077083 0.185156 0.077083 0.185938 0.077083 0.186719 0.076042
0 0.612500 0.079167 0.614844 0.079167 0.615625 0.079167 0.615625 0.080208 0.615625 0.081250 0.614844 0.082292 0.613281 0.082292 0.612500 0.082292 0.612500 0.081250 0.611719 0.080208 0.612500 0.079167
0 0.774219 0.079167 0.776563 0.079167 0.777344 0.079167 0.778125 0.080208 0.778125 0.081250 0.775781 0.084375 0.775000 0.085417 0.772656 0.085417 0.771875 0.085417 0.771094 0.084375 0.771094 0.083333 0.770312 0.082292 0.771094 0.081250 0.771875 0.081250 0.772656 0.080208 0.773438 0.080208 0.774219 0.079167
0 0.094531 0.080208 0.095312 0.081250 0.096094 0.081250 0.096094 0.082292 0.095312 0.083333 0.094531 0.083333 0.092969 0.085417 0.092188 0.086458 0.089844 0.086458 0.089063 0.086458 0.088281 0.085417 0.088281 0.084375 0.087500 0.083333 0.088281 0.082292 0.089063 0.081250 0.092969 0.081250 0.093750 0.081250 0.094531 0.080208
0 0.457031 0.081250 0.459375 0.081250 0.460156 0.081250 0.459375 0.082292 0.459375 0.087500 0.459375 0.088542 0.458594 0.089583 0.457813 0.089583 0.457031 0.090625 0.456250 0.090625 0.454688 0.088542 0.453906 0.088542 0.454688 0.088542 0.455469 0.087500 0.455469 0.084375 0.455469 0.083333 0.457031 0.081250
0 0.596875 0.082292 0.599219 0.082292 0.600000 0.082292 0.600000 0.084375 0.600000 0.085417 0.599219 0.086458 0.598437 0.086458 0.596875 0.084375 0.596094 0.083333 0.596875 0.082292
0 0.302344 0.089583 0.304688 0.089583 0.305469 0.090625 0.305469 0.091667 0.305469 0.092708 0.306250 0.093750 0.307031 0.094792 0.307031 0.098958 0.306250 0.100000 0.304688 0.100000 0.303906 0.100000 0.303906 0.098958 0.303125 0.097917 0.302344 0.097917 0.302344 0.089583
0 0.725000 0.091667 0.727344 0.091667 0.728125 0.092708 0.726562 0.094792 0.725781 0.095833 0.725000 0.095833 0.724219 0.096875 0.723437 0.096875 0.722656 0.096875 0.722656 0.095833 0.721875 0.094792 0.721094 0.094792 0.721875 0.094792 0.722656 0.094792 0.725000 0.091667
0 0.325781 0.092708 0.327344 0.092708 0.328125 0.092708 0.328125 0.093750 0.328906 0.094792 0.330469 0.094792 0.331250 0.094792 0.330469 0.094792 0.329688 0.094792 0.328125 0.096875 0.327344 0.097917 0.326562 0.096875 0.325781 0.096875 0.325000 0.096875 0.325000 0.095833 0.324219 0.094792 0.325000 0.094792 0.325781 0.093750 0.325781 0.092708
0 0.566406 0.098958 0.567187 0.100000 0.568750 0.100000 0.569531 0.100000 0.568750 0.101042 0.567969 0.102083 0.566406 0.102083 0.565625 0.102083 0.565625 0.101042 0.564844 0.100000 0.565625 0.100000 0.566406 0.098958
0 0.433594 0.100000 0.434375 0.100000 0.435156 0.100000 0.434375 0.101042 0.434375 0.102083 0.434375 0.103125 0.433594 0.104167 0.432031 0.104167 0.431250 0.104167 0.431250 0.102083 0.431250 0.101042 0.432031 0.101042 0.432812 0.101042 0.433594 0.100000
0 0.651563 0.108333 0.654687 0.108333 0.654687 0.109375 0.653906 0.110417 0.653125 0.111458 0.651563 0.111458 0.650781 0.111458 0.650781 0.110417 0.650000 0.109375 0.650781 0.109375 0.651563 0.108333
0 0.662500 0.111458 0.664844 0.111458 0.665625 0.111458 0.666406 0.112500 0.667188 0.112500 0.666406 0.113542 0.666406 0.114583 0.666406 0.115625 0.665625 0.116667 0.664844 0.117708 0.662500 0.117708 0.661719 0.117708 0.660937 0.116667 0.659375 0.116667 0.658594 0.115625 0.658594 0.114583 0.658594 0.113542 0.659375 0.113542 0.660156 0.112500 0.660937 0.112500 0.661719 0.112500 0.662500 0.111458
0 0.124219 0.113542 0.125000 0.113542 0.125781 0.113542 0.126562 0.114583 0.127344 0.114583 0.128125 0.115625 0.128906 0.116667 0.128125 0.117708 0.127344 0.118750 0.126562 0.118750 0.125781 0.118750 0.125000 0.117708 0.124219 0.117708 0.123438 0.116667 0.123438 0.115625 0.123438 0.114583 0.124219 0.113542
0 0.342187 0.113542 0.342969 0.113542 0.343750 0.113542 0.344531 0.114583 0.345313 0.114583 0.345313 0.115625 0.344531 0.116667 0.343750 0.116667 0.342969 0.117708 0.342187 0.118750 0.339844 0.118750 0.339062 0.118750 0.339062 0.116667 0.339062 0.115625 0.339844 0.115625 0.340625 0.114583 0.341406 0.114583 0.342187 0.113542
0 0.392969 0.113542 0.393750 0.113542 0.394531 0.113542 0.395313 0.114583 0.396875 0.114583 0.397656 0.114583 0.396875 0.115625 0.396875 0.116667 0.396875 0.117708 0.396094 0.118750 0.395313 0.118750 0.394531 0.118750 0.393750 0.119792 0.392969 0.120833 0.392188 0.120833 0.391406 0.121875 0.389062 0.121875 0.388281 0.121875 0.387500 0.120833 0.386719 0.120833 0.387500 0.120833 0.388281 0.119792 0.389062 0.119792 0.392188 0.115625 0.392969 0.114583 0.392969 0.113542
0 0.530469 0.113542 0.535937 0.113542 0.536719 0.113542 0.534375 0.113542 0.533594 0.113542 0.532813 0.114583 0.532813 0.118750 0.532031 0.119792 0.531250 0.119792 0.530469 0.119792 0.529687 0.118750 0.528125 0.118750 0.527344 0.117708 0.530469 0.113542
0 0.519531 0.122917 0.520312 0.123958 0.522656 0.123958 0.523438 0.123958 0.524219 0.125000 0.525781 0.125000 0.526563 0.125000 0.527344 0.126042 0.528125 0.127083 0.529687 0.127083 0.529687 0.128125 0.528906 0.129167 0.528125 0.129167 0.527344 0.129167 0.526563 0.130208 0.525781 0.131250 0.525000 0.131250 0.524219 0.131250 0.523438 0.130208 0.522656 0.130208 0.521875 0.130208 0.520312 0.128125 0.519531 0.128125 0.519531 0.127083 0.518750 0.126042 0.517969 0.125000 0.519531 0.122917
0 0.785937 0.126042 0.788281 0.126042 0.789062 0.126042 0.789844 0.127083 0.790625 0.127083 0.789844 0.127083 0.789062 0.128125 0.789062 0.129167 0.789062 0.130208 0.788281 0.131250 0.787500 0.132292 0.786719 0.132292 0.785937 0.133333 0.785156 0.134375 0.784375 0.134375 0.783594 0.134375 0.782813 0.135417 0.781250 0.135417 0.780469 0.135417 0.780469 0.132292 0.780469 0.131250 0.781250 0.131250 0.782031 0.131250 0.782813 0.130208 0.782813 0.129167 0.783594 0.129167 0.785937 0.126042
0 0.327344 0.128125 0.328125 0.128125 0.328906 0.128125 0.329688 0.129167 0.329688 0.130208 0.328906 0.131250 0.328125 0.131250 0.327344 0.132292 0.326562 0.133333 0.325781 0.133333 0.325000 0.134375 0.324219 0.135417 0.323437 0.135417 0.322656 0.136458 0.321875 0.135417 0.321094 0.135417 0.320312 0.135417 0.320312 0.134375 0.320312 0.133333 0.321094 0.133333 0.321875 0.132292 0.322656 0.132292 0.323437 0.131250 0.324219 0.131250 0.325000 0.130208 0.325781 0.129167 0.326562 0.129167 0.327344 0.128125
0 0.099219 0.137500 0.101562 0.137500 0.102344 0.137500 0.103906 0.139583 0.103906 0.140625 0.103125 0.141667 0.101562 0.141667 0.100781 0.141667 0.100000 0.140625 0.099219 0.140625 0.099219 0.137500
0 0.846094 0.138542 0.848437 0.138542 0.848437 0.139583 0.846875 0.141667 0.846094 0.142708 0.842969 0.142708 0.842187 0.141667 0.842969 0.140625 0.843750 0.139583 0.844531 0.139583 0.845313 0.139583 0.846094 0.138542
0 0.382812 0.159375 0.384375 0.159375 0.385156 0.159375 0.385937 0.160417 0.385937 0.161458 0.385156 0.162500 0.384375 0.162500 0.383594 0.163542 0.382812 0.163542 0.382031 0.162500 0.381250 0.162500 0.381250 0.161458 0.380469 0.160417 0.381250 0.160417 0.382031 0.160417 0.382812 0.159375
0 0.611719 0.159375 0.614062 0.159375 0.614844 0.159375 0.614844 0.161458 0.614844 0.162500 0.613281 0.164583 0.612500 0.165625 0.610938 0.165625 0.610156 0.165625 0.610156 0.163542 0.609375 0.162500 0.610156 0.161458 0.610156 0.160417 0.610938 0.160417 0.611719 0.159375
0 0.128906 0.162500 0.129688 0.163542 0.130469 0.164583 0.131250 0.164583 0.132031 0.165625 0.131250 0.166667 0.131250 0.167708 0.130469 0.168750 0.129688 0.168750 0.128906 0.167708 0.128125 0.167708 0.127344 0.167708 0.127344 0.165625 0.126562 0.164583 0.127344 0.164583 0.128906 0.162500
0 0.810156 0.164583 0.813281 0.164583 0.814063 0.164583 0.814844 0.165625 0.815625 0.165625 0.816406 0.165625 0.816406 0.167708 0.816406 0.168750 0.815625 0.169792 0.814844 0.170833 0.814844 0.171875 0.814063 0.172917 0.813281 0.172917 0.812500 0.172917 0.811719 0.171875 0.811719 0.170833 0.811719 0.169792 0.810937 0.168750 0.810156 0.168750 0.809375 0.167708 0.810156 0.166667 0.810156 0.164583
0 0.363281 0.169792 0.366406 0.169792 0.367188 0.169792 0.365625 0.171875 0.364844 0.172917 0.364063 0.172917 0.363281 0.173958 0.362500 0.175000 0.358594 0.175000 0.357812 0.173958 0.358594 0.172917 0.359375 0.172917 0.360156 0.172917 0.360938 0.171875 0.361719 0.170833 0.362500 0.170833 0.363281 0.169792
0 0.337500 0.180208 0.341406 0.180208 0.342187 0.180208 0.342187 0.181250 0.342969 0.182292 0.343750 0.183333 0.342969 0.184375 0.342969 0.185417 0.342187 0.186458 0.339844 0.186458 0.339062 0.186458 0.337500 0.184375 0.336719 0.184375 0.336719 0.183333 0.336719 0.182292 0.337500 0.181250 0.337500 0.180208
0 0.150781 0.182292 0.153125 0.182292 0.153906 0.182292 0.154688 0.183333 0.155469 0.184375 0.154688 0.185417 0.154688 0.186458 0.153906 0.187500 0.153125 0.188542 0.152344 0.188542 0.151562 0.188542 0.150781 0.187500 0.150000 0.186458 0.150000 0.185417 0.150000 0.184375 0.150781 0.183333 0.150781 0.182292
0 0.515625 0.188542 0.517969 0.188542 0.518750 0.188542 0.518750 0.193750 0.518750 0.194792 0.517969 0.195833 0.517969 0.196875 0.517188 0.197917 0.517188 0.201042 0.517188 0.202083 0.514844 0.205208 0.514062 0.205208 0.512500 0.203125 0.511719 0.202083 0.510156 0.202083 0.509375 0.201042 0.510156 0.200000 0.510156 0.196875 0.510156 0.195833 0.509375 0.194792 0.509375 0.190625 0.509375 0.189583 0.514062 0.189583 0.514844 0.189583 0.515625 0.188542
0 0.260937 0.203125 0.263281 0.203125 0.264062 0.203125 0.264844 0.204167 0.265625 0.205208 0.266406 0.205208 0.267188 0.205208 0.267969 0.206250 0.268750 0.206250 0.269531 0.206250 0.270313 0.207292 0.271094 0.207292 0.271875 0.208333 0.271094 0.208333 0.270313 0.209375 0.264844 0.209375 0.264062 0.209375 0.263281 0.208333 0.262500 0.208333 0.261719 0.207292 0.260937 0.207292 0.260156 0.207292 0.260156 0.206250 0.260156 0.205208 0.260937 0.204167 0.260937 0.203125
0 0.875000 0.205208 0.880469 0.205208 0.880469 0.206250 0.879687 0.207292 0.878906 0.208333 0.878125 0.208333 0.877344 0.209375 0.876563 0.210417 0.875781 0.210417 0.875000 0.211458 0.873437 0.211458 0.872656 0.211458 0.872656 0.210417 0.872656 0.209375 0.873437 0.208333 0.874219 0.208333 0.875000 0.207292 0.875000 0.205208
0 0.123438 0.209375 0.125000 0.209375 0.125781 0.209375 0.126562 0.210417 0.127344 0.210417 0.128125 0.211458 0.128125 0.212500 0.128125 0.213542 0.127344 0.214583 0.126562 0.214583 0.125781 0.214583 0.125000 0.215625 0.124219 0.215625 0.124219 0.214583 0.123438 0.213542 0.122656 0.213542 0.122656 0.212500 0.121875 0.211458 0.123438 0.209375
0 0.165625 0.210417 0.167969 0.210417 0.168750 0.210417 0.170313 0.212500 0.171094 0.212500 0.170313 0.213542 0.170313 0.214583 0.169531 0.215625 0.164844 0.215625 0.164062 0.216667 0.163281 0.215625 0.163281 0.213542 0.163281 0.212500 0.162500 0.211458 0.161719 0.211458 0.164062 0.211458 0.164844 0.211458 0.165625 0.210417
0 0.832031 0.211458 0.835156 0.211458 0.835938 0.211458 0.835938 0.212500 0.835938 0.213542 0.834375 0.215625 0.833594 0.216667 0.832812 0.216667 0.832031 0.216667 0.832031 0.211458
0 0.204687 0.216667 0.206250 0.216667 0.207031 0.216667 0.207813 0.217708 0.208594 0.218750 0.208594 0.220833 0.208594 0.221875 0.207813 0.222917 0.207031 0.223958 0.206250 0.223958 0.205469 0.225000 0.204687 0.226042 0.201563 0.226042 0.200781 0.226042 0.200000 0.225000 0.199219 0.223958 0.199219 0.221875 0.198437 0.220833 0.199219 0.219792 0.199219 0.218750 0.200000 0.218750 0.200781 0.217708 0.203125 0.217708 0.203906 0.217708 0.204687 0.216667
0 0.628906 0.216667 0.629687 0.217708 0.634375 0.217708 0.635156 0.216667 0.646094 0.216667 0.646875 0.216667 0.646875 0.217708 0.647656 0.218750 0.648438 0.218750 0.649219 0.218750 0.650000 0.219792 0.650781 0.220833 0.651563 0.220833 0.652344 0.221875 0.653125 0.222917 0.653906 0.222917 0.654687 0.223958 0.655469 0.223958 0.657813 0.227083 0.658594 0.228125 0.658594 0.232292 0.659375 0.233333 0.658594 0.233333 0.657813 0.234375 0.657813 0.237500 0.657813 0.238542 0.658594 0.239583 0.658594 0.240625 0.660937 0.243750 0.660937 0.244792 0.661719 0.245833 0.662500 0.246875 0.663281 0.246875 0.664062 0.247917 0.664062 0.248958 0.663281 0.250000 0.663281 0.251042 0.662500 0.250000 0.661719 0.248958 0.659375 0.248958 0.658594 0.247917 0.650781 0.247917 0.650000 0.247917 0.649219 0.246875 0.648438 0.245833 0.643750 0.245833 0.642969 0.245833 0.642188 0.246875 0.641406 0.246875 0.640625 0.246875 0.639844 0.245833 0.632812 0.245833 0.632031 0.245833 0.631250 0.244792 0.630469 0.244792 0.630469 0.242708 0.630469 0.241667 0.629687 0.240625 0.629687 0.238542 0.629687 0.237500 0.628906 0.236458 0.628125 0.235417 0.628125 0.232292 0.627344 0.231250 0.627344 0.226042 0.627344 0.225000 0.628125 0.223958 0.628125 0.218750 0.628125 0.217708 0.628906 0.216667
0 0.309375 0.219792 0.310937 0.219792 0.311719 0.219792 0.312500 0.220833 0.313281 0.220833 0.314063 0.220833 0.314063 0.222917 0.314844 0.223958 0.314063 0.223958 0.312500 0.226042 0.311719 0.226042 0.309375 0.229167 0.308594 0.229167 0.307812 0.228125 0.307031 0.228125 0.306250 0.227083 0.305469 0.226042 0.305469 0.225000 0.304688 0.223958 0.305469 0.223958 0.306250 0.223958 0.307031 0.222917 0.307031 0.221875 0.307031 0.220833 0.307812 0.220833 0.308594 0.220833 0.309375 0.219792
0 0.416406 0.225000 0.426563 0.225000 0.427344 0.225000 0.427344 0.226042 0.428125 0.227083 0.428906 0.227083 0.429688 0.228125 0.430469 0.229167 0.431250 0.229167 0.432031 0.230208 0.432812 0.231250 0.432812 0.236458 0.433594 0.237500 0.434375 0.237500 0.435156 0.238542 0.439063 0.238542 0.439844 0.238542 0.440625 0.239583 0.441406 0.240625 0.441406 0.243750 0.442188 0.244792 0.441406 0.245833 0.441406 0.246875 0.440625 0.247917 0.439844 0.248958 0.438281 0.248958 0.437500 0.248958 0.436719 0.250000 0.436719 0.251042 0.435937 0.252083 0.435156 0.253125 0.432031 0.253125 0.431250 0.253125 0.429688 0.255208 0.428906 0.256250 0.428906 0.257292 0.428906 0.258333 0.428125 0.259375 0.427344 0.260417 0.426563 0.260417 0.426563 0.259375 0.425781 0.258333 0.425000 0.258333 0.424219 0.257292 0.423438 0.257292 0.422656 0.257292 0.421875 0.256250 0.420312 0.256250 0.419531 0.255208 0.416406 0.255208 0.415625 0.255208 0.414844 0.254167 0.414844 0.252083 0.414062 0.251042 0.414062 0.243750 0.413281 0.242708 0.414062 0.242708 0.414844 0.241667 0.414844 0.240625 0.415625 0.239583 0.416406 0.238542 0.416406 0.235417 0.415625 0.234375 0.415625 0.227083 0.415625 0.226042 0.416406 0.225000
0 0.249219 0.229167 0.255469 0.229167 0.256250 0.229167 0.257812 0.231250 0.257812 0.232292 0.257031 0.233333 0.256250 0.233333 0.255469 0.234375 0.253125 0.234375 0.252344 0.234375 0.251563 0.233333 0.250781 0.233333 0.250000 0.232292 0.249219 0.232292 0.249219 0.231250 0.248438 0.230208 0.247656 0.230208 0.248438 0.230208 0.249219 0.229167
0 0.189844 0.231250 0.191406 0.231250 0.192188 0.231250 0.192969 0.232292 0.193750 0.233333 0.193750 0.234375 0.192188 0.236458 0.191406 0.237500 0.190625 0.237500 0.189062 0.235417 0.188281 0.235417 0.188281 0.233333 0.188281 0.232292 0.189062 0.232292 0.189844 0.231250
0 0.835156 0.232292 0.839063 0.232292 0.839844 0.232292 0.840625 0.233333 0.841406 0.233333 0.841406 0.234375 0.841406 0.235417 0.840625 0.236458 0.839844 0.236458 0.839063 0.237500 0.838281 0.237500 0.837500 0.236458 0.835938 0.236458 0.835156 0.236458 0.835156 0.232292
0 0.385937 0.264583 0.388281 0.264583 0.389062 0.264583 0.389062 0.265625 0.389844 0.266667 0.389844 0.268750 0.389844 0.269792 0.389062 0.270833 0.388281 0.271875 0.385156 0.271875 0.384375 0.270833 0.384375 0.266667 0.384375 0.265625 0.385156 0.265625 0.385937 0.264583
0 0.246094 0.265625 0.246875 0.266667 0.247656 0.266667 0.248438 0.267708 0.248438 0.271875 0.248438 0.272917 0.246094 0.276042 0.245312 0.277083 0.245312 0.276042 0.244531 0.275000 0.244531 0.272917 0.244531 0.271875 0.242969 0.269792 0.242188 0.269792 0.242969 0.269792 0.243750 0.268750 0.243750 0.267708 0.244531 0.266667 0.245312 0.266667 0.246094 0.265625
0 0.480469 0.268750 0.482031 0.268750 0.482812 0.268750 0.483594 0.269792 0.484375 0.270833 0.484375 0.271875 0.485156 0.272917 0.485156 0.273958 0.485938 0.275000 0.486719 0.275000 0.485938 0.275000 0.485156 0.275000 0.484375 0.276042 0.483594 0.277083 0.482812 0.277083 0.482031 0.277083 0.481250 0.276042 0.481250 0.275000 0.480469 0.273958 0.479687 0.272917 0.479687 0.270833 0.479687 0.269792 0.480469 0.268750
0 0.891406 0.272917 0.892188 0.273958 0.893750 0.273958 0.894531 0.273958 0.894531 0.275000 0.894531 0.276042 0.893750 0.277083 0.892969 0.278125 0.890625 0.278125 0.889844 0.278125 0.889844 0.276042 0.889844 0.275000 0.891406 0.272917
0 0.555469 0.276042 0.557031 0.276042 0.557813 0.277083 0.557813 0.278125 0.557813 0.279167 0.557031 0.280208 0.556250 0.281250 0.554688 0.279167 0.554688 0.278125 0.553906 0.277083 0.553125 0.277083 0.552344 0.277083 0.553906 0.277083 0.554688 0.277083 0.555469 0.276042
0 0.590625 0.285417 0.591406 0.285417 0.592187 0.285417 0.592969 0.286458 0.592969 0.287500 0.592187 0.288542 0.590625 0.288542 0.589844 0.288542 0.589844 0.287500 0.589844 0.286458 0.590625 0.285417
0 0.621094 0.287500 0.621875 0.287500 0.622656 0.287500 0.623437 0.288542 0.623437 0.289583 0.622656 0.290625 0.620313 0.290625 0.619531 0.290625 0.619531 0.289583 0.618750 0.288542 0.619531 0.288542 0.620313 0.288542 0.621094 0.287500
0 0.807031 0.289583 0.807813 0.289583 0.808594 0.289583 0.808594 0.293750 0.809375 0.294792 0.808594 0.294792 0.806250 0.297917 0.805469 0.298958 0.804688 0.298958 0.803906 0.298958 0.803125 0.297917 0.803125 0.294792 0.802344 0.293750 0.803125 0.293750 0.803906 0.293750 0.807031 0.289583
0 0.395313 0.290625 0.398438 0.290625 0.399219 0.290625 0.400000 0.291667 0.400781 0.292708 0.400781 0.293750 0.400781 0.294792 0.400000 0.295833 0.399219 0.295833 0.398438 0.296875 0.397656 0.296875 0.396875 0.296875 0.396094 0.295833 0.395313 0.294792 0.395313 0.293750 0.394531 0.292708 0.395313 0.291667 0.395313 0.290625
0 0.835156 0.290625 0.838281 0.290625 0.839063 0.290625 0.839063 0.291667 0.839844 0.292708 0.839844 0.293750 0.839844 0.294792 0.839063 0.295833 0.836719 0.295833 0.835938 0.295833 0.835156 0.294792 0.834375 0.294792 0.834375 0.292708 0.834375 0.291667 0.835156 0.290625
0 0.960156 0.293750 0.961719 0.293750 0.962500 0.293750 0.963281 0.294792 0.964844 0.294792 0.965625 0.294792 0.966406 0.295833 0.966406 0.296875 0.966406 0.297917 0.965625 0.298958 0.964844 0.298958 0.964063 0.300000 0.963281 0.300000 0.962500 0.300000 0.961719 0.301042 0.960938 0.301042 0.960156 0.300000 0.959375 0.300000 0.959375 0.298958 0.958594 0.297917 0.959375 0.296875 0.959375 0.295833 0.960156 0.294792 0.960156 0.293750
0 0.864844 0.297917 0.866406 0.297917 0.867188 0.297917 0.867188 0.300000 0.867188 0.301042 0.866406 0.302083 0.865625 0.303125 0.865625 0.304167 0.865625 0.305208 0.864844 0.306250 0.864062 0.306250 0.864062 0.305208 0.863281 0.304167 0.863281 0.300000 0.863281 0.298958 0.864062 0.298958 0.864844 0.297917
0 0.275781 0.323958 0.278125 0.323958 0.278906 0.323958 0.278906 0.325000 0.280469 0.327083 0.280469 0.328125 0.281250 0.329167 0.282813 0.329167 0.283594 0.329167 0.282813 0.329167 0.282031 0.329167 0.280469 0.331250 0.279687 0.332292 0.278906 0.332292 0.278125 0.332292 0.278125 0.331250 0.278125 0.330208 0.276562 0.328125 0.275781 0.327083 0.275781 0.323958
0 0.195312 0.328125 0.196094 0.328125 0.196875 0.328125 0.198437 0.330208 0.199219 0.331250 0.200000 0.331250 0.200781 0.331250 0.200781 0.340625 0.200000 0.341667 0.199219 0.341667 0.198437 0.341667 0.197656 0.340625 0.196875 0.340625 0.196094 0.339583 0.195312 0.338542 0.193750 0.338542 0.192969 0.338542 0.192969 0.337500 0.192188 0.336458 0.191406 0.335417 0.189844 0.335417 0.189062 0.334375 0.189844 0.333333 0.189844 0.332292 0.191406 0.332292 0.192188 0.332292 0.192969 0.331250 0.192969 0.330208 0.193750 0.330208 0.194531 0.330208 0.195312 0.329167 0.195312 0.328125
0 0.825000 0.334375 0.825781 0.334375 0.826562 0.334375 0.827344 0.335417 0.828125 0.336458 0.828125 0.338542 0.827344 0.339583 0.824219 0.339583 0.823438 0.339583 0.823438 0.336458 0.823438 0.335417 0.824219 0.335417 0.825000 0.334375
0 0.576562 0.340625 0.580469 0.340625 0.581250 0.340625 0.581250 0.341667 0.581250 0.342708 0.580469 0.343750 0.579688 0.343750 0.578906 0.344792 0.576562 0.344792 0.575781 0.344792 0.575781 0.342708 0.575781 0.341667 0.576562 0.340625
0 0.427344 0.342708 0.430469 0.342708 0.431250 0.342708 0.431250 0.344792 0.432031 0.345833 0.430469 0.347917 0.429688 0.348958 0.428906 0.347917 0.428125 0.347917 0.427344 0.347917 0.427344 0.346875 0.426563 0.345833 0.426563 0.344792 0.426563 0.343750 0.427344 0.342708
0 0.772656 0.342708 0.775000 0.342708 0.775781 0.343750 0.773438 0.346875 0.772656 0.347917 0.771875 0.347917 0.771094 0.348958 0.770312 0.348958 0.769531 0.350000 0.767969 0.350000 0.767188 0.348958 0.767188 0.347917 0.767188 0.346875 0.767969 0.346875 0.768750 0.345833 0.769531 0.344792 0.770312 0.344792 0.771094 0.343750 0.771875 0.343750 0.772656 0.342708
0 0.058594 0.343750 0.060937 0.343750 0.061719 0.343750 0.062500 0.344792 0.061719 0.344792 0.060937 0.345833 0.060937 0.346875 0.060156 0.347917 0.057813 0.347917 0.057031 0.347917 0.055469 0.350000 0.054688 0.351042 0.051562 0.351042 0.050781 0.351042 0.050781 0.350000 0.050000 0.348958 0.050000 0.345833 0.050000 0.344792 0.057031 0.344792 0.057813 0.344792 0.058594 0.343750
0 0.278906 0.344792 0.281250 0.344792 0.282031 0.344792 0.282813 0.345833 0.283594 0.345833 0.284375 0.346875 0.285938 0.346875 0.286719 0.346875 0.286719 0.348958 0.286719 0.350000 0.284375 0.353125 0.283594 0.354167 0.282813 0.354167 0.281250 0.356250 0.280469 0.356250 0.278125 0.359375 0.277344 0.359375 0.276562 0.358333 0.275781 0.358333 0.275781 0.357292 0.275000 0.356250 0.274219 0.355208 0.273438 0.355208 0.272656 0.354167 0.272656 0.352083 0.272656 0.351042 0.273438 0.350000 0.273438 0.348958 0.274219 0.348958 0.275000 0.347917 0.275781 0.346875 0.276562 0.346875 0.277344 0.346875 0.278906 0.344792
0 0.662500 0.350000 0.664062 0.350000 0.664844 0.350000 0.664844 0.354167 0.665625 0.355208 0.665625 0.359375 0.665625 0.360417 0.664844 0.361458 0.664844 0.363542 0.664062 0.364583 0.664062 0.368750 0.664062 0.369792 0.664844 0.370833 0.665625 0.371875 0.665625 0.377083 0.665625 0.378125 0.664844 0.379167 0.664062 0.379167 0.663281 0.378125 0.662500 0.377083 0.659375 0.377083 0.658594 0.377083 0.657813 0.378125 0.657031 0.379167 0.656250 0.379167 0.655469 0.380208 0.654687 0.379167 0.653906 0.379167 0.653125 0.379167 0.652344 0.378125 0.651563 0.378125 0.651563 0.377083 0.650781 0.376042 0.651563 0.376042 0.652344 0.376042 0.653125 0.375000 0.653906 0.375000 0.654687 0.373958 0.654687 0.372917 0.655469 0.371875 0.655469 0.370833 0.656250 0.369792 0.657031 0.369792 0.657813 0.368750 0.657813 0.365625 0.657813 0.364583 0.657031 0.363542 0.656250 0.363542 0.658594 0.363542 0.659375 0.362500 0.659375 0.358333 0.659375 0.357292 0.660156 0.356250 0.660156 0.353125 0.660156 0.352083 0.660937 0.351042 0.661719 0.351042 0.662500 0.350000
0 0.114062 0.359375 0.116406 0.359375 0.117188 0.359375 0.117188 0.361458 0.117188 0.362500 0.116406 0.363542 0.115625 0.364583 0.113281 0.364583 0.112500 0.364583 0.111719 0.363542 0.110937 0.363542 0.111719 0.363542 0.112500 0.362500 0.113281 0.361458 0.113281 0.360417 0.114062 0.359375
0 0.046875 0.363542 0.050000 0.363542 0.050781 0.364583 0.050781 0.365625 0.049219 0.367708 0.048438 0.368750 0.047656 0.368750 0.046875 0.367708 0.046094 0.367708 0.046094 0.366667 0.045312 0.365625 0.046875 0.363542
0 0.432812 0.366667 0.435156 0.366667 0.435937 0.366667 0.436719 0.367708 0.437500 0.367708 0.438281 0.368750 0.438281 0.369792 0.437500 0.370833 0.437500 0.371875 0.436719 0.372917 0.435937 0.373958 0.432031 0.373958 0.431250 0.372917 0.431250 0.369792 0.431250 0.368750 0.432812 0.366667
0 0.765625 0.370833 0.766406 0.370833 0.767188 0.370833 0.767969 0.371875 0.768750 0.372917 0.768750 0.373958 0.769531 0.375000 0.769531 0.376042 0.768750 0.377083 0.768750 0.381250 0.768750 0.382292 0.769531 0.383333 0.770312 0.384375 0.771875 0.384375 0.772656 0.384375 0.773438 0.385417 0.772656 0.386458 0.771875 0.387500 0.770312 0.387500 0.769531 0.387500 0.768750 0.386458 0.767969 0.386458 0.767969 0.385417 0.767188 0.384375 0.766406 0.384375 0.766406 0.383333 0.765625 0.382292 0.764844 0.381250 0.763281 0.381250 0.762500 0.381250 0.761719 0.380208 0.760938 0.380208 0.761719 0.380208 0.762500 0.379167 0.763281 0.378125 0.763281 0.373958 0.762500 0.372917 0.763281 0.372917 0.764062 0.372917 0.765625 0.370833
0 0.614844 0.375000 0.615625 0.375000 0.616406 0.375000 0.617188 0.376042 0.617969 0.376042 0.618750 0.376042 0.617969 0.377083 0.617969 0.378125 0.617969 0.379167 0.617188 0.380208 0.616406 0.381250 0.615625 0.381250 0.614844 0.381250 0.614062 0.380208 0.613281 0.380208 0.613281 0.379167 0.612500 0.378125 0.611719 0.378125 0.612500 0.378125 0.613281 0.378125 0.614062 0.377083 0.614844 0.376042 0.614844 0.375000
0 0.785156 0.378125 0.785937 0.378125 0.786719 0.378125 0.786719 0.379167 0.786719 0.380208 0.787500 0.381250 0.788281 0.381250 0.789062 0.381250 0.788281 0.382292 0.788281 0.383333 0.787500 0.384375 0.782813 0.384375 0.782031 0.384375 0.782031 0.382292 0.782031 0.381250 0.782813 0.380208 0.782813 0.379167 0.783594 0.379167 0.784375 0.379167 0.785156 0.378125
0 0.540625 0.384375 0.541406 0.384375 0.542188 0.384375 0.542969 0.385417 0.543750 0.385417 0.544531 0.386458 0.544531 0.387500 0.545312 0.388542 0.546094 0.388542 0.546094 0.389583 0.548438 0.392708 0.549219 0.392708 0.550000 0.393750 0.550781 0.394792 0.550781 0.395833 0.551562 0.396875 0.552344 0.396875 0.553125 0.397917 0.553125 0.398958 0.553125 0.400000 0.553906 0.401042 0.553906 0.402083 0.554688 0.403125 0.554688 0.408333 0.554688 0.409375 0.555469 0.410417 0.555469 0.415625 0.555469 0.416667 0.556250 0.417708 0.556250 0.419792 0.556250 0.420833 0.557031 0.421875 0.557813 0.421875 0.557813 0.422917 0.557031 0.423958 0.556250 0.423958 0.555469 0.425000 0.552344 0.425000 0.551562 0.425000 0.550781 0.423958 0.550000 0.423958 0.550000 0.421875 0.550000 0.420833 0.550781 0.419792 0.550781 0.416667 0.550781 0.415625 0.550000 0.414583 0.549219 0.414583 0.549219 0.408333 0.549219 0.407292 0.548438 0.406250 0.547656 0.405208 0.547656 0.401042 0.547656 0.400000 0.546875 0.398958 0.546875 0.397917 0.546094 0.396875 0.546094 0.395833 0.543750 0.392708 0.542969 0.391667 0.542969 0.390625 0.542188 0.389583 0.541406 0.389583 0.541406 0.388542 0.540625 0.387500 0.540625 0.386458 0.539844 0.385417 0.540625 0.384375
0 0.228906 0.395833 0.229687 0.396875 0.230469 0.396875 0.231250 0.397917 0.232031 0.397917 0.232813 0.398958 0.233594 0.398958 0.234375 0.400000 0.235156 0.401042 0.235156 0.402083 0.235156 0.403125 0.234375 0.404167 0.233594 0.404167 0.232813 0.405208 0.231250 0.405208 0.230469 0.406250 0.228125 0.406250 0.227344 0.405208 0.224219 0.405208 0.223438 0.405208 0.223438 0.403125 0.223438 0.402083 0.224219 0.401042 0.224219 0.400000 0.225000 0.398958 0.225781 0.398958 0.226562 0.397917 0.227344 0.396875 0.228125 0.396875 0.228906 0.395833
0 0.350000 0.401042 0.353125 0.401042 0.353906 0.401042 0.353906 0.402083 0.354687 0.403125 0.355469 0.403125 0.355469 0.405208 0.355469 0.406250 0.354687 0.407292 0.350000 0.407292 0.349219 0.407292 0.349219 0.405208 0.350000 0.404167 0.350000 0.401042
0 0.131250 0.403125 0.139844 0.403125 0.140625 0.403125 0.140625 0.405208 0.139844 0.406250 0.139844 0.409375 0.139844 0.410417 0.140625 0.411458 0.142187 0.411458 0.142969 0.411458 0.142969 0.412500 0.143750 0.413542 0.143750 0.416667 0.143750 0.417708 0.142969 0.418750 0.142187 0.418750 0.141406 0.418750 0.140625 0.419792 0.139844 0.420833 0.139063 0.420833 0.138281 0.420833 0.135937 0.417708 0.135156 0.416667 0.135156 0.412500 0.135156 0.411458 0.134375 0.410417 0.133594 0.410417 0.132031 0.408333 0.131250 0.407292 0.131250 0.403125
0 0.589063 0.408333 0.590625 0.408333 0.591406 0.409375 0.591406 0.410417 0.590625 0.411458 0.590625 0.413542 0.589844 0.414583 0.589063 0.414583 0.588281 0.413542 0.587500 0.412500 0.588281 0.411458 0.588281 0.410417 0.589063 0.409375 0.589063 0.408333
0 0.815625 0.410417 0.817969 0.410417 0.818750 0.410417 0.818750 0.411458 0.818750 0.412500 0.819531 0.413542 0.820312 0.414583 0.820312 0.415625 0.820312 0.416667 0.821094 0.417708 0.821094 0.418750 0.821875 0.419792 0.821875 0.423958 0.821875 0.425000 0.822656 0.426042 0.823438 0.427083 0.823438 0.433333 0.823438 0.434375 0.824219 0.435417 0.824219 0.436458 0.825000 0.437500 0.824219 0.438542 0.823438 0.439583 0.822656 0.439583 0.821875 0.440625 0.817187 0.440625 0.816406 0.440625 0.815625 0.439583 0.814844 0.439583 0.814063 0.438542 0.813281 0.437500 0.813281 0.436458 0.812500 0.435417 0.810937 0.435417 0.810156 0.434375 0.810937 0.433333 0.810937 0.427083 0.811719 0.426042 0.811719 0.420833 0.811719 0.419792 0.810937 0.418750 0.810156 0.417708 0.810156 0.415625 0.809375 0.414583 0.810156 0.413542 0.810156 0.412500 0.810156 0.411458 0.814063 0.411458 0.814844 0.411458 0.815625 0.410417
0 0.569531 0.411458 0.570312 0.412500 0.571094 0.412500 0.571875 0.412500 0.572656 0.413542 0.574219 0.413542 0.575000 0.413542 0.575781 0.414583 0.575781 0.415625 0.576562 0.416667 0.577344 0.417708 0.577344 0.419792 0.577344 0.420833 0.578125 0.421875 0.578125 0.425000 0.578906 0.426042 0.578906 0.431250 0.578906 0.432292 0.580469 0.434375 0.581250 0.434375 0.581250 0.439583 0.581250 0.440625 0.582031 0.441667 0.582031 0.443750 0.581250 0.444792 0.580469 0.444792 0.579688 0.443750 0.578906 0.443750 0.578125 0.442708 0.577344 0.442708 0.577344 0.441667 0.576562 0.440625 0.576562 0.438542 0.576562 0.437500 0.575000 0.435417 0.574219 0.434375 0.574219 0.433333 0.573438 0.432292 0.571875 0.432292 0.571094 0.432292 0.571094 0.431250 0.570312 0.430208 0.570312 0.429167 0.570312 0.428125 0.569531 0.427083 0.568750 0.426042 0.568750 0.425000 0.568750 0.423958 0.567969 0.422917 0.567969 0.421875 0.567187 0.420833 0.567187 0.413542 0.567187 0.412500 0.567969 0.412500 0.568750 0.412500 0.569531 0.411458
0 0.473438 0.412500 0.475781 0.412500 0.475781 0.413542 0.475000 0.414583 0.474219 0.415625 0.474219 0.416667 0.473438 0.417708 0.473438 0.418750 0.472656 0.419792 0.471094 0.419792 0.470313 0.419792 0.470313 0.418750 0.469531 0.417708 0.471094 0.415625 0.471875 0.415625 0.472656 0.414583 0.472656 0.413542 0.473438 0.412500
0 0.406250 0.418750 0.409375 0.418750 0.410156 0.418750 0.410938 0.419792 0.411719 0.419792 0.410156 0.421875 0.409375 0.422917 0.409375 0.423958 0.408594 0.425000 0.408594 0.426042 0.407813 0.427083 0.407031 0.428125 0.402344 0.428125 0.401562 0.428125 0.400781 0.427083 0.399219 0.427083 0.398438 0.426042 0.399219 0.425000 0.399219 0.422917 0.400000 0.421875 0.400781 0.421875 0.401562 0.420833 0.403906 0.420833 0.404687 0.420833 0.406250 0.418750
0 0.391406 0.433333 0.392188 0.433333 0.392969 0.433333 0.393750 0.434375 0.394531 0.434375 0.395313 0.434375 0.395313 0.436458 0.395313 0.437500 0.394531 0.438542 0.393750 0.438542 0.392969 0.439583 0.392969 0.440625 0.392188 0.441667 0.389844 0.441667 0.389062 0.441667 0.385937 0.445833 0.385156 0.446875 0.383594 0.446875 0.382812 0.446875 0.382031 0.445833 0.381250 0.444792 0.381250 0.443750 0.381250 0.442708 0.380469 0.441667 0.379688 0.441667 0.380469 0.441667 0.381250 0.440625 0.382031 0.440625 0.382812 0.440625 0.385156 0.437500 0.385156 0.436458 0.385937 0.436458 0.386719 0.436458 0.387500 0.435417 0.387500 0.434375 0.389844 0.434375 0.390625 0.434375 0.391406 0.433333
0 0.797656 0.433333 0.803125 0.433333 0.803906 0.434375 0.802344 0.436458 0.801562 0.436458 0.800781 0.437500 0.800781 0.438542 0.800000 0.439583 0.799219 0.440625 0.797656 0.440625 0.796875 0.440625 0.796094 0.439583 0.796094 0.438542 0.795312 0.437500 0.794531 0.436458 0.794531 0.435417 0.794531 0.434375 0.796094 0.434375 0.796875 0.434375 0.797656 0.433333
0 0.992969 0.433333 0.993750 0.433333 0.994531 0.433333 0.995313 0.434375 0.996094 0.435417 0.996094 0.436458 0.996875 0.437500 0.999219 0.437500 0.999219 0.438542 0.998437 0.439583 0.997656 0.439583 0.996875 0.440625 0.996094 0.439583 0.995313 0.439583 0.994531 0.439583 0.993750 0.438542 0.992969 0.438542 0.992188 0.437500 0.991406 0.436458 0.991406 0.435417 0.990625 0.434375 0.991406 0.434375 0.992188 0.434375 0.992969 0.433333
0 0.310937 0.436458 0.314063 0.436458 0.314844 0.436458 0.314844 0.437500 0.315625 0.438542 0.315625 0.441667 0.316406 0.442708 0.315625 0.442708 0.314844 0.443750 0.313281 0.443750 0.312500 0.443750 0.311719 0.442708 0.310937 0.441667 0.310937 0.438542 0.310156 0.437500 0.310937 0.436458
0 0.017188 0.441667 0.022656 0.441667 0.023438 0.441667 0.024219 0.442708 0.025000 0.442708 0.025781 0.443750 0.025781 0.445833 0.026562 0.446875 0.025781 0.446875 0.025000 0.447917 0.024219 0.447917 0.023438 0.446875 0.022656 0.445833 0.020313 0.445833 0.019531 0.445833 0.018750 0.444792 0.017969 0.444792 0.017188 0.444792 0.017188 0.441667
0 0.542188 0.444792 0.543750 0.444792 0.544531 0.444792 0.544531 0.445833 0.544531 0.446875 0.546094 0.448958 0.546875 0.448958 0.546094 0.450000 0.545312 0.451042 0.542969 0.451042 0.542188 0.451042 0.541406 0.450000 0.540625 0.450000 0.540625 0.446875 0.540625 0.445833 0.541406 0.445833 0.542188 0.444792
0 0.365625 0.446875 0.366406 0.446875 0.367188 0.446875 0.367969 0.447917 0.368750 0.447917 0.369531 0.447917 0.370312 0.448958 0.370312 0.450000 0.369531 0.451042 0.368750 0.452083 0.366406 0.452083 0.365625 0.452083 0.364844 0.451042 0.364844 0.450000 0.364063 0.448958 0.364844 0.448958 0.365625 0.447917 0.365625 0.446875
0 0.970313 0.446875 0.972656 0.446875 0.973437 0.446875 0.973437 0.450000 0.973437 0.451042 0.974219 0.452083 0.974219 0.456250 0.973437 0.457292 0.972656 0.457292 0.971875 0.456250 0.971094 0.456250 0.971094 0.453125 0.971094 0.452083 0.970313 0.451042 0.969531 0.451042 0.969531 0.448958 0.969531 0.447917 0.970313 0.446875
0 0.751563 0.454167 0.753906 0.454167 0.754687 0.454167 0.753906 0.455208 0.753906 0.456250 0.753906 0.457292 0.753125 0.458333 0.750000 0.458333 0.749219 0.458333 0.749219 0.457292 0.749219 0.456250 0.750000 0.456250 0.751563 0.454167
0 0.991406 0.456250 0.998437 0.456250 0.999219 0.456250 0.999219 0.459375 0.999219 0.460417 0.998437 0.461458 0.997656 0.461458 0.996875 0.462500 0.996094 0.462500 0.995313 0.462500 0.994531 0.463542 0.994531 0.465625 0.994531 0.466667 0.995313 0.467708 0.995313 0.468750 0.994531 0.469792 0.993750 0.469792 0.992969 0.469792 0.992188 0.470833 0.991406 0.471875 0.990625 0.471875 0.989844 0.472917 0.989844 0.473958 0.989062 0.472917 0.988281 0.472917 0.988281 0.471875 0.984375 0.466667 0.983594 0.465625 0.983594 0.463542 0.982812 0.462500 0.978906 0.462500 0.978125 0.462500 0.982812 0.462500 0.983594 0.462500 0.984375 0.461458 0.985156 0.460417 0.987500 0.460417 0.988281 0.460417 0.991406 0.456250
0 0.161719 0.460417 0.164062 0.460417 0.164844 0.460417 0.166406 0.462500 0.167187 0.463542 0.166406 0.464583 0.166406 0.465625 0.165625 0.466667 0.164844 0.466667 0.164062 0.465625 0.163281 0.465625 0.162500 0.464583 0.161719 0.464583 0.161719 0.462500 0.160938 0.461458 0.161719 0.460417
0 0.345313 0.461458 0.348438 0.461458 0.349219 0.461458 0.349219 0.462500 0.349219 0.463542 0.348438 0.464583 0.347656 0.465625 0.346875 0.465625 0.346094 0.465625 0.345313 0.464583 0.345313 0.463542 0.344531 0.462500 0.345313 0.461458
0 0.857031 0.463542 0.858594 0.463542 0.859375 0.463542 0.859375 0.464583 0.859375 0.465625 0.860156 0.466667 0.860938 0.467708 0.860156 0.467708 0.859375 0.468750 0.858594 0.468750 0.857812 0.468750 0.857031 0.467708 0.856250 0.467708 0.856250 0.465625 0.856250 0.464583 0.857031 0.463542
0 0.698438 0.464583 0.700000 0.464583 0.700781 0.464583 0.700781 0.469792 0.700781 0.470833 0.700000 0.471875 0.699219 0.472917 0.698438 0.472917 0.697656 0.473958 0.696875 0.475000 0.696094 0.475000 0.695312 0.475000 0.695312 0.473958 0.694531 0.472917 0.694531 0.470833 0.694531 0.469792 0.695312 0.468750 0.695312 0.467708 0.696094 0.466667 0.696094 0.465625 0.696875 0.465625 0.697656 0.465625 0.698438 0.464583
0 0.805469 0.470833 0.808594 0.470833 0.809375 0.470833 0.809375 0.472917 0.809375 0.473958 0.810156 0.475000 0.810156 0.478125 0.810156 0.479167 0.809375 0.480208 0.808594 0.480208 0.807813 0.481250 0.806250 0.481250 0.805469 0.481250 0.803906 0.483333 0.803906 0.484375 0.803125 0.485417 0.802344 0.485417 0.801562 0.485417 0.800781 0.484375 0.800000 0.483333 0.800000 0.482292 0.800000 0.481250 0.799219 0.480208 0.798438 0.480208 0.797656 0.479167 0.796875 0.479167 0.796875 0.477083 0.796875 0.476042 0.797656 0.475000 0.797656 0.473958 0.798438 0.472917 0.802344 0.472917 0.803125 0.472917 0.803906 0.471875 0.804688 0.471875 0.805469 0.470833
0 0.996094 0.471875 0.998437 0.471875 0.999219 0.471875 0.999219 0.472917 0.999219 0.473958 0.998437 0.475000 0.997656 0.475000 0.996875 0.475000 0.996094 0.473958 0.996094 0.471875
0 0.648438 0.473958 0.650000 0.473958 0.650781 0.473958 0.651563 0.475000 0.651563 0.476042 0.651563 0.477083 0.650781 0.478125 0.649219 0.478125 0.648438 0.478125 0.647656 0.477083 0.647656 0.476042 0.647656 0.475000 0.648438 0.473958
0 1.000000 0.646810 0.998569 0.645856 0.998330 0.645379 0.997256 0.644106 0.996779 0.642993 0.996541 0.641720 0.996541 0.641084 0.995348 0.639016 0.994990 0.638698 0.994155 0.637426 0.994155 0.636790 0.993201 0.634086 0.992843 0.633449 0.991411 0.632177 0.990815 0.631859 0.990457 0.631382 0.990099 0.630109 0.990099 0.627087 0.989860 0.623747 0.990338 0.623111 0.991173 0.622475 0.991650 0.622316 0.993678 0.622316 0.994394 0.621998 0.995825 0.621839 0.996183 0.621520 0.996421 0.621043 0.997853 0.620407 0.998927 0.620407 0.999404 0.620566 1.000000 0.621202 0.999881 0.621520 0.999523 0.622475 0.999642 0.625020 0.999881 0.627087 1.000000 0.628519 0.999762 0.629791 0.999881 0.632336 0.999881 0.634404 0.999523 0.635199 0.999762 0.636790 0.999762 0.643629 0.999881 0.644901
0 0.996421 0.619771 0.995467 0.619771 0.995109 0.619453 0.994871 0.618976 0.993678 0.617862 0.993081 0.616590 0.992843 0.614681 0.993081 0.614204 0.994036 0.613409 0.994751 0.613091 0.996660 0.611023 0.997137 0.610864 0.998330 0.609750 0.998927 0.609432 0.999165 0.608955 0.999523 0.608637 0.999762 0.608796 0.999881 0.609432 1.000000 0.611500 1.000000 0.612772 1.000000 0.614045 0.999762 0.614681 0.999642 0.615953 0.999642 0.617862 0.999762 0.618498 1.000000 0.618976 0.999762 0.619453 0.999284 0.619771 0.998211 0.620089 0.997614 0.620089
0 0.907789 0.635199 0.906118 0.633768 0.905164 0.631541 0.904687 0.629314 0.904210 0.628360 0.903255 0.627883 0.902540 0.626928 0.902420 0.626292 0.902182 0.625815 0.902182 0.624542 0.901943 0.624065 0.901943 0.622634 0.902301 0.622316 0.902540 0.621839 0.902659 0.621043 0.903494 0.618816 0.903494 0.616272 0.903255 0.612613 0.903971 0.611659 0.905641 0.611659 0.906238 0.611818 0.906715 0.612295 0.907789 0.612772 0.908146 0.613250 0.910174 0.613409 0.910532 0.613886 0.910771 0.614522 0.911009 0.617385 0.911367 0.617703 0.912560 0.618021 0.913037 0.618339 0.913276 0.618816 0.913753 0.618976 0.914349 0.619930 0.914469 0.621361 0.914469 0.622952 0.914349 0.623588 0.914349 0.631382 0.913992 0.632654 0.912799 0.633131 0.912441 0.633768 0.912083 0.634086 0.911606 0.635040 0.910174 0.635835 0.908624 0.635835
0 0.286719 0.475000 0.292187 0.475000 0.292969 0.475000 0.293750 0.476042 0.293750 0.477083 0.293750 0.478125 0.292969 0.479167 0.292969 0.480208 0.292969 0.481250 0.292187 0.482292 0.291406 0.482292 0.290625 0.483333 0.289844 0.484375 0.288281 0.484375 0.287500 0.484375 0.286719 0.483333 0.285938 0.483333 0.285156 0.482292 0.285156 0.481250 0.284375 0.480208 0.283594 0.480208 0.282813 0.480208 0.283594 0.480208 0.284375 0.480208 0.285156 0.479167 0.285156 0.478125 0.285156 0.477083 0.286719 0.475000
0 0.107813 0.478125 0.110937 0.478125 0.111719 0.478125 0.111719 0.479167 0.112500 0.480208 0.112500 0.482292 0.112500 0.483333 0.113281 0.484375 0.114062 0.485417 0.114062 0.486458 0.113281 0.487500 0.112500 0.488542 0.110937 0.488542 0.110156 0.488542 0.109375 0.487500 0.108594 0.487500 0.108594 0.486458 0.106250 0.483333 0.105469 0.482292 0.106250 0.481250 0.106250 0.480208 0.107813 0.478125
0 0.364063 0.478125 0.365625 0.478125 0.366406 0.478125 0.367188 0.479167 0.367969 0.480208 0.367969 0.481250 0.368750 0.482292 0.368750 0.483333 0.369531 0.484375 0.369531 0.485417 0.370312 0.486458 0.370312 0.487500 0.371094 0.488542 0.371094 0.491667 0.370312 0.492708 0.369531 0.492708 0.368750 0.491667 0.367969 0.491667 0.366406 0.489583 0.365625 0.488542 0.364844 0.488542 0.364063 0.487500 0.364844 0.486458 0.364844 0.483333 0.364063 0.482292 0.364063 0.478125
0 0.854688 0.491667 0.855469 0.491667 0.856250 0.491667 0.857031 0.492708 0.857812 0.492708 0.858594 0.493750 0.859375 0.494792 0.859375 0.495833 0.860156 0.496875 0.860938 0.496875 0.860938 0.498958 0.861719 0.500000 0.861719 0.503125 0.860938 0.504167 0.860156 0.504167 0.859375 0.504167 0.858594 0.505208 0.857812 0.505208 0.857031 0.505208 0.856250 0.504167 0.856250 0.503125 0.854688 0.501042 0.854688 0.500000 0.853906 0.498958 0.853125 0.498958 0.852344 0.497917 0.852344 0.495833 0.851562 0.494792 0.852344 0.493750 0.852344 0.492708 0.853125 0.492708 0.853906 0.492708 0.854688 0.491667
0 0.992188 0.491667 0.992969 0.491667 0.993750 0.491667 0.993750 0.492708 0.994531 0.493750 0.994531 0.494792 0.995313 0.495833 0.995313 0.496875 0.994531 0.497917 0.994531 0.498958 0.993750 0.500000 0.992969 0.500000 0.992188 0.501042 0.992188 0.500000 0.991406 0.498958 0.991406 0.496875 0.990625 0.495833 0.990625 0.493750 0.990625 0.492708 0.991406 0.492708 0.992188 0.491667
0 0.197656 0.505208 0.199219 0.505208 0.200000 0.505208 0.202344 0.508333 0.203125 0.509375 0.203125 0.513542 0.203906 0.514583 0.203125 0.515625 0.202344 0.516667 0.202344 0.517708 0.201563 0.518750 0.200781 0.519792 0.199219 0.519792 0.198437 0.519792 0.197656 0.518750 0.196875 0.518750 0.196875 0.517708 0.196094 0.516667 0.196094 0.507292 0.196094 0.506250 0.196875 0.506250 0.197656 0.505208
0 0.665625 0.506250 0.668750 0.506250 0.669531 0.506250 0.670312 0.507292 0.671094 0.508333 0.671875 0.508333 0.672656 0.509375 0.673438 0.509375 0.674219 0.510417 0.675000 0.510417 0.675000 0.511458 0.675000 0.512500 0.674219 0.513542 0.673438 0.513542 0.672656 0.514583 0.671875 0.514583 0.671094 0.515625 0.671094 0.518750 0.671094 0.519792 0.670312 0.520833 0.670312 0.522917 0.670312 0.523958 0.669531 0.525000 0.668750 0.526042 0.668750 0.529167 0.667969 0.530208 0.667188 0.530208 0.666406 0.529167 0.665625 0.529167 0.664062 0.527083 0.663281 0.527083 0.663281 0.525000 0.663281 0.523958 0.661719 0.521875 0.660937 0.520833 0.660937 0.519792 0.660156 0.518750 0.659375 0.517708 0.660156 0.516667 0.660937 0.515625 0.660937 0.514583 0.661719 0.513542 0.661719 0.512500 0.662500 0.512500 0.663281 0.511458 0.664062 0.510417 0.664062 0.509375 0.664062 0.508333 0.665625 0.506250
0 0.038281 0.526042 0.041406 0.526042 0.042188 0.526042 0.042969 0.527083 0.043750 0.528125 0.042969 0.528125 0.042188 0.529167 0.041406 0.529167 0.040625 0.530208 0.039844 0.530208 0.039062 0.530208 0.038281 0.529167 0.038281 0.526042
0 0.944531 0.526042 0.946875 0.526042 0.947656 0.526042 0.948438 0.527083 0.949219 0.527083 0.950000 0.528125 0.950781 0.528125 0.951562 0.529167 0.952344 0.529167 0.953125 0.529167 0.953906 0.530208 0.954688 0.531250 0.954688 0.532292 0.954688 0.533333 0.955469 0.534375 0.955469 0.536458 0.955469 0.537500 0.954688 0.538542 0.953125 0.538542 0.952344 0.538542 0.951562 0.539583 0.950781 0.539583 0.950000 0.540625 0.949219 0.540625 0.947656 0.542708 0.946875 0.543750 0.943750 0.543750 0.942969 0.543750 0.942187 0.542708 0.941406 0.542708 0.940625 0.542708 0.940625 0.538542 0.941406 0.537500 0.941406 0.529167 0.941406 0.528125 0.942187 0.527083 0.942969 0.527083 0.943750 0.527083 0.944531 0.526042
0 0.066406 0.540625 0.068750 0.540625 0.069531 0.540625 0.070312 0.541667 0.070312 0.542708 0.070312 0.543750 0.069531 0.544792 0.068750 0.545833 0.067969 0.545833 0.067187 0.545833 0.066406 0.544792 0.065625 0.544792 0.065625 0.542708 0.064844 0.541667 0.065625 0.541667 0.066406 0.540625
0 0.582031 0.540625 0.583594 0.540625 0.584375 0.541667 0.584375 0.558333 0.584375 0.559375 0.585156 0.560417 0.585156 0.561458 0.584375 0.562500 0.583594 0.562500 0.582812 0.563542 0.582031 0.563542 0.582031 0.561458 0.582031 0.560417 0.581250 0.559375 0.580469 0.559375 0.579688 0.558333 0.578906 0.558333 0.578125 0.557292 0.577344 0.557292 0.578125 0.557292 0.578906 0.556250 0.578906 0.548958 0.578906 0.547917 0.578125 0.546875 0.578125 0.544792 0.577344 0.543750 0.578125 0.542708 0.578906 0.542708 0.579688 0.541667 0.580469 0.541667 0.581250 0.541667 0.582031 0.540625
0 0.045312 0.542708 0.047656 0.542708 0.048438 0.542708 0.049219 0.543750 0.050000 0.543750 0.050781 0.543750 0.049219 0.545833 0.048438 0.546875 0.047656 0.546875 0.046875 0.547917 0.046094 0.546875 0.045312 0.546875 0.044531 0.546875 0.044531 0.545833 0.043750 0.544792 0.042969 0.544792 0.043750 0.544792 0.045312 0.542708
0 0.263281 0.542708 0.264062 0.542708 0.264844 0.542708 0.266406 0.544792 0.267188 0.545833 0.266406 0.546875 0.266406 0.550000 0.265625 0.551042 0.264062 0.551042 0.263281 0.551042 0.263281 0.550000 0.263281 0.548958 0.262500 0.547917 0.261719 0.546875 0.261719 0.545833 0.261719 0.544792 0.263281 0.542708
0 0.889062 0.544792 0.890625 0.544792 0.891406 0.544792 0.891406 0.550000 0.891406 0.551042 0.892188 0.552083 0.892188 0.555208 0.892969 0.556250 0.891406 0.558333 0.890625 0.559375 0.885938 0.559375 0.885156 0.559375 0.884375 0.560417 0.882812 0.560417 0.882031 0.560417 0.882031 0.558333 0.882031 0.557292 0.882812 0.557292 0.883594 0.556250 0.883594 0.552083 0.883594 0.551042 0.885156 0.548958 0.885938 0.547917 0.886719 0.547917 0.887500 0.546875 0.887500 0.545833 0.888281 0.545833 0.889062 0.544792
0 0.653125 0.553125 0.657031 0.553125 0.657813 0.553125 0.658594 0.554167 0.659375 0.554167 0.660156 0.554167 0.660937 0.555208 0.661719 0.555208 0.662500 0.556250 0.663281 0.557292 0.663281 0.562500 0.663281 0.563542 0.664062 0.564583 0.664062 0.566667 0.664844 0.567708 0.664062 0.567708 0.663281 0.568750 0.662500 0.569792 0.662500 0.570833 0.661719 0.571875 0.660937 0.571875 0.660156 0.570833 0.659375 0.570833 0.658594 0.570833 0.657813 0.569792 0.657031 0.569792 0.657031 0.568750 0.657031 0.567708 0.656250 0.566667 0.656250 0.564583 0.656250 0.563542 0.655469 0.562500 0.654687 0.561458 0.653906 0.561458 0.653125 0.560417 0.652344 0.559375 0.652344 0.555208 0.652344 0.554167 0.653125 0.553125
0 0.678631 0.578735 0.677677 0.578894 0.677319 0.578417 0.677080 0.577144 0.676365 0.575077 0.676365 0.574440 0.676603 0.573168 0.677200 0.572214 0.677915 0.571577 0.677200 0.569987 0.676365 0.569351 0.676245 0.568555 0.676484 0.567919 0.677438 0.567283 0.678392 0.567124 0.678631 0.566647 0.678989 0.566329 0.680659 0.566329 0.682210 0.567760 0.682329 0.568396 0.681136 0.569192 0.680898 0.569669 0.680898 0.570305 0.681255 0.570782 0.681733 0.571100 0.682090 0.571736 0.682090 0.574440 0.682568 0.575395 0.682568 0.576031 0.680301 0.578735 0.679824 0.578894
0 0.705469 0.556250 0.707031 0.556250 0.707812 0.556250 0.707812 0.557292 0.708594 0.558333 0.708594 0.559375 0.707812 0.560417 0.707812 0.561458 0.707812 0.562500 0.707031 0.563542 0.707031 0.564583 0.707031 0.565625 0.706250 0.566667 0.705469 0.567708 0.703906 0.567708 0.703125 0.568750 0.701562 0.566667 0.700781 0.566667 0.700781 0.564583 0.700781 0.563542 0.701562 0.562500 0.701562 0.561458 0.703125 0.559375 0.703125 0.558333 0.703906 0.557292 0.704688 0.557292 0.705469 0.556250
0 0.736719 0.558333 0.740625 0.558333 0.741406 0.558333 0.742188 0.559375 0.743750 0.559375 0.744531 0.559375 0.745313 0.560417 0.746094 0.560417 0.746875 0.560417 0.747656 0.561458 0.748437 0.561458 0.749219 0.561458 0.750781 0.563542 0.750781 0.564583 0.756250 0.571875 0.757031 0.571875 0.760938 0.577083 0.761719 0.578125 0.761719 0.579167 0.764062 0.582292 0.764844 0.583333 0.764844 0.585417 0.764844 0.586458 0.764062 0.587500 0.764062 0.588542 0.764062 0.589583 0.762500 0.591667 0.761719 0.591667 0.760938 0.592708 0.760938 0.593750 0.760938 0.594792 0.760156 0.595833 0.759375 0.595833 0.758594 0.596875 0.757812 0.596875 0.757031 0.597917 0.756250 0.598958 0.756250 0.600000 0.755469 0.601042 0.754687 0.601042 0.753906 0.602083 0.752344 0.602083 0.751563 0.603125 0.742188 0.603125 0.741406 0.603125 0.740625 0.604167 0.737500 0.604167 0.736719 0.604167 0.735938 0.605208 0.735156 0.606250 0.730469 0.606250 0.729688 0.606250 0.728906 0.605208 0.727344 0.605208 0.726562 0.605208 0.726562 0.604167 0.725000 0.602083 0.724219 0.602083 0.723437 0.601042 0.723437 0.600000 0.721875 0.597917 0.721875 0.596875 0.721094 0.595833 0.720313 0.595833 0.717969 0.592708 0.717187 0.592708 0.717187 0.589583 0.717187 0.588542 0.716406 0.587500 0.716406 0.586458 0.716406 0.585417 0.714063 0.582292 0.713281 0.581250 0.713281 0.578125 0.714063 0.577083 0.714063 0.571875 0.714063 0.570833 0.715625 0.568750 0.716406 0.567708 0.719531 0.567708 0.720313 0.567708 0.721094 0.566667 0.721875 0.566667 0.722656 0.566667 0.723437 0.565625 0.723437 0.564583 0.724219 0.563542 0.725000 0.563542 0.725781 0.562500 0.726562 0.561458 0.728125 0.561458 0.728906 0.560417 0.734375 0.560417 0.735156 0.560417 0.736719 0.558333
0 0.228906 0.560417 0.232813 0.560417 0.233594 0.561458 0.241406 0.561458 0.242188 0.562500 0.242188 0.563542 0.242188 0.564583 0.242969 0.565625 0.242969 0.566667 0.242188 0.567708 0.242188 0.568750 0.242188 0.569792 0.241406 0.570833 0.241406 0.571875 0.240625 0.572917 0.240625 0.573958 0.239844 0.575000 0.239844 0.577083 0.239844 0.578125 0.239063 0.579167 0.239063 0.580208 0.238281 0.581250 0.238281 0.582292 0.237500 0.583333 0.236719 0.584375 0.236719 0.585417 0.236719 0.586458 0.235937 0.587500 0.235937 0.588542 0.235156 0.589583 0.232813 0.589583 0.232031 0.588542 0.232031 0.584375 0.231250 0.583333 0.231250 0.570833 0.231250 0.569792 0.230469 0.568750 0.230469 0.567708 0.229687 0.566667 0.228906 0.565625 0.228906 0.560417
0 0.195312 0.576042 0.196875 0.576042 0.197656 0.576042 0.197656 0.578125 0.198437 0.579167 0.201563 0.579167 0.201563 0.580208 0.200781 0.581250 0.199219 0.581250 0.198437 0.582292 0.196094 0.582292 0.195312 0.582292 0.194531 0.581250 0.193750 0.581250 0.192969 0.580208 0.193750 0.579167 0.193750 0.578125 0.193750 0.577083 0.194531 0.577083 0.195312 0.576042
0 0.708594 0.436458 0.717187 0.437500 0.717969 0.437500 0.724219 0.445833 0.725000 0.446875 0.725781 0.454167 0.726562 0.455208 0.724219 0.461458 0.723437 0.462500 0.720313 0.462500 0.719531 0.462500 0.716406 0.460417 0.715625 0.460417 0.711719 0.463542 0.710938 0.463542 0.710938 0.450000 0.710938 0.448958 0.707812 0.440625 0.707031 0.439583 0.708594 0.436458
0 0.733278 0.452807 0.735091 0.454167 0.735156 0.456712 0.732705 0.457784 0.734071 0.462325 0.730284 0.461284 0.730218 0.458492 0.728906 0.456250 0.728906 0.455208 0.731250 0.453125
0 0.150000 0.587500 0.151562 0.587500 0.152344 0.588542 0.154688 0.588542 0.154688 0.589583 0.153125 0.591667 0.152344 0.592708 0.151562 0.592708 0.150781 0.593750 0.150000 0.592708 0.149219 0.592708 0.148438 0.592708 0.148438 0.591667 0.147656 0.590625 0.150000 0.587500
0 0.588281 0.593750 0.595313 0.593750 0.596094 0.593750 0.596875 0.594792 0.596875 0.595833 0.596875 0.596875 0.594531 0.600000 0.593750 0.601042 0.592187 0.601042 0.591406 0.601042 0.589844 0.598958 0.589063 0.598958 0.589063 0.595833 0.589063 0.594792 0.588281 0.593750
0 0.059375 0.605208 0.064062 0.605208 0.064062 0.606250 0.063281 0.607292 0.063281 0.608333 0.062500 0.609375 0.060156 0.609375 0.059375 0.609375 0.058594 0.608333 0.057813 0.608333 0.057031 0.607292 0.057813 0.606250 0.058594 0.606250 0.059375 0.605208
0 0.359375 0.611458 0.361719 0.611458 0.362500 0.611458 0.363281 0.612500 0.364063 0.612500 0.364063 0.613542 0.364844 0.614583 0.365625 0.614583 0.365625 0.615625 0.365625 0.616667 0.364844 0.617708 0.364844 0.618750 0.364844 0.619792 0.364063 0.620833 0.364063 0.621875 0.363281 0.622917 0.361719 0.622917 0.360938 0.622917 0.360156 0.621875 0.359375 0.621875 0.359375 0.620833 0.358594 0.619792 0.359375 0.618750 0.359375 0.611458
0 0.810937 0.611458 0.812500 0.611458 0.813281 0.611458 0.814063 0.612500 0.814844 0.612500 0.815625 0.613542 0.816406 0.614583 0.816406 0.616667 0.817187 0.617708 0.816406 0.618750 0.816406 0.619792 0.814844 0.621875 0.814063 0.622917 0.813281 0.622917 0.812500 0.621875 0.812500 0.620833 0.811719 0.619792 0.810156 0.619792 0.809375 0.618750 0.809375 0.613542 0.809375 0.612500 0.810156 0.612500 0.810937 0.611458
0 0.000000 0.617708 0.003906 0.617708 0.004687 0.617708 0.004687 0.621875 0.004687 0.622917 0.003906 0.623958 0.003906 0.625000 0.003125 0.626042 0.000781 0.626042 0.000000 0.625000 0.000000 0.617708
0 0.332813 0.618750 0.335938 0.618750 0.336719 0.618750 0.337500 0.619792 0.338281 0.619792 0.339062 0.620833 0.339062 0.621875 0.339844 0.622917 0.339062 0.622917 0.338281 0.623958 0.336719 0.623958 0.335938 0.623958 0.335938 0.622917 0.335156 0.621875 0.333594 0.621875 0.332813 0.621875 0.332813 0.618750
0 0.563281 0.400000 0.565625 0.400000 0.566406 0.400000 0.567969 0.403125 0.567969 0.404167 0.564844 0.406250 0.564063 0.406250 0.563281 0.405208 0.562500 0.404167 0.563281 0.400000
0 0.350781 0.625000 0.353906 0.625000 0.354687 0.625000 0.355469 0.626042 0.356250 0.627083 0.356250 0.628125 0.357031 0.629167 0.357031 0.632292 0.357031 0.633333 0.356250 0.634375 0.355469 0.635417 0.355469 0.636458 0.355469 0.637500 0.353125 0.640625 0.352344 0.641667 0.350781 0.641667 0.350000 0.641667 0.349219 0.640625 0.349219 0.638542 0.348438 0.637500 0.348438 0.633333 0.348438 0.632292 0.349219 0.631250 0.349219 0.627083 0.348438 0.626042 0.349219 0.626042 0.350000 0.626042 0.350781 0.625000
0 0.600000 0.630208 0.602344 0.630208 0.603125 0.630208 0.603906 0.631250 0.604688 0.631250 0.605469 0.632292 0.606250 0.632292 0.607031 0.632292 0.607031 0.633333 0.607812 0.634375 0.607812 0.637500 0.607812 0.638542 0.607031 0.639583 0.606250 0.639583 0.605469 0.640625 0.602344 0.640625 0.601562 0.640625 0.600781 0.639583 0.600000 0.639583 0.599219 0.638542 0.596875 0.638542 0.596094 0.638542 0.596094 0.635417 0.596094 0.634375 0.596875 0.634375 0.600000 0.630208
0 0.473438 0.631250 0.474219 0.631250 0.475000 0.631250 0.475781 0.632292 0.476562 0.633333 0.477344 0.633333 0.478125 0.633333 0.478906 0.634375 0.479687 0.634375 0.479687 0.641667 0.479687 0.642708 0.478906 0.643750 0.478906 0.648958 0.478906 0.650000 0.478125 0.651042 0.478125 0.652083 0.478125 0.653125 0.477344 0.654167 0.476562 0.655208 0.475000 0.655208 0.474219 0.655208 0.473438 0.654167 0.472656 0.653125 0.468750 0.653125 0.467969 0.653125 0.466406 0.651042 0.465625 0.650000 0.462500 0.650000 0.461719 0.650000 0.460938 0.648958 0.460938 0.647917 0.460938 0.646875 0.461719 0.646875 0.462500 0.645833 0.462500 0.644792 0.463281 0.643750 0.463281 0.635417 0.463281 0.634375 0.464062 0.634375 0.464844 0.633333 0.470313 0.633333 0.471094 0.633333 0.471875 0.632292 0.472656 0.632292 0.473438 0.631250
0 0.123438 0.636458 0.126562 0.636458 0.127344 0.636458 0.128125 0.637500 0.128125 0.638542 0.128906 0.639583 0.128125 0.639583 0.127344 0.640625 0.126562 0.641667 0.125781 0.641667 0.125000 0.640625 0.124219 0.640625 0.123438 0.640625 0.122656 0.639583 0.121875 0.638542 0.123438 0.636458
0 0.221875 0.637500 0.223438 0.637500 0.224219 0.637500 0.225781 0.639583 0.225781 0.640625 0.224219 0.642708 0.223438 0.643750 0.222656 0.643750 0.221875 0.643750 0.221094 0.642708 0.219531 0.642708 0.218750 0.642708 0.218750 0.640625 0.218750 0.639583 0.217969 0.638542 0.217188 0.638542 0.220312 0.638542 0.221094 0.638542 0.221875 0.637500
0 0.071875 0.638542 0.072656 0.638542 0.073438 0.638542 0.076563 0.642708 0.077344 0.642708 0.077344 0.643750 0.078125 0.644792 0.078906 0.645833 0.078906 0.646875 0.078125 0.647917 0.078125 0.648958 0.077344 0.647917 0.076563 0.647917 0.075781 0.646875 0.073438 0.646875 0.072656 0.645833 0.072656 0.644792 0.071875 0.643750 0.071875 0.638542
0 0.482031 0.322917 0.485156 0.323958 0.485938 0.323958 0.485938 0.329167 0.485938 0.330208 0.483594 0.331250 0.482812 0.332292 0.478906 0.330208 0.478125 0.329167 0.478125 0.327083 0.478125 0.326042 0.482031 0.322917
0 0.394531 0.337500 0.396875 0.337500 0.397656 0.337500 0.398438 0.342708 0.398438 0.343750 0.395313 0.353125 0.395313 0.354167 0.393750 0.354167 0.392969 0.355208 0.392188 0.354167 0.391406 0.353125 0.391406 0.344792 0.391406 0.343750 0.392969 0.339583 0.392969 0.338542 0.394531 0.337500
0 0.302344 0.643750 0.303906 0.643750 0.304688 0.643750 0.305469 0.644792 0.307031 0.644792 0.307812 0.644792 0.308594 0.645833 0.309375 0.646875 0.309375 0.651042 0.309375 0.652083 0.308594 0.653125 0.308594 0.657292 0.309375 0.658333 0.311719 0.658333 0.312500 0.657292 0.315625 0.657292 0.316406 0.657292 0.317188 0.658333 0.317969 0.659375 0.315625 0.662500 0.314844 0.663542 0.314844 0.667708 0.314844 0.668750 0.314063 0.669792 0.313281 0.670833 0.310156 0.670833 0.309375 0.670833 0.308594 0.669792 0.307812 0.669792 0.306250 0.667708 0.305469 0.666667 0.300000 0.666667 0.299219 0.666667 0.298438 0.667708 0.296875 0.667708 0.296094 0.666667 0.296094 0.665625 0.295312 0.664583 0.296094 0.664583 0.297656 0.662500 0.298438 0.661458 0.298438 0.659375 0.299219 0.658333 0.299219 0.648958 0.299219 0.647917 0.300000 0.646875 0.300000 0.645833 0.300781 0.645833 0.302344 0.643750
0 0.779687 0.644792 0.780469 0.644792 0.781250 0.644792 0.782031 0.645833 0.782813 0.645833 0.783594 0.645833 0.783594 0.646875 0.783594 0.647917 0.784375 0.648958 0.785156 0.648958 0.785156 0.650000 0.784375 0.651042 0.784375 0.652083 0.783594 0.653125 0.782813 0.653125 0.782031 0.654167 0.781250 0.654167 0.780469 0.653125 0.779687 0.653125 0.778906 0.652083 0.779687 0.651042 0.780469 0.650000 0.780469 0.646875 0.780469 0.645833 0.779687 0.644792
0 0.414844 0.645833 0.415625 0.645833 0.416406 0.645833 0.417187 0.646875 0.417969 0.647917 0.417187 0.648958 0.416406 0.650000 0.416406 0.652083 0.415625 0.653125 0.412500 0.653125 0.411719 0.653125 0.411719 0.652083 0.410938 0.651042 0.411719 0.651042 0.412500 0.650000 0.413281 0.648958 0.413281 0.647917 0.414844 0.645833
0 0.726562 0.645833 0.729688 0.645833 0.730469 0.645833 0.731250 0.646875 0.732031 0.647917 0.731250 0.648958 0.730469 0.650000 0.729688 0.650000 0.728906 0.650000 0.727344 0.652083 0.726562 0.653125 0.726562 0.655208 0.725781 0.656250 0.723437 0.656250 0.722656 0.656250 0.722656 0.653125 0.722656 0.652083 0.723437 0.651042 0.723437 0.650000 0.724219 0.650000 0.725000 0.648958 0.725000 0.647917 0.725000 0.646875 0.725781 0.646875 0.726562 0.645833
0 0.114062 0.273958 0.117969 0.273958 0.118750 0.273958 0.124219 0.295833 0.124219 0.296875 0.112500 0.302083 0.111719 0.302083 0.106250 0.306250 0.105469 0.307292 0.101562 0.306250 0.100781 0.306250 0.094531 0.296875 0.093750 0.295833 0.092969 0.289583 0.092969 0.288542 0.114062 0.273958
0 0.575781 0.655208 0.577344 0.655208 0.578125 0.655208 0.578906 0.656250 0.579688 0.656250 0.579688 0.657292 0.581250 0.659375 0.581250 0.660417 0.580469 0.661458 0.579688 0.661458 0.578906 0.661458 0.578906 0.660417 0.578125 0.659375 0.576562 0.659375 0.575781 0.659375 0.575000 0.658333 0.574219 0.658333 0.574219 0.657292 0.574219 0.656250 0.575000 0.656250 0.575781 0.655208
0 0.028906 0.661458 0.029687 0.662500 0.030469 0.662500 0.030469 0.663542 0.029687 0.664583 0.029687 0.665625 0.028906 0.666667 0.028125 0.666667 0.027344 0.666667 0.026562 0.665625 0.025781 0.665625 0.025781 0.664583 0.025781 0.663542 0.026562 0.662500 0.027344 0.662500 0.028125 0.662500 0.028906 0.661458
0 0.680469 0.665625 0.683594 0.665625 0.684375 0.665625 0.684375 0.666667 0.685156 0.667708 0.685937 0.667708 0.685937 0.668750 0.685937 0.669792 0.686719 0.670833 0.686719 0.671875 0.686719 0.672917 0.685937 0.673958 0.682813 0.673958 0.682031 0.673958 0.681250 0.672917 0.681250 0.671875 0.679688 0.669792 0.678906 0.668750 0.679688 0.667708 0.680469 0.666667 0.680469 0.665625
0 0.162500 0.673958 0.163281 0.673958 0.164062 0.673958 0.164844 0.675000 0.165625 0.675000 0.166406 0.675000 0.167187 0.676042 0.167969 0.676042 0.168750 0.676042 0.167969 0.677083 0.167969 0.678125 0.167969 0.679167 0.167187 0.680208 0.166406 0.681250 0.165625 0.681250 0.164844 0.681250 0.164062 0.680208 0.163281 0.679167 0.163281 0.678125 0.163281 0.677083 0.162500 0.676042 0.161719 0.675000 0.162500 0.673958
0 0.525000 0.684375 0.525781 0.684375 0.526563 0.684375 0.527344 0.685417 0.528125 0.685417 0.530469 0.688542 0.531250 0.689583 0.532031 0.689583 0.532813 0.690625 0.533594 0.690625 0.533594 0.694792 0.533594 0.695833 0.534375 0.696875 0.534375 0.698958 0.534375 0.700000 0.535156 0.701042 0.535937 0.702083 0.536719 0.702083 0.537500 0.703125 0.537500 0.708333 0.537500 0.709375 0.536719 0.710417 0.536719 0.712500 0.536719 0.713542 0.535937 0.714583 0.535156 0.715625 0.535156 0.716667 0.534375 0.717708 0.534375 0.718750 0.533594 0.719792 0.533594 0.720833 0.531250 0.723958 0.530469 0.725000 0.530469 0.726042 0.529687 0.727083 0.529687 0.728125 0.527344 0.731250 0.526563 0.732292 0.525781 0.732292 0.523438 0.735417 0.522656 0.736458 0.522656 0.737500 0.521875 0.738542 0.521875 0.739583 0.521094 0.740625 0.521094 0.741667 0.519531 0.743750 0.519531 0.744792 0.517188 0.747917 0.517188 0.748958 0.516406 0.750000 0.515625 0.750000 0.514844 0.750000 0.513281 0.752083 0.512500 0.752083 0.511719 0.753125 0.510938 0.754167 0.510938 0.755208 0.509375 0.757292 0.509375 0.758333 0.507031 0.761458 0.506250 0.762500 0.506250 0.763542 0.505469 0.764583 0.504687 0.764583 0.503906 0.765625 0.502344 0.765625 0.501563 0.765625 0.501563 0.764583 0.500781 0.763542 0.500000 0.763542 0.500000 0.762500 0.499219 0.761458 0.499219 0.758333 0.500000 0.757292 0.500000 0.747917 0.500781 0.746875 0.500781 0.742708 0.500000 0.741667 0.500000 0.730208 0.500000 0.729167 0.501563 0.727083 0.502344 0.726042 0.502344 0.725000 0.503125 0.723958 0.503906 0.722917 0.503906 0.721875 0.504687 0.720833 0.504687 0.719792 0.505469 0.718750 0.505469 0.717708 0.505469 0.716667 0.507031 0.714583 0.507812 0.713542 0.507812 0.712500 0.507812 0.711458 0.508594 0.710417 0.508594 0.709375 0.508594 0.708333 0.509375 0.707292 0.509375 0.706250 0.510156 0.705208 0.510156 0.704167 0.510938 0.703125 0.510938 0.702083 0.510938 0.701042 0.512500 0.698958 0.512500 0.697917 0.513281 0.696875 0.514062 0.695833 0.514844 0.695833 0.515625 0.694792 0.515625 0.693750 0.517188 0.691667 0.517969 0.690625 0.517969 0.689583 0.517969 0.688542 0.518750 0.688542 0.519531 0.687500 0.520312 0.686458 0.521094 0.686458 0.521875 0.686458 0.522656 0.685417 0.523438 0.685417 0.524219 0.685417 0.525000 0.684375
0 0.799219 0.685417 0.801562 0.688542 0.801562 0.689583 0.800781 0.690625 0.800000 0.690625 0.799219 0.691667 0.799219 0.694792 0.799219 0.695833 0.798438 0.696875 0.797656 0.697917 0.796875 0.697917 0.796094 0.697917 0.795312 0.696875 0.794531 0.696875 0.795312 0.696875 0.796094 0.695833 0.796094 0.692708 0.796094 0.691667 0.795312 0.690625 0.795312 0.687500 0.795312 0.686458 0.797656 0.686458 0.798438 0.686458 0.799219 0.685417
0 0.067969 0.137500 0.071875 0.137500 0.072656 0.137500 0.074219 0.139583 0.074219 0.140625 0.067969 0.145833 0.067187 0.145833 0.065625 0.142708 0.065625 0.141667 0.067969 0.137500
0 0.625000 0.690625 0.628125 0.690625 0.628906 0.690625 0.628906 0.691667 0.629687 0.692708 0.629687 0.694792 0.629687 0.695833 0.626563 0.700000 0.625781 0.701042 0.625000 0.700000 0.624219 0.700000 0.621875 0.696875 0.621094 0.696875 0.621875 0.696875 0.622656 0.695833 0.622656 0.693750 0.622656 0.692708 0.623437 0.691667 0.624219 0.691667 0.625000 0.690625
0 0.555469 0.694792 0.557813 0.694792 0.558594 0.694792 0.559375 0.695833 0.559375 0.696875 0.560156 0.697917 0.560937 0.697917 0.561719 0.698958 0.561719 0.700000 0.560937 0.701042 0.560937 0.703125 0.560937 0.704167 0.560156 0.705208 0.559375 0.705208 0.558594 0.706250 0.557813 0.707292 0.557813 0.708333 0.557031 0.709375 0.556250 0.710417 0.555469 0.710417 0.554688 0.710417 0.553906 0.711458 0.553125 0.711458 0.552344 0.711458 0.548438 0.706250 0.547656 0.705208 0.547656 0.704167 0.546875 0.703125 0.546094 0.702083 0.546875 0.701042 0.546875 0.700000 0.546875 0.698958 0.549219 0.698958 0.550000 0.698958 0.550781 0.697917 0.551562 0.697917 0.552344 0.696875 0.553125 0.696875 0.553906 0.695833 0.554688 0.695833 0.555469 0.694792
0 0.224219 0.701042 0.228906 0.701042 0.229687 0.701042 0.229687 0.702083 0.230469 0.703125 0.230469 0.704167 0.231250 0.705208 0.232031 0.705208 0.232031 0.706250 0.232813 0.707292 0.232813 0.710417 0.232813 0.711458 0.232031 0.712500 0.224219 0.712500 0.223438 0.713542 0.222656 0.712500 0.221875 0.712500 0.221094 0.711458 0.220312 0.710417 0.220312 0.709375 0.220312 0.708333 0.221094 0.707292 0.221094 0.706250 0.221875 0.705208 0.221875 0.704167 0.221875 0.703125 0.222656 0.702083 0.223438 0.702083 0.224219 0.701042
0 0.385937 0.709375 0.386719 0.710417 0.386719 0.711458 0.386719 0.712500 0.385937 0.713542 0.385156 0.714583 0.384375 0.714583 0.383594 0.715625 0.382812 0.715625 0.382031 0.716667 0.381250 0.716667 0.381250 0.715625 0.380469 0.714583 0.381250 0.714583 0.382031 0.713542 0.382812 0.713542 0.383594 0.713542 0.384375 0.712500 0.384375 0.711458 0.385937 0.709375
0 0.235156 0.712500 0.238281 0.712500 0.239063 0.712500 0.239844 0.713542 0.239844 0.714583 0.240625 0.715625 0.240625 0.719792 0.239844 0.720833 0.239063 0.720833 0.238281 0.720833 0.237500 0.719792 0.236719 0.719792 0.236719 0.717708 0.236719 0.716667 0.235937 0.715625 0.235156 0.715625 0.235156 0.712500
0 0.840625 0.721875 0.842187 0.721875 0.842969 0.721875 0.844531 0.723958 0.845313 0.723958 0.846094 0.725000 0.846094 0.729167 0.845313 0.730208 0.842187 0.730208 0.841406 0.729167 0.841406 0.728125 0.840625 0.727083 0.839844 0.726042 0.839844 0.725000 0.839844 0.723958 0.840625 0.722917 0.840625 0.721875
0 0.493750 0.139583 0.496875 0.139583 0.497656 0.140625 0.498437 0.148958 0.498437 0.150000 0.485938 0.170833 0.485938 0.171875 0.482812 0.172917 0.482031 0.172917 0.481250 0.169792 0.480469 0.168750 0.480469 0.159375 0.480469 0.158333 0.484375 0.152083 0.484375 0.151042 0.493750 0.139583
0 0.580469 0.734375 0.581250 0.734375 0.582031 0.734375 0.585938 0.739583 0.586719 0.740625 0.586719 0.744792 0.587500 0.745833 0.587500 0.757292 0.588281 0.758333 0.587500 0.758333 0.586719 0.759375 0.586719 0.760417 0.585938 0.759375 0.585156 0.759375 0.583594 0.757292 0.582812 0.756250 0.582031 0.756250 0.581250 0.755208 0.580469 0.755208 0.580469 0.752083 0.580469 0.751042 0.579688 0.750000 0.579688 0.747917 0.579688 0.746875 0.578906 0.745833 0.578125 0.745833 0.578125 0.743750 0.577344 0.742708 0.577344 0.739583 0.577344 0.738542 0.578125 0.738542 0.578906 0.737500 0.578906 0.736458 0.578906 0.735417 0.579688 0.735417 0.580469 0.734375
0 0.569531 0.737500 0.571875 0.737500 0.572656 0.737500 0.572656 0.739583 0.572656 0.740625 0.571875 0.741667 0.571094 0.741667 0.570312 0.742708 0.569531 0.743750 0.568750 0.743750 0.567969 0.743750 0.567187 0.742708 0.567187 0.741667 0.566406 0.740625 0.567187 0.739583 0.567969 0.739583 0.569531 0.737500
0 0.098437 0.739583 0.099219 0.740625 0.100000 0.740625 0.100781 0.740625 0.101562 0.741667 0.101562 0.742708 0.102344 0.743750 0.103125 0.744792 0.103906 0.744792 0.104688 0.745833 0.103906 0.746875 0.103906 0.753125 0.103906 0.754167 0.103125 0.755208 0.102344 0.755208 0.097656 0.761458 0.096875 0.762500 0.096094 0.761458 0.093750 0.761458 0.092969 0.761458 0.091406 0.759375 0.090625 0.759375 0.090625 0.757292 0.091406 0.756250 0.091406 0.750000 0.091406 0.748958 0.092969 0.746875 0.093750 0.745833 0.093750 0.744792 0.094531 0.743750 0.094531 0.742708 0.094531 0.741667 0.095312 0.741667 0.096094 0.740625 0.096875 0.740625 0.097656 0.740625 0.098437 0.739583
0 0.606250 0.743750 0.607812 0.743750 0.608594 0.743750 0.609375 0.744792 0.609375 0.745833 0.609375 0.746875 0.610156 0.747917 0.610938 0.748958 0.610938 0.750000 0.611719 0.751042 0.612500 0.752083 0.612500 0.754167 0.613281 0.755208 0.613281 0.757292 0.612500 0.758333 0.612500 0.765625 0.612500 0.766667 0.613281 0.767708 0.613281 0.768750 0.612500 0.769792 0.612500 0.771875 0.612500 0.772917 0.611719 0.773958 0.610938 0.775000 0.610156 0.775000 0.609375 0.776042 0.608594 0.777083 0.608594 0.779167 0.608594 0.780208 0.605469 0.784375 0.604688 0.784375 0.603906 0.783333 0.603125 0.783333 0.602344 0.783333 0.601562 0.782292 0.600781 0.782292 0.600781 0.776042 0.600000 0.775000 0.600000 0.767708 0.600000 0.766667 0.600781 0.765625 0.600781 0.761458 0.600781 0.760417 0.601562 0.759375 0.601562 0.758333 0.602344 0.757292 0.602344 0.755208 0.602344 0.754167 0.601562 0.753125 0.600781 0.752083 0.600000 0.752083 0.599219 0.752083 0.600000 0.752083 0.600781 0.752083 0.601562 0.751042 0.601562 0.750000 0.601562 0.748958 0.603125 0.748958 0.603906 0.748958 0.604688 0.747917 0.605469 0.746875 0.605469 0.745833 0.605469 0.744792 0.606250 0.743750
0 0.371875 0.744792 0.372656 0.745833 0.373437 0.745833 0.374219 0.746875 0.374219 0.747917 0.375781 0.750000 0.376563 0.751042 0.377344 0.751042 0.378125 0.752083 0.380469 0.752083 0.381250 0.752083 0.382031 0.753125 0.382812 0.754167 0.382031 0.755208 0.382031 0.756250 0.379688 0.759375 0.378906 0.760417 0.378906 0.761458 0.378906 0.762500 0.377344 0.764583 0.377344 0.765625 0.376563 0.766667 0.375781 0.766667 0.375000 0.767708 0.373437 0.767708 0.372656 0.766667 0.368750 0.766667 0.367969 0.766667 0.367188 0.765625 0.366406 0.765625 0.365625 0.765625 0.364844 0.764583 0.364063 0.763542 0.363281 0.763542 0.362500 0.762500 0.361719 0.761458 0.360938 0.761458 0.360156 0.761458 0.360156 0.760417 0.359375 0.759375 0.360156 0.758333 0.360938 0.758333 0.361719 0.757292 0.362500 0.757292 0.363281 0.756250 0.363281 0.754167 0.363281 0.753125 0.364063 0.752083 0.364844 0.751042 0.364844 0.750000 0.366406 0.747917 0.367188 0.746875 0.367969 0.746875 0.368750 0.746875 0.369531 0.745833 0.370312 0.745833 0.371094 0.745833 0.371875 0.744792
0 0.692969 0.747917 0.696875 0.747917 0.697656 0.747917 0.696094 0.750000 0.695312 0.751042 0.695312 0.752083 0.694531 0.753125 0.694531 0.754167 0.692969 0.756250 0.692187 0.756250 0.692187 0.755208 0.691406 0.754167 0.692187 0.753125 0.692187 0.751042 0.692187 0.750000 0.692969 0.748958 0.692969 0.747917
0 0.633594 0.748958 0.635156 0.748958 0.635938 0.750000 0.635938 0.752083 0.635938 0.753125 0.633594 0.756250 0.632812 0.756250 0.632812 0.755208 0.632031 0.754167 0.632031 0.752083 0.632031 0.751042 0.633594 0.748958
0 0.329688 0.766667 0.330469 0.767708 0.332031 0.767708 0.332813 0.768750 0.332813 0.771875 0.332813 0.772917 0.332031 0.773958 0.331250 0.773958 0.330469 0.775000 0.329688 0.773958 0.329688 0.772917 0.328906 0.771875 0.328125 0.770833 0.328125 0.769792 0.328125 0.768750 0.329688 0.766667
0 0.979688 0.770833 0.982812 0.770833 0.983594 0.770833 0.984375 0.771875 0.985156 0.771875 0.985938 0.771875 0.985156 0.771875 0.984375 0.772917 0.984375 0.776042 0.983594 0.777083 0.980469 0.777083 0.979688 0.777083 0.979688 0.776042 0.978906 0.775000 0.978906 0.773958 0.978906 0.772917 0.979688 0.771875 0.979688 0.770833
0 0.935937 0.212500 0.939063 0.212500 0.939844 0.212500 0.941406 0.216667 0.941406 0.217708 0.933594 0.230208 0.933594 0.231250 0.930469 0.233333 0.929688 0.233333 0.928906 0.232292 0.928125 0.232292 0.929688 0.222917 0.929688 0.221875 0.931250 0.218750 0.931250 0.217708 0.935937 0.212500
0 0.943218 0.249174 0.942264 0.248856 0.941906 0.248538 0.941667 0.248061 0.941309 0.247743 0.941071 0.247266 0.940951 0.246629 0.940474 0.245675 0.938446 0.244721 0.937730 0.244085 0.936538 0.242017 0.931527 0.236927 0.931169 0.236450 0.931169 0.235019 0.931647 0.233905 0.932005 0.233587 0.932482 0.232633 0.932840 0.232315 0.934271 0.232315 0.934748 0.232474 0.935106 0.232792 0.935464 0.233587 0.936895 0.235337 0.937373 0.236450 0.940116 0.238995 0.941309 0.241381 0.941667 0.241858 0.943576 0.242971 0.943814 0.244244 0.943814 0.245675 0.943456 0.246311 0.943337 0.247584
0 0.685156 0.779167 0.686719 0.779167 0.687500 0.779167 0.688281 0.780208 0.689063 0.781250 0.689844 0.781250 0.690625 0.782292 0.689844 0.783333 0.689063 0.784375 0.686719 0.784375 0.685937 0.784375 0.685937 0.783333 0.685937 0.782292 0.685156 0.781250 0.685156 0.779167
0 0.756250 0.779167 0.757031 0.779167 0.757812 0.779167 0.758594 0.780208 0.759375 0.780208 0.760156 0.780208 0.760938 0.781250 0.761719 0.781250 0.762500 0.782292 0.761719 0.783333 0.761719 0.785417 0.760938 0.786458 0.758594 0.786458 0.757812 0.786458 0.755469 0.783333 0.754687 0.783333 0.754687 0.782292 0.754687 0.781250 0.755469 0.781250 0.756250 0.780208 0.756250 0.779167
0 0.990625 0.791667 0.995313 0.791667 0.996094 0.791667 0.996875 0.792708 0.997656 0.793750 0.998437 0.793750 0.999219 0.793750 0.999219 0.800000 0.999219 0.801042 0.998437 0.802083 0.997656 0.802083 0.996875 0.803125 0.994531 0.803125 0.993750 0.803125 0.992969 0.804167 0.992188 0.804167 0.991406 0.805208 0.990625 0.806250 0.989062 0.806250 0.988281 0.806250 0.987500 0.805208 0.986719 0.805208 0.985938 0.804167 0.985938 0.803125 0.985156 0.802083 0.984375 0.802083 0.983594 0.801042 0.983594 0.798958 0.983594 0.797917 0.984375 0.796875 0.984375 0.795833 0.985156 0.794792 0.985938 0.794792 0.986719 0.793750 0.987500 0.793750 0.988281 0.793750 0.989062 0.792708 0.989844 0.792708 0.990625 0.791667
0 0.189844 0.793750 0.192188 0.793750 0.192969 0.793750 0.193750 0.794792 0.194531 0.794792 0.195312 0.795833 0.196094 0.796875 0.196875 0.796875 0.197656 0.797917 0.198437 0.798958 0.197656 0.798958 0.196875 0.800000 0.196875 0.801042 0.196875 0.802083 0.196094 0.803125 0.195312 0.803125 0.194531 0.804167 0.194531 0.805208 0.194531 0.806250 0.191406 0.810417 0.190625 0.811458 0.185938 0.811458 0.185156 0.811458 0.185156 0.810417 0.185156 0.809375 0.183594 0.807292 0.183594 0.806250 0.181250 0.803125 0.180469 0.802083 0.180469 0.800000 0.179688 0.798958 0.180469 0.798958 0.181250 0.798958 0.182031 0.797917 0.182812 0.797917 0.183594 0.797917 0.184375 0.796875 0.185156 0.796875 0.185938 0.796875 0.186719 0.795833 0.186719 0.794792 0.188281 0.794792 0.189062 0.794792 0.189844 0.793750
0 0.475000 0.793750 0.475781 0.794792 0.476562 0.794792 0.477344 0.795833 0.477344 0.804167 0.477344 0.805208 0.478125 0.806250 0.478125 0.807292 0.478906 0.808333 0.478906 0.809375 0.478125 0.810417 0.478125 0.818750 0.478125 0.819792 0.477344 0.820833 0.477344 0.821875 0.475000 0.825000 0.474219 0.825000 0.474219 0.823958 0.474219 0.822917 0.473438 0.821875 0.473438 0.820833 0.473438 0.819792 0.472656 0.818750 0.471875 0.818750 0.471875 0.814583 0.471094 0.813542 0.471875 0.812500 0.471875 0.806250 0.472656 0.805208 0.472656 0.796875 0.472656 0.795833 0.473438 0.794792 0.474219 0.794792 0.475000 0.793750
0 0.109375 0.800000 0.110937 0.800000 0.111719 0.800000 0.112500 0.801042 0.113281 0.801042 0.114062 0.801042 0.114844 0.802083 0.115625 0.802083 0.114844 0.802083 0.114062 0.803125 0.114062 0.804167 0.113281 0.805208 0.112500 0.806250 0.111719 0.806250 0.110937 0.806250 0.110156 0.805208 0.109375 0.805208 0.108594 0.804167 0.108594 0.802083 0.108594 0.801042 0.109375 0.800000
0 0.598437 0.801042 0.601562 0.801042 0.602344 0.801042 0.603125 0.802083 0.603906 0.802083 0.604688 0.803125 0.605469 0.804167 0.605469 0.806250 0.606250 0.807292 0.605469 0.808333 0.605469 0.809375 0.604688 0.810417 0.603125 0.810417 0.602344 0.810417 0.601562 0.809375 0.600781 0.809375 0.600000 0.808333 0.599219 0.808333 0.598437 0.807292 0.597656 0.806250 0.597656 0.805208 0.596875 0.804167 0.597656 0.803125 0.597656 0.802083 0.598437 0.801042
0 0.154688 0.803125 0.157031 0.803125 0.157812 0.803125 0.157031 0.804167 0.157031 0.805208 0.157031 0.806250 0.156250 0.807292 0.156250 0.808333 0.155469 0.809375 0.155469 0.810417 0.155469 0.811458 0.154688 0.812500 0.154688 0.813542 0.153906 0.814583 0.153125 0.814583 0.152344 0.815625 0.151562 0.815625 0.150781 0.815625 0.150000 0.814583 0.149219 0.814583 0.149219 0.813542 0.149219 0.812500 0.150000 0.812500 0.150781 0.811458 0.150781 0.810417 0.150781 0.809375 0.152344 0.807292 0.153125 0.806250 0.153906 0.806250 0.154688 0.805208 0.154688 0.803125
0 0.944531 0.807292 0.950781 0.807292 0.951562 0.807292 0.952344 0.808333 0.953906 0.808333 0.954688 0.808333 0.955469 0.809375 0.956250 0.809375 0.957031 0.810417 0.957812 0.810417 0.958594 0.810417 0.959375 0.811458 0.960156 0.811458 0.960938 0.812500 0.961719 0.813542 0.961719 0.814583 0.962500 0.815625 0.960938 0.817708 0.960156 0.818750 0.959375 0.818750 0.958594 0.819792 0.953906 0.819792 0.953125 0.820833 0.947656 0.820833 0.946875 0.820833 0.945312 0.818750 0.944531 0.817708 0.942187 0.817708 0.941406 0.816667 0.941406 0.810417 0.941406 0.809375 0.942187 0.809375 0.942969 0.809375 0.944531 0.807292
0 0.578906 0.811458 0.580469 0.811458 0.581250 0.811458 0.582031 0.812500 0.582812 0.812500 0.583594 0.813542 0.581250 0.816667 0.580469 0.816667 0.579688 0.815625 0.578906 0.815625 0.578906 0.811458
0 0.232813 0.817708 0.235156 0.817708 0.235937 0.817708 0.235937 0.818750 0.236719 0.819792 0.237500 0.819792 0.238281 0.820833 0.239063 0.820833 0.239844 0.820833 0.239844 0.827083 0.239844 0.828125 0.239063 0.829167 0.239063 0.830208 0.238281 0.831250 0.237500 0.832292 0.237500 0.833333 0.236719 0.834375 0.233594 0.834375 0.232813 0.834375 0.232031 0.833333 0.232031 0.832292 0.231250 0.831250 0.232031 0.830208 0.232031 0.827083 0.232031 0.826042 0.231250 0.825000 0.231250 0.823958 0.230469 0.822917 0.230469 0.820833 0.230469 0.819792 0.231250 0.819792 0.232813 0.817708
0 0.077344 0.819792 0.078906 0.819792 0.079687 0.819792 0.079687 0.820833 0.079687 0.821875 0.080469 0.822917 0.081250 0.823958 0.080469 0.823958 0.079687 0.825000 0.079687 0.826042 0.078906 0.827083 0.078125 0.827083 0.077344 0.826042 0.076563 0.826042 0.075781 0.826042 0.075000 0.825000 0.074219 0.825000 0.073438 0.825000 0.073438 0.823958 0.072656 0.822917 0.071875 0.822917 0.072656 0.822917 0.073438 0.821875 0.075000 0.821875 0.075781 0.821875 0.077344 0.819792
0 0.471875 0.014583 0.476562 0.014583 0.477344 0.014583 0.485156 0.021875 0.485938 0.022917 0.489063 0.022917 0.489844 0.022917 0.492188 0.019792 0.492969 0.018750 0.503125 0.019792 0.503906 0.019792 0.509375 0.026042 0.510156 0.026042 0.512500 0.032292 0.513281 0.033333 0.513281 0.038542 0.513281 0.039583 0.509375 0.041667 0.508594 0.041667 0.504687 0.048958 0.504687 0.050000 0.500781 0.052083 0.500000 0.053125 0.499219 0.057292 0.498437 0.058333 0.488281 0.060417 0.487500 0.060417 0.482031 0.057292 0.481250 0.057292 0.479687 0.055208 0.478906 0.054167 0.480469 0.046875 0.480469 0.045833 0.473438 0.031250 0.472656 0.030208 0.471094 0.023958 0.470313 0.022917 0.470313 0.017708 0.470313 0.016667 0.471875 0.014583
0 0.407031 0.827083 0.413281 0.827083 0.414062 0.827083 0.414844 0.828125 0.415625 0.828125 0.416406 0.829167 0.417187 0.830208 0.416406 0.831250 0.416406 0.832292 0.415625 0.831250 0.411719 0.831250 0.410938 0.831250 0.409375 0.829167 0.408594 0.829167 0.408594 0.828125 0.407813 0.827083 0.407031 0.827083
0 0.185156 0.852083 0.187500 0.852083 0.188281 0.852083 0.189062 0.853125 0.189844 0.854167 0.189844 0.855208 0.189844 0.856250 0.189062 0.857292 0.188281 0.857292 0.187500 0.858333 0.186719 0.858333 0.185938 0.857292 0.185156 0.857292 0.185156 0.852083
0 0.524219 0.854167 0.526563 0.854167 0.527344 0.854167 0.527344 0.855208 0.528125 0.856250 0.528125 0.858333 0.528125 0.859375 0.528906 0.860417 0.529687 0.860417 0.526563 0.864583 0.525781 0.865625 0.519531 0.865625 0.518750 0.865625 0.518750 0.863542 0.517969 0.862500 0.518750 0.861458 0.518750 0.860417 0.518750 0.859375 0.519531 0.859375 0.521875 0.856250 0.522656 0.855208 0.523438 0.855208 0.524219 0.854167
0 0.589063 0.855208 0.591406 0.855208 0.592187 0.856250 0.592187 0.857292 0.589844 0.860417 0.589063 0.861458 0.588281 0.860417 0.588281 0.859375 0.588281 0.858333 0.589063 0.857292 0.589063 0.855208
0 0.144686 0.055287 0.146237 0.055446 0.146714 0.055128 0.147072 0.054810 0.147668 0.053856 0.147787 0.053060 0.148026 0.052583 0.148384 0.052265 0.148622 0.051629 0.149577 0.051470 0.150412 0.050834 0.150650 0.050357 0.150412 0.049879 0.149577 0.049243 0.149100 0.048289 0.147907 0.048130 0.146952 0.048448 0.146595 0.048766 0.146356 0.049243 0.145282 0.050197 0.143612 0.052265 0.143612 0.052901 0.143970 0.053219 0.144447 0.053379 0.143851 0.054492
0 0.023438 0.113542 0.044531 0.118750 0.045312 0.118750 0.046094 0.119792 0.046875 0.119792 0.046875 0.126042 0.046875 0.127083 0.045312 0.130208 0.044531 0.131250 0.038281 0.131250 0.037500 0.131250 0.023438 0.116667 0.022656 0.116667 0.021875 0.115625 0.023438 0.113542
0 0.746875 0.857292 0.750000 0.857292 0.750781 0.857292 0.751563 0.858333 0.751563 0.859375 0.751563 0.860417 0.750781 0.861458 0.750000 0.862500 0.748437 0.862500 0.747656 0.862500 0.746875 0.861458 0.746094 0.860417 0.746094 0.859375 0.746094 0.858333 0.746875 0.857292
0 0.126562 0.859375 0.127344 0.859375 0.128125 0.859375 0.128906 0.860417 0.128906 0.861458 0.129688 0.862500 0.129688 0.863542 0.129688 0.864583 0.128906 0.865625 0.123438 0.865625 0.122656 0.865625 0.122656 0.864583 0.123438 0.863542 0.123438 0.862500 0.123438 0.861458 0.124219 0.861458 0.125000 0.860417 0.125781 0.860417 0.126562 0.859375
