0 0.724360 0.152282 0.723355 0.149200 0.720708 0.147885 0.720580 0.143797 0.717481 0.140429 0.712495 0.131825 0.708815 0.131384 0.706675 0.132156 0.695312 0.128125 0.682031 0.129167 0.681250 0.130208 0.672656 0.133333 0.670915 0.131012 0.671325 0.129138 0.670662 0.121248 0.668209 0.118055 0.667560 0.115940 0.668507 0.113651 0.667959 0.111052 0.664997 0.107869 0.662357 0.106218 0.653125 0.107292 0.645312 0.113542 0.639062 0.115625 0.633594 0.120833 0.632808 0.126067 0.633457 0.129814 0.632707 0.131533 0.631223 0.131533 0.627956 0.129032 0.626567 0.129302 0.625761 0.130377 0.625429 0.134815 0.626050 0.137499 0.628598 0.139861 0.628598 0.141840 0.627309 0.142840 0.625883 0.142495 0.622656 0.143750 0.622519 0.147301 0.620679 0.150616 0.618615 0.150949 0.616687 0.153125 0.616484 0.154773 0.615075 0.156652 0.609375 0.159375 0.605469 0.165625 0.604688 0.165625 0.596094 0.172917 0.590625 0.175000 0.582031 0.183333 0.580469 0.186458 0.580469 0.194792 0.588281 0.211458 0.597656 0.223958 0.608594 0.229167 0.619536 0.240876 0.624673 0.242578 0.627740 0.242307 0.629002 0.240625 0.637873 0.240625 0.638598 0.241592 0.640413 0.241863 0.644017 0.239684 0.647348 0.236435 0.651171 0.234914 0.652255 0.233470 0.654068 0.226044 0.656393 0.221987 0.655832 0.219328 0.653906 0.216760 0.653906 0.215625 0.657031 0.211458 0.661843 0.209375 0.664379 0.215325 0.666886 0.215325 0.667688 0.214255 0.669269 0.206184 0.672656 0.203125 0.678512 0.203400 0.680556 0.201697 0.681934 0.199349 0.692187 0.194792 0.702344 0.185417 0.709375 0.183333 0.713281 0.175000 0.714844 0.162500 0.717131 0.160766 0.719289 0.156562 0.720672 0.156215 0.724157 0.153271
0 0.540625 0.130208 0.544531 0.130208 0.545312 0.130208 0.550000 0.134375 0.550781 0.135417 0.553125 0.146875 0.553125 0.147917 0.560156 0.159375 0.560937 0.160417 0.567969 0.163542 0.568750 0.164583 0.576562 0.184375 0.577344 0.185417 0.576562 0.189583 0.576562 0.190625 0.567187 0.204167 0.567187 0.205208 0.564063 0.209375 0.563281 0.210417 0.557813 0.213542 0.557031 0.214583 0.553125 0.214583 0.552344 0.214583 0.545312 0.208333 0.544531 0.207292 0.540625 0.200000 0.539844 0.198958 0.538281 0.189583 0.538281 0.188542 0.530469 0.177083 0.529687 0.176042 0.530469 0.167708 0.530469 0.166667 0.529687 0.164583 0.528906 0.163542 0.528125 0.155208 0.528125 0.154167 0.525781 0.150000 0.525000 0.148958 0.525781 0.139583 0.525781 0.138542 0.531250 0.136458 0.532031 0.136458 0.540625 0.130208
0 0.523438 0.157292 0.523438 0.152083 0.521875 0.147917 0.521094 0.147917 0.511719 0.137500 0.504687 0.136458 0.500000 0.142708 0.499219 0.142708 0.491406 0.150000 0.489844 0.156250 0.489844 0.166667 0.490625 0.167708 0.498437 0.170833 0.501563 0.178125 0.506165 0.183869 0.511111 0.183987 0.517163 0.179825 0.517632 0.175460 0.518924 0.174991 0.520359 0.172368 0.520740 0.169958 0.520312 0.163542 0.521094 0.162500
0 0.515625 0.186458 0.518750 0.187500 0.519531 0.187500 0.521094 0.190625 0.521875 0.191667 0.521875 0.200000 0.521875 0.201042 0.517188 0.208333 0.516406 0.209375 0.513281 0.208333 0.512500 0.208333 0.511719 0.206250 0.510938 0.205208 0.513281 0.189583 0.513281 0.188542 0.515625 0.186458
0 0.531250 0.190625 0.535156 0.191667 0.535937 0.191667 0.537500 0.195833 0.538281 0.196875 0.538281 0.200000 0.538281 0.201042 0.534375 0.203125 0.533594 0.204167 0.528906 0.204167 0.528125 0.204167 0.526563 0.200000 0.526563 0.198958 0.528125 0.194792 0.528125 0.193750 0.531250 0.190625
0 0.453906 0.183333 0.458594 0.184375 0.459375 0.185417 0.459375 0.197917 0.458594 0.198958 0.455469 0.198958 0.454688 0.198958 0.450000 0.195833 0.449219 0.194792 0.449219 0.191667 0.448437 0.190625 0.450000 0.187500 0.450000 0.186458 0.453906 0.183333
0 0.427825 0.230712 0.427359 0.222122 0.425847 0.219288 0.424666 0.218900 0.423438 0.215625 0.423177 0.212547 0.424142 0.209196 0.423939 0.205634 0.423062 0.202944 0.421550 0.200929 0.419405 0.200658 0.416339 0.202729 0.408594 0.202083 0.406465 0.199175 0.404010 0.197421 0.398532 0.197033 0.387500 0.202083 0.381250 0.211458 0.380469 0.217708 0.385937 0.226042 0.389844 0.236458 0.397856 0.249593 0.400684 0.252661 0.404536 0.252193 0.406871 0.248963 0.413269 0.245085 0.415764 0.244239 0.418305 0.244943 0.419537 0.241647 0.421347 0.239500 0.424532 0.237459 0.427622 0.231702
0 0.349219 0.205208 0.353125 0.205208 0.353906 0.205208 0.357031 0.207292 0.357812 0.207292 0.359375 0.209375 0.360156 0.210417 0.361719 0.216667 0.361719 0.217708 0.356250 0.231250 0.355469 0.232292 0.354687 0.241667 0.354687 0.242708 0.352344 0.247917 0.351562 0.248958 0.347656 0.250000 0.346875 0.250000 0.337500 0.234375 0.336719 0.233333 0.329688 0.231250 0.328906 0.231250 0.326562 0.227083 0.326562 0.226042 0.334375 0.215625 0.335156 0.214583 0.349219 0.205208
0 0.489731 0.366659 0.488146 0.370125 0.489063 0.384375 0.485156 0.393750 0.482812 0.395833 0.479687 0.395833 0.477344 0.392708 0.475781 0.387500 0.467187 0.375000 0.464844 0.364583 0.464062 0.363542 0.464062 0.344792 0.466406 0.341667 0.471094 0.339583 0.478906 0.340625 0.482031 0.342708 0.489560 0.360776 0.489816 0.366249
0 0.446875 0.319792 0.453906 0.320833 0.454688 0.321875 0.455469 0.326042 0.455469 0.327083 0.453906 0.332292 0.453906 0.333333 0.452344 0.334375 0.451562 0.335417 0.447656 0.334375 0.446875 0.334375 0.445312 0.332292 0.444531 0.331250 0.443750 0.326042 0.443750 0.325000 0.446875 0.319792
0 0.457813 0.296875 0.461719 0.298958 0.462500 0.298958 0.464844 0.302083 0.465625 0.303125 0.465625 0.307292 0.465625 0.308333 0.459375 0.311458 0.458594 0.311458 0.455469 0.315625 0.454688 0.316667 0.450781 0.317708 0.450000 0.317708 0.444531 0.314583 0.443750 0.314583 0.442969 0.310417 0.442969 0.309375 0.446094 0.303125 0.446875 0.302083 0.450000 0.303125 0.450781 0.303125 0.453906 0.300000 0.453906 0.298958 0.457813 0.296875
0 0.353125 0.131250 0.352344 0.130208 0.352344 0.128125 0.348923 0.124443 0.346516 0.125871 0.345522 0.127784 0.341810 0.128643 0.340054 0.132133 0.339842 0.133900 0.339610 0.140076 0.341406 0.146875 0.346094 0.146875 0.352344 0.141667 0.352344 0.140625
0 0.428906 0.060417 0.431250 0.060417 0.432031 0.060417 0.449219 0.073958 0.450000 0.075000 0.450781 0.081250 0.450781 0.082292 0.448437 0.090625 0.447656 0.091667 0.428125 0.092708 0.427344 0.092708 0.425000 0.090625 0.424219 0.089583 0.422656 0.082292 0.421875 0.081250 0.421875 0.072917 0.421875 0.071875 0.425000 0.064583 0.425000 0.063542 0.428906 0.060417
0 0.364063 0.132292 0.362500 0.129167 0.359470 0.128622 0.357831 0.134728 0.358280 0.137972 0.359389 0.139612 0.361690 0.140291 0.363281 0.139583 0.363281 0.138542
0 0.141475 0.349577 0.140625 0.346994 0.141406 0.340625 0.141200 0.337148 0.138804 0.329214 0.137362 0.327024 0.138322 0.323624 0.138119 0.322269 0.133677 0.317979 0.128960 0.319164 0.128270 0.320103 0.125000 0.319792 0.118750 0.329167 0.117969 0.329167 0.110156 0.338542 0.110156 0.346875 0.110937 0.347917 0.112500 0.355208 0.113845 0.356679 0.113746 0.358973 0.114841 0.360799 0.129942 0.358682 0.133129 0.359791 0.134693 0.359520 0.135864 0.355664 0.139354 0.354220 0.141271 0.350566
0 0.060184 0.320338 0.059285 0.314742 0.057820 0.313380 0.054032 0.313961 0.053517 0.312784 0.054201 0.309584 0.050781 0.305900 0.052367 0.295978 0.050088 0.295443 0.049408 0.293937 0.049795 0.292164 0.053266 0.287756 0.054688 0.283803 0.054688 0.277083 0.053906 0.276042 0.050590 0.275349 0.047323 0.279993 0.040748 0.284266 0.035937 0.288542 0.036193 0.296586 0.032577 0.304805 0.031250 0.305778 0.031250 0.311458 0.032813 0.314583 0.037543 0.312812 0.038059 0.314099 0.037319 0.317342 0.038643 0.318324 0.040666 0.318510 0.042449 0.319792 0.043939 0.319090 0.049953 0.321359 0.050574 0.322188 0.050581 0.324060 0.052344 0.325000 0.057697 0.324816 0.060043 0.321015
0 0.045312 0.219792 0.051562 0.220833 0.052344 0.220833 0.053906 0.228125 0.053906 0.229167 0.051562 0.235417 0.050781 0.236458 0.048438 0.237500 0.047656 0.237500 0.044531 0.236458 0.043750 0.236458 0.042188 0.234375 0.041406 0.233333 0.041406 0.226042 0.041406 0.225000 0.045312 0.219792
0 0.221094 0.133333 0.228125 0.137500 0.228906 0.137500 0.229687 0.139583 0.230469 0.140625 0.229687 0.148958 0.228906 0.150000 0.223438 0.151042 0.222656 0.151042 0.218750 0.148958 0.217969 0.147917 0.217188 0.139583 0.217188 0.138542 0.221094 0.133333
0 0.202344 0.410417 0.205469 0.410417 0.206250 0.410417 0.210156 0.417708 0.210938 0.418750 0.214844 0.420833 0.215625 0.420833 0.218750 0.426042 0.218750 0.427083 0.227344 0.437500 0.228125 0.438542 0.228906 0.442708 0.229687 0.443750 0.230469 0.455208 0.230469 0.456250 0.221875 0.470833 0.221875 0.471875 0.220312 0.473958 0.219531 0.475000 0.217969 0.475000 0.217188 0.476042 0.207031 0.476042 0.206250 0.476042 0.199219 0.473958 0.198437 0.473958 0.196875 0.471875 0.196094 0.470833 0.194531 0.463542 0.194531 0.462500 0.192188 0.458333 0.191406 0.457292 0.183594 0.455208 0.182812 0.455208 0.182812 0.446875 0.182812 0.445833 0.184375 0.441667 0.184375 0.440625 0.185156 0.439583 0.185938 0.438542 0.189844 0.437500 0.190625 0.436458 0.190625 0.423958 0.190625 0.422917 0.192188 0.417708 0.192188 0.416667 0.196094 0.412500 0.196875 0.411458 0.202344 0.410417
0 0.160156 0.368750 0.163281 0.368750 0.164062 0.368750 0.169531 0.373958 0.170313 0.375000 0.171094 0.386458 0.171094 0.387500 0.169531 0.391667 0.168750 0.392708 0.166406 0.392708 0.165625 0.393750 0.160938 0.391667 0.160156 0.391667 0.157812 0.388542 0.157031 0.388542 0.155469 0.384375 0.154688 0.383333 0.154688 0.380208 0.154688 0.379167 0.160156 0.368750
0 0.146875 0.390625 0.155469 0.396875 0.156250 0.396875 0.157031 0.398958 0.157812 0.400000 0.157812 0.407292 0.157812 0.408333 0.156250 0.411458 0.155469 0.412500 0.153125 0.413542 0.152344 0.414583 0.147656 0.414583 0.146875 0.414583 0.144531 0.412500 0.143750 0.411458 0.143750 0.409375 0.142969 0.408333 0.142969 0.395833 0.142969 0.394792 0.143750 0.392708 0.144531 0.391667 0.146875 0.390625
0 0.258594 0.338542 0.260937 0.338542 0.261719 0.338542 0.263281 0.340625 0.264062 0.341667 0.264062 0.346875 0.264062 0.347917 0.260937 0.352083 0.260156 0.353125 0.255469 0.351042 0.254688 0.350000 0.254688 0.343750 0.254688 0.342708 0.258594 0.338542
0 0.215625 0.329167 0.218750 0.330208 0.219531 0.330208 0.218750 0.339583 0.217969 0.340625 0.215625 0.340625 0.214844 0.340625 0.214062 0.338542 0.213281 0.337500 0.213281 0.334375 0.213281 0.333333 0.215625 0.329167
0 0.211719 0.311458 0.214062 0.313542 0.214844 0.314583 0.214844 0.320833 0.214062 0.321875 0.210938 0.321875 0.210156 0.321875 0.207813 0.319792 0.207031 0.319792 0.207031 0.316667 0.207031 0.315625 0.211719 0.311458
0 0.162500 0.309375 0.164844 0.309375 0.165625 0.309375 0.169531 0.312500 0.170313 0.313542 0.169531 0.319792 0.168750 0.320833 0.158594 0.320833 0.157812 0.320833 0.158594 0.313542 0.158594 0.312500 0.162500 0.309375
0 0.576893 0.488219 0.576562 0.486458 0.574219 0.482292 0.570306 0.481828 0.568306 0.483725 0.561190 0.484543 0.559939 0.483365 0.559680 0.481891 0.556445 0.482199 0.553117 0.486473 0.552441 0.489624 0.553853 0.490353 0.553975 0.492035 0.552496 0.493843 0.550716 0.494330 0.550000 0.496875 0.550781 0.507292 0.551304 0.507988 0.554214 0.508502 0.556773 0.511096 0.558814 0.511751 0.562294 0.508642 0.564595 0.511384 0.566121 0.511839 0.572656 0.507292 0.576177 0.499129 0.576852 0.488413
0 0.718726 0.523783 0.716319 0.515894 0.714844 0.514583 0.708416 0.514616 0.701559 0.512731 0.699862 0.513251 0.699087 0.516510 0.697254 0.519854 0.698521 0.528684 0.699916 0.531004 0.700316 0.534796 0.701562 0.536458 0.707812 0.536458 0.711593 0.533502 0.713658 0.533133 0.716840 0.528996 0.718725 0.523784
0 0.729006 0.520563 0.728380 0.521397 0.722704 0.523142 0.720388 0.522709 0.719436 0.519205 0.719441 0.515779 0.721848 0.512544 0.726999 0.511276 0.728454 0.513689 0.729209 0.519573
0 0.706250 0.560417 0.710156 0.560417 0.710938 0.560417 0.713281 0.563542 0.714063 0.564583 0.714063 0.569792 0.714063 0.570833 0.710156 0.575000 0.709375 0.576042 0.705469 0.575000 0.704688 0.573958 0.704688 0.565625 0.704688 0.564583 0.706250 0.560417
0 0.782813 0.471875 0.786719 0.471875 0.787500 0.471875 0.788281 0.473958 0.789062 0.475000 0.788281 0.479167 0.787500 0.480208 0.782031 0.481250 0.781250 0.480208 0.780469 0.477083 0.780469 0.476042 0.782813 0.471875
0 0.840625 0.436458 0.843750 0.436458 0.844531 0.436458 0.850000 0.441667 0.850781 0.442708 0.850000 0.448958 0.849219 0.450000 0.850000 0.455208 0.850000 0.456250 0.847656 0.461458 0.846875 0.462500 0.842969 0.462500 0.842187 0.462500 0.838281 0.459375 0.837500 0.459375 0.836719 0.458333 0.835938 0.457292 0.835156 0.452083 0.834375 0.451042 0.834375 0.447917 0.834375 0.446875 0.840625 0.436458
0 0.821094 0.380208 0.822656 0.380208 0.823438 0.380208 0.825781 0.384375 0.826562 0.385417 0.826562 0.394792 0.826562 0.395833 0.821875 0.395833 0.821094 0.395833 0.819531 0.392708 0.818750 0.391667 0.818750 0.387500 0.818750 0.386458 0.821094 0.380208
0 0.792969 0.336458 0.793750 0.336458 0.794531 0.336458 0.796875 0.340625 0.796875 0.341667 0.795312 0.344792 0.794531 0.345833 0.791406 0.345833 0.790625 0.345833 0.789844 0.344792 0.789062 0.344792 0.788281 0.340625 0.788281 0.339583 0.792969 0.336458
0 0.860423 0.070852 0.859624 0.056580 0.857813 0.055000 0.854494 0.054864 0.854494 0.052885 0.856634 0.051368 0.857039 0.050174 0.856381 0.048615 0.853779 0.046471 0.852802 0.042116 0.851947 0.040901 0.849936 0.040694 0.849633 0.044563 0.847342 0.046517 0.839844 0.040625 0.837140 0.041738 0.835183 0.050286 0.832031 0.053992 0.832031 0.059428 0.835154 0.062003 0.832652 0.067091 0.831865 0.070514 0.832895 0.073482 0.832725 0.076272 0.834658 0.078656 0.836315 0.078811 0.838370 0.076305 0.840863 0.080602 0.848509 0.081357 0.849498 0.081944 0.850814 0.085404 0.853126 0.088161 0.854476 0.088594 0.855969 0.086605 0.856170 0.083656 0.855293 0.080199 0.855639 0.076730 0.857903 0.072949 0.860220 0.071842
0 0.791095 0.122133 0.785304 0.122251 0.783830 0.127519 0.767969 0.129167 0.766406 0.127083 0.767969 0.120833 0.765025 0.116084 0.766878 0.113347 0.769131 0.115576 0.773192 0.116792 0.776210 0.120793 0.777834 0.119066 0.778125 0.116667 0.779687 0.113542 0.782104 0.113372 0.780469 0.107292 0.782031 0.103125 0.786719 0.103125 0.789558 0.108242 0.791406 0.108333 0.792188 0.109375 0.792188 0.119792
0 0.921049 0.076014 0.919463 0.078129 0.917299 0.078900 0.915135 0.078129 0.913549 0.076014 0.912971 0.073129 0.913549 0.070243 0.915135 0.068129 0.917299 0.067358 0.919463 0.068129 0.921049 0.070243 0.921627 0.073129
0 0.885557 0.025638 0.883807 0.027971 0.881480 0.028746 0.879316 0.027971 0.875931 0.024547 0.874368 0.019699 0.874949 0.016814 0.876535 0.014699 0.878699 0.013929 0.883317 0.016444 0.885557 0.019867 0.886135 0.022753
0 0.835268 0.231701 0.834686 0.228448 0.832273 0.225229 0.830109 0.224454 0.827117 0.225229 0.825531 0.227344 0.824953 0.230229 0.825807 0.236058 0.827393 0.238173 0.829557 0.238949 0.831997 0.238173 0.834686 0.234587 0.835265 0.231701
0 0.224219 0.505208 0.235156 0.506250 0.235937 0.506250 0.238281 0.513542 0.239063 0.514583 0.239063 0.520833 0.239063 0.521875 0.236719 0.527083 0.236719 0.528125 0.232031 0.535417 0.231250 0.536458 0.229687 0.536458 0.228906 0.537500 0.222656 0.531250 0.221875 0.531250 0.218750 0.523958 0.217969 0.522917 0.217969 0.517708 0.217969 0.516667 0.221094 0.509375 0.221094 0.508333 0.224219 0.505208
0 0.156250 0.532292 0.160156 0.533333 0.160938 0.533333 0.163281 0.536458 0.164062 0.537500 0.164844 0.542708 0.164844 0.543750 0.161719 0.550000 0.160938 0.551042 0.157031 0.550000 0.156250 0.550000 0.153125 0.544792 0.152344 0.543750 0.152344 0.536458 0.152344 0.535417 0.156250 0.532292
0 0.103125 0.604167 0.098240 0.606535 0.096227 0.605818 0.092791 0.606047 0.086272 0.607434 0.085897 0.609746 0.088251 0.612940 0.089063 0.615625 0.082812 0.622917 0.075781 0.641667 0.072656 0.643750 0.070312 0.642708 0.068750 0.639583 0.068750 0.632292 0.071468 0.631960 0.073554 0.633107 0.076295 0.631316 0.076810 0.629910 0.076122 0.626278 0.078044 0.623716 0.078356 0.622123 0.077154 0.620259 0.075787 0.619843 0.072155 0.624653 0.070862 0.624653 0.069932 0.624492 0.067969 0.621875 0.068568 0.618677 0.070314 0.617533 0.072516 0.611818 0.072001 0.609953 0.069419 0.609522 0.067969 0.606250 0.068750 0.598958 0.072656 0.595833 0.083087 0.594473 0.086264 0.594861 0.087803 0.594215 0.088747 0.592768 0.094531 0.591667 0.103125 0.593750 0.105469 0.596875 0.105469 0.601042
0 0.262292 0.645979 0.260149 0.640184 0.256250 0.635417 0.253125 0.635417 0.248438 0.642708 0.246094 0.653125 0.241406 0.658333 0.241406 0.664583 0.243750 0.668750 0.250781 0.673958 0.256250 0.673958 0.258594 0.670833 0.257812 0.653125 0.262151 0.646656
0 0.290255 0.586747 0.289464 0.585181 0.289536 0.576116 0.288318 0.571417 0.287364 0.570634 0.285353 0.570634 0.281850 0.574200 0.281893 0.577464 0.279219 0.577721 0.276251 0.583402 0.273643 0.585142 0.270607 0.590476 0.271037 0.596523 0.272274 0.598172 0.275081 0.599413 0.277942 0.595454 0.283485 0.594624 0.287584 0.592904 0.288890 0.588871 0.290114 0.587424
0 0.095312 0.650000 0.098437 0.650000 0.099219 0.650000 0.101562 0.652083 0.102344 0.652083 0.106250 0.657292 0.107031 0.658333 0.106250 0.661458 0.106250 0.662500 0.101562 0.666667 0.100781 0.667708 0.095312 0.667708 0.094531 0.667708 0.092969 0.664583 0.092188 0.663542 0.092188 0.655208 0.092188 0.654167 0.095312 0.650000
0 0.090625 0.792708 0.093750 0.792708 0.094531 0.792708 0.096875 0.795833 0.097656 0.796875 0.096875 0.801042 0.096875 0.802083 0.093750 0.807292 0.092969 0.808333 0.088281 0.807292 0.087500 0.806250 0.087500 0.797917 0.087500 0.796875 0.090625 0.792708
0 0.133930 0.749342 0.133594 0.746875 0.132812 0.745833 0.133252 0.744164 0.132864 0.741185 0.132181 0.740028 0.129820 0.738900 0.128271 0.735591 0.125526 0.733256 0.124309 0.733842 0.123063 0.734855 0.121172 0.734507 0.120653 0.731966 0.117969 0.731250 0.115536 0.733370 0.115043 0.738820 0.110987 0.740549 0.107954 0.745064 0.106616 0.752623 0.107584 0.753748 0.109226 0.760108 0.111253 0.761688 0.112754 0.765413 0.117038 0.765344 0.124120 0.759483 0.125600 0.756246 0.122602 0.751893 0.123037 0.749478 0.125703 0.750655 0.127548 0.747553 0.128778 0.746964 0.129801 0.748409 0.127984 0.751483 0.127786 0.753302 0.130921 0.753484 0.132058 0.752985 0.133789 0.750019
0 0.108594 0.740625 0.104848 0.737099 0.103314 0.736813 0.097554 0.740988 0.096875 0.746958 0.099341 0.746988 0.101024 0.750504 0.103990 0.750776 0.105002 0.749134 0.106909 0.748115
0 0.097056 0.770895 0.096817 0.758497 0.095288 0.754380 0.091332 0.754193 0.090281 0.756654 0.088939 0.757239 0.086326 0.755971 0.081100 0.758830 0.077804 0.762827 0.077804 0.766168 0.080642 0.771679 0.080725 0.773798 0.083543 0.777397 0.085790 0.777442 0.091175 0.779464 0.091848 0.778725 0.092705 0.774589 0.094990 0.773821 0.096915 0.771572
0 0.042188 0.846875 0.046875 0.846875 0.047656 0.846875 0.053906 0.853125 0.054688 0.854167 0.055469 0.856250 0.055469 0.857292 0.053125 0.863542 0.052344 0.864583 0.041406 0.864583 0.040625 0.864583 0.039062 0.852083 0.039062 0.851042 0.042188 0.846875
0 0.461719 0.809375 0.464844 0.809375 0.465625 0.809375 0.467969 0.811458 0.468750 0.812500 0.468750 0.818750 0.468750 0.819792 0.467187 0.823958 0.466406 0.825000 0.462500 0.825000 0.461719 0.825000 0.458594 0.822917 0.457813 0.822917 0.457031 0.820833 0.456250 0.819792 0.457031 0.815625 0.457031 0.814583 0.461719 0.809375
0 0.339844 0.838542 0.344531 0.840625 0.345313 0.840625 0.346875 0.844792 0.346875 0.845833 0.344531 0.852083 0.344531 0.853125 0.338281 0.855208 0.337500 0.855208 0.335938 0.853125 0.335156 0.852083 0.335156 0.846875 0.335156 0.845833 0.336719 0.842708 0.336719 0.841667 0.339844 0.838542
0 0.235937 0.731250 0.239063 0.731250 0.239844 0.732292 0.239063 0.738542 0.239063 0.739583 0.235156 0.739583 0.234375 0.738542 0.234375 0.734375 0.234375 0.733333 0.235937 0.731250
0 0.292969 0.747917 0.297656 0.747917 0.298438 0.747917 0.300000 0.751042 0.300781 0.752083 0.300781 0.756250 0.300781 0.757292 0.299219 0.758333 0.298438 0.759375 0.292187 0.757292 0.291406 0.757292 0.290625 0.753125 0.290625 0.752083 0.292969 0.747917
0 0.714063 0.782292 0.716406 0.782292 0.717187 0.782292 0.720313 0.788542 0.721094 0.789583 0.721094 0.793750 0.721094 0.794792 0.717187 0.801042 0.716406 0.802083 0.714063 0.802083 0.713281 0.802083 0.710938 0.794792 0.710156 0.793750 0.710156 0.790625 0.710156 0.789583 0.714063 0.782292
0 0.669531 0.797917 0.674219 0.797917 0.675000 0.797917 0.677344 0.800000 0.678125 0.800000 0.678906 0.807292 0.678906 0.808333 0.677344 0.811458 0.676562 0.812500 0.670312 0.812500 0.669531 0.812500 0.667969 0.807292 0.667188 0.806250 0.667188 0.802083 0.667188 0.801042 0.669531 0.797917
0 0.714063 0.852083 0.715625 0.852083 0.716406 0.852083 0.717969 0.854167 0.718750 0.855208 0.719531 0.859375 0.720313 0.860417 0.719531 0.863542 0.719531 0.864583 0.700781 0.865625 0.700000 0.864583 0.699219 0.862500 0.699219 0.861458 0.700781 0.858333 0.701562 0.857292 0.703906 0.856250 0.704688 0.855208 0.708594 0.855208 0.709375 0.855208 0.714063 0.852083
0 0.743750 0.828125 0.746094 0.829167 0.746875 0.829167 0.749219 0.836458 0.749219 0.837500 0.745313 0.848958 0.745313 0.850000 0.744531 0.851042 0.743750 0.852083 0.739062 0.852083 0.738281 0.852083 0.735156 0.848958 0.734375 0.847917 0.734375 0.839583 0.734375 0.838542 0.737500 0.832292 0.738281 0.831250 0.743750 0.828125
0 0.708594 0.746875 0.710938 0.747917 0.711719 0.747917 0.714063 0.751042 0.714844 0.752083 0.714844 0.754167 0.714844 0.755208 0.712500 0.758333 0.711719 0.759375 0.704688 0.759375 0.703906 0.759375 0.703125 0.753125 0.703125 0.752083 0.703906 0.750000 0.704688 0.748958 0.708594 0.746875
0 0.664844 0.704167 0.668750 0.706250 0.669531 0.706250 0.670312 0.708333 0.671094 0.709375 0.671094 0.714583 0.671094 0.715625 0.669531 0.717708 0.668750 0.718750 0.665625 0.718750 0.664844 0.718750 0.660937 0.715625 0.660156 0.714583 0.659375 0.711458 0.659375 0.710417 0.660937 0.707292 0.660937 0.706250 0.664844 0.704167
0 0.631250 0.720833 0.634375 0.720833 0.635156 0.721875 0.635156 0.729167 0.634375 0.730208 0.630469 0.730208 0.629687 0.730208 0.631250 0.720833
0 0.582031 0.744792 0.585156 0.745833 0.585938 0.746875 0.590625 0.757292 0.591406 0.758333 0.592187 0.772917 0.592187 0.773958 0.587500 0.781250 0.586719 0.782292 0.575000 0.783333 0.574219 0.783333 0.571875 0.780208 0.571094 0.779167 0.572656 0.760417 0.572656 0.759375 0.578125 0.747917 0.578125 0.746875 0.582031 0.744792
0 0.594531 0.826042 0.598437 0.826042 0.599219 0.826042 0.603125 0.831250 0.603906 0.832292 0.604688 0.839583 0.604688 0.840625 0.603125 0.843750 0.602344 0.844792 0.596875 0.845833 0.596094 0.846875 0.592969 0.846875 0.592187 0.846875 0.589063 0.844792 0.588281 0.843750 0.587500 0.834375 0.587500 0.833333 0.590625 0.828125 0.591406 0.827083 0.594531 0.826042
0 0.547656 0.720833 0.551562 0.720833 0.552344 0.720833 0.553906 0.722917 0.554688 0.723958 0.554688 0.736458 0.554688 0.737500 0.552344 0.740625 0.551562 0.741667 0.545312 0.739583 0.544531 0.739583 0.540625 0.733333 0.539844 0.732292 0.539844 0.728125 0.539844 0.727083 0.547656 0.720833
0 0.528906 0.739583 0.531250 0.740625 0.532031 0.740625 0.532031 0.751042 0.531250 0.752083 0.528906 0.752083 0.528125 0.752083 0.527344 0.750000 0.526563 0.748958 0.526563 0.745833 0.526563 0.744792 0.528906 0.739583
0 0.496094 0.711458 0.499219 0.711458 0.500000 0.711458 0.501563 0.714583 0.501563 0.715625 0.496094 0.721875 0.496094 0.722917 0.493750 0.722917 0.492969 0.722917 0.492188 0.721875 0.491406 0.720833 0.491406 0.716667 0.491406 0.715625 0.496094 0.711458
0 0.411719 0.802083 0.416406 0.802083 0.417187 0.803125 0.417187 0.807292 0.417187 0.808333 0.414062 0.811458 0.413281 0.812500 0.410156 0.811458 0.409375 0.810417 0.409375 0.806250 0.409375 0.805208 0.411719 0.802083
0 0.427344 0.669792 0.432031 0.669792 0.432812 0.669792 0.435937 0.672917 0.436719 0.672917 0.437500 0.673958 0.438281 0.675000 0.437500 0.683333 0.436719 0.684375 0.432812 0.685417 0.432031 0.686458 0.428125 0.685417 0.427344 0.684375 0.426563 0.681250 0.425781 0.680208 0.425781 0.673958 0.425781 0.672917 0.427344 0.669792
0 0.989844 0.746875 0.991406 0.746875 0.992188 0.746875 0.994531 0.750000 0.995313 0.751042 0.994531 0.756250 0.994531 0.757292 0.992969 0.758333 0.992188 0.759375 0.987500 0.758333 0.986719 0.758333 0.986719 0.752083 0.986719 0.751042 0.989844 0.746875
0 0.892188 0.851042 0.895312 0.853125 0.896094 0.854167 0.896875 0.863542 0.896875 0.864583 0.892969 0.865625 0.892188 0.866667 0.887500 0.865625 0.886719 0.865625 0.885938 0.857292 0.885938 0.856250 0.892188 0.851042
0 0.894531 0.836458 0.895312 0.836458 0.896094 0.836458 0.899219 0.841667 0.900000 0.842708 0.900000 0.847917 0.900000 0.848958 0.897656 0.851042 0.896875 0.852083 0.896875 0.854167 0.896094 0.855208 0.896875 0.863542 0.896875 0.864583 0.887500 0.865625 0.886719 0.865625 0.885938 0.858333 0.885156 0.857292 0.889844 0.852083 0.890625 0.851042 0.887500 0.847917 0.886719 0.846875 0.886719 0.842708 0.886719 0.841667 0.894531 0.836458
0 0.841406 0.837500 0.850000 0.837500 0.850781 0.837500 0.854688 0.840625 0.854688 0.841667 0.846094 0.860417 0.846094 0.861458 0.845313 0.862500 0.844531 0.863542 0.840625 0.864583 0.839844 0.864583 0.835156 0.861458 0.834375 0.861458 0.832812 0.859375 0.832031 0.858333 0.832031 0.855208 0.832031 0.854167 0.835938 0.843750 0.835938 0.842708 0.841406 0.837500
0 0.818750 0.853125 0.825000 0.857292 0.825781 0.857292 0.827344 0.859375 0.828125 0.860417 0.828125 0.862500 0.828125 0.863542 0.827344 0.864583 0.826562 0.865625 0.818750 0.865625 0.817969 0.865625 0.817187 0.864583 0.816406 0.863542 0.816406 0.858333 0.816406 0.857292 0.818750 0.853125
0 0.863722 0.800943 0.862972 0.798860 0.859022 0.796769 0.855469 0.798958 0.853906 0.798958 0.851562 0.803125 0.848437 0.804167 0.847656 0.803125 0.845313 0.803125 0.841406 0.795833 0.835938 0.794792 0.834240 0.796552 0.833900 0.798930 0.831101 0.802936 0.830215 0.810395 0.828100 0.815764 0.826393 0.818404 0.823855 0.819220 0.821875 0.822917 0.822656 0.835417 0.826562 0.842708 0.829688 0.844792 0.834375 0.843750 0.837500 0.839583 0.841242 0.830558 0.842696 0.824158 0.844213 0.822854 0.845813 0.824562 0.850620 0.824773 0.851643 0.822690 0.850892 0.818602 0.852476 0.816490 0.855260 0.815583 0.859423 0.811215 0.861676 0.807574 0.863519 0.801932
0 0.877555 0.767918 0.877344 0.757292 0.876179 0.756117 0.874013 0.755539 0.872070 0.751272 0.866568 0.746223 0.865363 0.743083 0.865034 0.738286 0.859460 0.733049 0.854871 0.733938 0.853295 0.735693 0.852974 0.737307 0.853991 0.741350 0.853991 0.745509 0.852024 0.753477 0.850179 0.755937 0.850249 0.760676 0.851331 0.762030 0.851825 0.764221 0.849916 0.768152 0.850003 0.772074 0.851405 0.774060 0.853475 0.774487 0.856045 0.772870 0.861169 0.771484 0.864040 0.774389 0.863954 0.775566 0.865748 0.777692 0.867949 0.778642 0.870638 0.783186 0.872015 0.783663 0.873943 0.782009 0.874956 0.775228 0.877555 0.767918
0 0.972656 0.608333 0.975000 0.608333 0.975781 0.608333 0.982031 0.614583 0.982812 0.615625 0.982031 0.627083 0.982031 0.628125 0.976562 0.638542 0.976562 0.639583 0.975000 0.641667 0.974219 0.642708 0.971094 0.642708 0.970313 0.642708 0.963281 0.637500 0.962500 0.636458 0.957812 0.636458 0.957031 0.636458 0.956250 0.637500 0.955469 0.638542 0.951562 0.639583 0.950781 0.639583 0.950000 0.638542 0.949219 0.637500 0.950781 0.632292 0.950781 0.631250 0.956250 0.625000 0.957031 0.625000 0.962500 0.615625 0.963281 0.614583 0.967187 0.613542 0.967969 0.613542 0.972656 0.608333
0 0.991406 0.650000 0.994531 0.650000 0.995313 0.650000 0.998437 0.654167 0.999219 0.654167 0.999219 0.666667 0.999219 0.667708 0.987500 0.672917 0.986719 0.673958 0.983594 0.672917 0.982812 0.672917 0.981250 0.669792 0.980469 0.668750 0.981250 0.666667 0.981250 0.665625 0.987500 0.655208 0.987500 0.654167 0.991406 0.650000
0 0.946875 0.715625 0.953125 0.716667 0.953906 0.716667 0.954688 0.717708 0.955469 0.718750 0.955469 0.722917 0.955469 0.723958 0.951562 0.727083 0.950781 0.728125 0.942969 0.727083 0.942187 0.727083 0.942187 0.719792 0.942187 0.718750 0.946875 0.715625
0 0.954688 0.687500 0.958594 0.687500 0.959375 0.687500 0.962500 0.689583 0.963281 0.689583 0.964844 0.692708 0.965625 0.693750 0.965625 0.697917 0.965625 0.698958 0.964063 0.701042 0.963281 0.702083 0.959375 0.702083 0.958594 0.702083 0.954688 0.698958 0.953906 0.698958 0.953125 0.696875 0.952344 0.695833 0.952344 0.690625 0.952344 0.689583 0.954688 0.687500
0 0.792969 0.664583 0.796875 0.664583 0.797656 0.665625 0.797656 0.671875 0.797656 0.672917 0.796875 0.673958 0.796094 0.675000 0.789062 0.673958 0.788281 0.673958 0.788281 0.668750 0.788281 0.667708 0.792969 0.664583
0 0.957812 0.506250 0.962500 0.506250 0.963281 0.506250 0.967969 0.510417 0.968750 0.511458 0.967969 0.527083 0.967969 0.528125 0.967187 0.530208 0.967187 0.531250 0.965625 0.533333 0.964844 0.534375 0.963281 0.534375 0.962500 0.535417 0.955469 0.534375 0.954688 0.534375 0.951562 0.529167 0.950781 0.528125 0.951562 0.513542 0.951562 0.512500 0.957812 0.506250
0 0.778906 0.580208 0.782813 0.581250 0.783594 0.581250 0.783594 0.590625 0.782813 0.591667 0.778906 0.590625 0.778125 0.590625 0.776563 0.587500 0.775781 0.586458 0.775781 0.584375 0.775781 0.583333 0.778906 0.580208
0 0.993750 0.369792 0.998437 0.370833 0.999219 0.370833 0.999219 0.384375 0.999219 0.385417 0.992969 0.385417 0.992188 0.385417 0.989844 0.382292 0.989062 0.381250 0.989844 0.373958 0.989844 0.372917 0.993750 0.369792
0 0.967187 0.342708 0.966406 0.337500 0.965625 0.336458 0.958594 0.333333 0.954688 0.337500 0.954688 0.345833 0.955469 0.346875 0.958594 0.348958 0.964844 0.347917 0.965625 0.346875
0 0.906250 0.394792 0.910156 0.394792 0.910937 0.395833 0.910156 0.405208 0.910156 0.406250 0.905469 0.412500 0.904687 0.413542 0.896875 0.415625 0.896094 0.415625 0.894531 0.411458 0.894531 0.410417 0.897656 0.407292 0.898438 0.407292 0.900781 0.404167 0.901563 0.403125 0.902344 0.398958 0.902344 0.397917 0.906250 0.394792
0 0.703125 0.369792 0.707031 0.371875 0.707812 0.371875 0.707812 0.378125 0.707812 0.379167 0.701562 0.386458 0.700781 0.386458 0.700000 0.385417 0.699219 0.385417 0.698438 0.381250 0.698438 0.380208 0.700781 0.371875 0.700781 0.370833 0.703125 0.369792
0 0.826562 0.309375 0.830469 0.310417 0.831250 0.311458 0.831250 0.320833 0.830469 0.321875 0.826562 0.320833 0.825781 0.320833 0.825000 0.318750 0.824219 0.317708 0.824219 0.313542 0.824219 0.312500 0.826562 0.309375
0 0.805469 0.302083 0.808594 0.303125 0.809375 0.304167 0.809375 0.309375 0.809375 0.310417 0.807031 0.311458 0.806250 0.312500 0.803906 0.310417 0.803125 0.309375 0.803125 0.306250 0.803125 0.305208 0.805469 0.302083
0 0.744955 0.184962 0.744045 0.174078 0.742792 0.172642 0.739978 0.172371 0.736719 0.168750 0.736719 0.167708 0.734375 0.163542 0.732954 0.163112 0.731130 0.160156 0.729681 0.159414 0.726147 0.159414 0.723462 0.160392 0.722869 0.163113 0.721863 0.164173 0.717187 0.166667 0.717187 0.167708 0.715625 0.169792 0.714063 0.180208 0.710193 0.186800 0.709990 0.189674 0.711094 0.192806 0.715688 0.195398 0.723437 0.197917 0.731250 0.209375 0.731219 0.211630 0.732812 0.214583 0.733143 0.213101 0.734805 0.213573 0.736448 0.212337 0.738771 0.197821 0.741054 0.193907 0.742579 0.195668 0.743869 0.194668 0.744778 0.185823
0 0.716406 0.197917 0.721094 0.200000 0.721875 0.200000 0.723437 0.203125 0.724219 0.204167 0.723437 0.214583 0.723437 0.215625 0.720313 0.222917 0.719531 0.223958 0.715625 0.223958 0.714844 0.223958 0.710156 0.221875 0.709375 0.221875 0.707812 0.219792 0.707031 0.218750 0.707812 0.213542 0.707812 0.212500 0.711719 0.202083 0.711719 0.201042 0.716406 0.197917
0 0.706250 0.231250 0.709375 0.231250 0.710156 0.231250 0.713281 0.233333 0.714063 0.233333 0.714063 0.243750 0.713281 0.244792 0.708594 0.245833 0.707812 0.245833 0.703125 0.240625 0.702344 0.239583 0.702344 0.234375 0.702344 0.233333 0.706250 0.231250
0 0.633594 0.272917 0.635938 0.272917 0.636719 0.272917 0.637500 0.273958 0.638281 0.273958 0.638281 0.276042 0.639062 0.277083 0.638281 0.282292 0.638281 0.283333 0.635938 0.285417 0.635156 0.286458 0.631250 0.285417 0.630469 0.284375 0.631250 0.278125 0.631250 0.277083 0.633594 0.272917
0 0.623437 0.318750 0.628906 0.319792 0.629687 0.319792 0.631250 0.321875 0.632031 0.322917 0.632031 0.325000 0.632031 0.326042 0.631250 0.327083 0.630469 0.328125 0.624219 0.327083 0.623437 0.327083 0.622656 0.326042 0.621875 0.325000 0.621875 0.321875 0.621875 0.320833 0.623437 0.318750
0 0.575781 0.261458 0.578906 0.264583 0.579688 0.265625 0.579688 0.268750 0.579688 0.269792 0.578125 0.272917 0.577344 0.273958 0.571875 0.275000 0.571094 0.275000 0.564844 0.272917 0.564063 0.271875 0.563281 0.265625 0.564063 0.264583 0.575781 0.261458
0 0.517188 0.303125 0.521094 0.303125 0.521875 0.303125 0.526563 0.309375 0.527344 0.310417 0.527344 0.314583 0.527344 0.315625 0.524219 0.319792 0.523438 0.320833 0.517969 0.321875 0.517188 0.321875 0.513281 0.318750 0.512500 0.318750 0.511719 0.315625 0.510938 0.314583 0.510938 0.311458 0.510938 0.310417 0.512500 0.307292 0.512500 0.306250 0.517188 0.303125
0 0.906250 0.169792 0.913281 0.170833 0.914062 0.171875 0.914062 0.180208 0.914062 0.181250 0.910156 0.186458 0.909375 0.187500 0.906250 0.186458 0.905469 0.186458 0.902344 0.180208 0.901563 0.179167 0.902344 0.175000 0.902344 0.173958 0.906250 0.169792
0 0.935156 0.236458 0.939063 0.237500 0.939844 0.237500 0.943750 0.242708 0.944531 0.243750 0.945312 0.250000 0.944531 0.251042 0.935937 0.252083 0.935156 0.251042 0.933594 0.242708 0.932813 0.241667 0.935156 0.236458
0 0.980469 0.091667 0.983594 0.092708 0.984375 0.092708 0.986719 0.098958 0.986719 0.100000 0.989062 0.102083 0.989844 0.103125 0.990625 0.112500 0.989844 0.113542 0.984375 0.113542 0.983594 0.113542 0.977344 0.103125 0.976562 0.102083 0.975781 0.097917 0.975781 0.096875 0.980469 0.091667
0 0.829688 0.121875 0.833594 0.122917 0.834375 0.122917 0.836719 0.126042 0.837500 0.127083 0.838281 0.130208 0.839063 0.131250 0.838281 0.134375 0.837500 0.135417 0.833594 0.136458 0.832812 0.136458 0.829688 0.132292 0.828906 0.131250 0.828125 0.125000 0.828125 0.123958 0.829688 0.121875
0 0.762500 0.158333 0.765625 0.158333 0.766406 0.158333 0.770312 0.161458 0.771094 0.162500 0.770312 0.167708 0.770312 0.168750 0.765625 0.176042 0.764844 0.177083 0.764062 0.177083 0.763281 0.177083 0.757812 0.170833 0.757031 0.169792 0.757031 0.165625 0.757031 0.164583 0.762500 0.158333
0 0.814063 0.003125 0.816406 0.003125 0.817187 0.003125 0.820312 0.007292 0.821094 0.008333 0.821875 0.013542 0.821875 0.014583 0.819531 0.018750 0.818750 0.019792 0.815625 0.019792 0.814844 0.019792 0.810937 0.014583 0.810156 0.013542 0.810156 0.008333 0.810156 0.007292 0.814063 0.003125
0 0.569036 0.621938 0.568395 0.618264 0.563171 0.611312 0.561896 0.608431 0.558223 0.608197 0.555008 0.612275 0.553443 0.612715 0.551267 0.610956 0.545312 0.600000 0.538281 0.597917 0.530469 0.591667 0.526739 0.591667 0.524326 0.593051 0.517188 0.592708 0.510156 0.598958 0.503151 0.601725 0.500439 0.606928 0.499425 0.607199 0.497653 0.606058 0.496084 0.606623 0.494827 0.610183 0.483594 0.620833 0.482570 0.634386 0.480290 0.636816 0.478480 0.640436 0.477503 0.645647 0.474975 0.647446 0.474219 0.648958 0.474219 0.654167 0.475781 0.657292 0.475000 0.663542 0.475781 0.664583 0.476004 0.670431 0.477163 0.672328 0.479394 0.673065 0.483494 0.671781 0.485696 0.672949 0.489124 0.670264 0.495150 0.671431 0.497293 0.670343 0.498891 0.668214 0.499969 0.663583 0.500781 0.662500 0.505309 0.662001 0.506401 0.663807 0.507668 0.664195 0.510621 0.662261 0.510629 0.660206 0.513806 0.659338 0.518000 0.660248 0.521587 0.663378 0.524696 0.661043 0.529069 0.661006 0.532186 0.658444 0.534147 0.657971 0.537768 0.654565 0.539315 0.655754 0.541104 0.655834 0.541307 0.654096 0.543342 0.651499 0.548698 0.646590 0.550170 0.642746 0.553078 0.643009 0.557523 0.640178 0.558946 0.638397 0.560400 0.635174 0.559794 0.634996 0.560254 0.633549 0.562149 0.630508 0.565660 0.628209 0.567461 0.623897 0.568833 0.622927
0 0.416406 0.614583 0.421094 0.615625 0.421875 0.616667 0.420312 0.622917 0.419531 0.623958 0.414844 0.623958 0.414062 0.622917 0.414062 0.618750 0.414062 0.617708 0.416406 0.614583
0 0.468643 0.525729 0.467476 0.521280 0.464846 0.518926 0.462705 0.515708 0.460938 0.514583 0.455469 0.514583 0.453336 0.516833 0.453874 0.522924 0.452244 0.526069 0.448768 0.527469 0.447258 0.529285 0.447443 0.536174 0.450000 0.541667 0.457145 0.544321 0.458851 0.543655 0.462190 0.538956 0.464586 0.536897 0.465234 0.534228 0.464485 0.530312 0.468440 0.526718
0 0.473438 0.497917 0.476562 0.501042 0.477344 0.502083 0.478125 0.508333 0.478125 0.509375 0.475781 0.514583 0.475000 0.515625 0.472656 0.516667 0.471875 0.517708 0.466406 0.517708 0.465625 0.517708 0.463281 0.514583 0.462500 0.513542 0.463281 0.508333 0.463281 0.507292 0.468750 0.501042 0.469531 0.500000 0.473438 0.497917
0 0.477344 0.559375 0.481250 0.559375 0.482031 0.559375 0.482812 0.561458 0.483594 0.562500 0.482812 0.570833 0.482812 0.571875 0.481250 0.573958 0.480469 0.575000 0.475781 0.575000 0.475000 0.575000 0.474219 0.572917 0.473438 0.571875 0.474219 0.565625 0.474219 0.564583 0.477344 0.559375
0 0.420312 0.493750 0.420312 0.488542 0.419531 0.487500 0.417220 0.486986 0.413305 0.489346 0.411668 0.491379 0.410766 0.495542 0.413906 0.499549 0.416105 0.499700 0.419387 0.494737
0 0.427612 0.484524 0.425887 0.473273 0.424401 0.469739 0.422629 0.469051 0.418800 0.469501 0.415625 0.474334 0.415625 0.477395 0.416597 0.480621 0.417189 0.481410 0.419192 0.481634 0.421619 0.486601 0.424956 0.487945 0.427409 0.485513
0 0.446094 0.440625 0.457031 0.441667 0.457813 0.441667 0.460156 0.443750 0.460938 0.444792 0.460938 0.448958 0.460938 0.450000 0.459375 0.452083 0.459375 0.453125 0.457031 0.454167 0.456250 0.455208 0.448437 0.454167 0.447656 0.454167 0.444531 0.448958 0.443750 0.447917 0.443750 0.444792 0.443750 0.443750 0.446094 0.440625
0 0.504687 0.431250 0.507812 0.431250 0.508594 0.432292 0.509375 0.443750 0.509375 0.444792 0.505469 0.445833 0.504687 0.445833 0.503125 0.442708 0.502344 0.441667 0.502344 0.435417 0.502344 0.434375 0.504687 0.431250
0 0.498437 0.415625 0.500000 0.415625 0.500781 0.415625 0.501563 0.417708 0.502344 0.418750 0.503125 0.423958 0.503125 0.425000 0.502344 0.426042 0.502344 0.427083 0.500781 0.427083 0.500000 0.428125 0.494531 0.426042 0.493750 0.425000 0.493750 0.421875 0.493750 0.420833 0.498437 0.415625
0 0.420312 0.400000 0.424219 0.401042 0.425000 0.402083 0.424219 0.410417 0.423438 0.411458 0.420312 0.411458 0.419531 0.411458 0.417187 0.408333 0.416406 0.407292 0.417187 0.404167 0.417187 0.403125 0.420312 0.400000
0 0.499219 0.377083 0.504687 0.378125 0.505469 0.378125 0.506250 0.380208 0.507031 0.381250 0.506250 0.385417 0.506250 0.386458 0.499219 0.385417 0.498437 0.385417 0.497656 0.380208 0.497656 0.379167 0.499219 0.377083
0 0.154003 0.477758 0.153863 0.475003 0.152344 0.471875 0.149219 0.469792 0.146675 0.472472 0.146196 0.476764 0.146575 0.478642 0.145865 0.480514 0.143422 0.482232 0.143422 0.483676 0.144956 0.484912 0.145953 0.487925 0.146133 0.492442 0.146847 0.493665 0.147862 0.493665 0.150067 0.489912 0.151089 0.485891 0.150571 0.484350 0.152914 0.481508 0.153935 0.478088
0 0.067187 0.509375 0.067969 0.509375 0.068750 0.509375 0.071094 0.513542 0.071094 0.514583 0.068750 0.518750 0.067969 0.519792 0.064844 0.519792 0.064062 0.519792 0.064062 0.516667 0.064062 0.515625 0.067187 0.509375
0 0.036719 0.528125 0.040625 0.528125 0.041406 0.528125 0.044531 0.531250 0.045312 0.532292 0.046094 0.538542 0.046094 0.539583 0.045312 0.541667 0.045312 0.542708 0.042969 0.544792 0.042188 0.545833 0.038281 0.544792 0.037500 0.544792 0.036719 0.541667 0.035937 0.540625 0.035937 0.534375 0.035156 0.533333 0.036719 0.528125
0 0.047656 0.584375 0.050000 0.585417 0.050781 0.585417 0.051562 0.587500 0.052344 0.588542 0.052344 0.597917 0.052344 0.598958 0.050000 0.602083 0.049219 0.603125 0.042188 0.603125 0.041406 0.603125 0.041406 0.590625 0.041406 0.589583 0.047656 0.584375
0 0.018750 0.621875 0.025781 0.621875 0.026562 0.621875 0.028906 0.626042 0.029687 0.627083 0.029687 0.633333 0.029687 0.634375 0.026562 0.636458 0.025781 0.637500 0.019531 0.635417 0.018750 0.635417 0.017188 0.633333 0.016406 0.632292 0.016406 0.629167 0.015625 0.628125 0.017188 0.623958 0.017188 0.622917 0.018750 0.621875
0 0.025781 0.650000 0.029687 0.651042 0.030469 0.652083 0.028906 0.660417 0.028125 0.661458 0.025000 0.661458 0.024219 0.661458 0.021094 0.659375 0.020313 0.658333 0.021094 0.654167 0.021094 0.653125 0.025781 0.650000
0 0.475000 0.226042 0.475000 0.220833 0.473438 0.218750 0.468732 0.218684 0.468036 0.216051 0.466685 0.214968 0.465334 0.216051 0.463274 0.222899 0.463474 0.229912 0.462570 0.232432 0.464062 0.235417 0.469532 0.235614 0.471450 0.234931 0.472739 0.233459 0.472942 0.230844
0 0.321875 0.287500 0.325000 0.287500 0.325781 0.287500 0.325781 0.293750 0.325781 0.294792 0.324219 0.296875 0.323437 0.297917 0.317969 0.298958 0.317188 0.298958 0.316406 0.295833 0.316406 0.294792 0.317969 0.291667 0.317969 0.290625 0.321875 0.287500
0 0.564063 0.044792 0.567187 0.045833 0.567969 0.045833 0.576562 0.053125 0.577344 0.053125 0.582031 0.059375 0.582812 0.060417 0.582812 0.062500 0.583594 0.063542 0.582812 0.072917 0.582812 0.073958 0.576562 0.082292 0.575781 0.083333 0.573438 0.084375 0.572656 0.085417 0.568750 0.085417 0.567969 0.085417 0.561719 0.081250 0.560937 0.081250 0.554688 0.070833 0.553906 0.069792 0.554688 0.055208 0.554688 0.054167 0.560156 0.046875 0.560937 0.045833 0.564063 0.044792
0 0.643750 0.029167 0.650781 0.030208 0.651563 0.030208 0.655469 0.037500 0.656250 0.038542 0.656250 0.043750 0.656250 0.044792 0.651563 0.051042 0.650781 0.052083 0.644531 0.053125 0.643750 0.053125 0.642188 0.052083 0.641406 0.052083 0.638281 0.046875 0.637500 0.045833 0.638281 0.036458 0.638281 0.035417 0.640625 0.031250 0.641406 0.030208 0.643750 0.029167
0 0.614062 0.004167 0.618750 0.006250 0.619531 0.007292 0.617969 0.013542 0.617969 0.014583 0.614062 0.017708 0.613281 0.017708 0.610938 0.016667 0.610156 0.016667 0.608594 0.012500 0.608594 0.011458 0.610156 0.007292 0.610156 0.006250 0.614062 0.004167
0 0.507812 0.000000 0.517188 0.001042 0.517188 0.002083 0.515625 0.005208 0.514844 0.006250 0.510156 0.006250 0.509375 0.006250 0.507812 0.000000
0 0.504687 0.047917 0.507031 0.047917 0.507812 0.047917 0.510938 0.052083 0.511719 0.053125 0.510938 0.058333 0.510938 0.059375 0.507812 0.064583 0.507031 0.065625 0.503125 0.064583 0.502344 0.064583 0.499219 0.058333 0.498437 0.057292 0.498437 0.053125 0.498437 0.052083 0.504687 0.047917
0 0.442969 0.008333 0.444531 0.008333 0.445312 0.008333 0.449219 0.012500 0.450000 0.013542 0.450781 0.017708 0.451562 0.018750 0.450781 0.021875 0.450000 0.022917 0.442188 0.022917 0.441406 0.021875 0.439844 0.013542 0.439844 0.012500 0.442969 0.008333
0 0.285430 0.164404 0.282645 0.166030 0.280995 0.168744 0.279531 0.173394 0.276624 0.176371 0.273606 0.176866 0.272233 0.175754 0.272367 0.169595 0.275000 0.165625 0.275000 0.164583 0.280469 0.161458 0.284462 0.161022 0.285634 0.163415
0 0.166657 0.078435 0.165560 0.081436 0.162500 0.083333 0.162916 0.088121 0.164587 0.092213 0.164118 0.096271 0.163217 0.097708 0.159570 0.098937 0.151851 0.099226 0.144658 0.097819 0.142566 0.098779 0.138281 0.098958 0.135560 0.095330 0.134622 0.082577 0.138616 0.076482 0.141480 0.074684 0.141480 0.073137 0.139945 0.072972 0.139429 0.071794 0.140515 0.065715 0.141734 0.063422 0.147513 0.061389 0.151970 0.058538 0.156195 0.059642 0.157961 0.057534 0.159453 0.059524 0.158099 0.070780 0.157287 0.071982 0.153445 0.074161 0.152107 0.076153 0.153026 0.076709 0.157212 0.074029 0.160134 0.069614 0.160563 0.066308 0.161246 0.065620 0.163901 0.067539 0.166440 0.071791 0.166797 0.077758
0 0.142969 0.053125 0.141042 0.050557 0.140311 0.046859 0.136771 0.047244 0.125781 0.058333 0.120972 0.060710 0.118577 0.063903 0.118148 0.066408 0.119171 0.067773 0.125204 0.066617 0.134609 0.067484 0.138281 0.064583
0 0.235814 0.069555 0.235611 0.067114 0.234375 0.065625 0.230712 0.067958 0.229407 0.071344 0.226812 0.072440 0.225396 0.071270 0.224939 0.066585 0.224219 0.065625 0.221094 0.065625 0.217969 0.071875 0.218750 0.082292 0.224219 0.086458 0.228245 0.088355 0.229715 0.087113 0.230170 0.084774 0.232283 0.081473 0.234613 0.079615 0.235723 0.074755 0.235723 0.069997
0 0.328125 0.073958 0.334375 0.075000 0.335156 0.076042 0.335156 0.083333 0.335156 0.084375 0.333594 0.086458 0.332813 0.087500 0.330469 0.088542 0.329688 0.088542 0.328125 0.086458 0.327344 0.085417 0.326562 0.077083 0.326562 0.076042 0.328125 0.073958
0 0.139063 0.000000 0.157812 0.000000 0.158594 0.000000 0.160938 0.007292 0.160938 0.008333 0.155469 0.017708 0.154688 0.018750 0.151562 0.020833 0.150781 0.021875 0.146094 0.021875 0.145313 0.021875 0.139063 0.014583 0.138281 0.013542 0.136719 0.009375 0.135937 0.008333 0.139063 0.000000
0 0.058385 0.018280 0.058245 0.020798 0.057370 0.021966 0.052344 0.022917 0.050000 0.020833 0.048438 0.017708 0.050000 0.013542 0.053125 0.011458 0.057031 0.012500 0.057813 0.013542 0.058511 0.017673
0 0.013363 0.063644 0.012923 0.060040 0.011719 0.058333 0.005469 0.057292 0.002054 0.058476 0.000582 0.060173 0.000441 0.061781 0.001563 0.063264 0.002278 0.068977 0.004258 0.070728 0.008657 0.070009 0.010501 0.067248 0.012248 0.066683 0.013222 0.064321
0 0.065966 0.152931 0.065966 0.150021 0.065077 0.147922 0.060937 0.146875 0.058594 0.148958 0.057813 0.154167 0.058792 0.155740 0.064250 0.155715 0.065825 0.153608
0 0.155399 0.044670 0.154970 0.039953 0.153729 0.038491 0.151271 0.038202 0.149817 0.040341 0.150251 0.044943 0.149444 0.047094 0.143412 0.051606 0.142824 0.059677 0.143706 0.060922 0.146437 0.061476 0.153311 0.057274 0.153311 0.054766 0.151579 0.051880 0.151503 0.049982 0.155259 0.045347
0 0.134638 0.087577 0.133946 0.088186 0.133088 0.087757 0.131155 0.089594 0.129968 0.089205 0.128726 0.087146 0.128801 0.084636 0.130496 0.082576 0.133607 0.080729 0.134400 0.081366 0.134658 0.087480
0 0.150247 0.029970 0.149152 0.033234 0.147310 0.034164 0.143650 0.029283 0.143714 0.025696 0.144926 0.023392 0.147746 0.022103 0.150182 0.026984 0.150387 0.029293
0 0.175950 0.001969 0.174545 0.004874 0.170368 0.005146 0.167788 0.006607 0.166572 0.006162 0.165295 0.003687 0.164915 0.000164 0.175497 0.000250 0.176091 0.001292
0 0.184659 0.034275 0.184079 0.032239 0.181839 0.031208 0.181142 0.032481 0.181223 0.034088 0.178618 0.037797 0.179134 0.038974 0.181438 0.038888 0.183435 0.037256 0.184518 0.034952
0 0.075972 0.141363 0.075457 0.138411 0.070957 0.137088 0.068797 0.138911 0.068337 0.140795 0.070261 0.143532 0.070146 0.147750 0.071170 0.149115 0.072529 0.148856 0.075353 0.146369 0.075918 0.141623
0 0.178477 0.239509 0.176734 0.234037 0.170129 0.235560 0.170129 0.237323 0.171049 0.239164 0.173878 0.242527 0.175967 0.242527 0.178336 0.240186
0 0.218522 0.198875 0.217756 0.202965 0.213958 0.207334 0.211849 0.206237 0.212002 0.200384 0.213297 0.198453 0.214736 0.198783 0.217486 0.196629 0.218663 0.198198
0 0.064305 0.297143 0.062697 0.299944 0.062831 0.302901 0.059978 0.303472 0.058716 0.299703 0.057123 0.297860 0.057574 0.292597 0.059302 0.290895 0.062121 0.290594 0.064301 0.295003 0.064355 0.297124
0 0.029133 0.339890 0.028992 0.338747 0.026828 0.336041 0.024107 0.336228 0.022684 0.337815 0.022684 0.339325 0.023641 0.340912 0.027993 0.341410 0.028992 0.340567
0 0.003859 0.381198 0.003718 0.379279 0.001994 0.375769 0.001738 0.372135 0.000855 0.371448 0.000000 0.372135 0.000000 0.386771 0.000781 0.387034 0.003718 0.381875
0 0.155404 0.423351 0.154437 0.421071 0.152951 0.420181 0.149266 0.419780 0.147556 0.421471 0.147556 0.423126 0.148439 0.423813 0.153478 0.424816 0.155263 0.424028
0 0.072825 0.532229 0.072056 0.529868 0.068630 0.527499 0.067112 0.527999 0.067480 0.531739 0.066337 0.533921 0.066853 0.535436 0.070152 0.534929 0.072684 0.532906
0 0.100258 0.786100 0.099299 0.786890 0.094132 0.786193 0.092459 0.783860 0.092536 0.780470 0.094667 0.776101 0.096752 0.775999 0.097623 0.779095 0.099570 0.781997 0.100398 0.785423
0 0.135253 0.846662 0.134030 0.848031 0.133587 0.852723 0.131885 0.854992 0.130556 0.859389 0.129371 0.860481 0.128347 0.859116 0.128954 0.856792 0.129094 0.847328 0.132704 0.843610 0.134878 0.844808 0.135394 0.845985
0 0.162611 0.787631 0.161408 0.783004 0.158462 0.779522 0.156160 0.779522 0.155394 0.781215 0.155394 0.783538 0.157670 0.787541 0.160861 0.789070 0.162470 0.788308
0 0.309671 0.096706 0.308070 0.099721 0.306430 0.100663 0.302861 0.095778 0.303990 0.094452 0.304605 0.091957 0.305865 0.091144 0.309013 0.093217 0.309812 0.096029
0 0.412037 0.154645 0.409737 0.158614 0.406824 0.161646 0.403746 0.161098 0.403095 0.159560 0.403236 0.157620 0.406993 0.152249 0.410748 0.152423 0.412178 0.153968
0 0.401759 0.088661 0.401619 0.085098 0.400600 0.084230 0.398436 0.084230 0.395086 0.086763 0.392406 0.091908 0.392406 0.096779 0.392922 0.097956 0.393937 0.097956 0.397819 0.095126 0.398225 0.096382 0.397684 0.098613 0.396947 0.098121 0.396065 0.098808 0.395924 0.101109 0.396741 0.103590 0.399112 0.105721 0.400130 0.104853 0.400812 0.102191 0.401083 0.096419 0.400206 0.095108 0.400143 0.093094 0.401624 0.089383
0 0.393102 0.018569 0.392962 0.016755 0.391571 0.016255 0.390039 0.019029 0.389065 0.022845 0.389622 0.025186 0.391491 0.025349 0.392596 0.022981 0.392962 0.019246
0 0.401462 0.001700 0.400439 0.000000 0.392749 0.000000 0.391927 0.001046 0.392335 0.005646 0.394599 0.007284 0.399119 0.005314 0.401321 0.002377
0 0.410243 0.001462 0.409233 0.000000 0.402623 0.000000 0.401606 0.000488 0.401740 0.001901 0.402712 0.002615 0.401686 0.001704 0.401963 0.005883 0.403247 0.007344 0.408256 0.005967 0.410102 0.002139
0 0.495521 0.370165 0.493507 0.365680 0.491221 0.365306 0.490291 0.366055 0.488512 0.370300 0.488606 0.373589 0.490893 0.375337 0.493367 0.374401 0.495380 0.370842
0 0.263894 0.452532 0.260362 0.456081 0.257458 0.457575 0.254555 0.456226 0.253458 0.454235 0.248022 0.456226 0.246744 0.453452 0.246993 0.445516 0.250054 0.442215 0.252164 0.443378 0.256115 0.443709 0.257066 0.445467 0.256831 0.449040 0.262975 0.449952 0.264035 0.451855
0 0.219979 0.663162 0.219778 0.660952 0.218737 0.659726 0.217443 0.659538 0.211911 0.663034 0.210871 0.664664 0.211415 0.668520 0.212359 0.669369 0.216740 0.668213 0.219839 0.663839
0 0.166354 0.660021 0.164895 0.666018 0.163770 0.667029 0.161338 0.667029 0.158875 0.665694 0.159483 0.658180 0.161317 0.654925 0.164742 0.653603 0.166111 0.655101 0.166495 0.659344
0 0.172208 0.692084 0.172068 0.689787 0.171450 0.688962 0.169869 0.687342 0.165575 0.685757 0.163791 0.681507 0.160830 0.681507 0.158754 0.683952 0.159483 0.687899 0.163505 0.692451 0.168632 0.694584 0.170356 0.694234 0.172068 0.692762
0 0.312050 0.664587 0.308885 0.659485 0.307102 0.659297 0.303667 0.661162 0.303667 0.663301 0.307085 0.669297 0.309768 0.668643 0.311910 0.665264
0 0.300886 0.596229 0.300155 0.594764 0.295193 0.590746 0.293752 0.591317 0.291581 0.595073 0.291653 0.596906 0.293018 0.599875 0.294327 0.600855 0.295188 0.602865 0.297133 0.603723 0.299237 0.601790 0.300745 0.596906
0 0.625787 0.509621 0.622382 0.515700 0.619929 0.518200 0.617979 0.518580 0.615942 0.517123 0.613200 0.512122 0.612338 0.509136 0.612479 0.507305 0.615740 0.504304 0.618844 0.503924 0.624979 0.505650 0.625928 0.508944
0 0.583795 0.358315 0.583795 0.348456 0.583094 0.345760 0.581197 0.343988 0.579388 0.343528 0.574553 0.344494 0.572736 0.341808 0.571282 0.340968 0.567199 0.341713 0.566367 0.342727 0.566191 0.345079 0.564844 0.347036 0.562648 0.347306 0.561888 0.348320 0.561116 0.350447 0.561045 0.354597 0.557764 0.359317 0.557632 0.365224 0.557031 0.365625 0.554796 0.361869 0.555354 0.357094 0.554604 0.355376 0.553065 0.355105 0.551447 0.356119 0.547656 0.360417 0.545312 0.364583 0.539844 0.364583 0.538235 0.361808 0.538235 0.358687 0.537236 0.355468 0.534937 0.351660 0.533160 0.351389 0.529870 0.353146 0.527811 0.355893 0.527130 0.359324 0.528125 0.362889 0.528125 0.366667 0.525000 0.371875 0.525416 0.387881 0.524975 0.392267 0.524030 0.393740 0.522502 0.393956 0.519531 0.397917 0.519531 0.398958 0.522835 0.405126 0.524034 0.406143 0.524342 0.408734 0.523669 0.416545 0.522705 0.417900 0.521220 0.417900 0.518179 0.414487 0.516406 0.413542 0.510156 0.429167 0.510156 0.442381 0.512183 0.445596 0.511499 0.452086 0.512249 0.453805 0.517945 0.454433 0.520748 0.455645 0.522881 0.454233 0.524219 0.452083 0.533594 0.451042 0.543096 0.462881 0.542179 0.468043 0.543150 0.471386 0.544541 0.473446 0.550527 0.477846 0.552728 0.478833 0.554621 0.478460 0.555936 0.476401 0.555936 0.473091 0.553854 0.469497 0.549104 0.467462 0.548872 0.466738 0.551781 0.464952 0.554681 0.459754 0.553863 0.455285 0.550000 0.444792 0.550843 0.441585 0.555720 0.440496 0.559375 0.434375 0.563421 0.434668 0.565247 0.431320 0.569066 0.428186 0.572371 0.427268 0.575693 0.424596 0.575346 0.420674 0.566979 0.403972 0.565704 0.400232 0.565943 0.397680 0.567025 0.392925 0.575862 0.387370 0.577125 0.385686 0.577806 0.382997 0.577727 0.376522 0.576200 0.369627 0.576450 0.368469 0.578041 0.364905 0.581979 0.362783 0.583592 0.359305
0 0.565246 0.559394 0.564769 0.554324 0.563423 0.553026 0.562419 0.548932 0.561130 0.547932 0.559295 0.548567 0.556398 0.551336 0.554221 0.555794 0.550164 0.555063 0.547656 0.557292 0.546875 0.562500 0.548438 0.565625 0.560156 0.565625 0.564063 0.562500 0.565191 0.559661
0 0.628193 0.607926 0.627990 0.606486 0.626620 0.604879 0.624219 0.596875 0.616406 0.591667 0.614062 0.588542 0.611719 0.580208 0.608594 0.576042 0.602415 0.575740 0.595313 0.571875 0.592187 0.573958 0.592348 0.579330 0.591406 0.582292 0.589063 0.586458 0.586398 0.588252 0.585933 0.590916 0.584904 0.592288 0.580934 0.591855 0.578381 0.596603 0.572656 0.596875 0.567187 0.605208 0.568750 0.614583 0.575781 0.621875 0.576375 0.626872 0.576091 0.629550 0.577477 0.630614 0.580954 0.631212 0.587409 0.634921 0.589469 0.633471 0.590906 0.629846 0.597311 0.624687 0.600000 0.619792 0.607031 0.618750 0.613281 0.613542 0.626142 0.613309 0.627894 0.610715 0.628145 0.608161
0 0.432013 0.588284 0.431754 0.586842 0.427461 0.581939 0.421640 0.580884 0.419531 0.577083 0.416817 0.577083 0.410938 0.581383 0.410938 0.585417 0.412932 0.588723 0.414107 0.589088 0.414197 0.593419 0.415252 0.594901 0.417577 0.596001 0.418828 0.595730 0.420200 0.593750 0.426563 0.593750 0.430302 0.592339 0.431471 0.590856 0.431957 0.588560
0 0.404280 0.545097 0.403649 0.542493 0.401790 0.541113 0.397522 0.541574 0.395871 0.545057 0.396192 0.549268 0.398585 0.551883 0.401927 0.550330 0.404244 0.545271
0 0.368537 0.584428 0.368155 0.581173 0.367251 0.579967 0.364425 0.579848 0.362626 0.581888 0.362715 0.585656 0.364783 0.588293 0.366625 0.588174 0.368334 0.585418
0 0.363171 0.593014 0.362879 0.590116 0.359444 0.587328 0.356913 0.589029 0.354309 0.593455 0.354309 0.595911 0.355124 0.596998 0.359086 0.599177 0.361448 0.596984 0.363082 0.593450
0 0.450725 0.753416 0.448337 0.757501 0.445814 0.757854 0.443906 0.757174 0.442254 0.755299 0.441333 0.752843 0.441394 0.746444 0.442555 0.744159 0.444039 0.744159 0.450056 0.749807 0.450928 0.752426
0 0.516836 0.802106 0.516086 0.800220 0.510248 0.796426 0.507701 0.799607 0.507826 0.803935 0.509883 0.806593 0.511129 0.806864 0.513366 0.805186 0.515142 0.804916 0.516632 0.803096
0 0.383077 0.721686 0.379823 0.724530 0.377100 0.724582 0.375770 0.721780 0.376476 0.717283 0.380891 0.712531 0.382375 0.712531 0.383125 0.714301 0.382004 0.716828 0.382922 0.718005 0.383280 0.720697
0 0.487664 0.457980 0.486625 0.455106 0.484439 0.453680 0.482831 0.454528 0.478615 0.460290 0.479365 0.462009 0.481262 0.463050 0.483016 0.461510 0.486481 0.460276 0.487461 0.458969
0 0.439811 0.524042 0.437704 0.527044 0.436924 0.531166 0.434768 0.533128 0.433015 0.532857 0.432035 0.531551 0.430966 0.526518 0.431169 0.524951 0.432582 0.522874 0.436790 0.520678 0.439265 0.521334 0.440015 0.523053
0 0.935695 0.562952 0.935367 0.560305 0.929690 0.552924 0.928660 0.549104 0.924205 0.546095 0.922832 0.546936 0.917998 0.555409 0.919309 0.560721 0.921884 0.565237 0.923764 0.566033 0.927558 0.564678 0.927811 0.569663 0.929963 0.571046 0.931099 0.570205 0.932672 0.566779 0.935333 0.564605 0.935695 0.562952
0 0.967972 0.420702 0.967640 0.417975 0.966340 0.415782 0.964571 0.414605 0.963085 0.415404 0.960537 0.420454 0.959447 0.426579 0.959641 0.428479 0.962298 0.430472 0.964825 0.429937 0.966814 0.427744 0.967628 0.425477 0.967972 0.420702
0 0.620724 0.540763 0.619731 0.538141 0.615123 0.534571 0.612216 0.535022 0.611117 0.537077 0.611242 0.540527 0.613811 0.544662 0.614804 0.545396 0.617817 0.544803 0.620724 0.540763
0 0.659431 0.540480 0.659306 0.538731 0.657871 0.537407 0.653050 0.538850 0.652076 0.540432 0.652182 0.542938 0.653405 0.543836 0.656488 0.543978 0.658651 0.543669 0.659431 0.540480
0 0.831798 0.664217 0.830118 0.668481 0.831267 0.670641 0.830762 0.671880 0.829240 0.672047 0.826968 0.670574 0.824971 0.673294 0.823450 0.673992 0.822016 0.673589 0.821208 0.671888 0.819401 0.670444 0.817294 0.670957 0.815683 0.672415 0.811204 0.670922 0.810707 0.667821 0.808914 0.665867 0.812248 0.658911 0.813205 0.658905 0.814262 0.660491 0.816908 0.660855 0.822300 0.659215 0.824630 0.661044 0.824755 0.663047 0.825552 0.663662 0.826896 0.663662 0.828355 0.660714 0.829815 0.659687 0.831673 0.662306 0.831798 0.664217
0 0.878642 0.662563 0.877737 0.660909 0.875307 0.659681 0.873459 0.656836 0.872662 0.657451 0.871649 0.661261 0.872288 0.663034 0.876389 0.665450 0.878642 0.662563
0 0.967052 0.839232 0.965276 0.842461 0.961179 0.845000 0.958629 0.843802 0.957133 0.841910 0.957162 0.837375 0.958680 0.833563 0.959941 0.832639 0.962959 0.832639 0.965999 0.834182 0.967053 0.839232
0 0.899627 0.752387 0.899307 0.754001 0.896983 0.756849 0.894144 0.758111 0.891924 0.756340 0.891604 0.754725 0.891924 0.752693 0.892870 0.751433 0.897088 0.748834 0.899182 0.750438 0.899627 0.752387
0 0.901248 0.775818 0.900045 0.773026 0.895448 0.772802 0.892936 0.774710 0.892159 0.777492 0.892669 0.780426 0.894763 0.782030 0.898371 0.780030 0.900928 0.777432
0 0.899661 0.792008 0.897109 0.795496 0.894045 0.795496 0.892778 0.792619 0.892905 0.787666 0.894999 0.786062 0.897815 0.787088 0.899661 0.788779 0.899981 0.790394
0 0.828269 0.803981 0.827777 0.797755 0.824924 0.797755 0.822958 0.800087 0.821771 0.805746 0.822204 0.811811 0.823608 0.815014 0.825357 0.814363 0.826861 0.811924 0.828048 0.804276
0 0.805038 0.795241 0.804624 0.797104 0.801921 0.799715 0.798284 0.806676 0.797215 0.808102 0.794979 0.808902 0.793768 0.808475 0.792512 0.806552 0.791632 0.801705 0.791439 0.794555 0.790234 0.791760 0.791389 0.789032 0.791486 0.786292 0.793580 0.784688 0.799464 0.787920 0.802716 0.788098 0.804624 0.791264 0.805038 0.795241
0 0.803115 0.787220 0.801361 0.779828 0.800292 0.778402 0.798149 0.777850 0.795868 0.779579 0.795086 0.784390 0.798946 0.787049 0.803091 0.787228
0 0.790330 0.830346 0.789741 0.832680 0.788386 0.834486 0.786366 0.835093 0.784885 0.834396 0.781373 0.829264 0.780514 0.824683 0.780834 0.822080 0.782391 0.818836 0.783602 0.818409 0.786633 0.820633 0.788932 0.824058 0.790331 0.830346
0 0.686970 0.858436 0.686650 0.856822 0.685128 0.855067 0.683886 0.849606 0.681101 0.847388 0.679315 0.847969 0.677971 0.849760 0.675578 0.855673 0.676897 0.858772 0.680006 0.860921 0.684556 0.861656 0.686650 0.860051
0 0.671886 0.824815 0.670530 0.820744 0.667745 0.818525 0.663310 0.820795 0.662197 0.822126 0.662312 0.826122 0.663655 0.827914 0.665097 0.828494 0.668090 0.827379 0.669472 0.828034 0.670683 0.827607 0.671886 0.824815
0 0.618485 0.832110 0.616180 0.835643 0.616182 0.840247 0.613973 0.842004 0.611880 0.840400 0.610638 0.833412 0.610958 0.831798 0.612417 0.829853 0.615180 0.827704 0.617602 0.827704 0.618805 0.830495
0 0.819751 0.738993 0.817596 0.736130 0.816181 0.731088 0.814219 0.731247 0.811403 0.734524 0.811881 0.740007 0.813947 0.741510 0.814150 0.744626 0.814936 0.745833 0.817256 0.745673 0.819548 0.739983
0 0.777052 0.752307 0.776849 0.750358 0.771550 0.744696 0.767723 0.745104 0.766354 0.746930 0.764709 0.752140 0.764709 0.756175 0.768363 0.760191 0.772498 0.758961 0.776849 0.753296
0 0.773257 0.766709 0.772560 0.767538 0.770218 0.767863 0.769262 0.769836 0.768108 0.770606 0.766616 0.768617 0.767269 0.765029 0.768228 0.763601 0.770694 0.762830 0.772672 0.763800 0.773460 0.765719
0 0.796884 0.737003 0.794478 0.740918 0.792374 0.741154 0.791536 0.739318 0.791447 0.734639 0.789942 0.732355 0.791435 0.730365 0.795629 0.731108 0.796884 0.733372 0.797087 0.736013
0 0.815386 0.698314 0.813675 0.702269 0.811256 0.704658 0.809682 0.704658 0.808508 0.702615 0.806960 0.695652 0.807253 0.692393 0.808875 0.689513 0.814212 0.688319 0.814759 0.691027 0.811844 0.692624 0.812478 0.694618 0.814481 0.695009 0.815590 0.697325
0 0.762063 0.682693 0.761860 0.681499 0.760571 0.680499 0.757992 0.681178 0.756833 0.682723 0.756986 0.688171 0.758734 0.689987 0.760395 0.689717 0.761095 0.688783 0.761860 0.683682
0 0.626953 0.629628 0.626618 0.626882 0.625017 0.624924 0.621641 0.624477 0.619034 0.626180 0.619553 0.628851 0.619226 0.631385 0.621042 0.634330 0.624206 0.634202 0.626821 0.630270
0 0.666523 0.672600 0.666239 0.670746 0.664336 0.667427 0.662837 0.661459 0.660104 0.657598 0.653530 0.655599 0.652241 0.656599 0.651431 0.658435 0.651431 0.661386 0.652940 0.662494 0.654225 0.665077 0.650418 0.674436 0.651168 0.676155 0.652939 0.677113 0.654732 0.682202 0.657350 0.682526 0.659020 0.680083 0.666320 0.673590
0 0.667489 0.655462 0.664189 0.658351 0.661323 0.658457 0.655092 0.655183 0.652788 0.655608 0.651489 0.657263 0.650823 0.660335 0.651448 0.662273 0.650672 0.662727 0.646366 0.660974 0.645616 0.659255 0.646366 0.657536 0.648142 0.656628 0.648682 0.654835 0.649029 0.651912 0.648046 0.649227 0.648307 0.647929 0.650406 0.646003 0.653253 0.647067 0.652327 0.644059 0.653542 0.639734 0.653195 0.637733 0.654003 0.635938 0.655150 0.635204 0.656586 0.635552 0.659968 0.641064 0.659912 0.644229 0.662015 0.645001 0.663828 0.644306 0.665464 0.645769 0.666419 0.650630 0.667489 0.651940 0.667692 0.654472
0 0.697575 0.613291 0.695849 0.615592 0.695074 0.619483 0.691761 0.622547 0.690185 0.621800 0.687495 0.618689 0.687614 0.613534 0.689326 0.610707 0.689947 0.608201 0.693484 0.607930 0.694857 0.606819 0.696146 0.607819 0.696258 0.609407 0.697456 0.610676 0.697778 0.612301
0 0.476090 0.394239 0.474322 0.387999 0.470238 0.387999 0.467882 0.390386 0.467882 0.392817 0.471368 0.398671 0.474209 0.398520 0.475886 0.395229
0 0.917968 0.494003 0.921755 0.495265 0.934063 0.495265 0.940217 0.500314 0.944951 0.505364 0.947318 0.510413 0.947791 0.512938 0.949211 0.513569 0.949685 0.518618 0.950631 0.519249 0.950631 0.525561 0.948264 0.533135 0.943531 0.540078 0.942111 0.540078 0.942111 0.540709 0.940690 0.540709 0.937377 0.542603 0.935483 0.542603 0.932170 0.544496 0.923649 0.543865 0.919389 0.539447 0.918442 0.539447 0.915128 0.535660 0.914181 0.531873 0.910868 0.527455 0.909448 0.526192 0.908027 0.526192 0.908027 0.525561 0.905187 0.525561 0.905187 0.524930 0.902820 0.523668 0.899507 0.517356 0.899033 0.514200 0.897613 0.512938 0.896666 0.509782 0.896666 0.505995 0.897140 0.505364 0.898560 0.505364 0.899507 0.504101 0.901874 0.503470 0.908974 0.496528 0.913708 0.495265
0 0.607780 0.438752 0.602030 0.445142 0.598675 0.445142 0.596758 0.442586 0.596758 0.438114 0.595321 0.432363 0.586695 0.433002 0.584778 0.423418 0.583820 0.422140 0.583820 0.419584 0.581903 0.417668 0.579028 0.411278 0.577590 0.410000 0.577111 0.406806 0.576632 0.406806 0.576632 0.404889 0.577590 0.402972 0.581903 0.400416 0.581903 0.385721 0.583820 0.385082 0.585737 0.383165 0.590529 0.383165 0.594842 0.386360 0.596758 0.386360 0.597238 0.387638 0.600113 0.387638 0.600592 0.388276 0.609697 0.388276 0.610176 0.387638 0.618323 0.388276 0.623594 0.395305 0.627907 0.397860 0.628386 0.399138 0.631740 0.399777 0.638449 0.406806 0.644200 0.415112 0.644200 0.416390 0.646116 0.418945 0.647075 0.422779 0.650908 0.429168 0.651388 0.431085 0.655700 0.435558 0.657617 0.440030 0.665284 0.440030 0.664805 0.445781 0.662409 0.450892 0.660972 0.452170 0.660492 0.458559 0.659534 0.459837 0.659534 0.471977 0.657617 0.474533 0.655221 0.475172 0.654263 0.477089 0.652825 0.477728 0.651388 0.479644 0.649950 0.479644 0.644679 0.482200 0.639408 0.482200 0.637011 0.479006 0.634136 0.471338 0.634136 0.456004 0.632699 0.454087 0.632699 0.452170 0.630782 0.448336 0.629823 0.443864 0.629344 0.443225 0.625511 0.443225 0.622635 0.441308 0.619281 0.441308 0.618323 0.440030 0.616406 0.439391 0.616406 0.438752 0.612093 0.438752
0 0.605384 0.475172 0.600592 0.477728 0.599634 0.479006 0.599634 0.480922 0.598196 0.482200 0.597717 0.484117 0.594362 0.486673 0.584778 0.487312 0.582382 0.485395 0.581903 0.484117 0.580466 0.483478 0.578549 0.480922 0.578070 0.479006 0.578070 0.476450 0.580945 0.473894 0.582382 0.471977 0.582862 0.470060 0.583820 0.470060 0.585258 0.466227 0.585258 0.461754 0.585737 0.461115 0.588133 0.461115 0.590529 0.460476 0.591487 0.459198 0.592925 0.459198 0.600113 0.463032 0.603467 0.463032 0.604905 0.464310 0.604905 0.470060
0 0.635574 0.499451 0.629823 0.496896 0.627907 0.494979 0.625990 0.490506 0.619281 0.490506 0.618323 0.491784 0.615927 0.491784 0.614489 0.487312 0.614010 0.481561 0.614968 0.480283 0.614968 0.476450 0.616885 0.467505 0.617843 0.466227 0.619760 0.466227 0.620719 0.464949 0.623594 0.464310 0.624073 0.463032 0.628386 0.463671 0.630303 0.466227 0.634615 0.475172 0.635574 0.475172 0.636532 0.476450 0.640845 0.477089 0.641324 0.478367 0.643241 0.479006 0.644200 0.493701 0.642762 0.495618 0.639408 0.497535
0 0.611135 0.480283 0.606343 0.481561 0.602509 0.481561 0.600113 0.475811 0.600113 0.474533 0.597717 0.471338 0.596758 0.471338 0.595321 0.468144 0.593883 0.466866 0.592925 0.464310 0.592925 0.462393 0.591487 0.459198 0.587174 0.456004 0.584778 0.456004 0.581424 0.451531 0.580945 0.447698 0.579986 0.446420 0.579986 0.441308 0.579028 0.440030 0.578549 0.434919 0.576153 0.425335 0.575674 0.425335 0.575674 0.423418 0.575194 0.423418 0.574715 0.420862 0.570881 0.415751 0.570881 0.413834 0.568485 0.410639 0.567048 0.406167 0.567527 0.401055 0.569923 0.397860 0.572319 0.390193 0.577590 0.385721 0.579986 0.385082 0.580466 0.383804 0.591008 0.383804 0.595321 0.384443 0.596758 0.385721 0.604905 0.386360 0.605863 0.387638 0.607301 0.387638 0.607301 0.388276 0.610176 0.390193 0.614489 0.392110 0.625031 0.392749 0.628386 0.395944 0.633657 0.402972 0.635574 0.403611 0.640845 0.411278 0.646596 0.417029 0.648992 0.420223 0.649471 0.422140 0.651867 0.424057 0.652825 0.427252 0.656659 0.432363 0.656659 0.433641 0.658096 0.436197 0.661930 0.440669 0.663368 0.441308 0.663847 0.448336 0.662409 0.454087 0.661930 0.475811 0.661451 0.477089 0.658576 0.477728 0.657138 0.479006 0.655221 0.479006 0.652346 0.480922 0.649471 0.484117 0.643241 0.484756 0.637970 0.479644 0.634615 0.473894 0.632699 0.468144 0.629823 0.468144 0.629823 0.467505 0.622156 0.467505 0.621677 0.468782 0.620239 0.468782 0.620239 0.469421 0.617364 0.470699 0.616406 0.473255 0.614010 0.476450
0 0.910394 0.474437 0.906134 0.475068 0.903767 0.476330 0.902347 0.479486 0.896666 0.485798 0.892879 0.485798 0.889092 0.482011 0.887199 0.477593 0.887199 0.471281 0.889566 0.469387 0.890039 0.458657 0.892406 0.455502 0.894300 0.454239 0.899507 0.454239 0.903767 0.456764 0.906134 0.458657 0.906607 0.459920 0.909921 0.459920 0.910868 0.469387
0 0.915128 0.488953 0.911814 0.484535 0.910394 0.480748 0.910394 0.465600 0.908974 0.458026 0.907554 0.455502 0.907554 0.452977 0.906607 0.451715 0.906607 0.435935 0.905661 0.430255 0.904714 0.428361 0.904714 0.421419 0.905661 0.421419 0.906134 0.420156 0.909448 0.419525 0.911341 0.415738 0.915601 0.411320 0.918915 0.414476 0.919389 0.415738 0.921282 0.415738 0.922702 0.414476 0.929803 0.412582 0.931696 0.410689 0.934063 0.410689 0.935010 0.409426 0.938797 0.409426 0.941164 0.412582 0.943531 0.417000 0.943531 0.418894 0.944004 0.418894 0.944477 0.441616 0.941637 0.448559 0.941637 0.454870 0.940690 0.459289 0.940217 0.468125 0.940217 0.478855 0.939270 0.479486 0.939270 0.481379 0.937850 0.483904 0.936903 0.490847 0.934536 0.494634 0.930750 0.497790 0.927909 0.498421 0.927436 0.499683 0.919389 0.499683 0.917968 0.499052 0.916075 0.496528 0.915601 0.494003
0 0.440901 0.302161 0.440901 0.298347 0.440240 0.295374 0.439236 0.294034 0.437751 0.294034 0.435717 0.298273 0.435717 0.300710 0.438095 0.305559 0.439579 0.305559 0.440698 0.303151
0 0.685824 0.279437 0.684798 0.277350 0.678264 0.275976 0.676772 0.277966 0.678211 0.280420 0.682263 0.282346 0.683971 0.282075 0.685621 0.280427
0 0.132415 0.775486 0.126457 0.772431 0.125083 0.770598 0.125541 0.762654 0.127832 0.758988 0.130582 0.758377 0.132415 0.756544 0.139289 0.756544 0.141122 0.758377 0.142497 0.761432 0.143871 0.765098 0.143871 0.767542 0.144788 0.768153 0.144788 0.769987 0.145246 0.770598 0.147996 0.771820 0.146621 0.776708 0.146621 0.779152 0.145246 0.781596 0.143413 0.781596 0.141580 0.782207 0.141580 0.782818 0.137456 0.782818 0.135164 0.779763
0 0.296899 0.217551 0.294532 0.230806 0.289799 0.231437 0.285538 0.233331 0.279384 0.233331 0.277964 0.232699 0.277964 0.232068 0.276544 0.232068 0.274651 0.229544 0.274651 0.217551 0.277018 0.213764 0.282225 0.213133 0.283645 0.211240 0.284592 0.211240 0.285065 0.209977 0.295479 0.203034 0.296899 0.205559 0.297846 0.212502
0 0.607904 0.335889 0.607016 0.333987 0.605326 0.333037 0.604533 0.331596 0.603049 0.331596 0.602088 0.333429 0.602299 0.342158 0.601471 0.344348 0.602359 0.346250 0.603844 0.346250 0.606183 0.343499 0.606249 0.338815 0.607700 0.336879
0 0.598322 0.333201 0.596943 0.336695 0.595103 0.337879 0.592430 0.336505 0.589611 0.332395 0.591331 0.328831 0.592896 0.327464 0.596396 0.327918 0.598322 0.330302 0.598526 0.332212
0 0.900339 0.006376 0.900136 0.004814 0.897129 0.002254 0.896299 0.000461 0.893840 0.000381 0.892551 0.001381 0.892634 0.006185 0.893670 0.008667 0.898275 0.008938 0.900136 0.007366
0 0.963711 0.080142 0.957754 0.075254 0.953171 0.068532 0.950880 0.061200 0.950422 0.052646 0.950880 0.051424 0.954546 0.052035 0.955921 0.053868 0.957296 0.053868 0.960962 0.056923 0.962337 0.056923 0.965086 0.058756 0.972418 0.065477 0.980209 0.080142 0.980209 0.085030 0.978376 0.085641 0.977918 0.086863 0.976085 0.086863 0.976085 0.087474 0.971044 0.087474 0.969211 0.086252 0.966919 0.082586
0 0.806269 0.050775 0.806066 0.047049 0.804786 0.044561 0.801689 0.044169 0.799089 0.047440 0.798593 0.054099 0.799343 0.056599 0.803760 0.056208 0.806066 0.051765
0 0.688079 0.123006 0.687643 0.119067 0.684025 0.117270 0.681624 0.115001 0.679121 0.110887 0.677404 0.110887 0.676042 0.112703 0.675839 0.114624 0.676566 0.117166 0.679765 0.121002 0.680496 0.122875 0.679122 0.128519 0.684243 0.128855 0.687235 0.126401 0.688020 0.123290
0 0.694919 0.124151 0.693790 0.126121 0.689744 0.126199 0.688179 0.122385 0.688441 0.119843 0.690617 0.117794 0.692800 0.117794 0.694860 0.121007 0.695122 0.123161
0 0.258787 0.629067 0.258105 0.626555 0.254818 0.623620 0.252681 0.620102 0.251672 0.619803 0.250706 0.620713 0.249781 0.626198 0.247785 0.629392 0.247785 0.631080 0.251172 0.636329 0.255768 0.634806 0.258647 0.629744
0 0.773820 0.187099 0.773617 0.184916 0.771678 0.179813 0.770095 0.179813 0.766267 0.183856 0.766267 0.188884 0.768603 0.191866 0.771082 0.191866 0.773617 0.188088
0 0.712989 0.003616 0.710963 0.008009 0.709161 0.008150 0.707240 0.005025 0.707346 0.000087 0.711958 0.000000 0.713192 0.002627
0 0.719428 0.041801 0.718168 0.034471 0.717005 0.031793 0.714659 0.030371 0.713494 0.031064 0.712744 0.032783 0.713370 0.039268 0.717088 0.044366 0.718572 0.044366 0.719322 0.042365
0 0.924116 0.271404 0.923913 0.266403 0.922022 0.265002 0.919776 0.265272 0.918326 0.269612 0.918326 0.271992 0.920377 0.273925 0.922764 0.273925 0.923913 0.272393
0 0.971650 0.156279 0.970599 0.154159 0.969115 0.154159 0.967310 0.155764 0.965258 0.159301 0.965258 0.162082 0.966548 0.163082 0.969696 0.160806 0.971447 0.157269
0 1.000000 0.074837 0.999966 0.082149 0.993538 0.076641 0.991831 0.070838 0.992034 0.066238 0.992882 0.064306 0.995288 0.061899 0.998879 0.061899 1.000000 0.063727 1.000000 0.074697
0 0.003817 0.171618 0.002789 0.167669 0.001210 0.167398 0.000000 0.169041 0.000031 0.174636 0.000653 0.175465 0.003614 0.172607
