0 0.142969 0.000000 0.159375 0.000000 0.160156 0.000000 0.163281 0.006250 0.163281 0.007292 0.170313 0.015625 0.171094 0.016667 0.178906 0.039583 0.179688 0.040625 0.179688 0.054167 0.179688 0.055208 0.175000 0.065625 0.174219 0.066667 0.164062 0.065625 0.163281 0.065625 0.155469 0.061458 0.154688 0.061458 0.147656 0.054167 0.146875 0.053125 0.139063 0.052083 0.138281 0.052083 0.137500 0.043750 0.137500 0.042708 0.138281 0.039583 0.139063 0.038542 0.139844 0.029167 0.139844 0.028125 0.142969 0.020833 0.143750 0.019792 0.142969 0.011458 0.142187 0.010417 0.142969 0.000000
0 0.343750 0.125000 0.346094 0.125000 0.346875 0.125000 0.353125 0.130208 0.353906 0.130208 0.357812 0.137500 0.357812 0.138542 0.366406 0.147917 0.367188 0.148958 0.377344 0.165625 0.378125 0.166667 0.382031 0.179167 0.382031 0.180208 0.385937 0.188542 0.386719 0.189583 0.393750 0.209375 0.393750 0.210417 0.396875 0.215625 0.397656 0.216667 0.404687 0.237500 0.405469 0.238542 0.407031 0.250000 0.407031 0.251042 0.410156 0.256250 0.410938 0.257292 0.410938 0.260417 0.410938 0.261458 0.408594 0.266667 0.407813 0.267708 0.404687 0.268750 0.403906 0.268750 0.400781 0.264583 0.400000 0.263542 0.394531 0.250000 0.394531 0.248958 0.390625 0.243750 0.389844 0.242708 0.383594 0.230208 0.382812 0.229167 0.377344 0.214583 0.377344 0.213542 0.370312 0.202083 0.370312 0.201042 0.360938 0.191667 0.360156 0.190625 0.357812 0.179167 0.357812 0.178125 0.351562 0.166667 0.350781 0.165625 0.348438 0.157292 0.348438 0.156250 0.331250 0.133333 0.330469 0.132292 0.330469 0.129167 0.330469 0.128125 0.333594 0.128125 0.334375 0.128125 0.337500 0.132292 0.338281 0.132292 0.343750 0.125000
0 0.133594 0.621875 0.137500 0.622917 0.138281 0.623958 0.137500 0.640625 0.137500 0.641667 0.135156 0.645833 0.134375 0.646875 0.131250 0.647917 0.130469 0.647917 0.125781 0.644792 0.125000 0.643750 0.125000 0.637500 0.125000 0.636458 0.128125 0.628125 0.128125 0.627083 0.133594 0.621875
0 0.552344 0.602083 0.560937 0.603125 0.561719 0.603125 0.566406 0.607292 0.567187 0.608333 0.567187 0.614583 0.567187 0.615625 0.571094 0.632292 0.571875 0.633333 0.571875 0.638542 0.571875 0.639583 0.560937 0.648958 0.560156 0.650000 0.557813 0.648958 0.557031 0.648958 0.551562 0.638542 0.550781 0.637500 0.547656 0.618750 0.546875 0.617708 0.546875 0.610417 0.546875 0.609375 0.552344 0.602083
0 0.636719 0.553125 0.638281 0.553125 0.639062 0.553125 0.646094 0.559375 0.646875 0.560417 0.647656 0.567708 0.647656 0.568750 0.648438 0.570833 0.649219 0.571875 0.651563 0.572917 0.652344 0.573958 0.652344 0.580208 0.652344 0.581250 0.647656 0.588542 0.646875 0.589583 0.646875 0.595833 0.646094 0.596875 0.637500 0.602083 0.636719 0.603125 0.634375 0.603125 0.633594 0.603125 0.632031 0.601042 0.631250 0.600000 0.632031 0.596875 0.632031 0.595833 0.640625 0.586458 0.641406 0.585417 0.641406 0.582292 0.641406 0.581250 0.639062 0.578125 0.638281 0.577083 0.631250 0.577083 0.630469 0.577083 0.626563 0.579167 0.625781 0.579167 0.623437 0.578125 0.622656 0.577083 0.622656 0.572917 0.622656 0.571875 0.631250 0.565625 0.632031 0.565625 0.633594 0.563542 0.634375 0.562500 0.635156 0.556250 0.635156 0.555208 0.636719 0.553125
0 0.684375 0.513542 0.688281 0.513542 0.689063 0.513542 0.690625 0.517708 0.690625 0.518750 0.689844 0.519792 0.689063 0.520833 0.685156 0.519792 0.684375 0.519792 0.683594 0.518750 0.682813 0.517708 0.684375 0.513542
0 0.750000 0.541667 0.753906 0.542708 0.754687 0.542708 0.757031 0.547917 0.757031 0.548958 0.751563 0.548958 0.750781 0.548958 0.750000 0.546875 0.749219 0.545833 0.750000 0.541667
0 0.505469 0.142708 0.508594 0.142708 0.509375 0.142708 0.510156 0.143750 0.510938 0.144792 0.510938 0.147917 0.510938 0.148958 0.508594 0.152083 0.507812 0.153125 0.501563 0.155208 0.500781 0.155208 0.500000 0.153125 0.500000 0.152083 0.505469 0.142708
0 0.564844 0.376042 0.567969 0.376042 0.568750 0.376042 0.571094 0.378125 0.571875 0.378125 0.573438 0.381250 0.574219 0.382292 0.574219 0.385417 0.575000 0.386458 0.572656 0.391667 0.571875 0.392708 0.565625 0.396875 0.564844 0.397917 0.559375 0.416667 0.558594 0.417708 0.562500 0.435417 0.562500 0.436458 0.558594 0.446875 0.557813 0.447917 0.558594 0.469792 0.558594 0.470833 0.555469 0.475000 0.554688 0.476042 0.554688 0.478125 0.553906 0.479167 0.556250 0.512500 0.557031 0.513542 0.556250 0.521875 0.556250 0.522917 0.557813 0.526042 0.558594 0.527083 0.558594 0.530208 0.558594 0.531250 0.554688 0.543750 0.554688 0.544792 0.548438 0.558333 0.548438 0.559375 0.541406 0.567708 0.540625 0.568750 0.537500 0.569792 0.536719 0.569792 0.533594 0.565625 0.532813 0.564583 0.526563 0.560417 0.525781 0.560417 0.517188 0.550000 0.516406 0.550000 0.508594 0.532292 0.507812 0.531250 0.507812 0.514583 0.507812 0.513542 0.512500 0.491667 0.513281 0.490625 0.514062 0.481250 0.514062 0.480208 0.509375 0.468750 0.508594 0.467708 0.506250 0.455208 0.506250 0.454167 0.501563 0.446875 0.500781 0.445833 0.494531 0.439583 0.493750 0.438542 0.493750 0.430208 0.493750 0.429167 0.501563 0.414583 0.501563 0.413542 0.505469 0.409375 0.505469 0.408333 0.510938 0.405208 0.511719 0.405208 0.518750 0.394792 0.519531 0.393750 0.531250 0.388542 0.532031 0.388542 0.536719 0.382292 0.537500 0.381250 0.542969 0.379167 0.543750 0.378125 0.558594 0.378125 0.559375 0.378125 0.564844 0.376042
0 0.548438 0.377083 0.568750 0.377083 0.569531 0.377083 0.572656 0.380208 0.573438 0.381250 0.574219 0.387500 0.574219 0.388542 0.565625 0.397917 0.564844 0.398958 0.560156 0.414583 0.559375 0.415625 0.559375 0.420833 0.559375 0.421875 0.561719 0.433333 0.562500 0.434375 0.558594 0.447917 0.557813 0.448958 0.558594 0.467708 0.558594 0.468750 0.555469 0.475000 0.554688 0.476042 0.554688 0.498958 0.554688 0.500000 0.555469 0.505208 0.556250 0.506250 0.556250 0.521875 0.556250 0.522917 0.558594 0.529167 0.558594 0.530208 0.554688 0.543750 0.554688 0.544792 0.550781 0.553125 0.550781 0.554167 0.538281 0.571875 0.537500 0.572917 0.525000 0.577083 0.524219 0.577083 0.521875 0.579167 0.521094 0.580208 0.517188 0.588542 0.516406 0.589583 0.511719 0.593750 0.510938 0.594792 0.507031 0.595833 0.506250 0.595833 0.504687 0.594792 0.503906 0.594792 0.494531 0.582292 0.493750 0.581250 0.488281 0.579167 0.487500 0.579167 0.482031 0.575000 0.481250 0.573958 0.462500 0.575000 0.461719 0.575000 0.456250 0.570833 0.455469 0.569792 0.451562 0.568750 0.450781 0.568750 0.446875 0.570833 0.446094 0.571875 0.435156 0.575000 0.434375 0.575000 0.426563 0.567708 0.425781 0.567708 0.420312 0.560417 0.419531 0.559375 0.412500 0.556250 0.411719 0.555208 0.411719 0.548958 0.411719 0.547917 0.425000 0.529167 0.425000 0.528125 0.432031 0.518750 0.432812 0.517708 0.435937 0.516667 0.436719 0.516667 0.443750 0.506250 0.444531 0.505208 0.450781 0.501042 0.451562 0.501042 0.457031 0.493750 0.457813 0.492708 0.458594 0.487500 0.458594 0.486458 0.457031 0.484375 0.456250 0.483333 0.451562 0.468750 0.450781 0.467708 0.450781 0.462500 0.450781 0.461458 0.451562 0.460417 0.451562 0.459375 0.456250 0.456250 0.457031 0.456250 0.460156 0.450000 0.460156 0.448958 0.455469 0.444792 0.454688 0.443750 0.450000 0.428125 0.449219 0.427083 0.450781 0.415625 0.451562 0.414583 0.451562 0.403125 0.452344 0.402083 0.459375 0.397917 0.460156 0.397917 0.470313 0.386458 0.471094 0.385417 0.484375 0.379167 0.485156 0.378125 0.492188 0.379167 0.492969 0.380208 0.500000 0.379167 0.500781 0.379167 0.512500 0.383333 0.513281 0.384375 0.517969 0.384375 0.518750 0.384375 0.521094 0.389583 0.521875 0.390625 0.525781 0.390625 0.526563 0.390625 0.532031 0.387500 0.532813 0.387500 0.535937 0.383333 0.536719 0.382292 0.540625 0.380208 0.541406 0.379167 0.548438 0.377083
