0 0.887463 0.311710 0.889555 0.312650 0.890510 0.313940 0.891749 0.317313 0.894037 0.321173 0.899332 0.321783 0.898824 0.323787 0.895007 0.326823 0.894337 0.329451 0.891749 0.333118 0.892018 0.336164 0.891136 0.339090 0.889178 0.341020 0.885871 0.346193 0.882075 0.346911 0.880158 0.347894 0.878647 0.349928 0.873993 0.353089 0.871667 0.353520 0.870376 0.354493 0.864868 0.353448 0.863189 0.349432 0.861422 0.348115 0.861727 0.345251 0.861162 0.337859 0.861389 0.335940 0.864320 0.332974 0.865702 0.332303 0.868728 0.329239 0.871728 0.329202 0.873014 0.327945 0.875749 0.326699 0.876659 0.327236 0.877152 0.329962 0.877474 0.325949 0.878527 0.323564 0.879136 0.320618 0.879381 0.315445 0.881269 0.311371
0 0.585156 0.700000 0.587500 0.711458 0.580469 0.721875 0.570312 0.721875 0.567969 0.717708 0.568750 0.705208 0.571875 0.700000 0.578906 0.698958
0 0.399219 0.577083 0.399219 0.591667 0.396094 0.602083 0.392188 0.607292 0.385156 0.607292 0.381250 0.600000 0.381250 0.592708 0.384375 0.582292 0.388281 0.575000 0.394531 0.570833
0 0.228125 0.651042 0.232031 0.657292 0.233594 0.667708 0.232031 0.683333 0.227344 0.690625 0.221094 0.694792 0.215625 0.694792 0.209375 0.704167 0.202344 0.704167 0.200000 0.700000 0.202344 0.684375 0.208594 0.671875 0.213281 0.666667 0.221875 0.651042 0.223438 0.651042
0 0.629687 0.221875 0.635156 0.227083 0.635156 0.237500 0.632812 0.240625 0.639062 0.245833 0.640625 0.256250 0.638281 0.260417 0.631250 0.260417 0.619531 0.251042 0.614844 0.243750 0.616406 0.228125 0.621875 0.221875
0 0.444531 0.351042 0.448437 0.356250 0.450000 0.361458 0.457031 0.371875 0.457031 0.379167 0.452344 0.384375 0.445312 0.384375 0.443750 0.383333 0.433594 0.370833 0.430469 0.362500 0.432031 0.352083 0.438281 0.348958
0 0.307031 0.478125 0.310156 0.481250 0.312500 0.492708 0.316406 0.502083 0.317188 0.507292 0.322656 0.514583 0.322656 0.522917 0.317969 0.527083 0.313281 0.527083 0.305469 0.516667 0.301563 0.504167 0.290625 0.489583 0.290625 0.484375 0.295312 0.479167 0.301563 0.478125
0 0.575000 0.510417 0.578906 0.512500 0.583594 0.517708 0.587500 0.527083 0.587500 0.538542 0.584375 0.550000 0.578906 0.556250 0.568750 0.556250 0.564844 0.552083 0.563281 0.544792 0.553906 0.530208 0.553906 0.522917 0.557813 0.515625 0.561719 0.512500 0.569531 0.510417
0 0.878125 0.678125 0.884375 0.687500 0.884375 0.692708 0.881250 0.695833 0.878906 0.702083 0.873437 0.709375 0.860938 0.719792 0.853906 0.719792 0.853906 0.695833 0.867969 0.678125 0.871875 0.677083
0 0.999219 0.567708 0.999219 0.596875 0.996094 0.601042 0.995313 0.609375 0.990625 0.618750 0.990625 0.620833 0.982031 0.631250 0.982031 0.633333 0.976562 0.637500 0.972656 0.636458 0.975781 0.618750 0.980469 0.602083 0.980469 0.578125 0.984375 0.569792 0.989844 0.566667 0.996094 0.566667 0.996094 0.565625
0 0.812500 0.044792 0.817969 0.047917 0.821094 0.053125 0.821094 0.060417 0.814844 0.072917 0.814844 0.086458 0.809375 0.091667 0.799219 0.091667 0.798438 0.089583 0.798438 0.075000 0.795312 0.072917 0.786719 0.072917 0.782031 0.069792 0.777344 0.063542 0.777344 0.056250 0.779687 0.051042 0.784375 0.050000 0.792969 0.044792 0.798438 0.044792
0 0.482812 0.216667 0.487500 0.220833 0.490625 0.226042 0.495312 0.231250 0.504687 0.243750 0.505469 0.243750 0.517969 0.260417 0.520312 0.262500 0.528906 0.266667 0.538281 0.276042 0.540625 0.283333 0.540625 0.289583 0.538281 0.295833 0.533594 0.294792 0.526563 0.289583 0.521875 0.287500 0.510938 0.285417 0.505469 0.278125 0.503125 0.270833 0.496094 0.260417 0.493750 0.259375 0.484375 0.247917 0.483594 0.243750 0.474219 0.232292 0.474219 0.223958 0.478125 0.216667
0 0.467187 0.048958 0.473438 0.055208 0.476562 0.061458 0.475781 0.072917 0.466406 0.086458 0.456250 0.093750 0.449219 0.097917 0.439844 0.098958 0.434375 0.095833 0.431250 0.090625 0.431250 0.077083 0.433594 0.063542 0.437500 0.060417 0.437500 0.058333 0.442188 0.054167 0.447656 0.051042 0.458594 0.047917
0 0.057813 0.831250 0.060156 0.838542 0.060937 0.853125 0.063281 0.858333 0.063281 0.864583 0.037500 0.864583 0.036719 0.854167 0.042188 0.844792 0.044531 0.835417 0.046875 0.831250 0.050781 0.829167
0 0.382812 0.379167 0.387500 0.379167 0.388281 0.379167 0.390625 0.381250 0.391406 0.381250 0.393750 0.386458 0.394531 0.387500 0.394531 0.392708 0.394531 0.393750 0.397656 0.406250 0.398438 0.407292 0.398438 0.412500 0.398438 0.413542 0.397656 0.415625 0.397656 0.416667 0.392969 0.420833 0.392188 0.421875 0.389062 0.420833 0.388281 0.420833 0.385156 0.417708 0.384375 0.417708 0.380469 0.412500 0.379688 0.411458 0.378906 0.407292 0.378125 0.406250 0.377344 0.388542 0.377344 0.387500 0.378906 0.383333 0.378906 0.382292 0.382812 0.379167
0 0.128906 0.689583 0.139063 0.696875 0.146094 0.697917 0.153125 0.690625 0.157812 0.692708 0.158594 0.695833 0.158594 0.705208 0.154688 0.714583 0.152344 0.723958 0.146875 0.735417 0.141406 0.740625 0.135937 0.748958 0.135937 0.755208 0.141406 0.766667 0.141406 0.773958 0.139844 0.776042 0.134375 0.788542 0.129688 0.793750 0.125000 0.806250 0.118750 0.812500 0.113281 0.812500 0.109375 0.810417 0.104688 0.805208 0.098437 0.793750 0.098437 0.782292 0.100781 0.773958 0.104688 0.763542 0.110937 0.751042 0.114844 0.734375 0.121094 0.718750 0.120313 0.710417 0.118750 0.707292 0.118750 0.694792 0.122656 0.689583 0.124219 0.689583
