0 0.082766 0.154069 0.082735 0.150990 0.082579 0.150493 0.082031 0.150493 0.082031 0.148958 0.078906 0.144792 0.078125 0.144792 0.077897 0.144618 0.075918 0.144618 0.075918 0.143872 0.075421 0.143416 0.075421 0.142731 0.072656 0.140625 0.071875 0.140625 0.069460 0.140088 0.069460 0.139591 0.068465 0.139591 0.068030 0.139343 0.067968 0.138638 0.066312 0.138638 0.066250 0.140834 0.064726 0.142866 0.064704 0.145779 0.063274 0.145779 0.063212 0.146857 0.061733 0.146857 0.060937 0.147917 0.060937 0.149954 0.060094 0.149954 0.060187 0.153116 0.060934 0.153364 0.060934 0.154276 0.061680 0.154276 0.061680 0.155147 0.062454 0.155147 0.062725 0.155508 0.063585 0.155508 0.064020 0.155840 0.064921 0.157001 0.065730 0.158451 0.066507 0.159363 0.067213 0.159375 0.067213 0.160411 0.068870 0.160411 0.068963 0.159375 0.071814 0.159375 0.071814 0.160287 0.071970 0.160411 0.074186 0.160411 0.074963 0.160370 0.074963 0.159375 0.078849 0.159375 0.078849 0.158463 0.079626 0.158463 0.079626 0.157178 0.080528 0.157178 0.080528 0.156183 0.081243 0.156183 0.081243 0.155064 0.081958 0.155064 0.082031 0.154069
0 0.154688 0.129167 0.154674 0.114572 0.153719 0.114572 0.153999 0.112856 0.153830 0.107422 0.153209 0.107422 0.153125 0.106250 0.152344 0.105208 0.149219 0.103125 0.147780 0.101061 0.145694 0.099904 0.145520 0.097546 0.144311 0.095664 0.141444 0.095449 0.138259 0.095879 0.137614 0.096470 0.137211 0.097814 0.136324 0.098352 0.134791 0.105071 0.134284 0.105824 0.132509 0.115550 0.132695 0.119049 0.132534 0.119640 0.131889 0.119747 0.131889 0.120715 0.131567 0.120715 0.128125 0.139583 0.128162 0.144805 0.128695 0.144805 0.129688 0.152083 0.130425 0.153067 0.130425 0.154222 0.131785 0.154222 0.132036 0.155136 0.132992 0.155228 0.134505 0.156489 0.134505 0.157331 0.135122 0.157605 0.135122 0.158245 0.135876 0.158336 0.135876 0.159479 0.136802 0.159479 0.136802 0.160256 0.138458 0.160256 0.138493 0.159342 0.139041 0.159342 0.139041 0.157306 0.140584 0.157285 0.140625 0.155319 0.141407 0.155273 0.141372 0.152074 0.142058 0.152074 0.141992 0.149134 0.142256 0.147959 0.142813 0.147959 0.142950 0.146085 0.143601 0.145811 0.143772 0.144897 0.144458 0.144805 0.144458 0.143278 0.146875 0.141667 0.147607 0.140691 0.150012 0.140188 0.150698 0.136569 0.151652 0.135297 0.152241 0.135297 0.152407 0.134291 0.153029 0.134291 0.153125 0.132292 0.153921 0.132188 0.153921 0.130700
0 0.284304 0.155872 0.284304 0.157078 0.284034 0.157438 0.283764 0.158338 0.283268 0.158639 0.282744 0.158699 0.282640 0.159251 0.282818 0.159251 0.282818 0.161459 0.282226 0.161459 0.282010 0.162612 0.282143 0.163032 0.282188 0.164052 0.282143 0.166921 0.281513 0.167401 0.279667 0.168001 0.277831 0.168001 0.276346 0.166741 0.275671 0.166441 0.275490 0.165732 0.273438 0.163542 0.272686 0.162540 0.271169 0.162540 0.271169 0.162004 0.269714 0.161519 0.268750 0.161458 0.268601 0.161219 0.267523 0.160499 0.266848 0.159299 0.265858 0.158338 0.265363 0.157558 0.264913 0.157138 0.264643 0.156598 0.264238 0.156358 0.264238 0.154400 0.264130 0.154257 0.264813 0.154137 0.264813 0.151929 0.263967 0.151929 0.263967 0.149288 0.264147 0.146768 0.264617 0.146768 0.264844 0.142708 0.267188 0.136458 0.267188 0.135417 0.270313 0.133333 0.277344 0.137500 0.278125 0.137500 0.278906 0.139626 0.279667 0.139626 0.279667 0.141495 0.285156 0.147917 0.285156 0.154167
0 0.419050 0.066084 0.419050 0.063483 0.418658 0.063483 0.418750 0.062500 0.417969 0.061458 0.417187 0.047917 0.416406 0.046875 0.414844 0.038542 0.414049 0.037485 0.414049 0.035500 0.413215 0.035369 0.413215 0.033473 0.412725 0.033277 0.410578 0.033277 0.410578 0.033783 0.410156 0.033333 0.409782 0.033333 0.409782 0.033850 0.409341 0.033981 0.409194 0.034177 0.408360 0.034177 0.408115 0.034831 0.406312 0.034831 0.406312 0.032823 0.403125 0.032292 0.399219 0.036458 0.394531 0.036458 0.393750 0.037500 0.387500 0.040625 0.386719 0.041667 0.382031 0.046875 0.382031 0.047917 0.379688 0.053125 0.379459 0.058122 0.378949 0.058122 0.378949 0.060330 0.379328 0.060396 0.378906 0.067708 0.379688 0.068750 0.379688 0.070833 0.380469 0.071875 0.381793 0.073200 0.381793 0.074845 0.383439 0.074845 0.383608 0.075000 0.383608 0.075891 0.385935 0.075891 0.392238 0.079493 0.392238 0.080534 0.393894 0.080440 0.395313 0.081250 0.400000 0.081250 0.400781 0.082292 0.404105 0.085837 0.404105 0.087791 0.405821 0.087726 0.406018 0.088641 0.407723 0.088641 0.407968 0.087293 0.408371 0.086755 0.408813 0.087268 0.410910 0.087268 0.411253 0.087137 0.411253 0.085699 0.411695 0.085306 0.411695 0.083029 0.417969 0.071838 0.418658 0.071838 0.418707 0.069222 0.418903 0.068634 0.419001 0.066084
0 0.431983 0.228134 0.431983 0.224859 0.431175 0.224707 0.431250 0.223958 0.430469 0.222917 0.428906 0.217708 0.428125 0.216667 0.423241 0.212945 0.423241 0.212593 0.422656 0.212500 0.421184 0.212593 0.421184 0.213542 0.419531 0.213542 0.419412 0.213383 0.419412 0.215868 0.417756 0.215868 0.417699 0.208860 0.417756 0.207336 0.417813 0.207031 0.417927 0.207031 0.417927 0.204288 0.417210 0.204288 0.416406 0.203125 0.415699 0.202916 0.412346 0.202916 0.411241 0.203146 0.411184 0.202688 0.411012 0.202536 0.411012 0.201850 0.407242 0.202003 0.407242 0.204211 0.408328 0.204287 0.409356 0.204592 0.409356 0.205049 0.409585 0.205049 0.409585 0.205887 0.410235 0.206040 0.410156 0.207292 0.410244 0.207641 0.410670 0.208326 0.410784 0.208326 0.410784 0.208784 0.410955 0.208784 0.411127 0.209241 0.411127 0.213811 0.411012 0.214268 0.410498 0.214877 0.410270 0.215411 0.410098 0.217011 0.409298 0.217544 0.409298 0.219677 0.408652 0.219677 0.409012 0.225316 0.409698 0.226002 0.410041 0.226154 0.410270 0.226764 0.410270 0.229429 0.410155 0.230191 0.409812 0.230496 0.409337 0.230648 0.409347 0.230802 0.408785 0.230802 0.408785 0.233010 0.410099 0.233010 0.409985 0.233011 0.409985 0.235220 0.411470 0.235220 0.411470 0.236286 0.413584 0.236363 0.413584 0.235417 0.417756 0.235526 0.417985 0.234307 0.419641 0.234307 0.419641 0.239334 0.420270 0.239334 0.420270 0.240477 0.420784 0.240629 0.420899 0.241848 0.424441 0.241924 0.427983 0.241696 0.428041 0.240817 0.428906 0.240625 0.429688 0.239583 0.429758 0.238877 0.430326 0.238877 0.430440 0.237124 0.430440 0.232053 0.430611 0.230344 0.431869 0.230344 0.431926 0.228134
0 0.438281 0.152083 0.438188 0.151959 0.437581 0.151959 0.437581 0.151149 0.434457 0.146984 0.434423 0.145846 0.434221 0.145667 0.432531 0.145667 0.432531 0.145833 0.431899 0.145833 0.431899 0.146708 0.430047 0.146798 0.428398 0.147112 0.428129 0.147516 0.428129 0.149760 0.427220 0.150029 0.427153 0.152094 0.425781 0.152183 0.425781 0.161458 0.426563 0.162500 0.426563 0.165625 0.427961 0.165683 0.427994 0.167968 0.428490 0.168960 0.428836 0.168960 0.428906 0.169792 0.430411 0.169985 0.430411 0.170764 0.431185 0.170764 0.431185 0.171751 0.432841 0.171751 0.432841 0.170809 0.434390 0.170809 0.434405 0.169732 0.435097 0.169732 0.435097 0.168879 0.435938 0.168879 0.435938 0.166859 0.436679 0.166859 0.436679 0.165184 0.436773 0.164996 0.436705 0.158727 0.437109 0.158278 0.437547 0.158188 0.437547 0.155989 0.437988 0.155989
0 0.373475 0.248726 0.373437 0.245833 0.372656 0.241667 0.371875 0.241667 0.368164 0.240017 0.368164 0.240406 0.366508 0.240406 0.366508 0.239609 0.366375 0.239078 0.365711 0.238724 0.365711 0.237615 0.362500 0.233333 0.361592 0.233333 0.361592 0.232445 0.359671 0.232445 0.358941 0.232622 0.358941 0.233333 0.358594 0.233333 0.358369 0.233595 0.358473 0.233595 0.358473 0.235804 0.357875 0.236335 0.357875 0.236600 0.357411 0.237220 0.357012 0.237397 0.357012 0.237574 0.356813 0.237574 0.356614 0.237928 0.356348 0.238016 0.356083 0.238547 0.355485 0.239078 0.355353 0.239521 0.355220 0.239521 0.355220 0.239698 0.354822 0.240229 0.354623 0.240229 0.354490 0.240583 0.354291 0.240583 0.354291 0.240760 0.354091 0.240849 0.353029 0.242442 0.352344 0.242442 0.352344 0.250323 0.352830 0.250677 0.352963 0.251208 0.353096 0.251208 0.353295 0.252310 0.355469 0.255208 0.356250 0.255208 0.357679 0.256025 0.357742 0.257400 0.359667 0.257400 0.359775 0.257223 0.361719 0.258333 0.369425 0.258285 0.369425 0.257754 0.369558 0.257488 0.370355 0.257311 0.370355 0.253725 0.372605 0.248726
0 0.225850 0.279172 0.225850 0.276964 0.224947 0.276849 0.224947 0.276218 0.224351 0.276218 0.224259 0.276096 0.224259 0.274040 0.222656 0.273958 0.221551 0.273497 0.220691 0.273726 0.220433 0.274357 0.219960 0.274471 0.218885 0.274643 0.215403 0.274701 0.215403 0.276019 0.214371 0.276019 0.213769 0.276478 0.213769 0.278255 0.213640 0.278484 0.212909 0.278713 0.211232 0.278828 0.210673 0.279745 0.210501 0.280376 0.209082 0.282096 0.209039 0.282524 0.209211 0.283212 0.209211 0.286452 0.209082 0.286938 0.209383 0.288142 0.209813 0.289059 0.209942 0.289059 0.209942 0.289583 0.210866 0.289656 0.210866 0.290465 0.211855 0.290866 0.214285 0.290866 0.214758 0.290694 0.214758 0.290055 0.215208 0.290101 0.215552 0.289231 0.216240 0.288715 0.217982 0.288715 0.218111 0.289117 0.218799 0.289690 0.218820 0.290694 0.219250 0.290809 0.221680 0.290809 0.221852 0.290694 0.222153 0.290179 0.222196 0.289777 0.222841 0.289663 0.222841 0.288803 0.223185 0.288459 0.223485 0.288401 0.223700 0.287427 0.224130 0.287140 0.224093 0.282524 0.224298 0.281293 0.224904 0.281293 0.224904 0.279631 0.225076 0.279401 0.225721 0.279172
0 0.198471 0.330376 0.198471 0.328167 0.197629 0.328167 0.197629 0.327131 0.196271 0.327131 0.195312 0.325000 0.194519 0.324995 0.194519 0.324108 0.194390 0.323763 0.192669 0.323763 0.192669 0.324172 0.192576 0.324131 0.192576 0.326144 0.190920 0.326144 0.190920 0.324634 0.188281 0.326042 0.187718 0.326793 0.187459 0.328130 0.187264 0.331412 0.186876 0.332449 0.186594 0.332535 0.186487 0.334536 0.186487 0.335768 0.187523 0.335768 0.187653 0.337581 0.187653 0.341604 0.187199 0.343676 0.187005 0.343763 0.186940 0.344059 0.186709 0.344059 0.186591 0.345663 0.186644 0.346699 0.187357 0.346872 0.187357 0.347649 0.188081 0.347649 0.188264 0.347893 0.188264 0.349895 0.189920 0.349895 0.189920 0.348859 0.190438 0.348513 0.190697 0.347563 0.191086 0.346872 0.192058 0.346872 0.192058 0.345922 0.193029 0.345922 0.193224 0.345404 0.193483 0.345231 0.193548 0.344626 0.194519 0.344626 0.194519 0.343849 0.195167 0.343849 0.195167 0.343590 0.195491 0.342986 0.196203 0.342899 0.196203 0.337841 0.196009 0.337290 0.196081 0.337026 0.196851 0.337026 0.196851 0.334202 0.197000 0.333658 0.197434 0.333658 0.197499 0.332621 0.198211 0.332535 0.198211 0.330721 0.198341 0.330376
0 0.404873 0.736716 0.404873 0.735925 0.404123 0.735610 0.403649 0.734557 0.403215 0.733978 0.403176 0.732768 0.403018 0.732610 0.402899 0.730190 0.402899 0.725877 0.403018 0.724876 0.402229 0.723876 0.401834 0.722666 0.401281 0.721771 0.401124 0.720929 0.400887 0.720877 0.400295 0.718982 0.399979 0.715036 0.400040 0.711723 0.399219 0.706250 0.397363 0.703776 0.397138 0.703671 0.394494 0.703407 0.391218 0.702776 0.387943 0.702513 0.387943 0.701092 0.387627 0.700671 0.384390 0.700003 0.384114 0.700671 0.383995 0.700671 0.383719 0.701145 0.383443 0.701987 0.382930 0.702934 0.382535 0.703302 0.382219 0.703934 0.381233 0.704828 0.381233 0.704986 0.381114 0.704986 0.380483 0.705881 0.379694 0.706301 0.379338 0.706301 0.379338 0.706512 0.378944 0.706512 0.378944 0.706722 0.378668 0.706775 0.378549 0.706985 0.377760 0.707249 0.377523 0.707617 0.377365 0.707617 0.377326 0.707933 0.377129 0.708143 0.376694 0.708143 0.376694 0.708511 0.376339 0.708511 0.376339 0.708827 0.374131 0.708880 0.373894 0.707985 0.373064 0.708354 0.372548 0.708774 0.371012 0.711511 0.371012 0.712879 0.370814 0.714354 0.371091 0.715459 0.371288 0.718247 0.371880 0.720878 0.372117 0.723930 0.372314 0.724509 0.373103 0.724509 0.373103 0.726770 0.372669 0.727243 0.372235 0.727401 0.372235 0.727612 0.371959 0.727927 0.371761 0.727927 0.372235 0.731665 0.373774 0.735296 0.374208 0.736558 0.374208 0.736874 0.374327 0.736874 0.374603 0.737769 0.374840 0.738032 0.375195 0.739294 0.375353 0.739400 0.375747 0.740347 0.375905 0.740399 0.376497 0.741504 0.376655 0.741557 0.376694 0.742241 0.377129 0.742241 0.377129 0.742399 0.377444 0.742662 0.377642 0.743293 0.377760 0.743293 0.377760 0.743557 0.377878 0.743557 0.378273 0.744346 0.378431 0.744398 0.378944 0.745188 0.379417 0.746714 0.379417 0.747082 0.379575 0.747240 0.380325 0.749468 0.381312 0.750134 0.382890 0.750449 0.383009 0.750502 0.383009 0.750818 0.383601 0.750818 0.384429 0.751081 0.385534 0.751765 0.388297 0.751765 0.388297 0.751870 0.389994 0.751923 0.390428 0.752081 0.392282 0.752133 0.392638 0.752765 0.393032 0.752870 0.393032 0.753028 0.393269 0.753028 0.393269 0.753186 0.393743 0.753396 0.396663 0.753291 0.397413 0.753449 0.397966 0.752870 0.397966 0.752396 0.398164 0.752186 0.398282 0.751712 0.398637 0.751502 0.402505 0.751397 0.402307 0.751290 0.402307 0.749029 0.403097 0.749029 0.403097 0.746977 0.403886 0.746977 0.403886 0.746556 0.404202 0.745398 0.404557 0.745293 0.404557 0.739873 0.404833 0.736716
0 0.326562 0.742708 0.326562 0.738459 0.325752 0.738189 0.325086 0.738189 0.324796 0.736991 0.324419 0.736914 0.324419 0.736257 0.321874 0.735879 0.321874 0.736412 0.321150 0.736412 0.321150 0.737565 0.320421 0.737565 0.320421 0.738646 0.319440 0.738646 0.319440 0.737681 0.318740 0.737681 0.318653 0.736798 0.318422 0.736103 0.318422 0.734979 0.317180 0.733324 0.317180 0.732233 0.316362 0.732233 0.315625 0.731250 0.314063 0.731250 0.312314 0.734358 0.311757 0.734358 0.311699 0.740082 0.310719 0.740623 0.310081 0.741241 0.309299 0.742709 0.308256 0.743598 0.307763 0.744293 0.307416 0.745066 0.307039 0.746572 0.307031 0.747996 0.307734 0.748034 0.307734 0.750474 0.307647 0.750700 0.307908 0.752243 0.310937 0.757292 0.312424 0.757480 0.312424 0.758317 0.314080 0.758317 0.314080 0.757921 0.314887 0.758136 0.314887 0.759360 0.317151 0.759476 0.317151 0.758394 0.317963 0.758394 0.317963 0.755405 0.318142 0.755188 0.318687 0.755188 0.318687 0.754527 0.318843 0.754338 0.319870 0.754338 0.320421 0.753907 0.320421 0.752245 0.320715 0.752245 0.320715 0.752069 0.325000 0.746875 0.325017 0.745800 0.326452 0.745684 0.326481 0.742871
0 0.843085 0.669608 0.843085 0.666587 0.842882 0.666226 0.842814 0.665458 0.842969 0.662500 0.842675 0.657009 0.842275 0.657009 0.842106 0.655022 0.842106 0.652814 0.842445 0.652718 0.842103 0.646763 0.841382 0.646763 0.841290 0.644866 0.840976 0.644866 0.839243 0.636779 0.839359 0.636779 0.839359 0.634525 0.839156 0.633125 0.838460 0.633125 0.838281 0.632292 0.837500 0.631250 0.835126 0.628876 0.832894 0.628831 0.832894 0.627938 0.830384 0.627269 0.830384 0.627973 0.828526 0.627928 0.828522 0.628876 0.827472 0.628876 0.827472 0.630141 0.826557 0.630141 0.826557 0.631179 0.823993 0.631224 0.821782 0.632833 0.821782 0.635018 0.820732 0.635289 0.818703 0.635243 0.818568 0.635153 0.818568 0.633915 0.815076 0.635079 0.815076 0.636463 0.813183 0.636467 0.813183 0.637596 0.812472 0.637596 0.812472 0.638499 0.811794 0.638499 0.811794 0.639262 0.811520 0.639262 0.811520 0.639579 0.810981 0.639673 0.810937 0.640625 0.810156 0.645833 0.810937 0.646875 0.811027 0.647214 0.811486 0.647214 0.811486 0.648948 0.811733 0.649879 0.812367 0.649879 0.812401 0.650014 0.812401 0.652403 0.812557 0.652995 0.812472 0.652995 0.812472 0.655203 0.813142 0.655203 0.813502 0.656562 0.814162 0.656562 0.814162 0.658504 0.814805 0.658504 0.814805 0.660757 0.814672 0.660983 0.815029 0.662333 0.814151 0.662387 0.814009 0.663308 0.814009 0.665652 0.815350 0.665652 0.815594 0.664636 0.817251 0.664636 0.817251 0.665530 0.817840 0.665611 0.817840 0.667820 0.817149 0.668009 0.816539 0.669256 0.815157 0.670340 0.815097 0.670583 0.814182 0.671288 0.813591 0.672019 0.813383 0.673311 0.812773 0.674756 0.812435 0.675072 0.812435 0.675930 0.811893 0.675930 0.811656 0.676156 0.811520 0.677059 0.811012 0.678233 0.810877 0.679497 0.810606 0.680401 0.810233 0.680807 0.809488 0.681259 0.807798 0.681263 0.807798 0.682347 0.807087 0.682437 0.807087 0.684645 0.807900 0.684645 0.807900 0.686768 0.808328 0.686768 0.808594 0.688542 0.809375 0.689583 0.813524 0.697881 0.814060 0.697881 0.814063 0.699055 0.814805 0.699055 0.814805 0.701358 0.814873 0.701945 0.815009 0.702035 0.814975 0.706321 0.814771 0.706321 0.814771 0.706501 0.814672 0.706501 0.814876 0.708377 0.814876 0.710385 0.816333 0.710385 0.816468 0.710701 0.816468 0.711514 0.817213 0.711514 0.817213 0.712552 0.818094 0.712552 0.818094 0.713636 0.819686 0.713636 0.820261 0.713370 0.822155 0.713370 0.822967 0.713460 0.823238 0.713641 0.823543 0.715131 0.823543 0.717524 0.823242 0.717524 0.823242 0.719732 0.823445 0.719868 0.824224 0.719868 0.824325 0.720816 0.824620 0.720861 0.825781 0.723958 0.825917 0.723958 0.825917 0.724971 0.826425 0.725106 0.828759 0.725106 0.828827 0.723958 0.830382 0.721990 0.832146 0.721900 0.832146 0.720274 0.832755 0.720049 0.832789 0.719371 0.833365 0.719371 0.833466 0.719145 0.833500 0.717384 0.833907 0.717384 0.834212 0.717113 0.834212 0.716255 0.834449 0.715262 0.834686 0.715262 0.835024 0.714223 0.835228 0.713952 0.835363 0.713275 0.835905 0.712191 0.835973 0.710370 0.838264 0.707314 0.839156 0.707314 0.839156 0.706125 0.839868 0.706005 0.839868 0.705177 0.840625 0.704167 0.840573 0.702573 0.840714 0.702573 0.840714 0.700319 0.840582 0.695036 0.840718 0.694991 0.839862 0.694991 0.839464 0.690742 0.838211 0.690742 0.838245 0.686456 0.838313 0.685643 0.838550 0.685052 0.838279 0.683968 0.838279 0.681259 0.837635 0.680988 0.837635 0.678599 0.838326 0.678599 0.838281 0.678125 0.838403 0.677962 0.839969 0.677962 0.839969 0.676020 0.840579 0.676020 0.840579 0.673546 0.840951 0.672814 0.841629 0.672724 0.841629 0.671685 0.842374 0.671685 0.842374 0.669924 0.842949 0.669924 0.843051 0.669608
0 0.838166 0.381522 0.838057 0.377807 0.837500 0.377807 0.837500 0.376042 0.836719 0.375000 0.832812 0.368750 0.832812 0.367708 0.830469 0.361458 0.829688 0.360417 0.827344 0.358333 0.825483 0.358341 0.825155 0.358681 0.824754 0.358681 0.824717 0.358876 0.824207 0.359021 0.823259 0.359896 0.820744 0.360236 0.819214 0.361597 0.818339 0.362180 0.818120 0.362520 0.817901 0.362569 0.817829 0.362812 0.817683 0.362812 0.817683 0.362958 0.817428 0.363006 0.817428 0.363201 0.817136 0.363298 0.817027 0.363589 0.816772 0.363735 0.816772 0.363930 0.816589 0.363930 0.816589 0.364173 0.816480 0.364173 0.812419 0.374551 0.812544 0.374551 0.812544 0.375134 0.813236 0.375134 0.813382 0.375669 0.813382 0.378509 0.812872 0.378849 0.812653 0.379626 0.812252 0.380015 0.810685 0.380647 0.810648 0.382105 0.809976 0.382688 0.809774 0.384416 0.810065 0.385291 0.809994 0.388325 0.810156 0.388542 0.810156 0.391667 0.812500 0.394792 0.814897 0.395099 0.814897 0.395809 0.815407 0.395906 0.817719 0.395906 0.817719 0.395637 0.818750 0.395833 0.819531 0.394792 0.825000 0.393750 0.825169 0.393525 0.826066 0.393525 0.826066 0.392893 0.826904 0.392893 0.827524 0.392650 0.827669 0.392504 0.827852 0.391678 0.828471 0.391533 0.828909 0.391144 0.829237 0.390220 0.829601 0.390026 0.829820 0.389589 0.829929 0.388653 0.831258 0.387353 0.832954 0.387305 0.832954 0.385695 0.834638 0.384049 0.836125 0.384049 0.837146 0.383174 0.837875 0.382980 0.838130 0.381522
0 0.675171 0.455426 0.675049 0.446665 0.674219 0.446665 0.674219 0.444792 0.673438 0.443750 0.671596 0.442523 0.670754 0.442239 0.670377 0.442320 0.670377 0.443453 0.670256 0.443534 0.669346 0.443655 0.665627 0.443574 0.665505 0.442887 0.664868 0.442401 0.664808 0.442118 0.664565 0.442118 0.664413 0.441431 0.662338 0.441552 0.660457 0.442765 0.659395 0.444747 0.659213 0.445718 0.658594 0.445920 0.658594 0.450791 0.659304 0.451235 0.659486 0.452125 0.659729 0.452206 0.659972 0.452692 0.661125 0.454107 0.661398 0.454269 0.662490 0.454269 0.662490 0.455240 0.663248 0.455321 0.663248 0.456130 0.663976 0.456453 0.664371 0.457222 0.665250 0.457829 0.666252 0.459649 0.667313 0.460336 0.668163 0.461145 0.668163 0.461307 0.668982 0.461954 0.669680 0.462925 0.670268 0.463289 0.670268 0.464486 0.670814 0.464648 0.673350 0.464648 0.673381 0.463637 0.674139 0.463637 0.674219 0.457286 0.674989 0.457286 0.674989 0.455426
0 0.589890 0.365608 0.589844 0.362500 0.588966 0.361330 0.588966 0.360454 0.588278 0.360454 0.588278 0.359339 0.587473 0.359339 0.585948 0.357306 0.585948 0.356343 0.582012 0.356277 0.582012 0.357252 0.580499 0.357252 0.580392 0.356860 0.580125 0.356683 0.579965 0.356327 0.578711 0.356327 0.578818 0.353229 0.579648 0.352923 0.579805 0.352575 0.579805 0.352156 0.581286 0.352156 0.581286 0.351273 0.581966 0.351273 0.581966 0.350227 0.582890 0.350227 0.582838 0.345625 0.582629 0.344510 0.582576 0.343185 0.582210 0.343115 0.582210 0.342697 0.580450 0.342697 0.580083 0.343464 0.579195 0.343813 0.578619 0.343813 0.578619 0.344231 0.577364 0.344231 0.577364 0.347624 0.577626 0.348693 0.577051 0.348902 0.577051 0.350994 0.576926 0.350994 0.576894 0.351933 0.571737 0.351987 0.568750 0.353125 0.567969 0.354167 0.567695 0.355079 0.567508 0.356611 0.567642 0.363829 0.567802 0.365359 0.567775 0.372658 0.568095 0.372971 0.568389 0.374039 0.571056 0.374074 0.571030 0.377347 0.571243 0.377845 0.571270 0.378627 0.571697 0.378983 0.571803 0.379616 0.573438 0.381250 0.574229 0.381250 0.574229 0.382259 0.577353 0.382223 0.577353 0.381250 0.581141 0.381263 0.581168 0.380409 0.581968 0.380195 0.581968 0.379570 0.583594 0.378125 0.588182 0.378058 0.589063 0.369792 0.589649 0.369009 0.589729 0.366462 0.589863 0.365608
0 0.438281 0.458519 0.438281 0.453125 0.437527 0.452119 0.430553 0.450944 0.425848 0.451007 0.424013 0.451293 0.423799 0.451516 0.422631 0.454311 0.422560 0.457217 0.423322 0.457248 0.424085 0.458424 0.424085 0.458805 0.424180 0.458805 0.424180 0.461077 0.423989 0.461712 0.424013 0.462426 0.424109 0.462934 0.424490 0.463602 0.424871 0.463665 0.424871 0.465018 0.425748 0.465603 0.429636 0.465634 0.429636 0.468195 0.430469 0.468750 0.435156 0.468750 0.435937 0.467708 0.437366 0.464534 0.437533 0.458519
0 0.553966 0.656246 0.553966 0.654037 0.553056 0.653701 0.553056 0.653296 0.552344 0.653296 0.552344 0.652083 0.551539 0.651010 0.551539 0.648779 0.550781 0.648577 0.550629 0.646959 0.549567 0.646690 0.548299 0.646690 0.547656 0.645833 0.546875 0.645833 0.543702 0.645128 0.542590 0.645595 0.541184 0.645595 0.535209 0.650375 0.535411 0.652015 0.535411 0.655235 0.535158 0.656718 0.535107 0.657880 0.535613 0.658217 0.536017 0.659482 0.537900 0.661992 0.538545 0.662329 0.539304 0.662397 0.540871 0.662868 0.541073 0.663071 0.541478 0.664014 0.541528 0.666374 0.541781 0.666913 0.541781 0.667520 0.541933 0.667520 0.542084 0.667924 0.542135 0.669263 0.544574 0.674466 0.544574 0.676132 0.546230 0.676132 0.546344 0.677076 0.547203 0.677211 0.549011 0.677211 0.549011 0.676200 0.550629 0.676200 0.550679 0.674514 0.551590 0.674110 0.551590 0.672627 0.552146 0.671953 0.552297 0.671076 0.552348 0.657931 0.553157 0.657594 0.553157 0.656246
0 0.561618 0.774263 0.561327 0.773605 0.560957 0.773276 0.560834 0.772865 0.560217 0.772289 0.560217 0.772124 0.560094 0.772124 0.559539 0.771220 0.558058 0.771138 0.557873 0.770973 0.557318 0.770973 0.555838 0.770562 0.555406 0.770315 0.555344 0.769328 0.554543 0.769246 0.554357 0.769082 0.553732 0.769082 0.552560 0.769657 0.552560 0.769822 0.551696 0.770315 0.551696 0.770480 0.551326 0.770726 0.551326 0.770891 0.550648 0.771220 0.550586 0.771467 0.550339 0.771467 0.550339 0.771631 0.550121 0.771713 0.549219 0.772917 0.549219 0.776660 0.549352 0.776907 0.549784 0.777071 0.549784 0.777236 0.550277 0.777400 0.550894 0.779209 0.551573 0.780361 0.551573 0.783967 0.551449 0.784131 0.551326 0.785213 0.551696 0.786282 0.551943 0.786611 0.551943 0.786857 0.552190 0.787104 0.552436 0.788009 0.552560 0.788009 0.552683 0.788667 0.552806 0.788667 0.552930 0.789160 0.553238 0.789407 0.553238 0.789583 0.555469 0.789583 0.556250 0.788542 0.560937 0.784375 0.560937 0.783333
0 0.765625 0.719792 0.771875 0.720833 0.772656 0.720833 0.777344 0.727083 0.778125 0.728125 0.778906 0.735417 0.778906 0.736458 0.777344 0.737500 0.776563 0.738542 0.770312 0.738542 0.769531 0.738542 0.766406 0.736458 0.765625 0.736458 0.762500 0.732292 0.761719 0.731250 0.761719 0.729167 0.760938 0.728125 0.763281 0.722917 0.763281 0.721875 0.765625 0.719792
0 0.046149 0.823771 0.046106 0.820758 0.044531 0.820758 0.044531 0.819792 0.042296 0.819693 0.042275 0.818544 0.040573 0.818573 0.040573 0.816403 0.039844 0.815625 0.035144 0.815625 0.035144 0.817712 0.031980 0.817683 0.031980 0.814570 0.028125 0.813542 0.026654 0.814742 0.026420 0.815227 0.025642 0.815884 0.025564 0.816507 0.024837 0.816853 0.024759 0.817199 0.023747 0.818411 0.021827 0.820002 0.021333 0.820591 0.020477 0.820868 0.020477 0.821664 0.017881 0.822079 0.017804 0.822632 0.017077 0.822771 0.017077 0.824847 0.016406 0.824847 0.016406 0.828245 0.017259 0.828245 0.017259 0.829229 0.018734 0.829229 0.018734 0.830287 0.019413 0.830287 0.019413 0.831360 0.021074 0.831325 0.021074 0.832417 0.022675 0.832445 0.022675 0.833364 0.023450 0.833364 0.023450 0.834455 0.024398 0.834455 0.024398 0.835374 0.026680 0.835575 0.026788 0.836437 0.027499 0.836552 0.027499 0.838065 0.028125 0.838542 0.031914 0.838533 0.031980 0.839506 0.034714 0.839564 0.035015 0.839447 0.035937 0.839583 0.036764 0.838501 0.038289 0.838415 0.038289 0.837525 0.039064 0.837496 0.039064 0.836578 0.039882 0.836491 0.039884 0.830320 0.040746 0.830320 0.040746 0.829201 0.041456 0.829201 0.041456 0.828195 0.042854 0.828195 0.043029 0.827862 0.043050 0.824979 0.044531 0.824979 0.044531 0.823914 0.046128 0.823914 0.046128 0.823771
0 0.064844 0.800000 0.064844 0.794792 0.064014 0.793654 0.064014 0.792728 0.062647 0.792728 0.062647 0.792072 0.062326 0.791688 0.058886 0.791902 0.058790 0.791987 0.058790 0.792585 0.058245 0.792799 0.051775 0.792756 0.051610 0.792921 0.051610 0.794765 0.051385 0.796360 0.051642 0.796617 0.051642 0.798825 0.050744 0.798825 0.050744 0.800107 0.049911 0.800107 0.049911 0.800962 0.049219 0.801005 0.049219 0.804167 0.050000 0.805208 0.050737 0.807173 0.051546 0.807173 0.051546 0.808369 0.052283 0.808369 0.052443 0.809053 0.053116 0.809523 0.053116 0.811774 0.052558 0.812031 0.053125 0.813542 0.053906 0.813542 0.054762 0.813827 0.054762 0.814467 0.055467 0.814467 0.055467 0.815578 0.056108 0.815749 0.057892 0.815749 0.057892 0.814552 0.058437 0.814510 0.058629 0.813569 0.059174 0.813484 0.059463 0.812416 0.059944 0.812159 0.059944 0.810267 0.060178 0.809775 0.060243 0.804352 0.062787 0.804309 0.063365 0.803099 0.064046 0.803099 0.064046 0.801671
0 0.271150 0.852193 0.271150 0.849984 0.270271 0.849932 0.270271 0.847917 0.269214 0.847883 0.268736 0.848735 0.268157 0.848788 0.267937 0.849825 0.266281 0.849825 0.266281 0.847375 0.263281 0.846875 0.263189 0.846977 0.263169 0.848921 0.262471 0.849240 0.262411 0.851022 0.261154 0.851049 0.260177 0.851448 0.259977 0.851820 0.259837 0.852751 0.259538 0.853443 0.259399 0.854241 0.259399 0.856502 0.260097 0.856980 0.260835 0.857832 0.260995 0.858231 0.260995 0.859135 0.261434 0.859587 0.261493 0.860306 0.262092 0.860731 0.262551 0.861503 0.263010 0.861795 0.264266 0.861609 0.267019 0.861556 0.267019 0.860625 0.269034 0.860040 0.269094 0.859321 0.269613 0.859295 0.269593 0.855225 0.269693 0.854294 0.270172 0.854028 0.270331 0.852937 0.270471 0.852751 0.270471 0.852272 0.271090 0.852193
0 0.093488 0.126139 0.093037 0.126322 0.093037 0.129169 0.092254 0.129169 0.092175 0.130213 0.090961 0.130213 0.090804 0.131232 0.089148 0.131232 0.089030 0.130057 0.088669 0.130031 0.088375 0.130266 0.088355 0.131180 0.086699 0.131180 0.086640 0.130161 0.085113 0.130135 0.085132 0.126072 0.087287 0.126020 0.087483 0.125602 0.087483 0.124009 0.088325 0.124009 0.088325 0.121893 0.089069 0.121893 0.089069 0.120849 0.091294 0.120797 0.091353 0.121946 0.092900 0.121946 0.092900 0.123487 0.093742 0.123931 0.093742 0.126139
0 0.174267 0.206220 0.174229 0.203209 0.173401 0.203184 0.173457 0.197888 0.172629 0.197812 0.172629 0.196833 0.168733 0.196934 0.168733 0.197536 0.168017 0.197888 0.167980 0.198992 0.164817 0.198967 0.164817 0.199946 0.164064 0.199946 0.164064 0.202154 0.164761 0.202204 0.164761 0.203033 0.165589 0.203033 0.165589 0.204212 0.166379 0.204212 0.166379 0.205141 0.167716 0.205141 0.168055 0.206195 0.168751 0.206195 0.168751 0.207299 0.169429 0.207299 0.169429 0.208379 0.171085 0.208379 0.171179 0.207726 0.171424 0.207249 0.173420 0.207274 0.173420 0.206270 0.174248 0.206220
0 0.760709 0.030316 0.760196 0.030350 0.760093 0.033393 0.759401 0.033393 0.759401 0.034248 0.757837 0.034248 0.757837 0.035376 0.750822 0.035546 0.750720 0.030296 0.750822 0.029202 0.751591 0.029168 0.751591 0.028245 0.752361 0.028005 0.752489 0.027287 0.753258 0.027253 0.754027 0.026946 0.754796 0.026946 0.754796 0.026023 0.755412 0.026023 0.755437 0.023937 0.757786 0.023903 0.758247 0.024006 0.758298 0.024621 0.759145 0.024997 0.760144 0.025100 0.760298 0.026125 0.760350 0.028005 0.760939 0.028108 0.760939 0.030316
0 0.929727 0.062523 0.929727 0.059389 0.928920 0.059364 0.928863 0.058413 0.925011 0.058413 0.925011 0.059389 0.924261 0.059389 0.924172 0.065651 0.923473 0.065676 0.923473 0.066626 0.925800 0.066676 0.925800 0.067727 0.927151 0.067752 0.928901 0.067752 0.928995 0.065676 0.929708 0.065676 0.929708 0.062523
0 0.908644 0.084477 0.908644 0.083371 0.907859 0.083175 0.907831 0.082406 0.905427 0.082297 0.905427 0.081272 0.904708 0.081272 0.904708 0.080356 0.904610 0.080247 0.901612 0.080291 0.901514 0.082209 0.901220 0.082340 0.899911 0.082340 0.899911 0.084548 0.902299 0.084636 0.902299 0.086446 0.903100 0.086467 0.903100 0.087464 0.903955 0.087464 0.903972 0.088473 0.904757 0.088473 0.904773 0.086838 0.904920 0.086511 0.907161 0.086467 0.907161 0.085486 0.907798 0.085377 0.907815 0.084767 0.907908 0.084810 0.907941 0.084477
0 0.511648 0.161579 0.511648 0.160470 0.508864 0.160470 0.508501 0.160589 0.508471 0.159520 0.507165 0.159045 0.507135 0.158689 0.506838 0.158372 0.506155 0.158332 0.506155 0.157263 0.505561 0.157263 0.505561 0.156432 0.504611 0.156432 0.504611 0.155125 0.502955 0.155125 0.502806 0.156036 0.501945 0.156313 0.500015 0.156234 0.500015 0.158016 0.499807 0.158253 0.499807 0.160461 0.500045 0.160454 0.500015 0.163668 0.500787 0.163668 0.500817 0.166836 0.502272 0.166875 0.502361 0.167786 0.503044 0.167786 0.503103 0.168855 0.504760 0.168855 0.504760 0.166638 0.506898 0.166638 0.506898 0.165569 0.507877 0.165569 0.507907 0.164816 0.509035 0.164500 0.510253 0.164500 0.510342 0.162818 0.510942 0.162749 0.510942 0.161579
0 0.583512 0.162627 0.583512 0.160419 0.582056 0.160361 0.582056 0.159376 0.581251 0.159376 0.581251 0.158332 0.579686 0.158332 0.579686 0.157347 0.579295 0.157231 0.577248 0.157260 0.577248 0.159289 0.576487 0.159289 0.576444 0.162505 0.575813 0.162534 0.575813 0.164743 0.576618 0.164772 0.576618 0.166858 0.580491 0.166829 0.580491 0.165612 0.581273 0.165612 0.581273 0.164569 0.582056 0.164569 0.582056 0.163467 0.582816 0.163467 0.582925 0.162627
0 0.797659 0.202069 0.796161 0.202241 0.796145 0.203143 0.794489 0.203143 0.794472 0.202971 0.793568 0.202971 0.793214 0.203186 0.791509 0.203186 0.791477 0.202262 0.790688 0.202155 0.790688 0.199857 0.790527 0.198870 0.790655 0.193698 0.791380 0.193698 0.791380 0.191637 0.792891 0.191612 0.792891 0.191059 0.793136 0.190584 0.793715 0.190563 0.793780 0.189768 0.795436 0.189768 0.795436 0.194858 0.796113 0.194879 0.796177 0.197864 0.796950 0.198122 0.796966 0.199109 0.797659 0.199131 0.797675 0.202069
0 0.231169 0.266561 0.231169 0.263589 0.228966 0.263589 0.228922 0.261415 0.227266 0.261415 0.227222 0.262120 0.226958 0.262943 0.226473 0.263530 0.225944 0.263530 0.225944 0.264588 0.225812 0.264764 0.225812 0.266972 0.226649 0.266972 0.226649 0.267736 0.228676 0.267677 0.228808 0.268735 0.230552 0.268735 0.230552 0.266561
0 0.418061 0.258510 0.417997 0.253172 0.417378 0.252887 0.417378 0.249957 0.415722 0.249957 0.415594 0.250782 0.414057 0.251180 0.414057 0.251891 0.413886 0.252034 0.411710 0.252204 0.411710 0.253001 0.410920 0.253001 0.410920 0.254224 0.409384 0.254224 0.409384 0.256433 0.410024 0.256433 0.410024 0.257400 0.410813 0.257457 0.410813 0.258254 0.411027 0.258396 0.411688 0.258396 0.411688 0.260559 0.412456 0.260559 0.412456 0.262522 0.413225 0.262522 0.413225 0.263461 0.414881 0.263461 0.414945 0.262522 0.416481 0.262493 0.416481 0.261554 0.417207 0.261554 0.417271 0.258510
0 0.801557 0.337512 0.801557 0.335304 0.801002 0.334869 0.800806 0.330951 0.800643 0.330341 0.799272 0.330254 0.797933 0.329340 0.797737 0.329166 0.797639 0.328121 0.795485 0.328034 0.795060 0.326990 0.795060 0.325814 0.792849 0.325814 0.792784 0.326816 0.792425 0.327077 0.792383 0.326903 0.790694 0.326903 0.790531 0.328078 0.790531 0.330460 0.791347 0.330460 0.791347 0.332289 0.792164 0.332463 0.792164 0.333333 0.793012 0.333333 0.793012 0.334552 0.793829 0.334552 0.793829 0.336729 0.794449 0.336729 0.794449 0.337556 0.795298 0.337556 0.795298 0.339514 0.797672 0.339602 0.797705 0.338687 0.799239 0.338383 0.799239 0.337773 0.799957 0.337773 0.799957 0.337512
0 0.711793 0.241225 0.711776 0.238356 0.710961 0.238356 0.710961 0.237482 0.709369 0.237435 0.709385 0.234814 0.709279 0.234389 0.703984 0.234366 0.700699 0.234366 0.700699 0.236302 0.699938 0.236302 0.699938 0.238510 0.700788 0.238699 0.700832 0.242653 0.699194 0.242653 0.699194 0.244861 0.700823 0.244861 0.700823 0.243692 0.707809 0.243846 0.707809 0.242844 0.708199 0.242831 0.708199 0.242618 0.710997 0.242618 0.710997 0.241721 0.711652 0.241721 0.711776 0.241225
0 0.011835 0.849199 0.011750 0.843813 0.011048 0.843813 0.011048 0.843076 0.010920 0.842735 0.007009 0.842735 0.007009 0.843785 0.006264 0.843785 0.006264 0.845799 0.005371 0.845799 0.005371 0.846707 0.005243 0.846735 0.005243 0.848943 0.006222 0.849085 0.006222 0.849965 0.009072 0.849993 0.009434 0.851014 0.011090 0.851014 0.011090 0.849199
0 0.365674 0.492801 0.365674 0.491742 0.364919 0.491742 0.364919 0.490683 0.365674 0.490683 0.365674 0.489652 0.364793 0.489567 0.364793 0.488565 0.362428 0.488622 0.362407 0.489481 0.362128 0.489652 0.360174 0.489595 0.360174 0.490683 0.359358 0.490683 0.359358 0.491742 0.358542 0.491742 0.358542 0.493979 0.358671 0.494695 0.359337 0.495124 0.359358 0.495640 0.359852 0.495811 0.363269 0.495783 0.363269 0.493779 0.364168 0.493775 0.364168 0.492801
0 0.023843 0.453183 0.023509 0.453243 0.023509 0.454104 0.022595 0.454104 0.022707 0.459360 0.021214 0.459420 0.021214 0.460222 0.020969 0.460400 0.020524 0.460400 0.020524 0.461380 0.019678 0.461380 0.019633 0.462449 0.017977 0.462449 0.017754 0.461499 0.017153 0.461469 0.017064 0.461291 0.017064 0.460489 0.016329 0.460370 0.016329 0.459509 0.015081 0.459242 0.013277 0.459271 0.013277 0.457400 0.011674 0.457400 0.011629 0.456213 0.010114 0.456123 0.010070 0.455322 0.008622 0.455292 0.008600 0.454223 0.007709 0.454104 0.007798 0.450084 0.011704 0.450084 0.011771 0.451064 0.012417 0.451064 0.012417 0.451955 0.014243 0.452044 0.014243 0.453113 0.017932 0.453202 0.017932 0.452163 0.018734 0.452044 0.018734 0.450916 0.020071 0.450916 0.020226 0.449817 0.021883 0.449817 0.021883 0.451005 0.024177 0.450975 0.024177 0.453183
0 0.388484 0.776509 0.388484 0.774275 0.387620 0.774275 0.387522 0.770948 0.384928 0.770974 0.384810 0.770083 0.383134 0.770083 0.383134 0.770817 0.381961 0.770817 0.381961 0.769769 0.380763 0.769769 0.380625 0.769376 0.378969 0.769376 0.378832 0.772677 0.378105 0.772677 0.378144 0.776116 0.381032 0.775985 0.381032 0.777007 0.382584 0.777033 0.382800 0.778238 0.382840 0.780413 0.384496 0.780413 0.384810 0.779470 0.385282 0.779470 0.385282 0.778264 0.386029 0.778134 0.386029 0.777033 0.387522 0.777033 0.387522 0.776902 0.388406 0.776509
0 0.481168 0.572793 0.481168 0.570585 0.480486 0.570585 0.480486 0.568857 0.479871 0.568766 0.479667 0.568402 0.479667 0.565491 0.476987 0.565491 0.476578 0.565763 0.475759 0.565945 0.475759 0.569584 0.475622 0.569584 0.475554 0.569857 0.475145 0.570221 0.474872 0.570221 0.474872 0.574340 0.475691 0.574704 0.475827 0.575887 0.476236 0.576251 0.476441 0.576251 0.476441 0.576432 0.476919 0.576887 0.479326 0.576887 0.479326 0.575978 0.479462 0.575432 0.479599 0.575432 0.479599 0.575159 0.480008 0.574704 0.480213 0.574158 0.480349 0.574158 0.480622 0.573612 0.480758 0.573612 0.480895 0.573066 0.481031 0.573066 0.481100 0.572793
0 0.563322 0.602032 0.563263 0.595830 0.562382 0.595830 0.562382 0.594655 0.562089 0.594498 0.562030 0.593637 0.560374 0.593637 0.559904 0.595360 0.559434 0.595595 0.559434 0.595751 0.558670 0.595751 0.558670 0.596926 0.557789 0.596926 0.557789 0.597787 0.557026 0.597787 0.557026 0.598884 0.556262 0.598884 0.556321 0.603128 0.557143 0.603363 0.557143 0.604381 0.557789 0.604381 0.557789 0.605243 0.558612 0.605243 0.558612 0.606182 0.562382 0.606182 0.562617 0.604381 0.562617 0.602032
0 0.958433 0.841162 0.958433 0.836122 0.958344 0.836122 0.958344 0.835768 0.958079 0.835532 0.958079 0.835296 0.957814 0.835178 0.957636 0.834352 0.957283 0.834234 0.957283 0.832818 0.956663 0.832700 0.956132 0.831993 0.955513 0.831874 0.955513 0.831167 0.953768 0.831167 0.953768 0.831402 0.953414 0.832110 0.952795 0.832228 0.952706 0.832582 0.952529 0.832582 0.952352 0.832936 0.952175 0.832936 0.952175 0.833172 0.951998 0.833172 0.951998 0.833408 0.951733 0.833644 0.951467 0.834942 0.951379 0.834942 0.951379 0.836240 0.951290 0.836240 0.951290 0.840454 0.951467 0.840690 0.951556 0.841516 0.951644 0.841516 0.951644 0.841752 0.951998 0.841870 0.952618 0.843640 0.952883 0.843994 0.953060 0.843994 0.953149 0.844230 0.953326 0.844230 0.953326 0.844466 0.953502 0.844702 0.953680 0.844702 0.954033 0.845764 0.954387 0.845764 0.954564 0.846000 0.956398 0.846000 0.956575 0.845646 0.956663 0.844820 0.957194 0.844702 0.957283 0.844348 0.957548 0.844348 0.957548 0.844112 0.957725 0.844112 0.957725 0.843758 0.957902 0.843640 0.958079 0.842814 0.958256 0.842578 0.958256 0.842224 0.958344 0.842224 0.958344 0.841162
0 0.924908 0.784554 0.924843 0.785371 0.924198 0.785371 0.924198 0.786575 0.924069 0.787048 0.924069 0.789843 0.923360 0.789843 0.923392 0.790515 0.924134 0.790558 0.924134 0.792766 0.923457 0.792766 0.923263 0.794056 0.922908 0.794056 0.922650 0.795260 0.922586 0.797625 0.922231 0.798571 0.921941 0.798958 0.920252 0.798958 0.919672 0.797238 0.919575 0.794271 0.919317 0.794271 0.919317 0.793841 0.918833 0.793841 0.918866 0.791476 0.916544 0.791605 0.916350 0.790616 0.914867 0.790616 0.914867 0.788408 0.915415 0.788236 0.915415 0.786833 0.914706 0.786704 0.914738 0.783377 0.915673 0.783334 0.915673 0.781356 0.918737 0.781442 0.918737 0.780453 0.919446 0.780281 0.920930 0.780281 0.921059 0.780152 0.921123 0.779120 0.922779 0.779120 0.922876 0.780109 0.924908 0.780152 0.924940 0.784554
0 0.799274 0.802996 0.799274 0.802159 0.798411 0.802115 0.798481 0.799862 0.798381 0.799025 0.797654 0.799025 0.797654 0.796866 0.796960 0.796866 0.796960 0.794839 0.794544 0.794883 0.794544 0.795985 0.793718 0.796778 0.793685 0.797703 0.792198 0.798012 0.792198 0.800220 0.793619 0.800440 0.793652 0.801013 0.794577 0.801013 0.794577 0.804230 0.798481 0.804098 0.798481 0.802996
0 0.684959 0.809524 0.684959 0.807277 0.684469 0.807124 0.684412 0.806663 0.684066 0.805856 0.683634 0.805396 0.683634 0.803419 0.684296 0.803419 0.684296 0.801172 0.683145 0.800673 0.683029 0.799828 0.682511 0.799252 0.682194 0.799137 0.682194 0.798023 0.681158 0.797870 0.678637 0.797870 0.678637 0.800078 0.678839 0.800078 0.678868 0.800250 0.678810 0.802708 0.678551 0.802708 0.678551 0.804916 0.680279 0.805070 0.680279 0.805799 0.680423 0.805799 0.680423 0.807182 0.681200 0.807182 0.681200 0.808526 0.682554 0.808641 0.682842 0.810599 0.684498 0.810599 0.684556 0.809908 0.684901 0.809524
0 0.409468 0.747779 0.409468 0.743658 0.407836 0.743658 0.407747 0.741794 0.406091 0.741794 0.405840 0.744758 0.405624 0.744782 0.405445 0.745068 0.405535 0.751077 0.407245 0.751077 0.407585 0.750790 0.407585 0.750312 0.408517 0.750240 0.408697 0.749547 0.408697 0.748424 0.409252 0.748209 0.409432 0.747779
0 0.041437 0.705284 0.041437 0.703076 0.040646 0.702599 0.040721 0.699763 0.040006 0.699763 0.040006 0.698860 0.038350 0.698860 0.038237 0.699462 0.037616 0.699537 0.037333 0.700290 0.037333 0.701846 0.036712 0.701922 0.036712 0.704130 0.037503 0.704130 0.037503 0.705335 0.038293 0.705435 0.038274 0.707970 0.038613 0.708196 0.040571 0.708246 0.040571 0.706916 0.040778 0.706665 0.040778 0.705284
0 0.372685 0.388691 0.372685 0.386447 0.371918 0.386341 0.371918 0.385342 0.372685 0.385342 0.372685 0.382253 0.370870 0.382253 0.370368 0.382499 0.370050 0.383134 0.368782 0.383204 0.368702 0.384226 0.368094 0.384508 0.367989 0.385742 0.368015 0.388585 0.369152 0.388585 0.369152 0.388726 0.369601 0.388761 0.372394 0.388691
0 0.966597 0.659363 0.966460 0.650886 0.966322 0.650024 0.964451 0.649946 0.963384 0.650233 0.963384 0.649267 0.961728 0.649267 0.961571 0.650703 0.961101 0.651147 0.960141 0.651147 0.959808 0.651852 0.958605 0.651852 0.958605 0.652912 0.957889 0.652938 0.957889 0.654244 0.958503 0.654244 0.958633 0.655132 0.959397 0.655132 0.959338 0.657404 0.960083 0.657404 0.960083 0.658475 0.961669 0.658475 0.961669 0.659441 0.963325 0.659441 0.963600 0.658266 0.964823 0.658266 0.964940 0.659363
0 0.621968 0.451190 0.621897 0.453102 0.621520 0.453269 0.619631 0.453269 0.619559 0.452098 0.618842 0.452098 0.618842 0.451214 0.617928 0.451214 0.617946 0.443676 0.618770 0.443556 0.618896 0.442719 0.620570 0.442719 0.620946 0.443030 0.621126 0.446735 0.621753 0.446759 0.621879 0.448766 0.622631 0.448981 0.622631 0.451190
0 0.977494 0.680501 0.977494 0.678164 0.975780 0.678031 0.975780 0.677212 0.975009 0.677028 0.975009 0.676054 0.974005 0.676054 0.973832 0.678061 0.973407 0.678061 0.973446 0.680886 0.973870 0.681066 0.973948 0.682095 0.975777 0.682224 0.975777 0.681504 0.976491 0.681504 0.976510 0.680629 0.977379 0.680629 0.977475 0.680501
