0 0.678125 0.007292 0.678125 0.001042 0.677344 0.000000 0.675781 0.000000 0.675781 0.000278 0.668990 0.000278 0.667610 0.000563 0.667188 0.000000 0.663281 0.000000 0.663281 0.007292 0.664062 0.007292 0.665625 0.009375 0.675000 0.009375 0.675781 0.008333 0.677344 0.008333
0 0.632812 0.018750 0.634375 0.018750 0.635156 0.018750 0.635938 0.019792 0.636719 0.019792 0.637500 0.019792 0.638281 0.020833 0.638281 0.021875 0.637500 0.022917 0.635938 0.022917 0.635156 0.022917 0.634375 0.021875 0.633594 0.020833 0.633594 0.019792 0.632812 0.018750
0 0.382031 0.019792 0.384375 0.019792 0.385156 0.019792 0.385156 0.020833 0.385937 0.021875 0.386719 0.021875 0.386719 0.022917 0.384375 0.026042 0.383594 0.027083 0.382812 0.027083 0.382031 0.027083 0.382031 0.026042 0.381250 0.025000 0.379688 0.025000 0.378906 0.023958 0.382031 0.019792
0 0.589844 0.036458 0.589844 0.034375 0.589063 0.033333 0.587130 0.033186 0.587130 0.032993 0.586974 0.032993 0.586719 0.033333 0.586719 0.035417 0.587500 0.036458 0.587500 0.037500 0.589063 0.037500
0 0.556250 0.036458 0.557031 0.037500 0.559375 0.037500 0.560156 0.037500 0.560156 0.039583 0.560156 0.040625 0.559375 0.041667 0.557031 0.041667 0.556250 0.041667 0.555469 0.040625 0.556250 0.039583 0.556250 0.036458
0 0.625000 0.036458 0.625781 0.036458 0.626563 0.036458 0.626563 0.037500 0.626563 0.038542 0.625000 0.040625 0.624219 0.041667 0.623437 0.041667 0.622656 0.041667 0.621875 0.040625 0.622656 0.039583 0.622656 0.038542 0.623437 0.038542 0.624219 0.038542 0.625000 0.037500 0.625000 0.036458
0 0.617969 0.045833 0.619531 0.045833 0.620313 0.045833 0.620313 0.046875 0.621094 0.047917 0.620313 0.048958 0.620313 0.050000 0.619531 0.051042 0.618750 0.052083 0.617969 0.052083 0.617969 0.047917 0.617188 0.046875 0.617969 0.045833
0 0.636719 0.045833 0.638281 0.045833 0.639062 0.045833 0.639844 0.046875 0.639844 0.047917 0.639062 0.048958 0.638281 0.048958 0.637500 0.048958 0.636719 0.047917 0.636719 0.045833
0 0.537500 0.060417 0.537500 0.058333 0.536572 0.057096 0.535303 0.057096 0.534180 0.058594 0.534180 0.060156 0.535156 0.061458 0.535156 0.062500 0.535937 0.062500
0 0.620313 0.063542 0.621875 0.063542 0.622656 0.064583 0.622656 0.065625 0.623437 0.066667 0.623437 0.068750 0.623437 0.069792 0.622656 0.070833 0.621875 0.070833 0.621094 0.071875 0.618750 0.071875 0.617969 0.071875 0.617969 0.070833 0.617969 0.069792 0.618750 0.068750 0.618750 0.067708 0.619531 0.066667 0.619531 0.065625 0.619531 0.064583 0.620313 0.063542
0 0.046875 0.070833 0.047656 0.070833 0.048438 0.070833 0.048438 0.073958 0.049219 0.075000 0.049219 0.076042 0.048438 0.077083 0.047656 0.078125 0.046094 0.076042 0.045312 0.076042 0.045312 0.073958 0.045312 0.072917 0.046875 0.070833
0 0.428906 0.070833 0.429688 0.070833 0.430469 0.070833 0.430469 0.071875 0.431250 0.072917 0.431250 0.073958 0.430469 0.075000 0.428125 0.075000 0.427344 0.073958 0.427344 0.072917 0.426563 0.071875 0.427344 0.071875 0.428125 0.071875 0.428906 0.070833
0 0.530469 0.071875 0.531250 0.071875 0.532031 0.071875 0.532031 0.073958 0.532031 0.075000 0.530469 0.077083 0.529687 0.077083 0.529687 0.076042 0.528906 0.075000 0.529687 0.073958 0.530469 0.072917 0.530469 0.071875
0 0.538281 0.075000 0.539844 0.075000 0.540625 0.075000 0.540625 0.077083 0.539844 0.078125 0.538281 0.078125 0.537500 0.078125 0.537500 0.077083 0.537500 0.076042 0.538281 0.075000
0 0.019531 0.078125 0.021875 0.078125 0.022656 0.078125 0.023438 0.079167 0.024219 0.079167 0.024219 0.080208 0.024219 0.081250 0.023438 0.082292 0.021875 0.082292 0.021094 0.082292 0.020313 0.081250 0.019531 0.080208 0.019531 0.078125
0 0.558594 0.081250 0.558594 0.078125 0.555469 0.078125 0.555469 0.081250 0.556250 0.082292 0.557813 0.082292
0 0.504687 0.101042 0.503906 0.102083 0.502344 0.102083 0.502057 0.102465 0.501068 0.102465 0.500781 0.102083 0.500000 0.102083 0.500000 0.100000 0.499219 0.098958 0.498437 0.098958 0.496875 0.096875 0.496094 0.096875 0.496094 0.094792 0.494531 0.092708 0.492969 0.092708 0.492188 0.091667 0.489844 0.091667 0.489063 0.090625 0.488281 0.090625 0.487500 0.089583 0.485938 0.089583 0.485938 0.088542 0.485156 0.087500 0.485938 0.087500 0.488281 0.084375 0.489844 0.084375 0.490625 0.085417 0.492188 0.085417 0.492969 0.086458 0.492969 0.087500 0.493750 0.088542 0.496094 0.088542 0.496875 0.089583 0.501563 0.089583 0.501563 0.094792 0.502344 0.095833 0.503125 0.095833 0.504687 0.097917 0.504687 0.100000 0.505469 0.101042
0 0.578125 0.090625 0.576562 0.090625 0.575781 0.089583 0.575000 0.090625 0.574219 0.090625 0.573438 0.091667 0.572656 0.091667 0.572656 0.095833 0.573438 0.095833 0.574241 0.096904 0.575026 0.096841 0.575781 0.095833 0.575781 0.094792 0.577344 0.092708 0.577344 0.091667
0 0.298438 0.110417 0.296875 0.108333 0.296875 0.104167 0.296094 0.104167 0.294531 0.102083 0.293750 0.102083 0.292969 0.101042 0.289844 0.101042 0.288088 0.103333 0.285924 0.104109 0.285156 0.104109 0.285156 0.107292 0.286719 0.109375 0.289062 0.109375 0.289844 0.110417 0.289844 0.112500 0.290625 0.113542 0.296094 0.113542
0 0.035937 0.101042 0.039062 0.101042 0.039062 0.102083 0.038281 0.103125 0.037500 0.104167 0.036719 0.104167 0.035937 0.104167 0.035937 0.101042
0 0.539062 0.102083 0.539844 0.102083 0.540625 0.102083 0.539844 0.103125 0.539844 0.104167 0.539844 0.105208 0.539062 0.106250 0.538281 0.107292 0.537500 0.106250 0.537500 0.104167 0.537500 0.103125 0.538281 0.103125 0.539062 0.102083
0 0.478143 0.112791 0.478143 0.112524 0.477344 0.111458 0.476562 0.111458 0.475781 0.110417 0.475000 0.110417 0.474801 0.110151 0.473836 0.110077 0.473438 0.110417 0.473438 0.112500 0.474219 0.113542 0.476562 0.113542 0.477344 0.112500 0.478059 0.113454 0.478059 0.112791
0 0.440625 0.106250 0.442188 0.106250 0.442969 0.106250 0.442969 0.108333 0.442969 0.109375 0.443750 0.110417 0.443750 0.111458 0.442969 0.112500 0.442188 0.112500 0.442188 0.111458 0.441406 0.110417 0.440625 0.110417 0.440625 0.106250
0 0.222656 0.107292 0.224219 0.107292 0.225000 0.107292 0.225781 0.108333 0.226562 0.108333 0.227344 0.108333 0.227344 0.109375 0.227344 0.110417 0.226562 0.111458 0.225781 0.111458 0.225000 0.111458 0.224219 0.112500 0.223438 0.112500 0.222656 0.112500 0.222656 0.107292
0 0.310937 0.110417 0.311719 0.110417 0.312500 0.110417 0.313281 0.111458 0.313281 0.113542 0.312500 0.114583 0.311719 0.114583 0.310937 0.114583 0.310937 0.110417
0 0.273438 0.112500 0.275781 0.112500 0.276562 0.113542 0.275000 0.115625 0.274219 0.116667 0.273438 0.116667 0.272656 0.115625 0.273438 0.114583 0.273438 0.112500
0 0.577344 0.112500 0.579688 0.112500 0.580469 0.113542 0.579688 0.114583 0.578906 0.115625 0.578125 0.115625 0.577344 0.115625 0.577344 0.112500
0 0.144531 0.115625 0.145313 0.116667 0.146094 0.116667 0.145313 0.117708 0.145313 0.118750 0.144531 0.119792 0.143750 0.119792 0.142969 0.119792 0.142969 0.117708 0.142969 0.116667 0.143750 0.116667 0.144531 0.115625
0 0.416406 0.117708 0.417187 0.118750 0.417969 0.118750 0.417969 0.119792 0.417969 0.120833 0.417187 0.121875 0.416406 0.121875 0.415625 0.122917 0.414062 0.122917 0.413281 0.122917 0.412500 0.121875 0.413281 0.120833 0.413281 0.119792 0.414062 0.118750 0.414844 0.118750 0.415625 0.118750 0.416406 0.117708
0 0.491406 0.119792 0.492188 0.119792 0.492969 0.119792 0.492969 0.122917 0.492969 0.123958 0.492188 0.125000 0.489844 0.125000 0.489063 0.126042 0.489063 0.125000 0.489063 0.123958 0.489844 0.122917 0.490625 0.121875 0.490625 0.120833 0.491406 0.119792
0 0.148438 0.123958 0.150000 0.123958 0.150781 0.123958 0.151562 0.125000 0.152344 0.126042 0.155469 0.126042 0.156250 0.126042 0.156250 0.127083 0.156250 0.128125 0.154688 0.130208 0.153906 0.131250 0.150000 0.131250 0.149219 0.131250 0.149219 0.128125 0.149219 0.127083 0.148438 0.126042 0.148438 0.123958
0 0.004687 0.127083 0.005469 0.127083 0.006250 0.127083 0.005469 0.127083 0.004687 0.128125 0.004687 0.130208 0.004687 0.131250 0.005469 0.132292 0.005469 0.133333 0.006250 0.134375 0.005469 0.134375 0.004687 0.135417 0.003125 0.135417 0.002344 0.135417 0.001563 0.134375 0.000781 0.134375 0.000000 0.133333 0.000000 0.132292 0.003906 0.132292 0.004687 0.131250 0.004687 0.127083
0 0.304688 0.139583 0.306250 0.139583 0.307031 0.139583 0.307031 0.141667 0.307812 0.142708 0.307812 0.143750 0.307031 0.144792 0.307031 0.145833 0.304688 0.148958 0.303906 0.148958 0.303906 0.147917 0.303125 0.146875 0.303125 0.143750 0.303125 0.142708 0.303906 0.141667 0.304688 0.140625 0.304688 0.139583
0 0.219531 0.146875 0.221875 0.146875 0.222656 0.146875 0.222656 0.147917 0.222656 0.148958 0.221094 0.151042 0.220312 0.152083 0.219531 0.152083 0.218750 0.151042 0.217969 0.151042 0.217969 0.148958 0.217969 0.147917 0.218750 0.147917 0.219531 0.146875
0 0.314063 0.151042 0.315625 0.151042 0.316406 0.152083 0.316406 0.153125 0.315625 0.154167 0.314844 0.155208 0.314063 0.155208 0.314063 0.151042
0 0.499219 0.154167 0.500781 0.154167 0.501563 0.154167 0.500781 0.155208 0.500781 0.156250 0.499219 0.158333 0.498437 0.158333 0.498437 0.156250 0.498437 0.155208 0.499219 0.154167
0 0.267188 0.155208 0.267969 0.155208 0.268750 0.155208 0.269531 0.156250 0.270313 0.156250 0.271094 0.156250 0.271094 0.158333 0.271094 0.159375 0.270313 0.160417 0.269531 0.161458 0.268750 0.161458 0.267969 0.162500 0.267188 0.162500 0.266406 0.161458 0.266406 0.160417 0.265625 0.159375 0.266406 0.158333 0.266406 0.157292 0.267188 0.156250 0.267188 0.155208
0 0.461719 0.155208 0.463281 0.155208 0.464062 0.155208 0.464844 0.156250 0.464844 0.157292 0.465625 0.158333 0.464844 0.158333 0.464062 0.159375 0.463281 0.158333 0.462500 0.157292 0.462500 0.156250 0.461719 0.155208
0 0.471094 0.170833 0.473438 0.170833 0.474219 0.170833 0.473438 0.171875 0.473438 0.172917 0.472656 0.173958 0.472656 0.175000 0.471875 0.176042 0.471875 0.177083 0.471094 0.178125 0.469531 0.178125 0.468750 0.178125 0.468750 0.176042 0.468750 0.175000 0.469531 0.175000 0.470313 0.173958 0.470313 0.172917 0.470313 0.171875 0.471094 0.170833
0 0.272656 0.175000 0.273438 0.176042 0.274219 0.176042 0.275000 0.176042 0.275000 0.177083 0.275781 0.178125 0.275781 0.179167 0.275000 0.180208 0.274219 0.180208 0.273438 0.180208 0.273438 0.179167 0.272656 0.178125 0.272656 0.175000
0 0.635156 0.176042 0.637500 0.176042 0.638281 0.176042 0.639062 0.177083 0.639062 0.178125 0.638281 0.179167 0.636719 0.179167 0.635938 0.179167 0.635156 0.178125 0.635156 0.176042
0 0.057813 0.182292 0.058594 0.182292 0.059375 0.182292 0.060156 0.183333 0.060937 0.183333 0.060937 0.184375 0.060156 0.185417 0.060156 0.187500 0.059375 0.188542 0.058594 0.188542 0.057813 0.188542 0.057031 0.189583 0.056250 0.189583 0.055469 0.189583 0.054688 0.188542 0.053906 0.187500 0.053906 0.185417 0.053125 0.184375 0.053906 0.183333 0.056250 0.183333 0.057031 0.183333 0.057813 0.182292
0 0.225781 0.183333 0.226562 0.184375 0.227344 0.184375 0.228125 0.184375 0.228906 0.185417 0.229687 0.185417 0.230469 0.186458 0.232813 0.186458 0.233594 0.186458 0.234375 0.187500 0.234375 0.190625 0.234375 0.191667 0.235156 0.192708 0.236719 0.192708 0.237500 0.192708 0.236719 0.193750 0.236719 0.197917 0.236719 0.198958 0.235156 0.201042 0.234375 0.202083 0.230469 0.202083 0.229687 0.202083 0.229687 0.200000 0.228906 0.198958 0.228125 0.198958 0.227344 0.197917 0.226562 0.197917 0.225781 0.196875 0.224219 0.196875 0.223438 0.196875 0.222656 0.195833 0.221875 0.194792 0.219531 0.194792 0.218750 0.194792 0.217969 0.193750 0.217188 0.192708 0.217188 0.190625 0.217188 0.189583 0.218750 0.187500 0.218750 0.186458 0.219531 0.186458 0.220312 0.185417 0.221094 0.184375 0.224219 0.184375 0.225000 0.184375 0.225781 0.183333
0 0.473438 0.186458 0.474219 0.186458 0.475000 0.186458 0.474219 0.187500 0.474219 0.188542 0.475000 0.189583 0.478125 0.189583 0.478125 0.190625 0.477344 0.191667 0.476562 0.191667 0.475781 0.192708 0.475000 0.192708 0.474219 0.192708 0.474219 0.188542 0.474219 0.187500 0.473438 0.186458
0 0.039844 0.192708 0.042188 0.192708 0.042188 0.193750 0.041406 0.194792 0.040625 0.195833 0.039844 0.195833 0.039062 0.195833 0.039062 0.194792 0.039062 0.193750 0.039844 0.192708
0 0.071875 0.194792 0.074219 0.194792 0.075000 0.194792 0.075781 0.195833 0.076563 0.195833 0.077344 0.195833 0.077344 0.196875 0.077344 0.197917 0.076563 0.198958 0.075781 0.198958 0.075000 0.200000 0.074219 0.200000 0.073438 0.198958 0.072656 0.198958 0.071875 0.198958 0.071875 0.194792
0 0.499219 0.197917 0.500781 0.197917 0.501563 0.197917 0.501563 0.198958 0.502344 0.200000 0.501563 0.200000 0.500781 0.201042 0.500000 0.202083 0.499219 0.201042 0.499219 0.197917
0 0.418750 0.201042 0.419531 0.201042 0.420312 0.201042 0.420312 0.202083 0.421094 0.203125 0.421094 0.204167 0.421094 0.205208 0.419531 0.207292 0.418750 0.208333 0.417969 0.207292 0.417187 0.207292 0.417187 0.205208 0.417187 0.204167 0.417969 0.203125 0.418750 0.202083 0.418750 0.201042
0 0.564063 0.210417 0.565625 0.210417 0.566406 0.210417 0.569531 0.214583 0.570312 0.214583 0.569531 0.214583 0.568750 0.214583 0.567969 0.215625 0.567187 0.216667 0.566406 0.216667 0.565625 0.216667 0.564844 0.217708 0.563281 0.217708 0.562500 0.217708 0.562500 0.214583 0.561719 0.213542 0.562500 0.212500 0.563281 0.212500 0.564063 0.211458 0.564063 0.210417
0 0.341406 0.222917 0.344531 0.222917 0.345313 0.222917 0.346094 0.223958 0.346094 0.226042 0.346094 0.227083 0.345313 0.228125 0.344531 0.228125 0.343750 0.229167 0.342969 0.229167 0.342187 0.228125 0.341406 0.228125 0.340625 0.228125 0.340625 0.225000 0.340625 0.223958 0.341406 0.222917
0 0.394531 0.222917 0.394531 0.223958 0.395313 0.225000 0.396094 0.225000 0.396875 0.225000 0.396875 0.226042 0.397656 0.227083 0.397656 0.228125 0.397656 0.229167 0.396875 0.230208 0.396094 0.231250 0.395313 0.231250 0.394531 0.232292 0.393750 0.231250 0.392969 0.231250 0.392969 0.227083 0.392969 0.226042 0.393750 0.225000 0.394531 0.223958 0.394531 0.222917
0 0.529687 0.222917 0.530469 0.223958 0.532031 0.223958 0.532813 0.223958 0.533594 0.225000 0.534375 0.226042 0.533594 0.226042 0.532813 0.227083 0.532813 0.231250 0.532813 0.232292 0.530469 0.235417 0.529687 0.236458 0.528906 0.236458 0.528125 0.236458 0.527344 0.235417 0.527344 0.232292 0.526563 0.231250 0.527344 0.231250 0.528125 0.230208 0.528125 0.229167 0.528906 0.229167 0.529687 0.228125 0.529687 0.222917
0 0.647656 0.231250 0.647656 0.229167 0.646094 0.229167 0.645312 0.228125 0.642969 0.228125 0.642188 0.229167 0.641406 0.229167 0.641406 0.231238 0.642171 0.231331 0.642171 0.233333 0.642969 0.232292 0.646875 0.232292
0 0.411719 0.232292 0.412500 0.232292 0.413281 0.232292 0.414062 0.233333 0.414844 0.234375 0.414844 0.235417 0.414062 0.236458 0.414062 0.237500 0.413281 0.236458 0.412500 0.236458 0.411719 0.235417 0.411719 0.234375 0.410938 0.233333 0.411719 0.232292
0 0.155469 0.234375 0.158594 0.234375 0.159375 0.234375 0.159375 0.240625 0.158594 0.241667 0.157812 0.241667 0.157031 0.240625 0.156250 0.240625 0.155469 0.240625 0.155469 0.234375
0 0.550000 0.235417 0.550781 0.235417 0.551562 0.235417 0.552344 0.236458 0.553125 0.236458 0.553906 0.236458 0.554688 0.237500 0.555469 0.237500 0.555469 0.239583 0.555469 0.240625 0.554688 0.241667 0.551562 0.241667 0.550781 0.241667 0.550000 0.240625 0.550000 0.235417
0 0.041406 0.237500 0.042188 0.237500 0.042969 0.237500 0.042969 0.238542 0.042188 0.239583 0.042188 0.241667 0.042188 0.242708 0.041406 0.243750 0.041406 0.245833 0.041406 0.246875 0.040625 0.247917 0.039844 0.248958 0.038281 0.248958 0.037500 0.250000 0.036719 0.248958 0.035937 0.248958 0.035156 0.247917 0.034375 0.246875 0.034375 0.240625 0.034375 0.239583 0.036719 0.239583 0.037500 0.239583 0.038281 0.238542 0.039844 0.238542 0.040625 0.238542 0.041406 0.237500
0 0.458594 0.240625 0.460156 0.240625 0.460938 0.240625 0.461719 0.241667 0.462500 0.241667 0.462500 0.242708 0.462500 0.243750 0.461719 0.244792 0.460938 0.244792 0.460156 0.244792 0.459375 0.243750 0.458594 0.242708 0.458594 0.240625
0 0.593750 0.253125 0.593750 0.248958 0.592969 0.247917 0.592187 0.247917 0.591406 0.246875 0.590625 0.247917 0.589063 0.247917 0.589063 0.255208 0.592187 0.255208
0 0.472656 0.248958 0.475000 0.248958 0.475781 0.248958 0.476562 0.250000 0.476562 0.251042 0.475781 0.252083 0.475000 0.252083 0.474219 0.253125 0.473438 0.252083 0.472656 0.252083 0.472656 0.248958
0 0.572656 0.253125 0.573438 0.253125 0.574219 0.253125 0.574219 0.254167 0.575000 0.255208 0.575000 0.256250 0.575781 0.257292 0.576562 0.257292 0.576562 0.258333 0.577344 0.259375 0.577344 0.261458 0.576562 0.262500 0.575781 0.262500 0.575000 0.262500 0.574219 0.261458 0.573438 0.260417 0.572656 0.260417 0.571875 0.259375 0.571094 0.259375 0.570312 0.258333 0.570312 0.257292 0.570312 0.256250 0.571094 0.255208 0.571875 0.255208 0.572656 0.254167 0.572656 0.253125
0 0.367188 0.254167 0.368750 0.254167 0.369531 0.254167 0.369531 0.258333 0.368750 0.259375 0.367969 0.259375 0.367188 0.259375 0.367188 0.254167
0 0.592969 0.259375 0.593750 0.260417 0.595313 0.260417 0.595313 0.261458 0.594531 0.262500 0.594531 0.263542 0.593750 0.264583 0.592187 0.264583 0.591406 0.264583 0.591406 0.263542 0.590625 0.262500 0.592969 0.259375
0 0.635938 0.262500 0.636719 0.263542 0.638281 0.263542 0.639062 0.263542 0.639062 0.264583 0.639062 0.265625 0.639844 0.266667 0.640625 0.267708 0.639844 0.268750 0.639844 0.269792 0.639062 0.270833 0.636719 0.270833 0.635938 0.270833 0.635938 0.269792 0.635156 0.268750 0.634375 0.267708 0.634375 0.264583 0.633594 0.263542 0.634375 0.263542 0.635156 0.263542 0.635938 0.262500
0 0.245312 0.269792 0.246094 0.269792 0.246875 0.269792 0.246875 0.275000 0.246094 0.276042 0.245312 0.276042 0.244531 0.276042 0.244531 0.275000 0.243750 0.273958 0.243750 0.272917 0.243750 0.271875 0.245312 0.269792
0 0.159375 0.270833 0.161719 0.270833 0.162500 0.270833 0.163281 0.271875 0.164062 0.271875 0.164062 0.272917 0.163281 0.273958 0.160938 0.273958 0.160156 0.273958 0.160156 0.272917 0.160156 0.271875 0.159375 0.270833
0 0.586719 0.281250 0.589063 0.281250 0.589844 0.281250 0.589844 0.283333 0.589844 0.284375 0.589063 0.285417 0.588281 0.285417 0.587500 0.286458 0.586719 0.285417 0.586719 0.281250
0 0.364844 0.282292 0.366406 0.282292 0.367188 0.282292 0.367969 0.283333 0.367969 0.286458 0.367188 0.287500 0.365625 0.287500 0.364844 0.287500 0.364063 0.286458 0.362500 0.286458 0.361719 0.286458 0.361719 0.285417 0.361719 0.284375 0.362500 0.283333 0.363281 0.283333 0.364063 0.283333 0.364844 0.282292
0 0.197656 0.285417 0.199219 0.285417 0.200000 0.285417 0.200000 0.288542 0.199219 0.289583 0.198437 0.289583 0.197656 0.289583 0.197656 0.285417
0 0.533594 0.287500 0.534375 0.287500 0.535156 0.287500 0.535937 0.288542 0.536719 0.289583 0.536719 0.293750 0.535937 0.294792 0.533594 0.294792 0.532813 0.293750 0.532813 0.291667 0.532031 0.290625 0.532813 0.289583 0.533594 0.288542 0.533594 0.287500
0 0.042969 0.288542 0.047656 0.288542 0.048438 0.289583 0.047656 0.290625 0.047656 0.291667 0.046875 0.292708 0.046094 0.292708 0.045312 0.292708 0.044531 0.293750 0.043750 0.293750 0.042969 0.293750 0.042969 0.288542
0 0.411719 0.296555 0.411719 0.295833 0.410938 0.294792 0.410938 0.292708 0.410156 0.291667 0.407031 0.291667 0.406250 0.290625 0.405469 0.290625 0.403906 0.288542 0.403125 0.289583 0.403125 0.290625 0.402344 0.291667 0.401562 0.291667 0.401562 0.293750 0.400781 0.294792 0.400781 0.296875 0.401562 0.297917 0.401562 0.298958 0.402344 0.300000 0.402344 0.301042 0.403125 0.302083 0.404687 0.302083 0.405268 0.302786 0.405717 0.302426 0.406436 0.302366 0.407604 0.301827 0.407739 0.301587 0.407919 0.301587 0.408593 0.300988 0.408593 0.300449 0.409087 0.300449 0.409087 0.299431 0.409716 0.299431 0.409716 0.298472 0.410345 0.298472 0.410345 0.297753 0.411019 0.297753 0.411019 0.297034 0.411469 0.297034 0.411469 0.296555
0 0.128125 0.292708 0.132812 0.292708 0.133594 0.293750 0.132031 0.295833 0.132031 0.296875 0.131250 0.295833 0.130469 0.295833 0.130469 0.293750 0.129688 0.292708 0.128125 0.292708
0 0.642969 0.295833 0.643750 0.295833 0.644531 0.295833 0.645312 0.296875 0.646094 0.296875 0.646094 0.297917 0.645312 0.298958 0.644531 0.300000 0.643750 0.300000 0.642969 0.300000 0.642969 0.295833
0 0.234375 0.298958 0.235156 0.298958 0.235937 0.298958 0.235937 0.302083 0.235937 0.303125 0.236719 0.304167 0.237500 0.304167 0.238281 0.305208 0.238281 0.306250 0.238281 0.307292 0.237500 0.308333 0.235937 0.308333 0.235156 0.309375 0.234375 0.309375 0.233594 0.308333 0.232813 0.308333 0.232031 0.307292 0.228906 0.307292 0.228125 0.307292 0.228125 0.305208 0.228125 0.304167 0.229687 0.304167 0.230469 0.305208 0.232813 0.305208 0.233594 0.305208 0.234375 0.304167 0.234375 0.298958
0 0.545312 0.302083 0.545312 0.303125 0.544531 0.304167 0.542969 0.304167 0.542969 0.303125 0.542188 0.302083 0.542969 0.301042 0.546094 0.301042
0 0.100000 0.302083 0.101562 0.304167 0.102344 0.304167 0.101562 0.304167 0.100781 0.305208 0.100781 0.306250 0.100781 0.307292 0.100000 0.308333 0.099219 0.308333 0.099219 0.304167 0.099219 0.303125 0.100000 0.302083
0 0.475781 0.303125 0.481250 0.303125 0.481250 0.304167 0.480469 0.305208 0.479687 0.306250 0.478906 0.306250 0.478125 0.307292 0.477344 0.307292 0.476562 0.306250 0.475781 0.306250 0.475781 0.305208 0.475000 0.304167 0.475781 0.303125
0 0.566406 0.310417 0.567187 0.310417 0.567969 0.310417 0.567969 0.313542 0.567969 0.314583 0.566406 0.316667 0.565625 0.316667 0.565625 0.315625 0.564844 0.314583 0.564844 0.313542 0.564844 0.312500 0.566406 0.310417
0 0.175781 0.311458 0.178125 0.311458 0.178906 0.311458 0.179688 0.312500 0.180469 0.313542 0.180469 0.315625 0.180469 0.316667 0.179688 0.317708 0.177344 0.317708 0.176563 0.317708 0.175781 0.316667 0.175000 0.315625 0.175000 0.314583 0.174219 0.313542 0.175781 0.311458
0 0.103906 0.312500 0.105469 0.312500 0.106250 0.313542 0.106250 0.314583 0.106250 0.315625 0.105469 0.316667 0.104688 0.317708 0.103906 0.317708 0.103906 0.315625 0.103125 0.314583 0.103906 0.313542 0.103906 0.312500
0 0.375000 0.312500 0.375781 0.312500 0.376563 0.312500 0.377344 0.313542 0.378125 0.314583 0.378125 0.317708 0.377344 0.318750 0.375000 0.318750 0.374219 0.318750 0.374219 0.316667 0.374219 0.315625 0.373437 0.314583 0.371094 0.314583 0.370312 0.314583 0.372656 0.314583 0.373437 0.314583 0.375000 0.312500
0 0.509375 0.315625 0.511719 0.315625 0.512500 0.316667 0.512500 0.317708 0.512500 0.318750 0.511719 0.319792 0.511719 0.320833 0.510938 0.321875 0.510156 0.321875 0.509375 0.321875 0.509375 0.319792 0.508594 0.318750 0.509375 0.317708 0.509375 0.315625
0 0.260156 0.318750 0.261719 0.318750 0.262500 0.318750 0.262500 0.320833 0.261719 0.321875 0.260156 0.321875 0.259375 0.321875 0.259375 0.320833 0.259375 0.319792 0.260156 0.318750
0 0.396875 0.320833 0.399219 0.320833 0.400000 0.321875 0.400000 0.328125 0.399219 0.329167 0.397656 0.329167 0.396875 0.329167 0.396875 0.327083 0.396094 0.326042 0.396875 0.325000 0.396875 0.320833
0 0.360938 0.323958 0.363281 0.323958 0.364063 0.325000 0.364063 0.326042 0.364844 0.327083 0.364844 0.328125 0.364063 0.329167 0.363281 0.330208 0.360938 0.330208 0.360156 0.329167 0.360156 0.327083 0.359375 0.326042 0.360938 0.323958
0 0.624219 0.329167 0.625000 0.329167 0.625781 0.329167 0.625781 0.330208 0.625781 0.331250 0.625000 0.332292 0.623437 0.332292 0.622656 0.333333 0.621875 0.332292 0.621094 0.332292 0.621094 0.331250 0.621094 0.330208 0.622656 0.330208 0.623437 0.330208 0.624219 0.329167
0 0.244531 0.330208 0.245312 0.331250 0.245312 0.332292 0.244531 0.333333 0.242969 0.333333 0.242188 0.334375 0.242188 0.333333 0.241406 0.332292 0.242188 0.331250 0.242969 0.331250 0.243750 0.331250 0.244531 0.330208
0 0.035937 0.333333 0.038281 0.333333 0.039062 0.333333 0.039844 0.334375 0.040625 0.335417 0.040625 0.336458 0.040625 0.337500 0.039844 0.338542 0.039062 0.338542 0.038281 0.339583 0.038281 0.340625 0.037500 0.341667 0.036719 0.342708 0.035156 0.342708 0.034375 0.341667 0.035156 0.340625 0.035156 0.339583 0.035937 0.338542 0.035937 0.333333
0 0.539062 0.344792 0.537500 0.342708 0.537500 0.339583 0.536719 0.338542 0.536719 0.337500 0.534375 0.337500 0.533594 0.338542 0.533594 0.341667 0.532813 0.342708 0.532611 0.342708 0.532611 0.343481 0.532813 0.343750 0.532813 0.344792 0.533594 0.344792 0.534375 0.345833 0.534375 0.346875 0.535937 0.346875 0.536719 0.347917
0 0.278125 0.339583 0.280469 0.339583 0.281250 0.339583 0.282031 0.340625 0.282813 0.340625 0.282031 0.340625 0.281250 0.340625 0.280469 0.341667 0.280469 0.342708 0.280469 0.343750 0.279687 0.344792 0.278906 0.345833 0.278125 0.344792 0.277344 0.343750 0.278125 0.342708 0.278125 0.339583
0 0.395313 0.343750 0.395313 0.341667 0.394531 0.340625 0.393750 0.340625 0.392969 0.339583 0.392188 0.340625 0.391406 0.340625 0.391406 0.341746 0.392794 0.341746 0.393166 0.341882 0.393132 0.344792 0.394531 0.344792
0 0.374219 0.343750 0.375000 0.343750 0.375781 0.343750 0.376563 0.344792 0.376563 0.345833 0.377344 0.346875 0.376563 0.346875 0.375781 0.347917 0.375000 0.347917 0.374219 0.347917 0.374219 0.346875 0.373437 0.345833 0.374219 0.344792 0.374219 0.343750
0 0.232031 0.356250 0.232031 0.355208 0.228125 0.355208 0.227344 0.354167 0.227344 0.348958 0.226562 0.348958 0.224219 0.345833 0.221875 0.345833 0.221875 0.347917 0.221094 0.348958 0.214062 0.348958 0.214062 0.352083 0.212500 0.353125 0.210938 0.356250 0.209673 0.356250 0.210156 0.361458 0.210938 0.363542 0.220312 0.364583 0.221094 0.363542 0.221094 0.357292 0.221875 0.356250 0.224219 0.356250 0.225000 0.357292 0.225000 0.359375 0.226562 0.359375 0.227344 0.360417 0.230469 0.358333
0 0.420312 0.346875 0.421875 0.346875 0.422656 0.346875 0.422656 0.347917 0.423438 0.348958 0.423438 0.350000 0.424219 0.351042 0.424219 0.354167 0.423438 0.355208 0.420312 0.355208 0.419531 0.355208 0.419531 0.348958 0.419531 0.347917 0.420312 0.346875
0 0.160938 0.348958 0.163281 0.348958 0.164062 0.348958 0.164062 0.350000 0.163281 0.351042 0.162500 0.352083 0.162500 0.353125 0.161719 0.354167 0.161719 0.355208 0.160156 0.353125 0.159375 0.352083 0.160156 0.351042 0.160156 0.350000 0.160938 0.348958
0 0.469531 0.348958 0.470313 0.348958 0.471094 0.348958 0.471875 0.350000 0.473438 0.350000 0.474219 0.350000 0.474219 0.351042 0.474219 0.352083 0.473438 0.353125 0.473438 0.354167 0.472656 0.355208 0.471875 0.355208 0.471094 0.356250 0.470313 0.356250 0.469531 0.355208 0.468750 0.355208 0.468750 0.352083 0.468750 0.351042 0.469531 0.350000 0.469531 0.348958
0 0.610156 0.352083 0.610938 0.353125 0.614844 0.353125 0.615625 0.353125 0.616406 0.354167 0.616406 0.355208 0.617188 0.356250 0.617188 0.357292 0.616406 0.358333 0.615625 0.358333 0.614844 0.359375 0.614062 0.360417 0.610938 0.360417 0.610156 0.360417 0.610156 0.359375 0.609375 0.358333 0.609375 0.356250 0.610156 0.355208 0.610156 0.352083
0 0.428906 0.359375 0.429688 0.360417 0.430469 0.360417 0.431250 0.361458 0.430469 0.361458 0.429688 0.362500 0.429688 0.363542 0.428906 0.364583 0.428125 0.364583 0.428125 0.363542 0.427344 0.362500 0.428125 0.361458 0.428125 0.360417 0.428906 0.359375
0 0.370312 0.364583 0.371094 0.364583 0.371875 0.364583 0.372656 0.365625 0.373437 0.365625 0.373437 0.367708 0.374219 0.368750 0.373437 0.368750 0.372656 0.369792 0.371094 0.369792 0.370312 0.370833 0.369531 0.369792 0.368750 0.368750 0.368750 0.367708 0.368750 0.366667 0.370312 0.364583
0 0.414062 0.366667 0.417187 0.366667 0.417969 0.366667 0.418750 0.367708 0.419531 0.367708 0.420312 0.367708 0.420312 0.368750 0.419531 0.369792 0.419531 0.370833 0.418750 0.371875 0.417969 0.372917 0.417969 0.373958 0.417187 0.375000 0.416406 0.375000 0.415625 0.375000 0.415625 0.373958 0.414844 0.372917 0.414844 0.370833 0.414062 0.369792 0.414062 0.366667
0 0.347656 0.368750 0.348438 0.368750 0.349219 0.368750 0.349219 0.369792 0.348438 0.370833 0.348438 0.371875 0.347656 0.372917 0.346875 0.373958 0.346094 0.372917 0.346094 0.370833 0.346094 0.369792 0.346875 0.369792 0.347656 0.368750
0 0.211719 0.371875 0.214062 0.371875 0.214844 0.371875 0.214844 0.372917 0.214062 0.373958 0.214062 0.376042 0.213281 0.377083 0.210938 0.377083 0.210156 0.376042 0.210938 0.375000 0.211719 0.373958 0.211719 0.371875
0 0.100781 0.372917 0.102344 0.372917 0.103125 0.373958 0.103125 0.375000 0.102344 0.376042 0.101562 0.377083 0.100781 0.377083 0.100000 0.377083 0.099219 0.376042 0.099219 0.375000 0.099219 0.373958 0.100000 0.373958 0.100781 0.372917
0 0.589063 0.373958 0.588281 0.372917 0.586719 0.372917 0.585938 0.373958 0.583594 0.373958 0.583045 0.374690 0.583045 0.375310 0.583594 0.376042 0.585938 0.376042 0.586719 0.377083
0 0.053906 0.379167 0.055469 0.379167 0.056250 0.380208 0.056250 0.381250 0.056250 0.382292 0.055469 0.383333 0.055469 0.384375 0.054688 0.383333 0.053906 0.382292 0.053906 0.379167
0 0.627344 0.385417 0.628906 0.385417 0.629687 0.386458 0.629687 0.389583 0.630469 0.390625 0.629687 0.390625 0.628906 0.391667 0.626563 0.391667 0.625781 0.391667 0.625000 0.390625 0.624219 0.389583 0.624219 0.388542 0.624219 0.387500 0.625000 0.386458 0.625781 0.386458 0.626563 0.386458 0.627344 0.385417
0 0.067187 0.388542 0.068750 0.388542 0.069531 0.388542 0.069531 0.390625 0.068750 0.391667 0.067969 0.391667 0.067187 0.391667 0.067187 0.390625 0.066406 0.389583 0.067187 0.388542
0 0.278125 0.388542 0.278125 0.389583 0.278906 0.390625 0.279687 0.391667 0.279687 0.394792 0.279687 0.395833 0.280469 0.396875 0.281250 0.396875 0.282031 0.396875 0.282031 0.397917 0.282031 0.398958 0.281250 0.400000 0.281250 0.401042 0.280469 0.402083 0.278125 0.402083 0.277344 0.401042 0.277344 0.397917 0.277344 0.396875 0.276562 0.395833 0.275781 0.394792 0.276562 0.393750 0.276562 0.392708 0.276562 0.391667 0.277344 0.390625 0.278125 0.389583 0.278125 0.388542
0 0.393750 0.394792 0.392188 0.392708 0.392188 0.391667 0.390625 0.391667 0.389844 0.390625 0.388281 0.390625 0.388281 0.391667 0.387500 0.392708 0.382812 0.392708 0.382592 0.393003 0.382592 0.394497 0.382812 0.394792 0.382812 0.398958 0.383594 0.400000 0.383594 0.401042 0.384375 0.401042 0.385156 0.402083 0.385156 0.403125 0.385937 0.404167 0.386719 0.404167 0.387500 0.403125 0.390625 0.403125 0.392188 0.401042 0.392188 0.396875
0 0.583594 0.393750 0.584375 0.393750 0.585156 0.393750 0.585938 0.394792 0.586719 0.394792 0.587500 0.394792 0.588281 0.395833 0.588281 0.397917 0.589063 0.398958 0.594531 0.398958 0.595313 0.398958 0.594531 0.400000 0.593750 0.401042 0.591406 0.401042 0.590625 0.401042 0.588281 0.404167 0.587500 0.404167 0.586719 0.403125 0.585938 0.402083 0.584375 0.402083 0.583594 0.401042 0.583594 0.395833 0.582812 0.394792 0.583594 0.393750
0 0.018750 0.397917 0.020313 0.397917 0.021094 0.397917 0.021875 0.398958 0.021875 0.400000 0.021875 0.401042 0.021094 0.402083 0.020313 0.402083 0.019531 0.401042 0.018750 0.401042 0.018750 0.397917
0 0.064062 0.400000 0.064844 0.400000 0.065625 0.400000 0.066406 0.401042 0.067187 0.401042 0.067187 0.403125 0.067187 0.404167 0.066406 0.405208 0.066406 0.406250 0.065625 0.407292 0.064844 0.408333 0.064844 0.409375 0.064062 0.410417 0.064062 0.411458 0.061719 0.408333 0.060937 0.408333 0.060937 0.407292 0.060156 0.406250 0.060937 0.405208 0.061719 0.404167 0.062500 0.404167 0.063281 0.403125 0.063281 0.402083 0.063281 0.401042 0.064062 0.400000
0 0.235937 0.408333 0.237500 0.408333 0.238281 0.409375 0.237500 0.410417 0.236719 0.411458 0.235937 0.411458 0.235156 0.412500 0.235156 0.413542 0.234375 0.414583 0.233594 0.415625 0.233594 0.416667 0.232813 0.417708 0.232031 0.417708 0.231250 0.418750 0.230469 0.418750 0.229687 0.419792 0.228906 0.419792 0.228906 0.418750 0.228125 0.417708 0.228125 0.410417 0.228125 0.409375 0.234375 0.409375 0.235156 0.409375 0.235937 0.408333
0 0.583452 0.411648 0.583452 0.411269 0.582031 0.409375 0.578906 0.409375 0.578906 0.411458 0.579688 0.411458 0.581250 0.413542 0.582031 0.413542
0 0.164844 0.419792 0.165625 0.419792 0.166406 0.419792 0.166406 0.420833 0.167187 0.421875 0.167187 0.422917 0.166406 0.423958 0.165625 0.423958 0.164844 0.423958 0.164844 0.419792
0 0.017188 0.423958 0.017969 0.423958 0.018750 0.423958 0.019531 0.425000 0.020313 0.425000 0.021094 0.426042 0.022656 0.426042 0.023438 0.426042 0.021094 0.426042 0.020313 0.426042 0.018750 0.428125 0.017969 0.428125 0.017969 0.427083 0.017188 0.426042 0.017188 0.423958
0 0.410156 0.425000 0.414844 0.425000 0.415625 0.425000 0.416406 0.426042 0.417187 0.426042 0.417969 0.427083 0.417969 0.428125 0.418750 0.429167 0.418750 0.430208 0.419531 0.431250 0.420312 0.431250 0.421094 0.432292 0.421875 0.432292 0.422656 0.432292 0.422656 0.433333 0.422656 0.434375 0.423438 0.435417 0.423438 0.437500 0.424219 0.438542 0.424219 0.439583 0.424219 0.440625 0.423438 0.441667 0.423438 0.442708 0.422656 0.443750 0.420312 0.443750 0.419531 0.444792 0.418750 0.443750 0.417969 0.443750 0.417187 0.442708 0.415625 0.442708 0.414844 0.442708 0.414062 0.441667 0.413281 0.441667 0.413281 0.436458 0.413281 0.435417 0.412500 0.434375 0.412500 0.433333 0.412500 0.432292 0.411719 0.431250 0.411719 0.430208 0.410938 0.429167 0.410156 0.428125 0.410156 0.425000
0 0.639104 0.438542 0.639062 0.433333 0.635156 0.433333 0.634375 0.432292 0.632812 0.432292 0.632812 0.434375 0.632031 0.435417 0.632812 0.436458 0.632812 0.438542 0.633594 0.439583 0.634375 0.439583 0.635938 0.441667 0.637500 0.441667 0.638281 0.440625 0.638281 0.439583 0.639062 0.438542
0 0.253125 0.433333 0.255469 0.433333 0.256250 0.433333 0.256250 0.434375 0.257031 0.435417 0.256250 0.435417 0.255469 0.436458 0.254688 0.437500 0.253125 0.437500 0.252344 0.437500 0.252344 0.435417 0.252344 0.434375 0.253125 0.433333
0 0.054688 0.436458 0.057813 0.436458 0.058594 0.436458 0.058594 0.439583 0.058594 0.440625 0.057813 0.441667 0.057031 0.442708 0.055469 0.442708 0.054688 0.442708 0.053906 0.441667 0.053125 0.440625 0.053906 0.439583 0.054688 0.438542 0.054688 0.436458
0 0.085156 0.438542 0.086719 0.438542 0.087500 0.438542 0.087500 0.442708 0.087500 0.443750 0.086719 0.444792 0.085938 0.445833 0.084375 0.445833 0.083594 0.445833 0.082812 0.444792 0.082031 0.443750 0.082031 0.442708 0.082031 0.441667 0.082812 0.440625 0.083594 0.439583 0.084375 0.439583 0.085156 0.438542
0 0.169531 0.438542 0.171094 0.438542 0.171875 0.438542 0.171875 0.440625 0.171875 0.441667 0.171094 0.442708 0.170313 0.443750 0.169531 0.442708 0.168750 0.441667 0.168750 0.440625 0.168750 0.439583 0.169531 0.438542
0 0.018750 0.439583 0.019531 0.439583 0.020313 0.439583 0.021094 0.440625 0.022656 0.440625 0.023438 0.441667 0.023438 0.443750 0.022656 0.444792 0.022656 0.447917 0.022656 0.448958 0.021875 0.450000 0.021094 0.450000 0.020313 0.451042 0.019531 0.450000 0.019531 0.441667 0.019531 0.440625 0.018750 0.439583
0 0.132031 0.442708 0.134375 0.442708 0.135156 0.442708 0.135937 0.443750 0.135937 0.444792 0.136719 0.445833 0.136719 0.448958 0.136719 0.450000 0.135937 0.451042 0.135156 0.451042 0.134375 0.452083 0.133594 0.453125 0.132031 0.453125 0.131250 0.453125 0.131250 0.444792 0.130469 0.443750 0.131250 0.443750 0.132031 0.442708
0 0.200000 0.450000 0.200781 0.450000 0.201563 0.450000 0.201563 0.452083 0.202344 0.453125 0.201563 0.453125 0.200781 0.454167 0.200000 0.454167 0.199219 0.453125 0.199219 0.452083 0.199219 0.451042 0.200000 0.450000
0 0.297656 0.452083 0.300000 0.452083 0.300781 0.453125 0.300000 0.454167 0.299219 0.455208 0.298438 0.455208 0.297656 0.456250 0.296875 0.455208 0.296875 0.454167 0.296875 0.453125 0.297656 0.452083
0 0.271875 0.457292 0.273438 0.457292 0.274219 0.458333 0.274219 0.460417 0.274219 0.461458 0.275000 0.462500 0.275781 0.462500 0.274219 0.462500 0.273438 0.463542 0.270313 0.463542 0.269531 0.464583 0.269531 0.461458 0.268750 0.460417 0.269531 0.460417 0.271875 0.457292
0 0.332031 0.458333 0.334375 0.458333 0.335156 0.458333 0.335156 0.461458 0.335156 0.462500 0.335938 0.463542 0.335938 0.464583 0.335938 0.465625 0.336719 0.466667 0.337500 0.466667 0.337500 0.467708 0.336719 0.468750 0.332813 0.468750 0.332031 0.468750 0.332031 0.458333
0 0.067969 0.462500 0.069531 0.462500 0.070312 0.462500 0.070312 0.463542 0.070312 0.464583 0.069531 0.465625 0.068750 0.466667 0.067969 0.466667 0.067187 0.465625 0.067187 0.464583 0.066406 0.463542 0.067187 0.463542 0.067969 0.462500
0 0.250781 0.462500 0.251563 0.462500 0.252344 0.462500 0.252344 0.463542 0.253125 0.464583 0.253125 0.465625 0.252344 0.466667 0.251563 0.466667 0.250781 0.467708 0.250000 0.467708 0.250000 0.465625 0.249219 0.464583 0.250000 0.464583 0.250781 0.463542 0.250781 0.462500
0 0.192188 0.472917 0.196094 0.472917 0.196875 0.472917 0.196875 0.476042 0.197656 0.477083 0.196875 0.478125 0.196094 0.479167 0.195312 0.479167 0.194531 0.480208 0.193750 0.481250 0.192969 0.481250 0.192188 0.481250 0.192188 0.472917
0 0.257031 0.477083 0.260156 0.477083 0.260937 0.477083 0.260937 0.478125 0.261719 0.479167 0.261719 0.480208 0.260937 0.481250 0.260156 0.481250 0.259375 0.482292 0.257812 0.482292 0.257031 0.482292 0.257031 0.480208 0.256250 0.479167 0.257031 0.478125 0.257031 0.477083
0 0.113281 0.478125 0.114062 0.478125 0.114844 0.478125 0.115625 0.479167 0.116406 0.479167 0.117188 0.479167 0.116406 0.479167 0.115625 0.480208 0.115625 0.487500 0.115625 0.488542 0.117188 0.490625 0.117969 0.490625 0.117969 0.494792 0.117188 0.495833 0.114844 0.495833 0.114062 0.495833 0.113281 0.494792 0.112500 0.494792 0.111719 0.493750 0.111719 0.490625 0.110937 0.489583 0.111719 0.488542 0.112500 0.487500 0.112500 0.485417 0.113281 0.484375 0.113281 0.480208 0.112500 0.479167 0.113281 0.478125
0 0.099219 0.480208 0.100000 0.480208 0.100781 0.480208 0.100781 0.482292 0.100781 0.483333 0.100000 0.484375 0.099219 0.485417 0.098437 0.485417 0.097656 0.485417 0.097656 0.483333 0.097656 0.482292 0.098437 0.482292 0.099219 0.481250 0.099219 0.480208
0 0.225781 0.487500 0.225781 0.486458 0.225670 0.486310 0.222656 0.486310 0.221094 0.488542 0.221094 0.490625 0.223438 0.490625
0 0.264062 0.483333 0.264844 0.484375 0.265625 0.484375 0.265625 0.487500 0.265625 0.488542 0.266406 0.489583 0.267188 0.490625 0.266406 0.490625 0.265625 0.491667 0.264844 0.491667 0.264062 0.491667 0.263281 0.490625 0.262500 0.490625 0.262500 0.489583 0.262500 0.488542 0.263281 0.487500 0.264062 0.486458 0.264062 0.483333
0 0.234375 0.488542 0.235156 0.488542 0.235937 0.488542 0.235937 0.489583 0.235937 0.490625 0.235156 0.491667 0.234375 0.491667 0.233594 0.492708 0.232813 0.492708 0.232813 0.491667 0.232813 0.490625 0.234375 0.488542
0 0.160156 0.497917 0.159350 0.496842 0.155469 0.496875 0.156250 0.497917 0.156250 0.498958 0.157031 0.498958 0.157812 0.500000 0.157812 0.500351 0.158330 0.500351
0 0.236719 0.501042 0.236719 0.500000 0.235937 0.500000 0.235156 0.498958 0.235156 0.497917 0.233594 0.497917 0.233594 0.501042 0.232813 0.502083 0.233246 0.502661 0.233941 0.502661 0.234375 0.502083 0.235937 0.502083
0 0.089063 0.507292 0.090625 0.507292 0.091406 0.508333 0.091406 0.509375 0.090625 0.510417 0.089844 0.510417 0.089063 0.511458 0.089063 0.510417 0.088281 0.509375 0.089063 0.508333 0.089063 0.507292
0 0.242969 0.512500 0.246094 0.512500 0.246094 0.513542 0.245312 0.514583 0.244531 0.515625 0.243750 0.515625 0.242969 0.515625 0.242969 0.512500
0 0.598437 0.533333 0.602344 0.533333 0.603125 0.533333 0.603125 0.535417 0.603125 0.536458 0.602344 0.537500 0.601562 0.537500 0.600781 0.538542 0.599219 0.538542 0.598437 0.538542 0.598437 0.533333
0 0.225781 0.539583 0.226562 0.539583 0.227344 0.539583 0.227344 0.542708 0.226562 0.543750 0.225781 0.543750 0.225000 0.542708 0.225000 0.541667 0.225000 0.540625 0.225781 0.539583
0 0.068750 0.548958 0.068750 0.550000 0.069531 0.551042 0.071094 0.551042 0.071875 0.552083 0.071875 0.553125 0.071875 0.554167 0.070312 0.556250 0.070312 0.557292 0.069531 0.558333 0.061719 0.558333 0.060937 0.558333 0.060937 0.557292 0.060156 0.556250 0.060937 0.555208 0.060937 0.552083 0.060937 0.551042 0.062500 0.551042 0.063281 0.550000 0.064062 0.550000 0.064844 0.550000 0.065625 0.551042 0.067187 0.551042 0.067969 0.551042 0.068750 0.550000 0.068750 0.548958
0 0.018750 0.550000 0.019531 0.551042 0.020313 0.551042 0.021094 0.551042 0.021094 0.554167 0.020313 0.555208 0.019531 0.555208 0.018750 0.555208 0.018750 0.550000
0 0.047656 0.552083 0.048438 0.552083 0.049219 0.552083 0.050000 0.553125 0.050000 0.554167 0.049219 0.555208 0.048438 0.556250 0.046875 0.556250 0.046094 0.556250 0.045312 0.555208 0.047656 0.552083
0 0.277344 0.552083 0.278125 0.553125 0.278906 0.553125 0.278906 0.554167 0.278125 0.555208 0.277344 0.556250 0.276562 0.556250 0.275781 0.556250 0.275000 0.555208 0.275000 0.554167 0.275000 0.553125 0.275781 0.553125 0.276562 0.553125 0.277344 0.552083
0 0.012500 0.564583 0.012500 0.561458 0.009375 0.561458 0.008863 0.562141 0.008863 0.562859 0.009375 0.563542 0.009375 0.564583 0.010156 0.564583 0.010937 0.565625 0.011719 0.565625
0 0.600781 0.561458 0.602344 0.561458 0.603125 0.561458 0.603125 0.566667 0.602344 0.567708 0.601562 0.567708 0.601562 0.566667 0.600781 0.565625 0.600781 0.561458
0 0.271094 0.566667 0.274219 0.566667 0.275000 0.566667 0.275000 0.567708 0.275000 0.568750 0.274219 0.569792 0.271875 0.569792 0.271094 0.569792 0.271094 0.568750 0.270313 0.567708 0.271094 0.566667
0 0.131250 0.567708 0.134375 0.567708 0.135156 0.567708 0.134375 0.568750 0.134375 0.570833 0.133594 0.571875 0.132812 0.571875 0.132031 0.571875 0.132031 0.569792 0.132031 0.568750 0.131250 0.567708
0 0.626563 0.571923 0.622629 0.571830 0.622656 0.575000 0.623437 0.576042 0.624219 0.576042 0.626543 0.572942 0.626543 0.571923
0 0.144531 0.569792 0.146875 0.569792 0.147656 0.569792 0.148438 0.570833 0.149219 0.570833 0.149219 0.571875 0.148438 0.572917 0.147656 0.573958 0.146875 0.573958 0.146094 0.573958 0.146094 0.572917 0.145313 0.571875 0.145313 0.570833 0.144531 0.569792
0 0.605469 0.573958 0.609375 0.573958 0.610156 0.573958 0.610156 0.575000 0.610938 0.576042 0.610938 0.577083 0.610156 0.578125 0.607812 0.578125 0.607031 0.578125 0.606250 0.577083 0.605469 0.577083 0.605469 0.573958
0 0.972656 0.573958 0.975781 0.573958 0.976562 0.573958 0.977344 0.575000 0.977344 0.576042 0.976562 0.577083 0.976562 0.578125 0.976562 0.579167 0.975781 0.580208 0.975000 0.581250 0.974219 0.581250 0.973437 0.581250 0.972656 0.582292 0.971875 0.582292 0.971094 0.582292 0.970313 0.581250 0.970313 0.579167 0.970313 0.578125 0.971094 0.578125 0.971875 0.577083 0.971875 0.576042 0.972656 0.575000 0.972656 0.573958
0 0.183594 0.578125 0.184375 0.578125 0.185156 0.578125 0.185156 0.579167 0.185938 0.580208 0.185938 0.581250 0.185156 0.582292 0.184375 0.583333 0.183594 0.583333 0.182812 0.584375 0.182812 0.581250 0.182812 0.580208 0.183594 0.579167 0.183594 0.578125
0 0.238281 0.579167 0.239844 0.579167 0.239844 0.580208 0.239063 0.581250 0.238281 0.582292 0.237500 0.582292 0.236719 0.583333 0.235937 0.583333 0.235156 0.582292 0.235156 0.581250 0.235156 0.580208 0.236719 0.580208 0.237500 0.580208 0.238281 0.579167
0 0.326786 0.208867 0.326428 0.210188 0.326428 0.213370 0.325395 0.213419 0.324809 0.214774 0.325395 0.216128 0.326268 0.216234 0.325581 0.219601 0.324140 0.222331 0.322947 0.222540 0.318922 0.221253 0.318134 0.219089 0.318918 0.217201 0.318336 0.215853 0.318492 0.214801 0.319347 0.213122 0.319504 0.211565 0.321333 0.210430 0.321691 0.207036 0.323933 0.207165 0.326849 0.208784
0 0.079385 0.670590 0.078980 0.672208 0.077539 0.674129 0.076162 0.674608 0.075293 0.676211 0.076102 0.682282 0.076883 0.683717 0.076140 0.684402 0.076182 0.686673 0.075355 0.686796 0.074926 0.687369 0.074769 0.688767 0.074121 0.688903 0.071714 0.686807 0.071128 0.685453 0.071463 0.684526 0.072314 0.683758 0.073752 0.683482 0.073568 0.683114 0.072415 0.682800 0.071874 0.681671 0.071289 0.681463 0.070378 0.682103 0.069240 0.681081 0.067264 0.680873 0.065822 0.679221 0.065666 0.676821 0.066594 0.674608 0.065645 0.674399 0.064811 0.673287 0.064452 0.670887 0.064609 0.668488 0.065241 0.667645 0.066730 0.667277 0.067849 0.666358 0.068760 0.666999 0.069653 0.666257 0.073918 0.666516 0.075443 0.666064 0.078348 0.667106 0.079385 0.668488 0.079541 0.669808
0 0.010153 0.519838 0.009567 0.518484 0.008580 0.518248 0.007746 0.516326 0.006149 0.516118 0.005133 0.516899 0.005133 0.518731 0.006035 0.519472 0.005584 0.520917 0.006170 0.522271 0.007341 0.522271 0.009996 0.520620
0 0.011615 0.355814 0.010599 0.355359 0.006574 0.355578 0.005988 0.354224 0.006145 0.351555 0.007586 0.350442 0.008758 0.350442 0.011615 0.353713 0.011771 0.355033
0 0.076506 0.263055 0.074327 0.258767 0.073109 0.257717 0.070703 0.257925 0.069464 0.260656 0.069464 0.262758 0.071487 0.266534 0.072316 0.267372 0.074930 0.266078 0.076163 0.266078 0.076350 0.263836
0 0.049196 0.274384 0.049040 0.273603 0.047930 0.272662 0.045576 0.269254 0.043927 0.268559 0.042339 0.265477 0.040539 0.264999 0.039751 0.265208 0.036923 0.268313 0.036902 0.269771 0.035886 0.270552 0.035296 0.270338 0.034669 0.271984 0.034310 0.276002 0.034466 0.276784 0.035482 0.277565 0.036498 0.276784 0.036654 0.275384 0.039656 0.276735 0.041171 0.275407 0.048024 0.275946 0.049040 0.275165
0 0.102244 0.123307 0.100325 0.125057 0.098375 0.127926 0.096799 0.127926 0.095965 0.126274 0.094797 0.119559 0.095383 0.118205 0.098599 0.117187 0.099387 0.117395 0.099817 0.117968 0.099973 0.119744 0.101815 0.120902 0.102400 0.122526
0 0.151402 0.183187 0.150387 0.183968 0.147757 0.183968 0.147171 0.183760 0.146585 0.182406 0.146741 0.181625 0.147757 0.180843 0.150973 0.181052 0.151559 0.182406
0 0.106290 0.104696 0.105456 0.106887 0.104284 0.106887 0.103698 0.105533 0.103854 0.101785 0.104284 0.101212 0.105456 0.101212 0.106446 0.103914
0 0.233692 0.153545 0.233535 0.151145 0.232520 0.150364 0.229683 0.152494 0.229806 0.154219 0.229325 0.155972 0.230518 0.158136 0.232094 0.158136 0.232928 0.156754 0.233535 0.154326
0 0.336863 0.142486 0.336277 0.141132 0.335287 0.140923 0.332476 0.142480 0.331035 0.144402 0.331035 0.146774 0.331464 0.147347 0.332657 0.147555 0.334482 0.145964 0.334567 0.144826 0.336707 0.143267
0 0.347631 0.147313 0.346616 0.148094 0.342772 0.148094 0.340163 0.147616 0.339577 0.146262 0.340163 0.144908 0.342570 0.144700 0.346616 0.144969 0.347201 0.145178 0.347787 0.146532
0 0.368220 0.150038 0.367634 0.148684 0.365408 0.146526 0.363832 0.146526 0.363246 0.147880 0.363402 0.148662 0.364843 0.150583 0.366845 0.151601 0.368063 0.150820
0 0.452895 0.073573 0.452520 0.074073 0.451560 0.074167 0.450295 0.075961 0.449280 0.075961 0.448764 0.074784 0.448905 0.071409 0.449886 0.070100 0.451406 0.069913 0.452693 0.070870 0.453036 0.072896
0 0.665475 0.609389 0.665046 0.606936 0.663837 0.605594 0.662181 0.605594 0.660972 0.606936 0.660972 0.609684 0.662181 0.611565 0.663818 0.611597 0.665248 0.610493
0 0.629239 0.772061 0.627809 0.773166 0.626981 0.772863 0.626153 0.770957 0.626380 0.769853 0.627809 0.768749 0.628637 0.769051 0.629466 0.770957
0 0.743537 0.772601 0.742107 0.773705 0.741279 0.773403 0.740451 0.771497 0.740678 0.770392 0.742107 0.769288 0.742936 0.769590 0.743764 0.771497
0 0.768868 0.782706 0.762521 0.784426 0.761323 0.785768 0.758051 0.786110 0.756200 0.786919 0.753234 0.786922 0.750023 0.786110 0.737859 0.786112 0.733592 0.785001 0.730380 0.782336 0.727928 0.782034 0.727100 0.780128 0.727928 0.778222 0.733877 0.777113 0.737859 0.775762 0.742107 0.775492 0.746419 0.776034 0.749013 0.775494 0.749579 0.771741 0.750180 0.770939 0.751211 0.770637 0.755604 0.773804 0.757208 0.774411 0.768627 0.781728 0.768984 0.782550
0 0.809517 0.584590 0.806843 0.583174 0.799560 0.583174 0.798681 0.583544 0.798308 0.582686 0.798535 0.581581 0.799679 0.580459 0.799320 0.579179 0.799546 0.577805 0.800976 0.576701 0.804455 0.577911 0.806260 0.579416 0.809988 0.584226
0 0.891185 0.602043 0.887000 0.602852 0.879515 0.603122 0.872355 0.602313 0.870937 0.600692 0.872283 0.599258 0.870674 0.592289 0.869183 0.589492 0.866164 0.590194 0.865429 0.591174 0.863902 0.591971 0.862799 0.593871 0.860499 0.595049 0.858753 0.597647 0.857215 0.598127 0.855879 0.597647 0.854894 0.596335 0.854333 0.593475 0.855097 0.588726 0.856795 0.586731 0.853978 0.587607 0.852642 0.587128 0.851658 0.585815 0.851298 0.584034 0.851658 0.582253 0.853047 0.580401 0.856608 0.579113 0.859360 0.579592 0.861356 0.582523 0.862245 0.585056 0.863971 0.583638 0.867734 0.582349 0.870364 0.582080 0.879994 0.583638 0.881796 0.585320 0.884727 0.585856 0.887884 0.587414 0.888868 0.588726 0.889299 0.590201 0.889128 0.591047 0.890547 0.596288 0.891205 0.602030
0 0.886378 0.578846 0.884983 0.581417 0.882603 0.584419 0.880074 0.584237 0.878441 0.585113 0.876231 0.584910 0.873479 0.583891 0.872494 0.582579 0.872135 0.580797 0.872494 0.579016 0.873479 0.577704 0.875624 0.577224 0.881794 0.578215 0.884160 0.577634 0.886380 0.578836
0 0.894916 0.584711 0.894541 0.585211 0.892415 0.585668 0.888166 0.585668 0.886867 0.584654 0.885235 0.586020 0.883311 0.586747 0.881994 0.586560 0.881479 0.585383 0.881994 0.584206 0.884875 0.583229 0.886849 0.580969 0.889369 0.580368 0.889306 0.577693 0.890189 0.577005 0.890863 0.577179 0.891808 0.576196 0.892315 0.576384 0.892831 0.577561 0.892602 0.582131 0.894541 0.582857 0.895056 0.584034
0 0.997824 0.103375 0.997308 0.102198 0.996292 0.102198 0.994704 0.104586 0.994564 0.105582 0.993056 0.106514 0.992338 0.107960 0.992853 0.109138 0.993361 0.109325 0.995083 0.108598 0.996267 0.107289 0.996609 0.105754 0.997683 0.104052
0 0.986152 0.216530 0.983956 0.218108 0.982941 0.218108 0.982425 0.216931 0.982566 0.213017 0.983449 0.212330 0.984968 0.212787 0.986152 0.214366 0.986293 0.215853
0 0.994385 0.153275 0.994244 0.152598 0.993361 0.151911 0.991397 0.152578 0.990430 0.150749 0.989517 0.150562 0.988635 0.151249 0.987888 0.153594 0.986177 0.156414 0.985250 0.156773 0.985343 0.155295 0.984258 0.154608 0.982363 0.156644 0.982161 0.157453 0.982161 0.159347 0.983343 0.160303 0.983234 0.161367 0.983750 0.162544 0.986685 0.162192 0.989216 0.159847 0.991261 0.156401 0.994244 0.153952
0 0.991007 0.213293 0.989315 0.214520 0.987998 0.213793 0.987280 0.212346 0.987796 0.211169 0.988506 0.210981 0.990632 0.211439 0.991148 0.212616
0 0.979416 0.438675 0.977986 0.439779 0.977158 0.439477 0.976330 0.437571 0.976557 0.436466 0.977986 0.435362 0.978815 0.435664 0.979643 0.437571
0 0.349219 0.119792 0.352344 0.120833 0.353125 0.120833 0.370312 0.139583 0.371094 0.140625 0.375000 0.142708 0.375781 0.142708 0.376563 0.145833 0.376563 0.146875 0.381250 0.150000 0.382031 0.151042 0.380469 0.161458 0.379688 0.162500 0.372656 0.165625 0.371875 0.165625 0.368750 0.168750 0.367969 0.169792 0.361719 0.172917 0.360938 0.173958 0.357812 0.173958 0.357031 0.173958 0.346094 0.166667 0.345313 0.166667 0.339062 0.160417 0.338281 0.160417 0.335938 0.156250 0.335156 0.155208 0.325781 0.150000 0.325000 0.148958 0.325000 0.144792 0.325000 0.143750 0.331250 0.133333 0.332031 0.132292 0.342969 0.127083 0.343750 0.127083 0.349219 0.119792
0 0.584334 0.653480 0.584334 0.650123 0.584639 0.649716 0.587615 0.649818 0.587996 0.650021 0.587920 0.651242 0.587386 0.652971 0.586776 0.653785 0.586776 0.654395 0.584334 0.654294
0 0.587996 0.648292 0.587081 0.646562 0.587310 0.646054 0.589370 0.645749 0.590819 0.645749 0.590743 0.648597 0.590590 0.649106 0.589599 0.650225 0.588607 0.650225 0.588301 0.649818 0.588301 0.649207
0 0.916906 0.691682 0.915476 0.692786 0.914648 0.692484 0.913820 0.690577 0.914047 0.689473 0.915476 0.688369 0.916305 0.688671 0.917133 0.690577
0 0.829688 0.586458 0.829688 0.582292 0.827344 0.582292 0.826562 0.581250 0.825781 0.582292 0.822108 0.582292 0.822232 0.585417 0.825000 0.585417 0.825781 0.586458 0.826562 0.586458 0.827344 0.587500 0.828906 0.587500
0 0.842187 0.583333 0.842969 0.584375 0.843750 0.584375 0.842969 0.585417 0.842969 0.587500 0.842969 0.588542 0.842187 0.589583 0.840625 0.589583 0.839844 0.589583 0.839063 0.588542 0.838281 0.588542 0.839063 0.588542 0.839844 0.587500 0.839844 0.586458 0.839844 0.585417 0.840625 0.584375 0.841406 0.584375 0.842187 0.583333
0 0.583594 0.584375 0.585156 0.584375 0.585938 0.585417 0.585938 0.586458 0.585156 0.587500 0.584375 0.588542 0.583594 0.588542 0.582812 0.588542 0.582812 0.586458 0.582812 0.585417 0.583594 0.584375
0 0.310156 0.605208 0.310156 0.600000 0.309375 0.598958 0.309375 0.592708 0.307812 0.592708 0.307031 0.591667 0.306250 0.591667 0.306057 0.591409 0.304881 0.591409 0.304688 0.591667 0.303125 0.591667 0.303125 0.594792 0.303906 0.595833 0.303906 0.605208 0.307031 0.609375 0.307031 0.611458 0.307812 0.611458 0.308594 0.610417 0.308594 0.609375 0.309375 0.608333 0.309375 0.606250
0 0.906824 0.596408 0.906438 0.594488 0.906063 0.593988 0.905555 0.593800 0.905216 0.593907 0.904687 0.593675 0.904687 0.592708 0.903125 0.592708 0.903125 0.597917 0.903906 0.597917 0.904183 0.597547 0.904360 0.597782 0.905653 0.598231 0.906161 0.598044 0.906536 0.597544 0.906683 0.597086
0 0.609375 0.596875 0.612500 0.596875 0.613281 0.597917 0.612500 0.598958 0.612500 0.600000 0.611719 0.601042 0.610938 0.601042 0.610156 0.601042 0.610156 0.600000 0.609375 0.598958 0.609375 0.596875
0 0.650781 0.598958 0.656250 0.598958 0.657031 0.600000 0.656250 0.600000 0.655469 0.601042 0.654687 0.602083 0.653906 0.602083 0.653125 0.603125 0.652344 0.603125 0.652344 0.602083 0.651563 0.601042 0.651563 0.600000 0.650781 0.598958
0 0.987500 0.600000 0.989062 0.600000 0.989844 0.600000 0.990625 0.601042 0.991406 0.601042 0.992188 0.601042 0.992969 0.602083 0.993750 0.602083 0.994531 0.602083 0.995313 0.603125 0.996094 0.603125 0.996875 0.604167 0.995313 0.606250 0.995313 0.607292 0.994531 0.608333 0.993750 0.608333 0.992969 0.609375 0.991406 0.609375 0.990625 0.608333 0.988281 0.608333 0.987500 0.608333 0.987500 0.604167 0.986719 0.603125 0.986719 0.602083 0.986719 0.601042 0.987500 0.600000
0 0.025004 0.608329 0.024961 0.605208 0.023784 0.605208 0.023784 0.605643 0.023656 0.605758 0.022625 0.605930 0.022625 0.606101 0.022068 0.606101 0.022068 0.606330 0.021467 0.606330 0.021467 0.606502 0.020866 0.606502 0.020866 0.606788 0.020394 0.606788 0.020351 0.606960 0.020093 0.606960 0.020093 0.607246 0.019750 0.607360 0.019750 0.607532 0.019531 0.607704 0.019531 0.608333 0.018750 0.609375 0.018750 0.611458 0.019531 0.612500 0.021875 0.612500
0 0.264844 0.601042 0.267188 0.601042 0.267969 0.601042 0.267969 0.602083 0.267969 0.603125 0.267188 0.604167 0.265625 0.604167 0.264844 0.604167 0.264844 0.601042
0 0.272656 0.601042 0.273438 0.601042 0.274219 0.601042 0.274219 0.603125 0.275000 0.604167 0.274219 0.604167 0.273438 0.605208 0.272656 0.605208 0.271875 0.605208 0.271875 0.603125 0.271875 0.602083 0.272656 0.601042
0 0.014063 0.611458 0.013281 0.610417 0.013281 0.609375 0.009375 0.609375 0.008594 0.610417 0.007812 0.610417 0.007812 0.613542 0.008594 0.613542 0.009375 0.614583 0.010937 0.614583 0.013281 0.611458
0 0.649219 0.610417 0.653125 0.610417 0.653906 0.611458 0.653906 0.614583 0.654687 0.615625 0.654687 0.616667 0.653906 0.617708 0.653125 0.618750 0.648438 0.618750 0.647656 0.618750 0.647656 0.616667 0.647656 0.615625 0.648438 0.614583 0.649219 0.613542 0.649219 0.610417
0 0.674219 0.618750 0.676562 0.618750 0.677344 0.618750 0.677344 0.620833 0.678125 0.621875 0.677344 0.622917 0.677344 0.623958 0.676562 0.625000 0.676562 0.626042 0.675781 0.627083 0.675000 0.627083 0.674219 0.628125 0.673438 0.628125 0.672656 0.627083 0.671875 0.627083 0.671875 0.623958 0.671094 0.622917 0.671875 0.621875 0.672656 0.621875 0.673438 0.621875 0.674219 0.620833 0.674219 0.618750
0 0.892969 0.618750 0.895312 0.618750 0.896094 0.618750 0.896094 0.620833 0.896094 0.621875 0.895312 0.622917 0.893750 0.622917 0.892969 0.622917 0.892969 0.618750
0 0.299219 0.621875 0.300000 0.622917 0.301563 0.622917 0.302344 0.622917 0.302344 0.623958 0.302344 0.625000 0.301563 0.626042 0.300781 0.626042 0.300000 0.627083 0.299219 0.626042 0.298438 0.626042 0.297656 0.625000 0.297656 0.623958 0.297656 0.622917 0.298438 0.622917 0.299219 0.621875
0 0.137500 0.622917 0.138281 0.623958 0.139063 0.623958 0.139844 0.625000 0.140625 0.625000 0.140625 0.626042 0.139844 0.627083 0.139063 0.628125 0.138281 0.628125 0.137500 0.629167 0.136719 0.629167 0.135937 0.628125 0.135937 0.625000 0.135937 0.623958 0.136719 0.623958 0.137500 0.622917
0 0.221094 0.623958 0.225781 0.623958 0.226562 0.623958 0.227344 0.625000 0.227344 0.626042 0.226562 0.627083 0.221875 0.627083 0.221094 0.627083 0.221094 0.623958
0 0.932031 0.623958 0.932813 0.625000 0.935937 0.625000 0.936719 0.625000 0.936719 0.626042 0.937500 0.627083 0.937500 0.628125 0.938281 0.629167 0.937500 0.629167 0.936719 0.630208 0.931250 0.630208 0.930469 0.630208 0.930469 0.629167 0.929688 0.628125 0.929688 0.627083 0.929688 0.626042 0.930469 0.625000 0.931250 0.625000 0.932031 0.623958
0 0.969531 0.626042 0.972656 0.626042 0.973437 0.626042 0.972656 0.627083 0.972656 0.628125 0.971875 0.629167 0.971094 0.630208 0.970313 0.630208 0.970313 0.628125 0.970313 0.627083 0.969531 0.626042
0 0.367188 0.241667 0.371094 0.241667 0.371875 0.242708 0.371875 0.243750 0.371094 0.244792 0.370312 0.245833 0.370312 0.247917 0.369531 0.248958 0.367969 0.248958 0.367188 0.248958 0.366406 0.247917 0.366406 0.246875 0.365625 0.245833 0.365625 0.244792 0.364844 0.243750 0.365625 0.242708 0.366406 0.242708 0.367188 0.241667
0 0.165625 0.630208 0.165625 0.629167 0.164844 0.629167 0.164062 0.628125 0.162466 0.628125 0.162500 0.631250 0.163281 0.632292 0.164062 0.631250 0.164844 0.631250
0 0.092969 0.632292 0.096875 0.632292 0.097656 0.632292 0.098437 0.633333 0.099219 0.633333 0.100000 0.633333 0.100000 0.636458 0.100781 0.637500 0.100000 0.638542 0.099219 0.639583 0.099219 0.640625 0.098437 0.641667 0.094531 0.641667 0.093750 0.641667 0.093750 0.638542 0.092969 0.637500 0.092969 0.632292
0 0.285938 0.633333 0.286719 0.633333 0.287500 0.633333 0.288281 0.634375 0.289062 0.635417 0.288281 0.636458 0.287500 0.637500 0.286719 0.637500 0.285938 0.637500 0.285938 0.635417 0.285156 0.634375 0.285938 0.633333
0 0.896094 0.638542 0.896875 0.638542 0.897656 0.638542 0.898438 0.639583 0.899219 0.640625 0.901563 0.640625 0.902344 0.640625 0.902344 0.643750 0.903125 0.644792 0.902344 0.644792 0.901563 0.645833 0.901563 0.647917 0.900781 0.648958 0.900000 0.648958 0.899219 0.648958 0.899219 0.647917 0.898438 0.646875 0.897656 0.645833 0.896875 0.645833 0.896094 0.644792 0.896094 0.638542
0 0.920848 0.643171 0.921669 0.642373 0.921732 0.641628 0.922075 0.641499 0.922576 0.641499 0.922999 0.641286 0.923438 0.641667 0.924219 0.642708 0.924219 0.645833 0.924219 0.646875 0.923438 0.647917 0.922656 0.648958 0.919531 0.648958 0.918750 0.648958 0.918750 0.646875 0.917969 0.645833 0.918750 0.644792 0.919531 0.643750 0.919930 0.643490
0 0.936719 0.641667 0.936719 0.640625 0.935937 0.640625 0.935156 0.639583 0.934375 0.639583 0.933594 0.638542 0.932813 0.639583 0.931250 0.639583 0.929688 0.641667 0.929688 0.645833 0.930469 0.645833 0.931250 0.646875 0.931250 0.648712 0.932048 0.648712 0.932048 0.648958 0.934375 0.648958 0.935156 0.647917 0.935156 0.646875 0.935937 0.645833 0.935937 0.642708
0 0.063224 0.300287 0.061731 0.299239 0.061573 0.297143 0.062281 0.296199 0.062517 0.294732 0.063303 0.293789 0.063774 0.292217 0.064717 0.290854 0.065346 0.290750 0.066683 0.291274 0.067233 0.292741 0.068490 0.293999 0.069119 0.295361 0.068333 0.297667 0.067940 0.299868 0.065975 0.300182
0 0.072656 0.303326 0.069748 0.302907 0.069355 0.303955 0.069434 0.307099 0.069276 0.308357 0.068726 0.308252 0.068648 0.309090 0.070456 0.310663 0.071477 0.309824 0.073285 0.309300 0.073757 0.305632
0 0.218504 0.266648 0.216880 0.266880 0.215604 0.267421 0.215430 0.269741 0.214676 0.271983 0.210732 0.272679 0.209398 0.272679 0.208760 0.273684 0.207136 0.274690 0.206383 0.276932 0.206905 0.278401 0.207774 0.279716 0.208412 0.280335 0.211254 0.282113 0.212646 0.282577 0.214328 0.282423 0.215140 0.281881 0.216880 0.279948 0.218736 0.277319 0.218852 0.270359
0 0.222435 0.263649 0.220675 0.263376 0.220184 0.265886 0.220184 0.267523 0.220921 0.270633 0.222639 0.270306 0.223703 0.269432 0.224276 0.267850 0.224849 0.265886 0.223990 0.265068 0.223049 0.263813
0 0.066683 0.306470 0.065032 0.306051 0.064796 0.307309 0.065346 0.308357 0.066211 0.309719 0.067233 0.309090 0.067233 0.307414
0 0.054688 0.639583 0.055469 0.639583 0.056250 0.639583 0.056250 0.641667 0.057031 0.642708 0.055469 0.644792 0.054688 0.645833 0.052344 0.645833 0.051562 0.645833 0.051562 0.644792 0.051562 0.643750 0.053125 0.641667 0.053906 0.641667 0.054688 0.640625 0.054688 0.639583
0 0.647656 0.641667 0.650000 0.641667 0.650781 0.641667 0.650781 0.642708 0.653125 0.645833 0.653125 0.646875 0.652344 0.647917 0.651563 0.648958 0.647656 0.648958 0.646875 0.648958 0.646094 0.647917 0.646094 0.643750 0.646094 0.642708 0.646875 0.642708 0.647656 0.641667
0 0.989271 0.225775 0.989271 0.223108 0.988436 0.222912 0.986682 0.222912 0.986682 0.223959 0.986486 0.223959 0.986486 0.226167 0.987124 0.226364 0.989026 0.226364 0.989222 0.226037 0.989222 0.225775
0 0.278125 0.655208 0.278125 0.656250 0.277344 0.657292 0.276562 0.657292 0.275781 0.658333 0.273438 0.658333 0.273438 0.657292 0.271094 0.654167 0.271094 0.652083 0.270313 0.651042 0.271094 0.650000 0.271875 0.650000 0.272656 0.648958 0.272656 0.647917 0.273438 0.646875 0.273438 0.646300 0.274051 0.646152 0.275417 0.645364 0.276046 0.645315 0.276046 0.644792 0.278906 0.644792 0.278906 0.646875 0.279266 0.647354 0.279118 0.647490 0.279118 0.649699 0.279687 0.649699 0.279687 0.653125
0 0.228125 0.652083 0.227344 0.651042 0.227344 0.645833 0.226562 0.644792 0.224219 0.644792 0.223438 0.645833 0.223438 0.650000 0.222656 0.651042 0.222656 0.652083 0.221984 0.652980 0.221984 0.653270 0.222656 0.654167 0.223438 0.654167 0.224219 0.655208 0.224219 0.658333 0.225000 0.658333 0.225781 0.657292 0.225781 0.654167 0.227344 0.652083
0 0.818873 0.585187 0.818873 0.582538 0.818644 0.582233 0.815690 0.582301 0.815690 0.584509 0.816428 0.584509 0.816428 0.585527 0.816581 0.585561 0.818593 0.585561 0.818797 0.585459 0.818848 0.585187
0 0.678906 0.653125 0.678125 0.653125 0.675781 0.650000 0.673377 0.649919 0.673377 0.650078 0.672673 0.650078 0.671875 0.651042 0.671688 0.651042 0.671688 0.651834 0.671875 0.652083 0.671875 0.653125 0.672656 0.653125 0.673438 0.654167 0.673438 0.656250 0.675000 0.656250 0.675781 0.657292 0.677344 0.657292 0.678125 0.656250 0.678125 0.654167
0 0.811678 0.303125 0.811678 0.302229 0.810974 0.302229 0.810974 0.300881 0.810222 0.300842 0.810222 0.300021 0.806998 0.300095 0.806998 0.300917 0.803694 0.300842 0.803694 0.302037 0.803022 0.302111 0.803022 0.304320 0.803918 0.304394 0.803918 0.305290 0.805798 0.305290 0.806246 0.305066 0.806526 0.304320 0.807142 0.304320 0.807142 0.303095 0.809462 0.303125
0 0.807145 0.203333 0.807145 0.201124 0.804621 0.201124 0.804621 0.202153 0.802403 0.202153 0.802403 0.204361 0.802981 0.204395 0.802981 0.205518 0.803705 0.205518 0.803705 0.206097 0.805361 0.206097 0.805361 0.205454 0.805650 0.205454 0.805650 0.203333
0 0.907031 0.645833 0.907813 0.645833 0.908594 0.645833 0.910156 0.647917 0.910937 0.647917 0.910937 0.650000 0.910937 0.651042 0.910156 0.652083 0.910156 0.653125 0.909375 0.654167 0.908594 0.654167 0.907813 0.653125 0.907813 0.652083 0.907031 0.651042 0.906250 0.650000 0.906250 0.647917 0.906250 0.646875 0.907031 0.645833
0 0.142187 0.650000 0.146875 0.650000 0.147656 0.650000 0.147656 0.651042 0.148438 0.652083 0.145313 0.656250 0.144531 0.657292 0.143750 0.657292 0.142969 0.657292 0.142969 0.656250 0.142187 0.655208 0.141406 0.655208 0.141406 0.652083 0.141406 0.651042 0.142187 0.650000
0 0.180469 0.653125 0.180469 0.652083 0.179688 0.652083 0.178906 0.651042 0.177344 0.651042 0.177344 0.655208 0.178125 0.655208 0.178285 0.655422 0.178906 0.655422 0.178906 0.655208
0 0.087500 0.652083 0.089063 0.652083 0.089844 0.652083 0.089844 0.653125 0.090625 0.654167 0.089844 0.655208 0.089844 0.656250 0.088281 0.658333 0.087500 0.659375 0.086719 0.659375 0.085938 0.658333 0.085156 0.658333 0.084375 0.658333 0.084375 0.656250 0.084375 0.655208 0.085156 0.654167 0.085938 0.654167 0.086719 0.654167 0.087500 0.653125 0.087500 0.652083
0 0.580469 0.666667 0.581250 0.667708 0.582031 0.667708 0.582031 0.668750 0.582812 0.669792 0.582812 0.670833 0.583594 0.671875 0.583594 0.672917 0.582812 0.673958 0.582031 0.673958 0.581250 0.675000 0.578906 0.675000 0.578125 0.675000 0.577344 0.673958 0.577344 0.672917 0.576562 0.671875 0.577344 0.670833 0.577344 0.669792 0.578125 0.668750 0.578906 0.667708 0.579688 0.667708 0.580469 0.666667
0 0.221875 0.667708 0.222656 0.667708 0.223438 0.667708 0.224219 0.668750 0.224219 0.670833 0.225000 0.671875 0.224219 0.671875 0.223438 0.672917 0.222656 0.671875 0.221875 0.671875 0.221094 0.670833 0.221094 0.669792 0.221094 0.668750 0.221875 0.667708
0 0.102344 0.675000 0.102344 0.671875 0.099219 0.671875 0.098437 0.670833 0.098437 0.672917 0.098194 0.673242 0.098194 0.674675 0.098437 0.675000 0.098437 0.676042 0.099219 0.676042 0.100000 0.677083 0.100781 0.676042 0.101562 0.676042
0 0.242188 0.687500 0.241406 0.686458 0.241406 0.686212 0.240584 0.686212 0.240584 0.686367 0.237500 0.686446 0.237500 0.688542 0.238281 0.689583 0.239844 0.689583 0.241406 0.687500
0 0.261719 0.680208 0.262500 0.681250 0.263281 0.681250 0.264062 0.682292 0.264062 0.683333 0.263281 0.684375 0.262500 0.685417 0.260937 0.685417 0.260156 0.685417 0.260156 0.683333 0.260156 0.682292 0.260937 0.682292 0.261719 0.681250 0.261719 0.680208
0 0.170313 0.683333 0.171094 0.683333 0.171875 0.683333 0.171875 0.685417 0.171875 0.686458 0.171094 0.687500 0.168750 0.687500 0.167969 0.688542 0.167187 0.687500 0.168750 0.685417 0.168750 0.684375 0.169531 0.684375 0.170313 0.683333
0 0.686719 0.687500 0.685937 0.686458 0.682813 0.686458 0.682615 0.686721 0.682615 0.688279 0.683594 0.689583 0.685156 0.689583
0 0.589063 0.688542 0.590625 0.688542 0.591406 0.689583 0.591406 0.692708 0.590625 0.693750 0.589063 0.693750 0.588281 0.693750 0.588281 0.692708 0.587500 0.691667 0.586719 0.691667 0.586719 0.690625 0.586719 0.689583 0.587500 0.689583 0.588281 0.689583 0.589063 0.688542
0 0.145313 0.705208 0.147656 0.705208 0.148438 0.705208 0.148438 0.710417 0.147656 0.711458 0.146094 0.711458 0.145313 0.710417 0.145313 0.705208
0 0.255469 0.709375 0.257812 0.709375 0.258594 0.709375 0.258594 0.711458 0.258594 0.712500 0.260156 0.714583 0.260937 0.714583 0.260937 0.717708 0.261719 0.718750 0.260937 0.718750 0.260156 0.719792 0.260156 0.720833 0.259375 0.721875 0.258594 0.722917 0.258594 0.726042 0.257812 0.727083 0.257031 0.727083 0.256250 0.727083 0.255469 0.726042 0.254688 0.725000 0.254688 0.718750 0.254688 0.717708 0.253906 0.716667 0.253906 0.713542 0.253906 0.712500 0.253125 0.711458 0.252344 0.711458 0.253906 0.711458 0.254688 0.711458 0.255469 0.710417 0.255469 0.709375
0 0.485924 0.115558 0.485896 0.112567 0.482226 0.112604 0.481974 0.112641 0.481974 0.113350 0.480464 0.113350 0.480464 0.114581 0.481281 0.114581 0.481281 0.115619 0.485421 0.115708 0.485840 0.115558
0 0.646094 0.710417 0.648438 0.710417 0.649219 0.710417 0.650000 0.711458 0.650781 0.711458 0.650781 0.712500 0.650000 0.713542 0.649219 0.713542 0.648438 0.714583 0.647656 0.714583 0.646875 0.715625 0.646094 0.715625 0.645312 0.715625 0.645312 0.714583 0.644531 0.713542 0.644531 0.712500 0.644531 0.711458 0.645312 0.711458 0.646094 0.710417
0 0.415596 0.310626 0.415596 0.308058 0.415506 0.307818 0.415371 0.307578 0.414607 0.307099 0.414113 0.307099 0.414023 0.301108 0.413934 0.300809 0.412496 0.300809 0.412496 0.300030 0.410165 0.300149 0.410165 0.301288 0.409575 0.301108 0.407919 0.301108 0.407919 0.302246 0.406211 0.302246 0.406211 0.304283 0.405492 0.304463 0.405492 0.306671 0.406166 0.306671 0.406166 0.308289 0.407065 0.308349 0.407110 0.309308 0.410165 0.309188 0.410210 0.309367 0.410435 0.309367 0.410480 0.310626 0.410705 0.311105 0.411469 0.311404 0.413664 0.311404 0.414068 0.311045 0.415147 0.310865 0.415551 0.310626
0 0.304688 0.711458 0.307031 0.711458 0.307812 0.711458 0.308594 0.712500 0.308594 0.713542 0.307031 0.715625 0.306250 0.715625 0.306250 0.714583 0.305469 0.713542 0.304688 0.713542 0.304688 0.711458
0 0.039844 0.713542 0.042188 0.713542 0.042969 0.713542 0.043750 0.714583 0.044531 0.714583 0.044531 0.715625 0.044531 0.716667 0.042969 0.718750 0.042188 0.719792 0.040625 0.719792 0.039844 0.719792 0.039844 0.718750 0.039062 0.717708 0.039062 0.715625 0.039062 0.714583 0.039844 0.713542
0 0.575781 0.714583 0.578125 0.714583 0.578906 0.714583 0.578906 0.715625 0.578906 0.716667 0.578125 0.717708 0.577344 0.717708 0.576562 0.717708 0.575781 0.716667 0.575781 0.714583
0 0.104688 0.728125 0.104688 0.726042 0.103906 0.726042 0.103445 0.725427 0.099680 0.725427 0.099219 0.726042 0.099219 0.727083 0.098437 0.728125 0.098437 0.732292 0.099219 0.732292 0.100000 0.733333 0.101562 0.733333 0.103906 0.730208 0.103906 0.729167
0 0.000000 0.720833 0.003906 0.720833 0.003906 0.721875 0.003125 0.722917 0.003125 0.723958 0.002344 0.725000 0.001563 0.725000 0.000781 0.725000 0.000000 0.723958 0.000000 0.720833
0 0.028906 0.720833 0.031250 0.720833 0.032031 0.720833 0.032031 0.721875 0.032813 0.722917 0.032813 0.723958 0.032031 0.725000 0.031250 0.725000 0.029687 0.722917 0.028906 0.722917 0.028906 0.720833
0 0.986719 0.720833 0.989062 0.720833 0.989844 0.720833 0.990625 0.721875 0.991406 0.721875 0.991406 0.722917 0.992188 0.723958 0.992188 0.727083 0.991406 0.728125 0.990625 0.728125 0.989844 0.728125 0.989062 0.727083 0.988281 0.726042 0.987500 0.726042 0.986719 0.725000 0.986719 0.720833
0 0.078835 0.693692 0.078835 0.690666 0.078140 0.690666 0.078140 0.689686 0.077486 0.689522 0.075748 0.689522 0.075708 0.693747 0.077568 0.693692
0 0.592969 0.731250 0.593750 0.731250 0.594531 0.731250 0.594531 0.733333 0.594531 0.734375 0.593750 0.735417 0.592969 0.735417 0.592187 0.735417 0.591406 0.734375 0.592187 0.733333 0.592187 0.732292 0.592969 0.731250
0 0.182031 0.736458 0.181250 0.735417 0.181250 0.733333 0.180469 0.733333 0.179688 0.732292 0.177344 0.732292 0.177344 0.738542 0.178125 0.739723 0.179688 0.739583 0.180469 0.738542 0.180469 0.737500 0.181250 0.736458
0 0.255469 0.734375 0.257031 0.734375 0.257812 0.734375 0.258594 0.735417 0.258594 0.736458 0.259375 0.737500 0.258594 0.738542 0.258594 0.740625 0.258594 0.741667 0.257812 0.742708 0.257812 0.743750 0.257031 0.744792 0.257031 0.746875 0.257031 0.747917 0.256250 0.748958 0.254688 0.748958 0.253906 0.748958 0.253125 0.750000 0.250781 0.750000 0.250000 0.750000 0.250000 0.746875 0.250000 0.745833 0.250781 0.744792 0.251563 0.743750 0.251563 0.740625 0.251563 0.739583 0.253125 0.737500 0.253125 0.736458 0.253906 0.735417 0.254688 0.735417 0.255469 0.734375
0 0.618750 0.735417 0.621875 0.735417 0.622656 0.735417 0.623437 0.736458 0.623437 0.737500 0.622656 0.738542 0.621875 0.738542 0.621094 0.739583 0.620313 0.739583 0.619531 0.739583 0.618750 0.738542 0.618750 0.737500 0.617969 0.736458 0.618750 0.735417
0 0.974219 0.740625 0.975781 0.740625 0.976562 0.740625 0.976562 0.741667 0.976562 0.742708 0.975781 0.743750 0.975000 0.743750 0.974219 0.744792 0.973437 0.744792 0.972656 0.744792 0.972656 0.742708 0.972656 0.741667 0.973437 0.741667 0.974219 0.740625
0 0.164062 0.748958 0.164062 0.745833 0.163824 0.745516 0.162738 0.745516 0.162500 0.745833 0.161719 0.745833 0.160938 0.746875 0.160156 0.746875 0.160003 0.747079 0.160003 0.748754 0.160938 0.750000 0.163281 0.750000
0 0.264062 0.750000 0.267188 0.750000 0.267969 0.750000 0.267969 0.755208 0.267188 0.756250 0.261719 0.756250 0.260937 0.755208 0.260937 0.754167 0.260156 0.753125 0.260937 0.753125 0.261719 0.752083 0.261719 0.751042 0.262500 0.751042 0.263281 0.751042 0.264062 0.750000
0 0.727344 0.755208 0.727344 0.753967 0.726774 0.753967 0.726774 0.752083 0.723437 0.752083 0.723437 0.753125 0.722656 0.754167 0.722656 0.757292 0.725781 0.757292
0 0.635938 0.759375 0.636719 0.760417 0.637500 0.760417 0.637500 0.761458 0.637500 0.762500 0.636719 0.763542 0.636719 0.764583 0.635938 0.765625 0.634375 0.765625 0.633594 0.765625 0.632812 0.764583 0.632812 0.762500 0.632812 0.761458 0.633594 0.761458 0.634375 0.761458 0.635938 0.759375
0 0.140625 0.762500 0.142187 0.762500 0.142969 0.762500 0.143750 0.763542 0.143750 0.764583 0.143750 0.765625 0.142969 0.766667 0.142187 0.766667 0.141406 0.766667 0.140625 0.765625 0.139844 0.765625 0.139844 0.764583 0.139844 0.763542 0.140625 0.762500
0 0.996875 0.768750 0.998437 0.768750 0.999219 0.768750 0.999219 0.769792 0.999219 0.770833 0.998437 0.771875 0.997656 0.771875 0.996875 0.772917 0.996875 0.773958 0.996094 0.772917 0.996094 0.770833 0.996094 0.769792 0.996875 0.768750
0 0.080469 0.770833 0.081250 0.770833 0.082031 0.770833 0.082812 0.771875 0.083594 0.771875 0.084375 0.772917 0.083594 0.772917 0.082812 0.773958 0.082812 0.776042 0.082031 0.777083 0.081250 0.777083 0.080469 0.776042 0.079687 0.776042 0.079687 0.775000 0.078906 0.773958 0.079687 0.772917 0.079687 0.771875 0.080469 0.770833
0 0.633594 0.771875 0.638281 0.771875 0.639062 0.771875 0.639062 0.772917 0.639844 0.773958 0.639844 0.778125 0.639844 0.779167 0.640625 0.780208 0.640625 0.781250 0.639844 0.782292 0.639844 0.783333 0.639062 0.784375 0.639062 0.785417 0.639062 0.786458 0.638281 0.787500 0.638281 0.788542 0.637500 0.789583 0.636719 0.790625 0.635156 0.790625 0.634375 0.790625 0.633594 0.791667 0.633594 0.792708 0.633594 0.793750 0.632031 0.795833 0.631250 0.796875 0.630469 0.796875 0.629687 0.797917 0.628906 0.796875 0.628125 0.796875 0.628125 0.795833 0.627344 0.794792 0.627344 0.793750 0.626563 0.792708 0.626563 0.789583 0.626563 0.788542 0.625781 0.787500 0.625000 0.786458 0.625000 0.785417 0.625000 0.784375 0.625781 0.783333 0.626563 0.782292 0.628125 0.782292 0.628906 0.782292 0.629687 0.781250 0.630469 0.780208 0.630469 0.778125 0.630469 0.777083 0.631250 0.777083 0.632031 0.776042 0.632812 0.776042 0.633594 0.775000 0.633594 0.771875
0 0.617188 0.772917 0.617969 0.772917 0.618750 0.772917 0.619531 0.773958 0.620313 0.773958 0.621094 0.775000 0.620313 0.775000 0.618750 0.777083 0.617969 0.777083 0.617188 0.776042 0.616406 0.776042 0.616406 0.775000 0.616406 0.773958 0.617188 0.772917
0 0.962500 0.777083 0.963281 0.778125 0.963281 0.779167 0.963281 0.780208 0.962500 0.781250 0.960938 0.781250 0.960156 0.781250 0.960156 0.780208 0.959375 0.779167 0.960156 0.778125 0.960938 0.778125 0.961719 0.778125 0.962500 0.777083
0 0.167969 0.785417 0.167187 0.784375 0.165569 0.784234 0.165569 0.783336 0.163268 0.783336 0.163268 0.785544 0.164062 0.785544 0.164062 0.786458 0.164844 0.787500 0.166406 0.787500
0 0.296094 0.783333 0.296875 0.783333 0.297656 0.783333 0.297656 0.786458 0.297656 0.787500 0.296875 0.788542 0.296094 0.789583 0.295312 0.789583 0.294531 0.789583 0.293750 0.788542 0.292969 0.787500 0.292969 0.785417 0.292969 0.784375 0.294531 0.784375 0.295312 0.784375 0.296094 0.783333
0 0.200000 0.784375 0.200781 0.784375 0.201563 0.784375 0.202344 0.785417 0.203125 0.785417 0.203125 0.786458 0.201563 0.788542 0.200781 0.789583 0.200781 0.790625 0.200000 0.791667 0.199219 0.791667 0.198437 0.792708 0.197656 0.793750 0.196094 0.793750 0.195312 0.793750 0.193750 0.791667 0.192969 0.791667 0.192969 0.786458 0.192969 0.785417 0.198437 0.785417 0.199219 0.785417 0.200000 0.784375
0 0.321094 0.788542 0.323437 0.788542 0.324219 0.788542 0.324219 0.789583 0.325000 0.790625 0.323437 0.792708 0.322656 0.793750 0.321875 0.793750 0.321875 0.792708 0.321094 0.791667 0.321094 0.788542
0 0.995932 0.796048 0.995932 0.795618 0.994531 0.793750 0.993750 0.793750 0.992969 0.792708 0.992188 0.793750 0.990625 0.793750 0.990625 0.795833 0.992188 0.797917 0.994531 0.797917
0 0.100000 0.800000 0.101562 0.800000 0.102344 0.800000 0.103125 0.801042 0.102344 0.802083 0.102344 0.803125 0.101562 0.804167 0.100781 0.804167 0.100000 0.804167 0.100000 0.800000
0 0.296993 0.806093 0.296993 0.805208 0.296094 0.804167 0.292187 0.804167 0.292187 0.806250 0.292969 0.807292 0.292969 0.808333 0.293750 0.809375 0.295312 0.809375 0.296875 0.807292 0.296875 0.806250
0 0.756250 0.810417 0.756250 0.813542 0.755469 0.814583 0.752344 0.814583 0.751563 0.813542 0.751563 0.811458 0.750781 0.810417 0.750781 0.809375 0.750000 0.808333 0.750781 0.808333 0.751563 0.807292 0.752344 0.807292 0.753125 0.806250 0.754687 0.806250 0.755469 0.807292 0.756487 0.807292 0.756487 0.808368 0.756788 0.808368 0.756874 0.809584
0 0.724219 0.807292 0.725781 0.807292 0.726562 0.807292 0.727344 0.808333 0.728125 0.808333 0.728906 0.809375 0.729688 0.810417 0.729688 0.812500 0.730469 0.813542 0.730469 0.814583 0.729688 0.815625 0.729688 0.817708 0.729688 0.818750 0.728906 0.819792 0.728906 0.821875 0.728125 0.822917 0.722656 0.822917 0.721875 0.822917 0.721094 0.823958 0.720313 0.823958 0.719531 0.823958 0.718750 0.822917 0.717969 0.822917 0.717969 0.816667 0.717969 0.815625 0.718750 0.814583 0.718750 0.813542 0.718750 0.812500 0.720313 0.810417 0.720313 0.809375 0.721094 0.809375 0.721875 0.808333 0.722656 0.808333 0.723437 0.808333 0.724219 0.807292
0 0.989062 0.807292 0.989844 0.807292 0.990625 0.807292 0.991406 0.808333 0.992188 0.808333 0.992969 0.808333 0.992969 0.809375 0.992969 0.810417 0.993750 0.811458 0.994531 0.811458 0.993750 0.812500 0.992969 0.813542 0.992969 0.815625 0.992188 0.816667 0.991406 0.816667 0.990625 0.816667 0.989844 0.815625 0.989062 0.814583 0.988281 0.814583 0.987500 0.813542 0.986719 0.812500 0.986719 0.810417 0.986719 0.809375 0.987500 0.808333 0.988281 0.808333 0.989062 0.807292
0 0.258594 0.812500 0.260156 0.812500 0.260937 0.812500 0.260937 0.813542 0.261719 0.814583 0.262500 0.814583 0.263281 0.815625 0.262500 0.816667 0.262500 0.817708 0.261719 0.818750 0.260156 0.818750 0.259375 0.819792 0.258594 0.818750 0.257812 0.818750 0.257031 0.817708 0.257031 0.816667 0.257031 0.815625 0.257812 0.814583 0.257812 0.813542 0.258594 0.812500
0 0.956250 0.812500 0.959375 0.812500 0.960156 0.812500 0.960156 0.813542 0.960156 0.814583 0.959375 0.815625 0.958594 0.815625 0.957812 0.816667 0.957031 0.816667 0.956250 0.815625 0.956250 0.814583 0.955469 0.813542 0.956250 0.812500
0 0.276562 0.815625 0.278125 0.815625 0.278906 0.815625 0.281250 0.818750 0.282031 0.819792 0.282031 0.820833 0.282031 0.821875 0.278906 0.826042 0.278125 0.827083 0.276562 0.827083 0.275781 0.827083 0.275000 0.826042 0.274219 0.826042 0.274219 0.822917 0.274219 0.821875 0.275000 0.820833 0.275000 0.819792 0.275781 0.818750 0.275781 0.817708 0.276562 0.816667 0.276562 0.815625
0 0.138281 0.818750 0.139063 0.818750 0.139844 0.818750 0.141406 0.820833 0.142187 0.821875 0.141406 0.821875 0.140625 0.822917 0.139844 0.822917 0.139063 0.822917 0.138281 0.821875 0.138281 0.818750
0 0.632812 0.820833 0.634375 0.820833 0.635156 0.820833 0.635938 0.821875 0.635156 0.822917 0.635156 0.823958 0.634375 0.825000 0.633594 0.825000 0.632812 0.823958 0.632031 0.823958 0.631250 0.822917 0.632812 0.820833
0 0.076563 0.830208 0.075781 0.829167 0.073438 0.829167 0.072947 0.828513 0.072365 0.828513 0.071094 0.830208 0.071094 0.833333 0.074219 0.833333
0 0.203125 0.829167 0.202344 0.828125 0.200781 0.828125 0.200327 0.828730 0.200327 0.829603 0.200781 0.830208 0.200781 0.832292 0.201563 0.832292 0.202344 0.831250 0.202344 0.830208
0 0.738281 0.831250 0.740625 0.831250 0.741406 0.831250 0.741406 0.832292 0.739844 0.834375 0.739062 0.835417 0.738281 0.835417 0.738281 0.831250
0 0.218750 0.841667 0.219531 0.842708 0.223438 0.842708 0.224219 0.843750 0.221875 0.846875 0.221094 0.847917 0.217969 0.847917 0.217188 0.847917 0.216406 0.846875 0.216406 0.844792 0.216406 0.843750 0.217188 0.843750 0.218750 0.841667
0 0.300799 0.846901 0.300799 0.845820 0.300023 0.845820 0.300000 0.843750 0.297656 0.843750 0.297656 0.844792 0.296875 0.845833 0.297656 0.846875 0.299143 0.846901
0 0.695431 0.016667 0.695318 0.012543 0.694656 0.012517 0.692924 0.012517 0.693000 0.016566 0.693662 0.016667
0 0.604688 0.847917 0.606250 0.847917 0.607031 0.847917 0.607031 0.852083 0.606250 0.853125 0.604688 0.853125 0.603906 0.852083 0.603906 0.850000 0.603906 0.848958 0.604688 0.847917
0 0.314063 0.856250 0.314063 0.853125 0.313281 0.852083 0.313281 0.851042 0.310156 0.851042 0.310156 0.852083 0.309640 0.852772 0.309640 0.854616 0.309375 0.854616 0.309375 0.858333 0.310156 0.859375 0.312500 0.859375 0.313281 0.858333 0.313281 0.857292
0 0.641406 0.852083 0.642188 0.852083 0.642969 0.852083 0.642969 0.853125 0.643750 0.854167 0.647656 0.854167 0.648438 0.854167 0.647656 0.855208 0.647656 0.856250 0.647656 0.857292 0.646875 0.858333 0.645312 0.858333 0.644531 0.858333 0.643750 0.859375 0.642969 0.859375 0.642188 0.860417 0.642188 0.859375 0.641406 0.858333 0.641406 0.854167 0.640625 0.853125 0.641406 0.852083
0 0.963819 0.583048 0.963444 0.583548 0.962937 0.583735 0.961511 0.583898 0.961003 0.583711 0.960546 0.583102 0.960406 0.582425 0.960546 0.581748 0.960962 0.581193 0.961387 0.581036 0.961443 0.580770 0.961899 0.580161 0.962407 0.579974 0.962996 0.580161 0.963819 0.581042 0.963960 0.582371
0 0.443998 0.345865 0.443764 0.344068 0.443490 0.343701 0.443391 0.342823 0.443016 0.342323 0.442508 0.342136 0.441907 0.342323 0.441159 0.343321 0.440785 0.344192 0.440645 0.344869 0.440785 0.346044 0.441440 0.346793 0.442508 0.347229 0.442975 0.347229 0.443483 0.347042 0.443858 0.346542
0 0.007812 0.858333 0.010156 0.858333 0.010937 0.858333 0.011719 0.859375 0.012500 0.860417 0.010937 0.862500 0.010156 0.862500 0.008594 0.860417 0.007812 0.860417 0.007812 0.858333
0 0.921875 0.537500 0.923438 0.537500 0.924219 0.537500 0.928906 0.543750 0.929688 0.544792 0.932031 0.551042 0.932031 0.552083 0.936719 0.558333 0.937500 0.559375 0.936719 0.568750 0.936719 0.569792 0.938281 0.571875 0.939063 0.572917 0.942969 0.573958 0.943750 0.573958 0.945312 0.577083 0.946094 0.578125 0.945312 0.585417 0.945312 0.586458 0.940625 0.591667 0.939844 0.592708 0.921875 0.592708 0.921094 0.592708 0.910156 0.590625 0.909375 0.590625 0.899219 0.584375 0.898438 0.584375 0.892188 0.571875 0.891406 0.570833 0.892188 0.565625 0.892188 0.564583 0.898438 0.558333 0.899219 0.557292 0.900781 0.551042 0.901563 0.550000 0.902344 0.550000 0.903125 0.550000 0.906250 0.545833 0.907031 0.544792 0.911719 0.543750 0.912500 0.543750 0.921875 0.537500
0 0.982460 0.203633 0.982460 0.199890 0.986671 0.197784 0.987723 0.199422 0.989653 0.200124 0.988601 0.201293 0.990004 0.202697 0.990004 0.205036 0.988425 0.205270
0 0.992987 0.144683 0.990004 0.144449 0.989653 0.144683 0.989478 0.145852 0.987723 0.146320 0.987723 0.147724 0.988250 0.148426 0.988830 0.147873 0.988830 0.148962 0.991789 0.148962 0.991832 0.148429 0.992811 0.149361
