0 0.470313 0.000000 0.473438 0.000000 0.474219 0.001042 0.474219 0.002083 0.475000 0.003125 0.475000 0.007292 0.475000 0.008333 0.475781 0.009375 0.476562 0.010417 0.477344 0.010417 0.477344 0.011458 0.476562 0.012500 0.476562 0.013542 0.475781 0.014583 0.475000 0.015625 0.473438 0.015625 0.472656 0.016667 0.467969 0.016667 0.467187 0.016667 0.467187 0.013542 0.466406 0.012500 0.466406 0.007292 0.466406 0.006250 0.467187 0.006250 0.467969 0.005208 0.469531 0.005208 0.470313 0.004167 0.470313 0.000000
0 0.708594 0.000000 0.711719 0.000000 0.712500 0.000000 0.713281 0.001042 0.713281 0.002083 0.713281 0.003125 0.714063 0.004167 0.714844 0.005208 0.714844 0.006250 0.715625 0.007292 0.714844 0.007292 0.714063 0.008333 0.713281 0.008333 0.712500 0.008333 0.712500 0.007292 0.711719 0.006250 0.711719 0.004167 0.711719 0.003125 0.710938 0.002083 0.710156 0.002083 0.710156 0.001042 0.709375 0.000000 0.708594 0.000000
0 0.957812 0.000000 0.998437 0.000000 0.999219 0.000000 0.999219 0.037500 0.999219 0.038542 0.998437 0.039583 0.995313 0.039583 0.994531 0.040625 0.994531 0.042708 0.994531 0.043750 0.995313 0.044792 0.996094 0.044792 0.996875 0.044792 0.997656 0.045833 0.997656 0.046875 0.998437 0.047917 0.999219 0.047917 0.999219 0.052083 0.999219 0.053125 0.998437 0.054167 0.992969 0.054167 0.992188 0.054167 0.991406 0.055208 0.990625 0.055208 0.989844 0.056250 0.989062 0.057292 0.984375 0.057292 0.983594 0.057292 0.982812 0.056250 0.980469 0.056250 0.979688 0.056250 0.978906 0.055208 0.977344 0.055208 0.976562 0.055208 0.975781 0.054167 0.975000 0.054167 0.974219 0.053125 0.970313 0.053125 0.969531 0.053125 0.968750 0.052083 0.964844 0.052083 0.964063 0.051042 0.956250 0.051042 0.955469 0.051042 0.954688 0.050000 0.953906 0.050000 0.953125 0.048958 0.952344 0.048958 0.951562 0.048958 0.950781 0.047917 0.950000 0.046875 0.950000 0.045833 0.949219 0.044792 0.949219 0.043750 0.949219 0.042708 0.948438 0.041667 0.948438 0.039583 0.947656 0.038542 0.947656 0.035417 0.947656 0.034375 0.948438 0.033333 0.948438 0.032292 0.949219 0.032292 0.950000 0.032292 0.950781 0.031250 0.951562 0.031250 0.952344 0.030208 0.953125 0.029167 0.955469 0.029167 0.956250 0.028125 0.956250 0.005208 0.956250 0.004167 0.957031 0.003125 0.957812 0.002083 0.957812 0.000000
0 0.746094 0.003125 0.747656 0.003125 0.748437 0.003125 0.749219 0.004167 0.749219 0.006250 0.748437 0.007292 0.747656 0.007292 0.746875 0.006250 0.745313 0.006250 0.744531 0.006250 0.744531 0.005208 0.743750 0.004167 0.741406 0.004167 0.740625 0.004167 0.744531 0.004167 0.745313 0.004167 0.746094 0.003125
0 0.328125 0.008333 0.329688 0.008333 0.329688 0.009375 0.328906 0.010417 0.328906 0.011458 0.328125 0.012500 0.327344 0.013542 0.326562 0.013542 0.325781 0.014583 0.325000 0.014583 0.325000 0.013542 0.324219 0.012500 0.325781 0.010417 0.325781 0.009375 0.326562 0.009375 0.327344 0.009375 0.328125 0.008333
0 0.935156 0.013542 0.936719 0.013542 0.937500 0.013542 0.938281 0.014583 0.938281 0.017708 0.938281 0.018750 0.937500 0.019792 0.936719 0.020833 0.932031 0.020833 0.931250 0.021875 0.931250 0.019792 0.930469 0.018750 0.931250 0.017708 0.932031 0.016667 0.932031 0.015625 0.932813 0.014583 0.933594 0.014583 0.934375 0.014583 0.935156 0.013542
0 0.502344 0.015625 0.503906 0.015625 0.504687 0.015625 0.505469 0.016667 0.506250 0.016667 0.507031 0.017708 0.507812 0.018750 0.506250 0.020833 0.505469 0.021875 0.503906 0.021875 0.503125 0.021875 0.502344 0.020833 0.502344 0.019792 0.501563 0.018750 0.502344 0.017708 0.502344 0.015625
0 0.740625 0.021875 0.746875 0.021875 0.747656 0.021875 0.747656 0.022917 0.748437 0.023958 0.748437 0.025000 0.749219 0.026042 0.749219 0.027083 0.749219 0.028125 0.748437 0.029167 0.747656 0.030208 0.747656 0.031250 0.746875 0.032292 0.746094 0.032292 0.745313 0.032292 0.743750 0.030208 0.742969 0.029167 0.742188 0.029167 0.741406 0.028125 0.741406 0.026042 0.740625 0.025000 0.740625 0.021875
0 0.260156 0.038542 0.260156 0.039583 0.260937 0.040625 0.261719 0.040625 0.262500 0.040625 0.262500 0.042708 0.262500 0.043750 0.261719 0.044792 0.260937 0.044792 0.260156 0.045833 0.260156 0.046875 0.259375 0.045833 0.257031 0.045833 0.256250 0.045833 0.255469 0.044792 0.253906 0.044792 0.253125 0.044792 0.253125 0.043750 0.252344 0.042708 0.251563 0.042708 0.253125 0.042708 0.253906 0.042708 0.254688 0.041667 0.255469 0.040625 0.258594 0.040625 0.259375 0.040625 0.260156 0.039583 0.260156 0.038542
0 0.560156 0.062500 0.561719 0.062500 0.562500 0.062500 0.563281 0.063542 0.564063 0.063542 0.564063 0.065625 0.564063 0.066667 0.564844 0.067708 0.564844 0.068750 0.564844 0.069792 0.563281 0.071875 0.562500 0.072917 0.560937 0.072917 0.560156 0.072917 0.559375 0.071875 0.559375 0.070833 0.558594 0.069792 0.558594 0.064583 0.558594 0.063542 0.559375 0.063542 0.560156 0.062500
0 0.803906 0.062500 0.806250 0.062500 0.807031 0.062500 0.807031 0.065625 0.807031 0.066667 0.806250 0.067708 0.806250 0.068750 0.805469 0.069792 0.803125 0.069792 0.802344 0.069792 0.801562 0.068750 0.801562 0.066667 0.801562 0.065625 0.802344 0.064583 0.803125 0.064583 0.803906 0.063542 0.803906 0.062500
0 0.189062 0.087500 0.192969 0.087500 0.193750 0.088542 0.193750 0.091667 0.193750 0.092708 0.192188 0.094792 0.192188 0.095833 0.191406 0.094792 0.189844 0.094792 0.189062 0.094792 0.188281 0.093750 0.187500 0.092708 0.187500 0.091667 0.187500 0.090625 0.188281 0.089583 0.188281 0.088542 0.189062 0.087500
0 0.958594 0.089583 0.961719 0.089583 0.962500 0.089583 0.963281 0.090625 0.966406 0.090625 0.967187 0.090625 0.967969 0.091667 0.968750 0.091667 0.968750 0.093750 0.968750 0.094792 0.969531 0.095833 0.971094 0.095833 0.971875 0.095833 0.971094 0.095833 0.970313 0.096875 0.970313 0.104167 0.970313 0.105208 0.969531 0.106250 0.968750 0.106250 0.967969 0.107292 0.967969 0.110417 0.967969 0.111458 0.967187 0.112500 0.967187 0.113542 0.967187 0.114583 0.966406 0.115625 0.965625 0.115625 0.964844 0.116667 0.964063 0.116667 0.963281 0.116667 0.962500 0.117708 0.961719 0.117708 0.960938 0.118750 0.960156 0.118750 0.959375 0.117708 0.958594 0.117708 0.957812 0.116667 0.957031 0.116667 0.957031 0.115625 0.956250 0.114583 0.953906 0.114583 0.953125 0.114583 0.951562 0.116667 0.950781 0.117708 0.950000 0.117708 0.949219 0.118750 0.948438 0.119792 0.947656 0.119792 0.946875 0.119792 0.946875 0.116667 0.946875 0.115625 0.947656 0.114583 0.947656 0.113542 0.948438 0.113542 0.950000 0.111458 0.950781 0.110417 0.950781 0.109375 0.951562 0.108333 0.951562 0.106250 0.951562 0.105208 0.952344 0.104167 0.953125 0.103125 0.953125 0.097917 0.952344 0.096875 0.953125 0.096875 0.953906 0.096875 0.954688 0.095833 0.955469 0.094792 0.955469 0.093750 0.955469 0.092708 0.956250 0.091667 0.956250 0.090625 0.957031 0.090625 0.957812 0.090625 0.958594 0.089583
0 0.582812 0.096875 0.583594 0.097917 0.584375 0.097917 0.584375 0.104167 0.585156 0.105208 0.585156 0.109375 0.585156 0.110417 0.584375 0.111458 0.583594 0.112500 0.583594 0.115625 0.583594 0.116667 0.582812 0.117708 0.582031 0.117708 0.581250 0.118750 0.580469 0.117708 0.577344 0.117708 0.576562 0.117708 0.575781 0.116667 0.575781 0.113542 0.575781 0.112500 0.576562 0.111458 0.577344 0.110417 0.577344 0.105208 0.577344 0.104167 0.578125 0.103125 0.578125 0.102083 0.578906 0.101042 0.578906 0.100000 0.579688 0.098958 0.579688 0.097917 0.581250 0.097917 0.582031 0.097917 0.582812 0.096875
0 0.419531 0.097917 0.424219 0.097917 0.425000 0.097917 0.425000 0.098958 0.425781 0.100000 0.426563 0.101042 0.426563 0.102083 0.428125 0.104167 0.428906 0.105208 0.428906 0.107292 0.429688 0.108333 0.429688 0.111458 0.430469 0.112500 0.429688 0.112500 0.428906 0.113542 0.428125 0.114583 0.428125 0.118750 0.428125 0.119792 0.426563 0.121875 0.425781 0.122917 0.425000 0.122917 0.424219 0.121875 0.423438 0.121875 0.422656 0.120833 0.421875 0.120833 0.421094 0.119792 0.420312 0.119792 0.419531 0.118750 0.418750 0.118750 0.417969 0.118750 0.417187 0.117708 0.416406 0.117708 0.415625 0.117708 0.414844 0.116667 0.414062 0.116667 0.414062 0.115625 0.413281 0.114583 0.412500 0.114583 0.412500 0.113542 0.412500 0.112500 0.411719 0.111458 0.410938 0.110417 0.410938 0.109375 0.410938 0.108333 0.412500 0.106250 0.412500 0.105208 0.413281 0.105208 0.414062 0.104167 0.414844 0.104167 0.415625 0.103125 0.416406 0.103125 0.417187 0.103125 0.417969 0.102083 0.417969 0.100000 0.417969 0.098958 0.418750 0.098958 0.419531 0.097917
0 0.752344 0.110417 0.753125 0.111458 0.753906 0.111458 0.754687 0.111458 0.754687 0.112500 0.755469 0.113542 0.754687 0.114583 0.753906 0.115625 0.753906 0.117708 0.753125 0.118750 0.752344 0.118750 0.750781 0.116667 0.750000 0.115625 0.750000 0.114583 0.750000 0.113542 0.752344 0.110417
0 0.882031 0.128125 0.888281 0.128125 0.889062 0.129167 0.889062 0.133333 0.889062 0.134375 0.889844 0.135417 0.889844 0.136458 0.889844 0.137500 0.888281 0.139583 0.887500 0.140625 0.887500 0.141667 0.886719 0.142708 0.885938 0.143750 0.884375 0.143750 0.883594 0.143750 0.882031 0.141667 0.881250 0.140625 0.881250 0.136458 0.881250 0.135417 0.880469 0.134375 0.880469 0.130208 0.880469 0.129167 0.881250 0.129167 0.882031 0.128125
0 0.196094 0.129167 0.200781 0.129167 0.201563 0.129167 0.201563 0.130208 0.201563 0.131250 0.202344 0.132292 0.202344 0.133333 0.203906 0.135417 0.204687 0.136458 0.204687 0.143750 0.204687 0.144792 0.205469 0.145833 0.205469 0.148958 0.205469 0.150000 0.204687 0.151042 0.204687 0.152083 0.203906 0.153125 0.203906 0.154167 0.203125 0.153125 0.201563 0.153125 0.200781 0.153125 0.200781 0.151042 0.200781 0.150000 0.200000 0.148958 0.200000 0.147917 0.198437 0.145833 0.197656 0.144792 0.197656 0.143750 0.196094 0.141667 0.195312 0.140625 0.195312 0.135417 0.195312 0.134375 0.194531 0.133333 0.194531 0.132292 0.194531 0.131250 0.196094 0.129167
0 0.333594 0.137500 0.334375 0.138542 0.335156 0.138542 0.335938 0.138542 0.335938 0.140625 0.335156 0.141667 0.332031 0.141667 0.331250 0.141667 0.331250 0.140625 0.330469 0.139583 0.329688 0.139583 0.330469 0.139583 0.331250 0.138542 0.332031 0.138542 0.332813 0.138542 0.333594 0.137500
0 0.382812 0.138542 0.386719 0.138542 0.387500 0.138542 0.387500 0.139583 0.388281 0.140625 0.388281 0.141667 0.386719 0.143750 0.386719 0.144792 0.385937 0.145833 0.385156 0.145833 0.384375 0.146875 0.382812 0.144792 0.382031 0.143750 0.382031 0.141667 0.382031 0.140625 0.382812 0.139583 0.382812 0.138542
0 0.700000 0.145833 0.700781 0.145833 0.701562 0.145833 0.702344 0.146875 0.703125 0.147917 0.703125 0.148958 0.702344 0.150000 0.701562 0.151042 0.700000 0.151042 0.699219 0.151042 0.699219 0.148958 0.698438 0.147917 0.700000 0.145833
0 0.766406 0.160417 0.769531 0.160417 0.770312 0.161458 0.769531 0.162500 0.769531 0.164583 0.769531 0.165625 0.768750 0.166667 0.767969 0.166667 0.767188 0.167708 0.766406 0.166667 0.766406 0.164583 0.765625 0.163542 0.765625 0.162500 0.765625 0.161458 0.766406 0.160417
0 0.424219 0.173958 0.423553 0.173940 0.423553 0.172774 0.423330 0.172774 0.421875 0.170833 0.421094 0.170833 0.420312 0.169792 0.419531 0.170833 0.419373 0.173044 0.417152 0.173130 0.417152 0.174027 0.418750 0.174027 0.418750 0.175000 0.419531 0.175000 0.420312 0.176042 0.420312 0.178125 0.421875 0.178125 0.422656 0.177083 0.422656 0.175000 0.424168 0.174982 0.424168 0.173958
0 0.375000 0.172917 0.375781 0.172917 0.376563 0.172917 0.375781 0.173958 0.376563 0.175000 0.379688 0.175000 0.380469 0.175000 0.381250 0.176042 0.382031 0.176042 0.382812 0.177083 0.383594 0.177083 0.384375 0.177083 0.385156 0.178125 0.385156 0.180208 0.385156 0.181250 0.383594 0.183333 0.382812 0.183333 0.382031 0.182292 0.381250 0.181250 0.380469 0.181250 0.379688 0.180208 0.378906 0.180208 0.378906 0.179167 0.378125 0.178125 0.377344 0.177083 0.376563 0.177083 0.375781 0.176042 0.375781 0.175000 0.375781 0.173958 0.375000 0.172917
0 0.260156 0.173958 0.266406 0.173958 0.267188 0.175000 0.267188 0.176042 0.267188 0.177083 0.267969 0.178125 0.267969 0.179167 0.268750 0.180208 0.268750 0.181250 0.270313 0.183333 0.271094 0.183333 0.271094 0.189583 0.271875 0.190625 0.271094 0.190625 0.270313 0.191667 0.266406 0.191667 0.265625 0.191667 0.264844 0.192708 0.261719 0.192708 0.260937 0.193750 0.260156 0.193750 0.259375 0.193750 0.258594 0.192708 0.257812 0.191667 0.257812 0.190625 0.257812 0.189583 0.257031 0.188542 0.256250 0.188542 0.256250 0.187500 0.255469 0.186458 0.255469 0.182292 0.255469 0.181250 0.256250 0.180208 0.257031 0.180208 0.257812 0.180208 0.258594 0.179167 0.259375 0.178125 0.259375 0.176042 0.259375 0.175000 0.260156 0.173958
0 0.735156 0.173958 0.738281 0.173958 0.739062 0.173958 0.739062 0.175000 0.740625 0.177083 0.741406 0.178125 0.743750 0.178125 0.744531 0.178125 0.745313 0.179167 0.745313 0.180208 0.746094 0.181250 0.743750 0.184375 0.742969 0.185417 0.741406 0.185417 0.740625 0.185417 0.739844 0.186458 0.738281 0.186458 0.737500 0.186458 0.736719 0.185417 0.736719 0.184375 0.735938 0.183333 0.735156 0.182292 0.735156 0.181250 0.734375 0.180208 0.733594 0.179167 0.733594 0.178125 0.733594 0.177083 0.734375 0.176042 0.734375 0.175000 0.735156 0.173958
0 0.297656 0.183333 0.299219 0.183333 0.300000 0.183333 0.301563 0.185417 0.302344 0.185417 0.303906 0.187500 0.304688 0.188542 0.304688 0.190625 0.304688 0.191667 0.303125 0.193750 0.302344 0.193750 0.300000 0.196875 0.299219 0.196875 0.296875 0.200000 0.296094 0.201042 0.295312 0.201042 0.294531 0.202083 0.292969 0.202083 0.292187 0.202083 0.292187 0.201042 0.291406 0.200000 0.291406 0.198958 0.291406 0.197917 0.290625 0.196875 0.290625 0.195833 0.290625 0.194792 0.291406 0.193750 0.291406 0.192708 0.292187 0.191667 0.292187 0.190625 0.293750 0.188542 0.294531 0.188542 0.295312 0.187500 0.295312 0.186458 0.297656 0.183333
0 0.363281 0.198958 0.363281 0.200000 0.364063 0.201042 0.364063 0.202083 0.364844 0.203125 0.365625 0.204167 0.366406 0.204167 0.367188 0.205208 0.369531 0.205208 0.370312 0.204167 0.371094 0.205208 0.371875 0.206250 0.371875 0.207292 0.372656 0.208333 0.372656 0.210417 0.371875 0.211458 0.369531 0.211458 0.368750 0.210417 0.364844 0.210417 0.364063 0.210417 0.364063 0.209375 0.362500 0.207292 0.361719 0.207292 0.361719 0.203125 0.361719 0.202083 0.360938 0.201042 0.360156 0.201042 0.359375 0.201042 0.361719 0.201042 0.362500 0.201042 0.363281 0.200000 0.363281 0.198958
0 0.028125 0.222917 0.029687 0.222917 0.030469 0.222917 0.031250 0.223958 0.033594 0.223958 0.034375 0.223958 0.035156 0.225000 0.037500 0.225000 0.038281 0.225000 0.038281 0.226042 0.038281 0.227083 0.039062 0.228125 0.039062 0.229167 0.039844 0.230208 0.039844 0.233333 0.040625 0.234375 0.040625 0.240625 0.040625 0.241667 0.039844 0.242708 0.039062 0.243750 0.037500 0.243750 0.036719 0.243750 0.035937 0.242708 0.035156 0.241667 0.034375 0.241667 0.033594 0.241667 0.032813 0.240625 0.032031 0.240625 0.031250 0.240625 0.030469 0.239583 0.029687 0.239583 0.027344 0.236458 0.026562 0.235417 0.026562 0.234375 0.025781 0.233333 0.026562 0.232292 0.026562 0.229167 0.026562 0.228125 0.025781 0.227083 0.025781 0.226042 0.025781 0.225000 0.026562 0.225000 0.028125 0.222917
0 0.243750 0.234375 0.246094 0.234375 0.246875 0.234375 0.247656 0.235417 0.250000 0.235417 0.250781 0.235417 0.251563 0.236458 0.253125 0.236458 0.253906 0.236458 0.254688 0.237500 0.255469 0.237500 0.256250 0.237500 0.257031 0.238542 0.257812 0.239583 0.257812 0.240625 0.257812 0.241667 0.257031 0.242708 0.256250 0.242708 0.255469 0.243750 0.255469 0.247917 0.255469 0.248958 0.256250 0.250000 0.256250 0.251042 0.257031 0.252083 0.257031 0.254167 0.257812 0.255208 0.257031 0.256250 0.257031 0.258333 0.257031 0.259375 0.256250 0.260417 0.256250 0.261458 0.256250 0.262500 0.254688 0.264583 0.253906 0.265625 0.253906 0.268750 0.253906 0.269792 0.253125 0.270833 0.252344 0.271875 0.250781 0.271875 0.250000 0.271875 0.249219 0.270833 0.246875 0.270833 0.246094 0.271875 0.246094 0.277083 0.246875 0.278125 0.246875 0.280208 0.246094 0.281250 0.246094 0.285417 0.246094 0.286458 0.245312 0.287500 0.244531 0.288542 0.242969 0.288542 0.242188 0.288542 0.241406 0.287500 0.240625 0.286458 0.240625 0.285417 0.239063 0.283333 0.239063 0.282292 0.238281 0.281250 0.237500 0.281250 0.235937 0.279167 0.235156 0.279167 0.231250 0.273958 0.230469 0.273958 0.229687 0.272917 0.229687 0.271875 0.228125 0.269792 0.227344 0.269792 0.227344 0.268750 0.226562 0.267708 0.225781 0.266667 0.225781 0.263542 0.225781 0.262500 0.226562 0.261458 0.226562 0.260417 0.228906 0.257292 0.229687 0.256250 0.230469 0.256250 0.232031 0.254167 0.232031 0.253125 0.232813 0.253125 0.233594 0.252083 0.238281 0.252083 0.239063 0.251042 0.239063 0.247917 0.239063 0.246875 0.238281 0.245833 0.238281 0.241667 0.238281 0.240625 0.239063 0.239583 0.239063 0.238542 0.240625 0.236458 0.241406 0.235417 0.242188 0.235417 0.242969 0.235417 0.243750 0.234375
0 0.907813 0.236458 0.912500 0.236458 0.913281 0.236458 0.914062 0.237500 0.914062 0.239583 0.914844 0.240625 0.914844 0.244792 0.914062 0.245833 0.913281 0.245833 0.912500 0.244792 0.911719 0.244792 0.911719 0.242708 0.910937 0.241667 0.910937 0.238542 0.910937 0.237500 0.910156 0.236458 0.907813 0.236458
0 0.119081 0.243989 0.118819 0.244163 0.118819 0.245732 0.114963 0.245674 0.114844 0.245833 0.114062 0.244792 0.114062 0.241667 0.113281 0.240625 0.114062 0.240625 0.114844 0.239583 0.115625 0.239583 0.116406 0.238542 0.117969 0.238542 0.119531 0.240625 0.119342 0.240734 0.119604 0.241664 0.119604 0.243989
0 0.339844 0.240625 0.340625 0.240625 0.341406 0.240625 0.341406 0.241667 0.342187 0.242708 0.342187 0.243750 0.341406 0.244792 0.340625 0.244792 0.339844 0.245833 0.339062 0.245833 0.338281 0.244792 0.337500 0.243750 0.337500 0.242708 0.337500 0.241667 0.338281 0.241667 0.339062 0.241667 0.339844 0.240625
0 0.322656 0.254167 0.325781 0.254167 0.326562 0.254167 0.326562 0.255208 0.327344 0.256250 0.327344 0.257292 0.328125 0.258333 0.328125 0.261458 0.328125 0.262500 0.328906 0.263542 0.329688 0.264583 0.330469 0.264583 0.331250 0.264583 0.331250 0.265625 0.332031 0.266667 0.332813 0.267708 0.332813 0.268750 0.332813 0.269792 0.332031 0.270833 0.331250 0.271875 0.326562 0.271875 0.325781 0.272917 0.325000 0.271875 0.323437 0.271875 0.322656 0.271875 0.321875 0.270833 0.321094 0.269792 0.321094 0.263542 0.321094 0.262500 0.320312 0.261458 0.320312 0.259375 0.320312 0.258333 0.321094 0.257292 0.321094 0.256250 0.322656 0.254167
0 0.960938 0.256250 0.961719 0.257292 0.963281 0.257292 0.964063 0.257292 0.963281 0.257292 0.962500 0.258333 0.961719 0.259375 0.961719 0.260417 0.961719 0.261458 0.960938 0.262500 0.960156 0.262500 0.959375 0.261458 0.958594 0.261458 0.958594 0.258333 0.958594 0.257292 0.959375 0.257292 0.960156 0.257292 0.960938 0.256250
0 0.688281 0.262500 0.691406 0.262500 0.692187 0.262500 0.693750 0.264583 0.694531 0.265625 0.694531 0.266667 0.695312 0.267708 0.696094 0.268750 0.696094 0.269792 0.696094 0.270833 0.698438 0.273958 0.699219 0.275000 0.699219 0.276042 0.698438 0.277083 0.697656 0.278125 0.695312 0.278125 0.694531 0.277083 0.689844 0.277083 0.689063 0.277083 0.688281 0.276042 0.687500 0.276042 0.686719 0.276042 0.685937 0.275000 0.685156 0.275000 0.685156 0.269792 0.684375 0.268750 0.685156 0.267708 0.685156 0.266667 0.685156 0.265625 0.685937 0.264583 0.686719 0.263542 0.687500 0.263542 0.688281 0.262500
0 0.981250 0.264583 0.981250 0.266667 0.981250 0.267708 0.982031 0.268750 0.982812 0.268750 0.983594 0.269792 0.984375 0.269792 0.985156 0.270833 0.985938 0.270833 0.985938 0.271875 0.985938 0.272917 0.987500 0.275000 0.988281 0.275000 0.988281 0.276042 0.987500 0.277083 0.986719 0.278125 0.985938 0.278125 0.985156 0.277083 0.984375 0.277083 0.983594 0.276042 0.983594 0.275000 0.982812 0.273958 0.978906 0.273958 0.978125 0.272917 0.978906 0.271875 0.978906 0.270833 0.979688 0.269792 0.979688 0.268750 0.980469 0.268750 0.981250 0.267708 0.981250 0.264583
0 0.171094 0.272917 0.174219 0.272917 0.175000 0.273958 0.175000 0.275000 0.175000 0.276042 0.173437 0.278125 0.173437 0.279167 0.172656 0.278125 0.168750 0.278125 0.167969 0.278125 0.167187 0.277083 0.166406 0.277083 0.166406 0.276042 0.165625 0.275000 0.169531 0.275000 0.170313 0.275000 0.171094 0.273958 0.171094 0.272917
0 0.898438 0.287500 0.901563 0.287500 0.902344 0.287500 0.903125 0.288542 0.903125 0.289583 0.903906 0.290625 0.903906 0.291667 0.903125 0.292708 0.901563 0.292708 0.900781 0.292708 0.900000 0.291667 0.900000 0.290625 0.899219 0.289583 0.899219 0.288542 0.898438 0.287500
0 0.139063 0.295833 0.140625 0.295833 0.141406 0.295833 0.142187 0.296875 0.142969 0.296875 0.142969 0.298958 0.142969 0.300000 0.142187 0.301042 0.142187 0.302083 0.141406 0.303125 0.141406 0.304167 0.140625 0.303125 0.139063 0.303125 0.138281 0.302083 0.138281 0.300000 0.138281 0.298958 0.139063 0.297917 0.139063 0.295833
0 0.341406 0.301042 0.342187 0.301042 0.342969 0.301042 0.342969 0.304167 0.342969 0.305208 0.343750 0.306250 0.344531 0.306250 0.344531 0.307292 0.345313 0.308333 0.346094 0.309375 0.346094 0.310417 0.346875 0.311458 0.346875 0.312500 0.347656 0.313542 0.346875 0.314583 0.346875 0.315625 0.346094 0.316667 0.344531 0.316667 0.343750 0.317708 0.342969 0.316667 0.342969 0.315625 0.342969 0.314583 0.342187 0.313542 0.341406 0.312500 0.341406 0.311458 0.341406 0.310417 0.340625 0.309375 0.339844 0.308333 0.339062 0.308333 0.338281 0.307292 0.338281 0.306250 0.338281 0.305208 0.339062 0.304167 0.339062 0.303125 0.339844 0.302083 0.340625 0.302083 0.341406 0.301042
0 0.460938 0.301042 0.462500 0.301042 0.463281 0.302083 0.463281 0.305208 0.463281 0.306250 0.464062 0.307292 0.464062 0.308333 0.464062 0.309375 0.464844 0.310417 0.465625 0.311458 0.465625 0.314583 0.465625 0.315625 0.464844 0.316667 0.464844 0.317708 0.464062 0.318750 0.463281 0.319792 0.462500 0.319792 0.461719 0.320833 0.457031 0.320833 0.456250 0.320833 0.455469 0.321875 0.454688 0.321875 0.453906 0.320833 0.453125 0.319792 0.453125 0.318750 0.452344 0.317708 0.452344 0.316667 0.451562 0.315625 0.451562 0.310417 0.451562 0.309375 0.450781 0.308333 0.450781 0.307292 0.450781 0.306250 0.451562 0.305208 0.459375 0.305208 0.460156 0.305208 0.460938 0.304167 0.460938 0.301042
0 0.004687 0.307292 0.005469 0.308333 0.006250 0.308333 0.007812 0.310417 0.008594 0.311458 0.007812 0.312500 0.007812 0.314583 0.007812 0.315625 0.007031 0.316667 0.006250 0.317708 0.005469 0.317708 0.004687 0.317708 0.003906 0.318750 0.003125 0.319792 0.002344 0.319792 0.001563 0.319792 0.000781 0.320833 0.000000 0.320833 0.000000 0.310417 0.000000 0.309375 0.001563 0.309375 0.002344 0.309375 0.003125 0.308333 0.003906 0.308333 0.004687 0.307292
0 0.404687 0.307292 0.407031 0.307292 0.407813 0.307292 0.408594 0.308333 0.408594 0.309375 0.409375 0.310417 0.409375 0.311458 0.408594 0.312500 0.406250 0.312500 0.405469 0.312500 0.405469 0.311458 0.404687 0.310417 0.404687 0.307292
0 0.578125 0.307292 0.578906 0.307292 0.579688 0.307292 0.580469 0.308333 0.580469 0.309375 0.581250 0.310417 0.581250 0.311458 0.580469 0.312500 0.579688 0.312500 0.578906 0.313542 0.578125 0.313542 0.577344 0.313542 0.576562 0.312500 0.575781 0.311458 0.576562 0.310417 0.576562 0.309375 0.578125 0.307292
0 0.310937 0.318750 0.314844 0.318750 0.315625 0.318750 0.315625 0.321875 0.315625 0.322917 0.314063 0.325000 0.313281 0.326042 0.312500 0.325000 0.311719 0.325000 0.310937 0.325000 0.310937 0.323958 0.310156 0.322917 0.310937 0.321875 0.310937 0.318750
0 0.350781 0.328125 0.351562 0.329167 0.352344 0.329167 0.353125 0.330208 0.353906 0.331250 0.354687 0.331250 0.355469 0.331250 0.355469 0.332292 0.355469 0.333333 0.356250 0.334375 0.356250 0.335417 0.357031 0.336458 0.357812 0.336458 0.358594 0.337500 0.359375 0.338542 0.359375 0.339583 0.358594 0.340625 0.356250 0.340625 0.355469 0.340625 0.354687 0.339583 0.353906 0.339583 0.353125 0.339583 0.352344 0.338542 0.351562 0.338542 0.350781 0.338542 0.350000 0.337500 0.349219 0.336458 0.349219 0.335417 0.348438 0.334375 0.347656 0.333333 0.347656 0.332292 0.346875 0.331250 0.346875 0.330208 0.346875 0.329167 0.349219 0.329167 0.350000 0.329167 0.350781 0.328125
0 0.725781 0.343750 0.734375 0.343750 0.735156 0.343750 0.735938 0.344792 0.736719 0.344792 0.737500 0.344792 0.738281 0.345833 0.738281 0.350000 0.738281 0.351042 0.735938 0.354167 0.735156 0.355208 0.734375 0.355208 0.733594 0.356250 0.731250 0.356250 0.730469 0.356250 0.730469 0.355208 0.729688 0.354167 0.729688 0.353125 0.728906 0.352083 0.728906 0.350000 0.728125 0.348958 0.728125 0.345833 0.728125 0.344792 0.727344 0.343750 0.725781 0.343750
0 0.032813 0.367708 0.032813 0.368750 0.032031 0.369792 0.032031 0.370833 0.027344 0.377083 0.025781 0.377083 0.024219 0.375000 0.023438 0.375000 0.023438 0.371875 0.022656 0.370833 0.021875 0.370833 0.021094 0.369792 0.021094 0.367708 0.020313 0.366667 0.014844 0.366667 0.014844 0.364583 0.014063 0.363542 0.014844 0.363542 0.015625 0.362500 0.016406 0.362500 0.017969 0.360417 0.018750 0.360417 0.020313 0.358333 0.020313 0.355750 0.022468 0.355750 0.022468 0.355208 0.024219 0.355208 0.028125 0.360417 0.032031 0.360417 0.032813 0.361458 0.032813 0.362500 0.033594 0.363542 0.033594 0.366667
0 0.428906 0.381250 0.435156 0.381250 0.435937 0.381250 0.435937 0.382292 0.436719 0.383333 0.437500 0.384375 0.438281 0.384375 0.439063 0.384375 0.440625 0.386458 0.441406 0.387500 0.440625 0.387500 0.439844 0.388542 0.439063 0.389583 0.438281 0.388542 0.437500 0.388542 0.435937 0.386458 0.435156 0.386458 0.435156 0.385417 0.434375 0.384375 0.433594 0.383333 0.433594 0.382292 0.432812 0.381250 0.428906 0.381250
0 0.316406 0.405208 0.320312 0.405208 0.321094 0.405208 0.321094 0.406250 0.321875 0.407292 0.322656 0.407292 0.321875 0.408333 0.321875 0.409375 0.321094 0.410417 0.321094 0.412500 0.320312 0.413542 0.315625 0.413542 0.314844 0.412500 0.314844 0.410417 0.314844 0.409375 0.315625 0.408333 0.316406 0.407292 0.316406 0.405208
0 0.201563 0.414583 0.203906 0.414583 0.204687 0.414583 0.205469 0.415625 0.206250 0.415625 0.207031 0.415625 0.207813 0.416667 0.208594 0.417708 0.210156 0.417708 0.210938 0.417708 0.211719 0.416667 0.214062 0.416667 0.214844 0.416667 0.215625 0.417708 0.216406 0.418750 0.216406 0.426042 0.216406 0.427083 0.217188 0.428125 0.217188 0.431250 0.217188 0.432292 0.216406 0.433333 0.215625 0.434375 0.215625 0.438542 0.215625 0.439583 0.214844 0.440625 0.214062 0.441667 0.211719 0.441667 0.210938 0.441667 0.210156 0.442708 0.210156 0.443750 0.209375 0.444792 0.208594 0.444792 0.207813 0.444792 0.207031 0.445833 0.206250 0.445833 0.205469 0.445833 0.204687 0.446875 0.204687 0.447917 0.203906 0.448958 0.203125 0.450000 0.199219 0.450000 0.198437 0.450000 0.197656 0.448958 0.197656 0.447917 0.196875 0.446875 0.196094 0.445833 0.195312 0.445833 0.194531 0.444792 0.193750 0.443750 0.192969 0.443750 0.192188 0.443750 0.191406 0.442708 0.191406 0.441667 0.190625 0.440625 0.190625 0.439583 0.190625 0.438542 0.194531 0.433333 0.194531 0.432292 0.195312 0.431250 0.196094 0.431250 0.197656 0.429167 0.198437 0.428125 0.198437 0.425000 0.198437 0.423958 0.197656 0.422917 0.196875 0.422917 0.196875 0.419792 0.196094 0.418750 0.197656 0.418750 0.198437 0.418750 0.199219 0.417708 0.199219 0.416667 0.200000 0.416667 0.201563 0.414583
0 0.339844 0.415625 0.343750 0.415625 0.344531 0.415625 0.344531 0.417708 0.344531 0.418750 0.343750 0.419792 0.343750 0.421875 0.342969 0.422917 0.341406 0.422917 0.340625 0.422917 0.340625 0.419792 0.340625 0.418750 0.339844 0.417708 0.339844 0.415625
0 0.767969 0.415625 0.771094 0.415625 0.771875 0.415625 0.771875 0.416667 0.772656 0.417708 0.773438 0.417708 0.773438 0.418750 0.772656 0.419792 0.771875 0.420833 0.771875 0.421875 0.771875 0.422917 0.771094 0.423958 0.770312 0.425000 0.769531 0.425000 0.768750 0.426042 0.767969 0.426042 0.767188 0.426042 0.766406 0.425000 0.765625 0.423958 0.765625 0.421875 0.765625 0.420833 0.766406 0.419792 0.766406 0.418750 0.767188 0.417708 0.767969 0.416667 0.767969 0.415625
0 0.101562 0.421875 0.103906 0.421875 0.104688 0.421875 0.105469 0.422917 0.106250 0.423958 0.106250 0.427083 0.106250 0.428125 0.105469 0.429167 0.105469 0.431250 0.105469 0.432292 0.104688 0.433333 0.103906 0.433333 0.103125 0.434375 0.102344 0.434375 0.101562 0.434375 0.100781 0.433333 0.100000 0.432292 0.100000 0.430208 0.099219 0.429167 0.099219 0.426042 0.099219 0.425000 0.101562 0.421875
0 0.919531 0.425000 0.922656 0.425000 0.923438 0.426042 0.923438 0.430208 0.923438 0.431250 0.922656 0.432292 0.922656 0.434375 0.921875 0.435417 0.919531 0.435417 0.918750 0.434375 0.918750 0.428125 0.918750 0.427083 0.919531 0.426042 0.919531 0.425000
0 0.753906 0.426042 0.757031 0.426042 0.757812 0.426042 0.759375 0.428125 0.760156 0.429167 0.760156 0.430208 0.761719 0.432292 0.762500 0.432292 0.762500 0.434375 0.762500 0.435417 0.761719 0.436458 0.760938 0.437500 0.760156 0.437500 0.759375 0.438542 0.758594 0.439583 0.758594 0.444792 0.758594 0.445833 0.757812 0.446875 0.757812 0.450000 0.757812 0.451042 0.757031 0.452083 0.756250 0.452083 0.755469 0.453125 0.754687 0.452083 0.753906 0.452083 0.753125 0.452083 0.751563 0.450000 0.750781 0.448958 0.750781 0.447917 0.750000 0.446875 0.749219 0.445833 0.749219 0.443750 0.748437 0.442708 0.748437 0.438542 0.748437 0.437500 0.749219 0.436458 0.749219 0.431250 0.749219 0.430208 0.750000 0.430208 0.750781 0.429167 0.751563 0.428125 0.752344 0.428125 0.753906 0.426042
0 0.349219 0.427083 0.350000 0.427083 0.350781 0.427083 0.351562 0.428125 0.352344 0.428125 0.353125 0.429167 0.353125 0.430208 0.353906 0.431250 0.353906 0.433333 0.354687 0.434375 0.354687 0.435417 0.352344 0.438542 0.351562 0.439583 0.351562 0.443750 0.351562 0.444792 0.352344 0.445833 0.352344 0.446875 0.353125 0.447917 0.353125 0.448958 0.353906 0.450000 0.353906 0.451042 0.354687 0.452083 0.354687 0.456250 0.354687 0.457292 0.353125 0.459375 0.352344 0.460417 0.351562 0.460417 0.350781 0.461458 0.347656 0.461458 0.346875 0.462500 0.342187 0.462500 0.341406 0.462500 0.340625 0.461458 0.339844 0.460417 0.334375 0.460417 0.333594 0.460417 0.332031 0.458333 0.331250 0.457292 0.331250 0.453125 0.331250 0.452083 0.330469 0.451042 0.329688 0.450000 0.329688 0.446875 0.329688 0.445833 0.330469 0.444792 0.330469 0.443750 0.330469 0.442708 0.332031 0.440625 0.332031 0.439583 0.332813 0.439583 0.333594 0.438542 0.335156 0.438542 0.335938 0.438542 0.336719 0.437500 0.336719 0.436458 0.338281 0.434375 0.338281 0.433333 0.339844 0.433333 0.340625 0.433333 0.342187 0.431250 0.342969 0.430208 0.343750 0.430208 0.344531 0.430208 0.345313 0.429167 0.346094 0.429167 0.346875 0.428125 0.347656 0.428125 0.348438 0.428125 0.349219 0.427083
0 0.050000 0.442708 0.049219 0.441667 0.047656 0.441667 0.046875 0.440625 0.043750 0.440625 0.042969 0.439583 0.037500 0.439731 0.037500 0.440625 0.036719 0.441667 0.036719 0.443750 0.035156 0.445833 0.035156 0.446875 0.034375 0.447917 0.033594 0.447917 0.033594 0.450000 0.030469 0.454167 0.030469 0.455208 0.028906 0.457292 0.028906 0.458333 0.028125 0.459375 0.028125 0.463542 0.028906 0.464583 0.028906 0.467708 0.030469 0.469792 0.030469 0.475000 0.029687 0.476042 0.030469 0.477083 0.030469 0.478125 0.031250 0.479167 0.031250 0.484375 0.032031 0.484375 0.032813 0.485417 0.033594 0.485417 0.035156 0.487500 0.035937 0.487500 0.036719 0.488542 0.038281 0.488542 0.039844 0.486458 0.039844 0.485417 0.042969 0.481250 0.042969 0.476042 0.043750 0.475000 0.042969 0.473958 0.042969 0.468750 0.043750 0.467708 0.044531 0.467708 0.046094 0.465625 0.046094 0.464583 0.046875 0.463542 0.046875 0.459375 0.048438 0.457292 0.048438 0.453125 0.049219 0.452083 0.049219 0.443750
0 0.573438 0.446875 0.578125 0.446875 0.578906 0.446875 0.579688 0.447917 0.580469 0.447917 0.581250 0.448958 0.582031 0.448958 0.582031 0.450000 0.583594 0.452083 0.584375 0.453125 0.585156 0.453125 0.585938 0.454167 0.586719 0.455208 0.586719 0.456250 0.588281 0.458333 0.589063 0.459375 0.589063 0.460417 0.589844 0.461458 0.590625 0.461458 0.590625 0.462500 0.590625 0.463542 0.591406 0.464583 0.591406 0.466667 0.592187 0.467708 0.592187 0.469792 0.592187 0.470833 0.591406 0.471875 0.591406 0.472917 0.590625 0.473958 0.590625 0.479167 0.590625 0.480208 0.591406 0.481250 0.592187 0.482292 0.592187 0.485417 0.592187 0.486458 0.589063 0.490625 0.588281 0.491667 0.587500 0.491667 0.586719 0.491667 0.585938 0.492708 0.585938 0.493750 0.584375 0.495833 0.583594 0.496875 0.582031 0.496875 0.581250 0.496875 0.580469 0.497917 0.579688 0.498958 0.578906 0.498958 0.578125 0.500000 0.577344 0.500000 0.576562 0.501042 0.572656 0.501042 0.571875 0.501042 0.571094 0.500000 0.567187 0.500000 0.566406 0.500000 0.566406 0.497917 0.565625 0.496875 0.565625 0.492708 0.564844 0.491667 0.564844 0.488542 0.564063 0.487500 0.564063 0.484375 0.564063 0.483333 0.564844 0.482292 0.564844 0.479167 0.564844 0.478125 0.565625 0.477083 0.566406 0.476042 0.566406 0.471875 0.567187 0.470833 0.567187 0.467708 0.567187 0.466667 0.566406 0.465625 0.566406 0.461458 0.565625 0.460417 0.566406 0.459375 0.566406 0.458333 0.566406 0.457292 0.567969 0.455208 0.568750 0.454167 0.569531 0.454167 0.570312 0.453125 0.571094 0.453125 0.571875 0.452083 0.571875 0.451042 0.572656 0.450000 0.572656 0.448958 0.573438 0.447917 0.573438 0.446875
0 0.250000 0.477083 0.256250 0.477083 0.257031 0.477083 0.257812 0.478125 0.259375 0.478125 0.260156 0.478125 0.260937 0.479167 0.261719 0.480208 0.262500 0.480208 0.263281 0.480208 0.264062 0.481250 0.264062 0.482292 0.264062 0.483333 0.262500 0.485417 0.261719 0.486458 0.261719 0.487500 0.261719 0.488542 0.260156 0.490625 0.259375 0.491667 0.257031 0.491667 0.256250 0.491667 0.255469 0.490625 0.253906 0.490625 0.253125 0.490625 0.251563 0.488542 0.250781 0.487500 0.250000 0.487500 0.249219 0.487500 0.249219 0.480208 0.249219 0.479167 0.250000 0.478125 0.250000 0.477083
0 0.897656 0.485417 0.900000 0.485417 0.900781 0.485417 0.901563 0.486458 0.902344 0.486458 0.903125 0.486458 0.904687 0.488542 0.905469 0.489583 0.905469 0.490625 0.906250 0.491667 0.906250 0.494792 0.907031 0.495833 0.907031 0.498958 0.907031 0.500000 0.907813 0.501042 0.908594 0.502083 0.908594 0.504167 0.908594 0.505208 0.907813 0.506250 0.907031 0.507292 0.906250 0.507292 0.905469 0.508333 0.903906 0.508333 0.903125 0.508333 0.902344 0.507292 0.901563 0.507292 0.900781 0.506250 0.900000 0.506250 0.899219 0.505208 0.898438 0.504167 0.897656 0.504167 0.896875 0.504167 0.895312 0.502083 0.894531 0.502083 0.894531 0.501042 0.893750 0.500000 0.893750 0.498958 0.893750 0.497917 0.892969 0.496875 0.892188 0.495833 0.889844 0.495833 0.889062 0.495833 0.888281 0.494792 0.888281 0.493750 0.887500 0.492708 0.886719 0.492708 0.887500 0.492708 0.888281 0.492708 0.889062 0.491667 0.890625 0.491667 0.891406 0.491667 0.892188 0.490625 0.892188 0.489583 0.893750 0.489583 0.894531 0.489583 0.895312 0.488542 0.895312 0.487500 0.895312 0.486458 0.896094 0.486458 0.896875 0.486458 0.897656 0.485417
0 0.501563 0.504167 0.503125 0.504167 0.503906 0.505208 0.503906 0.510417 0.503906 0.511458 0.503125 0.512500 0.502344 0.513542 0.501563 0.513542 0.500781 0.514583 0.500781 0.516667 0.500000 0.517708 0.497656 0.517708 0.496875 0.517708 0.496875 0.516667 0.496094 0.515625 0.495312 0.514583 0.495312 0.512500 0.495312 0.511458 0.496094 0.511458 0.496875 0.510417 0.497656 0.510417 0.498437 0.510417 0.499219 0.509375 0.500000 0.509375 0.500781 0.509375 0.501563 0.508333 0.501563 0.504167
0 0.965625 0.506250 0.967969 0.506250 0.968750 0.506250 0.969531 0.507292 0.970313 0.507292 0.970313 0.508333 0.970313 0.509375 0.971094 0.510417 0.971875 0.510417 0.971094 0.511458 0.970313 0.512500 0.970313 0.513542 0.969531 0.514583 0.968750 0.515625 0.967187 0.515625 0.966406 0.515625 0.966406 0.514583 0.965625 0.513542 0.964844 0.513542 0.964844 0.512500 0.964063 0.511458 0.964063 0.509375 0.964063 0.508333 0.965625 0.506250
0 0.023438 0.508333 0.026562 0.508333 0.027344 0.509375 0.027344 0.510417 0.027344 0.511458 0.026562 0.512500 0.026562 0.513542 0.025781 0.514583 0.025000 0.514583 0.024219 0.514583 0.023438 0.513542 0.022656 0.512500 0.022656 0.511458 0.022656 0.510417 0.023438 0.509375 0.023438 0.508333
0 0.921094 0.509375 0.921875 0.510417 0.925000 0.510417 0.925781 0.511458 0.925781 0.512500 0.925781 0.513542 0.924219 0.515625 0.923438 0.516667 0.922656 0.516667 0.921875 0.516667 0.921094 0.517708 0.921094 0.518750 0.920312 0.517708 0.919531 0.517708 0.918750 0.517708 0.918750 0.516667 0.917969 0.515625 0.918750 0.514583 0.918750 0.512500 0.918750 0.511458 0.919531 0.510417 0.920312 0.510417 0.921094 0.509375
0 0.613281 0.514583 0.616406 0.514583 0.617188 0.514583 0.617969 0.515625 0.618750 0.515625 0.619531 0.515625 0.619531 0.516667 0.620313 0.517708 0.621094 0.518750 0.621094 0.519792 0.621875 0.520833 0.621875 0.521875 0.621875 0.522917 0.621094 0.523958 0.620313 0.525000 0.620313 0.530208 0.620313 0.531250 0.619531 0.532292 0.618750 0.532292 0.617188 0.534375 0.616406 0.535417 0.615625 0.535417 0.614844 0.535417 0.614062 0.534375 0.614062 0.533333 0.614062 0.532292 0.613281 0.531250 0.612500 0.531250 0.612500 0.516667 0.612500 0.515625 0.613281 0.514583
0 0.565625 0.516667 0.566406 0.516667 0.567187 0.516667 0.567969 0.517708 0.567969 0.519792 0.567969 0.520833 0.567187 0.521875 0.566406 0.521875 0.565625 0.522917 0.563281 0.522917 0.562500 0.522917 0.561719 0.521875 0.562500 0.520833 0.562500 0.518750 0.562500 0.517708 0.564063 0.517708 0.564844 0.517708 0.565625 0.516667
0 0.524219 0.518750 0.525000 0.519792 0.525781 0.519792 0.526563 0.520833 0.526563 0.521875 0.525781 0.522917 0.525000 0.522917 0.524219 0.523958 0.522656 0.523958 0.521875 0.523958 0.521875 0.521875 0.521875 0.520833 0.522656 0.520833 0.524219 0.518750
0 0.269531 0.546875 0.270313 0.546875 0.271094 0.546875 0.271094 0.547917 0.271875 0.548958 0.271875 0.555208 0.271875 0.556250 0.271094 0.557292 0.271094 0.562500 0.271094 0.563542 0.268750 0.566667 0.267969 0.567708 0.266406 0.567708 0.265625 0.567708 0.264844 0.566667 0.264062 0.566667 0.263281 0.566667 0.262500 0.565625 0.260937 0.565625 0.260156 0.565625 0.259375 0.564583 0.259375 0.563542 0.257031 0.560417 0.256250 0.560417 0.256250 0.557292 0.255469 0.556250 0.256250 0.556250 0.257031 0.555208 0.257031 0.554167 0.257812 0.554167 0.258594 0.553125 0.259375 0.554167 0.261719 0.554167 0.262500 0.554167 0.263281 0.553125 0.263281 0.552083 0.264062 0.551042 0.264844 0.550000 0.265625 0.550000 0.266406 0.548958 0.267188 0.548958 0.267969 0.547917 0.268750 0.547917 0.269531 0.546875
0 0.457813 0.551042 0.460938 0.551042 0.461719 0.551042 0.463281 0.553125 0.464062 0.553125 0.464062 0.556250 0.464062 0.557292 0.462500 0.559375 0.461719 0.560417 0.461719 0.561458 0.461719 0.562500 0.460938 0.563542 0.460156 0.563542 0.459375 0.564583 0.457813 0.564583 0.457031 0.564583 0.456250 0.563542 0.455469 0.563542 0.455469 0.556250 0.455469 0.555208 0.456250 0.554167 0.456250 0.553125 0.457031 0.553125 0.457813 0.552083 0.457813 0.551042
0 0.511719 0.563542 0.514844 0.563542 0.515625 0.563542 0.516406 0.564583 0.517188 0.564583 0.517188 0.565625 0.516406 0.566667 0.516406 0.571875 0.516406 0.572917 0.517188 0.573958 0.517969 0.575000 0.517969 0.576042 0.517188 0.577083 0.517188 0.580208 0.517188 0.581250 0.517969 0.582292 0.518750 0.582292 0.518750 0.583333 0.517969 0.584375 0.517188 0.585417 0.516406 0.585417 0.515625 0.585417 0.514844 0.586458 0.514062 0.586458 0.513281 0.587500 0.512500 0.586458 0.511719 0.585417 0.510938 0.585417 0.510156 0.584375 0.510156 0.582292 0.510156 0.581250 0.509375 0.580208 0.509375 0.579167 0.508594 0.578125 0.507812 0.577083 0.507812 0.576042 0.507031 0.575000 0.507031 0.571875 0.507031 0.570833 0.506250 0.569792 0.506250 0.567708 0.505469 0.566667 0.506250 0.566667 0.507031 0.565625 0.507812 0.564583 0.510156 0.564583 0.510938 0.564583 0.511719 0.563542
0 0.177344 0.567708 0.179688 0.567708 0.180469 0.568750 0.180469 0.569792 0.179688 0.570833 0.179688 0.572917 0.178906 0.573958 0.178125 0.573958 0.177344 0.572917 0.176563 0.572917 0.176563 0.569792 0.176563 0.568750 0.177344 0.567708
0 0.293750 0.577083 0.296094 0.577083 0.296875 0.577083 0.296875 0.578125 0.297656 0.579167 0.298438 0.580208 0.300000 0.580208 0.300781 0.580208 0.300781 0.583333 0.300781 0.584375 0.299219 0.586458 0.298438 0.587500 0.298438 0.588542 0.298438 0.589583 0.297656 0.590625 0.296875 0.591667 0.296094 0.590625 0.295312 0.590625 0.294531 0.589583 0.293750 0.589583 0.293750 0.588542 0.292187 0.586458 0.291406 0.585417 0.291406 0.581250 0.291406 0.580208 0.293750 0.577083
0 0.199219 0.581250 0.200781 0.581250 0.201563 0.581250 0.201563 0.584375 0.201563 0.585417 0.200781 0.586458 0.200000 0.586458 0.199219 0.587500 0.198437 0.586458 0.197656 0.586458 0.197656 0.583333 0.196875 0.582292 0.197656 0.582292 0.198437 0.582292 0.199219 0.581250
0 0.223438 0.587500 0.225000 0.587500 0.225781 0.587500 0.225781 0.591667 0.226562 0.592708 0.225781 0.592708 0.225000 0.593750 0.224219 0.594792 0.224219 0.593750 0.223438 0.592708 0.223438 0.591667 0.222656 0.590625 0.221875 0.590625 0.221875 0.589583 0.221875 0.588542 0.222656 0.588542 0.223438 0.587500
0 0.877344 0.600000 0.878125 0.600000 0.878906 0.600000 0.879687 0.601042 0.880469 0.602083 0.880469 0.605208 0.880469 0.606250 0.881250 0.607292 0.881250 0.608333 0.882031 0.609375 0.882031 0.611458 0.882031 0.612500 0.882812 0.613542 0.882812 0.614583 0.883594 0.615625 0.884375 0.616667 0.884375 0.619792 0.884375 0.620833 0.885156 0.621875 0.885156 0.626042 0.885156 0.627083 0.883594 0.629167 0.882812 0.630208 0.880469 0.630208 0.879687 0.630208 0.878125 0.632292 0.877344 0.633333 0.877344 0.635417 0.877344 0.636458 0.878125 0.637500 0.878125 0.638542 0.877344 0.639583 0.876563 0.639583 0.875781 0.640625 0.874219 0.640625 0.873437 0.640625 0.872656 0.641667 0.871094 0.641667 0.870313 0.641667 0.867969 0.644792 0.867969 0.645833 0.867188 0.644792 0.867188 0.642708 0.866406 0.641667 0.863281 0.641667 0.862500 0.641667 0.862500 0.636458 0.862500 0.635417 0.861719 0.634375 0.860938 0.634375 0.860938 0.633333 0.860938 0.632292 0.861719 0.632292 0.862500 0.631250 0.863281 0.631250 0.864062 0.631250 0.864844 0.630208 0.864844 0.627083 0.864844 0.626042 0.864062 0.625000 0.863281 0.623958 0.862500 0.623958 0.861719 0.622917 0.860938 0.622917 0.860156 0.621875 0.860156 0.620833 0.859375 0.619792 0.859375 0.616667 0.858594 0.615625 0.858594 0.612500 0.858594 0.611458 0.859375 0.610417 0.859375 0.607292 0.859375 0.606250 0.860156 0.605208 0.860156 0.604167 0.860938 0.603125 0.861719 0.602083 0.862500 0.602083 0.863281 0.601042 0.864844 0.601042 0.865625 0.602083 0.875000 0.602083 0.875781 0.602083 0.877344 0.600000
0 0.090625 0.619792 0.092969 0.619792 0.093750 0.619792 0.094531 0.620833 0.095312 0.620833 0.096094 0.621875 0.096094 0.622917 0.095312 0.623958 0.094531 0.623958 0.093750 0.625000 0.092969 0.626042 0.091406 0.626042 0.090625 0.626042 0.090625 0.625000 0.089844 0.623958 0.089844 0.621875 0.089844 0.620833 0.090625 0.619792
0 0.766406 0.621875 0.767188 0.622917 0.767188 0.625000 0.767188 0.626042 0.764062 0.630208 0.763281 0.630208 0.762500 0.629167 0.762500 0.626042 0.761719 0.625000 0.762500 0.625000 0.763281 0.625000 0.764062 0.623958 0.764844 0.623958 0.766406 0.621875
0 0.334375 0.628125 0.333594 0.629167 0.332031 0.629167 0.331250 0.628125 0.329688 0.628125 0.328906 0.627083 0.329688 0.626042 0.331250 0.626042 0.332031 0.625000 0.334375 0.625000 0.334375 0.627083 0.335156 0.628125
0 0.504687 0.704167 0.503906 0.703125 0.503906 0.701042 0.501563 0.697917 0.501563 0.696875 0.500781 0.696875 0.499219 0.694792 0.499219 0.691667 0.498437 0.690625 0.498437 0.688542 0.497656 0.688542 0.492969 0.682292 0.492969 0.681250 0.492188 0.680208 0.492188 0.679167 0.491406 0.678125 0.491406 0.672917 0.490625 0.672917 0.486719 0.667708 0.486719 0.661458 0.487500 0.660417 0.489063 0.660417 0.489844 0.659375 0.489844 0.658333 0.492188 0.655208 0.491406 0.654167 0.491406 0.653125 0.490625 0.652083 0.489341 0.652140 0.489341 0.652552 0.488568 0.652655 0.488568 0.653033 0.486719 0.653067 0.486719 0.654167 0.483594 0.658333 0.482812 0.658333 0.481250 0.660417 0.480469 0.660417 0.479687 0.661458 0.479687 0.662500 0.478906 0.663542 0.478125 0.663542 0.478125 0.665625 0.476562 0.667708 0.477344 0.668750 0.477344 0.673958 0.475781 0.676042 0.475000 0.676042 0.474219 0.677083 0.474219 0.679167 0.472656 0.681250 0.472656 0.682292 0.470313 0.685417 0.468750 0.685417 0.468750 0.686458 0.467187 0.688542 0.467969 0.689583 0.467969 0.691667 0.468750 0.691667 0.469531 0.692708 0.471875 0.692708 0.472656 0.693750 0.472656 0.701042 0.471875 0.702083 0.471094 0.702083 0.471094 0.705208 0.470313 0.706250 0.471094 0.707292 0.471875 0.707292 0.472656 0.708333 0.473438 0.708333 0.474219 0.709375 0.475000 0.709375 0.475781 0.710417 0.476562 0.710417 0.477344 0.711458 0.478906 0.711458 0.479687 0.712500 0.480469 0.712500 0.481250 0.713542 0.482812 0.713542 0.483594 0.714583 0.488281 0.714583 0.489844 0.716667 0.489844 0.717708 0.496875 0.717708 0.500000 0.713542 0.500781 0.713542 0.502344 0.711458 0.502344 0.706250 0.503906 0.704167
0 0.278906 0.629167 0.282813 0.629167 0.283594 0.629167 0.283594 0.638542 0.282813 0.639583 0.282031 0.639583 0.281250 0.638542 0.280469 0.638542 0.280469 0.636458 0.280469 0.635417 0.279687 0.634375 0.278906 0.634375 0.278125 0.633333 0.278125 0.632292 0.278125 0.631250 0.278906 0.630208 0.278906 0.629167
0 0.561719 0.630208 0.563281 0.630208 0.564063 0.630208 0.564844 0.631250 0.567187 0.631250 0.567969 0.631250 0.568750 0.632292 0.568750 0.633333 0.568750 0.634375 0.569531 0.635417 0.569531 0.637500 0.570312 0.638542 0.570312 0.639583 0.569531 0.640625 0.569531 0.641667 0.568750 0.642708 0.567969 0.642708 0.567187 0.643750 0.566406 0.644792 0.565625 0.644792 0.564844 0.645833 0.561719 0.645833 0.560937 0.646875 0.559375 0.644792 0.558594 0.643750 0.558594 0.633333 0.558594 0.632292 0.559375 0.631250 0.560156 0.631250 0.560937 0.631250 0.561719 0.630208
0 0.414844 0.636458 0.417969 0.636458 0.418750 0.636458 0.418750 0.639583 0.418750 0.640625 0.419531 0.641667 0.420312 0.641667 0.420312 0.642708 0.421094 0.643750 0.421094 0.644792 0.420312 0.645833 0.420312 0.648958 0.419531 0.650000 0.419531 0.654167 0.419531 0.655208 0.418750 0.656250 0.418750 0.657292 0.418750 0.658333 0.417969 0.659375 0.417969 0.661458 0.417969 0.662500 0.416406 0.664583 0.415625 0.665625 0.414844 0.665625 0.414062 0.666667 0.411719 0.666667 0.410938 0.666667 0.410156 0.665625 0.409375 0.665625 0.408594 0.664583 0.407813 0.664583 0.407031 0.664583 0.407031 0.663542 0.406250 0.662500 0.405469 0.661458 0.405469 0.653125 0.405469 0.652083 0.406250 0.651042 0.406250 0.650000 0.407813 0.647917 0.408594 0.647917 0.410938 0.644792 0.411719 0.643750 0.411719 0.641667 0.411719 0.640625 0.412500 0.639583 0.412500 0.638542 0.413281 0.638542 0.414844 0.636458
0 0.842187 0.639583 0.843750 0.639583 0.844531 0.639583 0.845313 0.640625 0.846094 0.640625 0.846094 0.645833 0.845313 0.646875 0.843750 0.646875 0.842969 0.646875 0.842187 0.645833 0.842187 0.644792 0.841406 0.643750 0.840625 0.643750 0.840625 0.642708 0.840625 0.641667 0.842187 0.639583
0 0.310937 0.655208 0.311719 0.655208 0.312500 0.655208 0.313281 0.656250 0.314063 0.656250 0.314063 0.657292 0.314844 0.658333 0.314844 0.659375 0.315625 0.660417 0.316406 0.661458 0.316406 0.666667 0.316406 0.667708 0.315625 0.668750 0.311719 0.668750 0.310937 0.668750 0.310156 0.669792 0.309375 0.670833 0.307812 0.670833 0.307031 0.670833 0.306250 0.669792 0.305469 0.668750 0.305469 0.665625 0.305469 0.664583 0.304688 0.663542 0.304688 0.662500 0.304688 0.661458 0.305469 0.660417 0.305469 0.659375 0.306250 0.659375 0.307812 0.657292 0.308594 0.656250 0.309375 0.656250 0.310156 0.656250 0.310937 0.655208
0 0.555469 0.663542 0.557813 0.663542 0.558594 0.663542 0.558594 0.664583 0.558594 0.665625 0.559375 0.666667 0.559375 0.668750 0.558594 0.669792 0.557031 0.669792 0.556250 0.669792 0.555469 0.668750 0.554688 0.667708 0.554688 0.665625 0.554688 0.664583 0.555469 0.663542
0 0.153125 0.675000 0.156250 0.675000 0.157031 0.675000 0.157812 0.676042 0.157812 0.677083 0.158594 0.678125 0.160156 0.678125 0.160938 0.678125 0.161719 0.679167 0.162500 0.679167 0.164062 0.681250 0.164844 0.681250 0.166406 0.683333 0.167187 0.683333 0.167187 0.684375 0.166406 0.685417 0.165625 0.686458 0.165625 0.687500 0.165625 0.688542 0.163281 0.691667 0.162500 0.692708 0.160938 0.692708 0.160156 0.692708 0.160156 0.691667 0.159375 0.690625 0.158594 0.690625 0.157812 0.690625 0.156250 0.688542 0.155469 0.687500 0.155469 0.684375 0.155469 0.683333 0.154688 0.682292 0.153906 0.681250 0.153906 0.680208 0.153125 0.679167 0.152344 0.678125 0.152344 0.677083 0.151562 0.676042 0.152344 0.676042 0.153125 0.675000
0 0.085938 0.676042 0.088281 0.676042 0.089063 0.676042 0.089844 0.677083 0.091406 0.677083 0.092188 0.677083 0.092188 0.679167 0.092969 0.680208 0.092188 0.680208 0.089844 0.683333 0.089063 0.684375 0.088281 0.684375 0.087500 0.684375 0.087500 0.683333 0.086719 0.682292 0.085938 0.682292 0.085938 0.680208 0.085156 0.679167 0.085938 0.678125 0.085938 0.676042
0 0.736719 0.688542 0.742969 0.688542 0.743750 0.688542 0.743750 0.691667 0.743750 0.692708 0.742969 0.693750 0.739844 0.693750 0.739062 0.693750 0.738281 0.692708 0.737500 0.692708 0.737500 0.690625 0.737500 0.689583 0.736719 0.688542
0 0.784375 0.690625 0.785156 0.691667 0.785937 0.692708 0.792188 0.692708 0.792969 0.691667 0.793750 0.692708 0.794531 0.692708 0.795312 0.692708 0.795312 0.694792 0.795312 0.695833 0.794531 0.696875 0.794531 0.698958 0.794531 0.700000 0.793750 0.701042 0.792969 0.701042 0.792188 0.702083 0.788281 0.702083 0.787500 0.702083 0.786719 0.701042 0.785937 0.701042 0.785156 0.700000 0.784375 0.698958 0.785156 0.697917 0.785156 0.695833 0.785156 0.694792 0.784375 0.693750 0.783594 0.693750 0.782813 0.693750 0.782813 0.692708 0.782031 0.691667 0.781250 0.691667 0.782813 0.691667 0.783594 0.691667 0.784375 0.690625
0 0.355469 0.700000 0.358594 0.700000 0.359375 0.700000 0.360156 0.701042 0.360938 0.701042 0.361719 0.702083 0.362500 0.703125 0.362500 0.704167 0.362500 0.705208 0.363281 0.706250 0.363281 0.707292 0.364063 0.708333 0.364844 0.708333 0.365625 0.709375 0.365625 0.713542 0.365625 0.714583 0.366406 0.715625 0.367188 0.716667 0.366406 0.716667 0.365625 0.717708 0.365625 0.718750 0.364063 0.716667 0.363281 0.715625 0.363281 0.714583 0.362500 0.713542 0.361719 0.712500 0.361719 0.709375 0.361719 0.708333 0.360938 0.707292 0.360938 0.706250 0.359375 0.704167 0.358594 0.703125 0.357812 0.703125 0.357031 0.702083 0.356250 0.702083 0.356250 0.701042 0.355469 0.700000
0 0.385156 0.705208 0.389844 0.705208 0.390625 0.705208 0.390625 0.707292 0.391406 0.708333 0.389844 0.710417 0.389062 0.710417 0.388281 0.709375 0.387500 0.709375 0.386719 0.708333 0.386719 0.707292 0.386719 0.706250 0.385937 0.705208 0.385156 0.705208
0 0.899219 0.706250 0.900000 0.706250 0.900781 0.706250 0.901563 0.707292 0.902344 0.707292 0.903125 0.708333 0.902344 0.709375 0.901563 0.710417 0.899219 0.710417 0.898438 0.710417 0.897656 0.709375 0.897656 0.708333 0.897656 0.707292 0.898438 0.707292 0.899219 0.706250
0 0.693750 0.716667 0.696094 0.716667 0.696875 0.716667 0.696875 0.717708 0.697656 0.718750 0.700000 0.718750 0.700781 0.718750 0.702344 0.720833 0.703125 0.721875 0.703125 0.722917 0.703906 0.723958 0.703906 0.726042 0.704688 0.727083 0.703906 0.728125 0.703906 0.730208 0.703906 0.731250 0.703125 0.732292 0.703125 0.733333 0.700000 0.737500 0.699219 0.738542 0.698438 0.738542 0.697656 0.739583 0.689063 0.739583 0.688281 0.739583 0.687500 0.738542 0.686719 0.738542 0.685937 0.738542 0.685937 0.737500 0.685156 0.736458 0.685156 0.735417 0.685156 0.734375 0.684375 0.733333 0.683594 0.733333 0.682813 0.733333 0.682813 0.731250 0.682813 0.730208 0.682031 0.729167 0.681250 0.729167 0.681250 0.728125 0.680469 0.727083 0.681250 0.727083 0.682031 0.726042 0.682031 0.725000 0.682813 0.725000 0.683594 0.723958 0.683594 0.722917 0.685156 0.720833 0.685156 0.719792 0.692187 0.719792 0.692969 0.719792 0.693750 0.718750 0.693750 0.716667
0 0.021875 0.730208 0.021875 0.723958 0.021094 0.722917 0.020313 0.722917 0.019531 0.721875 0.016406 0.721875 0.015625 0.720833 0.014844 0.721875 0.012500 0.721875 0.011719 0.722917 0.010937 0.722917 0.010156 0.723958 0.009375 0.723958 0.009375 0.725000 0.008594 0.726042 0.007812 0.726042 0.007031 0.727083 0.006250 0.727083 0.005469 0.728125 0.004687 0.728125 0.003906 0.729167 0.003125 0.729167 0.002344 0.730208 0.002344 0.731250 0.002076 0.731607 0.002076 0.732976 0.002344 0.733333 0.002344 0.736458 0.003125 0.737500 0.004687 0.737500 0.006250 0.739583 0.007031 0.739583 0.009375 0.742708 0.010156 0.742708 0.010937 0.741667 0.010937 0.740625 0.014063 0.736458 0.014844 0.736458 0.015625 0.735417 0.015625 0.734375 0.016406 0.733333 0.018750 0.733333 0.019531 0.732292 0.020313 0.732292
0 0.989844 0.734375 0.993750 0.734375 0.994531 0.734375 0.994531 0.735417 0.995313 0.736458 0.995313 0.738542 0.995313 0.739583 0.994531 0.740625 0.993750 0.740625 0.992969 0.741667 0.990625 0.741667 0.989844 0.741667 0.989062 0.740625 0.988281 0.740625 0.988281 0.739583 0.987500 0.738542 0.986719 0.738542 0.986719 0.737500 0.986719 0.736458 0.987500 0.736458 0.988281 0.735417 0.989062 0.735417 0.989844 0.734375
0 0.364063 0.771875 0.364844 0.772917 0.365625 0.772917 0.366406 0.773958 0.367188 0.773958 0.367969 0.775000 0.368750 0.776042 0.369531 0.776042 0.370312 0.777083 0.371094 0.777083 0.371875 0.777083 0.372656 0.778125 0.373437 0.778125 0.374219 0.779167 0.375000 0.779167 0.375000 0.784375 0.375000 0.785417 0.374219 0.786458 0.374219 0.787500 0.373437 0.788542 0.372656 0.789583 0.371875 0.789583 0.371094 0.790625 0.370312 0.790625 0.369531 0.791667 0.367188 0.791667 0.366406 0.791667 0.365625 0.792708 0.364844 0.793750 0.364063 0.793750 0.363281 0.792708 0.362500 0.791667 0.362500 0.790625 0.362500 0.789583 0.360938 0.787500 0.360156 0.786458 0.360156 0.784375 0.360938 0.783333 0.360938 0.775000 0.360938 0.773958 0.361719 0.773958 0.362500 0.772917 0.363281 0.772917 0.364063 0.771875
0 0.525622 0.787646 0.525622 0.787517 0.525013 0.787517 0.522656 0.784375 0.520313 0.784375 0.520313 0.783332 0.517969 0.783333 0.518656 0.784250 0.518656 0.785566 0.520312 0.785566 0.520312 0.788542 0.521094 0.788542 0.521875 0.789583 0.525496 0.789725 0.525496 0.787646
0 0.415625 0.794792 0.416406 0.794792 0.417187 0.794792 0.417969 0.795833 0.419531 0.795833 0.420312 0.795833 0.420312 0.796875 0.421094 0.797917 0.423438 0.797917 0.424219 0.797917 0.421094 0.797917 0.420312 0.797917 0.419531 0.798958 0.418750 0.798958 0.417969 0.800000 0.416406 0.800000 0.415625 0.800000 0.414844 0.798958 0.415625 0.797917 0.415625 0.794792
0 0.806250 0.796875 0.807031 0.797917 0.809375 0.797917 0.810156 0.797917 0.810937 0.798958 0.810937 0.800000 0.810937 0.801042 0.810156 0.802083 0.808594 0.802083 0.807813 0.801042 0.803125 0.801042 0.802344 0.801042 0.802344 0.798958 0.803125 0.797917 0.804688 0.797917 0.805469 0.797917 0.806250 0.796875
0 0.785937 0.798958 0.788281 0.798958 0.789062 0.798958 0.789062 0.801042 0.789062 0.802083 0.788281 0.803125 0.785156 0.803125 0.784375 0.803125 0.784375 0.802083 0.783594 0.801042 0.784375 0.800000 0.785156 0.800000 0.785937 0.798958
0 0.139844 0.847917 0.142969 0.847917 0.143750 0.847917 0.144531 0.848958 0.146875 0.848958 0.147656 0.848958 0.147656 0.853125 0.147656 0.854167 0.146875 0.855208 0.146094 0.855208 0.145313 0.856250 0.144531 0.856250 0.143750 0.856250 0.142187 0.858333 0.141406 0.859375 0.139844 0.859375 0.139063 0.859375 0.139063 0.855208 0.139063 0.854167 0.138281 0.853125 0.138281 0.851042 0.137500 0.850000 0.138281 0.848958 0.139063 0.848958 0.139844 0.847917
0 0.917969 0.857292 0.918750 0.857292 0.919531 0.857292 0.919531 0.863542 0.919531 0.864583 0.918750 0.865625 0.915625 0.865625 0.914844 0.865625 0.914844 0.864583 0.915625 0.864583 0.916406 0.863542 0.916406 0.862500 0.917188 0.861458 0.917188 0.859375 0.917188 0.858333 0.917969 0.857292
0 0.092969 0.858333 0.095312 0.858333 0.096094 0.858333 0.096875 0.859375 0.097656 0.859375 0.097656 0.860417 0.096875 0.861458 0.096875 0.863542 0.096875 0.864583 0.096094 0.865625 0.088281 0.865625 0.087500 0.865625 0.089063 0.863542 0.089844 0.863542 0.090625 0.862500 0.090625 0.861458 0.092969 0.858333
0 0.492973 0.642728 0.492973 0.640702 0.490809 0.640702 0.490526 0.640427 0.490397 0.636442 0.489907 0.636339 0.489882 0.635687 0.489753 0.635618 0.487872 0.635515 0.487512 0.635343 0.487486 0.634553 0.486945 0.634210 0.486713 0.633626 0.486713 0.632424 0.485914 0.631908 0.485914 0.630260 0.485142 0.629916 0.485142 0.629195 0.484498 0.629160 0.483776 0.628817 0.483725 0.628096 0.481458 0.628096 0.481226 0.628267 0.481200 0.629023 0.479706 0.629229 0.479603 0.629332 0.479603 0.629985 0.479062 0.630328 0.476563 0.630363 0.476125 0.630706 0.475816 0.631359 0.475868 0.636683 0.475687 0.637061 0.475095 0.637129 0.475095 0.639671 0.479088 0.639671 0.479423 0.639087 0.479500 0.638675 0.481226 0.638675 0.481278 0.639534 0.482566 0.639671 0.482823 0.640049 0.482875 0.646987 0.483545 0.646987 0.483545 0.647983 0.485193 0.647983 0.485245 0.648945 0.485966 0.648945 0.486404 0.649941 0.488310 0.649941 0.488413 0.649838 0.488413 0.649117 0.489109 0.649117 0.489131 0.646369 0.488980 0.646300 0.488980 0.643759 0.491428 0.643687 0.491479 0.642728
0 0.192923 0.380270 0.192923 0.378040 0.191432 0.378040 0.191418 0.377122 0.189522 0.377122 0.189090 0.377250 0.189057 0.381294 0.192187 0.381230 0.192187 0.380270
0 0.196114 0.365798 0.196114 0.363589 0.195323 0.363589 0.195323 0.362561 0.195014 0.362535 0.192123 0.362561 0.192200 0.365515 0.193647 0.365489 0.193647 0.366621 0.195304 0.366621 0.195304 0.365798
0 0.325692 0.629172 0.325692 0.626129 0.325528 0.626085 0.322520 0.626085 0.322520 0.628294 0.322685 0.628294 0.322685 0.629128 0.323509 0.629172
0 0.351362 0.628206 0.351362 0.625997 0.350439 0.625953 0.347498 0.625953 0.347597 0.629260 0.348058 0.629480 0.348256 0.630271 0.350011 0.630315 0.350011 0.628206
0 0.389049 0.598754 0.389015 0.594970 0.388104 0.594925 0.385840 0.594925 0.385907 0.599069 0.386481 0.599069 0.386616 0.600014 0.388847 0.600014 0.388948 0.599969 0.389015 0.598754
0 0.332814 0.517825 0.332814 0.515617 0.332666 0.515551 0.329526 0.515617 0.329625 0.518814 0.331380 0.518814 0.331430 0.517825
0 0.562489 0.137521 0.562434 0.134238 0.561152 0.134238 0.561005 0.133359 0.559349 0.133359 0.559349 0.133652 0.559001 0.134311 0.557884 0.134384 0.557884 0.137521 0.562434 0.137521
