0 0.620313 0.092708 0.653906 0.092708 0.654687 0.092708 0.657031 0.093750 0.657813 0.094792 0.658594 0.102083 0.658594 0.103125 0.656250 0.118750 0.655469 0.119792 0.654687 0.131250 0.653906 0.132292 0.649219 0.214583 0.648438 0.215625 0.648438 0.236458 0.648438 0.237500 0.647656 0.238542 0.646875 0.239583 0.642969 0.239583 0.642188 0.239583 0.639844 0.241667 0.639062 0.241667 0.634375 0.250000 0.633594 0.251042 0.632031 0.258333 0.631250 0.259375 0.632031 0.276042 0.632031 0.277083 0.629687 0.285417 0.628906 0.286458 0.627344 0.298958 0.626563 0.300000 0.625000 0.334375 0.625000 0.335417 0.622656 0.342708 0.621875 0.343750 0.619531 0.360417 0.618750 0.361458 0.617188 0.384375 0.616406 0.385417 0.616406 0.394792 0.616406 0.395833 0.618750 0.404167 0.619531 0.405208 0.619531 0.409375 0.619531 0.410417 0.617188 0.419792 0.617188 0.420833 0.614062 0.422917 0.613281 0.423958 0.603125 0.426042 0.602344 0.427083 0.586719 0.427083 0.585938 0.427083 0.578125 0.425000 0.577344 0.425000 0.571875 0.431250 0.571094 0.432292 0.563281 0.437500 0.562500 0.438542 0.550781 0.444792 0.550000 0.445833 0.539844 0.448958 0.539062 0.450000 0.521875 0.454167 0.521094 0.455208 0.516406 0.455208 0.515625 0.455208 0.507812 0.457292 0.507031 0.458333 0.469531 0.465625 0.468750 0.465625 0.467969 0.462500 0.467187 0.461458 0.467187 0.452083 0.467187 0.451042 0.468750 0.427083 0.469531 0.426042 0.469531 0.406250 0.469531 0.405208 0.468750 0.388542 0.468750 0.387500 0.464844 0.376042 0.464062 0.375000 0.464062 0.368750 0.464062 0.367708 0.465625 0.361458 0.466406 0.360417 0.465625 0.340625 0.465625 0.339583 0.467187 0.326042 0.467187 0.325000 0.469531 0.315625 0.470313 0.314583 0.471875 0.301042 0.471875 0.300000 0.474219 0.295833 0.474219 0.294792 0.481250 0.286458 0.482031 0.285417 0.494531 0.278125 0.495312 0.278125 0.504687 0.262500 0.505469 0.261458 0.509375 0.230208 0.510156 0.229167 0.510938 0.211458 0.510938 0.210417 0.513281 0.201042 0.514062 0.200000 0.515625 0.167708 0.515625 0.166667 0.517969 0.155208 0.518750 0.154167 0.520312 0.133333 0.521094 0.132292 0.521094 0.120833 0.521094 0.119792 0.523438 0.108333 0.523438 0.107292 0.526563 0.103125 0.527344 0.102083 0.540625 0.103125 0.541406 0.103125 0.550781 0.096875 0.551562 0.095833 0.574219 0.100000 0.575000 0.100000 0.578906 0.098958 0.579688 0.097917 0.588281 0.097917 0.589063 0.096875 0.612500 0.097917 0.613281 0.097917 0.620313 0.092708
0 0.692969 0.212500 0.696875 0.212500 0.697656 0.212500 0.714844 0.227083 0.715625 0.227083 0.721094 0.234375 0.721875 0.235417 0.720313 0.241667 0.719531 0.242708 0.713281 0.247917 0.712500 0.247917 0.688281 0.272917 0.687500 0.273958 0.678125 0.278125 0.677344 0.279167 0.671094 0.279167 0.670312 0.279167 0.665625 0.276042 0.664844 0.276042 0.660156 0.270833 0.659375 0.269792 0.647656 0.268750 0.646875 0.267708 0.645312 0.253125 0.645312 0.252083 0.646875 0.247917 0.646875 0.246875 0.652344 0.241667 0.653125 0.240625 0.653906 0.233333 0.653906 0.232292 0.671094 0.229167 0.671875 0.229167 0.676562 0.223958 0.677344 0.222917 0.680469 0.215625 0.681250 0.214583 0.688281 0.214583 0.689063 0.214583 0.692969 0.212500
0 0.345313 0.330208 0.349219 0.331250 0.350000 0.331250 0.359375 0.345833 0.360156 0.346875 0.365625 0.358333 0.365625 0.359375 0.374219 0.368750 0.375000 0.368750 0.399219 0.401042 0.400000 0.401042 0.413281 0.420833 0.414062 0.421875 0.419531 0.428125 0.420312 0.429167 0.431250 0.436458 0.432031 0.436458 0.435937 0.441667 0.436719 0.441667 0.447656 0.458333 0.448437 0.459375 0.450000 0.460417 0.450781 0.460417 0.458594 0.470833 0.459375 0.470833 0.465625 0.481250 0.466406 0.482292 0.469531 0.485417 0.470313 0.485417 0.494531 0.515625 0.495312 0.516667 0.498437 0.527083 0.498437 0.528125 0.503125 0.537500 0.503125 0.538542 0.516406 0.560417 0.516406 0.561458 0.523438 0.569792 0.524219 0.570833 0.529687 0.583333 0.530469 0.584375 0.540625 0.593750 0.541406 0.593750 0.556250 0.611458 0.557031 0.612500 0.568750 0.621875 0.569531 0.621875 0.573438 0.628125 0.574219 0.629167 0.578906 0.633333 0.579688 0.633333 0.584375 0.639583 0.585156 0.640625 0.619531 0.673958 0.620313 0.675000 0.621875 0.684375 0.621875 0.685417 0.616406 0.713542 0.615625 0.714583 0.615625 0.720833 0.615625 0.721875 0.610156 0.742708 0.610156 0.743750 0.603906 0.760417 0.603906 0.761458 0.602344 0.762500 0.601562 0.762500 0.595313 0.760417 0.594531 0.760417 0.585156 0.755208 0.584375 0.754167 0.579688 0.753125 0.578906 0.752083 0.564063 0.750000 0.563281 0.750000 0.559375 0.746875 0.558594 0.745833 0.530469 0.734375 0.529687 0.734375 0.514844 0.725000 0.514062 0.725000 0.493750 0.711458 0.492969 0.711458 0.485938 0.705208 0.485156 0.704167 0.457031 0.684375 0.456250 0.683333 0.432812 0.671875 0.432031 0.671875 0.423438 0.664583 0.422656 0.663542 0.399219 0.652083 0.398438 0.652083 0.391406 0.645833 0.390625 0.645833 0.383594 0.637500 0.382812 0.636458 0.379688 0.623958 0.378906 0.622917 0.373437 0.619792 0.372656 0.619792 0.369531 0.615625 0.368750 0.614583 0.365625 0.607292 0.365625 0.606250 0.360156 0.597917 0.359375 0.596875 0.359375 0.577083 0.359375 0.576042 0.356250 0.548958 0.356250 0.547917 0.352344 0.541667 0.351562 0.540625 0.349219 0.520833 0.349219 0.519792 0.346875 0.511458 0.346875 0.510417 0.342969 0.502083 0.342187 0.501042 0.335938 0.473958 0.335156 0.472917 0.333594 0.452083 0.332813 0.451042 0.332813 0.435417 0.332813 0.434375 0.330469 0.422917 0.329688 0.421875 0.331250 0.415625 0.331250 0.414583 0.333594 0.412500 0.334375 0.411458 0.336719 0.411458 0.337500 0.411458 0.339844 0.407292 0.340625 0.406250 0.340625 0.360417 0.340625 0.359375 0.339062 0.352083 0.338281 0.351042 0.338281 0.340625 0.338281 0.339583 0.340625 0.334375 0.340625 0.333333 0.345313 0.330208
0 0.910937 0.222917 0.923438 0.252083 0.924219 0.253125 0.924219 0.260417 0.924219 0.261458 0.921094 0.262500 0.920312 0.263542 0.907813 0.263542 0.907031 0.263542 0.897656 0.265625 0.896875 0.266667 0.893750 0.265625 0.892969 0.265625 0.892188 0.254167 0.892188 0.253125 0.893750 0.248958 0.893750 0.247917 0.901563 0.238542 0.902344 0.237500 0.906250 0.228125 0.906250 0.227083 0.910937 0.222917
0 0.959375 0.612500 0.962500 0.612500 0.963281 0.612500 0.972656 0.619792 0.973437 0.620833 0.980469 0.621875 0.981250 0.621875 0.982031 0.623958 0.982812 0.625000 0.982031 0.633333 0.982031 0.634375 0.979688 0.637500 0.978906 0.638542 0.974219 0.638542 0.973437 0.638542 0.971875 0.637500 0.971094 0.636458 0.960938 0.633333 0.960156 0.633333 0.957812 0.629167 0.957031 0.628125 0.957031 0.621875 0.957031 0.620833 0.959375 0.612500
0 0.938281 0.798958 0.942187 0.800000 0.942969 0.800000 0.944531 0.803125 0.945312 0.804167 0.945312 0.807292 0.945312 0.808333 0.942969 0.811458 0.942187 0.812500 0.934375 0.814583 0.933594 0.814583 0.932813 0.803125 0.932813 0.802083 0.933594 0.801042 0.934375 0.800000 0.938281 0.798958
0 0.767969 0.603125 0.771094 0.603125 0.771875 0.603125 0.776563 0.606250 0.777344 0.606250 0.778906 0.608333 0.779687 0.609375 0.780469 0.613542 0.781250 0.614583 0.780469 0.619792 0.780469 0.620833 0.772656 0.621875 0.771875 0.621875 0.764844 0.618750 0.764062 0.617708 0.764062 0.608333 0.764062 0.607292 0.767969 0.603125
0 0.837500 0.479167 0.839844 0.479167 0.840625 0.479167 0.842969 0.481250 0.843750 0.481250 0.848437 0.486458 0.849219 0.487500 0.849219 0.489583 0.849219 0.490625 0.848437 0.491667 0.847656 0.492708 0.842969 0.492708 0.842187 0.492708 0.837500 0.490625 0.836719 0.490625 0.835938 0.489583 0.835156 0.488542 0.835156 0.484375 0.835156 0.483333 0.837500 0.479167
0 0.899219 0.082292 0.904687 0.082292 0.905469 0.082292 0.910937 0.084375 0.911719 0.084375 0.912500 0.085417 0.913281 0.086458 0.912500 0.089583 0.912500 0.090625 0.899219 0.100000 0.898438 0.100000 0.897656 0.098958 0.896875 0.097917 0.896094 0.086458 0.896094 0.085417 0.899219 0.082292
0 0.859375 0.187500 0.864844 0.189583 0.865625 0.189583 0.869531 0.195833 0.870313 0.196875 0.870313 0.202083 0.869531 0.203125 0.865625 0.203125 0.864844 0.203125 0.861719 0.198958 0.860938 0.197917 0.857812 0.191667 0.857031 0.190625 0.859375 0.187500
0 0.715625 0.161458 0.717969 0.163542 0.718750 0.164583 0.719531 0.170833 0.719531 0.171875 0.717969 0.173958 0.717187 0.175000 0.713281 0.173958 0.712500 0.173958 0.711719 0.170833 0.710938 0.169792 0.712500 0.165625 0.712500 0.164583 0.715625 0.161458
0 0.242188 0.657292 0.259375 0.657292 0.260156 0.657292 0.278125 0.672917 0.278906 0.673958 0.301563 0.687500 0.302344 0.687500 0.306250 0.690625 0.307031 0.690625 0.307031 0.692708 0.307812 0.693750 0.303125 0.701042 0.302344 0.702083 0.289844 0.705208 0.289062 0.705208 0.283594 0.704167 0.282813 0.703125 0.271094 0.697917 0.270313 0.697917 0.254688 0.683333 0.253906 0.682292 0.244531 0.677083 0.243750 0.677083 0.242188 0.671875 0.241406 0.670833 0.241406 0.666667 0.240625 0.665625 0.242188 0.657292
0 0.564063 0.785417 0.566406 0.786458 0.567187 0.786458 0.578125 0.804167 0.578125 0.805208 0.583594 0.811458 0.584375 0.812500 0.584375 0.817708 0.584375 0.818750 0.579688 0.823958 0.578906 0.825000 0.575781 0.831250 0.575781 0.832292 0.568750 0.839583 0.567969 0.840625 0.566406 0.840625 0.565625 0.841667 0.560156 0.835417 0.559375 0.834375 0.556250 0.827083 0.555469 0.826042 0.554688 0.807292 0.553906 0.806250 0.553906 0.796875 0.553906 0.795833 0.564063 0.785417
0 0.564063 0.786458 0.566406 0.787500 0.567187 0.787500 0.571875 0.794792 0.572656 0.794792 0.579688 0.808333 0.579688 0.809375 0.583594 0.813542 0.584375 0.814583 0.583594 0.818750 0.583594 0.819792 0.578125 0.826042 0.577344 0.827083 0.576562 0.830208 0.576562 0.831250 0.574219 0.834375 0.573438 0.835417 0.574219 0.837500 0.575000 0.838542 0.586719 0.829167 0.587500 0.828125 0.590625 0.827083 0.591406 0.826042 0.601562 0.825000 0.602344 0.823958 0.606250 0.825000 0.607031 0.825000 0.613281 0.830208 0.614062 0.830208 0.619531 0.837500 0.620313 0.838542 0.621094 0.848958 0.621094 0.850000 0.625781 0.862500 0.625781 0.863542 0.625000 0.864583 0.624219 0.865625 0.591406 0.865625 0.590625 0.865625 0.577344 0.859375 0.576562 0.859375 0.571094 0.854167 0.570312 0.854167 0.562500 0.838542 0.562500 0.837500 0.557813 0.831250 0.557031 0.830208 0.556250 0.826042 0.555469 0.825000 0.554688 0.797917 0.554688 0.796875 0.555469 0.794792 0.556250 0.793750 0.559375 0.791667 0.560156 0.791667 0.564063 0.786458
0 0.591406 0.847917 0.593750 0.847917 0.594531 0.847917 0.596094 0.850000 0.596875 0.851042 0.600000 0.859375 0.600781 0.860417 0.600781 0.864583 0.600781 0.865625 0.586719 0.865625 0.585938 0.865625 0.585938 0.855208 0.585938 0.854167 0.588281 0.850000 0.589063 0.848958 0.591406 0.847917
0 0.466406 0.845833 0.474219 0.845833 0.475000 0.845833 0.479687 0.848958 0.480469 0.850000 0.480469 0.851042 0.480469 0.852083 0.473438 0.864583 0.472656 0.865625 0.450000 0.865625 0.449219 0.865625 0.448437 0.862500 0.448437 0.861458 0.450781 0.853125 0.451562 0.852083 0.455469 0.850000 0.456250 0.848958 0.466406 0.845833
0 0.514062 0.839583 0.521094 0.842708 0.521875 0.842708 0.522656 0.844792 0.523438 0.845833 0.521875 0.852083 0.521875 0.853125 0.515625 0.859375 0.514844 0.860417 0.513281 0.859375 0.512500 0.859375 0.510938 0.856250 0.510156 0.855208 0.514062 0.839583
0 0.533594 0.830208 0.536719 0.830208 0.537500 0.830208 0.538281 0.831250 0.539062 0.832292 0.539062 0.835417 0.539062 0.836458 0.537500 0.837500 0.536719 0.838542 0.532031 0.837500 0.531250 0.837500 0.530469 0.835417 0.530469 0.834375 0.533594 0.830208
0 0.439844 0.780208 0.446094 0.780208 0.446875 0.780208 0.448437 0.782292 0.449219 0.783333 0.449219 0.812500 0.449219 0.813542 0.447656 0.816667 0.447656 0.817708 0.443750 0.821875 0.442969 0.822917 0.440625 0.822917 0.439844 0.822917 0.438281 0.820833 0.437500 0.819792 0.439063 0.808333 0.439844 0.807292 0.439063 0.786458 0.438281 0.785417 0.438281 0.783333 0.438281 0.782292 0.439844 0.780208
0 0.914844 0.700000 0.918750 0.700000 0.919531 0.700000 0.921094 0.706250 0.921094 0.707292 0.915625 0.708333 0.914844 0.708333 0.914062 0.706250 0.913281 0.705208 0.914844 0.700000
0 0.816406 0.857292 0.821094 0.858333 0.821875 0.858333 0.823438 0.862500 0.823438 0.863542 0.822656 0.864583 0.821875 0.865625 0.812500 0.865625 0.811719 0.865625 0.810937 0.862500 0.810937 0.861458 0.816406 0.857292
0 0.700781 0.601042 0.704688 0.602083 0.705469 0.603125 0.705469 0.606250 0.706250 0.607292 0.704688 0.612500 0.703906 0.613542 0.699219 0.613542 0.698438 0.612500 0.698438 0.607292 0.698438 0.606250 0.700781 0.601042
0 0.814844 0.519792 0.817187 0.519792 0.817969 0.519792 0.819531 0.521875 0.820312 0.522917 0.820312 0.529167 0.819531 0.530208 0.817969 0.530208 0.817187 0.530208 0.815625 0.528125 0.814844 0.527083 0.814844 0.519792
0 0.721875 0.488542 0.726562 0.489583 0.727344 0.489583 0.727344 0.494792 0.727344 0.495833 0.721875 0.495833 0.721094 0.495833 0.720313 0.491667 0.720313 0.490625 0.721875 0.488542
0 0.230469 0.615625 0.237500 0.615625 0.238281 0.615625 0.239063 0.616667 0.239844 0.616667 0.240625 0.620833 0.240625 0.621875 0.239844 0.622917 0.239844 0.623958 0.235156 0.626042 0.234375 0.626042 0.228906 0.631250 0.228125 0.631250 0.226562 0.629167 0.225781 0.628125 0.225000 0.621875 0.225000 0.620833 0.225781 0.618750 0.226562 0.617708 0.230469 0.615625
0 0.424219 0.830208 0.426563 0.830208 0.427344 0.830208 0.430469 0.833333 0.431250 0.834375 0.431250 0.840625 0.430469 0.841667 0.423438 0.841667 0.422656 0.840625 0.421875 0.835417 0.421875 0.834375 0.424219 0.830208
0 0.257812 0.342708 0.262500 0.342708 0.263281 0.342708 0.265625 0.344792 0.266406 0.344792 0.271094 0.351042 0.271875 0.352083 0.272656 0.355208 0.272656 0.356250 0.267188 0.357292 0.266406 0.357292 0.257031 0.352083 0.256250 0.352083 0.255469 0.346875 0.255469 0.345833 0.257812 0.342708
0 0.165625 0.264583 0.168750 0.264583 0.169531 0.264583 0.172656 0.266667 0.173437 0.267708 0.184375 0.266667 0.185156 0.266667 0.187500 0.269792 0.188281 0.270833 0.189062 0.275000 0.189062 0.276042 0.185938 0.279167 0.185156 0.280208 0.178125 0.283333 0.177344 0.283333 0.171094 0.290625 0.170313 0.291667 0.165625 0.291667 0.164844 0.291667 0.163281 0.290625 0.162500 0.289583 0.159375 0.278125 0.158594 0.277083 0.159375 0.273958 0.159375 0.272917 0.165625 0.264583
0 0.425781 0.234375 0.429688 0.234375 0.430469 0.234375 0.433594 0.236458 0.434375 0.237500 0.434375 0.240625 0.434375 0.241667 0.432812 0.244792 0.432812 0.245833 0.429688 0.246875 0.428906 0.247917 0.422656 0.246875 0.421875 0.245833 0.421094 0.239583 0.421094 0.238542 0.421875 0.236458 0.422656 0.235417 0.425781 0.234375
0 0.091406 0.044792 0.093750 0.047917 0.094531 0.048958 0.096875 0.069792 0.097656 0.070833 0.096875 0.075000 0.096094 0.076042 0.095312 0.075000 0.094531 0.075000 0.092188 0.068750 0.091406 0.067708 0.089844 0.058333 0.089063 0.057292 0.089063 0.050000 0.089063 0.048958 0.091406 0.044792
0 0.132031 0.125000 0.135156 0.126042 0.135937 0.127083 0.135937 0.135417 0.135156 0.136458 0.129688 0.135417 0.128906 0.134375 0.128906 0.130208 0.128906 0.129167 0.132031 0.125000
0 0.042969 0.153125 0.046875 0.154167 0.047656 0.155208 0.047656 0.161458 0.047656 0.162500 0.039062 0.162500 0.038281 0.162500 0.038281 0.159375 0.038281 0.158333 0.042969 0.153125
0 0.326562 0.297917 0.330469 0.298958 0.331250 0.300000 0.331250 0.303125 0.331250 0.304167 0.329688 0.307292 0.328906 0.308333 0.325000 0.307292 0.324219 0.306250 0.324219 0.302083 0.324219 0.301042 0.326562 0.297917
0 0.192969 0.325000 0.196094 0.326042 0.196875 0.327083 0.200000 0.335417 0.200000 0.336458 0.197656 0.336458 0.196875 0.336458 0.194531 0.333333 0.193750 0.332292 0.192969 0.327083 0.192188 0.326042 0.192969 0.325000
0 0.067187 0.362500 0.067969 0.367708 0.067969 0.368750 0.064844 0.372917 0.064062 0.373958 0.063281 0.372917 0.062500 0.372917 0.063281 0.367708 0.063281 0.366667 0.064062 0.364583 0.064844 0.363542 0.067187 0.362500
0 0.984375 0.076042 0.986719 0.076042 0.987500 0.076042 0.989844 0.079167 0.990625 0.080208 0.991406 0.089583 0.991406 0.090625 0.989844 0.091667 0.989062 0.091667 0.985156 0.087500 0.984375 0.086458 0.983594 0.082292 0.982812 0.081250 0.982812 0.079167 0.982812 0.078125 0.984375 0.076042
0 0.886440 0.136486 0.883543 0.136032 0.881669 0.136486 0.880987 0.135350 0.881328 0.132623 0.882180 0.131942 0.885759 0.131715 0.888145 0.130578 0.889167 0.130578 0.889678 0.131487 0.891382 0.136259 0.891553 0.138531 0.889678 0.139213 0.887974 0.139213 0.887633 0.138758
0 0.912341 0.053659 0.911355 0.053167 0.911355 0.049059 0.911601 0.047580 0.912094 0.046430 0.913327 0.044623 0.913820 0.044130 0.915175 0.041666 0.915421 0.040844 0.915791 0.040351 0.916284 0.040187 0.917393 0.040187 0.918009 0.040351 0.918749 0.041009 0.918872 0.041666 0.919365 0.042816 0.919488 0.043637 0.919488 0.045116 0.918749 0.046430 0.917147 0.048073 0.916038 0.049388 0.915791 0.049881 0.914805 0.050374 0.913943 0.051031 0.912834 0.052181
0 0.951772 0.049388 0.950170 0.049223 0.949431 0.048566 0.949431 0.047909 0.949185 0.047252 0.949308 0.044952 0.950294 0.043309 0.950787 0.043144 0.952019 0.043144 0.952389 0.043473 0.952758 0.044787 0.953128 0.045116 0.953251 0.045773 0.953251 0.046759 0.952758 0.048402
0 0.864160 0.109357 0.863175 0.108371 0.862805 0.105742 0.862805 0.102620 0.863421 0.099992 0.864160 0.099170 0.864653 0.099170 0.865146 0.099334 0.865516 0.099827 0.865516 0.108535 0.865393 0.109192 0.865146 0.109685
0 0.865146 0.077976 0.864160 0.077647 0.863791 0.076333 0.863298 0.076168 0.863175 0.075511 0.863175 0.074033 0.863421 0.073540 0.863791 0.073211 0.864900 0.073047 0.867487 0.073047 0.867980 0.073211 0.868350 0.073540 0.868227 0.075018 0.866132 0.076826
0 0.824359 0.078633 0.823373 0.078961 0.822264 0.078961 0.821771 0.078797 0.820663 0.077483 0.820416 0.076990 0.820293 0.076168 0.820416 0.070418 0.820170 0.068118 0.820170 0.065325 0.821032 0.064668 0.823620 0.064668 0.823866 0.065160 0.824113 0.065818 0.824113 0.074033 0.824606 0.077154
0 0.820170 0.059410 0.819184 0.059903 0.818691 0.059903 0.816473 0.060560 0.814994 0.060560 0.813516 0.060067 0.813516 0.057438 0.814255 0.057274 0.816103 0.057274 0.816473 0.056945 0.817089 0.056945 0.818814 0.055960 0.818937 0.055303 0.819307 0.054810 0.820909 0.054810 0.821525 0.054974 0.822388 0.055960 0.823497 0.056453 0.823866 0.056781 0.827686 0.056945 0.828056 0.057274 0.828056 0.057931 0.827686 0.058260 0.826577 0.058588 0.823497 0.058917 0.822018 0.059410 0.821032 0.060067
0 0.953128 0.028686 0.951772 0.030001 0.949801 0.030329 0.948692 0.029672 0.948692 0.028193 0.951033 0.023757 0.952142 0.023922 0.953128 0.024743 0.953251 0.027372
0 0.904824 0.078304 0.903838 0.078469 0.901867 0.078469 0.899279 0.077647 0.899156 0.076333 0.898909 0.075840 0.899033 0.075183 0.899526 0.075018 0.900635 0.075183 0.901620 0.073375 0.902360 0.072718 0.903838 0.072718 0.904578 0.073540 0.905071 0.074690 0.905071 0.076826
0 0.968417 0.159120 0.966270 0.158278 0.964755 0.157436 0.963871 0.156594 0.962861 0.154910 0.962482 0.154742 0.962103 0.153732 0.962103 0.153058 0.962356 0.152217 0.963113 0.151711 0.965386 0.151711 0.968038 0.152890 0.968922 0.153732 0.969301 0.153900 0.969680 0.154237 0.969680 0.155584 0.969301 0.156762 0.969174 0.158109
0 0.981802 0.110461 0.980413 0.110125 0.978140 0.110125 0.977761 0.109956 0.977256 0.109451 0.977130 0.108946 0.975993 0.108441 0.975615 0.108104 0.975109 0.106926 0.975109 0.106252 0.975615 0.104737 0.976246 0.103895 0.977382 0.103390 0.978140 0.102548 0.978645 0.102380 0.979024 0.102043 0.980160 0.102043 0.981171 0.101538 0.982181 0.101706 0.982560 0.103558 0.982560 0.109451
0 0.946950 0.158109 0.945813 0.158615 0.944172 0.158615 0.943540 0.158446 0.943288 0.157436 0.942278 0.157436 0.941394 0.157099 0.941141 0.156426 0.941141 0.155079 0.941646 0.154405 0.944298 0.154237 0.944677 0.154069 0.946445 0.154069 0.947076 0.154237 0.948465 0.155079 0.948718 0.155584 0.948339 0.155752 0.947834 0.156426
0 0.795322 0.169993 0.794135 0.170480 0.793588 0.170237 0.792127 0.168776 0.791944 0.168289 0.791853 0.167071 0.791670 0.166584 0.791761 0.165976 0.792035 0.165489 0.792401 0.165245 0.794501 0.165124 0.794866 0.165367 0.796236 0.165611 0.796601 0.165976 0.796875 0.166463 0.796692 0.168411 0.796327 0.169385
0 0.755408 0.233802 0.754330 0.230926 0.754330 0.226613 0.754484 0.225791 0.754792 0.225175 0.755408 0.224353 0.756332 0.222710 0.756487 0.221478 0.756487 0.220040 0.756795 0.219629 0.757719 0.219629 0.758797 0.220040 0.759722 0.221272 0.760030 0.222094 0.760184 0.223326 0.760184 0.230310 0.759722 0.231543 0.758797 0.232775 0.757411 0.233597 0.757103 0.234007
0 0.805629 0.234829 0.802086 0.234829 0.801624 0.234624 0.800700 0.233802 0.799621 0.231953 0.799313 0.231543 0.798851 0.231337 0.798697 0.230721 0.799621 0.230516 0.800700 0.229489 0.801162 0.229489 0.802548 0.228667 0.804551 0.228667 0.805475 0.229283 0.805783 0.229694 0.806245 0.229694 0.807478 0.230721 0.807940 0.230926 0.808864 0.231953 0.808864 0.233186 0.807016 0.234213
0 0.882501 0.234007 0.880345 0.233186 0.879883 0.231953 0.879883 0.229899 0.880345 0.228667 0.880499 0.227845 0.881423 0.227434 0.881731 0.227024 0.882193 0.226818 0.884966 0.226818 0.885891 0.227434 0.886045 0.228051 0.886045 0.230105 0.885736 0.230516 0.885120 0.231953 0.883888 0.233802
0 0.940117 0.199089 0.938730 0.199089 0.937806 0.198062 0.937498 0.197446 0.937190 0.196213 0.937036 0.194981 0.937036 0.193132 0.939039 0.192516 0.940579 0.192516 0.941503 0.193543 0.942428 0.195597 0.943044 0.197446 0.942890 0.198678 0.941811 0.199294 0.941349 0.199294
0 0.742651 0.147469 0.741749 0.147168 0.740960 0.146567 0.740396 0.145665 0.740170 0.144462 0.739945 0.144011 0.739832 0.142808 0.739832 0.142056 0.740960 0.141756 0.742651 0.141756 0.744794 0.142808 0.745132 0.143109 0.745470 0.144161 0.745809 0.147168 0.745470 0.147619 0.744455 0.147920 0.743892 0.147920
0 0.708027 0.338854 0.705989 0.338552 0.705309 0.336136 0.704177 0.334626 0.704404 0.332814 0.706215 0.331002 0.713010 0.330700 0.713010 0.337042 0.710292 0.338250
0 0.723882 0.301407 0.721843 0.299294 0.721164 0.296878 0.721390 0.293556 0.722749 0.292650 0.724108 0.292650 0.725467 0.294764 0.726147 0.297482 0.725920 0.300804
0 0.771520 0.469413 0.769199 0.468971 0.767375 0.467202 0.767044 0.463223 0.767707 0.462118 0.769199 0.462118 0.774836 0.465876 0.775167 0.468749 0.772846 0.469855
0 0.921423 0.516695 0.919180 0.515607 0.918875 0.515064 0.918875 0.513025 0.919079 0.511937 0.920608 0.509355 0.921219 0.508947 0.922646 0.508676 0.923462 0.509219 0.923768 0.509627 0.924073 0.510443 0.924277 0.512209 0.923360 0.514248 0.923054 0.515335 0.922340 0.516015
0 0.932121 0.449926 0.928166 0.450155 0.927822 0.449697 0.927650 0.445798 0.927478 0.445110 0.926962 0.444881 0.926962 0.442817 0.927650 0.441671 0.931261 0.440983 0.932293 0.447862
0 0.965658 0.449238 0.964454 0.448091 0.963423 0.444422 0.964454 0.442817 0.965830 0.441900 0.966862 0.439377 0.968066 0.438231 0.969614 0.438231 0.970130 0.439607 0.970130 0.441212 0.969786 0.443505 0.968238 0.447633 0.967206 0.449238
0 0.877435 0.793288 0.876274 0.789032 0.875404 0.787485 0.875114 0.782455 0.875984 0.779747 0.877435 0.778199 0.879176 0.778199 0.880917 0.778973 0.881788 0.781295 0.881788 0.787485 0.880917 0.791354 0.879176 0.795610
0 0.921541 0.770849 0.919219 0.769301 0.919219 0.763111 0.920670 0.761563 0.921831 0.761563 0.923572 0.758468 0.925313 0.758855 0.925313 0.768527 0.924733 0.769301 0.924152 0.769301
0 0.954040 0.862155 0.951138 0.861768 0.949687 0.860221 0.947366 0.856352 0.948236 0.853643 0.951138 0.852483 0.951428 0.851709 0.955200 0.851709 0.956071 0.852096 0.957522 0.854030 0.957522 0.857512 0.956071 0.860221
0 0.954330 0.825013 0.951428 0.824627 0.950268 0.823853 0.949107 0.822692 0.949107 0.820758 0.952879 0.818436 0.956071 0.818049 0.956651 0.819210 0.956361 0.822305
0 0.948526 0.700047 0.946205 0.700434 0.943594 0.698500 0.942723 0.695792 0.942723 0.693083 0.943013 0.692309 0.945044 0.691923 0.947366 0.690375 0.948817 0.689988 0.948817 0.693083 0.949687 0.696952
0 0.808955 0.742992 0.806344 0.740284 0.806054 0.737189 0.805183 0.736028 0.805183 0.733707 0.806344 0.732546 0.808085 0.732159 0.810116 0.728677 0.811857 0.728290 0.812437 0.729451 0.812437 0.735254 0.811277 0.738737 0.810986 0.741058
0 0.770596 0.847211 0.769645 0.846647 0.769327 0.845942 0.769116 0.844814 0.769116 0.843968 0.769433 0.842840 0.771125 0.838751 0.771654 0.838187 0.772077 0.838187 0.773451 0.837482 0.774297 0.837623 0.774720 0.837905 0.775038 0.838469 0.775038 0.840443 0.774720 0.841853 0.774720 0.842417 0.774297 0.844109 0.773240 0.845801 0.772500 0.846647 0.772077 0.846929 0.771654 0.846929
0 0.754212 0.783642 0.753141 0.783499 0.751000 0.782072 0.750572 0.781929 0.749288 0.780645 0.747896 0.778504 0.745755 0.776506 0.744685 0.775078 0.745113 0.773936 0.745969 0.772937 0.746933 0.772937 0.747896 0.773365 0.748431 0.773794 0.751429 0.776791 0.752499 0.778076 0.755389 0.780788 0.756246 0.781358 0.756246 0.783214 0.755389 0.783785
0 0.734087 0.798343 0.733659 0.797202 0.733337 0.796773 0.733230 0.796060 0.733230 0.793491 0.732802 0.793062 0.732374 0.792920 0.732695 0.792491 0.736228 0.792491 0.737298 0.792920 0.737619 0.793633 0.737726 0.795346 0.737405 0.795917 0.736977 0.797202 0.736228 0.798058 0.735264 0.798343
0 0.726700 0.819325 0.725951 0.818611 0.724988 0.817327 0.724559 0.815614 0.724559 0.814329 0.724774 0.813758 0.725095 0.813330 0.725523 0.813187 0.726593 0.813187 0.726915 0.813758 0.727664 0.814472 0.727878 0.815614 0.727878 0.818754 0.727557 0.819182
0 0.721562 0.857720 0.719421 0.857577 0.715460 0.856150 0.714925 0.856150 0.714604 0.855721 0.714711 0.853866 0.715032 0.853438 0.718993 0.853295 0.719421 0.853580 0.720170 0.854437 0.721134 0.854865 0.721562 0.855293 0.721883 0.856007 0.721990 0.856720
0 0.668252 0.815899 0.667396 0.815614 0.667181 0.815043 0.667396 0.813045 0.667396 0.811332 0.667717 0.808763 0.667931 0.808049 0.668252 0.807621 0.668894 0.807478 0.669751 0.807621 0.670179 0.807906 0.670500 0.808620 0.670500 0.812046 0.670393 0.813330 0.670179 0.813901 0.669965 0.815614 0.669751 0.816185 0.669323 0.816327
0 0.712677 0.846729 0.712249 0.845730 0.712249 0.844588 0.712570 0.844160 0.712677 0.843589 0.713319 0.842733 0.714176 0.842019 0.715460 0.842019 0.715781 0.842590 0.715781 0.845873 0.715246 0.846872 0.713962 0.847015 0.713533 0.847300
0 0.716852 0.769940 0.715567 0.769654 0.714925 0.768798 0.714818 0.768227 0.714818 0.767085 0.715781 0.765515 0.716210 0.765230 0.717066 0.765373 0.717387 0.765801 0.717815 0.765943 0.719100 0.767799 0.719100 0.768941 0.718458 0.769797 0.718030 0.769940
0 0.648341 0.808906 0.645879 0.809048 0.645665 0.808477 0.645772 0.807906 0.645772 0.803339 0.645986 0.802768 0.646414 0.802483 0.648234 0.802483 0.648448 0.803054 0.648555 0.806765 0.648662 0.807336
0 0.805485 0.860206 0.804618 0.860061 0.804293 0.859772 0.803968 0.858472 0.803318 0.857027 0.803101 0.855438 0.803101 0.853559 0.803534 0.852114 0.803534 0.851392 0.803860 0.850380 0.804618 0.848502 0.804943 0.848069 0.805377 0.847780 0.807761 0.847635 0.807978 0.848213 0.807869 0.849369 0.807327 0.851103 0.807219 0.853993 0.807002 0.854426 0.807002 0.855582 0.807652 0.856593 0.808411 0.858183 0.810362 0.859772 0.810470 0.860495 0.810362 0.861073 0.809711 0.861217 0.806785 0.861217 0.806352 0.861073
0 0.800500 0.855582 0.799417 0.855438 0.798441 0.855004 0.798116 0.854571 0.798116 0.852548 0.798441 0.851681 0.798766 0.851247 0.799091 0.850958 0.799633 0.850814 0.801476 0.850814 0.801801 0.851103 0.801801 0.853559 0.801692 0.854282 0.801476 0.854715
0 0.596477 0.537344 0.591137 0.535153 0.590521 0.533510 0.590521 0.531867 0.592780 0.529129 0.596477 0.529403 0.602022 0.534332 0.599763 0.535975 0.598531 0.536248 0.598325 0.536796
0 0.619684 0.510508 0.617836 0.510508 0.615987 0.509139 0.615371 0.508044 0.615577 0.504210 0.615987 0.503115 0.616604 0.502841 0.619479 0.502841 0.620711 0.503663 0.622559 0.507496 0.623175 0.508044 0.623175 0.508592 0.621533 0.509961
0 0.929519 0.404946 0.927539 0.405606 0.927292 0.401646 0.928034 0.399666 0.928777 0.399666 0.930262 0.397026 0.932242 0.396696 0.932489 0.398016 0.932242 0.399336 0.931747 0.400656 0.930262 0.401976
0 0.874716 0.336447 0.873655 0.332911 0.873655 0.326311 0.875776 0.326311 0.876483 0.326783 0.877014 0.328197 0.877191 0.330318 0.877191 0.336683 0.876307 0.337390
0 0.808244 0.380997 0.805592 0.381469 0.804355 0.380761 0.803824 0.379111 0.803824 0.376990 0.804708 0.373454 0.805239 0.372747 0.807714 0.373690 0.808421 0.374397 0.808597 0.376990 0.808067 0.378876
0 0.886207 0.362847 0.884439 0.361904 0.883201 0.358604 0.884792 0.356247 0.886914 0.356247 0.887444 0.358840 0.887444 0.361433
0 0.716315 0.424840 0.714901 0.424604 0.714194 0.423662 0.711188 0.417062 0.711188 0.415647 0.711542 0.415412 0.712603 0.415412 0.714901 0.416826 0.715785 0.420362 0.715961 0.422719
0 0.913432 0.303918 0.911664 0.303918 0.910603 0.302504 0.909189 0.298968 0.909189 0.296847 0.909543 0.295904 0.910603 0.295668 0.912017 0.296375 0.913078 0.297554 0.914493 0.300147 0.914669 0.302268
0 0.776288 0.052402 0.776288 0.048822 0.775751 0.047391 0.775751 0.044289 0.776646 0.043334 0.777899 0.043573 0.779867 0.047152 0.779867 0.049777 0.779330 0.051447 0.778435 0.053117 0.777899 0.053117
0 0.808143 0.031881 0.806533 0.030449 0.806354 0.027585 0.807606 0.026631 0.808501 0.024006 0.809217 0.023290 0.809933 0.023768 0.810953 0.025535 0.811186 0.028540 0.811007 0.030210 0.809575 0.031642
0 0.842906 0.054010 0.841688 0.053401 0.840319 0.051372 0.839710 0.050155 0.839710 0.047720 0.840014 0.047111 0.841384 0.045285 0.841536 0.044677 0.842601 0.044677 0.843210 0.044879 0.843515 0.045488 0.843971 0.047111 0.844580 0.047923 0.844884 0.050358 0.844732 0.051169 0.844428 0.051981 0.844123 0.052387 0.843971 0.052996
0 0.835601 0.072880 0.833319 0.074098 0.833014 0.073692 0.832558 0.072069 0.832558 0.070243 0.832710 0.069634 0.834232 0.068822 0.835297 0.067808 0.836210 0.067808 0.836666 0.068214 0.836666 0.070040 0.836514 0.070851
0 0.824644 0.008356 0.822970 0.005922 0.822818 0.005313 0.822514 0.004907 0.822362 0.004298 0.822362 0.000849 0.822818 0.000646 0.823883 0.000646 0.824796 0.001052 0.825862 0.002269 0.826318 0.003893 0.826623 0.004501 0.826775 0.005313 0.826775 0.006124 0.825862 0.007545
0 0.985248 0.382158 0.983553 0.380926 0.983091 0.378667 0.983091 0.376818 0.982783 0.376202 0.982629 0.374969 0.984015 0.374764 0.985248 0.375380 0.985556 0.375791 0.986326 0.375791 0.986788 0.375996 0.987404 0.376818 0.987867 0.378256 0.987867 0.380515 0.987713 0.381337 0.986788 0.381748
0 0.740183 0.080313 0.738604 0.080163 0.737927 0.079862 0.737476 0.079862 0.735898 0.078960 0.734093 0.078960 0.733530 0.078810 0.732853 0.078209 0.732740 0.076855 0.733079 0.076104 0.733868 0.075352 0.735221 0.075352 0.735672 0.075652 0.737927 0.075652 0.738378 0.075953 0.739506 0.075953 0.739957 0.075652 0.740183 0.075201 0.740634 0.075201 0.741423 0.075652 0.741649 0.076855 0.741536 0.077457 0.740746 0.078960
0 0.822657 0.153300 0.818854 0.153599 0.817287 0.153002 0.816840 0.151511 0.817735 0.148826 0.820867 0.148229 0.821538 0.146737 0.822210 0.146737 0.822433 0.147632 0.822210 0.150914
0 0.815050 0.108851 0.811918 0.107956 0.810575 0.106763 0.810575 0.104377 0.811023 0.103482 0.813708 0.102289 0.815498 0.102587 0.815721 0.103183 0.817511 0.104377 0.817511 0.106465 0.817064 0.107658
0 0.727165 0.668591 0.725008 0.666793 0.721233 0.664636 0.720154 0.663198 0.719884 0.657806 0.720963 0.655289 0.722850 0.654930 0.724468 0.656008 0.727704 0.660682 0.729322 0.662120 0.729322 0.662839 0.730130 0.663917 0.728782 0.665715
0 0.702226 0.682539 0.701056 0.680719 0.700081 0.677859 0.699887 0.673440 0.700861 0.672140 0.702421 0.671881 0.704176 0.672140 0.705346 0.673960 0.705346 0.677599 0.703786 0.682539
0 0.976712 0.697491 0.974502 0.697860 0.973673 0.697123 0.972568 0.696018 0.972568 0.693439 0.975055 0.691228 0.977541 0.691597 0.977541 0.694544 0.977818 0.694912
0 0.000000 0.867487 0.008658 0.867860 0.007819 0.862266 0.008099 0.861893 0.007260 0.860774 0.000000 0.859655 0.000000 0.861147 0.000000 0.861952 0.000000 0.862266 0.000000 0.861893 0.000000 0.861147 0.000000 0.864503
0 0.139843 0.867114 0.152150 0.867114 0.152430 0.866741 0.152150 0.862639 0.148514 0.858909 0.145997 0.859282 0.144318 0.860774 0.144318 0.862266 0.143759 0.863012 0.141521 0.864503
0 0.048817 0.820122 0.045820 0.820122 0.044022 0.819323 0.042423 0.817459 0.042423 0.816393 0.043622 0.815327 0.044421 0.815327 0.046819 0.815327 0.051814 0.814795 0.051814 0.817725 0.050615 0.819323
0 0.009857 0.735676 0.005661 0.735143 0.005461 0.731414 0.006061 0.730348 0.009258 0.730348 0.010057 0.729816 0.012454 0.729816 0.013253 0.730348 0.014053 0.731148 0.013853 0.731680 0.013453 0.731680 0.011255 0.734344
0 0.020313 0.732292 0.021875 0.732292 0.022656 0.732292 0.025000 0.735417 0.025000 0.736458 0.024219 0.737500 0.023438 0.738542 0.020313 0.738542 0.019531 0.738542 0.018750 0.735417 0.018750 0.734375 0.020313 0.732292
0 0.205469 0.806250 0.209375 0.806250 0.210156 0.806250 0.210938 0.809375 0.210938 0.810417 0.210156 0.811458 0.209375 0.812500 0.204687 0.813542 0.203906 0.813542 0.203125 0.810417 0.203125 0.809375 0.205469 0.806250
0 0.060156 0.741667 0.068750 0.743750 0.069531 0.743750 0.071875 0.752083 0.071875 0.753125 0.070312 0.754167 0.069531 0.754167 0.060156 0.747917 0.059375 0.747917 0.057813 0.744792 0.057813 0.743750 0.060156 0.741667
0 0.144531 0.589583 0.147656 0.589583 0.148438 0.589583 0.149219 0.593750 0.149219 0.594792 0.144531 0.595833 0.143750 0.595833 0.142969 0.591667 0.142969 0.590625 0.144531 0.589583
0 0.075000 0.644792 0.082031 0.645833 0.082812 0.645833 0.083594 0.647917 0.084375 0.648958 0.084375 0.653125 0.084375 0.654167 0.080469 0.655208 0.079687 0.655208 0.076563 0.652083 0.075781 0.652083 0.074219 0.648958 0.073438 0.647917 0.075000 0.644792
0 0.048438 0.568750 0.051562 0.569792 0.052344 0.569792 0.053125 0.575000 0.053125 0.576042 0.051562 0.576042 0.050781 0.576042 0.049219 0.573958 0.048438 0.572917 0.048438 0.568750
0 0.172656 0.494792 0.172656 0.501042 0.172656 0.502083 0.170313 0.504167 0.169531 0.505208 0.165625 0.504167 0.164844 0.503125 0.165625 0.498958 0.166406 0.497917 0.172656 0.494792
0 0.023438 0.458333 0.025000 0.458333 0.025781 0.458333 0.027344 0.460417 0.028125 0.461458 0.028125 0.464583 0.028125 0.465625 0.026562 0.465625 0.025781 0.465625 0.024219 0.463542 0.023438 0.462500 0.023438 0.458333
0 0.021875 0.422917 0.024219 0.422917 0.025000 0.422917 0.025000 0.425000 0.025000 0.426042 0.023438 0.428125 0.022656 0.429167 0.021094 0.429167 0.020313 0.428125 0.020313 0.426042 0.020313 0.425000 0.021875 0.422917
0 0.275000 0.502083 0.276562 0.502083 0.277344 0.502083 0.278906 0.504167 0.279687 0.505208 0.279687 0.508333 0.279687 0.509375 0.275781 0.509375 0.275000 0.508333 0.275000 0.502083
0 0.284375 0.089583 0.288281 0.090625 0.289062 0.091667 0.289062 0.094792 0.289062 0.095833 0.287500 0.097917 0.286719 0.098958 0.283594 0.097917 0.282813 0.096875 0.282813 0.092708 0.282813 0.091667 0.284375 0.089583
0 0.230469 0.136458 0.235937 0.136458 0.236719 0.136458 0.241406 0.142708 0.241406 0.143750 0.240625 0.144792 0.239844 0.145833 0.237500 0.145833 0.236719 0.145833 0.234375 0.142708 0.233594 0.141667 0.230469 0.140625 0.229687 0.139583 0.230469 0.136458
0 0.285938 0.132292 0.289844 0.132292 0.290625 0.133333 0.289062 0.139583 0.288281 0.140625 0.285938 0.139583 0.285156 0.138542 0.285938 0.132292
0 0.320312 0.096875 0.322656 0.096875 0.323437 0.097917 0.322656 0.103125 0.321875 0.104167 0.320312 0.103125 0.319531 0.102083 0.320312 0.096875
0 0.336719 0.120833 0.339062 0.120833 0.339844 0.120833 0.339844 0.125000 0.339062 0.126042 0.335938 0.126042 0.335156 0.125000 0.336719 0.120833
0 0.326562 0.120833 0.328125 0.121875 0.328906 0.122917 0.329688 0.126042 0.328906 0.127083 0.327344 0.126042 0.326562 0.126042 0.326562 0.120833
0 0.324219 0.071875 0.325000 0.071875 0.325781 0.072917 0.325781 0.075000 0.325781 0.076042 0.324219 0.076042 0.323437 0.075000 0.324219 0.071875
0 0.060156 0.279167 0.061719 0.279167 0.062500 0.279167 0.063281 0.282292 0.063281 0.283333 0.060156 0.284375 0.059375 0.284375 0.058594 0.281250 0.058594 0.280208 0.060156 0.279167
0 0.047656 0.304167 0.051562 0.304167 0.052344 0.305208 0.052344 0.313542 0.051562 0.314583 0.048438 0.314583 0.047656 0.313542 0.047656 0.304167
0 0.008151 0.037517 0.005433 0.036309 0.004346 0.035343 0.003803 0.033652 0.003803 0.029788 0.004890 0.029788 0.007426 0.031478 0.008332 0.035585
0 0.005433 0.040416 0.003803 0.039933 0.003259 0.039208 0.003078 0.036551 0.003621 0.035343 0.005614 0.036068 0.005795 0.038483
0 0.036594 0.069402 0.034420 0.069644 0.030977 0.067470 0.030253 0.064813 0.031521 0.063122 0.034238 0.061190 0.038586 0.060948 0.038586 0.065296 0.037318 0.067711
0 0.061051 0.040657 0.058152 0.039691 0.057790 0.039208 0.057790 0.037034 0.059239 0.034377 0.062138 0.033169 0.063225 0.033169 0.064493 0.034619 0.064674 0.038725 0.063587 0.040899 0.062500 0.040899
0 0.087863 0.083896 0.085871 0.085103 0.083515 0.085103 0.082972 0.084862 0.082972 0.081963 0.083878 0.080514 0.085508 0.079065 0.087501 0.078823 0.088226 0.078098 0.089313 0.078098 0.089494 0.078823 0.089313 0.083654
0 0.125002 0.112641 0.123553 0.111916 0.123009 0.110225 0.123009 0.108776 0.125546 0.106602 0.126089 0.106602 0.127539 0.108051 0.127539 0.110467 0.126633 0.111674
0 0.098552 0.141627 0.095653 0.140661 0.094204 0.139453 0.095291 0.136071 0.096922 0.134622 0.100183 0.134864 0.100907 0.135830 0.101632 0.137521 0.101632 0.138487 0.101088 0.140178 0.100545 0.140178 0.100001 0.140902
0 0.081885 0.143076 0.080073 0.143318 0.077718 0.141869 0.076993 0.140902 0.077356 0.137279 0.078805 0.134864 0.080979 0.135105 0.082610 0.137279 0.082791 0.141144
0 0.082610 0.133656 0.081523 0.130516 0.081718 0.128304 0.082972 0.126892 0.085146 0.126892 0.085871 0.127617 0.086414 0.129066 0.086414 0.132206 0.085508 0.133656 0.084240 0.134139
0 0.150384 0.074938 0.148550 0.072737 0.147633 0.072248 0.147083 0.071026 0.146899 0.068091 0.148000 0.065157 0.149834 0.064912 0.151484 0.066135 0.152585 0.069069 0.152951 0.071759 0.152951 0.073226 0.151851 0.073960
0 0.164872 0.017963 0.163955 0.016251 0.164505 0.014784 0.166339 0.014295 0.168357 0.014784 0.168907 0.016740 0.168907 0.018941 0.166156 0.018941
0 0.207341 0.062048 0.206293 0.062048 0.205507 0.061524 0.204852 0.059253 0.204852 0.058205 0.205245 0.057157 0.206031 0.057157 0.207603 0.055935 0.208389 0.055760 0.209175 0.055935 0.209699 0.057507 0.209699 0.059603 0.209437 0.060127 0.208782 0.060651 0.208389 0.061175
0 0.217559 0.034277 0.215463 0.034277 0.215070 0.033927 0.214808 0.033403 0.214677 0.030434 0.215070 0.030085 0.216642 0.029386 0.217559 0.029561 0.217559 0.030085 0.217952 0.031133 0.218083 0.032530 0.218345 0.033054
0 0.180882 0.109968 0.178439 0.110720 0.177687 0.110469 0.176935 0.109216 0.177123 0.104706 0.178815 0.104706 0.179942 0.105457 0.180882 0.107713
0 0.181258 0.163342 0.180694 0.160335 0.179379 0.158832 0.179379 0.157829 0.179942 0.156577 0.181446 0.155324 0.182573 0.155324 0.182573 0.161839
0 0.120210 0.223249 0.119091 0.221971 0.118612 0.220053 0.117653 0.218774 0.117813 0.216644 0.119091 0.215152 0.121968 0.215152 0.123886 0.216217 0.125643 0.220266 0.125164 0.220905 0.121488 0.222397
0 0.107105 0.201728 0.103749 0.201941 0.103430 0.200876 0.103589 0.196614 0.105347 0.194270 0.106306 0.194270 0.106515 0.194966 0.106945 0.199597
0 0.108703 0.182977 0.108384 0.179780 0.108703 0.178076 0.111260 0.178076 0.111420 0.180633 0.109982 0.182550
0 0.004986 0.249884 0.009301 0.244344 0.011059 0.242853 0.009620 0.241574 0.008661 0.239017 0.008182 0.238804 0.004027 0.239230 0.002589 0.241787 0.002269 0.244984 0.002748 0.247967 0.003547 0.249458
0 0.139227 0.221331 0.137150 0.219840 0.137150 0.217922 0.138588 0.216217 0.141784 0.216217 0.142264 0.216644 0.142264 0.218774 0.141305 0.219201 0.140506 0.220266 0.140506 0.220905
0 0.141944 0.162947 0.139387 0.162521 0.138109 0.161242 0.137949 0.159964 0.138428 0.158685 0.139707 0.158046 0.141625 0.159324 0.142104 0.161029
0 0.196280 0.213447 0.195161 0.212169 0.195161 0.210251 0.198997 0.210038 0.200116 0.212169 0.200116 0.215578 0.197719 0.216004 0.197399 0.214300
0 0.018649 0.201941 0.016916 0.201016 0.016685 0.200554 0.016569 0.199322 0.017494 0.199322 0.018534 0.198859 0.018996 0.198859 0.019458 0.198551 0.019805 0.197319 0.021307 0.197319 0.021769 0.197473 0.023271 0.198705 0.023503 0.200092 0.023271 0.200554 0.021076 0.202557 0.020036 0.203019 0.019111 0.203019
0 0.034943 0.217811 0.035174 0.216270 0.035751 0.215345 0.036214 0.215191 0.036214 0.213034 0.036560 0.212726 0.037485 0.212726 0.037947 0.213034 0.038987 0.214883 0.040143 0.217503 0.039796 0.217811 0.039334 0.217811 0.038987 0.218119 0.037947 0.218273 0.035983 0.218273 0.034018 0.217657
0 0.025929 0.209799 0.025467 0.208720 0.025351 0.207334 0.025351 0.205485 0.025698 0.204406 0.028009 0.204406 0.028934 0.205022 0.029858 0.206563 0.029743 0.207796 0.029511 0.208258 0.027200 0.209645
0 0.058978 0.221508 0.059787 0.220738 0.059903 0.218735 0.060365 0.217657 0.060481 0.216732 0.060827 0.216270 0.060827 0.215499 0.061345 0.214426 0.061636 0.213188 0.061867 0.212726 0.062561 0.212110 0.063023 0.211956 0.063832 0.212572 0.064294 0.213805 0.064409 0.214575 0.064409 0.216424 0.064063 0.217657 0.063254 0.218119 0.063023 0.218735 0.062907 0.221200 0.062561 0.221508 0.062214 0.222895 0.061983 0.223357 0.061636 0.223665 0.060712 0.223820 0.060249 0.223665 0.059441 0.222741
0 0.029633 0.291654 0.028323 0.291217 0.028650 0.286632 0.029960 0.283793 0.032089 0.283793 0.032908 0.286414 0.032908 0.288379 0.030943 0.292091
0 0.034873 0.263049 0.034055 0.264578 0.032581 0.264578 0.031107 0.263049 0.030124 0.259992 0.031107 0.258682 0.034710 0.258245 0.035365 0.260865
0 0.038804 0.256935 0.036347 0.252786 0.036020 0.250602 0.037330 0.249074 0.038313 0.249074 0.039131 0.251039 0.039459 0.254970
0 0.070075 0.255639 0.068748 0.255196 0.067422 0.253649 0.067256 0.250997 0.068251 0.249670 0.070240 0.250112 0.071069 0.251439 0.071069 0.253870
0 0.116729 0.309639 0.114615 0.309639 0.114333 0.309263 0.114333 0.307571 0.114615 0.306819 0.115179 0.306068 0.116447 0.306068 0.117011 0.305880 0.117293 0.305504 0.117716 0.305504 0.118562 0.304376 0.119408 0.304188 0.120677 0.304188 0.120959 0.304564 0.121100 0.305316 0.121100 0.307007 0.119690 0.308699 0.117998 0.309075 0.115320 0.310203
0 0.054842 0.334639 0.053009 0.333323 0.052868 0.332759 0.052163 0.332007 0.052022 0.330879 0.052868 0.330315 0.054560 0.329939 0.055828 0.329939 0.056674 0.330503 0.057943 0.332195 0.058507 0.332571 0.058648 0.333135 0.058648 0.334826 0.058366 0.335954 0.058084 0.336330 0.057520 0.336706 0.056110 0.336706 0.055264 0.336142
0 0.050612 0.322609 0.049766 0.323924 0.049062 0.323924 0.048639 0.323736 0.047652 0.322797 0.046947 0.321669 0.046806 0.320541 0.047370 0.320353 0.047934 0.319601 0.048075 0.319037 0.048639 0.318098 0.050471 0.317346 0.050753 0.316970 0.051740 0.316594 0.051881 0.318098 0.051881 0.320729 0.051599 0.321857
0 0.003950 0.353059 0.003245 0.350052 0.003245 0.348360 0.002822 0.347044 0.002822 0.345729 0.002681 0.344977 0.003386 0.343849 0.003950 0.343473 0.005078 0.342345 0.005923 0.341969 0.006346 0.342909 0.006346 0.343473 0.006769 0.345729 0.006769 0.350428 0.007051 0.350992 0.007474 0.352683 0.007192 0.353247 0.005078 0.353247
0 0.011740 0.363572 0.010599 0.363192 0.010028 0.363192 0.008743 0.362621 0.008315 0.362240 0.008173 0.361669 0.008173 0.359767 0.008315 0.359006 0.008743 0.358815 0.009457 0.358054 0.010741 0.358054 0.012026 0.359196 0.012882 0.360718 0.012882 0.362621
0 0.045991 0.366236 0.044421 0.366236 0.043850 0.366046 0.042423 0.365094 0.042138 0.364714 0.042138 0.363382 0.042423 0.362050 0.042994 0.361099 0.043850 0.360528 0.044278 0.360337 0.046276 0.360337 0.047846 0.360718 0.048131 0.361289 0.048131 0.363953 0.047989 0.364524 0.047132 0.365665
0 0.006381 0.414405 0.005081 0.413250 0.004503 0.412287 0.004503 0.410553 0.004647 0.409975 0.005514 0.409205 0.007248 0.409205 0.007970 0.411131 0.008115 0.413442 0.007681 0.414213
0 0.006814 0.401500 0.005659 0.400151 0.005081 0.397647 0.004936 0.396492 0.004936 0.394758 0.005947 0.394565 0.007392 0.395914 0.007392 0.396684 0.007826 0.397262 0.007826 0.398610 0.007970 0.399188 0.007826 0.400537
0 0.019383 0.398033 0.018227 0.397262 0.017938 0.396877 0.017938 0.394951 0.018227 0.393795 0.019094 0.393602 0.019383 0.393217 0.020828 0.393217 0.021261 0.393410 0.022128 0.394373 0.022128 0.397455 0.021839 0.397840 0.020828 0.398225
0 0.096184 0.439466 0.094234 0.439466 0.091309 0.437191 0.091309 0.432966 0.092284 0.431991 0.095209 0.431991 0.096428 0.432966 0.097159 0.434591 0.097403 0.436541
0 0.099840 0.438491 0.097159 0.437191 0.096672 0.435891 0.096672 0.432966 0.098134 0.432641 0.098378 0.431991 0.100328 0.431016 0.100572 0.435566
0 0.103228 0.357768 0.102109 0.357270 0.101362 0.356607 0.100989 0.355446 0.100989 0.352627 0.101611 0.351135 0.102357 0.350472 0.102855 0.350472 0.103228 0.350804 0.103477 0.351633 0.103974 0.352627 0.104720 0.353125 0.105093 0.354120 0.105093 0.357436 0.104720 0.358431 0.104223 0.358431
0 0.137551 0.324771 0.135064 0.322781 0.135064 0.321455 0.135312 0.320460 0.136431 0.319465 0.137426 0.319299 0.138546 0.319465 0.138794 0.319963 0.139167 0.320129 0.139292 0.320626 0.139416 0.321289 0.139416 0.323445 0.139043 0.324440 0.138670 0.324771
0 0.119992 0.428395 0.118733 0.427220 0.118104 0.425878 0.118104 0.423863 0.118355 0.422353 0.119111 0.420171 0.118985 0.418660 0.118481 0.418156 0.118229 0.416478 0.119237 0.416646 0.120118 0.416981 0.120873 0.417485 0.121628 0.418324 0.121754 0.419163 0.122006 0.419667 0.122006 0.425710 0.122132 0.426213 0.122132 0.427724 0.121880 0.428227 0.121377 0.428227
0 0.160150 0.436284 0.159017 0.433766 0.159017 0.433095 0.159395 0.432088 0.160528 0.430745 0.160654 0.430074 0.160906 0.429570 0.161284 0.429234 0.161787 0.429234 0.162291 0.429738 0.162542 0.431920 0.163046 0.433095 0.163046 0.434438 0.162668 0.435445 0.161913 0.436116 0.161409 0.436284
0 0.116582 0.222473 0.114315 0.221810 0.113983 0.221515 0.113596 0.219893 0.113596 0.219303 0.114039 0.218419 0.114923 0.218197 0.116361 0.218197 0.117135 0.218492 0.117411 0.218935 0.117688 0.220630 0.117024 0.222104
0 0.106483 0.184478 0.105643 0.184851 0.104617 0.184105 0.104337 0.182986 0.104431 0.182364 0.105177 0.180996 0.107136 0.181120 0.107975 0.182240 0.107882 0.182861 0.107322 0.183981
0 0.231304 0.214571 0.229966 0.215998 0.229564 0.215998 0.228761 0.215642 0.228226 0.215106 0.227825 0.214036 0.227825 0.209931 0.228092 0.209396 0.228092 0.208861 0.228494 0.208326 0.229297 0.207790 0.230501 0.207790 0.230903 0.207969 0.231304 0.208504 0.231572 0.209753 0.231572 0.210288 0.231839 0.211002 0.231839 0.213143
0 0.173356 0.234556 0.171884 0.234021 0.171482 0.232772 0.171482 0.229917 0.170545 0.229203 0.170278 0.228668 0.169475 0.228132 0.169475 0.225813 0.169608 0.225277 0.170010 0.224920 0.170545 0.224742 0.170947 0.224207 0.171750 0.224207 0.172151 0.224385 0.173623 0.225991 0.174292 0.228311 0.175497 0.229560 0.175898 0.229738 0.176032 0.230809 0.175765 0.231880 0.175363 0.232415 0.174828 0.233664 0.174426 0.233664
0 0.206621 0.433058 0.205837 0.432666 0.205446 0.432013 0.204662 0.431230 0.204368 0.430577 0.204270 0.429923 0.203193 0.426266 0.202899 0.425874 0.202213 0.423262 0.202115 0.421042 0.202213 0.420389 0.202507 0.419997 0.203486 0.419213 0.204270 0.418952 0.205446 0.418952 0.206229 0.419866 0.206817 0.420911 0.207405 0.422870 0.207405 0.425483 0.207699 0.427311 0.207699 0.429270 0.207405 0.432275
0 0.265459 0.435733 0.261657 0.435733 0.261492 0.431326 0.261988 0.429122 0.264467 0.429122 0.265954 0.430004 0.267442 0.432868 0.266946 0.434631
0 0.270913 0.387252 0.267277 0.387692 0.266781 0.386590 0.266781 0.384607 0.267607 0.383726 0.269921 0.383064 0.271078 0.385048
0 0.238849 0.389015 0.238022 0.390557 0.237031 0.390557 0.236204 0.389676 0.235213 0.385929 0.234386 0.384827 0.234056 0.382183 0.237361 0.381963 0.238849 0.384166 0.239510 0.387252
0 0.246782 0.390116 0.243477 0.389455 0.242650 0.388574 0.242815 0.387692 0.245295 0.385489 0.247774 0.385709 0.248270 0.386370 0.248435 0.389235
0 0.228493 0.555938 0.227099 0.554876 0.226103 0.552485 0.225107 0.551423 0.224708 0.548767 0.225704 0.547705 0.230883 0.547174 0.230883 0.554079 0.230086 0.557000
0 0.186665 0.488216 0.185470 0.492465 0.183876 0.492731 0.180291 0.488482 0.178697 0.487685 0.178299 0.486623 0.179096 0.486092 0.180291 0.484233 0.183876 0.484233 0.185270 0.486357
0 0.007189 0.495380 0.005695 0.496774 0.005247 0.496774 0.004350 0.497172 0.003454 0.497172 0.003006 0.496774 0.003006 0.496176 0.002557 0.495778 0.002109 0.494384 0.002109 0.491794 0.003454 0.491794 0.004500 0.491196 0.004798 0.490798 0.005695 0.490997 0.005695 0.491595 0.006293 0.493786
0 0.092949 0.463506 0.092352 0.461912 0.092352 0.458725 0.092053 0.456334 0.092651 0.455936 0.093547 0.456135 0.093995 0.456932 0.094294 0.458127 0.094892 0.459322 0.095489 0.461314 0.095489 0.463506 0.095191 0.464103 0.094294 0.464303
0 0.161875 0.465692 0.160665 0.465692 0.159152 0.463877 0.159001 0.462667 0.159152 0.462062 0.160513 0.462062 0.160967 0.461659 0.162782 0.461659 0.163387 0.462869 0.163690 0.464079 0.163992 0.464482 0.163992 0.465491 0.163690 0.466096 0.163236 0.466499
0 0.045864 0.516357 0.045864 0.514520 0.046170 0.512682 0.046936 0.510845 0.047548 0.510029 0.048620 0.510029 0.049232 0.510845 0.049538 0.512070 0.049538 0.513295 0.049385 0.513907 0.048773 0.514724 0.047242 0.515336
0 0.121850 0.640660 0.120005 0.637462 0.119451 0.632049 0.122403 0.630573 0.124248 0.634264 0.125171 0.635248 0.124617 0.637462 0.123510 0.638692 0.121296 0.642628
0 0.089076 0.675551 0.087563 0.675551 0.085105 0.674290 0.083782 0.673029 0.083782 0.672273 0.086429 0.670256 0.087185 0.670256 0.087374 0.669752 0.089076 0.669752 0.089832 0.669248 0.090589 0.667735 0.091723 0.667231 0.092858 0.667231 0.093425 0.667987 0.093425 0.670256 0.090589 0.675298
0 0.052393 0.647566 0.050880 0.648322 0.049179 0.648322 0.047855 0.647061 0.047855 0.644792 0.048800 0.643280 0.051070 0.643280 0.051826 0.643532 0.053149 0.645297
0 0.212353 0.741226 0.209099 0.738674 0.209099 0.735611 0.213310 0.735866 0.213692 0.736377 0.213692 0.739440
0 0.295849 0.825872 0.292297 0.829748 0.289390 0.831470 0.288099 0.831470 0.286807 0.830178 0.286807 0.825011 0.287453 0.825011 0.288099 0.824150 0.291651 0.824150 0.293912 0.822427 0.296818 0.822427 0.297141 0.822858
0 0.288099 0.718652 0.285192 0.717360 0.283577 0.715638 0.283577 0.714777 0.282931 0.713916 0.282931 0.710471 0.284546 0.706595 0.284546 0.705734 0.285192 0.704873 0.285838 0.704442 0.289067 0.704873 0.289713 0.706165 0.289713 0.712193 0.289067 0.714777
0 0.363972 0.293179 0.362104 0.292245 0.361870 0.287886 0.362571 0.285707 0.363038 0.285707 0.363738 0.284150 0.364672 0.283527 0.366307 0.283527 0.365606 0.285707 0.365606 0.287886 0.364439 0.288820 0.364439 0.290377
0 0.368175 0.260175 0.368175 0.256750 0.369576 0.253325 0.369810 0.248344 0.371444 0.246476 0.371911 0.246476 0.372145 0.247410 0.372145 0.253325 0.371678 0.253948 0.371211 0.259553 0.370277 0.260175
0 0.500483 0.199741 0.498592 0.199111 0.497883 0.198165 0.497647 0.194383 0.498592 0.192492 0.500720 0.190916 0.502138 0.190916 0.503320 0.193752 0.503320 0.197220 0.502375 0.199426
0 0.353446 0.228424 0.351319 0.228424 0.348955 0.227478 0.348482 0.226848 0.348246 0.224326 0.350846 0.222120 0.354392 0.222120 0.354628 0.222750 0.354392 0.225902
0 0.303340 0.341548 0.301396 0.347441 0.299805 0.349091 0.298214 0.348619 0.297860 0.348148 0.298037 0.344141 0.298744 0.342726 0.299981 0.341784 0.300689 0.340605 0.302103 0.340369
0 0.716656 0.750398 0.713589 0.750171 0.712226 0.748353 0.711714 0.745627 0.712566 0.744036 0.715804 0.744491 0.717168 0.745627 0.717168 0.748126
0 0.881387 0.533416 0.879489 0.533416 0.878626 0.532266 0.876211 0.532036 0.874486 0.530656 0.874486 0.526976 0.875004 0.526516 0.877764 0.526516 0.882249 0.529506 0.882594 0.530196 0.882767 0.533646
0 0.703181 0.444169 0.701456 0.445089 0.699385 0.447620 0.698178 0.447850 0.697315 0.447390 0.697143 0.445780 0.698695 0.441179 0.701973 0.441179 0.702491 0.442559
0 0.552791 0.019833 0.551793 0.019999 0.551045 0.019667 0.550546 0.019667 0.550171 0.019999 0.549298 0.020332 0.548300 0.020332 0.547926 0.019999 0.547427 0.019001 0.547178 0.016507 0.545681 0.015675 0.544808 0.014178 0.544808 0.012016 0.545930 0.011018 0.546679 0.010685 0.548175 0.010685 0.549173 0.011018 0.550421 0.011683 0.550795 0.012681 0.550920 0.014178 0.551544 0.015176 0.554787 0.016174 0.554911 0.016673 0.554911 0.018004 0.554163 0.019999
0 0.560525 0.011850 0.559652 0.011184 0.559402 0.010020 0.559402 0.009355 0.559652 0.008856 0.560151 0.006028 0.560899 0.005363 0.562396 0.004698 0.562895 0.004698 0.563643 0.005529 0.564018 0.006527 0.564018 0.011517 0.563893 0.012016 0.563519 0.012349 0.561772 0.012349
0 0.477822 0.094844 0.476574 0.093679 0.476325 0.093014 0.475951 0.092515 0.475951 0.091850 0.475577 0.091351 0.475452 0.090187 0.475577 0.088856 0.476200 0.087858 0.476574 0.086694 0.477448 0.086029 0.480067 0.086195 0.480940 0.087027 0.481439 0.087692 0.481689 0.088357 0.481814 0.088856 0.481564 0.092183 0.481315 0.093180 0.481190 0.094511 0.480816 0.095010 0.479943 0.095509 0.478820 0.095509
0 0.599194 0.011850 0.597323 0.009521 0.597323 0.008690 0.597947 0.007692 0.598072 0.007193 0.598446 0.006860 0.598695 0.006361 0.599943 0.005529 0.600941 0.005363 0.602438 0.007026 0.602812 0.008024 0.602812 0.009355 0.602562 0.009854 0.600442 0.011351
0 0.589090 0.009022 0.587095 0.008024 0.586221 0.007858 0.583602 0.007858 0.582853 0.007525 0.582479 0.006527 0.582729 0.006028 0.583851 0.005529 0.584350 0.005529 0.585348 0.005031 0.587968 0.005031 0.589090 0.004033 0.590587 0.004033 0.590961 0.004365 0.591336 0.005197 0.591460 0.008024 0.590961 0.009687 0.590213 0.010186
0 0.555036 0.048773 0.551419 0.049771 0.549922 0.049771 0.549423 0.049438 0.550171 0.046943 0.550795 0.045779 0.551169 0.045446 0.551793 0.045280 0.552916 0.044448 0.553789 0.044116 0.554288 0.043949 0.554662 0.044282 0.554787 0.044781 0.554911 0.047442
0 0.522354 0.041954 0.521356 0.044282 0.520608 0.044781 0.518986 0.044781 0.518612 0.044615 0.518238 0.044116 0.518113 0.043451 0.518113 0.041288 0.518487 0.040789 0.518612 0.040290 0.519610 0.040290 0.520483 0.040623 0.521232 0.041122
0 0.597199 0.034968 0.595452 0.035134 0.594953 0.034968 0.594579 0.034469 0.593955 0.032307 0.593955 0.030311 0.594205 0.029646 0.594704 0.029147 0.595702 0.028814 0.596325 0.028814 0.597573 0.029313 0.597822 0.029812 0.597822 0.032972 0.597697 0.033471
0 0.673359 0.032068 0.672607 0.032641 0.671748 0.032784 0.669815 0.032784 0.668956 0.032068 0.668849 0.031352 0.668956 0.028919 0.668742 0.027773 0.668742 0.026628 0.669171 0.026198 0.670245 0.026055 0.671104 0.026198 0.673037 0.027344 0.673359 0.027773 0.673466 0.028346 0.673466 0.030780
0 0.691720 0.015461 0.690969 0.016176 0.689573 0.016176 0.688821 0.015174 0.688821 0.013886 0.691076 0.012311 0.691398 0.011738 0.691398 0.011165 0.692365 0.011165 0.693116 0.012168 0.693331 0.012740 0.693546 0.014745 0.693224 0.015317 0.692794 0.015461
0 0.577919 0.050563 0.577189 0.050929 0.576276 0.050807 0.575819 0.050563 0.575180 0.049711 0.574358 0.048007 0.574267 0.047398 0.574267 0.046789 0.574450 0.046303 0.574906 0.046181 0.575911 0.046303 0.577463 0.047520 0.577737 0.048129 0.577737 0.048737 0.577919 0.049346
0 0.500217 0.040215 0.499395 0.040337 0.496199 0.040215 0.496017 0.039607 0.496382 0.038633 0.496747 0.038267 0.497204 0.038146 0.497569 0.037659 0.497751 0.036928 0.498208 0.035954 0.499851 0.035833 0.500399 0.038267 0.501130 0.038998 0.500947 0.039485
0 0.535079 0.032702 0.533666 0.032847 0.533340 0.032412 0.533340 0.027919 0.533666 0.026760 0.534100 0.026470 0.534644 0.026325 0.535622 0.026470 0.536057 0.026615 0.536274 0.027195 0.536600 0.028499 0.536818 0.030963 0.536600 0.031543 0.535948 0.032267
0 0.527361 0.039514 0.526274 0.039369 0.525296 0.038934 0.524317 0.037920 0.523883 0.036905 0.523883 0.034731 0.524100 0.033572 0.524752 0.032557 0.525296 0.032412 0.526709 0.032412 0.527144 0.032702 0.527687 0.033861 0.527687 0.037630 0.527578 0.038209
0 0.597581 0.061109 0.596711 0.060964 0.596168 0.060094 0.596168 0.057485 0.596820 0.056036 0.597146 0.054877 0.597581 0.054732 0.598124 0.054877 0.598668 0.055601 0.598885 0.056181 0.598885 0.059659 0.598668 0.060094 0.598233 0.060239
0 0.594646 0.076906 0.593233 0.076906 0.591928 0.074442 0.591711 0.073138 0.591276 0.072269 0.591385 0.071109 0.591820 0.069950 0.593559 0.069950 0.594211 0.070529 0.594646 0.071544 0.594646 0.073283 0.594755 0.073863 0.595081 0.074153 0.595189 0.074732 0.594972 0.078066
0 0.813934 0.505814 0.810484 0.506044 0.809621 0.502594 0.809621 0.499144 0.809966 0.497763 0.810484 0.496383 0.811346 0.495463 0.814279 0.494773
