0 0.271094 0.110417 0.283594 0.113542 0.284375 0.114583 0.292969 0.114583 0.293750 0.114583 0.302344 0.120833 0.303125 0.120833 0.304688 0.126042 0.305469 0.127083 0.305469 0.131250 0.306250 0.132292 0.306250 0.141667 0.306250 0.142708 0.304688 0.145833 0.304688 0.146875 0.299219 0.153125 0.298438 0.154167 0.293750 0.154167 0.292969 0.154167 0.291406 0.153125 0.290625 0.152083 0.287500 0.143750 0.286719 0.142708 0.279687 0.139583 0.278906 0.138542 0.274219 0.139583 0.273438 0.139583 0.256250 0.148958 0.255469 0.150000 0.253125 0.150000 0.252344 0.150000 0.245312 0.143750 0.244531 0.143750 0.242969 0.130208 0.242969 0.129167 0.246094 0.122917 0.246875 0.121875 0.251563 0.119792 0.252344 0.118750 0.259375 0.117708 0.260156 0.117708 0.271094 0.110417
0 0.275000 0.138542 0.278906 0.138542 0.279687 0.138542 0.285156 0.142708 0.285938 0.142708 0.292187 0.154167 0.292969 0.155208 0.296875 0.156250 0.297656 0.156250 0.302344 0.161458 0.303125 0.162500 0.304688 0.166667 0.305469 0.167708 0.307031 0.173958 0.307812 0.175000 0.309375 0.194792 0.309375 0.195833 0.314844 0.206250 0.314844 0.207292 0.321094 0.215625 0.321875 0.216667 0.325000 0.229167 0.325781 0.230208 0.325781 0.234375 0.325781 0.235417 0.323437 0.242708 0.323437 0.243750 0.325781 0.256250 0.326562 0.257292 0.326562 0.263542 0.326562 0.264583 0.325781 0.266667 0.325000 0.267708 0.321875 0.268750 0.321094 0.268750 0.306250 0.253125 0.305469 0.253125 0.299219 0.244792 0.298438 0.243750 0.294531 0.242708 0.293750 0.242708 0.291406 0.244792 0.290625 0.244792 0.285938 0.251042 0.285156 0.252083 0.283594 0.262500 0.283594 0.263542 0.280469 0.270833 0.279687 0.271875 0.279687 0.279167 0.279687 0.280208 0.277344 0.287500 0.277344 0.288542 0.273438 0.292708 0.272656 0.293750 0.260156 0.300000 0.259375 0.300000 0.257812 0.302083 0.257031 0.303125 0.253906 0.319792 0.253906 0.320833 0.250781 0.326042 0.250781 0.327083 0.247656 0.329167 0.246875 0.330208 0.235156 0.329167 0.234375 0.329167 0.228906 0.326042 0.228125 0.326042 0.223438 0.319792 0.222656 0.318750 0.217188 0.298958 0.216406 0.297917 0.215625 0.282292 0.215625 0.281250 0.209375 0.268750 0.208594 0.267708 0.208594 0.258333 0.208594 0.257292 0.210938 0.250000 0.211719 0.248958 0.217188 0.223958 0.217188 0.222917 0.219531 0.217708 0.219531 0.216667 0.224219 0.209375 0.225000 0.208333 0.239063 0.178125 0.239844 0.177083 0.240625 0.168750 0.240625 0.167708 0.236719 0.159375 0.235937 0.158333 0.236719 0.154167 0.236719 0.153125 0.242188 0.147917 0.242969 0.146875 0.246875 0.146875 0.247656 0.146875 0.250781 0.150000 0.251563 0.151042 0.254688 0.151042 0.255469 0.151042 0.261719 0.146875 0.262500 0.145833 0.270313 0.142708 0.271094 0.142708 0.275000 0.138542
0 0.226562 0.326042 0.238281 0.331250 0.239063 0.331250 0.239844 0.336458 0.239844 0.337500 0.244531 0.351042 0.245312 0.352083 0.245312 0.354167 0.245312 0.355208 0.243750 0.357292 0.242969 0.358333 0.232031 0.359375 0.231250 0.359375 0.220312 0.355208 0.219531 0.355208 0.219531 0.338542 0.219531 0.337500 0.221094 0.332292 0.221094 0.331250 0.226562 0.326042
0 0.220312 0.071875 0.224219 0.071875 0.225000 0.071875 0.227344 0.073958 0.228125 0.075000 0.237500 0.094792 0.238281 0.095833 0.238281 0.097917 0.239063 0.098958 0.238281 0.119792 0.238281 0.120833 0.232031 0.133333 0.232031 0.134375 0.227344 0.137500 0.226562 0.138542 0.210938 0.138542 0.210156 0.138542 0.198437 0.142708 0.197656 0.142708 0.190625 0.139583 0.189844 0.139583 0.180469 0.131250 0.179688 0.131250 0.178906 0.129167 0.178125 0.128125 0.178125 0.121875 0.178125 0.120833 0.179688 0.118750 0.180469 0.117708 0.180469 0.105208 0.180469 0.104167 0.182031 0.101042 0.182031 0.100000 0.189062 0.094792 0.189844 0.094792 0.193750 0.088542 0.193750 0.087500 0.202344 0.078125 0.203125 0.077083 0.216406 0.073958 0.217188 0.073958 0.220312 0.071875
0 0.205469 0.050000 0.213281 0.050000 0.214062 0.050000 0.222656 0.054167 0.223438 0.054167 0.228906 0.062500 0.229687 0.063542 0.228125 0.076042 0.228125 0.077083 0.222656 0.076042 0.221875 0.075000 0.203906 0.076042 0.203125 0.076042 0.200000 0.071875 0.199219 0.070833 0.198437 0.065625 0.198437 0.064583 0.201563 0.055208 0.201563 0.054167 0.205469 0.050000
0 0.153125 0.000000 0.229687 0.000000 0.230469 0.000000 0.231250 0.004167 0.232031 0.005208 0.232031 0.014583 0.232031 0.015625 0.228125 0.031250 0.228125 0.032292 0.224219 0.036458 0.223438 0.036458 0.219531 0.042708 0.218750 0.043750 0.212500 0.044792 0.211719 0.044792 0.207813 0.041667 0.207031 0.040625 0.202344 0.039583 0.201563 0.039583 0.197656 0.036458 0.196875 0.035417 0.191406 0.035417 0.190625 0.035417 0.173437 0.027083 0.172656 0.026042 0.164062 0.025000 0.163281 0.025000 0.157812 0.021875 0.157031 0.021875 0.153125 0.015625 0.152344 0.014583 0.153125 0.000000
0 0.060937 0.069792 0.068750 0.070833 0.069531 0.070833 0.078125 0.075000 0.078906 0.075000 0.082031 0.078125 0.082812 0.078125 0.085156 0.081250 0.085938 0.082292 0.086719 0.086458 0.087500 0.087500 0.086719 0.094792 0.086719 0.095833 0.083594 0.100000 0.082812 0.101042 0.069531 0.111458 0.068750 0.112500 0.056250 0.113542 0.055469 0.113542 0.051562 0.115625 0.050781 0.115625 0.048438 0.118750 0.047656 0.119792 0.046094 0.131250 0.046094 0.132292 0.043750 0.137500 0.042969 0.138542 0.042969 0.141667 0.042188 0.142708 0.042188 0.161458 0.042188 0.162500 0.039844 0.168750 0.039844 0.169792 0.038281 0.170833 0.037500 0.171875 0.029687 0.173958 0.028906 0.173958 0.023438 0.181250 0.022656 0.182292 0.014063 0.183333 0.013281 0.183333 0.006250 0.190625 0.005469 0.191667 0.000781 0.189583 0.000000 0.189583 0.000000 0.106250 0.000000 0.105208 0.017969 0.096875 0.018750 0.096875 0.041406 0.081250 0.042188 0.080208 0.060937 0.069792
0 0.117969 0.147917 0.129688 0.147917 0.130469 0.147917 0.141406 0.151042 0.142187 0.152083 0.145313 0.151042 0.146094 0.151042 0.150781 0.153125 0.151562 0.153125 0.154688 0.156250 0.155469 0.157292 0.156250 0.161458 0.157031 0.162500 0.156250 0.177083 0.156250 0.178125 0.145313 0.191667 0.144531 0.192708 0.140625 0.193750 0.139844 0.194792 0.113281 0.193750 0.112500 0.193750 0.107031 0.195833 0.106250 0.195833 0.097656 0.194792 0.096875 0.194792 0.091406 0.191667 0.090625 0.190625 0.085156 0.190625 0.084375 0.190625 0.074219 0.193750 0.073438 0.194792 0.068750 0.193750 0.067969 0.192708 0.064844 0.170833 0.064062 0.169792 0.064844 0.164583 0.064844 0.163542 0.067187 0.162500 0.067969 0.161458 0.083594 0.161458 0.084375 0.161458 0.092969 0.159375 0.093750 0.158333 0.101562 0.158333 0.102344 0.158333 0.108594 0.152083 0.109375 0.151042 0.117969 0.147917
0 0.061719 0.000000 0.099219 0.000000 0.099219 0.001042 0.097656 0.004167 0.096875 0.005208 0.096875 0.015625 0.096875 0.016667 0.095312 0.017708 0.094531 0.018750 0.087500 0.018750 0.086719 0.018750 0.082031 0.015625 0.081250 0.014583 0.066406 0.008333 0.065625 0.008333 0.061719 0.000000
0 0.557813 0.012500 0.586719 0.020833 0.587500 0.021875 0.607812 0.023958 0.608594 0.023958 0.617188 0.032292 0.617969 0.033333 0.617969 0.046875 0.617969 0.047917 0.613281 0.056250 0.612500 0.057292 0.592969 0.054167 0.592187 0.053125 0.582031 0.054167 0.581250 0.054167 0.568750 0.050000 0.567969 0.050000 0.563281 0.045833 0.562500 0.044792 0.559375 0.034375 0.559375 0.033333 0.553906 0.025000 0.553125 0.023958 0.553906 0.016667 0.553906 0.015625 0.557813 0.012500
0 0.592969 0.000000 0.628906 0.000000 0.629687 0.000000 0.630469 0.003125 0.631250 0.004167 0.630469 0.028125 0.630469 0.029167 0.637500 0.042708 0.637500 0.043750 0.635156 0.045833 0.634375 0.045833 0.627344 0.038542 0.626563 0.037500 0.622656 0.035417 0.621875 0.035417 0.620313 0.036458 0.619531 0.037500 0.618750 0.043750 0.618750 0.044792 0.615625 0.053125 0.615625 0.054167 0.614062 0.056250 0.613281 0.057292 0.611719 0.057292 0.610938 0.058333 0.590625 0.055208 0.589844 0.054167 0.581250 0.054167 0.580469 0.054167 0.567187 0.048958 0.566406 0.048958 0.564063 0.045833 0.563281 0.044792 0.558594 0.033333 0.558594 0.032292 0.553906 0.026042 0.553906 0.025000 0.552344 0.022917 0.551562 0.021875 0.549219 0.022917 0.548438 0.021875 0.548438 0.016667 0.548438 0.015625 0.554688 0.009375 0.555469 0.009375 0.557813 0.005208 0.558594 0.004167 0.560156 0.004167 0.560937 0.003125 0.588281 0.004167 0.589063 0.004167 0.590625 0.003125 0.591406 0.003125 0.592969 0.000000
0 0.792969 0.000000 0.865625 0.000000 0.866406 0.000000 0.867969 0.002083 0.868750 0.002083 0.878125 0.018750 0.878906 0.019792 0.882812 0.029167 0.882812 0.030208 0.888281 0.038542 0.889062 0.039583 0.914844 0.094792 0.914844 0.095833 0.917188 0.097917 0.917969 0.097917 0.941406 0.129167 0.942187 0.129167 0.960938 0.156250 0.960938 0.157292 0.998437 0.206250 0.999219 0.206250 0.999219 0.243750 0.999219 0.244792 0.953125 0.250000 0.952344 0.251042 0.935156 0.251042 0.934375 0.252083 0.868750 0.246875 0.867969 0.245833 0.830469 0.245833 0.829688 0.245833 0.815625 0.246875 0.814844 0.246875 0.803125 0.250000 0.802344 0.251042 0.794531 0.251042 0.793750 0.251042 0.791406 0.248958 0.790625 0.248958 0.789062 0.244792 0.788281 0.243750 0.788281 0.240625 0.787500 0.239583 0.786719 0.186458 0.786719 0.185417 0.784375 0.154167 0.783594 0.153125 0.782813 0.104167 0.782813 0.103125 0.786719 0.020833 0.786719 0.019792 0.789844 0.006250 0.789844 0.005208 0.792969 0.000000
0 0.921094 0.096875 0.928125 0.096875 0.928906 0.096875 0.941406 0.102083 0.942187 0.102083 0.964844 0.116667 0.965625 0.116667 0.966406 0.119792 0.967187 0.120833 0.966406 0.126042 0.965625 0.127083 0.965625 0.137500 0.965625 0.138542 0.961719 0.150000 0.961719 0.151042 0.960156 0.151042 0.959375 0.151042 0.937500 0.121875 0.936719 0.121875 0.921094 0.101042 0.920312 0.100000 0.921094 0.096875
0 0.997656 0.008333 0.998437 0.008333 0.999219 0.008333 0.999219 0.084375 0.999219 0.085417 0.998437 0.085417 0.997656 0.085417 0.995313 0.081250 0.995313 0.080208 0.984375 0.065625 0.983594 0.064583 0.974219 0.056250 0.973437 0.056250 0.970313 0.051042 0.969531 0.050000 0.971094 0.044792 0.971094 0.043750 0.977344 0.035417 0.978125 0.034375 0.982812 0.032292 0.983594 0.032292 0.989062 0.027083 0.989844 0.026042 0.994531 0.011458 0.994531 0.010417 0.997656 0.008333
0 0.717187 0.028125 0.726562 0.028125 0.727344 0.028125 0.742969 0.038542 0.743750 0.039583 0.743750 0.048958 0.743750 0.050000 0.746875 0.057292 0.747656 0.058333 0.747656 0.062500 0.747656 0.063542 0.745313 0.067708 0.744531 0.068750 0.738281 0.069792 0.737500 0.069792 0.730469 0.066667 0.729688 0.066667 0.726562 0.063542 0.725781 0.063542 0.721094 0.055208 0.720313 0.054167 0.710156 0.051042 0.709375 0.050000 0.697656 0.056250 0.696875 0.057292 0.694531 0.057292 0.693750 0.058333 0.690625 0.058333 0.689844 0.058333 0.687500 0.056250 0.686719 0.055208 0.687500 0.052083 0.687500 0.051042 0.700000 0.036458 0.700781 0.035417 0.705469 0.032292 0.706250 0.031250 0.717187 0.028125
0 0.718750 0.112500 0.724219 0.113542 0.725000 0.114583 0.729688 0.129167 0.730469 0.130208 0.731250 0.140625 0.731250 0.141667 0.733594 0.150000 0.734375 0.151042 0.732812 0.159375 0.732031 0.160417 0.728906 0.160417 0.728125 0.160417 0.719531 0.148958 0.718750 0.147917 0.718750 0.130208 0.717969 0.129167 0.709375 0.130208 0.708594 0.131250 0.703906 0.129167 0.703125 0.128125 0.703906 0.125000 0.703906 0.123958 0.707031 0.118750 0.707812 0.117708 0.718750 0.112500
0 0.837500 0.248958 0.839063 0.250000 0.839844 0.250000 0.851562 0.283333 0.851562 0.284375 0.857031 0.288542 0.857812 0.288542 0.861719 0.293750 0.862500 0.294792 0.867188 0.306250 0.867188 0.307292 0.874219 0.314583 0.875000 0.315625 0.874219 0.320833 0.874219 0.321875 0.868750 0.327083 0.867969 0.328125 0.865625 0.329167 0.864844 0.329167 0.861719 0.327083 0.860938 0.327083 0.855469 0.318750 0.854688 0.317708 0.847656 0.297917 0.846875 0.296875 0.843750 0.278125 0.843750 0.277083 0.837500 0.255208 0.836719 0.254167 0.837500 0.248958
0 0.964844 0.296875 0.966406 0.296875 0.967187 0.296875 0.978906 0.304167 0.979688 0.304167 0.987500 0.316667 0.988281 0.317708 0.989062 0.321875 0.989844 0.322917 0.989844 0.346875 0.989844 0.347917 0.992188 0.357292 0.992969 0.358333 0.992969 0.362500 0.992969 0.363542 0.989062 0.376042 0.989062 0.377083 0.986719 0.381250 0.985938 0.382292 0.984375 0.382292 0.983594 0.383333 0.978906 0.383333 0.978125 0.383333 0.975000 0.381250 0.974219 0.380208 0.972656 0.372917 0.971875 0.371875 0.971875 0.352083 0.971875 0.351042 0.961719 0.326042 0.960938 0.325000 0.960938 0.303125 0.960938 0.302083 0.964844 0.296875
0 0.933594 0.257292 0.939063 0.257292 0.939844 0.257292 0.942969 0.263542 0.943750 0.264583 0.946094 0.263542 0.946875 0.263542 0.948438 0.260417 0.949219 0.259375 0.953125 0.259375 0.953906 0.259375 0.960156 0.269792 0.960938 0.270833 0.961719 0.277083 0.961719 0.278125 0.957031 0.285417 0.956250 0.286458 0.957812 0.297917 0.958594 0.298958 0.957812 0.307292 0.957031 0.308333 0.953906 0.309375 0.953125 0.310417 0.948438 0.309375 0.947656 0.309375 0.943750 0.304167 0.942969 0.303125 0.937500 0.298958 0.936719 0.297917 0.935156 0.287500 0.934375 0.286458 0.935156 0.275000 0.935156 0.273958 0.932031 0.264583 0.931250 0.263542 0.931250 0.260417 0.931250 0.259375 0.933594 0.257292
0 0.921094 0.273958 0.925781 0.275000 0.926562 0.275000 0.932031 0.282292 0.932813 0.283333 0.935937 0.293750 0.936719 0.294792 0.936719 0.298958 0.936719 0.300000 0.932813 0.303125 0.932031 0.304167 0.921875 0.305208 0.921094 0.305208 0.908594 0.297917 0.907813 0.297917 0.906250 0.294792 0.905469 0.293750 0.904687 0.289583 0.904687 0.288542 0.908594 0.283333 0.909375 0.282292 0.914062 0.278125 0.914844 0.277083 0.921094 0.273958
0 0.930469 0.403125 0.935156 0.403125 0.935937 0.403125 0.938281 0.405208 0.939063 0.405208 0.944531 0.412500 0.945312 0.413542 0.954688 0.421875 0.955469 0.422917 0.960938 0.425000 0.961719 0.425000 0.974219 0.434375 0.975000 0.434375 0.977344 0.437500 0.978125 0.438542 0.981250 0.439583 0.982031 0.440625 0.984375 0.440625 0.985156 0.439583 0.982812 0.431250 0.982031 0.430208 0.982812 0.428125 0.982812 0.427083 0.990625 0.425000 0.991406 0.425000 0.998437 0.418750 0.999219 0.418750 0.999219 0.467708 0.999219 0.468750 0.983594 0.462500 0.982812 0.461458 0.967969 0.458333 0.967187 0.458333 0.957812 0.453125 0.957031 0.452083 0.952344 0.451042 0.951562 0.451042 0.937500 0.437500 0.936719 0.436458 0.925000 0.432292 0.924219 0.432292 0.920312 0.425000 0.919531 0.423958 0.919531 0.417708 0.919531 0.416667 0.930469 0.403125
0 0.978125 0.541667 0.986719 0.544792 0.987500 0.545833 0.998437 0.543750 0.999219 0.543750 0.999219 0.661458 0.999219 0.662500 0.997656 0.661458 0.996875 0.660417 0.994531 0.653125 0.994531 0.652083 0.991406 0.646875 0.990625 0.645833 0.980469 0.636458 0.979688 0.636458 0.975781 0.631250 0.975000 0.630208 0.967969 0.629167 0.967187 0.629167 0.956250 0.614583 0.955469 0.614583 0.951562 0.598958 0.950781 0.597917 0.950781 0.593750 0.950781 0.592708 0.952344 0.588542 0.952344 0.587500 0.957031 0.582292 0.957812 0.581250 0.959375 0.577083 0.960156 0.576042 0.960156 0.570833 0.960156 0.569792 0.962500 0.562500 0.962500 0.561458 0.969531 0.550000 0.970313 0.548958 0.978125 0.541667
0 0.939063 0.627083 0.950000 0.628125 0.950781 0.628125 0.960938 0.634375 0.961719 0.635417 0.965625 0.635417 0.966406 0.634375 0.969531 0.636458 0.970313 0.637500 0.976562 0.638542 0.977344 0.638542 0.980469 0.640625 0.981250 0.640625 0.991406 0.651042 0.992188 0.652083 0.992969 0.658333 0.992969 0.659375 0.995313 0.665625 0.996094 0.666667 0.996094 0.678125 0.996094 0.679167 0.986719 0.684375 0.985938 0.685417 0.981250 0.685417 0.980469 0.685417 0.977344 0.683333 0.976562 0.682292 0.974219 0.682292 0.973437 0.682292 0.962500 0.689583 0.961719 0.689583 0.952344 0.684375 0.951562 0.683333 0.939844 0.681250 0.939063 0.681250 0.934375 0.675000 0.933594 0.673958 0.925000 0.669792 0.924219 0.669792 0.918750 0.660417 0.917969 0.659375 0.920312 0.639583 0.920312 0.638542 0.921875 0.636458 0.922656 0.635417 0.939063 0.627083
0 0.955469 0.750000 0.962500 0.750000 0.963281 0.750000 0.971094 0.753125 0.971875 0.754167 0.978906 0.755208 0.979688 0.755208 0.982031 0.757292 0.982812 0.758333 0.982812 0.760417 0.983594 0.761458 0.982031 0.767708 0.982031 0.768750 0.979688 0.770833 0.978906 0.770833 0.973437 0.779167 0.972656 0.780208 0.970313 0.781250 0.969531 0.781250 0.966406 0.789583 0.966406 0.790625 0.963281 0.792708 0.962500 0.793750 0.957031 0.792708 0.956250 0.792708 0.952344 0.784375 0.951562 0.783333 0.950781 0.757292 0.950781 0.756250 0.955469 0.750000
0 0.858594 0.808333 0.867188 0.808333 0.867969 0.808333 0.870313 0.810417 0.871094 0.811458 0.871094 0.813542 0.871875 0.814583 0.871875 0.827083 0.871875 0.828125 0.870313 0.837500 0.870313 0.838542 0.867969 0.841667 0.867188 0.842708 0.863281 0.843750 0.862500 0.844792 0.859375 0.843750 0.858594 0.843750 0.853125 0.836458 0.852344 0.835417 0.850781 0.828125 0.850000 0.827083 0.850000 0.823958 0.850000 0.822917 0.852344 0.816667 0.852344 0.815625 0.854688 0.811458 0.855469 0.810417 0.858594 0.808333
0 0.856250 0.770833 0.860938 0.772917 0.861719 0.772917 0.866406 0.782292 0.867188 0.783333 0.867188 0.787500 0.867188 0.788542 0.860156 0.796875 0.859375 0.797917 0.853906 0.800000 0.853125 0.801042 0.846875 0.801042 0.846094 0.801042 0.837500 0.796875 0.836719 0.796875 0.832812 0.792708 0.832031 0.791667 0.830469 0.783333 0.830469 0.782292 0.835156 0.773958 0.835938 0.772917 0.850000 0.772917 0.850781 0.772917 0.856250 0.770833
0 0.719531 0.653125 0.728125 0.654167 0.728906 0.655208 0.735156 0.682292 0.735156 0.683333 0.742969 0.690625 0.743750 0.691667 0.746094 0.698958 0.746875 0.700000 0.745313 0.704167 0.744531 0.705208 0.739844 0.708333 0.739062 0.709375 0.738281 0.716667 0.738281 0.717708 0.735156 0.721875 0.734375 0.722917 0.725781 0.721875 0.725000 0.721875 0.712500 0.713542 0.711719 0.712500 0.703906 0.711458 0.703125 0.711458 0.700781 0.706250 0.700000 0.705208 0.698438 0.680208 0.698438 0.679167 0.708594 0.661458 0.709375 0.660417 0.715625 0.655208 0.716406 0.654167 0.719531 0.653125
0 0.723437 0.652083 0.728906 0.656250 0.729688 0.657292 0.732031 0.666667 0.732812 0.667708 0.734375 0.680208 0.734375 0.681250 0.741406 0.689583 0.742188 0.689583 0.746094 0.697917 0.746875 0.698958 0.746094 0.702083 0.746094 0.703125 0.740625 0.709375 0.739844 0.710417 0.736719 0.720833 0.735938 0.721875 0.731250 0.722917 0.730469 0.722917 0.723437 0.720833 0.722656 0.720833 0.710938 0.713542 0.710156 0.712500 0.705469 0.712500 0.704688 0.712500 0.699219 0.708333 0.698438 0.707292 0.689063 0.703125 0.688281 0.702083 0.675781 0.703125 0.675000 0.703125 0.667969 0.701042 0.667188 0.700000 0.661719 0.700000 0.660937 0.700000 0.651563 0.693750 0.650781 0.692708 0.644531 0.690625 0.643750 0.689583 0.645312 0.684375 0.646094 0.683333 0.650781 0.682292 0.651563 0.681250 0.662500 0.681250 0.663281 0.681250 0.680469 0.672917 0.681250 0.672917 0.686719 0.664583 0.687500 0.663542 0.692187 0.664583 0.692969 0.664583 0.697656 0.671875 0.698438 0.672917 0.700781 0.672917 0.701562 0.672917 0.705469 0.666667 0.705469 0.665625 0.711719 0.658333 0.712500 0.657292 0.715625 0.655208 0.716406 0.654167 0.723437 0.652083
0 0.686719 0.777083 0.692187 0.778125 0.692969 0.778125 0.703125 0.791667 0.703906 0.792708 0.710156 0.796875 0.710938 0.796875 0.712500 0.802083 0.713281 0.803125 0.713281 0.810417 0.713281 0.811458 0.705469 0.830208 0.704688 0.831250 0.704688 0.835417 0.703906 0.836458 0.706250 0.854167 0.707031 0.855208 0.706250 0.863542 0.705469 0.864583 0.682031 0.864583 0.681250 0.864583 0.668750 0.832292 0.667969 0.831250 0.666406 0.815625 0.666406 0.814583 0.670312 0.804167 0.670312 0.803125 0.681250 0.781250 0.681250 0.780208 0.686719 0.777083
0 0.609375 0.679167 0.613281 0.679167 0.614062 0.679167 0.621875 0.684375 0.622656 0.684375 0.628906 0.692708 0.629687 0.693750 0.657031 0.703125 0.657813 0.703125 0.667188 0.718750 0.667969 0.719792 0.682813 0.735417 0.683594 0.736458 0.684375 0.759375 0.684375 0.760417 0.682813 0.773958 0.682813 0.775000 0.679688 0.782292 0.679688 0.783333 0.673438 0.793750 0.672656 0.794792 0.667969 0.807292 0.667188 0.808333 0.665625 0.817708 0.664844 0.818750 0.664844 0.825000 0.664062 0.826042 0.662500 0.826042 0.661719 0.826042 0.658594 0.821875 0.657813 0.820833 0.654687 0.814583 0.653906 0.813542 0.652344 0.806250 0.651563 0.805208 0.651563 0.783333 0.651563 0.782292 0.647656 0.773958 0.646875 0.772917 0.646875 0.767708 0.646875 0.766667 0.650000 0.758333 0.650781 0.757292 0.649219 0.743750 0.649219 0.742708 0.645312 0.737500 0.644531 0.737500 0.639844 0.727083 0.639844 0.726042 0.631250 0.715625 0.630469 0.714583 0.627344 0.714583 0.626563 0.714583 0.622656 0.710417 0.621875 0.709375 0.604688 0.708333 0.603906 0.708333 0.594531 0.701042 0.593750 0.700000 0.596875 0.693750 0.596875 0.692708 0.609375 0.679167
0 0.613281 0.727083 0.615625 0.727083 0.616406 0.727083 0.621875 0.732292 0.622656 0.732292 0.627344 0.741667 0.627344 0.742708 0.635156 0.753125 0.635938 0.754167 0.636719 0.758333 0.636719 0.759375 0.632812 0.764583 0.632031 0.765625 0.628125 0.765625 0.627344 0.765625 0.620313 0.759375 0.619531 0.758333 0.614844 0.744792 0.614062 0.743750 0.613281 0.738542 0.612500 0.737500 0.612500 0.732292 0.611719 0.731250 0.613281 0.727083
0 0.583594 0.697917 0.592187 0.700000 0.592969 0.700000 0.594531 0.704167 0.595313 0.705208 0.599219 0.707292 0.600000 0.707292 0.604688 0.712500 0.605469 0.713542 0.610156 0.723958 0.610938 0.725000 0.611719 0.736458 0.611719 0.737500 0.617188 0.752083 0.617188 0.753125 0.624219 0.766667 0.625000 0.767708 0.626563 0.780208 0.626563 0.781250 0.628906 0.787500 0.629687 0.788542 0.631250 0.806250 0.631250 0.807292 0.634375 0.819792 0.634375 0.820833 0.638281 0.830208 0.639062 0.831250 0.639062 0.847917 0.639062 0.848958 0.636719 0.856250 0.635938 0.857292 0.635938 0.860417 0.635156 0.861458 0.612500 0.860417 0.611719 0.860417 0.607812 0.853125 0.607031 0.852083 0.603906 0.852083 0.603125 0.852083 0.600000 0.847917 0.599219 0.846875 0.598437 0.842708 0.598437 0.841667 0.596875 0.839583 0.596875 0.838542 0.594531 0.835417 0.593750 0.834375 0.592187 0.834375 0.591406 0.833333 0.583594 0.837500 0.582812 0.838542 0.573438 0.837500 0.572656 0.837500 0.560937 0.826042 0.560156 0.826042 0.556250 0.820833 0.555469 0.819792 0.552344 0.811458 0.551562 0.810417 0.550000 0.803125 0.550000 0.802083 0.556250 0.785417 0.556250 0.784375 0.558594 0.783333 0.559375 0.782292 0.566406 0.782292 0.567187 0.782292 0.573438 0.780208 0.574219 0.779167 0.581250 0.779167 0.582031 0.778125 0.581250 0.773958 0.581250 0.772917 0.576562 0.763542 0.575781 0.762500 0.575000 0.753125 0.575000 0.752083 0.573438 0.748958 0.572656 0.747917 0.571094 0.737500 0.571094 0.736458 0.571875 0.715625 0.571875 0.714583 0.573438 0.710417 0.573438 0.709375 0.578125 0.701042 0.578906 0.700000 0.583594 0.697917
0 0.652344 0.817708 0.653906 0.817708 0.654687 0.817708 0.665625 0.832292 0.666406 0.833333 0.673438 0.850000 0.673438 0.851042 0.675781 0.854167 0.676562 0.855208 0.677344 0.861458 0.677344 0.862500 0.674219 0.863542 0.673438 0.864583 0.657813 0.865625 0.657031 0.865625 0.649219 0.861458 0.648438 0.861458 0.642969 0.848958 0.642188 0.847917 0.641406 0.833333 0.641406 0.832292 0.642188 0.830208 0.642188 0.829167 0.649219 0.819792 0.650000 0.818750 0.652344 0.817708
0 0.548438 0.836458 0.551562 0.836458 0.552344 0.836458 0.555469 0.838542 0.556250 0.838542 0.566406 0.846875 0.567187 0.846875 0.569531 0.851042 0.570312 0.852083 0.570312 0.862500 0.570312 0.863542 0.569531 0.864583 0.568750 0.865625 0.546094 0.864583 0.545312 0.864583 0.544531 0.845833 0.544531 0.844792 0.548438 0.836458
0 0.529687 0.831250 0.533594 0.831250 0.534375 0.831250 0.535156 0.834375 0.535937 0.835417 0.534375 0.852083 0.533594 0.853125 0.534375 0.862500 0.534375 0.863542 0.526563 0.864583 0.525781 0.864583 0.524219 0.863542 0.523438 0.862500 0.521875 0.858333 0.521094 0.857292 0.521094 0.850000 0.521094 0.848958 0.524219 0.839583 0.524219 0.838542 0.529687 0.831250
0 0.444531 0.848958 0.450000 0.851042 0.450781 0.852083 0.450000 0.863542 0.449219 0.864583 0.421094 0.865625 0.420312 0.864583 0.420312 0.862500 0.421094 0.861458 0.435937 0.852083 0.436719 0.851042 0.444531 0.848958
0 0.409375 0.818750 0.422656 0.820833 0.423438 0.820833 0.433594 0.826042 0.434375 0.826042 0.435156 0.828125 0.435937 0.829167 0.434375 0.837500 0.434375 0.838542 0.432812 0.839583 0.432031 0.840625 0.426563 0.840625 0.425781 0.840625 0.422656 0.839583 0.421875 0.838542 0.413281 0.837500 0.412500 0.837500 0.407813 0.834375 0.407031 0.834375 0.404687 0.831250 0.403906 0.830208 0.403125 0.825000 0.403125 0.823958 0.409375 0.818750
0 0.382031 0.734375 0.387500 0.735417 0.388281 0.735417 0.392188 0.741667 0.392188 0.742708 0.397656 0.748958 0.398438 0.750000 0.401562 0.764583 0.402344 0.765625 0.401562 0.770833 0.401562 0.771875 0.385937 0.772917 0.385156 0.772917 0.378906 0.776042 0.378125 0.777083 0.371875 0.776042 0.371094 0.775000 0.370312 0.763542 0.370312 0.762500 0.371875 0.754167 0.372656 0.753125 0.371875 0.741667 0.371875 0.740625 0.374219 0.736458 0.375000 0.735417 0.382031 0.734375
0 0.373437 0.704167 0.378906 0.704167 0.379688 0.704167 0.382031 0.708333 0.382812 0.709375 0.383594 0.722917 0.384375 0.723958 0.383594 0.731250 0.382812 0.732292 0.375781 0.732292 0.375000 0.732292 0.368750 0.721875 0.367969 0.720833 0.367188 0.712500 0.367188 0.711458 0.369531 0.706250 0.370312 0.705208 0.373437 0.704167
0 0.508594 0.657292 0.513281 0.658333 0.514062 0.659375 0.515625 0.666667 0.515625 0.667708 0.518750 0.675000 0.518750 0.676042 0.521875 0.680208 0.522656 0.681250 0.522656 0.688542 0.522656 0.689583 0.515625 0.719792 0.515625 0.720833 0.513281 0.726042 0.513281 0.727083 0.510938 0.729167 0.510156 0.730208 0.507031 0.730208 0.506250 0.730208 0.501563 0.727083 0.500781 0.726042 0.495312 0.726042 0.494531 0.726042 0.489063 0.723958 0.488281 0.723958 0.486719 0.719792 0.486719 0.718750 0.489063 0.712500 0.489844 0.711458 0.488281 0.700000 0.488281 0.698958 0.494531 0.690625 0.495312 0.689583 0.497656 0.680208 0.497656 0.679167 0.501563 0.673958 0.502344 0.672917 0.505469 0.661458 0.505469 0.660417 0.508594 0.657292
0 0.509375 0.657292 0.513281 0.659375 0.514062 0.660417 0.514844 0.665625 0.514844 0.666667 0.521094 0.679167 0.521875 0.680208 0.521875 0.690625 0.521875 0.691667 0.520312 0.697917 0.519531 0.698958 0.517969 0.710417 0.517969 0.711458 0.513281 0.726042 0.513281 0.727083 0.510938 0.729167 0.510156 0.730208 0.504687 0.730208 0.503906 0.731250 0.503906 0.741667 0.503906 0.742708 0.501563 0.747917 0.500781 0.748958 0.493750 0.750000 0.492969 0.750000 0.484375 0.741667 0.483594 0.740625 0.482031 0.736458 0.481250 0.735417 0.482031 0.730208 0.482031 0.729167 0.485938 0.721875 0.486719 0.720833 0.485938 0.713542 0.485938 0.712500 0.488281 0.700000 0.488281 0.698958 0.492969 0.693750 0.493750 0.692708 0.497656 0.681250 0.497656 0.680208 0.502344 0.672917 0.503125 0.671875 0.505469 0.662500 0.505469 0.661458 0.509375 0.657292
0 0.495312 0.534375 0.501563 0.534375 0.502344 0.534375 0.507031 0.545833 0.507031 0.546875 0.514844 0.557292 0.515625 0.558333 0.515625 0.564583 0.515625 0.565625 0.510156 0.584375 0.509375 0.585417 0.504687 0.586458 0.503906 0.586458 0.491406 0.582292 0.490625 0.582292 0.489063 0.581250 0.488281 0.581250 0.485938 0.576042 0.485156 0.575000 0.485156 0.571875 0.485156 0.570833 0.486719 0.567708 0.487500 0.566667 0.488281 0.548958 0.488281 0.547917 0.495312 0.534375
0 0.202344 0.596875 0.205469 0.597917 0.206250 0.597917 0.221875 0.608333 0.222656 0.609375 0.243750 0.612500 0.244531 0.613542 0.274219 0.615625 0.275000 0.615625 0.300781 0.623958 0.301563 0.623958 0.307812 0.629167 0.308594 0.629167 0.311719 0.634375 0.312500 0.635417 0.317188 0.639583 0.317969 0.640625 0.321875 0.642708 0.322656 0.643750 0.328906 0.645833 0.329688 0.645833 0.335938 0.650000 0.336719 0.651042 0.340625 0.652083 0.341406 0.653125 0.347656 0.653125 0.348438 0.653125 0.353906 0.657292 0.354687 0.657292 0.356250 0.664583 0.356250 0.665625 0.353125 0.668750 0.352344 0.669792 0.330469 0.675000 0.329688 0.675000 0.323437 0.681250 0.322656 0.682292 0.311719 0.685417 0.310937 0.685417 0.307812 0.691667 0.307031 0.692708 0.305469 0.702083 0.304688 0.703125 0.296094 0.708333 0.295312 0.708333 0.286719 0.720833 0.286719 0.721875 0.275000 0.734375 0.274219 0.735417 0.267969 0.739583 0.267188 0.740625 0.242969 0.747917 0.242188 0.748958 0.230469 0.747917 0.229687 0.747917 0.225781 0.744792 0.225000 0.743750 0.214844 0.738542 0.214062 0.738542 0.208594 0.728125 0.207813 0.727083 0.207813 0.719792 0.207813 0.718750 0.211719 0.707292 0.212500 0.706250 0.211719 0.691667 0.211719 0.690625 0.213281 0.676042 0.213281 0.675000 0.208594 0.669792 0.207813 0.668750 0.199219 0.663542 0.198437 0.663542 0.189844 0.650000 0.189844 0.648958 0.185938 0.644792 0.185156 0.643750 0.184375 0.639583 0.183594 0.638542 0.185156 0.629167 0.185156 0.628125 0.189844 0.619792 0.190625 0.618750 0.195312 0.605208 0.195312 0.604167 0.199219 0.598958 0.200000 0.597917 0.202344 0.596875
0 0.180469 0.635417 0.182031 0.636458 0.182812 0.636458 0.183594 0.639583 0.183594 0.640625 0.189062 0.647917 0.189844 0.648958 0.191406 0.654167 0.192188 0.655208 0.192188 0.658333 0.192188 0.659375 0.182031 0.665625 0.181250 0.666667 0.177344 0.665625 0.176563 0.665625 0.173437 0.662500 0.172656 0.662500 0.169531 0.658333 0.168750 0.657292 0.166406 0.651042 0.165625 0.650000 0.166406 0.643750 0.167187 0.642708 0.175000 0.637500 0.175781 0.636458 0.180469 0.635417
0 0.118750 0.712500 0.121875 0.712500 0.122656 0.712500 0.129688 0.718750 0.130469 0.719792 0.130469 0.736458 0.130469 0.737500 0.125781 0.745833 0.125000 0.746875 0.109375 0.764583 0.108594 0.765625 0.106250 0.770833 0.106250 0.771875 0.097656 0.779167 0.096875 0.779167 0.094531 0.783333 0.093750 0.784375 0.088281 0.784375 0.087500 0.784375 0.085156 0.781250 0.084375 0.780208 0.084375 0.778125 0.083594 0.777083 0.084375 0.768750 0.084375 0.767708 0.089844 0.751042 0.089844 0.750000 0.092969 0.744792 0.093750 0.743750 0.100000 0.737500 0.100781 0.736458 0.110156 0.716667 0.110156 0.715625 0.114062 0.715625 0.114844 0.715625 0.118750 0.712500
0 0.097656 0.701042 0.099219 0.701042 0.100000 0.701042 0.103906 0.706250 0.104688 0.707292 0.112500 0.713542 0.113281 0.714583 0.123438 0.713542 0.124219 0.713542 0.126562 0.715625 0.127344 0.715625 0.128906 0.717708 0.129688 0.718750 0.130469 0.723958 0.131250 0.725000 0.131250 0.733333 0.131250 0.734375 0.128906 0.739583 0.128906 0.740625 0.109375 0.764583 0.108594 0.765625 0.105469 0.772917 0.104688 0.773958 0.092188 0.784375 0.091406 0.785417 0.088281 0.784375 0.087500 0.784375 0.084375 0.780208 0.083594 0.779167 0.083594 0.771875 0.083594 0.770833 0.088281 0.752083 0.088281 0.751042 0.086719 0.748958 0.085938 0.747917 0.077344 0.747917 0.076563 0.747917 0.070312 0.751042 0.069531 0.752083 0.065625 0.752083 0.064844 0.752083 0.061719 0.755208 0.060937 0.756250 0.060937 0.770833 0.060937 0.771875 0.052344 0.785417 0.051562 0.786458 0.044531 0.788542 0.043750 0.789583 0.037500 0.788542 0.036719 0.788542 0.028125 0.791667 0.027344 0.792708 0.021094 0.792708 0.020313 0.792708 0.017969 0.790625 0.017188 0.789583 0.015625 0.772917 0.015625 0.771875 0.018750 0.766667 0.019531 0.765625 0.024219 0.762500 0.025000 0.761458 0.032813 0.758333 0.033594 0.757292 0.042969 0.757292 0.043750 0.757292 0.046875 0.753125 0.047656 0.752083 0.060156 0.745833 0.060937 0.745833 0.062500 0.742708 0.062500 0.741667 0.071875 0.729167 0.072656 0.728125 0.075000 0.720833 0.075000 0.719792 0.077344 0.716667 0.078125 0.715625 0.090625 0.709375 0.091406 0.709375 0.097656 0.701042
0 0.000000 0.794792 0.032813 0.796875 0.033594 0.796875 0.035937 0.800000 0.036719 0.800000 0.042969 0.808333 0.043750 0.809375 0.048438 0.822917 0.049219 0.823958 0.048438 0.832292 0.048438 0.833333 0.043750 0.839583 0.042969 0.840625 0.042969 0.841667 0.042969 0.842708 0.047656 0.847917 0.048438 0.848958 0.048438 0.853125 0.048438 0.854167 0.043750 0.855208 0.042969 0.855208 0.032031 0.848958 0.031250 0.847917 0.028906 0.847917 0.028125 0.846875 0.010156 0.845833 0.009375 0.845833 0.000781 0.842708 0.000000 0.842708 0.000000 0.794792
0 0.094531 0.635417 0.098437 0.635417 0.099219 0.635417 0.102344 0.637500 0.103125 0.637500 0.109375 0.645833 0.110156 0.646875 0.117188 0.661458 0.117969 0.662500 0.117188 0.667708 0.116406 0.668750 0.105469 0.670833 0.104688 0.671875 0.096875 0.671875 0.096094 0.672917 0.088281 0.671875 0.087500 0.670833 0.089063 0.645833 0.089063 0.644792 0.090625 0.640625 0.090625 0.639583 0.094531 0.635417
0 0.021094 0.570833 0.024219 0.570833 0.025000 0.570833 0.031250 0.573958 0.032031 0.575000 0.033594 0.584375 0.033594 0.585417 0.036719 0.590625 0.037500 0.591667 0.038281 0.595833 0.039062 0.596875 0.039844 0.609375 0.039844 0.610417 0.037500 0.614583 0.036719 0.615625 0.028906 0.616667 0.028125 0.616667 0.018750 0.629167 0.017969 0.630208 0.014844 0.631250 0.014063 0.631250 0.000781 0.640625 0.000000 0.640625 0.000000 0.584375 0.000000 0.583333 0.001563 0.583333 0.002344 0.583333 0.008594 0.579167 0.009375 0.579167 0.015625 0.572917 0.016406 0.571875 0.021094 0.570833
0 0.030469 0.614583 0.035937 0.615625 0.036719 0.615625 0.038281 0.618750 0.039062 0.619792 0.039844 0.627083 0.039844 0.628125 0.034375 0.635417 0.033594 0.636458 0.032813 0.643750 0.032813 0.644792 0.031250 0.645833 0.030469 0.646875 0.025781 0.646875 0.025000 0.646875 0.019531 0.642708 0.018750 0.642708 0.017188 0.637500 0.017188 0.636458 0.019531 0.628125 0.019531 0.627083 0.027344 0.616667 0.028125 0.615625 0.030469 0.614583
0 0.010156 0.664583 0.014844 0.664583 0.015625 0.664583 0.022656 0.672917 0.023438 0.673958 0.021875 0.679167 0.021875 0.680208 0.017969 0.686458 0.017188 0.687500 0.012500 0.687500 0.011719 0.687500 0.009375 0.685417 0.008594 0.685417 0.007031 0.681250 0.006250 0.680208 0.006250 0.675000 0.006250 0.673958 0.010156 0.664583
0 0.043750 0.281250 0.047656 0.283333 0.048438 0.284375 0.050781 0.291667 0.051562 0.292708 0.050781 0.310417 0.050781 0.311458 0.046875 0.319792 0.046875 0.320833 0.037500 0.332292 0.036719 0.333333 0.026562 0.339583 0.025781 0.340625 0.011719 0.336458 0.010937 0.336458 0.010156 0.332292 0.009375 0.331250 0.010156 0.326042 0.010156 0.325000 0.018750 0.304167 0.018750 0.303125 0.025000 0.292708 0.025000 0.291667 0.026562 0.289583 0.027344 0.288542 0.043750 0.281250
0 0.016406 0.369792 0.021094 0.371875 0.021875 0.371875 0.025781 0.378125 0.026562 0.379167 0.034375 0.382292 0.035156 0.382292 0.036719 0.388542 0.036719 0.389583 0.035156 0.391667 0.034375 0.392708 0.030469 0.393750 0.029687 0.394792 0.017969 0.394792 0.017188 0.394792 0.014063 0.396875 0.013281 0.397917 0.008594 0.396875 0.007812 0.396875 0.007031 0.394792 0.006250 0.393750 0.006250 0.389583 0.005469 0.388542 0.006250 0.385417 0.006250 0.384375 0.008594 0.380208 0.008594 0.379167 0.011719 0.377083 0.012500 0.377083 0.016406 0.369792
0 0.325000 0.334375 0.326562 0.335417 0.327344 0.336458 0.330469 0.343750 0.331250 0.344792 0.336719 0.347917 0.337500 0.348958 0.336719 0.361458 0.336719 0.362500 0.340625 0.369792 0.341406 0.370833 0.341406 0.375000 0.341406 0.376042 0.339844 0.378125 0.339062 0.379167 0.338281 0.383333 0.337500 0.384375 0.336719 0.400000 0.336719 0.401042 0.334375 0.404167 0.333594 0.405208 0.330469 0.405208 0.329688 0.405208 0.328125 0.403125 0.327344 0.402083 0.320312 0.383333 0.319531 0.382292 0.319531 0.361458 0.319531 0.360417 0.315625 0.351042 0.314844 0.350000 0.314844 0.345833 0.314844 0.344792 0.319531 0.340625 0.320312 0.340625 0.325000 0.334375
0 0.371875 0.312500 0.381250 0.318750 0.382031 0.319792 0.382031 0.328125 0.382031 0.329167 0.379688 0.334375 0.379688 0.335417 0.375781 0.340625 0.375000 0.341667 0.369531 0.345833 0.368750 0.346875 0.364844 0.347917 0.364063 0.347917 0.359375 0.344792 0.358594 0.343750 0.355469 0.335417 0.354687 0.334375 0.354687 0.330208 0.354687 0.329167 0.367969 0.314583 0.368750 0.313542 0.371875 0.312500
0 0.428125 0.317708 0.432031 0.317708 0.432812 0.317708 0.438281 0.322917 0.439063 0.323958 0.440625 0.329167 0.441406 0.330208 0.441406 0.336458 0.441406 0.337500 0.439844 0.340625 0.439844 0.341667 0.428906 0.354167 0.428125 0.355208 0.423438 0.364583 0.422656 0.365625 0.418750 0.379167 0.418750 0.380208 0.417187 0.382292 0.416406 0.383333 0.414062 0.383333 0.413281 0.383333 0.407813 0.373958 0.407031 0.372917 0.404687 0.372917 0.403906 0.372917 0.397656 0.377083 0.396875 0.378125 0.390625 0.377083 0.389844 0.377083 0.388281 0.375000 0.387500 0.373958 0.387500 0.371875 0.386719 0.370833 0.386719 0.360417 0.385937 0.359375 0.385937 0.356250 0.385937 0.355208 0.389062 0.346875 0.389062 0.345833 0.390625 0.343750 0.391406 0.342708 0.396875 0.340625 0.397656 0.340625 0.403906 0.333333 0.404687 0.332292 0.408594 0.330208 0.409375 0.330208 0.412500 0.326042 0.413281 0.325000 0.428125 0.317708
0 0.369531 0.313542 0.373437 0.313542 0.374219 0.313542 0.381250 0.318750 0.382031 0.319792 0.382031 0.328125 0.382031 0.329167 0.378906 0.338542 0.378125 0.339583 0.379688 0.344792 0.380469 0.345833 0.380469 0.351042 0.381250 0.352083 0.381250 0.358333 0.381250 0.359375 0.378906 0.364583 0.378125 0.365625 0.364063 0.362500 0.363281 0.361458 0.362500 0.356250 0.362500 0.355208 0.364063 0.350000 0.364063 0.348958 0.359375 0.344792 0.358594 0.343750 0.355469 0.334375 0.354687 0.333333 0.354687 0.330208 0.354687 0.329167 0.369531 0.313542
0 0.496875 0.219792 0.499219 0.220833 0.500000 0.220833 0.500781 0.222917 0.500781 0.223958 0.508594 0.233333 0.509375 0.234375 0.514062 0.246875 0.514062 0.247917 0.526563 0.273958 0.527344 0.275000 0.530469 0.285417 0.531250 0.286458 0.532031 0.298958 0.532031 0.300000 0.533594 0.306250 0.533594 0.307292 0.539062 0.313542 0.539844 0.314583 0.536719 0.322917 0.536719 0.323958 0.534375 0.325000 0.533594 0.326042 0.529687 0.326042 0.528906 0.326042 0.517188 0.315625 0.516406 0.315625 0.510938 0.305208 0.510156 0.304167 0.509375 0.290625 0.509375 0.289583 0.510938 0.284375 0.511719 0.283333 0.510938 0.279167 0.510938 0.278125 0.507031 0.270833 0.506250 0.269792 0.503906 0.260417 0.503906 0.259375 0.496875 0.242708 0.496875 0.241667 0.492969 0.237500 0.492188 0.236458 0.489063 0.230208 0.488281 0.229167 0.486719 0.229167 0.485938 0.229167 0.485156 0.227083 0.484375 0.226042 0.485156 0.223958 0.485938 0.222917 0.488281 0.221875 0.489063 0.220833 0.492969 0.222917 0.493750 0.222917 0.496875 0.219792
0 0.487500 0.261458 0.490625 0.261458 0.491406 0.261458 0.507031 0.272917 0.507812 0.272917 0.509375 0.276042 0.510156 0.277083 0.510156 0.279167 0.510156 0.280208 0.508594 0.282292 0.508594 0.283333 0.505469 0.287500 0.504687 0.288542 0.500781 0.290625 0.500000 0.291667 0.489844 0.291667 0.489063 0.291667 0.486719 0.289583 0.485938 0.289583 0.478906 0.281250 0.478125 0.280208 0.475000 0.272917 0.475000 0.271875 0.477344 0.266667 0.478125 0.265625 0.487500 0.261458
0 0.571094 0.215625 0.584375 0.215625 0.585156 0.215625 0.589063 0.217708 0.589844 0.218750 0.585156 0.244792 0.585156 0.245833 0.582812 0.250000 0.582812 0.251042 0.580469 0.252083 0.579688 0.253125 0.571875 0.253125 0.571094 0.253125 0.561719 0.236458 0.560937 0.235417 0.560937 0.229167 0.560937 0.228125 0.563281 0.222917 0.563281 0.221875 0.565625 0.218750 0.566406 0.217708 0.571094 0.215625
0 0.555469 0.252083 0.560937 0.252083 0.561719 0.252083 0.566406 0.256250 0.567187 0.256250 0.569531 0.261458 0.569531 0.262500 0.553125 0.280208 0.552344 0.281250 0.546094 0.282292 0.545312 0.282292 0.540625 0.278125 0.539844 0.277083 0.539844 0.272917 0.539844 0.271875 0.546094 0.259375 0.546875 0.258333 0.555469 0.252083
0 0.480469 0.198958 0.493750 0.202083 0.494531 0.202083 0.495312 0.205208 0.495312 0.206250 0.492969 0.209375 0.492188 0.210417 0.476562 0.218750 0.475781 0.218750 0.466406 0.229167 0.465625 0.230208 0.448437 0.235417 0.447656 0.236458 0.442188 0.235417 0.441406 0.234375 0.441406 0.226042 0.441406 0.225000 0.447656 0.212500 0.448437 0.211458 0.457031 0.211458 0.457813 0.211458 0.458594 0.215625 0.458594 0.216667 0.461719 0.218750 0.462500 0.218750 0.464844 0.215625 0.465625 0.214583 0.467969 0.207292 0.467969 0.206250 0.480469 0.198958
0 0.503906 0.211458 0.507812 0.211458 0.508594 0.211458 0.513281 0.215625 0.514062 0.216667 0.514844 0.219792 0.515625 0.220833 0.514844 0.232292 0.514062 0.233333 0.510156 0.233333 0.509375 0.233333 0.500000 0.222917 0.499219 0.221875 0.500000 0.215625 0.500000 0.214583 0.503906 0.211458
0 0.434375 0.235417 0.439063 0.235417 0.439844 0.235417 0.448437 0.244792 0.449219 0.245833 0.449219 0.266667 0.449219 0.267708 0.445312 0.268750 0.444531 0.269792 0.438281 0.269792 0.437500 0.269792 0.434375 0.266667 0.433594 0.265625 0.431250 0.241667 0.431250 0.240625 0.432031 0.238542 0.432031 0.237500 0.434375 0.235417
0 0.890625 0.426042 0.892969 0.426042 0.893750 0.426042 0.897656 0.429167 0.898438 0.429167 0.900781 0.433333 0.901563 0.434375 0.901563 0.438542 0.901563 0.439583 0.897656 0.453125 0.896875 0.454167 0.896875 0.459375 0.896875 0.460417 0.893750 0.467708 0.892969 0.468750 0.889062 0.468750 0.888281 0.468750 0.884375 0.465625 0.883594 0.465625 0.879687 0.458333 0.878906 0.457292 0.878125 0.453125 0.877344 0.452083 0.877344 0.442708 0.877344 0.441667 0.883594 0.435417 0.884375 0.435417 0.890625 0.426042
0 0.864844 0.423958 0.874219 0.428125 0.875000 0.428125 0.875781 0.429167 0.876563 0.430208 0.878125 0.438542 0.878906 0.439583 0.877344 0.452083 0.877344 0.453125 0.874219 0.459375 0.873437 0.460417 0.872656 0.468750 0.872656 0.469792 0.870313 0.470833 0.869531 0.471875 0.865625 0.470833 0.864844 0.470833 0.858594 0.461458 0.857812 0.460417 0.855469 0.447917 0.854688 0.446875 0.854688 0.435417 0.854688 0.434375 0.859375 0.428125 0.860156 0.427083 0.864844 0.423958
0 0.357812 0.000000 0.382812 0.000000 0.383594 0.000000 0.385156 0.009375 0.385156 0.010417 0.391406 0.031250 0.392188 0.032292 0.392969 0.040625 0.392969 0.041667 0.395313 0.044792 0.396094 0.045833 0.402344 0.046875 0.403125 0.046875 0.407031 0.054167 0.407813 0.055208 0.407813 0.068750 0.407813 0.069792 0.402344 0.079167 0.401562 0.080208 0.398438 0.081250 0.397656 0.082292 0.392969 0.081250 0.392188 0.081250 0.387500 0.075000 0.386719 0.073958 0.381250 0.051042 0.381250 0.050000 0.373437 0.039583 0.372656 0.038542 0.371094 0.032292 0.370312 0.031250 0.368750 0.012500 0.368750 0.011458 0.367188 0.009375 0.366406 0.008333 0.361719 0.006250 0.360938 0.006250 0.358594 0.003125 0.357812 0.002083 0.357812 0.000000
0 0.403906 0.111458 0.406250 0.111458 0.407031 0.111458 0.407813 0.113542 0.408594 0.114583 0.408594 0.121875 0.408594 0.122917 0.407031 0.125000 0.407031 0.126042 0.396094 0.138542 0.395313 0.139583 0.385937 0.142708 0.385156 0.142708 0.381250 0.147917 0.380469 0.148958 0.373437 0.148958 0.372656 0.148958 0.362500 0.143750 0.361719 0.143750 0.351562 0.134375 0.350781 0.134375 0.343750 0.125000 0.342969 0.123958 0.342969 0.119792 0.342969 0.118750 0.344531 0.117708 0.345313 0.116667 0.349219 0.117708 0.350000 0.118750 0.357031 0.118750 0.357812 0.118750 0.364844 0.123958 0.365625 0.125000 0.373437 0.127083 0.374219 0.127083 0.378906 0.121875 0.379688 0.120833 0.382812 0.121875 0.383594 0.122917 0.389062 0.122917 0.389844 0.122917 0.393750 0.118750 0.394531 0.117708 0.403906 0.111458
0 0.464844 0.350000 0.473438 0.351042 0.474219 0.351042 0.475000 0.355208 0.475000 0.356250 0.471094 0.364583 0.470313 0.365625 0.470313 0.369792 0.470313 0.370833 0.474219 0.375000 0.475000 0.375000 0.476562 0.379167 0.477344 0.380208 0.477344 0.393750 0.477344 0.394792 0.467969 0.401042 0.467187 0.401042 0.464062 0.405208 0.464062 0.406250 0.460156 0.407292 0.459375 0.408333 0.456250 0.407292 0.455469 0.406250 0.445312 0.406250 0.444531 0.406250 0.440625 0.404167 0.439844 0.404167 0.437500 0.401042 0.436719 0.400000 0.436719 0.397917 0.435937 0.396875 0.435937 0.391667 0.435937 0.390625 0.438281 0.383333 0.438281 0.382292 0.444531 0.376042 0.445312 0.376042 0.455469 0.360417 0.455469 0.359375 0.464844 0.350000
0 0.557813 0.303125 0.559375 0.303125 0.560156 0.303125 0.564844 0.307292 0.565625 0.308333 0.564844 0.315625 0.564844 0.316667 0.567187 0.323958 0.567187 0.325000 0.566406 0.327083 0.565625 0.328125 0.565625 0.334375 0.565625 0.335417 0.563281 0.345833 0.563281 0.346875 0.560937 0.348958 0.560156 0.350000 0.547656 0.350000 0.546875 0.350000 0.532813 0.342708 0.532031 0.342708 0.530469 0.339583 0.529687 0.338542 0.530469 0.331250 0.530469 0.330208 0.535156 0.327083 0.535937 0.327083 0.545312 0.311458 0.546094 0.310417 0.557813 0.303125
0 0.421094 0.506250 0.426563 0.508333 0.427344 0.508333 0.432812 0.517708 0.433594 0.518750 0.436719 0.531250 0.437500 0.532292 0.435937 0.538542 0.435156 0.539583 0.430469 0.540625 0.429688 0.540625 0.420312 0.535417 0.419531 0.535417 0.417969 0.532292 0.417187 0.531250 0.415625 0.525000 0.414844 0.523958 0.414062 0.511458 0.414062 0.510417 0.415625 0.508333 0.416406 0.507292 0.421094 0.506250
0 0.434375 0.542708 0.436719 0.543750 0.437500 0.543750 0.439063 0.547917 0.439063 0.548958 0.431250 0.562500 0.430469 0.563542 0.414844 0.580208 0.414062 0.581250 0.410156 0.582292 0.409375 0.583333 0.404687 0.581250 0.403906 0.580208 0.403906 0.575000 0.403906 0.573958 0.411719 0.561458 0.412500 0.560417 0.419531 0.556250 0.420312 0.556250 0.429688 0.545833 0.430469 0.544792 0.434375 0.542708
0 0.399219 0.582292 0.402344 0.582292 0.403125 0.582292 0.405469 0.585417 0.406250 0.585417 0.407813 0.590625 0.408594 0.591667 0.408594 0.595833 0.408594 0.596875 0.404687 0.609375 0.404687 0.610417 0.400781 0.613542 0.400000 0.613542 0.395313 0.611458 0.394531 0.610417 0.382812 0.607292 0.382031 0.607292 0.382031 0.603125 0.382031 0.602083 0.390625 0.593750 0.391406 0.593750 0.393750 0.589583 0.393750 0.588542 0.399219 0.582292
0 0.339844 0.596875 0.346094 0.597917 0.346875 0.598958 0.346875 0.602083 0.346875 0.603125 0.342969 0.611458 0.342969 0.612500 0.332813 0.620833 0.332031 0.621875 0.326562 0.622917 0.325781 0.622917 0.324219 0.620833 0.323437 0.620833 0.321875 0.617708 0.321094 0.616667 0.321094 0.611458 0.321094 0.610417 0.325000 0.604167 0.325000 0.603125 0.327344 0.601042 0.328125 0.600000 0.339844 0.596875
0 0.303906 0.595833 0.307812 0.596875 0.308594 0.596875 0.313281 0.602083 0.314063 0.603125 0.314063 0.605208 0.314844 0.606250 0.315625 0.615625 0.315625 0.616667 0.314063 0.621875 0.314063 0.622917 0.310937 0.628125 0.310156 0.629167 0.294531 0.618750 0.293750 0.617708 0.294531 0.609375 0.294531 0.608333 0.296094 0.605208 0.296094 0.604167 0.300781 0.597917 0.301563 0.596875 0.303906 0.595833
0 0.352344 0.546875 0.357031 0.546875 0.357812 0.547917 0.357812 0.556250 0.357812 0.557292 0.353906 0.565625 0.353906 0.566667 0.349219 0.571875 0.348438 0.572917 0.342187 0.571875 0.341406 0.571875 0.339062 0.569792 0.338281 0.569792 0.337500 0.558333 0.337500 0.557292 0.340625 0.553125 0.341406 0.552083 0.347656 0.550000 0.348438 0.550000 0.352344 0.546875
0 0.373437 0.537500 0.389844 0.537500 0.390625 0.537500 0.397656 0.541667 0.398438 0.541667 0.400000 0.544792 0.400781 0.545833 0.399219 0.558333 0.399219 0.559375 0.397656 0.561458 0.396875 0.562500 0.392188 0.562500 0.391406 0.562500 0.380469 0.555208 0.379688 0.554167 0.369531 0.554167 0.368750 0.554167 0.365625 0.551042 0.364844 0.550000 0.364063 0.543750 0.364063 0.542708 0.364844 0.541667 0.365625 0.540625 0.373437 0.537500
0 0.480469 0.611458 0.483594 0.612500 0.484375 0.612500 0.496094 0.627083 0.496875 0.628125 0.495312 0.641667 0.495312 0.642708 0.490625 0.646875 0.489844 0.647917 0.485156 0.647917 0.484375 0.647917 0.478906 0.643750 0.478125 0.643750 0.464062 0.623958 0.463281 0.622917 0.463281 0.614583 0.464062 0.613542 0.465625 0.612500 0.466406 0.612500 0.470313 0.614583 0.471094 0.615625 0.474219 0.615625 0.475000 0.615625 0.480469 0.611458
0 0.407031 0.661458 0.417969 0.667708 0.418750 0.667708 0.419531 0.669792 0.420312 0.670833 0.420312 0.675000 0.420312 0.676042 0.413281 0.678125 0.412500 0.678125 0.406250 0.682292 0.405469 0.683333 0.401562 0.684375 0.400781 0.685417 0.396875 0.684375 0.396094 0.684375 0.394531 0.680208 0.394531 0.679167 0.396875 0.673958 0.396875 0.672917 0.401562 0.665625 0.402344 0.664583 0.407031 0.661458
0 0.342969 0.671875 0.350000 0.671875 0.350781 0.671875 0.353906 0.675000 0.354687 0.675000 0.362500 0.687500 0.363281 0.688542 0.363281 0.694792 0.363281 0.695833 0.359375 0.696875 0.358594 0.697917 0.350781 0.697917 0.350000 0.697917 0.346875 0.705208 0.346094 0.706250 0.326562 0.702083 0.325781 0.702083 0.325000 0.688542 0.325000 0.687500 0.327344 0.683333 0.327344 0.682292 0.330469 0.678125 0.331250 0.677083 0.342969 0.671875
0 0.250781 0.792708 0.255469 0.792708 0.256250 0.792708 0.263281 0.795833 0.264062 0.796875 0.281250 0.802083 0.282031 0.803125 0.282813 0.808333 0.282813 0.809375 0.276562 0.834375 0.276562 0.835417 0.272656 0.836458 0.271875 0.837500 0.260156 0.835417 0.259375 0.835417 0.250781 0.829167 0.250000 0.829167 0.244531 0.821875 0.243750 0.820833 0.242188 0.816667 0.241406 0.815625 0.241406 0.804167 0.241406 0.803125 0.244531 0.797917 0.245312 0.796875 0.250781 0.792708
0 0.292187 0.779167 0.295312 0.779167 0.296094 0.779167 0.300781 0.782292 0.301563 0.783333 0.316406 0.784375 0.317188 0.784375 0.326562 0.788542 0.327344 0.788542 0.328125 0.793750 0.328125 0.794792 0.322656 0.813542 0.322656 0.814583 0.319531 0.816667 0.318750 0.817708 0.310937 0.817708 0.310156 0.817708 0.302344 0.822917 0.301563 0.823958 0.293750 0.821875 0.292969 0.821875 0.292187 0.819792 0.291406 0.818750 0.292187 0.806250 0.291406 0.805208 0.299219 0.788542 0.299219 0.787500 0.295312 0.784375 0.294531 0.783333 0.291406 0.786458 0.290625 0.786458 0.288281 0.783333 0.288281 0.782292 0.292187 0.779167
0 0.293750 0.822917 0.300781 0.825000 0.301563 0.825000 0.303906 0.828125 0.304688 0.829167 0.306250 0.834375 0.306250 0.835417 0.309375 0.840625 0.309375 0.841667 0.311719 0.843750 0.312500 0.844792 0.312500 0.847917 0.312500 0.848958 0.308594 0.856250 0.308594 0.857292 0.303906 0.861458 0.303125 0.862500 0.297656 0.862500 0.296875 0.862500 0.291406 0.853125 0.290625 0.852083 0.289062 0.830208 0.289062 0.829167 0.290625 0.825000 0.290625 0.823958 0.293750 0.822917
0 0.125781 0.781250 0.129688 0.782292 0.130469 0.782292 0.137500 0.789583 0.138281 0.789583 0.139063 0.792708 0.139844 0.793750 0.141406 0.814583 0.141406 0.815625 0.144531 0.822917 0.145313 0.823958 0.145313 0.830208 0.145313 0.831250 0.139844 0.841667 0.139063 0.842708 0.134375 0.840625 0.133594 0.840625 0.128125 0.834375 0.127344 0.833333 0.123438 0.820833 0.122656 0.819792 0.120313 0.794792 0.120313 0.793750 0.122656 0.785417 0.122656 0.784375 0.125781 0.781250
0 0.110156 0.785417 0.115625 0.785417 0.116406 0.785417 0.117969 0.789583 0.118750 0.790625 0.118750 0.797917 0.118750 0.798958 0.114844 0.817708 0.114062 0.818750 0.113281 0.829167 0.112500 0.830208 0.112500 0.837500 0.112500 0.838542 0.117969 0.844792 0.118750 0.845833 0.118750 0.851042 0.118750 0.852083 0.114844 0.859375 0.114844 0.860417 0.112500 0.861458 0.111719 0.862500 0.107813 0.862500 0.107031 0.862500 0.104688 0.860417 0.103906 0.859375 0.100781 0.852083 0.100000 0.851042 0.096875 0.831250 0.096875 0.830208 0.100000 0.819792 0.100000 0.818750 0.106250 0.810417 0.107031 0.809375 0.107813 0.791667 0.107813 0.790625 0.110156 0.785417
0 0.172656 0.850000 0.176563 0.851042 0.177344 0.851042 0.179688 0.863542 0.179688 0.864583 0.164844 0.865625 0.164062 0.865625 0.164062 0.858333 0.164062 0.857292 0.166406 0.854167 0.167187 0.853125 0.172656 0.850000
0 0.139063 0.788542 0.150781 0.788542 0.151562 0.788542 0.155469 0.790625 0.156250 0.790625 0.158594 0.793750 0.159375 0.794792 0.163281 0.805208 0.163281 0.806250 0.164844 0.807292 0.165625 0.808333 0.177344 0.801042 0.178125 0.800000 0.180469 0.800000 0.181250 0.800000 0.182812 0.802083 0.183594 0.803125 0.185156 0.808333 0.185938 0.809375 0.185156 0.812500 0.185156 0.813542 0.181250 0.817708 0.181250 0.818750 0.173437 0.823958 0.172656 0.825000 0.173437 0.828125 0.173437 0.829167 0.176563 0.833333 0.177344 0.834375 0.178125 0.840625 0.178906 0.841667 0.178125 0.862500 0.177344 0.863542 0.175000 0.863542 0.174219 0.863542 0.170313 0.859375 0.169531 0.858333 0.167187 0.861458 0.166406 0.862500 0.164844 0.862500 0.164062 0.861458 0.164844 0.850000 0.164844 0.848958 0.157812 0.838542 0.157031 0.837500 0.156250 0.831250 0.156250 0.830208 0.153906 0.826042 0.153906 0.825000 0.150000 0.821875 0.149219 0.820833 0.146875 0.820833 0.146094 0.820833 0.145313 0.816667 0.145313 0.815625 0.141406 0.808333 0.140625 0.807292 0.139063 0.791667 0.138281 0.790625 0.139063 0.788542
0 0.405469 0.784375 0.410156 0.784375 0.410938 0.784375 0.415625 0.790625 0.416406 0.791667 0.421094 0.792708 0.421875 0.792708 0.426563 0.796875 0.427344 0.796875 0.431250 0.805208 0.431250 0.806250 0.439063 0.814583 0.439844 0.815625 0.440625 0.819792 0.440625 0.820833 0.437500 0.823958 0.436719 0.825000 0.432031 0.823958 0.431250 0.823958 0.426563 0.819792 0.425781 0.819792 0.421094 0.812500 0.420312 0.811458 0.412500 0.803125 0.411719 0.802083 0.404687 0.798958 0.403906 0.798958 0.403125 0.796875 0.402344 0.795833 0.402344 0.790625 0.402344 0.789583 0.405469 0.784375
0 0.402344 0.746875 0.406250 0.746875 0.407031 0.746875 0.415625 0.755208 0.416406 0.755208 0.418750 0.760417 0.419531 0.761458 0.418750 0.764583 0.418750 0.765625 0.412500 0.767708 0.411719 0.767708 0.403906 0.764583 0.403125 0.764583 0.400000 0.759375 0.399219 0.758333 0.399219 0.752083 0.399219 0.751042 0.402344 0.746875
0 0.805469 0.565625 0.810156 0.565625 0.810937 0.565625 0.810937 0.569792 0.810937 0.570833 0.808594 0.576042 0.808594 0.577083 0.788281 0.598958 0.787500 0.600000 0.785156 0.601042 0.784375 0.602083 0.779687 0.603125 0.778906 0.603125 0.772656 0.597917 0.771875 0.596875 0.762500 0.597917 0.761719 0.598958 0.759375 0.598958 0.758594 0.598958 0.756250 0.596875 0.755469 0.595833 0.756250 0.592708 0.756250 0.591667 0.758594 0.589583 0.759375 0.588542 0.762500 0.588542 0.763281 0.588542 0.773438 0.584375 0.774219 0.583333 0.786719 0.580208 0.787500 0.580208 0.792969 0.576042 0.793750 0.576042 0.798438 0.569792 0.799219 0.568750 0.805469 0.565625
0 0.813281 0.582292 0.823438 0.588542 0.824219 0.589583 0.819531 0.603125 0.819531 0.604167 0.815625 0.607292 0.814844 0.608333 0.812500 0.608333 0.811719 0.608333 0.809375 0.606250 0.808594 0.606250 0.807031 0.602083 0.806250 0.601042 0.807031 0.590625 0.807031 0.589583 0.813281 0.582292
0 0.849219 0.492708 0.856250 0.493750 0.857031 0.493750 0.860156 0.496875 0.860938 0.497917 0.861719 0.501042 0.862500 0.502083 0.861719 0.510417 0.861719 0.511458 0.858594 0.518750 0.857812 0.519792 0.848437 0.521875 0.847656 0.521875 0.836719 0.503125 0.835938 0.502083 0.836719 0.498958 0.836719 0.497917 0.849219 0.492708
0 0.856250 0.519792 0.860938 0.520833 0.861719 0.520833 0.866406 0.527083 0.867188 0.528125 0.867969 0.538542 0.867969 0.539583 0.862500 0.550000 0.861719 0.551042 0.857812 0.550000 0.857031 0.550000 0.855469 0.547917 0.854688 0.547917 0.850781 0.542708 0.850000 0.541667 0.850000 0.538542 0.849219 0.537500 0.848437 0.529167 0.847656 0.528125 0.848437 0.525000 0.848437 0.523958 0.850781 0.521875 0.851562 0.520833 0.856250 0.519792
0 0.875781 0.535417 0.879687 0.536458 0.880469 0.536458 0.884375 0.540625 0.885156 0.541667 0.885156 0.545833 0.885156 0.546875 0.882812 0.552083 0.882812 0.553125 0.881250 0.555208 0.880469 0.556250 0.877344 0.556250 0.876563 0.556250 0.868750 0.565625 0.867969 0.566667 0.865625 0.567708 0.864844 0.568750 0.861719 0.567708 0.860938 0.567708 0.860156 0.566667 0.859375 0.565625 0.860156 0.557292 0.860156 0.556250 0.869531 0.541667 0.869531 0.540625 0.875781 0.535417
0 0.861719 0.641667 0.865625 0.641667 0.866406 0.641667 0.868750 0.643750 0.869531 0.644792 0.870313 0.657292 0.870313 0.658333 0.863281 0.669792 0.862500 0.670833 0.860156 0.677083 0.860156 0.678125 0.857031 0.680208 0.856250 0.681250 0.853125 0.681250 0.852344 0.681250 0.846875 0.676042 0.846094 0.675000 0.840625 0.673958 0.839844 0.673958 0.836719 0.668750 0.835938 0.667708 0.835938 0.661458 0.835938 0.660417 0.839063 0.656250 0.839844 0.655208 0.847656 0.657292 0.848437 0.658333 0.856250 0.658333 0.857031 0.658333 0.859375 0.655208 0.860156 0.654167 0.859375 0.646875 0.859375 0.645833 0.861719 0.641667
0 0.807031 0.314583 0.810937 0.314583 0.811719 0.314583 0.817969 0.318750 0.818750 0.319792 0.821094 0.330208 0.821094 0.331250 0.817969 0.337500 0.817969 0.338542 0.810937 0.346875 0.810156 0.347917 0.807813 0.347917 0.807031 0.348958 0.796094 0.343750 0.795312 0.343750 0.793750 0.345833 0.792969 0.346875 0.792188 0.352083 0.791406 0.353125 0.791406 0.361458 0.791406 0.362500 0.789062 0.366667 0.789062 0.367708 0.785937 0.371875 0.785156 0.372917 0.771094 0.381250 0.770312 0.382292 0.766406 0.382292 0.765625 0.382292 0.762500 0.377083 0.762500 0.376042 0.751563 0.362500 0.750781 0.361458 0.743750 0.357292 0.742969 0.357292 0.735156 0.342708 0.734375 0.341667 0.732812 0.336458 0.732031 0.335417 0.732031 0.332292 0.732031 0.331250 0.735156 0.327083 0.735938 0.326042 0.740625 0.327083 0.741406 0.327083 0.747656 0.331250 0.748437 0.332292 0.754687 0.331250 0.755469 0.331250 0.756250 0.328125 0.756250 0.327083 0.753125 0.321875 0.752344 0.320833 0.753125 0.317708 0.753906 0.316667 0.764062 0.316667 0.764844 0.316667 0.773438 0.327083 0.774219 0.328125 0.779687 0.329167 0.780469 0.329167 0.788281 0.325000 0.789062 0.323958 0.801562 0.323958 0.802344 0.323958 0.804688 0.321875 0.805469 0.320833 0.807031 0.314583
0 0.653906 0.417708 0.659375 0.419792 0.660156 0.419792 0.661719 0.421875 0.662500 0.422917 0.667188 0.425000 0.667969 0.426042 0.669531 0.426042 0.670312 0.426042 0.676562 0.420833 0.677344 0.419792 0.682031 0.418750 0.682813 0.418750 0.704688 0.427083 0.705469 0.427083 0.713281 0.434375 0.714063 0.435417 0.714844 0.445833 0.714844 0.446875 0.713281 0.450000 0.712500 0.451042 0.710938 0.451042 0.710156 0.452083 0.692187 0.453125 0.691406 0.453125 0.690625 0.458333 0.690625 0.459375 0.692187 0.463542 0.692969 0.464583 0.692187 0.466667 0.692187 0.467708 0.690625 0.468750 0.689844 0.469792 0.683594 0.468750 0.682813 0.468750 0.675781 0.462500 0.675000 0.461458 0.668750 0.450000 0.667969 0.448958 0.664844 0.438542 0.664844 0.437500 0.653906 0.423958 0.653125 0.422917 0.652344 0.419792 0.652344 0.418750 0.653906 0.417708
0 0.709375 0.365625 0.713281 0.365625 0.714063 0.365625 0.723437 0.378125 0.724219 0.379167 0.730469 0.389583 0.731250 0.390625 0.732031 0.393750 0.732812 0.394792 0.732812 0.401042 0.732031 0.402083 0.728125 0.403125 0.727344 0.404167 0.722656 0.403125 0.721875 0.403125 0.717969 0.400000 0.717187 0.398958 0.714063 0.398958 0.713281 0.397917 0.702344 0.401042 0.701562 0.402083 0.696094 0.401042 0.695312 0.400000 0.694531 0.396875 0.694531 0.395833 0.696875 0.385417 0.696875 0.384375 0.703125 0.373958 0.703125 0.372917 0.709375 0.365625
0 0.662500 0.477083 0.667969 0.478125 0.668750 0.478125 0.672656 0.482292 0.673438 0.483333 0.675781 0.498958 0.676562 0.500000 0.676562 0.506250 0.677344 0.507292 0.677344 0.516667 0.677344 0.517708 0.674219 0.521875 0.673438 0.522917 0.670312 0.520833 0.669531 0.519792 0.666406 0.511458 0.666406 0.510417 0.661719 0.503125 0.660937 0.502083 0.660156 0.497917 0.659375 0.496875 0.658594 0.485417 0.658594 0.484375 0.662500 0.477083
0 0.614062 0.390625 0.617188 0.391667 0.617969 0.392708 0.618750 0.410417 0.618750 0.411458 0.616406 0.425000 0.615625 0.426042 0.614844 0.445833 0.614844 0.446875 0.614062 0.447917 0.613281 0.448958 0.607812 0.450000 0.607031 0.450000 0.605469 0.448958 0.604688 0.448958 0.603125 0.445833 0.602344 0.444792 0.602344 0.420833 0.602344 0.419792 0.605469 0.408333 0.605469 0.407292 0.610156 0.396875 0.610156 0.395833 0.614062 0.390625
0 0.656250 0.266667 0.658594 0.266667 0.659375 0.266667 0.660937 0.270833 0.661719 0.271875 0.660937 0.292708 0.660937 0.293750 0.665625 0.300000 0.666406 0.301042 0.667188 0.308333 0.667969 0.309375 0.667188 0.318750 0.667188 0.319792 0.660937 0.322917 0.660156 0.323958 0.655469 0.322917 0.654687 0.322917 0.650000 0.318750 0.649219 0.317708 0.648438 0.311458 0.647656 0.310417 0.649219 0.305208 0.649219 0.304167 0.645312 0.298958 0.644531 0.298958 0.644531 0.296875 0.644531 0.295833 0.646875 0.292708 0.647656 0.291667 0.651563 0.275000 0.651563 0.273958 0.653125 0.270833 0.653125 0.269792 0.656250 0.266667
0 0.481250 0.160417 0.484375 0.160417 0.485156 0.160417 0.486719 0.162500 0.487500 0.163542 0.487500 0.171875 0.487500 0.172917 0.484375 0.179167 0.483594 0.180208 0.475781 0.181250 0.475000 0.181250 0.472656 0.178125 0.471875 0.177083 0.471875 0.173958 0.471875 0.172917 0.474219 0.167708 0.474219 0.166667 0.476562 0.163542 0.477344 0.162500 0.481250 0.160417
0 0.055469 0.526042 0.057813 0.527083 0.058594 0.527083 0.066406 0.536458 0.067187 0.537500 0.074219 0.542708 0.075000 0.543750 0.075781 0.554167 0.075781 0.555208 0.073438 0.561458 0.072656 0.562500 0.065625 0.563542 0.064844 0.563542 0.058594 0.559375 0.057813 0.558333 0.057813 0.556250 0.057813 0.555208 0.060937 0.548958 0.060937 0.547917 0.053906 0.533333 0.053125 0.532292 0.053125 0.530208 0.053125 0.529167 0.055469 0.526042
0 0.142969 0.451042 0.154688 0.451042 0.155469 0.451042 0.160156 0.455208 0.160938 0.456250 0.160156 0.466667 0.160156 0.467708 0.155469 0.475000 0.154688 0.476042 0.150000 0.476042 0.149219 0.476042 0.143750 0.468750 0.142969 0.467708 0.141406 0.461458 0.140625 0.460417 0.140625 0.455208 0.140625 0.454167 0.142969 0.451042
0 0.063281 0.433333 0.067969 0.435417 0.068750 0.436458 0.069531 0.442708 0.070312 0.443750 0.069531 0.446875 0.069531 0.447917 0.063281 0.453125 0.062500 0.453125 0.060937 0.452083 0.060156 0.452083 0.058594 0.443750 0.058594 0.442708 0.060156 0.436458 0.060156 0.435417 0.063281 0.433333
0 0.286719 0.408333 0.289844 0.409375 0.290625 0.409375 0.293750 0.413542 0.294531 0.414583 0.294531 0.422917 0.294531 0.423958 0.288281 0.426042 0.287500 0.427083 0.282813 0.425000 0.282031 0.425000 0.282031 0.415625 0.282031 0.414583 0.286719 0.408333
0 0.615625 0.533333 0.621094 0.533333 0.621875 0.533333 0.630469 0.542708 0.631250 0.543750 0.633594 0.544792 0.634375 0.545833 0.641406 0.546875 0.642188 0.546875 0.644531 0.548958 0.645312 0.548958 0.646094 0.564583 0.646094 0.565625 0.644531 0.568750 0.644531 0.569792 0.641406 0.571875 0.640625 0.572917 0.633594 0.572917 0.632812 0.573958 0.619531 0.572917 0.618750 0.572917 0.610156 0.557292 0.609375 0.556250 0.607031 0.545833 0.606250 0.544792 0.607031 0.539583 0.607812 0.538542 0.615625 0.533333
0 0.680469 0.554167 0.683594 0.554167 0.684375 0.554167 0.687500 0.558333 0.688281 0.559375 0.688281 0.576042 0.688281 0.577083 0.682813 0.582292 0.682031 0.583333 0.676562 0.582292 0.675781 0.581250 0.666406 0.581250 0.665625 0.581250 0.664844 0.575000 0.664844 0.573958 0.671875 0.568750 0.672656 0.568750 0.675781 0.564583 0.676562 0.563542 0.678125 0.558333 0.678125 0.557292 0.680469 0.554167
0 0.710938 0.638542 0.721875 0.639583 0.722656 0.639583 0.723437 0.641667 0.724219 0.642708 0.723437 0.650000 0.723437 0.651042 0.716406 0.654167 0.715625 0.654167 0.710156 0.644792 0.709375 0.643750 0.709375 0.640625 0.709375 0.639583 0.710938 0.638542
0 0.741406 0.768750 0.753125 0.771875 0.753906 0.771875 0.756250 0.776042 0.757031 0.777083 0.755469 0.784375 0.755469 0.785417 0.752344 0.789583 0.751563 0.790625 0.746875 0.792708 0.746094 0.792708 0.740625 0.797917 0.739844 0.798958 0.724219 0.796875 0.723437 0.796875 0.722656 0.795833 0.721875 0.794792 0.722656 0.789583 0.722656 0.788542 0.726562 0.784375 0.727344 0.783333 0.732031 0.781250 0.732812 0.781250 0.735938 0.773958 0.735938 0.772917 0.737500 0.770833 0.738281 0.769792 0.741406 0.768750
0 0.732812 0.840625 0.738281 0.841667 0.739062 0.841667 0.743750 0.845833 0.744531 0.845833 0.753906 0.857292 0.754687 0.858333 0.762500 0.860417 0.763281 0.861458 0.757031 0.864583 0.756250 0.865625 0.734375 0.864583 0.733594 0.864583 0.729688 0.855208 0.728906 0.854167 0.728906 0.846875 0.728906 0.845833 0.732812 0.840625
0 0.753906 0.270833 0.769531 0.270833 0.770312 0.270833 0.771875 0.271875 0.772656 0.271875 0.776563 0.278125 0.777344 0.279167 0.780469 0.291667 0.780469 0.292708 0.777344 0.295833 0.776563 0.296875 0.775000 0.308333 0.775000 0.309375 0.771875 0.314583 0.771094 0.315625 0.767188 0.315625 0.766406 0.315625 0.758594 0.312500 0.757812 0.311458 0.756250 0.303125 0.756250 0.302083 0.759375 0.288542 0.759375 0.287500 0.752344 0.281250 0.751563 0.280208 0.750781 0.273958 0.750781 0.272917 0.753906 0.270833
0 0.812500 0.396875 0.818750 0.396875 0.819531 0.396875 0.823438 0.398958 0.824219 0.398958 0.825781 0.401042 0.826562 0.402083 0.826562 0.404167 0.827344 0.405208 0.825781 0.411458 0.825781 0.412500 0.824219 0.413542 0.823438 0.414583 0.816406 0.414583 0.815625 0.414583 0.812500 0.411458 0.811719 0.411458 0.810156 0.407292 0.809375 0.406250 0.809375 0.403125 0.809375 0.402083 0.812500 0.396875
0 0.627344 0.593750 0.635938 0.594792 0.636719 0.595833 0.636719 0.602083 0.636719 0.603125 0.633594 0.610417 0.633594 0.611458 0.631250 0.612500 0.630469 0.613542 0.624219 0.612500 0.623437 0.612500 0.620313 0.608333 0.619531 0.607292 0.620313 0.603125 0.620313 0.602083 0.627344 0.593750
0 0.526563 0.438542 0.530469 0.439583 0.531250 0.439583 0.538281 0.447917 0.539062 0.448958 0.539844 0.453125 0.540625 0.454167 0.539062 0.462500 0.538281 0.463542 0.532031 0.463542 0.531250 0.463542 0.526563 0.460417 0.525781 0.459375 0.525000 0.455208 0.524219 0.454167 0.524219 0.443750 0.524219 0.442708 0.526563 0.438542
0 0.563281 0.585417 0.576562 0.586458 0.577344 0.586458 0.581250 0.590625 0.582031 0.591667 0.582031 0.595833 0.582031 0.596875 0.576562 0.602083 0.575781 0.603125 0.567969 0.604167 0.567187 0.604167 0.564844 0.602083 0.564063 0.602083 0.562500 0.598958 0.561719 0.597917 0.561719 0.590625 0.561719 0.589583 0.563281 0.585417
0 0.375000 0.206250 0.382031 0.207292 0.382812 0.208333 0.391406 0.206250 0.392188 0.206250 0.399219 0.211458 0.400000 0.211458 0.401562 0.215625 0.401562 0.216667 0.400000 0.217708 0.399219 0.218750 0.384375 0.217708 0.383594 0.217708 0.376563 0.222917 0.375781 0.223958 0.372656 0.223958 0.371875 0.223958 0.370312 0.222917 0.369531 0.221875 0.368750 0.215625 0.368750 0.214583 0.375000 0.206250
0 0.321875 0.039583 0.345313 0.041667 0.346094 0.041667 0.347656 0.043750 0.348438 0.044792 0.348438 0.050000 0.348438 0.051042 0.344531 0.057292 0.344531 0.058333 0.341406 0.060417 0.340625 0.061458 0.326562 0.061458 0.325781 0.061458 0.320312 0.053125 0.319531 0.052083 0.312500 0.047917 0.311719 0.046875 0.311719 0.044792 0.311719 0.043750 0.321875 0.039583
0 0.275000 0.067708 0.279687 0.068750 0.280469 0.068750 0.282031 0.073958 0.282031 0.075000 0.276562 0.088542 0.276562 0.089583 0.271875 0.093750 0.271094 0.093750 0.267188 0.090625 0.266406 0.089583 0.266406 0.084375 0.266406 0.083333 0.271875 0.071875 0.271875 0.070833 0.275000 0.067708
0 0.203125 0.504167 0.210156 0.504167 0.210938 0.504167 0.215625 0.510417 0.216406 0.511458 0.217188 0.517708 0.217188 0.518750 0.213281 0.528125 0.212500 0.529167 0.209375 0.528125 0.208594 0.528125 0.204687 0.521875 0.203906 0.520833 0.202344 0.512500 0.201563 0.511458 0.201563 0.507292 0.201563 0.506250 0.203125 0.504167
0 0.246875 0.518750 0.252344 0.518750 0.253125 0.518750 0.255469 0.520833 0.256250 0.521875 0.256250 0.532292 0.255469 0.533333 0.249219 0.534375 0.248438 0.534375 0.243750 0.532292 0.242969 0.532292 0.242969 0.526042 0.242969 0.525000 0.246875 0.518750
0 0.235937 0.552083 0.239063 0.552083 0.239844 0.552083 0.242188 0.554167 0.242969 0.555208 0.243750 0.561458 0.243750 0.562500 0.242188 0.566667 0.241406 0.567708 0.236719 0.568750 0.235937 0.568750 0.233594 0.566667 0.232813 0.565625 0.232813 0.559375 0.232813 0.558333 0.235937 0.552083
0 0.316406 0.521875 0.324219 0.522917 0.325000 0.522917 0.326562 0.531250 0.326562 0.532292 0.331250 0.537500 0.332031 0.537500 0.333594 0.541667 0.333594 0.542708 0.325781 0.544792 0.325000 0.544792 0.316406 0.542708 0.315625 0.542708 0.313281 0.540625 0.312500 0.540625 0.309375 0.535417 0.308594 0.534375 0.306250 0.526042 0.306250 0.525000 0.307031 0.523958 0.307031 0.522917 0.316406 0.521875
0 0.367969 0.586458 0.375781 0.588542 0.376563 0.588542 0.378906 0.591667 0.379688 0.592708 0.380469 0.598958 0.380469 0.600000 0.378906 0.603125 0.378125 0.604167 0.371875 0.606250 0.371094 0.606250 0.368750 0.605208 0.367969 0.605208 0.365625 0.602083 0.364844 0.601042 0.363281 0.591667 0.363281 0.590625 0.364063 0.588542 0.364844 0.587500 0.367969 0.586458
0 0.633594 0.252083 0.638281 0.252083 0.639062 0.252083 0.642969 0.255208 0.643750 0.255208 0.649219 0.261458 0.650000 0.262500 0.650781 0.265625 0.651563 0.266667 0.651563 0.271875 0.651563 0.272917 0.650000 0.277083 0.650000 0.278125 0.646875 0.283333 0.646094 0.284375 0.642969 0.286458 0.642969 0.287500 0.642188 0.287500 0.641406 0.287500 0.639844 0.284375 0.639062 0.283333 0.639062 0.275000 0.639062 0.273958 0.630469 0.265625 0.629687 0.264583 0.629687 0.257292 0.629687 0.256250 0.630469 0.254167 0.631250 0.253125 0.633594 0.252083
0 0.892969 0.787500 0.896094 0.787500 0.896875 0.787500 0.900000 0.791667 0.900781 0.792708 0.908594 0.798958 0.909375 0.798958 0.912500 0.804167 0.913281 0.805208 0.912500 0.814583 0.912500 0.815625 0.909375 0.821875 0.908594 0.822917 0.906250 0.823958 0.905469 0.825000 0.901563 0.823958 0.900781 0.823958 0.899219 0.819792 0.898438 0.818750 0.898438 0.813542 0.898438 0.812500 0.896094 0.810417 0.895312 0.809375 0.892969 0.809375 0.892188 0.808333 0.890625 0.802083 0.889844 0.801042 0.889844 0.794792 0.889844 0.793750 0.892969 0.787500
0 0.692187 0.505208 0.695312 0.505208 0.696094 0.505208 0.709375 0.515625 0.710156 0.516667 0.717969 0.537500 0.718750 0.538542 0.717969 0.543750 0.717187 0.544792 0.696875 0.545833 0.696094 0.545833 0.688281 0.542708 0.687500 0.542708 0.684375 0.539583 0.683594 0.538542 0.682813 0.531250 0.682031 0.530208 0.682031 0.517708 0.682031 0.516667 0.683594 0.513542 0.684375 0.512500 0.692187 0.505208
0 0.345313 0.272917 0.350000 0.275000 0.350781 0.275000 0.357031 0.281250 0.357812 0.282292 0.358594 0.293750 0.358594 0.294792 0.361719 0.303125 0.362500 0.304167 0.364063 0.313542 0.364844 0.314583 0.360938 0.320833 0.360156 0.321875 0.357812 0.322917 0.357031 0.323958 0.354687 0.323958 0.353906 0.323958 0.350781 0.320833 0.350000 0.319792 0.349219 0.314583 0.348438 0.313542 0.348438 0.303125 0.348438 0.302083 0.338281 0.294792 0.337500 0.294792 0.335156 0.290625 0.334375 0.289583 0.335156 0.284375 0.335156 0.283333 0.340625 0.276042 0.341406 0.275000 0.345313 0.272917
0 0.528906 0.560417 0.533594 0.560417 0.534375 0.560417 0.537500 0.563542 0.538281 0.564583 0.539062 0.567708 0.539844 0.568750 0.539062 0.579167 0.538281 0.580208 0.534375 0.580208 0.533594 0.580208 0.531250 0.577083 0.530469 0.576042 0.528906 0.567708 0.528125 0.566667 0.528906 0.560417
0 0.473438 0.429167 0.480469 0.430208 0.481250 0.430208 0.485156 0.436458 0.485938 0.437500 0.486719 0.443750 0.486719 0.444792 0.483594 0.445833 0.482812 0.446875 0.470313 0.446875 0.469531 0.446875 0.466406 0.444792 0.465625 0.444792 0.463281 0.440625 0.462500 0.439583 0.463281 0.435417 0.463281 0.434375 0.465625 0.432292 0.466406 0.431250 0.473438 0.429167
0 0.444531 0.422917 0.451562 0.423958 0.452344 0.423958 0.453906 0.427083 0.454688 0.428125 0.454688 0.433333 0.454688 0.434375 0.449219 0.445833 0.448437 0.446875 0.439063 0.447917 0.438281 0.447917 0.434375 0.444792 0.433594 0.443750 0.433594 0.434375 0.433594 0.433333 0.444531 0.422917
0 0.210938 0.386458 0.215625 0.387500 0.216406 0.387500 0.221094 0.395833 0.221875 0.396875 0.230469 0.403125 0.231250 0.404167 0.232031 0.413542 0.232031 0.414583 0.228906 0.420833 0.228125 0.421875 0.223438 0.422917 0.222656 0.422917 0.219531 0.420833 0.218750 0.420833 0.205469 0.405208 0.204687 0.404167 0.201563 0.393750 0.201563 0.392708 0.210938 0.386458
0 0.513281 0.456250 0.524219 0.457292 0.525000 0.458333 0.528906 0.467708 0.529687 0.468750 0.530469 0.473958 0.531250 0.475000 0.530469 0.478125 0.530469 0.479167 0.528906 0.480208 0.528125 0.481250 0.519531 0.479167 0.518750 0.479167 0.512500 0.470833 0.511719 0.469792 0.506250 0.469792 0.505469 0.469792 0.494531 0.481250 0.493750 0.482292 0.489063 0.483333 0.488281 0.483333 0.487500 0.484375 0.486719 0.485417 0.485938 0.491667 0.485938 0.492708 0.484375 0.493750 0.483594 0.494792 0.480469 0.494792 0.479687 0.494792 0.467969 0.484375 0.467187 0.483333 0.460156 0.480208 0.459375 0.479167 0.459375 0.476042 0.460156 0.475000 0.465625 0.472917 0.466406 0.471875 0.513281 0.456250
0 0.718750 0.596875 0.724219 0.596875 0.725000 0.596875 0.728906 0.604167 0.729688 0.605208 0.733594 0.607292 0.734375 0.607292 0.736719 0.610417 0.737500 0.611458 0.736719 0.614583 0.736719 0.615625 0.730469 0.616667 0.729688 0.616667 0.724219 0.620833 0.723437 0.621875 0.718750 0.621875 0.717969 0.621875 0.712500 0.618750 0.711719 0.618750 0.706250 0.611458 0.706250 0.610417 0.707812 0.607292 0.708594 0.606250 0.718750 0.596875
0 0.937500 0.852083 0.942187 0.852083 0.942969 0.852083 0.943750 0.856250 0.943750 0.857292 0.940625 0.863542 0.940625 0.864583 0.932813 0.865625 0.932031 0.865625 0.931250 0.863542 0.930469 0.862500 0.931250 0.857292 0.931250 0.856250 0.937500 0.852083
0 0.782031 0.828125 0.783594 0.828125 0.784375 0.828125 0.787500 0.831250 0.788281 0.832292 0.788281 0.840625 0.787500 0.841667 0.783594 0.841667 0.782813 0.841667 0.782031 0.838542 0.781250 0.837500 0.782031 0.828125
0 0.732031 0.557292 0.735156 0.557292 0.735938 0.557292 0.739062 0.559375 0.739844 0.559375 0.742188 0.562500 0.742969 0.563542 0.742969 0.567708 0.742969 0.568750 0.739062 0.570833 0.738281 0.571875 0.730469 0.572917 0.729688 0.573958 0.725781 0.572917 0.725000 0.572917 0.724219 0.571875 0.723437 0.570833 0.723437 0.567708 0.722656 0.566667 0.723437 0.563542 0.723437 0.562500 0.732031 0.557292
0 0.649219 0.567708 0.654687 0.568750 0.655469 0.568750 0.658594 0.572917 0.659375 0.573958 0.661719 0.580208 0.661719 0.581250 0.664844 0.584375 0.665625 0.585417 0.663281 0.594792 0.663281 0.595833 0.658594 0.601042 0.658594 0.602083 0.652344 0.597917 0.651563 0.597917 0.650000 0.593750 0.649219 0.592708 0.647656 0.579167 0.646875 0.578125 0.646875 0.572917 0.646875 0.571875 0.649219 0.567708
0 0.828125 0.554167 0.834375 0.554167 0.835156 0.554167 0.842969 0.559375 0.843750 0.560417 0.843750 0.564583 0.843750 0.565625 0.840625 0.573958 0.840625 0.575000 0.835156 0.582292 0.834375 0.583333 0.828906 0.581250 0.828125 0.581250 0.825000 0.576042 0.824219 0.575000 0.823438 0.564583 0.823438 0.563542 0.824219 0.560417 0.824219 0.559375 0.828125 0.554167
0 0.848437 0.590625 0.853906 0.592708 0.854688 0.592708 0.862500 0.602083 0.863281 0.603125 0.862500 0.627083 0.862500 0.628125 0.860156 0.632292 0.859375 0.633333 0.856250 0.633333 0.855469 0.633333 0.852344 0.630208 0.851562 0.629167 0.852344 0.619792 0.852344 0.618750 0.849219 0.606250 0.848437 0.605208 0.848437 0.590625
0 0.532031 0.187500 0.535937 0.188542 0.536719 0.188542 0.540625 0.192708 0.541406 0.193750 0.541406 0.196875 0.541406 0.197917 0.536719 0.208333 0.535937 0.209375 0.529687 0.209375 0.528906 0.209375 0.528125 0.207292 0.527344 0.206250 0.527344 0.194792 0.527344 0.193750 0.528906 0.190625 0.528906 0.189583 0.532031 0.187500
0 0.485938 0.216667 0.493750 0.220833 0.494531 0.221875 0.492969 0.228125 0.492969 0.229167 0.496875 0.243750 0.497656 0.244792 0.497656 0.250000 0.497656 0.251042 0.494531 0.258333 0.493750 0.259375 0.482031 0.259375 0.481250 0.258333 0.482812 0.234375 0.483594 0.233333 0.482812 0.221875 0.482812 0.220833 0.485938 0.216667
0 0.468750 0.278125 0.475781 0.279167 0.476562 0.279167 0.486719 0.288542 0.487500 0.288542 0.488281 0.292708 0.488281 0.293750 0.486719 0.296875 0.486719 0.297917 0.483594 0.301042 0.482812 0.302083 0.475781 0.301042 0.475000 0.301042 0.471875 0.297917 0.471094 0.297917 0.467187 0.290625 0.466406 0.289583 0.466406 0.283333 0.466406 0.282292 0.468750 0.278125
0 0.686719 0.086458 0.688281 0.086458 0.689063 0.086458 0.692187 0.089583 0.692969 0.090625 0.703125 0.095833 0.703906 0.095833 0.696875 0.100000 0.696094 0.101042 0.698438 0.107292 0.699219 0.108333 0.698438 0.112500 0.698438 0.113542 0.696094 0.115625 0.695312 0.116667 0.687500 0.117708 0.686719 0.118750 0.677344 0.117708 0.676562 0.117708 0.671094 0.114583 0.670312 0.114583 0.667969 0.110417 0.667969 0.109375 0.674219 0.106250 0.675000 0.105208 0.675781 0.102083 0.676562 0.101042 0.676562 0.091667 0.676562 0.090625 0.686719 0.086458
0 0.757812 0.240625 0.759375 0.240625 0.760156 0.240625 0.762500 0.243750 0.763281 0.244792 0.763281 0.259375 0.762500 0.260417 0.757812 0.259375 0.757031 0.259375 0.753906 0.253125 0.753125 0.252083 0.753906 0.244792 0.753906 0.243750 0.757812 0.240625
0 0.752344 0.172917 0.758594 0.172917 0.759375 0.172917 0.760938 0.175000 0.761719 0.175000 0.762500 0.181250 0.762500 0.182292 0.759375 0.184375 0.758594 0.184375 0.753906 0.181250 0.753125 0.181250 0.751563 0.179167 0.750781 0.178125 0.750781 0.176042 0.750000 0.175000 0.752344 0.172917
0 0.888281 0.516667 0.897656 0.517708 0.898438 0.517708 0.900781 0.521875 0.900781 0.522917 0.896875 0.527083 0.896094 0.528125 0.892188 0.529167 0.891406 0.529167 0.887500 0.523958 0.886719 0.522917 0.886719 0.518750 0.886719 0.517708 0.888281 0.516667
0 0.947656 0.486458 0.956250 0.488542 0.957031 0.489583 0.964063 0.489583 0.964844 0.489583 0.965625 0.490625 0.966406 0.490625 0.969531 0.501042 0.970313 0.502083 0.964063 0.508333 0.963281 0.509375 0.957031 0.509375 0.956250 0.509375 0.950781 0.506250 0.950000 0.505208 0.947656 0.495833 0.946875 0.494792 0.944531 0.494792 0.943750 0.494792 0.941406 0.498958 0.940625 0.500000 0.930469 0.496875 0.929688 0.496875 0.931250 0.492708 0.932031 0.491667 0.942969 0.490625 0.943750 0.490625 0.947656 0.486458
0 0.317969 0.083333 0.338281 0.092708 0.339062 0.092708 0.340625 0.095833 0.341406 0.096875 0.341406 0.108333 0.341406 0.109375 0.340625 0.110417 0.339844 0.111458 0.333594 0.110417 0.332813 0.110417 0.325000 0.105208 0.324219 0.105208 0.314844 0.095833 0.314063 0.095833 0.312500 0.090625 0.312500 0.089583 0.314844 0.085417 0.315625 0.084375 0.317969 0.083333
0 0.364844 0.093750 0.369531 0.093750 0.370312 0.093750 0.380469 0.104167 0.381250 0.105208 0.380469 0.119792 0.381250 0.120833 0.377344 0.126042 0.376563 0.127083 0.367188 0.126042 0.366406 0.126042 0.361719 0.120833 0.360938 0.119792 0.355469 0.116667 0.354687 0.116667 0.360156 0.107292 0.360938 0.106250 0.362500 0.096875 0.362500 0.095833 0.364844 0.093750
0 0.200000 0.254167 0.204687 0.259375 0.205469 0.260417 0.207031 0.267708 0.207031 0.268750 0.203125 0.276042 0.202344 0.277083 0.198437 0.278125 0.197656 0.278125 0.192969 0.272917 0.192188 0.271875 0.191406 0.266667 0.191406 0.265625 0.196094 0.258333 0.196094 0.257292 0.200000 0.254167
0 0.093750 0.000000 0.118750 0.000000 0.119531 0.000000 0.119531 0.006250 0.119531 0.007292 0.122656 0.011458 0.123438 0.012500 0.124219 0.018750 0.124219 0.019792 0.128125 0.022917 0.128125 0.023958 0.126562 0.026042 0.125781 0.027083 0.123438 0.027083 0.122656 0.027083 0.120313 0.025000 0.119531 0.023958 0.110156 0.026042 0.109375 0.026042 0.107813 0.025000 0.107031 0.023958 0.100000 0.023958 0.099219 0.023958 0.096094 0.020833 0.095312 0.019792 0.089063 0.016667 0.088281 0.016667 0.092188 0.011458 0.092969 0.010417 0.093750 0.000000
0 0.694531 0.610417 0.697656 0.610417 0.698438 0.610417 0.703906 0.614583 0.704688 0.614583 0.710156 0.620833 0.710156 0.621875 0.708594 0.623958 0.707812 0.625000 0.704688 0.626042 0.703906 0.627083 0.699219 0.627083 0.698438 0.627083 0.692969 0.622917 0.692187 0.622917 0.691406 0.619792 0.691406 0.618750 0.694531 0.610417
0 0.660937 0.636458 0.667188 0.637500 0.667969 0.637500 0.671875 0.641667 0.672656 0.642708 0.673438 0.650000 0.674219 0.651042 0.673438 0.655208 0.672656 0.656250 0.668750 0.655208 0.667969 0.655208 0.657031 0.644792 0.656250 0.643750 0.657031 0.640625 0.657031 0.639583 0.660937 0.636458
0 0.645312 0.662500 0.649219 0.663542 0.650000 0.663542 0.651563 0.666667 0.652344 0.667708 0.650000 0.677083 0.649219 0.678125 0.642969 0.681250 0.642188 0.682292 0.639062 0.681250 0.638281 0.680208 0.628906 0.680208 0.628125 0.679167 0.626563 0.675000 0.626563 0.673958 0.630469 0.665625 0.631250 0.664583 0.645312 0.662500
0 0.555469 0.651042 0.560156 0.652083 0.560937 0.652083 0.563281 0.656250 0.564063 0.657292 0.566406 0.671875 0.567187 0.672917 0.567187 0.679167 0.567187 0.680208 0.565625 0.681250 0.564844 0.682292 0.557031 0.681250 0.556250 0.681250 0.554688 0.679167 0.553906 0.679167 0.548438 0.667708 0.547656 0.666667 0.547656 0.658333 0.547656 0.657292 0.555469 0.651042
0 0.692187 0.562500 0.695312 0.562500 0.696094 0.562500 0.698438 0.564583 0.699219 0.565625 0.701562 0.578125 0.702344 0.579167 0.702344 0.582292 0.702344 0.583333 0.700781 0.585417 0.700000 0.586458 0.696094 0.586458 0.695312 0.586458 0.689844 0.580208 0.689063 0.579167 0.689063 0.569792 0.689063 0.568750 0.690625 0.564583 0.690625 0.563542 0.692187 0.562500
0 0.360156 0.572917 0.367969 0.573958 0.368750 0.573958 0.369531 0.578125 0.369531 0.579167 0.362500 0.588542 0.361719 0.589583 0.353125 0.588542 0.352344 0.588542 0.351562 0.587500 0.350781 0.586458 0.350781 0.581250 0.350781 0.580208 0.352344 0.578125 0.353125 0.577083 0.360156 0.572917
0 0.417969 0.604167 0.420312 0.604167 0.421094 0.604167 0.424219 0.607292 0.425000 0.608333 0.425781 0.612500 0.425781 0.613542 0.423438 0.617708 0.422656 0.618750 0.420312 0.619792 0.419531 0.620833 0.413281 0.620833 0.412500 0.621875 0.403906 0.618750 0.403125 0.617708 0.403906 0.610417 0.404687 0.609375 0.417969 0.604167
0 0.398438 0.464583 0.402344 0.465625 0.403125 0.466667 0.403125 0.471875 0.403125 0.472917 0.399219 0.481250 0.398438 0.482292 0.398438 0.486458 0.397656 0.487500 0.391406 0.487500 0.390625 0.487500 0.388281 0.483333 0.387500 0.482292 0.386719 0.475000 0.386719 0.473958 0.389062 0.468750 0.389844 0.467708 0.398438 0.464583
0 0.360156 0.437500 0.363281 0.437500 0.364063 0.437500 0.370312 0.441667 0.371094 0.442708 0.371094 0.447917 0.371094 0.448958 0.367188 0.456250 0.366406 0.457292 0.364063 0.457292 0.363281 0.457292 0.358594 0.453125 0.357812 0.452083 0.358594 0.441667 0.358594 0.440625 0.360156 0.437500
0 0.889844 0.312500 0.895312 0.313542 0.896094 0.313542 0.900000 0.318750 0.900000 0.319792 0.892969 0.327083 0.892188 0.327083 0.885938 0.321875 0.885156 0.320833 0.885156 0.316667 0.885156 0.315625 0.889844 0.312500
0 0.177344 0.038542 0.184375 0.038542 0.185156 0.038542 0.190625 0.040625 0.191406 0.040625 0.193750 0.043750 0.194531 0.044792 0.195312 0.048958 0.196094 0.050000 0.193750 0.066667 0.193750 0.067708 0.196875 0.078125 0.196875 0.079167 0.187500 0.092708 0.186719 0.093750 0.182031 0.096875 0.181250 0.097917 0.176563 0.109375 0.176563 0.110417 0.169531 0.115625 0.168750 0.115625 0.169531 0.107292 0.169531 0.106250 0.165625 0.102083 0.164844 0.101042 0.164062 0.091667 0.164062 0.090625 0.165625 0.087500 0.165625 0.086458 0.173437 0.077083 0.174219 0.076042 0.178906 0.073958 0.179688 0.073958 0.181250 0.070833 0.182031 0.069792 0.180469 0.064583 0.180469 0.063542 0.175000 0.057292 0.174219 0.056250 0.171875 0.051042 0.171094 0.050000 0.171094 0.045833 0.171094 0.044792 0.177344 0.038542
0 0.914562 0.326308 0.915029 0.341896 0.914562 0.342519 0.903339 0.343143 0.903339 0.334414 0.904742 0.330049 0.907080 0.326932 0.908483 0.326308 0.909418 0.324438 0.910821 0.323814
0 0.993122 0.396763 0.990316 0.393022 0.989848 0.389281 0.988446 0.386787 0.988446 0.384917 0.989848 0.382423 0.991251 0.382423 0.999201 0.376188 0.997798 0.379929 0.997798 0.378682 1.000000 0.377435 1.000000 0.396763 0.998733 0.398010 0.998733 0.399257 0.996395 0.399257
0 0.502344 0.000000 0.557813 0.000000 0.558594 0.000000 0.558594 0.006250 0.558594 0.007292 0.551562 0.014583 0.550781 0.015625 0.549219 0.028125 0.549219 0.029167 0.548438 0.030208 0.547656 0.031250 0.540625 0.032292 0.539844 0.032292 0.533594 0.027083 0.532813 0.026042 0.522656 0.020833 0.521875 0.019792 0.518750 0.019792 0.517969 0.019792 0.514844 0.023958 0.514062 0.025000 0.510156 0.026042 0.509375 0.026042 0.504687 0.017708 0.503906 0.016667 0.502344 0.000000
0 0.994525 0.348131 0.990784 0.340649 0.990316 0.338155 0.990316 0.333790 0.993589 0.323191 0.993589 0.318827 0.992654 0.318827 0.991719 0.316956 0.988446 0.315086 0.986107 0.311968 0.985640 0.309474 0.985640 0.305733 0.988446 0.303239 0.992186 0.303239 0.994057 0.305110 0.996863 0.315709 0.996863 0.321944 0.998733 0.327555 0.998733 0.332543 0.999668 0.333790 0.999668 0.343766 0.998266 0.346260
0 0.793610 0.857617 0.789349 0.855092 0.786036 0.854461 0.784616 0.852567 0.784616 0.851305 0.786036 0.849411 0.793610 0.848780 0.794556 0.850674 0.794556 0.852567
0 0.202751 0.695666 0.198542 0.690055 0.198074 0.683820 0.199010 0.680702 0.199477 0.680702 0.199477 0.676962 0.199010 0.676962 0.198542 0.672597 0.198542 0.663245 0.201348 0.663245 0.206024 0.667609 0.208830 0.671350 0.210233 0.671974 0.212103 0.675091 0.212103 0.685690 0.210233 0.689431 0.209765 0.693172 0.206492 0.693796
0 0.574219 0.117708 0.579688 0.117708 0.580469 0.117708 0.592969 0.126042 0.593750 0.127083 0.594531 0.137500 0.594531 0.138542 0.591406 0.146875 0.591406 0.147917 0.589063 0.147917 0.588281 0.148958 0.584375 0.146875 0.583594 0.146875 0.576562 0.138542 0.575781 0.137500 0.574219 0.131250 0.573438 0.130208 0.574219 0.117708
